11 1000
0 15219 1 1 1 2 9 13003
1 15227 1 1 1 8 10 238
2 19859 2 2 1 3 1 590 8 1 118
3 22482 2 2 2 2 7 79 7 10 44
4 31703 2 2 1 2 3 13 8 3 13
5 79548 11 1 11 5 0 52 5 1 132 5 2 78 5 3 74 5 4 34 5 5 95 5 6 236 5 7 41 5 8 170 5 9 441 5 10 232
6 130364 16 8 3 0 2 452 1 2 9040 3 2 452 5 2 452 10 2 1356 0 3 695 4 3 13902 5 3 1390 7 3 695 9 3 1390 10 3 695 1 9 25 3 9 8 4 9 8 7 9 8 9 9 8
7 160487 6 6 2 1 2 5461 2 2 5461 3 2 10922 7 2 5461 5 8 74 9 8 74
8 165772 4 1 4 7 0 226 7 2 96 7 4 566 7 9 166
9 169197 1 1 1 1 7 5835
10 174301 3 3 2 3 1 8976 5 1 8976 8 2 61
11 262009 21 7 6 5 0 250 3 1 10 6 1 42 7 1 10 10 1 42 5 2 45 7 2 45 3 3 17 4 3 17 5 3 30 6 3 17 8 3 17 10 3 4 4 7 5686 6 7 1895 7 7 3790 8 7 5686 10 7 1895 3 8 21 4 8 10 8 8 63
12 263259 2 2 1 3 10 37 5 10 75
13 267235 3 3 1 2 4 2 7 4 2 9 4 8
14 267859 1 1 1 5 10 1033
15 551660 66 11 11 0 0 627 1 0 1569 3 0 627 4 0 313 6 0 941 9 0 1255 10 0 627 0 1 67 3 1 6 4 1 6 6 1 24 7 1 6 8 1 6 0 2 5 3 2 5 4 2 5 5 2 5 6 2 5 7 2 15 8 2 46 10 2 31 0 3 2009 4 3 502 5 3 502 6 3 1507 8 3 502 9 3 502 10 3 502 3 4 80 4 4 1 5 4 1 8 4 1 10 4 1 2 5 6 7 5 6 9 5 6 10 5 6 1 6 22 2 6 22 3 6 22 5 6 22 9 6 88 1 7 56 2 7 21 3 7 4 5 7 2 8 7 9 9 7 2 1 8 3 2 8 3 4 8 50 5 8 3 6 8 7 7 8 11 8 8 3 10 8 3 0 9 3011 1 9 2151 2 9 430 7 9 430 0 10 9 1 10 15 2 10 3 6 10 15 7 10 3 9 10 3
16 561314 1 1 1 1 8 89
17 568182 1 1 1 8 2 101
18 568778 1 1 1 2 2 45
19 569019 1 1 1 0 1 8995
20 570631 2 1 2 4 1 3821 4 8 122
21 570905 1 1 1 7 4 246
22 579469 1 1 1 1 5 92
23 580502 2 2 1 3 7 908 4 7 1362
24 586095 1 1 1 9 8 7084
25 589583 1 1 1 0 2 103
26 589913 1 1 1 6 3 26
27 600824 1 1 1 0 6 73
28 706061 22 11 5 0 0 5 2 0 5 4 0 29 8 0 11 5 1 1694 6 1 4517 8 1 564 9 1 2258 10 1 564 1 2 464 3 2 464 7 2 232 9 2 1161 2 3 4152 4 3 4152 6 3 4152 10 3 12456 0 7 103 1 7 13 3 7 6 5 7 6 7 7 27
29 708542 1 1 1 1 10 2356
30 714489 1 1 1 9 6 45
31 779402 12 4 5 1 0 948 5 0 2846 8 0 948 1 2 6565 1 5 82 5 5 41 6 5 20 6 6 11847 8 6 2369 5 7 11089 6 7 528 8 7 528
32 792554 1 1 1 1 9 458
33 919345 22 2 11 1 0 13 7 0 82 1 1 1 7 1 1 1 2 1915 7 2 7663 1 3 9 7 3 171 1 4 24770 7 4 24770 1 5 18 7 5 36 1 6 22 7 6 67 1 7 37 7 7 37 1 8 690 7 8 138 1 9 6 7 9 2 1 10 1 7 10 1
34 928111 1 1 1 8 1 84
35 928863 2 2 2 0 0 15 6 5 161
36 929143 1 1 1 6 9 23
37 935765 1 1 1 4 9 73
38 942964 1 1 1 10 8 21
39 955516 2 2 1 1 2 15 2 2 170
40 963641 1 1 1 7 7 100
41 970550 1 1 1 7 1 37
42 1006128 5 5 1 0 5 6 1 5 1 6 5 1 8 5 103 10 5 1
43 1018362 2 2 1 6 0 42 8 0 21
44 1019789 1 1 1 8 5 55
45 1021005 1 1 1 4 5 186
46 1054261 6 6 1 0 3 17 2 3 51 5 3 34 7 3 17 8 3 34 9 3 17
47 1058060 1 1 1 5 1 40
48 1072182 3 3 1 0 2 2206 3 2 8827 7 2 6620
49 1072401 1 1 1 4 10 23
50 1073304 1 1 1 10 0 1342
51 1113249 10 10 1 0 3 66 1 3 332 2 3 66 3 3 332 5 3 66 6 3 133 7 3 133 8 3 199 9 3 66 10 3 133
52 1113785 1 1 1 10 10 107
53 1125934 4 4 1 0 2 10 3 2 10 4 2 10 5 2 130
54 1133022 1 1 1 4 7 20
55 1146537 1 1 1 6 2 78
56 1154742 1 1 1 0 4 89
57 1156901 2 2 1 3 0 2972 5 0 5944
58 1182552 4 4 2 9 4 300 2 10 235 5 10 235 8 10 235
59 1192553 1 1 1 0 0 78
60 1416243 55 5 11 0 0 1 1 0 1 2 0 3 3 0 9 7 0 7 0 1 688 1 1 688 2 1 688 3 1 6193 7 1 688 0 2 22641 1 2 145 2 2 145 3 2 145 7 2 435 0 3 1751 1 3 875 2 3 437 3 3 1751 7 3 437 0 4 1 1 4 21 2 4 1 3 4 3 7 4 1 0 5 1 1 5 1 2 5 2 3 5 1 7 5 1 0 6 9 1 6 9 2 6 19 3 6 9 7 6 9 0 7 20 1 7 20 2 7 20 3 7 20 7 7 10 0 8 28 1 8 28 2 8 85 3 8 57 7 8 28 0 9 1 1 9 4 2 9 1 3 9 11 7 9 1 0 10 7 1 10 3 2 10 3 3 10 3 7 10 7
61 1456356 8 4 3 9 5 13 10 5 1 0 7 781 7 7 781 9 7 781 0 10 4151 7 10 2075 10 10 2075
62 2029873 121 11 11 0 0 24 1 0 12 2 0 37 3 0 74 4 0 37 5 0 12 6 0 49 7 0 24 8 0 24 9 0 12 10 0 24 0 1 18 1 1 7 2 1 10 3 1 7 4 1 21 5 1 3 6 1 3 7 1 3 8 1 3 9 1 10 10 1 3 0 2 7667 1 2 15335 2 2 7667 3 2 7667 4 2 7667 5 2 7667 6 2 15335 7 2 7667 8 2 7667 9 2 7667 10 2 7667 0 3 9 1 3 4 2 3 4 3 3 4 4 3 4 5 3 9 6 3 14 7 3 72 8 3 14 9 3 4 10 3 9 0 4 4 1 4 4 2 4 4 3 4 13 4 4 4 5 4 4 6 4 9 7 4 9 8 4 4 9 4 9 10 4 4 0 5 7 1 5 28 2 5 972 3 5 162 4 5 7 5 5 7 6 5 7 7 5 21 8 5 7 9 5 7 10 5 7 0 6 1048 1 6 104 2 6 314 3 6 104 4 6 104 5 6 104 6 6 1573 7 6 209 8 6 104 9 6 104 10 6 104 0 7 5848 1 7 17545 2 7 2924 3 7 5848 4 7 2924 5 7 2924 6 7 2924 7 7 2924 8 7 2924 9 7 8772 10 7 2924 0 8 8 1 8 2 2 8 2 3 8 2 4 8 2 5 8 8 6 8 2 7 8 2 8 8 8 9 8 5 10 8 2 0 9 4 1 9 4 2 9 4 3 9 4 4 9 9 5 9 4 6 9 4 7 9 4 8 9 23 9 9 4 10 9 4 0 10 1 1 10 1 2 10 1 3 10 1 4 10 2 5 10 1 6 10 1 7 10 1 8 10 1 9 10 1 10 10 46
63 2061252 11 11 1 0 7 10 1 7 10 2 7 32 3 7 10 4 7 10 5 7 21 6 7 10 7 7 32 8 7 10 9 7 10 10 7 10
64 2064043 1 1 1 10 4 193
65 2064270 1 1 1 7 0 158
66 2066924 1 1 1 6 3 3881
67 2067332 1 1 1 9 7 36
68 2307345 55 11 10 1 0 14477 2 0 851 4 0 851 5 0 851 7 0 1703 10 0 851 0 1 2 1 1 2 2 1 27 7 1 2 10 1 7 1 2 78 3 2 39 4 3 12 5 3 36 6 3 12 8 3 12 9 3 12 2 4 670 3 4 670 5 4 670 7 4 2012 8 4 1341 10 4 670 1 5 244 3 5 1223 5 5 489 8 5 244 9 5 978 10 5 489 0 6 2312 2 6 1156 3 6 2312 6 6 1156 8 6 4625 9 6 1156 0 7 13 4 7 52 5 7 13 6 7 13 9 7 52 0 8 24 2 8 12 3 8 12 4 8 12 6 8 12 7 8 12 9 8 12 10 8 12 0 9 687 1 9 1374 4 9 687 6 9 687 7 9 687 8 9 687
69 2339233 11 1 11 10 0 98 10 1 9389 10 2 9043 10 3 103 10 4 57 10 5 45 10 6 73 10 7 54 10 8 2031 10 9 31 10 10 76
70 2648040 66 11 11 1 0 1700 2 0 566 3 0 566 4 0 1133 7 0 1700 8 0 1700 0 1 45 1 1 45 3 1 45 6 1 45 10 1 45 0 2 1 2 2 1 4 2 1 5 2 60 6 2 1 7 2 1 8 2 1 9 2 1 10 2 1 4 3 14 5 3 1 6 3 1 9 3 1 10 3 1 0 4 610 2 4 174 5 4 348 10 4 87 1 5 526 3 5 131 4 5 131 6 5 131 7 5 131 9 5 131 10 5 131 2 6 25 3 6 12 4 6 37 5 6 12 7 6 12 8 6 187 10 6 75 0 7 666 1 7 666 6 7 1333 8 7 666 9 7 666 0 8 10 3 8 21 8 8 10 9 8 10 1 9 3 2 9 1 3 9 1 5 9 1 7 9 1 9 9 1 0 10 1 1 10 1 2 10 1 4 10 1 5 10 1 6 10 1 7 10 1 8 10 61
71 2655724 1 1 1 6 3 118
72 2659256 1 1 1 3 1 8506
73 2674931 1 1 1 10 0 9
74 2680177 1 1 1 2 6 4002
75 2680874 1 1 1 1 7 46
76 2688744 1 1 1 6 1 119
77 2714382 11 1 11 0 0 5767 0 1 6090 0 2 603 0 3 22 0 4 46 0 5 89 0 6 251 0 7 158 0 8 90 0 9 465 0 10 58
78 2714858 1 1 1 2 3 72
79 2763683 10 10 1 1 5 9 2 5 4 3 5 51 4 5 4 5 5 18 6 5 4 7 5 4 8 5 9 9 5 4 10 5 4
80 2773111 2 2 1 4 9 2 6 9 5
81 2781387 1 1 1 0 6 715
82 2781636 1 1 1 9 6 152
83 2783761 1 1 1 3 2 82
84 2789725 1 1 1 1 1 19478
85 2826119 11 11 2 1 5 1 3 5 3 6 5 1 7 5 1 8 5 1 10 5 1 0 7 19 2 7 2 4 7 2 5 7 2 9 7 9
86 2871784 11 1 11 0 0 52 0 1 7 0 2 169 0 3 451 0 4 22 0 5 144 0 6 341 0 7 51 0 8 60 0 9 1534 0 10 265
87 2877029 1 1 1 10 9 79
88 2908511 6 2 4 2 4 109 7 6 69 2 7 4 7 7 28 2 9 1014 7 9 338
89 2910202 1 1 1 7 7 209
90 3209587 66 11 11 0 0 59 2 0 14 3 0 14 4 0 44 5 0 14 7 0 14 8 0 29 9 0 14 3 1 3 4 1 6 8 1 6 9 1 3 0 2 44 1 2 44 3 2 89 6 2 44 7 2 44 8 2 134 9 2 89 10 2 179 3 3 15 4 3 30 6 3 7 0 4 195 2 4 13 3 4 13 5 4 13 7 4 13 8 4 1379 10 4 39 0 5 1807 1 5 1807 4 5 3615 5 5 3615 6 5 3615 10 5 1807 2 6 2 3 6 1 5 6 2 6 6 27 7 6 1 10 6 12 1 7 1 2 7 1 5 7 3 7 7 3 8 7 1 9 7 1 10 7 5 0 8 30 1 8 10 2 8 20 6 8 10 8 8 10 10 8 10 0 9 7 1 9 14 2 9 29 4 9 14 6 9 7 9 9 14 1 10 887 4 10 443 5 10 443 7 10 443 9 10 1775
91 3220923 5 5 1 1 10 284 2 10 71 3 10 142 6 10 142 10 10 71
92 3221287 1 1 1 9 0 113
93 3229834 1 1 1 1 3 223
94 3356304 22 2 11 2 0 3158 10 0 9474 2 1 11 10 1 35 2 2 19 10 2 77 2 3 14 10 3 28 2 4 66 10 4 11 2 5 49 10 5 98 2 6 100 10 6 50 2 7 14 10 7 14 2 8 15238 10 8 7619 2 9 12 10 9 24 2 10 45 10 10 15
95 3363074 2 2 1 4 8 64 7 8 38
96 3371360 1 1 1 6 10 48
97 3374253 1 1 1 8 9 9
98 3376745 1 1 1 9 4 301
99 3437113 5 5 1 1 3 1 2 3 1 5 3 1 9 3 1 10 3 1
100 3451113 2 2 1 0 5 109 3 5 109
101 3454209 1 1 1 6 10 33
102 3467886 1 1 1 2 7 114
103 3509063 6 3 3 10 1 45 8 4 25 9 4 25 8 6 145 9 6 145 10 6 145
104 3527492 1 1 1 0 1 8978
105 3572818 11 1 11 7 0 1014 7 1 2 7 2 76 7 3 4116 7 4 19 7 5 19571 7 6 4685 7 7 2142 7 8 91 7 9 108 7 10 167
106 3578093 1 1 1 4 3 3833
107 3579090 1 1 1 5 8 334
108 3629652 11 1 11 1 0 29 1 1 15541 1 2 3172 1 3 334 1 4 215 1 5 9606 1 6 9 1 7 108 1 8 6 1 9 13094 1 10 39011
109 3676853 10 5 4 7 1 106 5 5 26 8 5 26 1 6 267 5 6 267 7 6 534 10 6 1068 1 10 5777 8 10 1925 10 10 1925
110 3678105 1 1 1 2 1 1
111 3770747 22 11 5 0 3 46 4 3 9 7 3 9 10 3 9 3 4 1112 8 4 1112 9 4 1112 2 7 60 5 7 20 8 7 20 1 8 392 6 8 157 7 8 78 10 8 78 0 10 9 1 10 9 2 10 9 3 10 9 4 10 9 5 10 9 6 10 165 9 10 9
112 3794360 8 4 3 2 1 185 5 1 92 0 2 3814 1 2 3814 0 10 1330 1 10 7981 2 10 43897 5 10 13302
113 3798718 1 1 1 8 0 154
114 3802791 1 1 1 7 2 238
115 3816114 6 6 1 1 5 20 5 5 20 6 5 60 7 5 80 9 5 60 10 5 40
116 3822428 1 1 1 0 4 112
117 3822886 1 1 1 3 7 32
118 3826218 1 1 1 8 2 46
119 3838279 1 1 1 3 4 106
120 3840975 1 1 1 3 8 9565
121 3843544 2 1 2 8 2 135 8 4 294
122 3858918 6 6 2 6 1 93 9 1 23 0 2 49 1 2 12 2 2 12 4 2 12
123 3864590 2 2 1 0 10 13 5 10 69
124 3901620 4 2 2 3 1 1730 7 1 17 3 3 54 7 3 54
125 4438004 121 11 11 0 0 12 1 0 4 2 0 4 3 0 8 4 0 8 5 0 8 6 0 8 7 0 4 8 0 32 9 0 4 10 0 24 0 1 1 1 1 1 2 1 1 3 1 1 4 1 1 5 1 1 6 1 1 7 1 1 8 1 1 9 1 55 10 1 1 0 2 180 1 2 180 2 2 180 3 2 180 4 2 1262 5 2 180 6 2 180 7 2 4507 8 2 540 9 2 360 10 2 180 0 3 8 1 3 16 2 3 8 3 3 8 4 3 8 5 3 8 6 3 8 7 3 16 8 3 16 9 3 8 10 3 8 0 4 333 1 4 166 2 4 166 3 4 166 4 4 166 5 4 166 6 4 333 7 4 166 8 4 1332 9 4 166 10 4 166 0 5 475 1 5 475 2 5 951 3 5 475 4 5 475 5 5 2853 6 5 951 7 5 475 8 5 951 9 5 1902 10 5 1902 0 6 5 1 6 17 2 6 11 3 6 17 4 6 11 5 6 5 6 6 17 7 6 5 8 6 5 9 6 5 10 6 151 0 7 1 1 7 74 2 7 3 3 7 1 4 7 1 5 7 1 6 7 1 7 7 1 8 7 1 9 7 68 10 7 3 0 8 17 1 8 1 2 8 2 3 8 1 4 8 1 5 8 18 6 8 2 7 8 1 8 8 8 9 8 1 10 8 3 0 9 6 1 9 47 2 9 6 3 9 6 4 9 6 5 9 6 6 9 13 7 9 6 8 9 6 9 9 6 10 9 6 0 10 56 1 10 168 2 10 28 3 10 28 4 10 84 5 10 28 6 10 196 7 10 28 8 10 28 9 10 28 10 10 28
126 4470327 10 1 10 4 0 100 4 1 12432 4 2 76 4 4 13 4 5 73 4 6 110 4 7 44 4 8 24212 4 9 106 4 10 82
127 4534477 11 1 11 9 0 278 9 1 183 9 2 211 9 3 37 9 4 16 9 5 197 9 6 5912 9 7 123 9 8 21870 9 9 2 9 10 116
128 4541040 1 1 1 0 4 76
129 4546777 1 1 1 10 9 99
130 4599348 11 1 11 6 0 461 6 1 122 6 2 123 6 3 11 6 4 110 6 5 1489 6 6 2488 6 7 25 6 8 88 6 9 37 6 10 64
131 4608086 2 2 1 4 3 34 8 3 34
132 4633006 4 4 1 1 3 14999 2 3 1999 4 3 999 6 3 999
133 4638069 2 2 1 1 2 14763 7 2 1640
134 4659331 6 6 1 0 4 12 2 4 4 6 4 4 7 4 4 8 4 4 10 4 16
135 4660816 1 1 1 3 5 118
136 4679554 1 1 1 4 8 8956
137 4684015 2 2 1 2 0 49 7 0 49
138 4689305 1 1 1 1 2 222
139 4693922 1 1 1 4 3 273
140 4694449 1 1 1 9 5 7
141 4733970 11 11 1 0 7 3 1 7 3 2 7 3 3 7 6 4 7 3 5 7 3 6 7 9 7 7 3 8 7 35 9 7 3 10 7 9
142 4740442 1 1 1 5 1 9257
143 4741924 2 2 1 2 3 28 3 3 173
144 4798192 11 1 11 4 0 73 4 1 3281 4 2 3049 4 3 2986 4 4 76 4 5 80 4 6 21 4 7 23 4 8 73 4 9 18 4 10 15152
145 4803775 2 2 1 4 8 1340 8 8 1340
146 4810332 3 3 1 1 8 10 2 8 10 7 8 10
147 4811271 1 1 1 10 6 506
148 4811462 1 1 1 2 2 103
149 4812202 1 1 1 1 0 26802
150 4830622 6 3 3 3 7 19 8 7 19 2 9 999 3 9 999 8 9 999 2 10 346
151 4849605 1 1 1 5 2 25
152 5163194 66 11 11 7 0 29 8 0 29 9 0 29 0 1 11 1 1 1 3 1 1 4 1 1 5 1 1 6 1 2 7 1 1 8 1 1 10 1 3 0 2 17 2 2 35 3 2 17 4 2 17 5 2 17 1 3 50 5 3 50 6 3 50 0 4 2 1 4 28 2 4 1 3 4 10 6 4 1 7 4 1 9 4 4 10 4 1 0 5 6 2 5 13 4 5 13 5 5 6 7 5 6 8 5 6 9 5 6 10 5 6 0 6 2489 1 6 1244 2 6 1244 3 6 1244 4 6 1244 6 6 1244 10 6 6222 4 7 1 5 7 72 6 7 1 8 7 3 9 7 1 10 7 1 1 8 1 2 8 1 3 8 1 7 8 1 9 8 4 0 9 22 1 9 4 3 9 13 4 9 4 7 9 9 8 9 4 9 9 4 2 10 5 5 10 28 6 10 17 8 10 5 10 10 5
153 5189105 6 3 3 0 5 52 1 5 33 0 7 357 1 7 119 7 7 833 7 8 21
154 5258450 22 11 3 1 0 12 4 0 89 6 0 12 7 0 12 8 0 12 9 0 12 10 0 25 0 7 3 1 7 9 2 7 3 3 7 3 5 7 3 7 7 9 8 7 9 9 7 3 10 7 28 0 8 4 2 8 4 3 8 4 4 8 12 5 8 4 6 8 4
155 5265034 1 1 1 8 7 2919
156 5297716 11 11 1 0 8 1 1 8 1 2 8 1 3 8 1 4 8 1 5 8 1 6 8 1 7 8 1 8 8 1 9 8 1 10 8 1
157 5639902 72 8 11 0 0 11 1 0 11 3 0 11 5 0 11 6 0 11 8 0 11 9 0 11 10 0 35 0 1 2 6 1 99 8 1 1 9 1 1 0 2 1 1 2 1 3 2 1 5 2 1 8 2 1 10 2 1 0 3 1597 1 3 4792 3 3 1597 5 3 3194 9 3 1597 10 3 1597 0 4 1366 1 4 455 3 4 1822 5 4 455 6 4 455 8 4 455 9 4 455 10 4 6378 0 5 20 1 5 40 3 5 10 5 5 20 6 5 10 8 5 10 9 5 30 10 5 10 1 6 16 3 6 16 5 6 16 6 6 65 9 6 16 10 6 65 0 7 7 1 7 3 3 7 7 5 7 17 6 7 3 8 7 3 9 7 3 10 7 7 0 8 23 3 8 2 5 8 40 6 8 2 8 8 2 10 8 2 1 9 23 6 9 23 8 9 23 9 9 23 0 10 11 1 10 1 3 10 4 5 10 1 6 10 1 8 10 79 9 10 2 10 10 2
158 5653467 1 1 1 6 6 19800
159 5658454 1 1 1 4 3 118
160 5665532 1 1 1 0 2 99
161 5678694 4 2 3 1 2 2977 1 6 1088 10 6 21771 10 8 54
162 5681025 1 1 1 7 4 4901
163 5686983 1 1 1 5 10 6008
164 5692867 2 2 1 2 1 137 3 1 5
165 5696225 1 1 1 3 1 404
166 5706049 1 1 1 2 7 74
167 5713236 1 1 1 4 1 114
168 5754285 11 1 11 5 0 95 5 1 113 5 2 38 5 3 574 5 4 96 5 5 200 5 6 313 5 7 220 5 8 128 5 9 67 5 10 11844
169 5781430 1 1 1 6 3 230
170 6013889 44 4 11 2 0 165 5 0 496 6 0 55 8 0 55 2 1 208 5 1 416 6 1 208 8 1 208 2 2 36 5 2 12 6 2 12 8 2 12 2 3 19 5 3 19 6 3 19 8 3 19 2 4 1427 5 4 36169 6 4 951 8 4 475 2 5 1 5 5 5 6 5 7 8 5 3 2 6 35 5 6 70 6 6 106 8 6 35 2 7 1 5 7 1 6 7 2 8 7 1 2 8 34 5 8 17 6 8 17 8 8 34 2 9 303 5 9 607 6 9 2734 8 9 2430 2 10 25 5 10 12 6 10 12 8 10 12
171 6021609 2 2 1 2 10 2397 9 10 7191
172 6024603 1 1 1 2 0 93
173 6027998 1 1 1 0 1 6431
174 6031197 1 1 1 4 1 65
175 6039234 1 1 1 2 7 204
176 6102816 11 1 11 1 0 88 1 1 191 1 2 58373 1 3 2384 1 4 88 1 5 10 1 6 38899 1 7 1268 1 8 104 1 9 663 1 10 75
177 6119722 2 2 1 5 10 264 8 10 66
178 6335557 45 9 9 2 0 54 4 0 27 6 0 27 10 0 27 0 1 3 2 1 19 4 1 6 6 1 3 7 1 3 8 1 46 10 1 3 0 2 10 1 2 63 2 2 10 4 2 10 5 2 21 6 2 10 7 2 10 8 2 84 1 3 17 5 3 17 7 3 17 0 4 14 1 4 71 5 4 14 6 4 14 8 4 14 10 4 14 0 6 492 2 6 492 4 6 492 5 6 492 6 6 492 7 6 985 8 6 492 2 7 22 7 7 22 0 8 30 1 8 15 4 8 15 8 8 15 10 8 15 1 9 82 5 9 82 10 9 82
179 6390361 11 1 11 8 0 49 8 1 133 8 2 210 8 3 13 8 4 224 8 5 183 8 6 80 8 7 704 8 8 87 8 9 452 8 10 4040
180 6392787 1 1 1 3 4 648
181 6474168 11 1 11 10 0 103 10 1 119 10 2 230 10 3 6619 10 4 149 10 5 1323 10 6 72 10 7 300 10 8 135 10 9 115 10 10 39
182 6480571 1 1 1 1 5 105
183 6481393 1 1 1 10 4 992
184 6485084 3 3 1 5 5 10 6 5 10 10 5 50
185 6487402 1 1 1 8 5 110
186 6494452 1 1 1 4 5 260
187 6521014 6 3 2 2 4 5 3 4 10 8 4 5 2 5 6 3 5 3 8 5 15
188 6525390 1 1 1 8 5 7
189 6551380 4 4 1 0 5 21 3 5 21 8 5 21 9 5 42
190 6557561 1 1 1 5 5 25
191 6559741 1 1 1 9 2 4774
192 6572185 1 1 1 2 4 70
193 6602563 2 2 1 5 6 8 6 6 16
194 6604416 1 1 1 9 1 114
195 6655300 6 3 3 1 0 6 3 0 19 1 2 59 9 2 59 3 5 196 9 5 130
196 6656007 1 1 1 9 8 671
197 6656200 1 1 1 7 3 153
198 6724700 11 1 11 10 0 2024 10 1 66 10 2 102 10 3 19495 10 4 334 10 5 99231 10 6 154 10 7 14176 10 8 27551 10 9 6603 10 10 19
199 6743234 6 6 2 5 2 3 6 2 3 10 2 7 3 10 19 4 10 19 8 10 76
200 6744574 1 1 1 1 8 68
201 7002708 55 11 10 0 1 72 1 1 1 2 1 1 5 1 1 7 1 1 9 1 1 2 2 17 4 2 34 5 2 34 6 2 17 7 2 17 8 2 34 0 3 57 1 3 6 3 3 3 7 3 10 8 3 3 9 3 3 0 4 7 1 4 15 3 4 7 4 4 7 6 4 7 7 4 7 9 4 7 10 4 7 0 5 2 1 5 14 2 5 2 3 5 2 5 5 14 8 5 69 10 5 2 3 6 1185 4 6 4742 5 6 4742 6 6 1185 9 6 7114 3 7 7 4 7 15 8 7 7 9 7 7 10 7 7 2 8 8929 5 8 686 1 9 23 6 9 23 7 9 23 10 9 23 0 10 3 2 10 3 4 10 3 6 10 3 8 10 3 10 10 3
202 7004600 1 1 1 1 2 9281
203 7009177 2 2 1 1 5 37 4 5 37
204 7018005 1 1 1 9 0 49
205 7034421 3 3 1 0 2 3786 3 2 1893 10 2 9466
206 7039815 3 1 3 7 3 73 7 4 39 7 9 5990
207 7040077 1 1 1 7 6 83
208 7041668 1 1 1 5 8 30265
209 7072656 7 1 7 10 0 55 10 1 92 10 2 87 10 3 184 10 4 21830 10 5 142 10 7 83
210 7081677 2 2 1 1 4 27 6 4 301
211 7086014 1 1 1 3 10 16252
212 7087311 1 1 1 9 7 19
213 7087684 1 1 1 2 6 9225
214 7092989 2 1 2 7 0 401 7 8 202
215 7100751 3 3 1 3 0 63 5 0 1764 8 0 189
216 7105033 3 3 1 1 7 82 2 7 3 10 7 3
217 7118737 1 1 1 8 7 2096
218 7123692 1 1 1 9 1 32
219 7368539 66 11 11 0 0 16 2 0 16 5 0 33 6 0 16 7 0 16 8 0 33 9 0 16 10 0 16 0 1 263 3 1 1053 4 1 263 5 1 3688 7 1 1580 9 1 526 10 1 1580 0 2 137 1 2 274 3 2 137 8 2 137 9 2 137 10 2 137 0 3 7 1 3 14 2 3 43 3 3 14 6 3 7 7 3 7 8 3 7 0 4 67 2 4 33 3 4 33 9 4 33 1 5 4 3 5 2 4 5 21 5 5 2 6 5 2 7 5 2 9 5 11 10 5 2 1 6 20 2 6 41 4 6 20 5 6 20 6 6 20 8 6 41 0 7 3 3 7 4 5 7 3 6 7 3 7 7 1 8 7 1 1 8 12 4 8 5 5 8 6 10 8 1 2 9 18 4 9 18 7 9 18 8 9 37 9 9 18 10 9 18 1 10 23 2 10 46 4 10 23 6 10 23
220 7378983 1 1 1 6 5 268
221 7379793 1 1 1 8 7 1970
222 7385957 2 2 1 0 10 13 6 10 81
223 7386377 1 1 1 1 9 5772
224 7399485 2 2 2 10 0 18 5 6 59
225 7401046 1 1 1 9 1 110
226 7401070 1 1 1 2 10 298
227 7404443 1 1 1 0 3 99711
228 7408927 4 2 2 3 1 12 8 1 174 3 9 89 8 9 22
229 7453325 11 1 11 3 0 88 3 1 170 3 2 103 3 3 212 3 4 169 3 5 9575 3 6 46 3 7 77 3 8 201 3 9 19 3 10 1267
230 7453570 1 1 1 7 9 118
231 7456746 1 1 1 10 5 80
232 7491544 11 1 11 6 0 25 6 1 354 6 2 65 6 3 193 6 4 1 6 5 6189 6 6 2021 6 7 6067 6 8 157 6 9 221 6 10 40
233 7493881 1 1 1 6 4 79
234 7539394 11 1 11 4 0 7635 4 1 15 4 2 132 4 3 22 4 4 63 4 5 20 4 6 80 4 7 32 4 8 43 4 9 27 4 10 51
235 7545521 2 2 2 0 4 86 1 8 59
236 7555332 2 2 2 3 6 56 9 10 71
237 7560345 1 1 1 5 6 12680
238 7564421 1 1 1 2 5 44
239 7792787 44 4 11 1 0 33 5 0 16 8 0 16 10 0 33 1 1 1632 5 1 1632 8 1 1632 10 1 4897 1 2 3435 5 2 10306 8 2 3435 10 2 10306 1 3 2870 5 3 956 8 3 956 10 3 956 1 4 3553 5 4 3553 8 4 3553 10 4 3553 1 5 14 5 5 14 8 5 14 10 5 57 1 6 21 5 6 21 8 6 63 10 6 21 1 7 7593 5 7 3796 8 7 1898 10 7 1898 1 8 2 5 8 2 8 8 2 10 8 12 1 9 195 5 9 97 8 9 97 10 9 293 1 10 1591 5 10 68 8 10 90 10 10 11
240 7796784 2 2 1 7 2 3 8 2 6
241 8057715 55 11 10 0 0 2182 1 0 2182 2 0 727 3 0 727 4 0 727 5 0 1455 6 0 727 7 0 727 8 0 727 9 0 727 10 0 2182 0 1 1759 1 1 1759 4 1 1759 7 1 3518 9 1 879 10 1 4398 1 2 2242 6 2 2242 7 2 4485 0 3 795 1 3 795 4 3 795 6 3 795 8 3 795 10 3 795 0 4 6 2 4 6 5 4 6 6 4 6 9 4 12 0 6 2371 2 6 2371 5 6 2371 7 6 2371 8 6 2371 9 6 2371 2 7 2 3 7 4 4 7 2 8 7 2 10 7 12 1 8 4 2 8 4 3 8 22 5 8 67 6 8 4 8 8 4 10 8 4 3 9 6 4 9 12 7 9 6 9 9 6 3 10 9 5 10 9
242 8061992 1 1 1 2 0 131
243 8067022 1 1 1 3 9 15
244 8069430 1 1 1 9 1 12104
245 8071184 1 1 1 3 8 46
246 8085500 5 5 1 0 0 1658 1 0 24324 3 0 552 6 0 552 8 0 552
247 8122062 8 4 4 0 0 10475 1 0 10475 0 2 3 6 2 36 8 2 16 6 9 10 1 10 35 8 10 35
248 8127846 2 2 1 2 6 7873 6 6 7873
249 8134902 1 1 1 10 4 19
250 8134950 1 1 1 2 6 168
251 8135470 1 1 1 2 1 209
252 8141382 1 1 1 10 1 13
253 8175836 11 1 11 10 0 8 10 1 3212 10 2 1224 10 3 114 10 4 70 10 5 82 10 6 11815 10 7 101 10 8 323 10 9 42 10 10 43
254 8182176 1 1 1 2 3 47
255 8224335 6 3 2 4 3 9 8 3 18 10 3 9 4 4 5878 8 4 2939 10 4 2939
256 8260105 7 7 1 0 3 4 2 3 27 3 3 2 4 3 6 6 3 2 8 3 9 10 3 6
257 8261932 1 1 1 5 0 48
258 8311288 8 4 3 1 0 17 2 0 1 5 0 30 1 1 418 2 1 418 3 1 418 3 5 1225 5 5 4900
259 8318603 3 1 3 6 2 106 6 7 112 6 9 71
260 8320080 1 1 1 8 10 671
261 8330307 1 1 1 0 5 1
262 8368212 6 6 2 2 4 701 3 4 1403 5 4 701 9 4 4913 0 5 3 8 5 18
263 8374781 1 1 1 5 9 34
264 8379181 1 1 1 2 4 130
265 8380203 1 1 1 3 10 2291
266 8390094 1 1 1 9 4 1443
267 8392770 1 1 1 9 9 2056
268 8431325 8 4 3 5 0 2297 8 0 6891 2 3 1 8 3 1 9 3 1 2 5 4380 5 5 13140 9 5 4380
269 8451295 4 4 1 3 7 23 5 7 23 6 7 46 9 7 23
270 8637533 33 3 11 0 0 6 2 0 6 6 0 44 0 1 98 2 1 7 6 1 30 0 2 12 2 2 4 6 2 4 0 3 1590 2 3 6361 6 3 1590 0 4 27 2 4 68 6 4 13 0 5 15 2 5 15 6 5 15 0 6 86 2 6 68 6 6 17 0 7 20 2 7 100 6 7 20 0 8 3260 2 8 3260 6 8 6521 0 9 2046 2 9 2046 6 9 2046 0 10 10449 2 10 39709 6 10 8359
271 8700838 11 1 11 6 0 190 6 1 73 6 2 703 6 3 71 6 4 3 6 5 15291 6 6 201 6 7 12742 6 8 17 6 9 238 6 10 58509
272 8700957 1 1 1 10 3 2736
273 9036614 66 6 11 1 0 2429 2 0 7287 3 0 4858 6 0 2429 7 0 14574 10 0 7287 1 1 37 2 1 37 3 1 75 6 1 56 7 1 18 10 1 131 1 2 5 2 2 5 3 2 10 6 2 85 7 2 5 10 2 5 1 3 6 2 3 3 3 3 51 6 3 3 7 3 3 10 3 15 1 4 28 2 4 86 3 4 28 6 4 28 7 4 28 10 4 28 1 5 3 2 5 58 3 5 1 6 5 1 7 5 1 10 5 1 1 6 2374 2 6 4748 3 6 2374 6 6 2374 7 6 18994 10 6 2374 1 7 9 2 7 9 3 7 9 6 7 9 7 7 9 10 7 37 1 8 133 2 8 26 3 8 26 6 8 26 7 8 26 10 8 53 1 9 6 2 9 1 3 9 2 6 9 7 7 9 1 10 9 1 1 10 39 2 10 4 3 10 2 6 10 2 7 10 2 10 10 15
274 9048845 3 3 1 5 5 37 7 5 37 9 5 112
275 9050386 1 1 1 0 2 83
276 9095912 6 3 3 7 0 85 2 5 2 3 5 3 7 5 2 2 9 9 3 9 6
277 9154023 11 11 1 0 4 1 1 4 1 2 4 1 3 4 1 4 4 1 5 4 29 6 4 1 7 4 1 8 4 1 9 4 1 10 4 5
278 9165117 1 1 1 4 1 40
279 9256958 22 2 11 5 0 7 10 0 15 5 1 16 10 1 32 5 2 17 10 2 222 5 3 1 10 3 51 5 4 173 10 4 86 5 5 2 10 5 4 5 6 20 10 6 5 5 7 3803 10 7 7607 5 8 531 10 8 531 5 9 7665 10 9 280 5 10 812 10 10 812
280 9260974 1 1 1 2 0 718
281 9262700 1 1 1 0 5 1070
282 9265976 2 2 1 4 7 7401 5 7 7401
283 9306493 10 5 4 5 1 29 6 1 29 1 3 1366 6 3 683 9 3 2732 10 3 1366 10 6 332 1 9 111 5 9 111 9 9 111
284 9313288 1 1 1 10 10 38319
285 9340224 3 3 1 2 0 1 3 0 1 10 0 2
286 9413608 22 2 11 4 0 5161 10 0 5161 4 1 1 10 1 23 4 2 34 10 2 17 4 3 212 10 3 2125 4 4 46 10 4 46 4 5 1811 10 5 5433 4 6 87 10 6 87 4 7 2170 10 7 723 4 8 53 10 8 53 4 9 14 10 9 87 4 10 100 10 10 500
287 9595385 55 11 10 0 0 3156 1 0 41035 2 0 6313 5 0 1578 7 0 4734 9 0 1578 1 1 2001 2 1 2001 3 1 2001 4 1 10007 5 1 2001 7 1 4002 8 1 6004 10 1 2001 1 2 1273 2 2 1273 4 2 6369 6 2 2547 10 2 1273 6 3 53 9 3 107 0 4 14 2 4 72 3 4 14 6 4 28 7 4 14 8 4 14 9 4 14 0 5 5 3 5 89 4 5 5 7 5 5 0 6 7 1 6 7 3 6 21 4 6 7 5 6 21 6 6 7 10 6 7 1 8 4 3 8 4 4 8 4 5 8 4 8 8 4 9 8 67 10 8 23 5 9 21 6 9 21 8 9 21 9 9 21 0 10 126 2 10 42 7 10 21 8 10 21 10 10 21
288 9607210 3 3 1 2 6 172 9 6 19 10 6 19
289 9608876 1 1 1 8 7 62
290 9611539 1 1 1 6 9 240
291 9612500 1 1 1 10 2 308
292 9617379 1 1 1 2 1 74
293 9682279 18 6 6 2 0 1880 4 0 470 5 0 470 6 0 2350 1 1 21 4 1 21 6 1 63 2 2 9616 1 4 22 4 4 22 5 4 22 9 4 88 1 5 1456 2 5 485 5 5 485 9 5 970 6 8 16 9 8 50
294 9721537 11 11 1 0 0 14 1 0 14 2 0 7 3 0 14 4 0 7 5 0 7 6 0 14 7 0 21 8 0 7 9 0 7 10 0 14
295 9838926 28 7 7 0 0 2042 3 0 2042 4 0 4084 7 0 2042 9 0 2042 10 0 2042 5 2 10332 7 2 1476 10 2 10332 0 3 18 3 3 18 4 3 18 9 3 18 10 3 18 3 4 74 5 4 74 0 5 1 3 5 2 4 5 3 7 5 1 9 5 1 5 6 17 9 6 87 0 9 6241 4 9 6241 5 9 6241 7 9 6241 10 9 6241
296 9842537 1 1 1 1 7 108
297 9844412 1 1 1 0 5 22
298 9972325 22 2 11 5 0 49 6 0 49 5 1 49 6 1 147 5 2 340 6 2 1021 5 3 733 6 3 733 5 4 5132 6 4 5132 5 5 708 6 5 708 5 6 394 6 6 3551 5 7 41 6 7 41 5 8 3924 6 8 3924 5 9 38 6 9 38 5 10 190 6 10 47
299 9980563 1 1 1 4 9 48
300 9988225 1 1 1 6 1 17942
301 10189609 44 4 11 0 0 1853 4 0 3707 6 0 11121 10 0 16681 0 1 3 4 1 19 6 1 3 10 1 19 0 2 16 4 2 16 6 2 16 10 2 49 0 3 14 4 3 14 6 3 74 10 3 14 0 4 1172 4 4 1172 6 4 1172 10 4 1172 0 5 2 4 5 2 6 5 40 10 5 5 0 6 67 4 6 2 6 6 2 10 6 2 0 7 1088 4 7 544 6 7 1088 10 7 25025 0 8 11 4 8 58 6 8 92 10 8 11 0 9 6 4 9 6 6 9 64 10 9 19 0 10 2824 4 10 403 6 10 403 10 10 2420
302 10193352 1 1 1 7 7 81
303 10197602 3 3 1 4 9 19 6 9 39 9 9 6
304 10213212 1 1 1 9 0 90
305 10487322 66 6 11 3 0 541 4 0 270 5 0 541 6 0 270 8 0 270 10 0 811 3 1 1 4 1 11 5 1 14 6 1 1 8 1 1 10 1 1 3 2 41 4 2 62 5 2 20 6 2 20 8 2 20 10 2 20 3 3 1862 4 3 1862 5 3 3725 6 3 1862 8 3 1862 10 3 1862 3 4 12 4 4 12 5 4 12 6 4 60 8 4 60 10 4 12 3 5 27 4 5 256 5 5 9 6 5 4 8 5 9 10 5 4 3 6 137 4 6 411 5 6 548 6 6 137 8 6 137 10 6 137 3 7 985 4 7 3941 5 7 985 6 7 985 8 7 985 10 7 985 3 8 20 4 8 2 5 8 2 6 8 2 8 8 5 10 8 68 3 9 41 4 9 4 5 9 9 6 9 4 8 9 4 10 9 9 3 10 2 4 10 6 5 10 1 6 10 1 8 10 7 10 10 2
306 10491014 1 1 1 9 0 7125
307 10502498 1 1 1 7 9 15
308 10507724 2 2 1 0 3 68 7 3 2323
309 10511407 1 1 1 8 5 27316
310 10739735 50 10 10 1 0 3 3 0 3 6 0 48 9 0 3 10 0 6 0 1 204 3 1 204 5 1 1328 6 1 102 7 1 102 0 3 5 1 3 1 3 3 30 4 3 5 5 3 1 7 3 35 10 3 32 0 4 8 2 4 8 3 4 8 4 4 8 5 4 8 7 4 8 9 4 17 10 4 8 1 5 2 2 5 2 4 5 2 5 5 15 6 5 4 9 5 2 2 6 31 6 6 10 7 6 52 10 6 10 0 7 3 1 7 3 2 7 3 5 7 10 3 8 5317 4 8 21270 6 8 1772 9 8 1772 2 9 771 10 9 771 0 10 29 1 10 9 4 10 9 7 10 29 9 10 19
311 10783278 3 3 1 0 4 1624 3 4 812 7 4 2436
312 10786208 1 1 1 6 3 95
313 10792071 1 1 1 2 4 20
314 10806334 2 2 1 8 4 4613 9 4 4613
315 10822394 2 2 1 2 8 6 7 8 18
316 10855826 11 1 11 6 0 199 6 1 50 6 2 170 6 3 29 6 4 9365 6 5 147 6 6 352 6 7 241 6 8 604 6 9 113 6 10 11
317 10857857 1 1 1 3 10 16
318 10875672 1 1 1 5 8 46
319 10889794 4 4 2 4 5 145 0 7 4 2 7 17 6 7 4
320 10923442 11 1 11 0 0 722 0 1 7625 0 2 1377 0 3 56 0 4 4852 0 5 25 0 6 2484 0 7 54 0 8 9542 0 9 193 0 10 153
321 10927364 1 1 1 9 0 91
322 10931385 1 1 1 9 2 271
323 10959779 8 4 4 6 2 20 1 8 318 3 8 318 10 8 318 1 9 1758 10 9 1758 3 10 16 6 10 66
324 10960269 1 1 1 0 8 2964
325 10962733 1 1 1 3 3 35833
326 10978524 2 2 1 5 1 10 9 1 32
327 10985326 1 1 1 0 1 144
328 10998691 2 2 1 6 10 2042 7 10 1021
329 11006565 1 1 1 9 2 32
330 11009010 1 1 1 8 9 4
331 11025049 2 2 1 0 4 83 8 4 83
332 11032431 1 1 1 3 1 207
333 11043490 3 3 1 1 2 13 7 2 13 8 2 13
334 11044154 1 1 1 3 2 104
335 11045075 1 1 1 1 1 134
336 11049889 1 1 1 10 5 2988
337 11141926 22 2 11 0 0 4 4 0 8 0 1 14 4 1 14 0 2 694 4 2 694 0 3 28 4 3 28 0 4 53 4 4 53 0 5 1 4 5 1 0 6 1562 4 6 1562 0 7 550 4 7 183 0 8 34 4 8 34 0 9 8 4 9 71 0 10 33245 4 10 33245
338 11144608 1 1 1 10 4 170
339 11146306 1 1 1 1 0 648
340 11148937 1 1 1 5 5 16269
341 11214586 18 6 6 1 0 10 6 0 5 9 0 10 1 4 162 6 4 162 7 4 162 2 5 30 7 5 30 1 7 130 2 7 21 6 7 43 10 7 21 9 8 42 10 8 42 2 10 11 7 10 11 9 10 35 10 10 11
342 11220658 1 1 1 4 3 20
343 11221381 1 1 1 9 5 23
344 11222427 1 1 1 7 4 151
345 11223994 1 1 1 9 9 335
346 11236514 4 4 1 2 9 17 6 9 8 7 9 71 9 9 2
347 11254058 2 2 2 7 1 33 3 8 130
348 11264563 1 1 1 9 2 132610
349 11265229 1 1 1 7 10 12
350 11270916 1 1 1 2 7 327
351 11322612 11 1 11 8 0 149 8 1 2149 8 2 69 8 3 33 8 4 4 8 5 24 8 6 66 8 7 106 8 8 204 8 9 163 8 10 55
352 11329768 1 1 1 0 1 161
353 11382849 11 1 11 6 0 107 6 1 6003 6 2 356 6 3 15208 6 4 14844 6 5 151 6 6 82 6 7 189 6 8 84 6 9 31 6 10 18
354 11402855 2 2 1 2 8 250 10 8 250
355 11405968 1 1 1 2 7 31290
356 11438334 9 9 1 0 10 311 1 10 9641 2 10 933 3 10 622 4 10 311 5 10 311 6 10 311 9 10 311 10 10 1555
357 11438941 1 1 1 3 10 205
358 11441793 2 2 2 2 6 5 7 9 77
359 11442060 1 1 1 3 4 70
360 11672902 60 10 11 4 0 1 7 0 1 9 0 7 10 0 4 1 1 512 2 1 2050 5 1 512 7 1 1025 8 1 1025 1 2 1479 3 2 739 4 2 2958 8 2 1479 1 3 1 2 3 1 3 3 1 5 3 1 6 3 1 9 3 91 1 4 1 2 4 1 6 4 10 7 4 134 8 4 1 9 4 2 10 4 1 1 5 14 3 5 4 4 5 9 5 5 4 6 5 4 7 5 4 10 5 14 1 6 1 2 6 11 3 6 1 5 6 1 7 6 2 8 6 1 9 6 1 3 7 6 4 7 6 5 7 6 8 7 18 10 7 181 2 8 33 5 8 16 6 8 16 7 8 33 9 8 67 10 8 16 2 9 25 4 9 12 6 9 12 10 9 50 3 10 54 4 10 54 6 10 27 8 10 27 9 10 27
361 11684224 4 4 2 3 1 55 9 1 55 1 4 2199 8 4 733
362 12278835 121 11 11 0 0 9 1 0 9 2 0 9 3 0 28 4 0 9 5 0 9 6 0 9 7 0 9 8 0 9 9 0 65 10 0 9 0 1 170 1 1 340 2 1 170 3 1 170 4 1 170 5 1 340 6 1 170 7 1 170 8 1 170 9 1 170 10 1 851 0 2 1 1 2 1 2 2 2 3 2 1 4 2 1 5 2 2 6 2 27 7 2 5 8 2 1 9 2 1 10 2 1 0 3 1 1 3 1 2 3 1 3 3 1 4 3 1 5 3 1 6 3 1 7 3 1 8 3 1 9 3 37 10 3 1 0 4 16 1 4 24 2 4 57 3 4 8 4 4 8 5 4 8 6 4 8 7 4 16 8 4 8 9 4 16 10 4 16 0 5 7 1 5 3 2 5 14 3 5 3 4 5 7 5 5 3 6 5 7 7 5 3 8 5 3 9 5 11 10 5 3 0 6 1 1 6 1 2 6 2 3 6 2 4 6 1 5 6 5 6 6 2 7 6 1 8 6 2 9 6 1 10 6 1 0 7 366 1 7 366 2 7 366 3 7 366 4 7 366 5 7 366 6 7 366 7 7 366 8 7 366 9 7 366 10 7 366 0 8 29 1 8 4 2 8 1 3 8 1 4 8 1 5 8 1 6 8 1 7 8 1 8 8 1 9 8 1 10 8 1 0 9 23 1 9 23 2 9 23 3 9 23 4 9 23 5 9 23 6 9 70 7 9 23 8 9 46 9 9 23 10 9 2010 0 10 1 1 10 3 2 10 1 3 10 1 4 10 3 5 10 2 6 10 1 7 10 1 8 10 7 9 10 4 10 10 1
363 12288491 1 1 1 1 4 6
364 12401564 30 10 5 1 4 710 4 4 1311 6 4 382 8 4 54 9 4 163 0 5 23 2 5 23 5 5 23 6 5 23 8 5 47 10 5 23 0 6 7 1 6 14 2 6 14 3 6 7 5 6 7 6 6 79 9 6 36 1 7 64 3 7 339 4 7 4 10 7 4 0 9 2 2 9 2 3 9 73 4 9 2 5 9 8 8 9 2 9 9 5 10 9 2
365 12406563 1 1 1 6 3 155
366 12413537 2 2 1 6 5 16 9 5 82
367 12415649 2 2 1 0 9 7 10 9 14
368 12416044 1 1 1 5 4 43
369 12919638 110 10 11 0 0 12 1 0 12 2 0 12 3 0 12 4 0 12 5 0 12 6 0 12 7 0 50 9 0 12 10 0 50 0 1 6 1 1 6 2 1 6 3 1 6 4 1 6 5 1 6 6 1 6 7 1 6 9 1 27 10 1 6 0 2 146 1 2 3 2 2 3 3 2 3 4 2 7 5 2 7 6 2 15 7 2 3 9 2 3 10 2 3 0 3 316 1 3 633 2 3 1266 3 3 633 4 3 4117 5 3 316 6 3 316 7 3 316 9 3 316 10 3 316 0 4 16 1 4 11 2 4 5 3 4 5 4 4 5 5 4 5 6 4 5 7 4 11 9 4 5 10 4 5 0 5 91 1 5 1051 2 5 45 3 5 45 4 5 137 5 5 60 6 5 15 7 5 30 9 5 76 10 5 60 0 6 468 1 6 468 2 6 468 3 6 468 4 6 468 5 6 468 6 6 468 7 6 1873 9 6 468 10 6 468 0 7 10 1 7 5 2 7 5 3 7 5 4 7 5 5 7 5 6 7 5 7 7 5 9 7 10 10 7 133 0 8 81 1 8 163 2 8 163 3 8 81 4 8 163 5 8 81 6 8 163 7 8 81 9 8 245 10 8 81 0 9 47 1 9 13 2 9 1 3 9 10 4 9 11 5 9 10 6 9 1 7 9 1 9 9 1 10 9 17 0 10 142 1 10 71 2 10 71 3 10 71 4 10 142 5 10 71 6 10 856 7 10 142 9 10 71 10 10 71
370 12921551 1 1 1 3 10 158
371 12965688 11 1 11 8 0 17 8 1 44 8 2 59 8 3 13874 8 4 12017 8 5 165 8 6 106 8 7 3328 8 8 42 8 9 301 8 10 112
372 12977195 3 3 1 5 6 136 9 6 34 10 6 34
373 12997827 6 3 2 0 7 1725 6 7 3451 7 7 5177 0 10 61 6 10 61 7 10 20
374 13016516 6 6 1 0 8 16 6 8 16 7 8 98 8 8 32 9 8 16 10 8 16
375 13057273 11 11 1 0 0 8 1 0 8 2 0 16 3 0 8 4 0 8 5 0 8 6 0 73 7 0 8 8 0 138 9 0 32 10 0 8
376 13059217 1 1 1 7 0 6388
377 13068544 1 1 1 0 7 2160
378 13092087 1 1 1 5 8 110
379 13367679 66 11 11 0 0 1773 1 0 3547 2 0 7095 3 0 3547 5 0 31928 7 0 1773 9 0 1773 10 0 7095 1 1 12 3 1 30 4 1 6 8 1 6 9 1 6 10 1 18 0 2 1 2 2 1 3 2 1 4 2 1 7 2 2 8 2 1 9 2 1 0 3 69 3 3 34 5 3 34 6 3 173 8 3 69 9 3 34 4 4 7 8 4 53 10 4 15 0 5 1130 2 5 1130 4 5 2261 6 5 1130 7 5 3392 1 6 19 2 6 9 4 6 19 5 6 9 6 6 66 7 6 9 10 6 19 1 7 6 2 7 6 5 7 6 6 7 13 7 7 6 8 7 20 9 7 6 0 8 5 1 8 21 3 8 5 5 8 26 6 8 5 10 8 21 0 9 1 2 9 1 3 9 1 8 9 1 9 9 3 10 9 1 1 10 9 4 10 19 5 10 19 6 10 19 7 10 9
380 13412672 11 1 11 9 0 15 9 1 112 9 2 145 9 3 52 9 4 117 9 5 62 9 6 615 9 7 103 9 8 39082 9 9 193 9 10 35
381 13415884 1 1 1 10 3 167
382 13425072 2 2 1 5 8 12 10 8 2
383 13429410 2 2 1 0 0 302 10 0 302
384 13431517 1 1 1 0 1 119
385 13436602 1 1 1 6 4 104
386 13441528 1 1 1 1 3 228
387 13446808 1 1 1 10 1 296
388 13447333 1 1 1 1 4 39145
389 13577384 30 6 9 0 0 5 3 0 5 5 0 48 8 0 5 9 0 5 0 1 31 5 1 7 10 1 3 5 2 44 9 2 89 0 4 35 3 4 1 8 4 1 9 4 1 3 5 7 8 5 58 9 5 7 10 5 7 0 6 142 3 6 7 5 6 7 8 6 7 10 6 7 3 7 3092 5 7 6184 0 8 35 8 8 35 10 8 142 9 9 69 10 9 23
390 13578444 1 1 1 3 2 7839
391 13582851 1 1 1 6 5 12
392 13624193 11 11 1 0 6 62 1 6 941 2 6 62 3 6 313 4 6 62 5 6 62 6 6 62 7 6 62 8 6 62 9 6 313 10 6 62
393 13628566 2 2 1 7 0 8 10 0 76
394 13630933 1 1 1 9 8 68
395 13631289 1 1 1 2 7 19
396 13672383 7 1 7 7 1 1627 7 2 26 7 3 1031 7 5 9577 7 6 11238 7 9 49 7 10 63
397 13943705 66 6 11 2 0 3 3 0 6 5 0 3 7 0 3 8 0 3 10 0 3 2 1 2 3 1 20 5 1 6 7 1 3 8 1 5 10 1 1 2 2 1 3 2 1 5 2 1 7 2 1 8 2 1 10 2 1 2 3 31 3 3 10 5 3 10 7 3 10 8 3 10 10 3 42 2 4 100 3 4 100 5 4 100 7 4 201 8 4 1306 10 4 201 2 5 1 3 5 15 5 5 1 7 5 1 8 5 1 10 5 1 2 6 3 3 6 6 5 6 310 7 6 6 8 6 3 10 6 10 2 7 2 3 7 1 5 7 86 7 7 5 8 7 1 10 7 5 2 8 1 3 8 1 5 8 1 7 8 15 8 8 58 10 8 1 2 9 14 3 9 14 5 9 14 7 9 14 8 9 14 10 9 14 2 10 4 3 10 4 5 10 8 7 10 4 8 10 4 10 10 4
398 13983911 7 7 2 0 6 1016 3 6 508 5 6 508 7 6 508 9 6 508 1 10 82 6 10 20
399 13987404 2 2 1 2 5 5 5 5 10
400 13987595 1 1 1 2 4 1376
401 14012310 10 1 10 0 0 56 0 1 2025 0 2 24 0 3 12 0 4 29 0 5 7643 0 6 215 0 7 16 0 8 2040 0 9 7
402 14055442 11 1 11 8 0 7 8 1 12710 8 2 69 8 3 113 8 4 8565 8 5 57 8 6 6373 8 7 33 8 8 2069 8 9 73 8 10 463
403 14055843 1 1 1 8 6 182
404 14112754 11 1 11 7 0 7767 7 1 59 7 2 36 7 3 65 7 4 32 7 5 3020 7 6 96 7 7 2 7 8 64 7 9 55 7 10 112
405 14113655 1 1 1 6 9 236
406 14118049 1 1 1 9 3 109
407 14119587 1 1 1 9 1 1421
408 14126889 1 1 1 7 8 30
409 14171909 8 4 3 7 0 5 9 0 126 0 1 36 4 1 36 9 1 36 0 4 2 4 4 2 7 4 7
410 14246201 11 11 1 0 0 1 1 0 29 2 0 1 3 0 6 4 0 9 5 0 2 6 0 1 7 0 1 8 0 1 9 0 1 10 0 1
411 14312990 11 11 1 0 5 7 1 5 7 2 5 7 3 5 7 4 5 7 5 5 7 6 5 7 7 5 7 8 5 7 9 5 7 10 5 7
412 14314674 1 1 1 3 0 15773
413 14318831 1 1 1 0 2 66
414 14321590 2 2 2 8 3 111 10 9 1221
415 14337840 3 3 1 1 10 12 5 10 18 6 10 6
416 14346153 1 1 1 3 4 10
417 14359077 2 2 1 0 4 4106 4 4 2053
418 14387162 6 3 3 1 0 47 5 0 47 1 5 147 5 5 11 6 5 11 6 7 427
419 14434675 11 11 1 0 4 734 1 4 183 2 4 551 3 4 367 4 4 183 5 4 183 6 4 2020 7 4 183 8 4 183 9 4 1102 10 4 367
420 14478609 11 11 1 0 6 2605 1 6 521 2 6 521 3 6 1563 4 6 1042 5 6 521 6 6 1563 7 6 521 8 6 521 9 6 521 10 6 2084
421 14479088 1 1 1 9 1 150
422 14587546 22 2 11 5 0 1071 9 0 1071 5 1 6 9 1 203 5 2 28 9 2 28 5 3 153 9 3 153 5 4 144 9 4 36 5 5 4126 9 5 3094 5 6 3 9 6 3 5 7 772 9 7 6951 5 8 105 9 8 105 5 9 28 9 9 28 5 10 157 9 10 157
423 14636197 22 2 11 0 0 256 4 0 42 0 1 1 4 1 1 0 2 169 4 2 37 0 3 37 4 3 37 0 4 36 4 4 54 0 5 4 4 5 65 0 6 46 4 6 5 0 7 13077 4 7 6538 0 8 134 4 8 134 0 9 1334 4 9 8007 0 10 6 4 10 3
424 14638200 2 2 1 0 7 4796 3 7 4796
425 14693798 11 1 11 0 0 1365 0 1 72 0 2 111 0 3 107 0 4 27 0 5 307 0 6 138 0 7 19624 0 8 116 0 9 176 0 10 104
426 14711561 1 1 1 10 0 47
427 14712442 1 1 1 0 0 2
428 14715993 1 1 1 8 10 72
429 14731306 4 4 1 0 6 7843 1 6 2614 5 6 23529 6 6 5228
430 14756292 8 4 4 7 1 81 3 2 64 1 6 2 2 6 1 3 6 115 1 8 24 2 8 24 7 8 24
431 14761074 1 1 1 3 8 420
432 14768860 1 1 1 1 3 14845
433 14832615 11 1 11 6 0 111 6 1 620 6 2 70 6 3 42 6 4 33194 6 5 2359 6 6 486 6 7 2920 6 8 109 6 9 204 6 10 103
434 14838535 1 1 1 2 1 15837
435 14876603 6 3 3 0 2 33 5 2 33 8 2 33 8 7 237 0 10 12 5 10 96
436 14880248 1 1 1 5 8 371
437 14893227 1 1 1 10 9 55
438 14952096 11 1 11 5 0 1040 5 1 169 5 2 116 5 3 7952 5 4 118 5 5 231 5 6 169 5 7 354 5 8 254 5 9 77 5 10 98
439 14965716 1 1 1 5 0 91
440 14969110 2 2 1 0 6 5 7 6 7
441 14974701 1 1 1 10 10 118
442 15012362 8 4 3 3 0 5 6 0 5 7 0 92 10 0 5 6 3 125 7 3 62 3 6 76 10 6 38
443 15036532 1 1 1 3 1 236
444 15039476 1 1 1 8 4 471
445 15043408 2 2 1 4 9 44 9 9 2
446 15046354 1 1 1 4 6 110
447 15050132 1 1 1 2 5 203
448 15051471 1 1 1 9 9 147
449 15075623 4 4 1 4 10 36 5 10 72 9 10 36 10 10 72
450 15097940 4 4 2 4 0 19 7 0 19 5 4 105 8 4 78
451 15107686 1 1 1 0 7 19827
452 15109197 1 1 1 10 1 12
453 15118027 5 5 2 1 1 1 2 1 1 4 1 1 10 1 1 7 3 3021
454 15209147 22 2 11 5 0 6 10 0 6 5 1 27 10 1 27 5 2 32 10 2 32 5 3 12 10 3 25 5 4 4008 10 4 8016 5 5 269 10 5 38 5 6 3358 10 6 20152 5 7 21 10 7 10 5 8 524 10 8 524 5 9 229 10 9 91 5 10 96 10 10 193
455 15218982 1 1 1 1 6 400
456 15273428 11 1 11 0 0 116 0 1 78 0 2 1 0 3 3039 0 4 143 0 5 104 0 6 83 0 7 116 0 8 35 0 9 1 0 10 8983
457 15276814 1 1 1 3 2 29744
458 15335719 11 1 11 1 0 106 1 1 93 1 2 98 1 3 19 1 4 15820 1 5 1386 1 6 6269 1 7 12 1 8 162 1 9 94 1 10 121
459 15341333 2 2 1 0 9 6 2 9 13
460 15342461 1 1 1 9 8 17
461 15714282 66 11 11 1 0 13 2 0 53 3 0 26 5 0 13 6 0 13 9 0 13 10 0 13 0 1 5 1 1 68 3 1 5 4 1 5 5 1 17 7 1 5 8 1 22 9 1 11 10 1 5 2 2 2 3 2 2 4 2 2 5 2 16 6 2 6 7 2 2 8 2 4 9 2 2 10 2 2 0 3 822 1 3 164 2 3 328 3 3 493 4 3 164 5 3 164 6 3 1644 7 3 164 8 3 164 2 4 29 4 4 29 6 4 29 10 4 29 0 5 10 1 5 10 3 5 2 4 5 7 5 5 2 7 5 7 8 5 2 10 5 5 1 6 4456 3 6 1114 9 6 477 0 7 377 2 7 47 0 8 10 4 8 5 5 8 10 7 8 10 9 8 5 10 8 5 0 9 18 2 9 267 6 9 27 7 9 18 8 9 27 1 10 6 6 10 6 8 10 18 9 10 12
462 15806277 11 1 11 3 0 6 3 1 8049 3 2 119 3 3 39 3 4 2 3 5 306 3 6 8127 3 7 38 3 8 160 3 9 179 3 10 159
463 15866055 11 1 11 2 0 8308 2 1 1371 2 2 1 2 3 7 2 4 64 2 5 62 2 6 240 2 7 78 2 8 116 2 9 15815 2 10 6014
464 15871658 1 1 1 8 7 11
465 15888340 3 3 1 1 3 776 3 3 776 8 3 1552
466 15899935 1 1 1 0 2 60
467 15903175 1 1 1 6 3 41
468 15921215 1 1 1 1 7 73
469 15931354 2 2 1 5 1 409 10 1 819
470 15932327 2 2 1 4 5 14 5 5 252
471 15957372 3 3 1 0 0 3197 2 0 3197 5 0 3197
472 16045405 22 11 5 0 0 19 4 0 19 0 4 2 1 4 1 2 4 2 3 4 3 5 4 2 7 4 60 9 4 1 10 4 14 6 7 232 8 7 58 9 7 58 6 8 1998 7 8 1998 8 8 1998 1 9 138 2 9 69 3 9 34 4 9 34 5 9 34 10 9 2392
473 16053431 1 1 1 4 7 4014
474 16058390 1 1 1 7 9 459
475 16058435 1 1 1 6 2 64
476 16089914 11 1 11 3 0 8484 3 1 138 3 2 230 3 3 551 3 4 145 3 5 224 3 6 34 3 7 113 3 8 50 3 9 232 3 10 181
477 16092207 1 1 1 5 9 208
478 16107606 2 2 1 0 1 9 2 1 18
479 16113203 1 1 1 5 8 9201
480 16163707 11 1 11 5 0 102 5 1 11855 5 2 214 5 3 36 5 4 19596 5 5 180 5 6 153 5 7 160 5 8 77 5 9 145 5 10 41294
481 16170340 1 1 1 3 9 77
482 16229535 12 4 6 5 4 3 8 4 15 5 5 13 7 5 26 8 5 13 6 6 9591 6 7 183 7 7 4 8 7 2 6 8 28 7 8 28 5 9 171
483 16264645 1 1 1 10 8 20936
484 16685144 99 11 11 0 0 2106 1 0 2106 3 0 702 4 0 702 6 0 1404 7 0 702 0 1 20 1 1 2 2 1 2 3 1 2 4 1 2 5 1 4 6 1 2 8 1 9 9 1 2 1 2 188 2 2 188 3 2 377 5 2 377 7 2 755 8 2 188 9 2 188 10 2 188 0 3 1 1 3 1 2 3 1 3 3 1 4 3 1 5 3 1 6 3 1 7 3 1 9 3 1 10 3 1 0 4 101 1 4 101 2 4 506 3 4 2025 4 4 202 5 4 2430 6 4 101 7 4 101 8 4 101 9 4 101 10 4 101 2 5 102 3 5 25 4 5 51 6 5 25 8 5 25 10 5 25 0 6 1 1 6 1 2 6 1 4 6 1 5 6 1 6 6 1 7 6 1 8 6 1 9 6 1 10 6 1 0 7 759 1 7 759 2 7 1518 3 7 759 5 7 759 7 7 759 8 7 759 9 7 759 10 7 3037 0 8 4 1 8 4 2 8 49 3 8 4 4 8 9 5 8 18 6 8 4 7 8 4 8 8 13 9 8 27 10 8 31 0 9 10 1 9 52 3 9 10 4 9 10 5 9 10 6 9 10 7 9 21 8 9 10 9 9 10 10 9 31 0 10 1 2 10 1 4 10 1 5 10 87 6 10 1 7 10 19 8 10 1 9 10 1 10 10 9
485 16688023 1 1 1 3 0 45
486 16803286 28 7 7 0 2 63 2 2 15 4 2 15 5 2 15 7 2 15 1 3 12 4 3 144 6 3 12 7 3 12 1 4 112 6 4 112 0 5 7 1 5 38 2 5 7 4 5 7 7 5 7 0 8 5 2 8 182 5 8 22 6 8 16 7 8 11 0 9 7 1 9 1 2 9 1 5 9 1 6 9 39 4 10 943 5 10 943
487 17124538 77 7 11 0 0 7 1 0 7 3 0 7 4 0 7 6 0 14 8 0 37 10 0 7 0 1 667 1 1 153 3 1 205 4 1 307 6 1 51 8 1 153 10 1 51 0 2 24 1 2 24 3 2 8 4 2 32 6 2 16 8 2 8 10 2 8 0 3 326 1 3 1306 3 3 326 4 3 2285 6 3 326 8 3 326 10 3 326 0 4 2 1 4 2 3 4 13 4 4 6 6 4 2 8 4 6 10 4 2 0 5 15 1 5 30 3 5 30 4 5 30 6 5 15 8 5 15 10 5 77 0 6 2 1 6 2 3 6 2 4 6 2 6 6 46 8 6 5 10 6 34 0 7 102 1 7 51 3 7 257 4 7 308 6 7 154 8 7 51 10 7 51 0 8 24 1 8 24 3 8 145 4 8 48 6 8 24 8 8 24 10 8 24 0 9 1 1 9 1 3 9 1 4 9 2 6 9 1 8 9 3 10 9 1 0 10 17 1 10 17 3 10 17 4 10 17 6 10 17 8 10 17 10 10 17
488 17163300 6 3 3 2 3 5242 10 3 10484 6 6 48 2 8 1378 6 8 2757 10 8 689
489 17164704 1 1 1 10 4 11745
490 17178103 6 3 3 7 2 4759 9 2 9518 0 3 92 0 9 55 7 9 41 9 9 13
491 17190805 1 1 1 1 2 78
492 17199415 3 3 1 0 8 26 1 8 13 2 8 13
493 17200433 1 1 1 1 9 245
494 17221368 8 4 3 0 2 1894 5 2 9470 6 2 1894 7 2 1894 6 7 194 0 8 16 5 8 310 7 8 25
495 17483466 55 5 11 0 0 8 2 0 58 3 0 8 6 0 8 9 0 16 0 1 456 2 1 456 3 1 456 6 1 913 9 1 456 0 2 3 2 2 20 3 2 6 6 2 13 9 2 1 0 3 28 2 3 14 3 3 14 6 3 14 9 3 42 0 4 36 2 4 18 3 4 9 6 4 9 9 4 9 0 5 263 2 5 526 3 5 4734 6 5 263 9 5 263 0 6 53 2 6 53 3 6 106 6 6 53 9 6 53 0 7 1 2 7 1 3 7 1 6 7 1 9 7 1 0 8 147 2 8 21 3 8 10 6 8 10 9 8 42 0 9 11 2 9 5 3 9 11 6 9 5 9 9 5 0 10 1222 2 10 1222 3 10 1222 6 10 1222 9 10 1222
496 17648984 33 3 11 1 0 1150 8 0 575 10 0 3450 1 1 5 8 1 60 10 1 11 1 2 807 8 2 10 10 2 10 1 3 35 8 3 35 10 3 35 1 4 109 8 4 109 10 4 109 1 5 6319 8 5 6319 10 5 6319 1 6 695 8 6 695 10 6 695 1 7 719 8 7 1439 10 7 719 1 8 4340 8 8 4340 10 8 4340 1 9 1334 8 9 444 10 9 2223 1 10 10 8 10 5 10 10 5
497 17657228 2 2 1 3 10 1128 9 10 225
498 17782918 28 7 7 1 0 93 3 0 23 4 0 46 5 0 46 7 0 23 8 0 46 1 1 6 3 1 126 4 1 6 7 1 6 9 1 6 4 2 1 5 2 1 7 2 1 8 2 1 9 2 1 1 6 10 5 6 10 9 6 20 3 8 2046 5 8 2046 8 8 2046 8 9 116 1 10 9 3 10 4 4 10 2 7 10 2 9 10 13
499 17801760 2 2 1 1 3 18 10 3 9
500 17833774 4 4 2 6 3 40 10 3 121 5 4 8 7 4 41
501 17848308 1 1 1 8 0 363
502 17867034 7 7 1 0 4 1 1 4 1 2 4 1 5 4 1 6 4 1 7 4 1 9 4 44
503 17900317 6 3 2 1 8 3 5 8 3 7 8 9 1 9 3 5 9 11 7 9 3
504 17901449 1 1 1 0 0 164
505 18010781 22 2 11 2 0 1344 8 0 268 2 1 55 8 1 55 2 2 3083 8 2 6166 2 3 13686 8 3 547 2 4 34 8 4 34 2 5 35 8 5 14 2 6 141 8 6 70 2 7 26 8 7 184 2 8 42 8 8 34 2 9 10 8 9 5 2 10 46 8 10 46
506 18235384 55 5 11 0 0 2 1 0 1 6 0 2 8 0 2 9 0 7 0 1 1229 1 1 1229 6 1 1229 8 1 1229 9 1 1229 0 2 2 1 2 2 6 2 1 8 2 3 9 2 1 0 3 9 1 3 9 6 3 9 8 3 56 9 3 9 0 4 40 1 4 20 6 4 10 8 4 5 9 4 5 0 5 472 1 5 472 6 5 945 8 5 945 9 5 472 0 6 43 1 6 43 6 6 43 8 6 43 9 6 86 0 7 8 1 7 53 6 7 26 8 7 8 9 7 8 0 8 1 1 8 10 6 8 1 8 8 1 9 8 1 0 9 9 1 9 10 6 9 36 8 9 3 9 9 25 0 10 45 1 10 4 6 10 4 8 10 4 9 10 4
507 18281201 11 1 11 10 0 9783 10 1 72 10 2 7254 10 3 230 10 4 21 10 5 110 10 6 70 10 7 8 10 8 83 10 9 235 10 10 101
508 18286567 1 1 1 6 3 303
509 18293113 1 1 1 4 1 202
510 18303514 1 1 1 3 3 33
511 18334662 2 2 1 0 10 15 9 10 15
512 18386837 11 11 2 1 6 10 2 6 13 4 6 6 6 6 6 9 6 10 10 6 27 0 9 149 3 9 299 5 9 1199 7 9 299 8 9 2699
513 18390697 1 1 1 3 2 82
514 18392948 1 1 1 1 3 6095
515 18402671 1 1 1 7 6 11850
516 18410960 1 1 1 4 2 76
517 18414298 1 1 1 8 6 189
518 18423055 1 1 1 9 4 177
519 18497023 14 7 3 6 1 34 7 1 34 0 4 1017 2 4 339 5 4 339 7 4 3392 8 4 339 10 4 678 0 5 8 2 5 4 5 5 13 6 5 4 8 5 61 10 5 4
520 18500199 1 1 1 6 0 114
521 18504149 1 1 1 2 0 51
522 18559338 7 1 7 2 0 19541 2 1 229 2 2 114 2 3 102 2 4 33187 2 5 354 2 8 39
523 18596604 6 3 3 8 3 3865 9 3 3865 10 6 85 8 10 123 9 10 30 10 10 30
524 18613469 5 5 1 0 8 110 1 8 221 5 8 773 7 8 110 9 8 110
525 18620379 1 1 1 8 5 87
526 18621507 1 1 1 3 1 99
527 18638362 3 3 1 1 9 47 9 9 214 10 9 23
528 18645372 1 1 1 7 3 115
529 18833114 44 4 11 0 0 1206 1 0 1206 3 0 1206 9 0 1206 0 1 14 1 1 423 3 1 4 9 1 9 0 2 57 1 2 57 3 2 57 9 2 57 0 3 7 1 3 1 3 3 1 9 3 4 0 4 11378 1 4 4876 3 4 1625 9 4 1625 0 5 15 1 5 30 3 5 15 9 5 15 0 6 47 1 6 9 3 6 170 9 6 9 0 7 15 1 7 15 3 7 135 9 7 15 0 8 52994 1 8 2208 3 8 1104 9 8 2208 0 9 2778 1 9 12501 3 9 5556 9 9 2778 0 10 1 1 10 1 3 10 1 9 10 23
530 18848262 1 1 1 5 1 75
531 18880484 11 1 11 6 0 212 6 1 112 6 2 620 6 3 814 6 4 97 6 5 29 6 6 74 6 7 218 6 8 53 6 9 4788 6 10 26
532 18881201 2 2 2 1 7 135 7 9 632
533 18887252 2 2 1 7 6 27 10 6 27
534 18891968 1 1 1 7 1 85
535 19004156 33 3 11 4 0 29 5 0 29 8 0 29 4 1 24 5 1 6 8 1 24 4 2 40 5 2 80 8 2 40 4 3 20 5 3 20 8 3 20 4 4 27 5 4 9 8 4 9 4 5 1624 5 5 812 8 5 812 4 6 66 5 6 2 8 6 2 4 7 412 5 7 27 8 7 27 4 8 104 5 8 104 8 8 104 4 9 87 5 9 43 8 9 43 4 10 7 5 10 8 8 10 1
536 19004268 1 1 1 7 10 346
537 19005502 1 1 1 10 6 12330
538 19012069 1 1 1 2 3 74
539 19034939 6 3 3 3 6 34 10 6 17 1 8 32 3 8 32 10 8 32 1 9 33531
540 19042510 2 2 2 2 6 39 7 8 32
541 19047883 1 1 1 3 1 13862
542 19053706 1 1 1 3 10 15
543 19061189 1 1 1 10 2 34
544 19067118 1 1 1 10 2 3095
545 19160807 22 2 11 5 0 51 9 0 51 5 1 29 9 1 87 5 2 168 9 2 56 5 3 45 9 3 45 5 4 1 9 4 42 5 5 139 9 5 69 5 6 1027 9 6 1027 5 7 12 9 7 12 5 8 23 9 8 23 5 9 43 9 9 21 5 10 69 9 10 3
546 19163193 1 1 1 5 6 424
547 19169030 2 2 1 3 10 1 4 10 45
548 19175504 2 2 1 2 7 46 4 7 46
549 19197986 7 7 1 0 4 908 1 4 908 2 4 908 3 4 908 6 4 908 7 4 908 10 4 908
550 19202879 1 1 1 10 9 160
551 19206785 1 1 1 6 5 155
552 19208874 2 1 2 10 8 1304 10 9 9
553 19209091 1 1 1 10 5 142
554 19263081 11 1 11 2 0 21 2 1 9 2 2 19 2 3 70 2 4 114 2 5 29 2 6 281 2 7 160 2 8 9771 2 9 10171 2 10 37
555 19263125 1 1 1 1 5 63
556 19264678 1 1 1 0 6 11
557 19271378 3 3 2 6 8 6174 4 10 49 8 10 49
558 19282187 1 1 1 5 5 272
559 19660337 66 11 11 0 0 1 3 0 1 5 0 3 6 0 1 7 0 6 9 0 4 10 0 11 0 1 7 1 1 4 5 1 19 6 1 2 9 1 29 0 2 232 1 2 232 5 2 232 7 2 928 8 2 464 9 2 232 1 3 1626 2 3 12687 6 3 325 8 3 325 9 3 650 10 3 650 2 4 43 3 4 21 4 4 21 10 4 21 0 5 2246 1 5 31 4 5 31 5 5 31 7 5 31 8 5 156 9 5 374 10 5 31 1 6 3445 2 6 2296 3 6 1148 4 6 5742 2 7 18 3 7 18 4 7 56 5 7 18 6 7 18 7 7 18 8 7 18 10 7 37 2 8 22 6 8 22 7 8 22 0 9 1043 1 9 347 3 9 347 4 9 347 6 9 347 7 9 347 8 9 347 0 10 2 2 10 1 3 10 1 4 10 1 5 10 1 8 10 1 9 10 1 10 10 1
560 19667233 2 2 1 2 4 113 3 4 10
561 19680077 1 1 1 7 1 345
562 19681109 2 2 1 9 7 10 10 7 16
563 19681400 1 1 1 7 10 1563
564 19733901 11 1 11 3 0 1059 3 1 165753 3 2 4750 3 3 54 3 4 38 3 5 6 3 6 660 3 7 10408 3 8 234 3 9 1222 3 10 6514
565 19737038 1 1 1 10 5 32
566 19745337 1 1 1 4 7 90
567 19828156 11 11 3 0 1 45 1 1 45 3 1 45 7 1 45 2 7 1038 5 7 519 4 8 6599 6 8 1649 8 8 1649 9 8 3299 10 8 1649
568 19930130 22 2 11 1 0 19549 8 0 19549 1 1 66 8 1 66 1 2 773 8 2 773 1 3 49 8 3 49 1 4 40 8 4 10 1 5 15 8 5 31 1 6 19 8 6 38 1 7 529 8 7 529 1 8 1 8 8 25 1 9 5 8 9 16 1 10 18 8 10 2251
569 19932085 1 1 1 6 2 351
570 19969703 3 1 3 10 1 2 10 8 33 10 10 176
571 19972785 1 1 1 8 3 99
572 19976424 1 1 1 1 5 22
573 19979093 1 1 1 4 4 64
574 19980134 1 1 1 3 7 5
575 20004312 4 4 1 1 6 1395 4 6 465 7 6 930 10 6 465
576 20014777 2 2 1 0 3 76 5 3 152
577 20015368 1 1 1 3 1 65
578 20016104 1 1 1 3 3 37
579 20017092 2 2 1 4 1 74 9 1 74
580 20018546 1 1 1 6 5 14
581 20126440 22 2 11 0 0 27 5 0 27 0 1 3801 5 1 11403 0 2 1598 5 2 3196 0 3 8 5 3 8 0 4 273 5 4 54 0 5 25 5 5 25 0 6 71 5 6 14 0 7 1 5 7 57 0 8 38 5 8 12 0 9 28 5 9 28 0 10 1547 5 10 386
582 20136306 3 3 2 1 1 53 7 1 53 0 5 30
583 20172840 11 1 11 7 0 1656 7 1 132 7 2 82 7 3 9 7 4 84 7 5 74 7 6 2715 7 7 286 7 8 59 7 9 54 7 10 21
584 20178354 1 1 1 5 10 153
585 20179219 1 1 1 8 0 3090
586 20219069 8 4 3 2 0 512 5 0 512 6 0 512 8 0 10244 2 2 59 8 2 59 5 5 5658 6 5 5658
587 20235905 2 2 1 0 10 16561 3 10 16561
588 20307891 11 1 11 3 0 97 3 1 103 3 2 67 3 3 49 3 4 3097 3 5 4 3 6 55 3 7 199 3 8 31499 3 9 677 3 10 103
589 20316520 1 1 1 6 2 150
590 20318157 1 1 1 2 6 22059
591 20318166 1 1 1 2 10 51
592 20344353 4 4 1 0 1 209 2 1 104 4 1 209 10 1 104
593 20377921 11 1 11 1 0 27 1 1 52 1 2 598 1 3 75 1 4 82 1 5 5 1 6 24 1 7 209 1 8 9611 1 9 165 1 10 54
594 20395283 1 1 1 1 2 116
595 20412900 5 5 2 3 9 6 7 9 94 5 10 70 9 10 14 10 10 28
596 20413917 1 1 1 0 7 8976
597 20415739 1 1 1 0 2 99611
598 20416532 1 1 1 5 2 138
599 20451797 11 11 3 1 3 174 5 3 58 0 6 33 4 6 33 10 6 33 2 7 486 3 7 486 6 7 486 7 7 2431 8 7 486 9 7 486
600 20459958 1 1 1 5 9 342
601 20558294 18 6 5 2 1 13 3 1 13 4 1 92 5 1 13 7 1 26 10 1 13 2 2 9 5 2 3 2 3 78 4 3 39 10 3 78 3 6 749 4 6 5995 5 6 187 7 6 562 10 6 187 3 9 4742 7 9 4742
602 20564918 2 2 1 5 3 4244 6 3 4244
603 20572343 1 1 1 6 1 51
604 20672516 22 2 11 0 0 31 8 0 63 0 1 28 8 1 7 0 2 791 8 2 791 0 3 162 8 3 651 0 4 102 8 4 102 0 5 13 8 5 236 0 6 2 8 6 109 0 7 7 8 7 7 0 8 25 8 8 25 0 9 73 8 9 365 0 10 45 8 10 45
605 20682595 1 1 1 0 3 3
606 20688091 2 2 1 1 9 32 10 9 37
607 20694492 1 1 1 10 9 7
608 20695152 1 1 1 10 3 979
609 20707889 1 1 1 3 6 109
610 20708077 1 1 1 4 0 191
611 20710269 1 1 1 9 5 6250
612 20710800 1 1 1 5 4 6185
613 20711988 1 1 1 6 7 7
614 20729386 2 2 1 7 8 1003 10 8 2006
615 20734322 1 1 1 7 7 15806
616 21064690 66 11 11 2 0 7 3 0 7 4 0 7 5 0 21 6 0 7 7 0 7 8 0 21 9 0 7 10 0 7 2 1 663 3 1 39 5 1 9 6 1 9 9 1 9 0 2 34 2 2 34 3 2 34 7 2 34 9 2 34 0 3 3 1 3 21 2 3 63 4 3 3 5 3 3 6 3 7 8 3 7 10 3 3 1 4 9 5 4 9 6 4 4 9 4 13 3 5 3 4 5 38 8 5 3 0 6 1 2 6 1 4 6 4 6 6 1 7 6 7 8 6 5 0 7 21 1 7 108 2 7 21 4 7 21 7 7 43 8 7 21 10 7 21 0 8 6 1 8 6 4 8 6 7 8 69 8 8 27 9 8 13 10 8 6 1 9 1789 3 9 298 5 9 298 7 9 298 10 9 298 0 10 1 1 10 1 3 10 3 5 10 1 6 10 1 9 10 5 10 10 1
617 21079321 2 2 1 4 5 478 9 5 478
618 21091819 1 1 1 8 1 59
619 21103812 1 1 1 2 3 1032
620 21104204 1 1 1 8 7 34
621 21104794 1 1 1 0 0 120
622 21111398 1 1 1 7 1 59
623 21133258 11 11 1 0 5 1 1 5 1 2 5 1 3 5 1 4 5 7 5 5 1 6 5 1 7 5 1 8 5 1 9 5 1 10 5 1
624 21139549 2 2 1 2 5 16577 6 5 16577
625 21140640 1 1 1 2 5 226
626 21188318 11 1 11 8 0 3024 8 1 662 8 2 7367 8 3 72 8 4 55 8 5 2959 8 6 129 8 7 31 8 8 113 8 9 5832 8 10 2991
627 21197898 2 2 1 3 7 26 8 7 26
628 21197969 1 1 1 6 5 104
629 21201316 1 1 1 1 4 48
630 21245109 11 1 11 9 0 65 9 1 27 9 2 19539 9 3 82 9 4 2499 9 5 87 9 6 1919 9 7 5 9 8 10 9 9 18798 9 10 56
631 21246475 3 3 1 0 8 1 6 8 42 8 8 1
632 21272109 11 1 11 7 0 16269 7 1 24213 7 2 266 7 3 24 7 4 2983 7 5 9 7 6 108 7 7 17 7 8 1240 7 9 48 7 10 86
633 21320055 11 1 11 0 0 634 0 1 22 0 2 111 0 3 80 0 4 277 0 5 111 0 6 159 0 7 88 0 8 3534 0 9 7664 0 10 232
634 21326229 2 2 1 7 6 100 8 6 201
635 21326738 1 1 1 4 10 208
636 21339052 3 3 2 4 4 56 7 10 1303 9 10 2606
637 21341123 1 1 1 9 10 74
638 21344280 1 1 1 3 0 6099
639 21346588 1 1 1 1 6 19
640 21351350 1 1 1 1 9 16240
641 21353801 1 1 1 4 6 147
642 21354471 1 1 1 4 2 212
643 21364420 4 4 1 3 0 7 5 0 14 7 0 67 10 0 7
644 21376909 3 3 1 0 9 3241 1 9 3241 2 9 9723
645 21382069 1 1 1 6 6 221
646 21410067 10 1 10 8 0 99 8 1 132 8 2 73 8 3 1533 8 4 221 8 6 3319 8 7 69 8 8 5 8 9 6103 8 10 106
647 21410639 1 1 1 2 4 3889
648 21414256 2 2 1 2 8 8 10 8 16
649 21999719 121 11 11 0 0 1 1 0 1 2 0 13 3 0 1 4 0 1 5 0 1 6 0 1 7 0 1 8 0 1 9 0 1 10 0 1 0 1 1 1 1 1 2 1 3 3 1 1 4 1 1 5 1 7 6 1 1 7 1 50 8 1 3 9 1 1 10 1 1 0 2 4655 1 2 13966 2 2 4655 3 2 4655 4 2 9311 5 2 18622 6 2 13966 7 2 4655 8 2 9311 9 2 4655 10 2 9311 0 3 111 1 3 111 2 3 111 3 3 333 4 3 222 5 3 111 6 3 111 7 3 111 8 3 111 9 3 889 10 3 111 0 4 2 1 4 4 2 4 2 3 4 2 4 4 15 5 4 2 6 4 4 7 4 2 8 4 141 9 4 2 10 4 8 0 5 7 1 5 7 2 5 7 3 5 7 4 5 7 5 5 7 6 5 7 7 5 36 8 5 14 9 5 36 10 5 7 0 6 1 1 6 1 2 6 6 3 6 1 4 6 1 5 6 1 6 6 4 7 6 1 8 6 3 9 6 1 10 6 1 0 7 20 1 7 20 2 7 41 3 7 20 4 7 3949 5 7 459 6 7 83 7 7 83 8 7 83 9 7 20 10 7 41 0 8 5 1 8 5 2 8 5 3 8 5 4 8 110 5 8 5 6 8 5 7 8 5 8 8 35 9 8 5 10 8 15 0 9 1 1 9 1 2 9 1 3 9 1 4 9 1 5 9 1 6 9 1 7 9 1 8 9 1 9 9 1 10 9 1 0 10 4 1 10 4 2 10 4 3 10 4 4 10 4 5 10 4 6 10 14 7 10 4 8 10 9 9 10 4 10 10 19
650 22079120 22 2 11 3 0 20 9 0 165 3 1 45 9 1 3 3 2 9 9 2 4 3 3 64 9 3 2 3 4 18344 9 4 9172 3 5 758 9 5 2274 3 6 2901 9 6 2901 3 7 26 9 7 26 3 8 2203 9 8 22038 3 9 2 9 9 34 3 10 61 9 10 40
651 22081586 2 2 1 0 0 35 2 0 175
652 22082204 1 1 1 2 8 26
653 22105256 4 4 1 0 0 1 1 0 1 5 0 1 7 0 25
654 22130024 11 1 11 4 0 183 4 1 7 4 2 71 4 3 4 4 4 76 4 5 30 4 6 10183 4 7 226 4 8 367 4 9 123 4 10 9840
655 22134097 1 1 1 5 7 333
656 22218894 22 2 11 1 0 28 7 0 85 1 1 117 7 1 235 1 2 49 7 2 49 1 3 508 7 3 15 1 4 147 7 4 4 1 5 20420 7 5 1458 1 6 1583 7 6 791 1 7 17 7 7 35 1 8 88 7 8 88 1 9 250 7 9 750 1 10 17 7 10 17
657 22268752 11 1 11 3 0 23 3 1 969 3 2 84 3 3 110 3 4 25 3 5 426 3 6 7729 3 7 222 3 8 52 3 9 54 3 10 162
658 22285427 5 5 1 1 6 4 3 6 4 5 6 4 7 6 12 9 6 4
659 22304232 6 3 3 5 2 2331 7 2 2331 3 3 772 7 3 772 3 8 3870 5 8 1290
660 22309845 1 1 1 5 6 3941
661 22312578 2 2 1 0 8 96 2 8 192
662 22321864 3 3 1 3 8 23 6 8 23 8 8 23
663 22334725 1 1 1 6 3 2671
664 22475982 33 3 11 3 0 63 4 0 7 6 0 14 3 1 31 4 1 62 6 1 31 3 2 23 4 2 23 6 2 94 3 3 17 4 3 17 6 3 35 3 4 233 4 4 233 6 4 233 3 5 100 4 5 50 6 5 50 3 6 1183 4 6 1183 6 6 2366 3 7 1034 4 7 1034 6 7 344 3 8 122 4 8 47 6 8 9 3 9 22 4 9 22 6 9 180 3 10 49 4 10 24 6 10 24
665 22486685 1 1 1 8 3 170
666 22488069 1 1 1 0 9 33
667 22519938 8 4 3 0 0 42 8 0 85 4 7 38 7 7 76 8 7 114 0 9 1 4 9 57 7 9 1
668 22527117 2 2 1 2 9 511 6 9 511
669 23013742 121 11 11 0 0 7820 1 0 3910 2 0 3910 3 0 11730 4 0 3910 5 0 3910 6 0 3910 7 0 3910 8 0 11730 9 0 3910 10 0 7820 0 1 2 1 1 2 2 1 2 3 1 2 4 1 5 5 1 2 6 1 5 7 1 2 8 1 2 9 1 121 10 1 2 0 2 5 1 2 5 2 2 5 3 2 5 4 2 5 5 2 10 6 2 15 7 2 278 8 2 10 9 2 10 10 2 5 0 3 2 1 3 2 2 3 2 3 3 48 4 3 5 5 3 8 6 3 2 7 3 2 8 3 8 9 3 2 10 3 2 0 4 6 1 4 22 2 4 42 3 4 13 4 4 6 5 4 13 6 4 3 7 4 13 8 4 3 9 4 3 10 4 3 0 5 6 1 5 2 2 5 2 3 5 2 4 5 2 5 5 2 6 5 20 7 5 2 8 5 4 9 5 2 10 5 2 0 6 1 1 6 1 2 6 1 3 6 1 4 6 1 5 6 1 6 6 10 7 6 5 8 6 1 9 6 1 10 6 1 0 7 10 1 7 31 2 7 21 3 7 10 4 7 10 5 7 10 6 7 10 7 7 10 8 7 31 9 7 10 10 7 10 0 8 5 1 8 25 2 8 2 3 8 8 4 8 19 5 8 39 6 8 2 7 8 8 8 8 2 9 8 2 10 8 8 0 9 1008 1 9 1008 2 9 2016 3 9 1008 4 9 1008 5 9 3024 6 9 2016 7 9 1008 8 9 3024 9 9 1008 10 9 1008 0 10 11 1 10 23 2 10 11 3 10 23 4 10 11 5 10 23 6 10 11 7 10 11 8 10 11 9 10 11 10 10 11
670 23030731 4 2 2 3 7 1444 6 7 14440 3 10 5 6 10 23
671 23038760 2 2 1 0 1 4 6 1 77
672 23040851 1 1 1 3 6 4650
673 23079232 11 1 11 8 0 1423 8 1 11834 8 2 51 8 3 75 8 4 83 8 5 6186 8 6 109 8 7 105 8 8 72 8 9 27535 8 10 19
674 23087278 3 3 1 0 5 93 1 5 46 8 5 46
675 23154150 11 11 1 0 1 7 1 1 2 2 1 2 3 1 2 4 1 7 5 1 5 6 1 2 7 1 2 8 1 5 9 1 2 10 1 36
676 23159526 1 1 1 4 7 31
677 23167098 2 2 2 10 1 19538 7 8 41548
678 23173549 1 1 1 4 2 1314
679 23192956 3 3 1 2 7 48 5 7 192 6 7 48
680 23200022 2 2 1 0 1 83 9 1 83
681 23208451 1 1 1 8 2 402
682 23226667 3 1 3 8 2 4 8 7 105 8 10 113
683 23240882 1 1 1 7 2 113
684 23343739 22 2 11 1 0 164 10 0 164 1 1 17 10 1 34 1 2 55 10 2 55 1 3 33 10 3 33 1 4 54 10 4 27 1 5 98 10 5 2 1 6 2 10 6 16 1 7 65 10 7 65 1 8 13 10 8 13 1 9 857 10 9 4285 1 10 134 10 10 134
685 23356644 3 3 1 0 2 2 4 2 2 7 2 2
686 23365804 5 5 1 1 1 9 6 1 9 7 1 75 8 1 9 9 1 9
687 23366661 1 1 1 2 6 33197
688 23394474 6 2 4 4 0 2030 5 0 8120 5 1 106 4 4 117 5 4 117 4 5 136
689 23398535 1 1 1 3 7 50
690 23404248 1 1 1 7 0 6
691 23407040 1 1 1 1 6 113
692 23412802 2 2 1 0 2 4 7 2 8
693 23414871 1 1 1 0 2 19488
694 23452365 11 1 11 9 0 44 9 1 12660 9 2 61 9 3 61 9 4 124 9 5 29 9 6 113 9 7 114 9 8 9535 9 9 77 9 10 46
695 23455496 1 1 1 8 5 120
696 23455533 1 1 1 2 8 93
697 23456804 1 1 1 6 2 3059
698 23457652 1 1 1 4 9 6163
699 23460534 1 1 1 8 9 5752
700 23465573 1 1 1 9 10 4807
701 23465761 1 1 1 8 1 671
702 23483535 1 1 1 5 6 1703
703 23497545 2 2 1 6 7 4 10 7 2
704 23502303 1 1 1 6 0 87
705 23539713 8 4 3 2 7 375 5 7 93 10 7 281 2 9 37 8 9 111 10 9 37 5 10 9775 8 10 9775
706 23542331 1 1 1 4 6 3259
707 23542611 1 1 1 3 9 15
708 23543609 2 2 1 4 0 57 9 0 114
709 23547718 1 1 1 0 1 6
710 23549314 1 1 1 9 6 103
711 23558702 6 3 3 0 0 291 5 0 58 8 0 349 0 6 66 5 6 66 8 10 28
712 23563143 1 1 1 6 5 190
713 23785902 44 4 11 3 0 50 4 0 50 6 0 50 10 0 201 3 1 767 4 1 767 6 1 767 10 1 767 3 2 6 4 2 6 6 2 6 10 2 6 3 3 9 4 3 1 6 3 1 10 3 1 3 4 10 4 4 10 6 4 10 10 4 10 3 5 26 4 5 26 6 5 104 10 5 78 3 6 24 4 6 12 6 6 12 10 6 24 3 7 21 4 7 21 6 7 21 10 7 21 3 8 6333 4 8 3800 6 8 2533 10 8 2533 3 9 21 4 9 21 6 9 21 10 9 42 3 10 964 4 10 964 6 10 964 10 10 4822
714 23786655 1 1 1 9 9 63
715 23811940 3 3 1 4 6 177 6 6 132 8 6 44
716 23812070 1 1 1 4 7 38995
717 23815574 2 2 1 0 1 54 7 1 54
718 23938054 22 2 11 0 0 1730 3 0 1730 0 1 5196 3 1 5196 0 2 52 3 2 10 0 3 44 3 3 44 0 4 1607 3 4 66 0 5 29 3 5 29 0 6 17 3 6 17 0 7 70 3 7 47 0 8 417 3 8 417 0 9 38 3 9 38 0 10 7 3 10 162
719 23939427 1 1 1 4 1 89
720 23942707 1 1 1 7 5 436
721 23943798 1 1 1 0 6 4843
722 24022999 11 1 11 6 0 118 6 1 3957 6 2 115 6 3 19544 6 4 49 6 5 43 6 6 50 6 7 39 6 8 1984 6 9 95 6 10 666
723 24038864 5 5 1 1 2 20 6 2 20 7 2 20 9 2 20 10 2 20
724 24040679 1 1 1 3 7 6423
725 24113191 11 1 11 2 0 74 2 1 18251 2 2 187 2 3 90 2 4 178 2 5 2710 2 6 309 2 7 66 2 8 33119 2 9 181 2 10 35
726 24118153 1 1 1 3 3 98
727 24120552 1 1 1 2 9 109
728 24121898 1 1 1 9 4 3990
729 24127032 1 1 1 8 5 10
730 24190783 10 2 7 3 1 49 9 1 49 3 3 4 9 3 32 9 5 121 3 6 86 3 7 29 9 7 29 9 8 143 3 10 1024
731 24193287 1 1 1 6 10 41311
732 24194979 1 1 1 7 1 90
733 24201589 2 2 1 2 8 47 5 8 9
734 24203680 1 1 1 9 0 19037
735 24237752 12 3 6 2 0 1055 10 0 14776 10 1 167 6 3 72 2 4 32 6 4 65 10 4 32 2 9 167 6 9 83 2 10 20 6 10 10 10 10 10
736 24241261 1 1 1 0 9 178
737 24254500 4 1 4 4 2 117 4 3 24 4 4 301 4 10 37
738 24261001 2 2 1 1 5 131 8 5 263
739 24289135 5 5 2 2 7 1 3 7 1 9 7 34 10 7 1 6 8 22
740 24293915 1 1 1 7 5 2961
741 24365864 15 5 5 1 2 10 2 2 15 8 2 15 9 2 5 2 3 9839 5 3 1405 9 3 7028 1 4 6 5 4 6 8 4 34 2 7 615 9 7 1 1 9 66582 5 9 30913 8 9 2377
742 24366618 1 1 1 1 2 89
743 24368084 1 1 1 10 0 10201
744 24369203 1 1 1 3 0 176
745 24398144 11 1 11 4 0 198 4 1 51 4 2 46 4 3 341 4 4 106 4 5 74 4 6 11358 4 7 60 4 8 1380 4 9 35 4 10 54
746 24403556 1 1 1 7 9 261
747 24411557 2 2 1 3 10 435 9 10 1
748 24413305 2 2 1 4 4 16 7 4 8
749 24418990 1 1 1 9 0 19603
750 24419273 1 1 1 0 3 5
751 24419595 1 1 1 10 5 1395
752 24426279 2 2 1 1 5 5901 6 5 1967
753 24445087 8 4 4 4 0 3269 10 1 17 0 7 54 1 7 54 0 10 22 1 10 22 4 10 22 10 10 22
754 24445240 1 1 1 1 3 1428
755 24447339 1 1 1 1 2 24
756 24448763 2 2 1 0 9 2 4 9 215
757 24481925 6 6 2 2 2 7926 8 2 3963 1 7 6 4 7 6 5 7 6 10 7 6
758 24534238 11 1 11 10 0 77 10 1 56 10 2 33 10 3 8534 10 4 10 10 5 108 10 6 93 10 7 1280 10 8 73 10 9 41 10 10 286
759 24565266 6 3 3 0 2 7882 10 2 7882 0 4 43 5 4 43 5 9 89 10 9 178
760 24567296 2 2 1 0 9 29472 7 9 29472
761 24573863 2 2 2 4 2 2414 8 8 14980
762 24578757 1 1 1 6 8 85
763 24655849 22 11 4 4 3 3 5 3 10 6 3 7 7 3 3 0 4 47 1 4 18 2 4 18 3 4 9 5 4 94 9 4 9 10 4 9 0 7 1 3 7 1 7 7 1 8 7 1 10 7 1 1 9 4234 2 9 4234 4 9 4234 6 9 2117 8 9 2117 9 9 2117
764 24743117 22 2 11 4 0 5 7 0 22 4 1 627 7 1 627 4 2 1746 7 2 1746 4 3 118 7 3 118 4 4 20 7 4 26 4 5 7147 7 5 7147 4 6 1064 7 6 14896 4 7 9 7 7 9 4 8 1089 7 8 6535 4 9 2385 7 9 4770 4 10 73 7 10 73
765 24744584 1 1 1 1 5 30
766 24759631 1 1 1 2 4 21
767 24763382 1 1 1 3 6 234
768 25250491 121 11 11 0 0 22 1 0 11 2 0 11 3 0 22 4 0 11 5 0 11 6 0 11 7 0 11 8 0 11 9 0 33 10 0 22 0 1 1 1 1 2 2 1 1 3 1 1 4 1 1 5 1 2 6 1 1 7 1 1 8 1 1 9 1 1 10 1 68 0 2 28 1 2 28 2 2 28 3 2 56 4 2 28 5 2 56 6 2 28 7 2 28 8 2 28 9 2 28 10 2 28 0 3 1 1 3 1 2 3 2 3 3 3 4 3 1 5 3 1 6 3 1 7 3 1 8 3 1 9 3 1 10 3 1 0 4 4 1 4 4 2 4 9 3 4 22 4 4 4 5 4 13 6 4 4 7 4 4 8 4 4 9 4 9 10 4 4 0 5 298 1 5 149 2 5 149 3 5 17039 4 5 448 5 5 149 6 5 597 7 5 149 8 5 448 9 5 149 10 5 149 0 6 438 1 6 438 2 6 438 3 6 438 4 6 438 5 6 1752 6 6 438 7 6 438 8 6 438 9 6 438 10 6 876 0 7 1 1 7 1 2 7 1 3 7 1 4 7 98 5 7 1 6 7 1 7 7 3 8 7 1 9 7 2 10 7 1 0 8 10 1 8 10 2 8 10 3 8 10 4 8 54 5 8 10 6 8 10 7 8 10 8 8 10 9 8 32 10 8 21 0 9 7 1 9 3 2 9 3 3 9 7 4 9 40 5 9 33 6 9 18 7 9 3 8 9 14 9 9 3 10 9 3 0 10 7 1 10 7 2 10 7 3 10 22 4 10 145 5 10 22 6 10 7 7 10 22 8 10 7 9 10 15 10 10 15
769 25250662 1 1 1 6 4 174
770 25519021 66 11 11 0 0 101 1 0 101 3 0 101 4 0 101 6 0 203 8 0 101 0 1 1 1 1 1 3 1 1 5 1 1 6 1 1 7 1 4 9 1 1 10 1 1 3 2 43 4 2 21 6 2 21 9 2 21 0 3 560 1 3 1121 2 3 1682 3 3 1121 6 3 560 7 3 2243 10 3 560 3 4 26 4 4 26 5 4 52 6 4 52 10 4 26 2 5 38 3 5 38 8 5 38 1 6 18 4 6 18 7 6 18 8 6 18 9 6 18 0 7 13 1 7 13 2 7 13 5 7 39 7 7 13 8 7 183 9 7 13 10 7 131 2 8 1698 5 8 3396 7 8 3396 8 8 1698 9 8 1698 0 9 1 2 9 1 4 9 1 5 9 1 8 9 1 9 9 1 10 9 4 0 10 111 1 10 111 2 10 111 4 10 111 5 10 111 6 10 111 7 10 111 10 10 5240
771 25525255 1 1 1 1 5 36
772 25568046 11 1 11 9 0 1473 9 1 90 9 2 125 9 3 201 9 4 286 9 5 14 9 6 114 9 7 22 9 8 124 9 9 80 9 10 49
773 25568677 1 1 1 9 3 80
774 25572834 1 1 1 3 1 263
775 25598247 6 3 3 8 4 7787 4 8 8 9 8 16 4 9 1049 8 9 2099 9 9 1049
776 25611147 3 3 1 6 1 953 7 1 317 9 1 4448
777 25612190 1 1 1 6 9 89
778 25621916 1 1 1 2 2 11
779 25634818 3 3 2 4 5 599 5 10 105 7 10 35
780 25699356 11 1 11 1 0 212 1 1 112 1 2 547 1 3 473 1 4 73 1 5 18966 1 6 1 1 7 21 1 8 4042 1 9 129 1 10 137
781 25711530 4 4 1 1 10 290 3 10 145 4 10 145 9 10 145
782 25736065 11 1 11 0 0 128 0 1 92 0 2 29 0 3 48 0 4 25 0 5 1219 0 6 67 0 7 22786 0 8 4 0 9 183 0 10 77
783 26347009 121 11 11 0 0 8 1 0 2 2 0 11 3 0 5 4 0 2 5 0 2 6 0 2 7 0 26 8 0 2 9 0 17 10 0 2 0 1 615 1 1 615 2 1 4306 3 1 2460 4 1 615 5 1 615 6 1 615 7 1 615 8 1 1845 9 1 615 10 1 1230 0 2 15 1 2 15 2 2 15 3 2 30 4 2 30 5 2 15 6 2 15 7 2 15 8 2 30 9 2 15 10 2 15 0 3 3 1 3 27 2 3 9 3 3 3 4 3 3 5 3 3 6 3 6 7 3 3 8 3 9 9 3 6 10 3 3 0 4 19 1 4 4 2 4 9 3 4 748 4 4 110 5 4 38 6 4 4 7 4 9 8 4 9 9 4 9 10 4 4 0 5 2 1 5 8 2 5 2 3 5 29 4 5 2 5 5 2 6 5 2 7 5 2 8 5 10 9 5 19 10 5 2 0 6 7 1 6 7 2 6 7 3 6 7 4 6 15 5 6 7 6 6 38 7 6 31 8 6 15 9 6 7 10 6 46 0 7 28 1 7 28 2 7 28 3 7 28 4 7 28 5 7 28 6 7 85 7 7 28 8 7 28 9 7 28 10 7 85 0 8 2 1 8 2 2 8 2 3 8 4 4 8 2 5 8 4 6 8 2 7 8 6 8 8 2 9 8 4 10 8 2 0 9 590 1 9 98 2 9 98 3 9 98 4 9 196 5 9 196 6 9 688 7 9 98 8 9 98 9 9 98 10 9 98 0 10 21 1 10 42 2 10 21 3 10 21 4 10 171 5 10 192 6 10 21 7 10 85 8 10 42 9 10 8790 10 10 21
784 26348879 1 1 1 6 6 188
785 26349964 1 1 1 7 2 161
786 26373184 4 2 3 2 0 36 6 1 21 2 3 26 6 3 26
787 26383010 2 2 2 1 4 12 2 5 186
788 26383422 1 1 1 3 4 78
789 26454887 11 1 11 5 0 80 5 1 145 5 2 355 5 3 9431 5 4 117 5 5 15743 5 6 105 5 7 1704 5 8 145 5 9 121 5 10 136
790 26460613 2 2 1 2 7 163 5 7 163
791 26468580 1 1 1 5 1 87
792 26474216 1 1 1 10 8 20
793 26557610 22 2 11 7 0 4793 8 0 4793 7 1 1618 8 1 3237 7 2 3797 8 2 15189 7 3 1346 8 3 1346 7 4 43 8 4 43 7 5 36 8 5 18 7 6 192 8 6 96 7 7 808 8 7 404 7 8 2765 8 8 5531 7 9 5 8 9 88 7 10 35 8 10 35
794 26650753 21 3 10 9 0 118 4 1 696 9 1 696 3 2 3 4 2 3 9 2 32 3 3 6 4 3 13 9 3 1 3 4 349 4 4 349 9 4 699 3 5 28 4 5 56 9 6 17064 3 8 69 4 8 6 3 9 111 9 9 223 3 10 43 4 10 86
795 26651979 1 1 1 4 3 224
796 26652872 1 1 1 1 9 13
797 26654340 1 1 1 3 9 99634
798 26680867 8 4 3 10 1 220 0 3 21 3 3 64 7 3 21 0 10 55 3 10 55 7 10 1664 10 10 221
799 26681186 1 1 1 2 1 9833
800 26726860 10 5 4 0 2 2 3 2 2 8 2 4 3 4 18 6 4 18 0 7 548 6 7 1096 7 7 1096 8 7 4384 7 9 119
801 26732671 1 1 1 2 9 321
802 26737642 1 1 1 7 10 4991
803 26740539 2 2 1 0 4 23 7 4 23
804 26756353 2 1 2 9 0 234 9 3 98
805 26768888 1 1 1 10 0 4828
806 26771382 1 1 1 9 6 9609
807 26801530 6 3 3 2 1 4 3 1 4 3 3 131 6 3 131 2 8 5115 6 8 5115
808 26810922 1 1 1 8 9 178
809 26850228 11 11 1 0 7 2403 1 7 1201 2 7 1201 3 7 3605 4 7 1201 5 7 2403 6 7 1201 7 7 1201 8 7 1201 9 7 3605 10 7 8411
810 26883421 8 4 3 0 3 33 2 3 33 9 3 33 0 9 475 3 9 951 9 9 17600 2 10 1456 3 10 970
811 26884135 1 1 1 5 4 84
812 26889103 1 1 1 1 7 83
813 26891044 1 1 1 7 7 37
814 26906335 2 2 1 5 5 17 9 5 17
815 26911521 1 1 1 2 8 69
816 27236652 66 11 11 0 0 43 1 0 21 3 0 21 5 0 43 8 0 21 1 1 42 4 1 64 5 1 21 7 1 21 8 1 21 10 1 21 0 2 50 4 2 8 5 2 8 7 2 8 8 2 8 0 3 2022 2 3 252 3 3 252 4 3 1770 6 3 252 7 3 252 8 3 5815 9 3 505 10 3 252 0 4 6 1 4 6 2 4 19 5 4 12 6 4 6 7 4 19 10 4 12 0 5 12 1 5 6 3 5 6 4 5 6 6 5 6 7 5 146 8 5 6 9 5 12 1 6 5 2 6 86 3 6 96 5 6 5 9 6 5 10 6 10 1 7 91 2 7 10 4 7 20 8 7 51 9 7 10 10 7 10 4 8 2636 5 8 7908 6 8 2636 10 8 2636 2 9 358 3 9 358 6 9 716 7 9 358 9 9 358 0 10 47 2 10 1 3 10 2 6 10 5 9 10 2
817 27303163 11 11 2 0 5 17 2 5 51 3 5 17 4 5 85 7 5 17 9 5 17 1 7 471 5 7 471 6 7 471 8 7 471 10 7 471
818 27306210 1 1 1 6 2 87
819 27323435 6 6 1 3 7 9081 4 7 534 6 7 534 8 7 534 9 7 534 10 7 534
820 27341376 2 2 1 5 0 69 7 0 11
821 27348442 1 1 1 6 2 125
822 27365687 3 3 1 4 10 36 8 10 63 10 10 9
823 27367316 1 1 1 6 4 22
824 27373761 1 1 1 9 6 210
825 27381226 1 1 1 3 5 334
826 27400542 2 2 1 6 9 7 8 9 1
827 27400988 1 1 1 9 9 37
828 27418413 2 2 1 4 8 6349 9 8 6349
829 27428254 1 1 1 7 4 86
830 27444618 2 2 1 2 10 1 9 10 1
831 27446496 1 1 1 6 0 326
832 27452832 1 1 1 1 3 186
833 27670067 45 9 9 1 0 24 4 0 24 9 0 24 1 1 27 3 1 27 9 1 27 10 1 27 0 2 47 2 2 7 3 2 15 5 2 7 6 2 7 10 2 7 0 3 14 1 3 14 5 3 71 6 3 43 9 3 43 10 3 14 2 5 67 4 5 5 5 5 15 6 5 5 9 5 5 0 6 89 1 6 9 2 6 9 3 6 9 5 6 9 10 6 9 2 8 121 3 8 1033 4 8 60 6 8 60 9 8 60 0 9 21 1 9 5 2 9 91 4 9 10 5 9 5 6 9 5 0 10 180 3 10 180 4 10 180 10 10 3421
834 27673426 1 1 1 7 3 47
835 27682842 2 1 2 7 1 11203 7 10 43
836 27684249 1 1 1 5 7 1956
837 27695538 1 1 1 4 9 89
838 27701709 2 2 1 0 4 121 7 4 12
839 27704475 1 1 1 4 9 52
840 27708110 1 1 1 0 2 27510
841 27714438 1 1 1 5 8 3181
842 27717163 1 1 1 3 5 6047
843 27721822 1 1 1 2 10 160
844 27771495 11 1 11 10 0 106 10 1 174 10 2 100 10 3 335 10 4 12 10 5 302 10 6 36 10 7 8 10 8 225 10 9 211 10 10 134
845 27776096 2 2 2 5 2 5947 1 8 195
846 27776458 1 1 1 8 10 66
847 27778523 1 1 1 3 0 204
848 27779558 1 1 1 4 8 196
849 27780626 1 1 1 8 8 3980
850 28012938 55 11 10 1 0 7 2 0 7 3 0 7 4 0 7 6 0 14 9 0 7 1 1 6631 2 1 2210 6 1 2210 8 1 2210 9 1 19893 0 2 252 2 2 757 3 2 3532 4 2 13626 7 2 757 8 2 252 10 2 252 4 3 1 5 3 5 6 3 1 7 3 1 9 3 1 10 3 1 0 4 7 1 4 2 2 4 2 3 4 2 5 4 2 6 4 2 7 4 7 8 4 9 10 4 2 3 5 866 5 5 433 7 5 433 8 5 433 9 5 433 10 5 433 0 6 52 2 6 17 5 6 35 7 6 17 8 6 35 4 8 17 5 8 8 9 8 8 0 9 1139 1 9 3417 3 9 2278 4 9 4556 0 10 150 1 10 150 6 10 150 10 10 150
851 28021652 2 2 1 1 1 11 5 1 11
852 28023226 1 1 1 2 1 31
853 28061682 11 1 11 0 0 153 0 1 2910 0 2 9510 0 3 192 0 4 90 0 5 20 0 6 84 0 7 9216 0 8 2005 0 9 36 0 10 2104
854 28096251 4 4 1 0 4 7 1 4 7 5 4 7 7 4 7
855 28338123 60 10 11 2 0 15 4 0 15 6 0 15 8 0 15 9 0 15 10 0 61 1 1 6 2 1 2 4 1 5 6 1 1 7 1 7 8 1 1 10 1 14 0 2 3723 1 2 3723 5 2 3723 9 2 3723 1 3 10 2 3 145 6 3 31 8 3 20 10 3 207 0 4 19 4 4 19 6 4 19 7 4 19 8 4 38 10 4 38 1 5 7 5 5 7 6 5 38 8 5 15 9 5 7 1 6 1 2 6 1 5 6 1 8 6 1 9 6 1 10 6 1 0 7 15631 4 7 15631 5 7 15631 7 7 31262 0 8 24 1 8 24 2 8 49 5 8 396 7 8 24 9 8 74 10 8 24 0 9 47 2 9 23 4 9 11 6 9 11 7 9 11 9 9 11 0 10 27 4 10 30 5 10 3 7 10 3
856 28342085 1 1 1 7 9 33178
857 28343776 1 1 1 1 0 106
858 28343905 1 1 1 9 8 5
859 28358510 2 2 1 0 10 8503 7 10 8503
860 28364678 1 1 1 5 8 10
861 28365562 1 1 1 1 4 11373
862 28436778 11 1 11 0 0 25013 0 1 72 0 2 195 0 3 1525 0 4 69 0 5 99 0 6 263 0 7 3946 0 8 26 0 9 3854 0 10 88
863 28501367 15 5 5 1 1 3842 3 1 3842 2 3 43 3 3 43 9 3 43 1 4 56 2 4 37 3 4 169 5 4 18 5 6 130 9 6 65 1 7 36 2 7 29 5 7 7 9 7 14
864 28506421 1 1 1 5 9 150
865 28509097 1 1 1 2 7 654
866 28542598 5 5 1 3 10 4 4 10 27 5 10 4 6 10 9 7 10 18
867 28546987 2 2 2 4 6 82 8 10 404
868 28567827 3 1 3 8 4 172 8 7 99288 8 8 116
869 28578636 1 1 1 8 10 33
870 28591934 2 2 2 0 4 42 1 10 56
871 28592690 1 1 1 4 4 44
872 28594834 1 1 1 0 2 3070
873 28595641 1 1 1 3 10 139
874 28601059 1 1 1 2 8 55
875 28637036 6 3 3 2 4 1 3 4 179 10 4 1 10 5 4791 2 6 196 3 6 1
876 28667878 6 2 4 4 4 72 7 4 36 4 5 37 7 5 25 7 8 279 4 9 119
877 28669868 1 1 1 2 10 77
878 28685757 3 1 3 5 2 4726 5 6 344 5 8 17
879 28689853 1 1 1 2 9 19053
880 28689924 1 1 1 7 2 37
881 28701489 1 1 1 6 4 9040
882 28703377 1 1 1 5 3 103
883 28708550 3 3 2 9 2 15 7 4 34 10 4 17
884 28768489 11 1 11 4 0 65 4 1 71 4 2 2701 4 3 48 4 4 119 4 5 110 4 6 201 4 7 9814 4 8 303 4 9 2647 4 10 33
885 28768702 1 1 1 1 2 341
886 28936762 33 3 11 3 0 91 5 0 367 10 0 183 3 1 5 5 1 8 10 1 2 3 2 3921 5 2 3921 10 2 11764 3 3 76 5 3 38 10 3 38 3 4 73 5 4 73 10 4 73 3 5 2366 5 5 7099 10 5 2366 3 6 38 5 6 38 10 6 38 3 7 1929 5 7 1929 10 7 5788 3 8 40 5 8 10 10 8 40 3 9 73 5 9 73 10 9 73 3 10 5 5 10 26 10 10 1
887 28937662 1 1 1 4 3 163
888 28946778 1 1 1 7 1 93
889 28961359 8 4 4 1 2 8 2 2 16 7 2 8 8 3 23 2 6 3185 8 6 6371 1 7 2 7 7 92
890 28963766 1 1 1 1 8 5988
891 28966571 1 1 1 2 0 7153
892 29051827 22 2 11 7 0 24 10 0 24 7 1 28 10 1 143 7 2 21 10 2 21 7 3 188 10 3 47 7 4 185 10 4 92 7 5 3183 10 5 4775 7 6 21115 10 6 7038 7 7 120 10 7 18 7 8 10 10 8 10 7 9 1957 10 9 978 7 10 5 10 10 17
893 29055493 1 1 1 10 9 3890
894 29066441 2 2 1 7 10 104 8 10 104
895 29067611 1 1 1 3 6 127
896 29092151 3 3 1 0 7 2662 3 7 2662 9 7 2662
897 29094419 1 1 1 6 3 117
898 29094482 1 1 1 6 9 2130
899 29096121 1 1 1 6 9 7857
900 29099029 1 1 1 3 1 56
901 29100246 1 1 1 6 10 231
902 29102485 1 1 1 3 10 33136
903 29104305 1 1 1 6 0 1992
904 29109761 1 1 1 6 9 56
905 29457739 66 6 11 1 0 59 3 0 14 4 0 14 5 0 7 9 0 7 10 0 7 1 1 1 3 1 1 4 1 1 5 1 1 9 1 1 10 1 1 1 2 21 3 2 21 4 2 21 5 2 43 9 2 21 10 2 21 1 3 7 3 3 58 4 3 7 5 3 21 9 3 7 10 3 14 1 4 38 3 4 19 4 4 19 5 4 19 9 4 19 10 4 19 1 5 3 3 5 3 4 5 3 5 5 6 9 5 6 10 5 6 1 6 41 3 6 6 4 6 62 5 6 13 9 6 34 10 6 13 1 7 4885 3 7 1628 4 7 1628 5 7 1628 9 7 1628 10 7 1628 1 8 2 3 8 4 4 8 2 5 8 2 9 8 2 10 8 8 1 9 7 3 9 7 4 9 51 5 9 29 9 9 7 10 9 7 1 10 44 3 10 29 4 10 14 5 10 14 9 10 44 10 10 14
906 29503692 11 1 11 9 0 354 9 1 13 9 2 12075 9 3 266 9 4 1201 9 5 130 9 6 81 9 7 111 9 8 1428 9 9 199 9 10 48
907 29512647 1 1 1 8 5 56
908 29772273 66 11 11 0 0 5 3 0 10 4 0 52 7 0 5 10 0 37 1 1 14 5 1 14 6 1 14 7 1 127 8 1 14 10 1 42 2 2 45 3 2 22 4 2 22 5 2 136 6 2 45 8 2 136 9 2 22 10 2 22 0 3 55 2 3 335 6 3 55 8 3 279 10 3 335 0 4 1 1 4 1 4 4 1 5 4 11 7 4 1 10 4 1 1 5 29 3 5 14 4 5 14 9 5 29 0 6 878 1 6 439 5 6 1317 6 6 439 0 7 1 2 7 1 3 7 1 6 7 1 7 7 1 8 7 5 9 7 2 0 8 9 1 8 4 2 8 4 3 8 4 7 8 4 8 8 41 9 8 4 10 8 4 1 9 290 2 9 10763 4 9 290 5 9 581 6 9 581 9 9 3781 2 10 1 3 10 1 4 10 9 5 10 1 7 10 1 8 10 1 9 10 1
909 29776284 2 2 1 3 4 98 7 4 98
910 29780061 1 1 1 0 3 13
911 29781839 1 1 1 3 0 114
912 29781942 1 1 1 1 7 178
913 29784244 1 1 1 3 1 2410
914 29797063 3 3 1 0 5 12 1 5 2 10 5 8
915 29848836 11 1 11 3 0 160 3 1 157 3 2 46 3 3 44 3 4 43 3 5 263 3 6 6554 3 7 101 3 8 9577 3 9 88 3 10 15882
916 29856651 3 3 1 6 2 1693 7 2 5081 8 2 1693
917 29868627 1 1 1 5 10 1053
918 29876298 2 2 1 0 8 99 5 8 19
919 30044949 33 3 11 0 0 4805 4 0 2402 9 0 2402 0 1 42 4 1 21 9 1 21 0 2 832 4 2 416 9 2 416 0 3 41 4 3 20 9 3 20 0 4 13 4 4 13 9 4 27 0 5 67 4 5 33 9 5 67 0 6 41 4 6 82 9 6 20 0 7 2969 4 7 2969 9 7 5939 0 8 12 4 8 12 9 8 37 0 9 98 4 9 49 9 9 49 0 10 55 4 10 27 9 10 27
920 30046117 2 2 1 2 4 43 9 4 43
921 30134419 11 11 1 0 4 51 1 4 259 2 4 51 3 4 415 4 4 155 5 4 51 6 4 259 7 4 51 8 4 51 9 4 259 10 4 51
922 30139340 1 1 1 6 1 64
923 30145298 1 1 1 6 1 30
924 30145943 1 1 1 4 3 30
925 30203473 11 11 3 1 2 16 2 2 16 9 2 16 3 5 10 7 5 20 8 5 10 0 8 10 4 8 10 5 8 15 6 8 10 10 8 10
926 30217955 2 2 2 3 3 51 7 10 50
927 30219271 1 1 1 5 9 3
928 30259206 11 1 11 10 0 209 10 1 80 10 2 711 10 3 12038 10 4 117061 10 5 118 10 6 6 10 7 113 10 8 119 10 9 2298 10 10 65
929 30313093 11 11 1 0 8 8 1 8 8 2 8 8 3 8 8 4 8 8 5 8 8 6 8 8 7 8 17 8 8 8 9 8 60 10 8 8
930 30380455 15 5 5 6 0 6 7 0 6 2 2 21 3 2 4 5 2 17 6 2 8 2 3 258 3 3 258 5 3 258 7 3 258 3 8 20 5 8 20 6 8 20 2 10 102 7 10 102
931 30426711 10 10 1 1 6 264 2 6 264 3 6 264 4 6 264 5 6 264 6 6 264 7 6 264 8 6 264 9 6 264 10 6 264
932 30476520 10 5 4 0 1 19 2 1 13 5 1 6 6 1 6 10 1 6 0 4 3290 2 4 3290 10 6 112 5 8 12257 6 8 12257
933 30483998 1 1 1 0 4 29
934 30489157 1 1 1 4 6 108
935 30489636 1 1 1 6 4 8
936 30506756 1 1 1 5 7 343
937 30514265 1 1 1 9 3 3
938 30541683 7 7 3 1 5 149 2 5 13 5 5 13 0 9 22 3 9 22 4 10 164 10 10 54
939 30542438 1 1 1 3 1 98
940 30543673 1 1 1 8 0 65
941 30545027 1 1 1 6 2 115
942 30554838 1 1 1 5 9 32
943 30557437 1 1 1 5 2 54
944 30829635 50 10 9 0 0 82 1 0 27 5 0 13 7 0 13 9 0 13 5 1 128 8 1 51 10 1 51 1 3 7 4 3 14 5 3 14 9 3 7 0 4 120 1 4 120 4 4 361 6 4 6147 7 4 120 8 4 120 9 4 120 10 4 241 0 5 1421 3 5 1421 5 5 710 6 5 2131 10 5 1421 3 6 20 4 6 62 5 6 20 7 6 20 8 6 20 0 7 1 1 7 1 3 7 1 6 7 1 7 7 1 8 7 1 9 7 1 10 7 16 0 9 18 1 9 18 3 9 93 4 9 12 6 9 6 8 9 6 10 9 6 3 10 24 4 10 12 6 10 12 7 10 12 9 10 12
945 30914110 22 2 11 2 0 55 7 0 220 2 1 11 7 1 987 2 2 159 7 2 159 2 3 45 7 3 22 2 4 199 7 4 19 2 5 16 7 5 48 2 6 172 7 6 345 2 7 4587 7 7 4587 2 8 414 7 8 207 2 9 17 7 9 17 2 10 97 7 10 97
946 31066129 44 11 8 2 0 101 3 0 101 5 0 101 3 1 16 4 1 24 6 1 8 9 1 24 1 2 211 2 2 211 3 2 1690 7 2 211 8 2 845 9 2 211 0 3 72 1 3 18 4 3 36 5 3 18 6 3 18 7 3 18 8 3 18 10 3 54 0 4 62 1 4 687 4 4 62 5 4 62 7 4 62 9 4 125 0 7 5 2 7 5 6 7 5 8 7 5 9 7 5 10 7 5 0 9 23 4 9 23 6 9 23 7 9 23 8 9 23 10 9 46 1 10 31 2 10 31 3 10 31 5 10 31 10 10 63
947 31069115 1 1 1 8 6 101
948 31075945 3 3 1 3 6 2130 6 6 17041 8 6 426
949 31123284 11 1 11 2 0 2452 2 1 56 2 2 350 2 3 13 2 4 5654 2 5 43 2 6 41 2 7 10159 2 8 58527 2 9 22074 2 10 1329
950 31126789 1 1 1 5 3 162
951 31129786 1 1 1 0 2 9549
952 31242967 22 2 11 1 0 98 7 0 98 1 1 58 7 1 58 1 2 9 7 2 9 1 3 19 7 3 19 1 4 2816 7 4 2816 1 5 300 7 5 150 1 6 2 7 6 2 1 7 51 7 7 51 1 8 84 7 8 337 1 9 13 7 9 39 1 10 15 7 10 15
953 31247921 1 1 1 6 8 158
954 31249759 1 1 1 9 10 3348
955 31305955 11 1 11 1 0 4157 1 1 7852 1 2 139 1 3 45 1 4 12642 1 5 155 1 6 3190 1 7 11838 1 8 1925 1 9 333 1 10 202
956 31373839 11 1 11 2 0 117 2 1 74 2 2 1620 2 3 107 2 4 61 2 5 6297 2 6 189 2 7 7292 2 8 64 2 9 27 2 10 168
957 31377939 1 1 1 6 10 84
958 31503795 33 3 11 4 0 67 5 0 22 7 0 22 4 1 17 5 1 17 7 1 34 4 2 2005 5 2 3342 7 2 7352 4 3 75 5 3 75 7 3 75 4 4 169 5 4 169 7 4 677 4 5 49 5 5 24 7 5 24 4 6 1575 5 6 2363 7 6 787 4 7 22 5 7 22 7 7 22 4 8 812 5 8 1624 7 8 8935 4 9 77 5 9 77 7 9 77 4 10 37 5 10 37 7 10 37
959 31503866 1 1 1 5 2 76
960 31504646 1 1 1 8 7 7
961 31511460 1 1 1 6 8 98
962 31517258 1 1 1 0 10 101
963 31526285 1 1 1 10 4 2066
964 31551233 11 1 11 2 0 296 2 1 5833 2 2 23494 2 3 108 2 4 34 2 5 117 2 6 237 2 7 75 2 8 80 2 9 14251 2 10 74
965 31591074 7 7 1 1 6 784 2 6 784 4 6 2352 6 6 784 7 6 1568 8 6 784 10 6 784
966 31654396 11 1 11 6 0 3 6 1 19 6 2 3 6 3 86 6 4 38 6 5 2978 6 6 36 6 7 123 6 8 455 6 9 990 6 10 77
967 31656606 1 1 1 3 9 8254
968 31659636 1 1 1 1 7 13053
969 31659838 1 1 1 1 1 6164
970 31663834 3 3 2 7 3 27 9 7 23 10 7 103
971 31670204 1 1 1 9 9 6172
972 31679028 1 1 1 5 6 16428
973 31682655 1 1 1 0 7 43
974 31693589 1 1 1 1 5 19629
975 31697622 1 1 1 3 1 9782
976 31703419 3 3 2 8 1 4877 1 5 3580 4 5 1193
977 31707005 4 4 2 1 4 157 2 10 36 3 10 2 9 10 7
978 31720089 1 1 1 10 3 2
979 31747117 2 2 1 6 3 15 10 3 15
980 31748577 1 1 1 6 4 9554
981 31749317 1 1 1 9 0 222
982 31754412 2 2 1 2 4 39 4 4 39
983 31763291 2 2 1 1 6 137 5 6 137
984 31771699 2 2 1 6 8 42 9 8 42
985 31827763 11 1 11 6 0 177 6 1 15797 6 2 35 6 3 136 6 4 52 6 5 1374 6 6 140 6 7 669 6 8 13 6 9 15738 6 10 106
986 31840103 1 1 1 5 10 9830
987 31842133 1 1 1 5 1 15193
988 31850345 1 1 1 5 8 40
989 31858375 1 1 1 8 4 42
990 31863216 1 1 1 5 10 39
991 31863461 1 1 1 6 0 103
992 31937022 20 10 5 1 2 56 5 2 8 7 2 17 10 2 12 2 5 3597 4 5 1199 9 5 1199 0 6 530 4 6 2654 6 6 2123 8 6 530 0 8 12619 6 8 3605 1 10 19 2 10 39 5 10 19 7 10 19 8 10 19 9 10 19 10 10 19
993 31943568 1 1 1 0 7 698
994 31944588 1 1 1 5 5 224
995 32000320 11 1 11 10 0 169 10 1 33151 10 2 322 10 3 18 10 4 213 10 5 101 10 6 9179 10 7 76 10 8 687 10 9 261 10 10 107
996 32005177 1 1 1 8 2 2641
997 32032404 2 2 1 7 9 3946 10 9 11838
998 32038306 1 1 1 6 6 647
999 32055627 1 1 1 4 8 114
