11 1000
0 731 2 2 1 7 7 73 9 7 73
1 3477 1 1 1 9 7 1350
2 26167 4 4 1 1 7 18 2 7 56 8 7 18 10 7 18
3 26314 1 1 1 4 8 156
4 26829 1 1 1 5 1 210
5 32199 1 1 1 5 4 1579
6 33423 1 1 1 10 8 29
7 33495 1 1 1 9 3 9
8 36888 1 1 1 8 4 204
9 53762 4 4 1 0 0 5 4 0 21 7 0 80 9 0 5
10 55108 1 1 1 7 10 6327
11 60971 2 2 1 0 4 17 4 4 8
12 61871 1 1 1 8 10 75
13 62937 1 1 1 2 10 99615
14 69671 5 5 2 3 4 1715 5 4 1715 6 4 1715 9 4 6860 7 5 9
15 70886 1 1 1 0 3 1759
16 206197 44 4 11 0 0 7 3 0 14 6 0 51 9 0 7 0 1 1 3 1 1 6 1 1 9 1 32 0 2 2261 3 2 2261 6 2 4522 9 2 6783 0 3 23 3 3 11 6 3 11 9 3 34 0 4 61 3 4 10 6 4 10 9 4 20 0 5 25 3 5 166 6 5 25 9 5 12 0 6 61 3 6 61 6 6 61 9 6 493 0 7 4 3 7 27 6 7 54 9 7 4 0 8 30 3 8 90 6 8 30 9 8 60 0 9 14 3 9 71 6 9 42 9 9 14 0 10 6 3 10 6 6 10 6 9 10 24
17 206299 1 1 1 3 8 4
18 206910 1 1 1 4 2 528
19 217805 1 1 1 2 1 82
20 330255 44 11 8 4 2 8100 5 2 4050 7 2 4050 0 3 5 2 3 11 3 3 11 5 3 5 6 3 5 7 3 35 8 3 23 9 3 5 10 3 11 1 4 3 2 4 3 6 4 3 8 4 3 10 4 7 0 5 9 3 5 9 4 5 9 9 5 39 0 7 9 1 7 4 2 7 2 3 7 4 4 7 9 8 7 2 9 7 9 10 7 4 1 8 109 4 8 109 5 8 27 6 8 27 7 8 27 0 9 2519 2 9 33 3 9 201 6 9 134 9 9 2855 10 9 33 1 10 30 5 10 30 7 10 30 8 10 30
21 330536 1 1 1 4 2 75
22 330636 1 1 1 5 3 39
23 480848 55 11 10 1 0 17 2 0 17 3 0 17 4 0 17 5 0 88 8 0 35 10 0 17 0 1 5 1 1 5 2 1 5 3 1 5 7 1 15 8 1 15 0 2 866 4 2 866 6 2 866 1 3 1055 2 3 263 3 3 527 8 3 131 10 3 263 0 4 3 2 4 3 3 4 3 5 4 3 6 4 144 7 4 3 9 4 3 10 4 3 0 5 4 4 5 33 5 5 2 7 5 6 10 5 2 3 6 1125 5 6 112 6 6 225 9 6 112 0 8 11 6 8 1 8 8 1 9 8 1 1 9 8 2 9 8 4 9 8 7 9 8 9 9 17 1 10 12 4 10 12 5 10 24 6 10 12 7 10 12 8 10 24 9 10 123 10 10 12
24 498937 9 9 1 0 6 5 1 6 84 2 6 2 3 6 2 4 6 2 5 6 2 8 6 2 9 6 2 10 6 2
25 506957 2 2 1 3 5 110 4 5 110
26 509729 2 2 1 4 8 103 7 8 103
27 515774 1 1 1 0 1 160
28 535948 11 1 11 0 0 33232 0 1 50 0 2 16477 0 3 56 0 4 85 0 5 473 0 6 93 0 7 1031 0 8 11919 0 9 58 0 10 25
29 537505 1 1 1 8 3 64
30 541976 2 2 1 8 3 16 9 3 80
31 542036 1 1 1 1 10 60
32 546001 5 5 1 2 0 141 4 0 2 5 0 22 8 0 4 9 0 4
33 553495 3 3 1 1 5 92 2 5 92 10 5 30
34 555875 1 1 1 2 1 9
35 559034 1 1 1 6 2 228
36 597084 11 1 11 4 0 4 4 1 89 4 2 50 4 3 183 4 4 678 4 5 92 4 6 400 4 7 111 4 8 2717 4 9 1464 4 10 4782
37 611416 3 3 2 7 4 25 0 6 37 2 6 12
38 616484 3 3 1 7 10 14 8 10 14 9 10 14
39 791707 66 11 11 0 0 37 1 0 37 2 0 37 3 0 37 5 0 74 7 0 37 1 1 11 2 1 55 3 1 11 5 1 11 8 1 11 10 1 11 2 2 43 4 2 14 6 2 14 7 2 43 8 2 481 9 2 14 10 2 29 0 3 20 1 3 20 6 3 20 8 3 20 0 4 25 8 4 12 9 4 12 10 4 12 2 5 1 3 5 1 5 5 61 10 5 1 1 6 6048 3 6 6048 4 6 12096 5 6 6048 7 6 6048 8 6 18144 9 6 12096 0 7 948 1 7 948 3 7 9485 4 7 1897 6 7 948 9 7 948 0 8 7 2 8 7 4 8 7 6 8 7 7 8 7 10 8 7 0 9 3 2 9 1 4 9 1 5 9 136 6 9 21 7 9 3 9 9 1 1 10 652 3 10 1957 4 10 652 5 10 4568 6 10 1305 7 10 652 8 10 652 9 10 652 10 10 652
40 793649 1 1 1 8 7 20
41 803500 3 3 1 0 8 28 6 8 112 9 8 84
42 829123 11 1 11 2 0 336 2 1 68 2 2 84 2 3 52 2 4 17 2 5 76 2 6 2400 2 7 167 2 8 5284 2 9 7200 2 10 99576
43 831243 2 2 1 2 10 3 5 10 3
44 834632 2 2 1 2 1 1032 7 1 1032
45 837013 1 1 1 7 3 5652
46 841210 1 1 1 4 1 149
47 843954 1 1 1 3 8 114
48 877080 11 1 11 2 0 67 2 1 27458 2 2 1427 2 3 32 2 4 14225 2 5 147 2 6 33 2 7 10 2 8 2350 2 9 44 2 10 6565
49 880246 1 1 1 8 5 5321
50 881032 1 1 1 9 10 191
51 886764 2 2 1 1 7 149 4 7 37
52 890769 1 1 1 4 5 109
53 902647 3 3 1 5 3 12 8 3 24 10 3 12
54 994500 33 11 6 0 0 92 3 0 23 1 1 5 3 1 118 4 1 100 5 1 5 10 1 5 1 3 1 2 3 1 3 3 39 4 3 2 5 3 1 6 3 1 7 3 1 9 3 1 0 4 17 4 4 17 6 4 17 8 4 17 9 4 17 2 7 3 7 7 3 8 7 3 10 7 3 0 8 35 1 8 35 2 8 23 5 8 141 6 8 11 7 8 11 8 8 11 9 8 11 10 8 35
55 994712 1 1 1 4 6 96
56 1015023 11 1 11 6 0 314 6 1 4676 6 2 8469 6 3 148 6 4 10 6 5 109 6 6 28150 6 7 198 6 8 87 6 9 94 6 10 44
57 1020314 2 2 1 6 9 7578 10 9 7578
58 1023968 1 1 1 8 10 7153
59 1052466 11 11 2 1 4 120 4 4 241 5 4 241 0 10 22 2 10 22 3 10 22 6 10 22 7 10 22 8 10 22 9 10 22 10 10 22
60 1093614 11 1 11 8 0 685 8 1 12054 8 2 11 8 3 6 8 4 113 8 5 64 8 6 2966 8 7 14826 8 8 2 8 9 182 8 10 42
61 1100932 1 1 1 8 10 51
62 1108095 1 1 1 7 0 7790
63 1119869 1 1 1 6 2 2326
64 1123235 2 2 1 3 6 49891 8 6 49891
65 1131018 6 3 3 8 0 9 9 0 37 4 2 53 4 5 76 8 5 51 9 5 25
66 1138908 3 3 2 5 2 110 6 2 110 0 7 71
67 1140195 1 1 1 7 4 179
68 1141840 1 1 1 8 0 124
69 1147391 1 1 1 7 0 1647
70 1148612 1 1 1 4 4 31
71 1150113 1 1 1 3 5 1271
72 1201029 18 9 4 0 3 47 4 3 47 5 3 47 9 3 47 5 5 62 6 5 62 10 5 62 0 6 78 1 6 157 3 6 78 6 6 78 8 6 157 10 6 157 1 7 3 3 7 1 4 7 6 8 7 1 9 7 1
73 1202755 1 1 1 4 3 33
74 1209945 3 3 1 3 3 9 4 3 9 8 3 217
75 1211480 1 1 1 5 7 102
76 1212250 1 1 1 0 4 10130
77 1232007 7 7 1 0 5 1005 1 5 167 2 5 167 3 5 167 4 5 167 7 5 167 8 5 1172
78 1249377 11 1 11 4 0 49 4 1 95 4 2 163 4 3 131 4 4 3 4 5 7 4 6 343 4 7 100 4 8 15739 4 9 151 4 10 52
79 1331511 22 2 11 0 0 69 6 0 34 0 1 25 6 1 127 0 2 1539 6 2 1539 0 3 61 6 3 91 0 4 1022 6 4 9198 0 5 36 6 5 36 0 6 5 6 6 227 0 7 21 6 7 21 0 8 2916 6 8 7292 0 9 87 6 9 15 0 10 139 6 10 55
80 1367944 11 1 11 4 0 200 4 1 34 4 2 163 4 3 99618 4 4 172 4 5 2953 4 6 643 4 7 12 4 8 165 4 9 20 4 10 134
81 1371255 2 2 2 4 4 657 1 7 20
82 1380118 5 5 1 2 8 13 4 8 13 8 8 13 9 8 13 10 8 27
83 1383109 2 2 1 7 10 68 10 10 34
84 1389005 2 2 1 5 2 26 10 2 78
85 1400765 6 6 1 2 0 284 4 0 142 5 0 47 6 0 901 9 0 47 10 0 47
86 1403678 1 1 1 10 9 132
87 1403738 1 1 1 0 3 7732
88 1418223 11 1 11 4 0 332 4 1 1619 4 2 1 4 3 14828 4 4 194 4 5 201 4 6 90 4 7 165 4 8 364 4 9 69 4 10 94
89 1421734 3 3 1 0 0 11 3 0 79 5 0 22
90 1425670 2 2 1 5 2 88 10 2 88
91 1428176 1 1 1 3 7 188
92 1435429 2 2 2 2 7 217 10 8 234
93 1437346 1 1 1 0 1 53
94 1438916 2 2 1 5 2 12 8 2 1
95 1450230 4 4 1 3 4 877 5 4 877 8 4 5266 10 4 877
96 1673611 99 9 11 0 0 3 1 0 3 2 0 3 3 0 7 6 0 7 7 0 3 8 0 14 9 0 18 10 0 7 0 1 1 1 1 1 2 1 1 3 1 1 6 1 1 7 1 1 8 1 1 9 1 1 10 1 1 0 2 19 1 2 19 2 2 19 3 2 19 6 2 9 7 2 29 8 2 9 9 2 9 10 2 9 0 3 11 1 3 11 2 3 11 3 3 11 6 3 33 7 3 11 8 3 11 9 3 78 10 3 11 0 4 14 1 4 3 2 4 3 3 4 3 6 4 3 7 4 18 8 4 3 9 4 14 10 4 11 0 5 395 1 5 395 2 5 20169 3 5 1581 6 5 395 7 5 395 8 5 790 9 5 395 10 5 5536 0 6 303 1 6 55 2 6 165 3 6 27 6 6 27 7 6 137 8 6 55 9 6 27 10 6 165 0 7 105 1 7 105 2 7 3162 3 7 105 6 7 105 7 7 105 8 7 105 9 7 105 10 7 105 0 8 268 1 8 76 2 8 38 3 8 76 6 8 38 7 8 76 8 8 11409 9 8 38 10 8 76 0 9 1 1 9 1 2 9 1 3 9 1 6 9 1 7 9 1 8 9 1 9 9 1 10 9 1 0 10 15 1 10 47 2 10 47 3 10 31 6 10 15 7 10 15 8 10 15 9 10 63 10 10 15
97 1675274 1 1 1 10 3 240
98 1676660 1 1 1 7 8 355
99 1785532 55 5 11 0 0 12 2 0 12 4 0 12 6 0 24 9 0 12 0 1 43 2 1 14 4 1 14 6 1 117 9 1 43 0 2 1 2 2 1 4 2 1 6 2 1 9 2 1 0 3 45 2 3 45 4 3 15 6 3 15 9 3 15 0 4 1 2 4 2 4 4 1 6 4 1 9 4 1 0 5 5 2 5 11 4 5 5 6 5 28 9 5 11 0 6 11051 2 6 11051 4 6 11051 6 6 22103 9 6 11051 0 7 5 2 7 1 4 7 1 6 7 13 9 7 9 0 8 12 2 8 4 4 8 4 6 8 20 9 8 4 0 9 12 2 9 12 4 9 12 6 9 12 9 9 38 0 10 1 2 10 1 4 10 1 6 10 1 9 10 6
100 1789960 1 1 1 4 6 35
101 1802726 2 2 1 1 3 1185 2 3 395
102 1823922 11 1 11 4 0 55 4 1 95 4 2 7260 4 3 181 4 4 725 4 5 96 4 6 211 4 7 115 4 8 70 4 9 214 4 10 72
103 1828356 1 1 1 10 1 184
104 1981181 55 5 11 0 0 47 1 0 15 4 0 15 5 0 15 10 0 15 0 1 9 1 1 9 4 1 9 5 1 47 10 1 9 0 2 13 1 2 5 4 2 13 5 2 2 10 2 2 0 3 7 1 3 7 4 3 7 5 3 7 10 3 7 0 4 16 1 4 32 4 4 8 5 4 8 10 4 8 0 5 27 1 5 13 4 5 13 5 5 13 10 5 13 0 6 1004 1 6 1004 4 6 3012 5 6 1004 10 6 1004 0 7 13281 1 7 16077 4 7 6291 5 7 2796 10 7 699 0 8 4 1 8 1 4 8 1 5 8 6 10 8 1 0 9 14 1 9 49 4 9 7 5 9 7 10 9 7 0 10 8 1 10 104 4 10 8 5 10 56 10 10 8
105 1992738 2 2 1 8 0 47 10 0 47
106 1994249 1 1 1 4 4 221
107 1996300 2 2 1 6 10 58 8 10 58
108 2065380 22 11 3 0 8 43 1 8 43 2 8 43 3 8 43 4 8 1214 5 8 43 6 8 43 7 8 43 8 8 650 9 8 43 10 8 43 0 9 426 1 9 426 2 9 1707 3 9 426 6 9 4268 7 9 426 4 10 17 5 10 34 8 10 17 9 10 17 10 10 17
109 2077280 2 2 2 10 3 2371 9 9 197
110 2281866 66 11 11 1 0 15 2 0 78 4 0 15 5 0 15 7 0 31 8 0 15 9 0 15 10 0 31 0 1 1 1 1 3 3 1 1 6 1 1 7 1 4 9 1 1 10 1 20 0 2 1976 3 2 1976 5 2 1976 7 2 1976 8 2 5928 10 2 3952 3 3 8 4 3 2 7 3 2 8 3 2 9 3 2 10 3 2 1 4 1 2 4 1 3 4 1 5 4 10 6 4 1 9 4 1 10 4 1 2 5 1 3 5 1 6 5 1 1 6 159 4 6 59 5 6 19 6 6 99 7 6 19 0 7 4159 1 7 594 2 7 594 3 7 594 4 7 594 6 7 1188 8 7 594 0 8 4 1 8 39 2 8 4 6 8 30 8 8 4 0 9 4 4 9 18 5 9 1 7 9 1 8 9 4 9 9 1 0 10 1827 2 10 14159 4 10 456 5 10 456 9 10 456 10 10 456
111 2286743 2 2 1 2 3 26 5 3 80
112 2348904 22 2 11 0 0 7 4 0 7 0 1 414 4 1 828 0 2 40 4 2 40 0 3 1 4 3 21 0 4 53 4 4 53 0 5 9 4 5 5 0 6 771 4 6 1542 0 7 69 4 7 139 0 8 25 4 8 25 0 9 97 4 9 97 0 10 108 4 10 108
113 2351270 1 1 1 8 10 74
114 2384649 11 1 11 7 0 480 7 1 610 7 2 58775 7 3 60 7 4 2952 7 5 9 7 6 11364 7 7 104 7 8 449 7 9 68 7 10 39168
115 2385534 1 1 1 0 10 14887
116 2391353 3 3 2 2 0 13 5 0 13 1 10 60
117 2394496 1 1 1 9 8 186
118 2448228 22 2 11 8 0 124 10 0 124 8 1 5538 10 1 16614 8 2 45 10 2 67 8 3 101 10 3 16 8 4 52 10 4 52 8 5 47 10 5 47 8 6 23 10 6 23 8 7 7 10 7 1 8 8 17 10 8 17 8 9 1210 10 9 1210 8 10 32 10 10 16
119 2450118 1 1 1 5 0 3180
120 2453528 1 1 1 0 0 3
121 2461397 5 5 2 6 2 13 0 7 31 2 7 3 3 7 3 10 7 3
122 2461688 1 1 1 5 10 173
123 2462926 1 1 1 4 8 822
124 2468774 1 1 1 6 9 5
125 2474357 4 4 1 1 2 26 4 2 26 7 2 26 9 2 26
126 2490102 4 4 1 1 10 38 2 10 19 3 10 19 10 10 19
127 2494258 1 1 1 9 1 113
128 2519190 11 1 11 10 0 46908 10 1 5 10 2 211 10 3 58498 10 4 23 10 5 27441 10 6 4059 10 7 29 10 8 2884 10 9 4 10 10 8487
129 2544465 11 1 11 1 0 24 1 1 14 1 2 88 1 3 12674 1 4 25 1 5 106 1 6 61 1 7 703 1 8 30 1 9 31 1 10 54
130 2550885 3 3 1 0 9 61 1 9 61 3 9 61
131 2551257 1 1 1 0 2 80
132 2553929 1 1 1 2 9 305
133 2554055 1 1 1 7 9 3005
134 2556323 1 1 1 2 9 35
135 2560191 3 3 1 0 6 237 2 6 29 6 6 29
136 2560197 1 1 1 0 10 8488
137 2577272 5 5 1 2 10 134 3 10 672 4 10 268 7 10 67 10 10 67
138 2583390 1 1 1 1 0 67
139 2599558 2 2 1 3 10 89 9 10 89
140 2601919 1 1 1 5 1 54
141 2729608 44 11 8 0 1 25 2 1 75 4 1 25 5 1 25 7 1 25 9 1 75 7 2 38 0 3 1 3 3 1 4 3 1 8 3 92 9 3 1 1 5 3794 4 5 1264 5 5 1264 6 5 1264 8 5 3794 10 5 1264 1 6 95 2 6 31 3 6 31 6 6 63 10 6 31 1 8 25 3 8 8 5 8 8 7 8 16 0 9 3 1 9 3 2 9 3 4 9 13 6 9 16 7 9 3 8 9 3 9 9 37 10 9 3 0 10 3 2 10 17 3 10 1 5 10 1 6 10 1 8 10 1 9 10 1 10 10 3
142 2734531 1 1 1 6 0 2951
143 2738488 1 1 1 4 6 7132
144 2750823 3 3 2 0 3 320 2 5 9 8 5 4
145 2802477 11 1 11 5 0 283 5 1 386 5 2 8989 5 3 1447 5 4 159 5 5 33 5 6 1664 5 7 194 5 8 16375 5 9 62 5 10 1067
146 2812313 2 2 1 0 5 2994 2 5 2994
147 2852929 12 6 3 0 1 103 1 4 2 3 4 6 5 4 4 6 4 6 7 4 4 0 8 75 1 8 301 3 8 376 5 8 75 6 8 75 7 8 75
148 2854055 1 1 1 1 2 57
149 2856319 1 1 1 0 6 148
150 2856498 1 1 1 4 6 221
151 2857199 1 1 1 6 4 346
152 2857332 1 1 1 4 1 1059
153 2857852 1 1 1 4 5 19
154 2860186 1 1 1 3 4 154
155 2865702 2 2 1 5 10 1950 7 10 1950
156 2953491 24 6 7 0 0 1 1 0 1 2 0 3 5 0 2 5 1 171 7 1 342 10 1 171 0 4 681 1 4 681 5 4 681 7 4 340 10 4 681 1 6 1 2 6 66 7 6 1 10 6 1 0 8 176 1 8 58 2 8 58 0 9 165 5 9 13 2 10 173 7 10 347 10 10 867
157 2981007 12 3 6 8 0 63 4 1 507 5 1 203 8 1 101 4 2 16242 8 2 4060 5 4 7977 4 5 7 5 5 22 4 7 53 5 7 53 8 7 53
158 2983112 1 1 1 2 0 5180
159 2983923 1 1 1 3 0 3
160 2987824 2 2 2 3 0 17801 0 10 45
161 2990167 1 1 1 0 6 12743
162 3092156 33 3 11 1 0 19 7 0 19 10 0 6 1 1 450 7 1 450 10 1 450 1 2 7500 7 2 3750 10 2 3750 1 3 23 7 3 140 10 3 11 1 4 102 7 4 51 10 4 51 1 5 1354 7 5 1354 10 5 1354 1 6 38 7 6 38 10 6 38 1 7 291 7 7 20 10 7 41 1 8 2 7 8 6 10 8 5 1 9 614 7 9 1229 10 9 614 1 10 410 7 10 821 10 10 205
163 3093831 1 1 1 1 6 97
164 3095032 1 1 1 2 9 3294
165 3097938 4 4 1 0 5 69 4 5 34 6 5 34 10 5 34
166 3132069 11 1 11 2 0 67 2 1 469 2 2 91 2 3 16 2 4 142 2 5 181 2 6 83 2 7 7655 2 8 52 2 9 107 2 10 9639
167 3167482 11 1 11 4 0 21830 4 1 124 4 2 65 4 3 277 4 4 2921 4 5 643 4 6 2 4 7 208 4 8 5 4 9 94 4 10 222
168 3172478 1 1 1 4 7 14
169 3173567 1 1 1 2 0 29
170 3186284 3 3 1 4 6 38 6 6 38 9 6 9
171 3193126 2 2 1 5 2 124 7 2 31
172 3194716 1 1 1 1 3 75
173 3196608 2 2 1 3 8 23 9 8 46
174 3198552 1 1 1 2 10 287
175 3261612 15 5 5 0 1 25 3 1 50 0 6 24 3 6 12 6 6 16 1 7 14652 4 7 4884 6 7 4884 0 8 20 1 8 20 3 8 61 4 8 20 1 9 4 4 9 79 6 9 4
176 3268744 1 1 1 7 8 288
177 3269818 1 1 1 4 9 41
178 3274813 1 1 1 10 3 14
179 3278678 1 1 1 7 7 21827
180 3278986 1 1 1 10 3 8954
181 3280129 1 1 1 8 10 86
182 3476080 66 11 11 0 0 2 1 0 2 2 0 2 3 0 2 4 0 4 8 0 2 10 0 2 1 1 1 2 1 1 3 1 1 5 1 1 8 1 2 9 1 1 1 2 19 2 2 29 4 2 9 6 2 9 7 2 9 10 2 78 0 3 3 2 3 1 3 3 6 4 3 6 5 3 3 6 3 1 7 3 1 9 3 12 10 3 1 1 4 50 3 4 25 4 4 177 5 4 1012 6 4 50 7 4 25 10 4 25 0 5 7 2 5 2 5 5 23 6 5 5 7 5 130 8 5 2 9 5 2 0 6 3 7 6 27 9 6 1 10 6 1 0 7 1140 3 7 380 5 7 380 6 7 380 8 7 380 10 7 380 2 8 485 3 8 970 4 8 485 6 8 485 7 8 970 8 8 1455 1 9 27 4 9 27 8 9 27 9 9 27 0 10 38 1 10 76 5 10 38 9 10 38
183 3485543 4 4 1 0 0 1406 4 0 2813 5 0 4220 6 0 1406
184 3538935 22 11 3 0 6 8 3 6 1 4 6 1 5 6 5 6 6 1 8 6 1 10 6 4 0 7 5 1 7 5 2 7 5 5 7 5 6 7 97 7 7 5 9 7 5 1 8 2 2 8 7 3 8 12 4 8 2 7 8 2 8 8 10 9 8 2 10 8 7
185 3538951 1 1 1 1 2 18971
186 3540986 1 1 1 1 8 74
187 3557261 7 7 2 0 7 61 6 7 61 2 9 5 3 9 1 4 9 11 5 9 1 7 9 2
188 3672066 33 3 11 6 0 56 8 0 28 10 0 56 6 1 314 8 1 157 10 1 157 6 2 36 8 2 36 10 2 36 6 3 7 8 3 47 10 3 7 6 4 34 8 4 68 10 4 17 6 5 2 8 5 1 10 5 1 6 6 1 8 6 1 10 6 1 6 7 27 8 7 54 10 7 27 6 8 9 8 8 9 10 8 19 6 9 52 8 9 105 10 9 263 6 10 4 8 10 35 10 10 4
189 3674273 1 1 1 8 1 119
190 3686184 3 3 1 6 5 7 8 5 2 10 5 60
191 3687996 1 1 1 1 4 86
192 3691469 2 2 2 0 3 28 2 5 101
193 3691860 1 1 1 5 7 1304
194 3696991 1 1 1 10 8 39
195 3697707 1 1 1 7 5 1929
196 3703340 2 2 1 0 6 29 7 6 29
197 3707505 1 1 1 3 1 45
198 3745757 18 6 6 0 0 769 1 0 769 4 0 769 0 2 51 1 2 127 6 2 25 1 3 14 4 3 3 7 3 3 8 3 3 0 6 715 4 6 1430 6 6 715 7 7 82 8 7 246 6 10 33 7 10 33 8 10 167
199 3778088 10 1 10 5 0 155 5 1 475 5 3 39 5 4 104 5 5 102 5 6 58 5 7 105 5 8 30 5 9 13035 5 10 65
200 3779872 1 1 1 4 8 46
201 3811054 11 1 11 5 0 221 5 1 226 5 2 5 5 3 108 5 4 58461 5 5 7 5 6 40 5 7 38 5 8 100 5 9 238 5 10 12083
202 3970188 55 11 10 0 0 1 1 0 21 2 0 1 3 0 2 6 0 27 7 0 1 10 0 1 0 1 1 1 1 41 5 1 1 8 1 1 1 3 9 2 3 4 3 3 24 4 3 34 5 3 4 6 3 9 7 3 9 8 3 9 9 3 4 0 4 7 1 4 7 5 4 14 9 4 14 10 4 102 1 5 1 3 5 1 4 5 11 7 5 1 8 5 1 9 5 1 2 6 1 3 6 1 4 6 1 6 6 1 7 6 21 9 6 1 10 6 1 0 7 5 2 7 1 4 7 1 5 7 8 9 7 1 10 7 11 2 8 11 4 8 3 6 8 3 7 8 7 0 9 53 3 9 7 6 9 7 8 9 15 10 9 7 5 10 769 8 10 59
203 3976650 1 1 1 9 10 18
204 3976751 2 2 1 6 2 52 8 2 52
205 3977138 1 1 1 4 5 65
206 3980000 1 1 1 9 3 50
207 3982852 1 1 1 3 4 1295
208 3984804 1 1 1 7 10 189
209 4004900 6 3 2 2 3 27 4 3 27 10 3 27 2 7 36 4 7 36 10 7 109
210 4034641 11 1 11 2 0 34 2 1 41234 2 2 16 2 3 26051 2 4 118 2 5 100 2 6 50 2 7 338 2 8 63 2 9 163 2 10 138
211 4037432 1 1 1 4 2 2176
212 4037757 1 1 1 1 9 1050
213 4049434 1 1 1 7 5 1549
214 4049582 1 1 1 6 7 2012
215 4057065 2 1 2 4 1 9289 4 9 16
216 4059530 2 2 1 3 6 82 9 6 82
217 4078811 6 6 1 0 0 10 2 0 10 3 0 10 4 0 10 6 0 10 9 0 10
218 4089452 3 3 1 3 1 20 5 1 20 10 1 20
219 4090678 1 1 1 7 10 68
220 4090885 1 1 1 10 2 155
221 4093782 1 1 1 5 9 230
222 4094040 1 1 1 10 3 179
223 4108901 11 1 11 2 0 5743 2 1 3020 2 2 139 2 3 3945 2 4 34 2 5 219 2 6 8170 2 7 8197 2 8 34 2 9 2270 2 10 110
224 4171971 22 2 11 2 0 14 9 0 14 2 1 5104 9 1 2552 2 2 23493 9 2 15662 2 3 1368 9 3 912 2 4 209 9 4 419 2 5 75 9 5 75 2 6 43 9 6 43 2 7 308 9 7 308 2 8 48 9 8 145 2 9 1845 9 9 115 2 10 34 9 10 34
225 4184244 4 4 1 3 7 13 4 7 34 5 7 6 7 7 6
226 4185441 2 2 1 2 10 2028 10 10 1014
227 4198881 3 3 2 10 4 141 4 6 20 5 6 40
228 4199318 1 1 1 10 7 933
229 4202817 1 1 1 6 2 67
230 4203705 1 1 1 10 8 93
231 4204918 1 1 1 4 4 2531
232 4206288 1 1 1 4 5 30
233 4209387 1 1 1 5 9 13
234 4233845 11 1 11 6 0 5 6 1 404 6 2 96 6 3 42 6 4 104 6 5 99 6 6 65 6 7 1772 6 8 39174 6 9 23 6 10 8085
235 4314693 22 2 11 5 0 4523 10 0 4523 5 1 13 10 1 13 5 2 42 10 2 42 5 3 46 10 3 46 5 4 22 10 4 45 5 5 94 10 5 94 5 6 27 10 6 27 5 7 976 10 7 976 5 8 22 10 8 11 5 9 9851 10 9 9851 5 10 25 10 10 25
236 4358295 18 6 6 1 2 151 6 2 50 0 3 113 2 3 16 6 3 16 10 3 32 1 5 69 6 5 69 10 5 69 1 6 350 2 6 38 5 6 194 10 6 38 0 7 2655 5 7 2655 0 9 7 2 9 14 5 9 7
237 4360883 1 1 1 3 6 44
238 4693618 121 11 11 0 0 399 1 0 798 2 0 399 3 0 5586 4 0 798 5 0 28731 6 0 399 7 0 399 8 0 399 9 0 399 10 0 798 0 1 1528 1 1 1528 2 1 1528 3 1 3056 4 1 1528 5 1 3056 6 1 1528 7 1 3056 8 1 3056 9 1 1528 10 1 3056 0 2 1 1 2 1 2 2 1 3 2 1 4 2 1 5 2 1 6 2 1 7 2 1 8 2 1 9 2 1 10 2 1 0 3 1 1 3 1 2 3 1 3 3 1 4 3 4 5 3 1 6 3 3 7 3 1 8 3 2 9 3 1 10 3 1 0 4 8 1 4 25 2 4 8 3 4 8 4 4 8 5 4 8 6 4 8 7 4 25 8 4 41 9 4 25 10 4 8 0 5 1222 1 5 611 2 5 611 3 5 611 4 5 611 5 5 611 6 5 611 7 5 611 8 5 1222 9 5 1222 10 5 611 0 6 1 1 6 2 2 6 2 3 6 4 4 6 1 5 6 11 6 6 9 7 6 1 8 6 1 9 6 4 10 6 1 0 7 5 1 7 15 2 7 35 3 7 5 4 7 15 5 7 5 6 7 5 7 7 5 8 7 5 9 7 5 10 7 15 0 8 19 1 8 59 2 8 517 3 8 19 4 8 19 5 8 3082 6 8 39 7 8 39 8 8 79 9 8 59 10 8 19 0 9 37 1 9 37 2 9 37 3 9 37 4 9 37 5 9 112 6 9 74 7 9 112 8 9 37 9 9 37 10 9 112 0 10 3 1 10 3 2 10 3 3 10 11 4 10 7 5 10 7 6 10 11 7 10 7 8 10 3 9 10 11 10 10 15
239 4699720 1 1 1 8 9 93
240 4832524 40 4 11 2 0 14 3 0 14 4 0 29 10 0 14 2 1 91 3 1 45 4 1 45 2 2 217 3 2 868 4 2 217 10 2 651 2 3 64 3 3 64 10 3 193 2 4 114 3 4 22 4 4 22 10 4 22 2 5 1 3 5 1 4 5 1 10 5 1 2 6 26 4 6 26 10 6 26 2 7 1 3 7 1 4 7 25 10 7 2 2 8 19 3 8 19 4 8 57 10 8 38 2 9 5909 3 9 984 4 9 984 10 9 984 3 10 389 4 10 779 10 10 1169
241 4834674 1 1 1 8 6 7245
242 4890598 18 9 4 0 0 5 1 0 28 3 0 5 5 0 5 3 3 44 4 3 44 7 3 44 8 3 44 9 3 89 10 3 44 0 4 502 5 4 502 7 4 1005 8 4 1005 1 9 73 4 9 36 9 9 18 10 9 18
243 4895972 1 1 1 5 6 162
244 4897852 1 1 1 4 10 28
245 4898356 1 1 1 8 8 3133
246 4899539 1 1 1 4 8 33
247 4900930 1 1 1 8 1 164
248 4906925 3 3 1 6 2 24698 7 2 1764 8 2 1764
249 4917330 1 1 1 7 8 54
250 4937786 10 1 10 6 1 61 6 2 109 6 3 39117 6 4 4765 6 5 110 6 6 12031 6 7 308 6 8 11368 6 9 118 6 10 37
251 4943497 2 2 1 4 1 216 8 1 2
252 4953183 2 2 1 0 2 82 8 2 6
253 5112906 66 6 11 2 0 19 4 0 19 6 0 19 7 0 19 8 0 19 9 0 19 2 1 9496 4 1 28488 6 1 9496 7 1 28488 8 1 9496 9 1 47480 2 2 2 4 2 11 6 2 2 7 2 13 8 2 2 9 2 2 2 3 134 4 3 3 6 3 3 7 3 3 8 3 3 9 3 3 2 4 17 4 4 4 6 4 4 7 4 4 8 4 4 9 4 8 2 5 56 4 5 2 6 5 2 7 5 2 8 5 2 9 5 7 2 6 1 4 6 1 6 6 9 7 6 97 8 6 1 9 6 1 2 7 18 4 7 37 6 7 9 7 7 9 8 7 28 9 7 9 2 8 15 4 8 31 6 8 110 7 8 15 8 8 15 9 8 15 2 9 323 4 9 323 6 9 323 7 9 2909 8 9 323 9 9 646 2 10 79 4 10 1 6 10 1 7 10 26 8 10 1 9 10 6
254 5115986 1 1 1 0 1 33280
255 5130551 6 6 2 3 2 673 9 2 2019 10 2 673 5 8 7 6 8 47 7 8 15
256 5159101 11 1 11 1 0 224 1 1 82 1 2 79 1 3 59 1 4 3262 1 5 1346 1 6 88 1 7 197 1 8 5 1 9 65 1 10 57
257 5188550 11 1 11 4 0 1052 4 1 47 4 2 32 4 3 6144 4 4 5945 4 5 2055 4 6 117 4 7 231 4 8 85 4 9 53 4 10 9644
258 5192011 1 1 1 10 8 350
259 5192396 1 1 1 3 8 78
260 5193047 1 1 1 7 0 11
261 5193885 1 1 1 8 3 69
262 5203010 1 1 1 0 3 27605
263 5257280 15 5 5 1 4 112 2 4 14 8 4 70 1 6 37 6 6 37 10 6 37 6 7 50 8 7 2 10 7 15 2 8 247 1 10 449 2 10 337 6 10 56 8 10 56 10 10 56
264 5263120 2 2 1 8 1 5 10 1 113
265 5265734 2 2 1 0 10 42 4 10 21
266 5299132 21 7 6 3 0 106 6 0 106 7 0 106 10 0 106 1 2 64 4 2 64 7 2 64 0 3 6 1 3 36 6 3 6 0 8 1 3 8 1 4 8 130 10 8 7 0 9 35 7 9 161 10 9 17 1 10 10 3 10 3 4 10 80 6 10 20
267 5307758 6 3 3 8 6 2682 2 8 56 4 8 14 8 8 28 2 9 161 4 9 80
268 5317361 2 2 1 0 6 41 6 6 2457
269 5317814 1 1 1 3 0 12455
270 5324532 2 2 1 5 5 154 10 5 154
271 5330137 1 1 1 4 10 369
272 5331855 1 1 1 8 5 80
273 5332508 1 1 1 0 2 26819
274 5334362 1 1 1 3 2 25
275 5349863 6 3 3 2 5 904 6 5 301 1 9 9 2 9 27 6 9 18 1 10 105
276 5350910 1 1 1 4 6 86
277 5366136 4 4 1 0 10 19 1 10 38 5 10 19 8 10 19
278 5385100 9 9 1 0 1 2 2 1 1 3 1 8 4 1 2 5 1 2 6 1 2 7 1 4 8 1 1 9 1 38
279 5388279 2 2 1 8 5 13701 10 5 13701
280 5388838 1 1 1 3 3 9
281 5394566 3 3 1 4 0 17 5 0 258 9 0 51
282 5396663 1 1 1 6 0 81
283 5399783 2 2 1 6 1 33332 8 1 33332
284 5401272 1 1 1 5 7 268
285 5403973 2 2 2 2 3 126 0 9 21898
286 5458308 11 1 11 9 0 2976 9 1 710 9 2 96 9 3 159 9 4 254 9 5 95 9 6 106 9 7 111 9 8 47 9 9 72 9 10 2074
287 5489669 11 1 11 0 0 443 0 1 12121 0 2 163 0 3 114 0 4 348 0 5 44 0 6 57 0 7 335 0 8 2341 0 9 67 0 10 643
288 5491983 2 2 1 1 4 55 2 4 55
289 5492089 1 1 1 9 2 228
290 5494044 1 1 1 0 4 7818
291 5536396 11 11 2 2 0 22 4 0 2 5 0 2 6 0 9 8 0 2 10 0 15 0 7 3 1 7 3 3 7 3 7 7 3 9 7 13
292 5540719 1 1 1 6 10 118
293 5542398 1 1 1 1 0 33
294 5543826 2 2 1 0 5 27 4 5 54
295 5546189 1 1 1 6 6 447
296 5574954 11 1 11 8 0 114 8 1 33 8 2 2 8 3 100 8 4 3026 8 5 74 8 6 53 8 7 71404 8 8 208 8 9 101 8 10 5
297 5576291 1 1 1 2 10 7094
298 5579957 1 1 1 7 6 31
299 5644487 21 7 6 2 2 10 3 2 30 6 2 30 7 2 10 10 2 10 6 3 73 2 4 6 3 4 3 4 4 9 7 4 32 9 4 6 10 4 29 2 6 1207 9 6 4829 3 9 19 4 9 19 6 9 59 7 9 19 4 10 14 9 10 7 10 10 44
300 5661528 3 3 1 2 9 48 6 9 24 10 9 24
301 5665645 1 1 1 7 1 14947
302 5668081 4 1 4 7 0 49 7 4 20 7 5 9644 7 10 28
303 5669572 1 1 1 5 2 1229
304 5672016 2 2 2 5 0 14242 3 3 41
305 5672098 1 1 1 6 5 29
306 5672668 1 1 1 8 7 54
307 5708497 11 1 11 2 0 62 2 1 20 2 2 99 2 3 68 2 4 35 2 5 43 2 6 1420 2 7 26 2 8 21 2 9 105 2 10 1401
308 5711841 1 1 1 10 2 37
309 5734668 6 3 3 2 0 50 4 0 50 1 3 157 4 3 52 1 4 182 2 4 111
310 5760605 11 1 11 2 0 157 2 1 82 2 2 18246 2 3 52 2 4 57 2 5 42 2 6 46846 2 7 1325 2 8 15005 2 9 34 2 10 53
311 5762717 1 1 1 9 6 646
312 5766546 2 2 2 7 1 64 6 5 9535
313 5845710 22 2 11 2 0 90 4 0 1354 2 1 24 4 1 8 2 2 45 4 2 15 2 3 44 4 3 133 2 4 399 4 4 1198 2 5 108 4 5 108 2 6 115 4 6 115 2 7 2403 4 7 208 2 8 1273 4 8 24 2 9 3 4 9 34 2 10 26 4 10 5
314 5846599 1 1 1 6 7 189
315 5849261 1 1 1 9 9 134
316 5891464 11 1 11 10 0 200 10 1 31 10 2 51 10 3 35785 10 4 177 10 5 10157 10 6 41 10 7 96 10 8 43 10 9 225 10 10 2455
317 5899497 1 1 1 0 7 193
318 5901491 1 1 1 10 5 19
319 5901802 1 1 1 8 4 216
320 5902245 1 1 1 6 6 23466
321 5902922 1 1 1 1 3 2
322 5904391 2 2 1 7 1 152 10 1 152
323 5904931 1 1 1 8 7 334
324 5942219 11 11 1 0 3 144 1 3 144 2 3 144 3 3 433 4 3 144 5 3 144 6 3 144 7 3 289 8 3 144 9 3 144 10 3 144
325 5948030 1 1 1 3 4 78
326 5949933 1 1 1 3 5 113
327 5952707 4 4 1 2 9 370 4 9 370 8 9 370 10 9 370
328 5958559 2 2 1 1 4 39 10 4 79
329 6006071 22 2 11 4 0 9145 8 0 9145 4 1 48 8 1 1 4 2 2982 8 2 2982 4 3 1 8 3 92 4 4 8 8 4 48 4 5 85 8 5 85 4 6 16 8 6 33 4 7 38 8 7 19 4 8 1579 8 8 1579 4 9 20 8 9 5 4 10 7 8 10 129
330 6007276 1 1 1 5 6 227
331 6009063 1 1 1 10 3 45
332 6016476 3 3 1 0 2 37 3 2 262 10 2 37
333 6024568 1 1 1 3 0 14
334 6032146 1 1 1 4 7 10328
335 6036078 1 1 1 3 8 16
336 6078179 22 2 11 4 0 47 8 0 141 4 1 3241 8 1 1620 4 2 9772 8 2 9772 4 3 58 8 3 58 4 4 2049 8 4 1024 4 5 59 8 5 29 4 6 81 8 6 40 4 7 330 8 7 330 4 8 772 8 8 15452 4 9 285 8 9 142 4 10 84 8 10 84
337 6081741 1 1 1 5 2 508
338 6086362 2 2 1 1 1 678 6 1 339
339 6111335 11 1 11 9 0 1384 9 1 18999 9 2 38 9 3 4 9 4 81 9 5 13 9 6 295 9 7 218 9 8 59 9 9 41 9 10 16287
340 6116249 3 3 2 9 6 3012 5 9 118 10 9 236
341 6117749 1 1 1 10 3 90
342 6211490 36 9 8 1 1 24 4 1 8 5 1 128 6 1 8 10 1 24 1 2 124 4 2 124 6 2 124 8 2 124 9 2 248 0 3 1 1 3 1 3 3 21 5 3 6 6 3 1 10 3 1 4 4 66 8 4 11 10 4 22 0 6 240 3 6 96 5 6 48 9 6 48 0 7 367 3 7 5512 5 7 367 8 7 1102 9 7 367 10 7 1469 6 8 67 9 8 33 0 10 9 1 10 9 3 10 9 4 10 27 8 10 27
343 6216935 2 2 1 8 0 5 10 0 20
344 6217312 1 1 1 9 9 2381
345 6237226 6 6 3 1 0 196 9 0 9 10 0 9 7 1 15145 5 4 8426 6 4 16853
346 6240354 3 3 1 8 10 32 9 10 4 10 10 8
347 6258946 11 1 11 2 0 139 2 1 62 2 2 213 2 3 115 2 4 1333 2 5 53 2 6 82 2 7 126 2 8 11 2 9 74 2 10 90
348 6259584 1 1 1 1 3 17
349 6359840 33 11 5 3 0 51 5 0 256 6 0 102 7 0 102 9 0 51 10 0 102 0 1 1 1 1 1 3 1 1 7 1 2 8 1 3 9 1 1 10 1 2 0 2 13 1 2 13 2 2 13 4 2 41 5 2 13 6 2 41 7 2 41 8 2 13 1 7 802 2 7 3610 4 7 401 5 7 401 9 7 401 10 7 401 0 9 1972 2 9 1972 3 9 1972 4 9 1972 6 9 3944 8 9 3944
350 6361293 1 1 1 1 7 16
351 6396129 11 1 11 1 0 81 1 1 25 1 2 96 1 3 639 1 4 114 1 5 410 1 6 41 1 7 158 1 8 4685 1 9 62 1 10 85
352 6522916 33 3 11 1 0 1 4 0 5 8 0 1 1 1 22 4 1 22 8 1 110 1 2 2584 4 2 2584 8 2 2584 1 3 2648 4 3 2648 8 3 2648 1 4 21897 4 4 7299 8 4 29196 1 5 10 4 5 139 8 5 64 1 6 7671 4 6 46026 8 6 46026 1 7 30 4 7 61 8 7 15 1 8 11 4 8 44 8 8 5 1 9 23 4 9 184 8 9 23 1 10 364 4 10 10216 8 10 729
353 6526334 1 1 1 8 2 353
354 6527724 1 1 1 8 1 156
355 6529459 1 1 1 4 8 277
356 6535625 1 1 1 8 7 17
357 6658078 44 4 11 3 0 1507 5 0 1507 6 0 1507 8 0 1507 3 1 17 5 1 35 6 1 17 8 1 70 3 2 546 5 2 273 6 2 273 8 2 10937 3 3 30 5 3 61 6 3 61 8 3 30 3 4 1 5 4 30 6 4 1 8 4 4 3 5 23 5 5 23 6 5 23 8 5 23 3 6 3 5 6 3 6 6 50 8 6 25 3 7 88 5 7 29 6 7 58 8 7 58 3 8 11 5 8 61 6 8 5 8 8 5 3 9 5222 5 9 5222 6 9 5222 8 9 5222 3 10 2165 5 10 2165 6 10 6496 8 10 2165
358 6660388 1 1 1 4 9 171
359 6671773 3 3 1 2 5 48 4 5 24 10 5 12
360 6672091 1 1 1 8 10 9612
361 6772187 33 3 11 7 0 57 9 0 28 10 0 28 7 1 86 9 1 43 10 1 43 7 2 10 9 2 10 10 2 50 7 3 149 9 3 13 10 3 6 7 4 38 9 4 38 10 4 38 7 5 2474 9 5 9899 10 5 2474 7 6 509 9 6 1018 10 6 509 7 7 72 9 7 6 10 7 6 7 8 19 9 8 133 10 8 19 7 9 1990 9 9 1990 10 9 1990 7 10 149 9 10 52 10 10 8
362 6789412 8 4 4 0 1 199 1 1 199 8 1 8562 8 2 8941 6 6 64 0 9 1 1 9 3 6 9 1
363 6789837 1 1 1 3 2 48
364 6790975 1 1 1 5 0 201
365 6791303 1 1 1 10 10 33
366 6793157 1 1 1 6 6 1120
367 6795276 1 1 1 5 1 89
368 6796460 1 1 1 7 5 2013
369 6803252 2 2 1 3 8 137 10 8 34
370 6805854 1 1 1 5 9 3997
371 6811293 2 2 1 4 1 1 5 1 2
372 6813134 1 1 1 0 10 6
373 6827988 4 4 1 4 3 21 6 3 126 8 3 42 9 3 21
374 6843611 5 5 1 0 4 7 3 4 1 4 4 1 6 4 1 10 4 1
375 6887471 18 6 6 0 1 3 6 1 15 7 1 3 9 1 11 4 3 173 6 3 347 7 3 173 3 4 342 4 4 342 7 4 685 0 5 12 3 5 97 6 8 54 9 8 27 0 9 31 3 9 15 4 9 15 9 9 15
376 6888538 1 1 1 7 2 69
377 6906459 11 1 11 1 0 94 1 1 16 1 2 55 1 3 16253 1 4 124 1 5 258 1 6 60 1 7 130 1 8 101 1 9 100 1 10 45
378 6911737 6 6 1 0 6 1 1 6 1 4 6 1 5 6 16 7 6 6 9 6 1
379 6912470 1 1 1 6 4 37
380 6915357 1 1 1 2 5 311
381 6930834 9 9 2 0 1 56 2 1 5 3 1 20 10 1 5 1 3 14 4 3 78 5 3 14 7 3 7 8 3 7
382 6936671 2 2 1 3 1 1 7 1 203
383 6969774 9 9 2 5 4 52 6 4 52 8 4 52 10 4 52 0 8 1054 1 8 153 2 8 19 3 8 134 9 8 19
384 6971938 2 2 2 7 2 108 8 4 25375
385 6996471 11 1 11 3 0 92 3 1 33 3 2 38 3 3 49 3 4 7902 3 5 12202 3 6 114 3 7 190 3 8 1763 3 9 343 3 10 2700
386 7003712 1 1 1 8 5 28
387 7016700 2 2 2 2 7 1 8 9 116
388 7018472 1 1 1 2 4 117
389 7020739 1 1 1 10 5 112
390 7096461 33 3 11 0 0 36 3 0 147 8 0 73 0 1 3910 3 1 3910 8 1 3910 0 2 92 3 2 92 8 2 46 0 3 4876 3 3 9753 8 3 4876 0 4 284 3 4 284 8 4 1137 0 5 47 3 5 23 8 5 23 0 6 12 3 6 12 8 6 12 0 7 115 3 7 230 8 7 115 0 8 22 3 8 22 8 8 45 0 9 20 3 9 143 8 9 20 0 10 72 3 10 18 8 10 18
391 7279761 66 11 11 0 0 121 2 0 17 3 0 69 7 0 17 8 0 34 0 1 3 2 1 3 3 1 3 4 1 3 5 1 42 8 1 3 9 1 10 10 1 3 3 2 510 4 2 255 5 2 255 6 2 255 7 2 255 2 3 1 3 3 3 4 3 1 6 3 9 7 3 1 8 3 1 9 3 1 1 4 3377 2 4 562 4 4 562 5 4 562 6 4 562 7 4 562 8 4 1688 0 5 1 1 5 1 2 5 1 3 5 1 6 5 12 7 5 18 10 5 7 1 6 5 3 6 5 4 6 5 6 6 5 9 6 5 10 6 5 0 7 625 1 7 5628 5 7 4377 8 7 625 10 7 625 1 8 16 5 8 16 9 8 16 10 8 16 0 9 247 2 9 247 6 9 494 8 9 247 9 9 247 0 10 27 1 10 27 4 10 27 5 10 27 7 10 27 9 10 27 10 10 27
392 7280675 1 1 1 8 6 2102
393 7290192 1 1 1 6 1 59
394 7290666 1 1 1 5 7 2989
395 7294695 1 1 1 2 6 104
396 7444708 55 5 11 1 0 3 4 0 25 6 0 3 9 0 3 10 0 12 1 1 581 4 1 581 6 1 1162 9 1 5230 10 1 1743 1 2 15 4 2 47 6 2 15 9 2 15 10 2 15 1 3 4 4 3 9 6 3 4 9 3 19 10 3 57 1 4 15 4 4 11 6 4 11 9 4 3 10 4 3 1 5 1 4 5 1 6 5 2 9 5 1 10 5 17 1 6 1424 4 6 1424 6 6 4747 9 6 474 10 6 949 1 7 2 4 7 2 6 7 2 9 7 2 10 7 23 1 8 23 4 8 11 6 8 23 9 8 11 10 8 23 1 9 1027 4 9 1027 6 9 1027 9 9 4109 10 9 2054 1 10 1 4 10 1 6 10 57 9 10 22 10 10 1
397 7453032 5 5 1 0 3 19 3 3 38 4 3 19 7 3 57 10 3 19
398 7454631 1 1 1 6 2 2086
399 7455092 1 1 1 1 3 37
400 7585842 40 10 7 2 1 31 5 1 31 6 1 124 7 1 31 10 1 62 0 2 766 3 2 9961 5 2 766 6 2 1532 7 2 13793 8 2 11494 2 4 2 3 4 4 4 4 4 6 4 50 7 4 2 10 4 98 0 5 1 1 5 6 3 5 32 4 5 1 5 5 3 8 5 1 10 5 37 1 6 2 2 6 12 4 6 2 6 6 5 8 6 2 10 6 2 0 7 5 1 7 5 2 7 5 3 7 30 4 7 5 5 7 56 7 7 5 8 7 20 0 10 1306 1 10 653
401 7598878 2 2 1 4 8 29 6 8 290
402 7605073 1 1 1 9 5 100
403 7615498 1 1 1 1 9 56
404 7622075 4 4 1 2 10 1647 3 10 1647 8 10 3295 10 10 1647
405 7625348 1 1 1 4 1 12073
406 7642377 6 3 3 0 3 66 9 3 7 4 5 35 9 5 35 0 7 10 4 7 10
407 7644159 1 1 1 1 7 375
408 7650637 1 1 1 7 10 321
409 7655781 1 1 1 0 0 287
410 7695495 11 1 11 1 0 27684 1 1 85 1 2 41 1 3 15188 1 4 91 1 5 37 1 6 272 1 7 81 1 8 313 1 9 111 1 10 183
411 7695522 1 1 1 0 2 628
412 7712357 6 3 2 4 2 28 5 2 57 6 2 57 4 5 2 5 5 108 6 5 2
413 7714868 1 1 1 10 7 107
414 7808899 22 2 11 0 0 19 4 0 38 0 1 6669 4 1 666 0 2 83 4 2 83 0 3 48 4 3 48 0 4 69 4 4 4 0 5 54 4 5 54 0 6 63 4 6 63 0 7 961 4 7 961 0 8 6 4 8 12 0 9 1 4 9 18 0 10 19 4 10 19
415 7810389 2 2 1 8 10 129 10 10 32
416 7821913 3 3 2 2 4 17 10 4 17 7 6 76
417 7980968 66 11 11 1 0 3 3 0 1 4 0 1 5 0 6 8 0 10 9 0 9 0 1 2178 2 1 31 5 1 31 6 1 31 7 1 31 9 1 31 10 1 63 0 2 54 2 2 54 3 2 54 4 2 108 1 3 56 3 3 56 6 3 112 9 3 56 10 3 56 0 4 21 1 4 10 2 4 10 3 4 10 4 4 10 6 4 42 8 4 10 9 4 95 10 4 10 1 5 3 2 5 3 6 5 18 7 5 11 9 5 18 10 5 3 0 6 40 4 6 40 5 6 284 8 6 40 10 6 81 0 7 1 1 7 1 3 7 1 5 7 1 6 7 1 7 7 3 8 7 1 1 8 2 2 8 2 5 8 14 7 8 5 8 8 29 9 8 5 10 8 2 0 9 3 2 9 14 3 9 7 4 9 7 5 9 24 6 9 3 7 9 7 8 9 3 4 10 1 7 10 42
418 7981460 1 1 1 10 5 5758
419 7982709 1 1 1 7 4 11896
420 7998744 6 3 3 0 1 41 6 1 20 9 1 20 6 2 13761 9 2 13761 0 4 19602
421 8003464 1 1 1 8 7 65
422 8006143 1 1 1 4 10 201
423 8139950 44 4 11 3 0 55 5 0 55 8 0 55 10 0 890 3 1 10 5 1 10 8 1 10 10 1 20 3 2 2 5 2 2 8 2 53 10 2 2 3 3 2933 5 3 5866 8 3 1466 10 3 1466 3 4 269 5 4 269 8 4 1618 10 4 539 3 5 6 5 5 6 8 5 31 10 5 6 3 6 20 5 6 20 8 6 20 10 6 20 3 7 6520 5 7 13041 8 7 6520 10 7 13041 3 8 39 5 8 13 8 8 39 10 8 26 3 9 22 5 9 22 8 9 44 10 9 66 3 10 43 5 10 87 8 10 43 10 10 43
424 8145830 1 1 1 0 10 156
425 8149635 1 1 1 10 9 701
426 8150086 1 1 1 0 6 39
427 8199806 22 11 5 1 0 8 2 0 2 3 0 2 5 0 2 10 0 2 0 2 1 1 2 1 5 2 1 6 2 1 7 2 198 8 2 1 10 2 1 4 3 281 6 3 140 7 3 562 2 7 1 3 7 3 4 7 1 9 7 1 0 9 54 8 9 162 9 9 54
428 8203911 1 1 1 1 0 106
429 8209357 1 1 1 7 7 15766
430 8209513 1 1 1 1 8 320
431 8209861 1 1 1 5 8 108
432 8223818 5 5 1 1 7 16 4 7 118 8 7 8 9 7 8 10 7 8
433 8225295 1 1 1 6 0 2140
434 8234644 1 1 1 10 9 6169
435 8247203 1 1 1 7 10 68
436 8253200 1 1 1 2 6 53
437 8256163 1 1 1 2 10 108
438 8256778 1 1 1 6 5 91
439 8263610 1 1 1 3 2 31
440 8264168 1 1 1 4 3 95
441 8266737 1 1 1 4 5 54
442 8281441 4 4 1 0 10 4429 7 10 632 9 10 632 10 10 632
443 8282223 1 1 1 3 1 425
444 8315523 11 1 11 9 0 48 9 1 179 9 2 29 9 3 87 9 4 1068 9 5 13 9 6 1746 9 7 2895 9 8 26 9 9 66 9 10 94
445 8443330 42 6 11 7 0 125 8 0 25 9 0 25 0 1 28 3 1 14 5 1 14 8 1 14 0 2 5 3 2 2 7 2 2 8 2 2 9 2 151 0 3 12 3 3 12 5 3 12 8 3 24 9 3 12 0 4 12 3 4 12 5 4 6 7 4 6 9 4 25 3 5 15 5 5 31 7 5 156 8 5 15 9 5 15 3 6 18 7 6 6 5 7 16563 7 7 16563 0 8 308 8 8 308 9 8 2468 0 9 18 3 9 8 5 9 24 9 9 2 0 10 19 5 10 9 7 10 38 8 10 9
446 8444867 1 1 1 3 2 122
447 8447101 1 1 1 0 0 1348
448 8503238 22 2 11 8 0 133 10 0 76 8 1 43 10 1 43 8 2 10 10 2 20 8 3 48 10 3 24 8 4 89 10 4 3 8 5 26 10 5 26 8 6 43 10 6 21 8 7 48 10 7 96 8 8 21 10 8 7 8 9 24 10 9 12 8 10 45 10 10 6018
449 8503974 1 1 1 0 0 1412
450 8507894 1 1 1 5 0 118
451 8510227 1 1 1 10 4 20
452 8511256 1 1 1 3 7 95
453 8512968 1 1 1 9 0 145
454 8513230 1 1 1 1 7 56
455 8519205 1 1 1 7 6 205
456 8520388 1 1 1 7 6 104
457 8540183 11 1 11 8 0 66255 8 1 1458 8 2 197 8 3 168 8 4 1396 8 5 95 8 6 17660 8 7 5979 8 8 37 8 9 80 8 10 88
458 8552119 3 3 1 5 8 16559 7 8 8279 9 8 8279
459 8554584 1 1 1 0 4 33
460 8555204 2 2 1 0 2 187 5 2 62
461 8555313 1 1 1 10 3 344
462 8618596 22 2 11 3 0 41 6 0 41 3 1 537 6 1 1075 3 2 37 6 2 37 3 3 57 6 3 57 3 4 18 6 4 72 3 5 1277 6 5 2554 3 6 65 6 6 131 3 7 18373 6 7 1080 3 8 61 6 8 20 3 9 2 6 9 5 3 10 4527 6 10 282
463 8621429 1 1 1 2 0 3883
464 8643933 3 3 2 4 1 117 5 1 58 8 3 114
465 8655515 2 2 1 5 7 49 9 7 49
466 8659270 1 1 1 8 0 163
467 8662477 2 2 1 3 0 63 5 0 31
468 8666775 1 1 1 1 4 75
469 8667776 1 1 1 1 0 33299
470 8891320 88 8 11 0 0 21 3 0 5 5 0 5 6 0 21 7 0 5 8 0 5 9 0 5 10 0 5 0 1 5 3 1 1 5 1 71 6 1 4 7 1 1 8 1 1 9 1 1 10 1 1 0 2 4 3 2 4 5 2 4 6 2 4 7 2 4 8 2 4 9 2 4 10 2 4 0 3 1512 3 3 1008 5 3 504 6 3 1512 7 3 504 8 3 2520 9 3 504 10 3 504 0 4 64 3 4 1 5 4 1 6 4 1 7 4 1 8 4 1 9 4 1 10 4 1 0 5 1 3 5 1 5 5 1 6 5 1 7 5 1 8 5 44 9 5 1 10 5 1 0 6 24 3 6 12 5 6 12 6 6 12 7 6 37 8 6 12 9 6 74 10 6 12 0 7 1365 3 7 1365 5 7 1365 6 7 1365 7 7 6829 8 7 1365 9 7 5463 10 7 2731 0 8 1 3 8 1 5 8 1 6 8 1 7 8 1 8 8 1 9 8 1 10 8 1 0 9 1 3 9 26 5 9 1 6 9 1 7 9 1 8 9 1 9 9 1 10 9 1 0 10 7 3 10 1 5 10 3 6 10 16 7 10 1 8 10 3 9 10 1 10 10 1
471 8898433 2 2 1 2 5 97 4 5 9
472 8901748 1 1 1 6 1 1272
473 8906669 1 1 1 2 0 209
474 8932613 11 1 11 9 0 1372 9 1 102 9 2 16 9 3 168 9 4 9547 9 5 35 9 6 15809 9 7 79 9 8 2979 9 9 87 9 10 27
475 9090772 66 11 11 0 0 13 2 0 13 3 0 13 4 0 13 5 0 230 6 0 13 8 0 67 2 1 16 3 1 10 5 1 10 7 1 5 8 1 10 10 1 5 4 2 6776 5 2 3388 8 2 3388 9 2 3388 1 3 3 4 3 1 6 3 112 2 4 3 5 4 72 6 4 1 8 4 1 9 4 6 10 4 1 0 5 7 1 5 1 2 5 1 3 5 1 6 5 1 7 5 1 9 5 1 10 5 1 0 6 5 1 6 232 6 6 41 7 6 5 8 6 5 0 7 5 1 7 10 3 7 63 4 7 5 5 7 5 7 7 5 9 7 5 10 7 5 0 8 248 1 8 62 3 8 62 4 8 62 6 8 62 8 8 1179 9 8 2110 10 8 248 2 9 34 3 9 68 4 9 34 7 9 34 0 10 14 1 10 14 2 10 14 5 10 28 7 10 14 9 10 14 10 10 14
476 9092418 1 1 1 3 5 99511
477 9103574 4 4 1 3 2 7 4 2 4 9 2 1 10 2 1
478 9113787 3 1 3 6 3 106 6 8 69 6 10 54
479 9118534 1 1 1 2 5 100
480 9121461 2 2 1 1 0 111 3 0 111
481 9156150 9 9 1 1 10 1 2 10 1 3 10 1 4 10 1 5 10 1 6 10 1 7 10 1 8 10 1 9 10 78
482 9158026 1 1 1 7 0 36
483 9159668 1 1 1 8 1 41
484 9214074 18 6 6 3 0 33 5 0 16 6 0 5 8 0 11 0 4 3 3 4 7 8 4 3 9 4 3 8 5 89 5 6 10 9 6 20 0 7 1764 3 7 1764 5 7 5292 6 7 1764 9 7 1764 0 10 1 6 10 21
485 9216719 1 1 1 3 1 92
486 9222927 1 1 1 1 9 12724
487 9240389 3 1 3 1 1 14 1 8 39148 1 10 306
488 9262751 11 1 11 10 0 304 10 1 8458 10 2 248 10 3 4006 10 4 4806 10 5 685 10 6 89 10 7 3955 10 8 112 10 9 93 10 10 321
489 9266253 2 2 1 2 3 782 5 3 2346
490 9269090 1 1 1 0 6 42
491 9278449 2 2 1 5 4 52 6 4 52
492 9299205 11 11 1 0 9 1 1 9 1 2 9 1 3 9 6 4 9 1 5 9 2 6 9 1 7 9 1 8 9 1 9 9 1 10 9 1
493 9364222 22 2 11 6 0 9 8 0 34 6 1 52 8 1 52 6 2 174 8 2 174 6 3 34 8 3 69 6 4 159 8 4 79 6 5 68 8 5 45 6 6 107 8 6 107 6 7 18 8 7 37 6 8 1341 8 8 1341 6 9 8 8 9 90 6 10 5 8 10 5
494 9378516 6 3 3 1 3 6 4 3 12 10 3 12 4 4 114 1 8 6 10 8 52
495 9387602 1 1 1 9 4 199
496 9388485 1 1 1 8 3 48
497 9450572 21 7 6 2 1 14 4 1 14 7 1 29 0 2 149 3 2 299 4 2 149 7 2 149 8 2 449 0 4 1331 1 4 1331 3 4 1331 8 4 1331 1 5 111 4 5 783 8 5 223 1 6 96 2 6 32 0 9 2 2 9 18 3 9 2 7 9 4
498 9451937 1 1 1 6 10 112
499 9452251 1 1 1 3 7 67
500 9453860 1 1 1 5 2 112
501 9454364 1 1 1 1 6 195
502 9455646 1 1 1 5 6 40
503 9455821 1 1 1 8 0 198
504 9478551 7 1 7 8 0 780 8 2 164 8 4 691 8 5 168 8 6 19 8 7 141 8 9 147
505 9484396 2 2 1 9 9 8946 10 9 8946
506 9484951 1 1 1 4 0 5165
507 9485557 1 1 1 2 1 64
508 9492195 1 1 1 6 1 80
509 9503167 4 4 1 0 10 1 1 10 1 8 10 16 10 10 87
510 9505870 1 1 1 6 1 65
511 9505968 1 1 1 5 9 16
512 9506940 2 2 1 2 10 56 3 10 52
513 9648138 44 4 11 2 0 4 3 0 6036 6 0 4 7 0 8 2 1 802 3 1 802 6 1 1604 7 1 802 2 2 682 3 2 227 6 2 227 7 2 227 2 3 28 3 3 28 6 3 28 7 3 28 2 4 53 3 4 53 6 4 26 7 4 26 2 5 5 3 5 22 6 5 17 7 5 5 2 6 555 3 6 555 6 6 5556 7 6 555 2 7 18 3 7 1 6 7 3 7 7 1 2 8 4 3 8 4 6 8 26 7 8 4 2 9 175 3 9 175 6 9 175 7 9 175 2 10 46 3 10 58 6 10 11 7 10 23
514 9834284 66 11 11 0 0 1 1 0 1 2 0 1 3 0 1 4 0 1 6 0 7 7 0 1 8 0 1 9 0 5 10 0 1 0 1 212 5 1 212 6 1 212 7 1 1490 8 1 425 9 1 425 10 1 212 0 2 9 1 2 9 2 2 9 3 2 9 4 2 9 5 2 9 6 2 9 8 2 18 9 2 18 5 3 187 6 3 17 7 3 17 2 4 37 3 4 4 5 4 14 9 4 14 10 4 14 1 5 9 2 5 29 7 5 9 8 5 9 9 5 19 10 5 9 0 6 6 1 6 2 3 6 6 4 6 40 5 6 2 7 6 2 8 6 4 10 6 6 2 7 4 4 7 4 6 7 4 7 7 9 9 7 61 0 8 11 1 8 11 3 8 11 4 8 55 0 9 147 3 9 3 5 9 14 8 9 7 10 9 3 1 10 587 2 10 587 4 10 7634 6 10 2936
515 9839011 1 1 1 8 0 38
516 9840002 1 1 1 9 10 63
517 9843496 1 1 1 10 9 117
518 9844406 1 1 1 8 10 2
519 9846145 1 1 1 5 7 74
520 9849126 1 1 1 7 7 5236
521 9852859 1 1 1 5 1 84
522 9854178 2 2 1 5 8 237 8 8 33
523 9855316 1 1 1 1 4 6019
524 9856247 1 1 1 8 2 8260
525 9913712 22 2 11 2 0 159 7 0 28 2 1 55 7 1 55 2 2 175 7 2 35 2 3 16 7 3 16 2 4 2 7 4 11 2 5 6 7 5 13 2 6 18 7 6 10 2 7 11 7 7 11 2 8 1 7 8 1 2 9 13744 7 9 13744 2 10 11 7 10 60
526 9914303 1 1 1 3 1 70
527 9919604 1 1 1 2 4 1270
528 9924839 1 1 1 5 6 116
529 9958877 10 5 4 0 1 334 4 1 1336 6 1 334 1 5 113 6 5 56 1 6 3 2 6 3 0 9 3 2 9 3 4 9 7
530 10022631 22 2 11 5 0 54 8 0 54 5 1 38 8 1 38 5 2 79 8 2 39 5 3 114 8 3 114 5 4 14 8 4 57 5 5 1401 8 5 280 5 6 13 8 6 13 5 7 65 8 7 131 5 8 4 8 8 9 5 9 74 8 9 74 5 10 141 8 10 70
531 10028535 1 1 1 5 0 90
532 10032987 2 2 1 5 9 156 10 9 78
533 10033220 1 1 1 3 8 198
534 10037648 1 1 1 0 9 188
535 10052643 2 2 1 2 10 14 6 10 7
536 10053599 1 1 1 8 0 69
537 10055127 1 1 1 4 5 2253
538 10088973 11 1 11 4 0 95 4 1 24 4 2 1989 4 3 113 4 4 114 4 5 27 4 6 107 4 7 64 4 8 109 4 9 34 4 10 112
539 10089476 1 1 1 8 1 29
540 10091449 2 2 1 2 5 16 3 5 49
541 10092388 2 2 1 0 1 845 6 1 14381
542 10093532 1 1 1 6 7 80
543 10095666 1 1 1 10 4 7702
544 10098173 1 1 1 3 7 86
545 10098503 1 1 1 2 10 44
546 10100239 1 1 1 1 10 64
547 10113290 4 4 1 1 10 62 2 10 83 6 10 20 8 10 20
548 10114981 1 1 1 7 5 146
549 10115933 1 1 1 10 7 1234
550 10117576 1 1 1 3 3 11376
551 10119184 2 2 1 2 4 79 7 4 33
552 10121274 1 1 1 7 9 4716
553 10126364 2 2 1 3 5 441 10 5 882
554 10245205 33 3 11 4 0 95 5 0 95 6 0 1150 4 1 159 5 1 31 6 1 31 4 2 3276 5 2 3276 6 2 9829 4 3 27 5 3 55 6 3 55 4 4 17 5 4 7 6 4 3 4 5 52 5 5 52 6 5 52 4 6 1 5 6 1 6 6 1 4 7 40 5 7 40 6 7 40 4 8 2383 5 8 7149 6 8 2383 4 9 43 5 9 43 6 9 43 4 10 19 5 10 6 6 10 6
555 10248719 1 1 1 7 1 105
556 10249918 1 1 1 10 7 8955
557 10250176 1 1 1 0 10 1487
558 10252009 1 1 1 5 4 88
559 10253521 1 1 1 6 7 11889
560 10254195 1 1 1 8 7 181
561 10256994 1 1 1 9 10 185
562 10257900 1 1 1 3 1 586
563 10259923 1 1 1 5 5 21
564 10556171 99 9 11 0 0 9 1 0 59 3 0 9 4 0 19 5 0 19 6 0 9 8 0 9 9 0 88 10 0 9 0 1 1 1 1 1 3 1 1 4 1 1 5 1 78 6 1 1 8 1 2 9 1 1 10 1 1 0 2 2 1 2 20 3 2 31 4 2 2 5 2 2 6 2 2 8 2 2 9 2 2 10 2 4 0 3 6 1 3 26 3 3 6 4 3 6 5 3 6 6 3 13 8 3 13 9 3 6 10 3 6 0 4 1 1 4 1 3 4 1 4 4 5 5 4 1 6 4 9 8 4 1 9 4 4 10 4 4 0 5 2354 1 5 1177 3 5 1177 4 5 1177 5 5 1177 6 5 1177 8 5 1177 9 5 1177 10 5 1177 0 6 27 1 6 13 3 6 13 4 6 27 5 6 177 6 6 13 8 6 13 9 6 13 10 6 13 0 7 2 1 7 2 3 7 4 4 7 2 5 7 2 6 7 6 8 7 23 9 7 2 10 7 2 0 8 44 1 8 89 3 8 44 4 8 44 5 8 44 6 8 44 8 8 44 9 8 44 10 8 7280 0 9 713 1 9 356 3 9 356 4 9 356 5 9 3568 6 9 356 8 9 1427 9 9 1070 10 9 356 0 10 1 1 10 1 3 10 1 4 10 1 5 10 2 6 10 3 8 10 1 9 10 1 10 10 1
565 10560704 1 1 1 4 0 64
566 10696392 66 11 11 1 0 11 3 0 11 6 0 11 9 0 59 10 0 11 0 1 13 1 1 13 2 1 66 4 1 13 5 1 40 6 1 40 7 1 13 9 1 26 10 1 66 0 2 48 1 2 96 3 2 96 5 2 48 6 2 1061 8 2 144 0 3 1181 3 3 1181 4 3 2362 5 3 3544 8 3 2362 9 3 2362 10 3 1181 0 4 1 3 4 32 6 4 1 7 4 2 8 4 1 9 4 1 10 4 1 0 5 1037 2 5 1451 4 5 207 5 5 207 10 5 207 2 6 16 3 6 5 4 6 10 5 6 5 7 6 10 0 7 8 1 7 4 2 7 4 4 7 4 6 7 4 7 7 8 8 7 20 2 8 642 6 8 6424 7 8 642 1 9 7324 7 9 7324 8 9 7324 9 9 29296 10 9 7324 1 10 4 2 10 4 3 10 21 4 10 4 5 10 8 8 10 4 9 10 25
567 10703918 1 1 1 4 10 122
568 10739124 11 1 11 7 0 327 7 1 20 7 2 8 7 3 8336 7 4 80 7 5 70 7 6 2061 7 7 19603 7 8 164 7 9 121 7 10 9822
569 10742375 1 1 1 1 4 4802
570 10745084 1 1 1 3 5 487
571 10752716 1 1 1 1 0 147
572 10766541 6 3 3 1 0 59 10 0 59 8 8 55 10 8 55 1 9 83 8 9 83
573 10768396 1 1 1 2 7 11
574 10772203 2 2 1 3 3 5947 8 3 11895
575 10774200 2 1 2 5 1 225 5 10 72
576 10775009 1 1 1 3 10 154
577 10984828 66 11 11 0 0 873 1 0 873 2 0 873 3 0 873 4 0 873 5 0 873 6 0 2620 9 0 1746 10 0 873 0 1 15 4 1 94 5 1 7 6 1 7 9 1 31 10 1 7 0 2 173 1 2 434 2 2 86 4 2 86 7 2 2172 5 3 222 10 3 222 1 4 310 3 4 310 5 4 621 6 4 310 7 4 310 8 4 310 9 4 310 0 5 1 1 5 3 2 5 1 3 5 41 7 5 1 8 5 5 9 5 42 10 5 1 3 6 1 4 6 1 7 6 2 8 6 25 9 6 7 0 7 10 1 7 10 2 7 30 3 7 10 5 7 10 6 7 30 7 7 10 8 7 20 9 7 40 10 7 10 2 8 1852 4 8 1852 5 8 7409 6 8 12967 7 8 1852 8 8 1852 10 8 5557 0 9 3 4 9 24 1 10 27 2 10 6 3 10 6 6 10 6 8 10 6
578 10985286 1 1 1 5 6 164
579 11015348 11 1 11 7 0 75 7 1 3044 7 2 95 7 3 253 7 4 11346 7 5 5 7 6 90 7 7 66 7 8 70 7 9 237 7 10 99
580 11033062 11 11 1 0 8 1 1 8 1 2 8 1 3 8 1 4 8 1 5 8 1 6 8 1 7 8 1 8 8 1 9 8 1 10 8 1
581 11033337 1 1 1 8 9 220
582 11034247 1 1 1 4 9 103
583 11040415 3 3 1 1 9 36 2 9 4 10 9 36
584 11057321 4 4 1 1 10 666 2 10 2665 9 10 1332 10 10 666
585 11058645 1 1 1 8 8 96
586 11225023 66 11 11 2 0 7 4 0 30 7 0 7 9 0 7 10 0 7 0 1 12 1 1 6 2 1 6 3 1 6 5 1 6 6 1 24 7 1 6 8 1 12 9 1 18 3 2 16 4 2 8 8 2 8 1 3 956 2 3 5736 4 3 956 5 3 956 8 3 1912 9 3 956 10 3 2868 3 4 9 6 4 9 0 5 129 1 5 648 3 5 648 4 5 129 5 5 388 8 5 129 9 5 129 10 5 129 0 6 3 1 6 3 5 6 6 6 6 6 7 6 3 10 6 13 0 7 25 1 7 1586 2 7 12 5 7 12 6 7 62 7 7 1359 10 7 12 0 8 55 1 8 13 2 8 6 3 8 6 4 8 13 9 8 6 3 9 10 6 9 31 7 9 10 8 9 10 9 9 10 10 9 10 0 10 2 2 10 2 4 10 8 5 10 2 6 10 2 7 10 4 8 10 2
587 11261597 11 1 11 9 0 39185 9 1 57 9 2 78 9 3 255 9 4 4052 9 5 129 9 6 55 9 7 65 9 8 51 9 9 27 9 10 680
588 11262192 1 1 1 8 1 33427
589 11262355 1 1 1 0 4 6
590 11274253 1 1 1 1 6 321
591 11448292 48 6 11 0 0 19 2 0 13 6 0 3 8 0 3 9 0 3 10 0 3 0 1 16 6 1 32 8 1 16 9 1 16 2 2 12 6 2 25 8 2 12 9 2 25 10 2 25 0 3 594 6 3 1189 8 3 1189 9 3 15460 10 3 594 0 4 6 2 4 6 6 4 20 9 4 13 10 4 6 0 5 19 2 5 19 6 5 19 8 5 19 10 5 19 8 6 269 9 6 53 0 7 20 2 7 10 6 7 10 8 7 10 10 7 10 2 8 12 9 8 12 0 9 12 2 9 12 6 9 12 8 9 51 10 9 12 0 10 303 2 10 303 9 10 1519 10 10 303
592 11454678 6 3 3 0 3 7 2 3 59 2 5 1168 6 5 1752 0 8 32640 6 8 6528
593 11456331 1 1 1 8 4 73
594 11480815 8 4 3 1 2 16 2 2 4 8 2 20 9 8 30044 1 9 28 2 9 1 8 9 1 9 9 1
595 11485774 3 3 1 2 3 107 4 3 107 7 3 107
596 11489388 1 1 1 2 4 306
597 11498659 2 2 2 4 3 387 10 8 1059
598 11502512 1 1 1 5 10 115
599 11593282 22 2 11 6 0 321 9 0 3701 6 1 66 9 1 66 6 2 81 9 2 81 6 3 353 9 3 70 6 4 6012 9 4 6012 6 5 1986 9 5 1986 6 6 12485 9 6 12485 6 7 62 9 7 31 6 8 30 9 8 6 6 9 5 9 9 27 6 10 28 9 10 28
600 11595453 1 1 1 7 1 5996
601 11600033 1 1 1 5 2 7839
602 11602553 1 1 1 10 10 3385
603 11611249 3 3 1 3 6 26 4 6 26 7 6 26
604 11612618 1 1 1 7 7 337
605 11620291 2 2 1 1 2 3659 2 2 3659
606 11661451 15 5 5 1 0 30 5 3 117 1 4 168 2 4 168 3 4 168 5 4 168 6 4 336 1 7 41 2 7 92 3 7 10 6 7 51 2 8 14 3 8 14 5 8 57 6 8 14
607 11779817 36 9 7 1 1 6 2 1 158 5 1 6 6 1 13 7 1 6 8 1 26 0 3 231 3 3 77 4 3 77 6 3 77 7 3 77 0 4 3522 1 4 503 3 4 503 5 4 503 8 4 1006 0 6 1 1 6 3 2 6 1 4 6 1 6 6 20 8 6 2 2 7 118 3 7 39 4 7 39 5 7 39 8 7 79 4 8 179 5 8 22 6 8 44 7 8 44 0 10 38 1 10 76 2 10 38 3 10 38 7 10 76
608 11816023 11 1 11 6 0 34 6 1 11788 6 2 424 6 3 43 6 4 107 6 5 1521 6 6 14092 6 7 242 6 8 52606 6 9 2927 6 10 112
609 11823099 3 3 1 2 1 36 7 1 36 9 1 36
610 11845175 3 3 1 1 7 72 4 7 72 10 7 72
611 11848584 1 1 1 0 9 110
612 11850260 1 1 1 1 9 271
613 11854425 1 1 1 8 0 78
614 11856817 2 2 1 4 7 47 7 7 47
615 11857595 1 1 1 6 9 135
616 11868199 1 1 1 1 6 100
617 11894986 11 1 11 2 0 2 2 1 63 2 2 31 2 3 41 2 4 221 2 5 81 2 6 104 2 7 679 2 8 63 2 9 230 2 10 2702
618 11901703 1 1 1 9 4 702
619 12047383 55 5 11 0 0 25 3 0 12 4 0 12 7 0 12 9 0 50 0 1 25 3 1 75 4 1 202 7 1 25 9 1 50 0 2 17 3 2 68 4 2 17 7 2 17 9 2 34 0 3 119 3 3 119 4 3 119 7 3 119 9 3 238 0 4 3 3 4 11 4 4 22 7 4 15 9 4 3 0 5 45 3 5 45 4 5 45 7 5 45 9 5 91 0 6 24 3 6 96 4 6 72 7 6 24 9 6 72 0 7 3060 3 7 3060 4 7 3060 7 7 3060 9 7 3060 0 8 4 3 8 4 4 8 4 7 8 48 9 8 12 0 9 208 3 9 208 4 9 208 7 9 208 9 9 208 0 10 1 3 10 3 4 10 1 7 10 1 9 10 1
620 12081339 11 1 11 9 0 2092 9 1 66 9 2 165 9 3 15 9 4 23709 9 5 33 9 6 91 9 7 2999 9 8 71 9 9 79 9 10 9007
621 12083770 1 1 1 2 3 185
622 12083788 1 1 1 10 4 57
623 12086720 1 1 1 7 7 3938
624 12442598 110 10 11 0 0 1 1 0 2 2 0 1 3 0 1 4 0 10 5 0 1 6 0 4 7 0 1 9 0 9 10 0 1 0 1 5 1 1 5 2 1 5 3 1 10 4 1 5 5 1 5 6 1 5 7 1 31 9 1 5 10 1 5 0 2 2104 1 2 701 2 2 1403 3 2 1403 4 2 701 5 2 701 6 2 701 7 2 701 9 2 701 10 2 701 0 3 12 1 3 4 2 3 8 3 3 4 4 3 8 5 3 4 6 3 4 7 3 4 9 3 4 10 3 4 0 4 5 1 4 5 2 4 23 3 4 11 4 4 5 5 4 5 6 4 5 7 4 5 9 4 5 10 4 5 0 5 7117 1 5 1186 2 5 1186 3 5 1186 4 5 1186 5 5 1186 6 5 7117 7 5 2372 9 5 4744 10 5 5930 0 6 329 1 6 329 2 6 329 3 6 329 4 6 659 5 6 329 6 6 329 7 6 989 9 6 989 10 6 329 0 7 4 1 7 4 2 7 4 3 7 4 4 7 8 5 7 16 6 7 20 7 7 4 9 7 4 10 7 4 0 8 234 1 8 234 2 8 234 3 8 234 4 8 1409 5 8 234 6 8 234 7 8 234 9 8 469 10 8 469 0 9 6 1 9 3 2 9 3 3 9 3 4 9 12 5 9 18 6 9 3 7 9 6 9 9 24 10 9 15 0 10 117 1 10 9 2 10 9 3 10 9 4 10 9 5 10 18 6 10 9 7 10 9 9 10 18 10 10 9
625 12453127 2 2 2 10 6 175 4 7 2637
626 12455114 1 1 1 2 5 27479
627 12500203 11 1 11 9 0 10193 9 1 320 9 2 68 9 3 202 9 4 1764 9 5 154 9 6 106 9 7 9464 9 8 649 9 9 112 9 10 2083
628 12502227 1 1 1 9 9 126
629 12502879 1 1 1 3 9 116
630 12548141 18 6 6 9 1 65 10 1 65 2 2 100 6 2 50 10 2 50 0 3 22 2 3 22 5 3 22 6 3 44 9 3 22 2 5 510 5 5 2550 6 5 510 9 5 510 0 6 28 5 6 140 0 8 1 10 8 1
631 12551852 2 2 2 9 1 575 3 2 23
632 12580488 11 1 11 8 0 13 8 1 57 8 2 104 8 3 11338 8 4 38983 8 5 11268 8 6 263 8 7 112 8 8 48 8 9 127 8 10 117
633 12581508 1 1 1 3 6 82
634 12754421 66 11 11 0 0 169 1 0 8 2 0 8 3 0 26 6 0 8 8 0 8 9 0 8 10 0 8 0 1 1 1 1 1 4 1 1 5 1 1 9 1 3 10 1 32 3 2 37 5 2 56 9 2 18 5 3 44 7 3 44 4 4 573 7 4 573 8 4 1146 9 4 573 10 4 573 1 5 98 2 5 16 6 5 16 7 5 16 9 5 49 0 6 66 1 6 3 2 6 3 3 6 3 4 6 3 5 6 3 6 6 3 7 6 3 8 6 3 1 7 26 2 7 26 3 7 52 4 7 26 8 7 26 10 7 26 0 8 484 3 8 1454 4 8 969 5 8 1454 6 8 484 7 8 969 10 8 484 0 9 1 1 9 1 2 9 1 6 9 1 8 9 1 9 9 1 10 9 1 0 10 4273 2 10 56 3 10 113 4 10 56 5 10 56 6 10 227 7 10 56 8 10 56
635 12765132 2 2 1 2 3 53 4 3 53
636 12765574 1 1 1 9 5 65
637 13065135 99 11 11 0 0 1 1 0 1 2 0 244 4 0 1 5 0 2 6 0 1 7 0 1 9 0 1 10 0 1 0 1 1 1 1 1 2 1 1 3 1 1 4 1 1 5 1 1 6 1 1 8 1 1 9 1 1 10 1 147 0 2 22 2 2 11 3 2 11 4 2 11 6 2 11 7 2 34 8 2 11 0 3 3 1 3 2 3 3 4 4 3 1 5 3 2 7 3 1 8 3 3 9 3 2 10 3 1 0 4 14 1 4 3 3 4 3 5 4 35 6 4 3 7 4 3 8 4 3 9 4 10 10 4 3 0 5 5 1 5 5 2 5 17 3 5 5 4 5 5 5 5 5 6 5 41 7 5 5 8 5 5 10 5 17 1 6 6 2 6 1 3 6 6 5 6 1 6 6 1 8 6 1 9 6 1 0 7 1 2 7 1 3 7 9 4 7 1 5 7 1 6 7 3 7 7 5 8 7 1 9 7 1 10 7 4 1 8 6 2 8 3 3 8 6 4 8 3 6 8 3 7 8 15 8 8 3 9 8 3 10 8 3 0 9 1 1 9 1 2 9 1 3 9 1 4 9 1 5 9 1 7 9 1 8 9 1 9 9 1 10 9 1 0 10 12 1 10 6 2 10 19 4 10 19 5 10 6 6 10 6 7 10 6 9 10 12 10 10 19
638 13079698 2 2 1 5 7 2470 7 7 7410
639 13124441 11 1 11 7 0 50 7 1 99 7 2 131 7 3 177 7 4 152 7 5 92 7 6 1773 7 7 27 7 8 86 7 9 2401 7 10 45
640 13126758 1 1 1 1 1 10146
641 13150601 11 1 11 2 0 33 2 1 310 2 2 477 2 3 103 2 4 8 2 5 7 2 6 3908 2 7 658 2 8 1048 2 9 11434 2 10 12
642 13152368 1 1 1 7 8 6402
643 13175229 11 1 11 9 0 331 9 1 289 9 2 93 9 3 11 9 4 146 9 5 9013 9 6 57 9 7 247 9 8 6635 9 9 99 9 10 113
644 13221610 12 6 3 0 3 8 1 3 8 2 3 8 3 3 106 7 3 26 9 3 8 1 6 1003 3 6 1003 9 6 1003 0 9 41 2 9 8 7 9 16
645 13222666 1 1 1 8 7 6232
646 13338598 44 4 11 0 0 533 4 0 1067 6 0 533 9 0 533 0 1 3 4 1 6 6 1 1 9 1 1 0 2 2 4 2 9 6 2 37 9 2 2 0 3 27 4 3 27 6 3 81 9 3 54 0 4 20 4 4 176 6 4 10 9 4 20 0 5 87 4 5 17 6 5 17 9 5 34 0 6 1 4 6 11 6 6 1 9 6 1 0 7 583 4 7 583 6 7 583 9 7 583 0 8 320 4 8 128 6 8 64 9 8 64 0 9 6 4 9 18 6 9 69 9 9 6 0 10 24 4 10 24 6 10 24 9 10 24
647 13341427 1 1 1 4 8 35314
648 13349486 1 1 1 2 9 7700
649 13350260 1 1 1 10 6 43
650 13352728 2 2 1 9 8 38 10 8 19
651 13356860 1 1 1 10 6 703
652 13357539 1 1 1 5 0 60
653 13364812 4 4 1 1 6 4 6 6 4 7 6 581 8 6 12
654 13401874 15 5 5 2 0 251 4 0 503 8 0 754 2 1 3357 6 1 959 8 1 479 6 3 3 9 3 67 4 4 4265 6 4 1066 9 4 1066 2 8 4 4 8 2 8 8 3 9 8 1
655 13414517 2 2 1 1 9 30 2 9 6
656 13431179 2 2 1 4 5 45 8 5 45
657 13433858 1 1 1 6 7 1327
658 13438094 1 1 1 10 1 96
659 13439261 1 1 1 6 10 15
660 13458020 7 7 1 1 3 4 2 3 4 3 3 9 7 3 36 8 3 4 9 3 4 10 3 18
661 13459091 1 1 1 9 5 185
662 13460242 1 1 1 3 10 11843
663 13501375 21 7 6 1 0 7 5 0 7 6 0 15 7 0 7 10 0 7 10 2 166 0 3 960 5 3 960 6 3 960 9 3 1921 0 6 2397 1 6 4794 9 6 2397 0 8 24 1 8 24 7 8 24 5 9 1 6 9 1 7 9 64 9 9 1 10 9 3
664 13542619 11 1 11 2 0 5 2 1 1665 2 2 1037 2 3 3086 2 4 57 2 5 67 2 6 197 2 7 101 2 8 278 2 9 3 2 10 17903
665 13542866 1 1 1 8 9 21
666 13544248 1 1 1 3 4 201
667 13578883 11 1 11 6 0 198 6 1 93 6 2 2952 6 3 112 6 4 41 6 5 31 6 6 76 6 7 47 6 8 12119 6 9 105 6 10 155
668 13587251 3 3 1 1 5 10 5 5 201 7 5 30
669 13593156 2 2 1 1 2 41 6 2 41
670 13594811 1 1 1 2 7 4880
671 13601978 2 2 1 8 10 33 10 10 33
672 13606665 1 1 1 5 1 179
673 13625318 2 2 1 4 3 35 6 3 35
674 13626078 1 1 1 9 6 103
675 13628146 1 1 1 8 6 155
676 13636910 2 2 1 4 2 227 6 2 227
677 13641827 1 1 1 7 2 123
678 13644282 1 1 1 6 7 15
679 13645731 1 1 1 0 2 1302
680 13674642 11 1 11 10 0 118 10 1 9 10 2 74 10 3 83 10 4 71 10 5 97 10 6 697 10 7 97 10 8 30 10 9 9233 10 10 44
681 13685189 2 2 1 5 6 26 6 6 13
682 13693501 2 2 1 0 0 3184 3 0 6368
683 13694551 1 1 1 5 2 7102
684 13700597 4 4 1 2 6 36 6 6 36 8 6 84 10 6 109
685 13701646 1 1 1 9 9 960
686 13701901 2 2 1 5 1 11884 9 1 11884
687 13741901 18 6 6 0 0 140 2 0 60 7 0 20 8 0 200 0 1 2466 2 1 9864 4 1 7398 7 2 736 8 2 368 9 2 368 2 3 36 4 7 19 8 7 57 9 7 19 0 8 13335 4 8 1568 7 8 784 9 8 3922
688 13742476 1 1 1 10 10 6158
689 13744095 2 2 1 8 10 34 9 10 17
690 13745058 1 1 1 2 6 9780
691 13753250 3 1 3 6 3 8 6 4 58 6 5 55
692 13777321 9 9 1 1 10 8 2 10 17 3 10 25 4 10 8 5 10 17 6 10 8 7 10 155 8 10 8 10 10 25
693 13777464 1 1 1 5 2 72
694 13781101 2 2 1 6 0 4310 8 0 478
695 13786897 1 1 1 9 5 73
696 13804029 6 6 1 2 8 4 4 8 1 5 8 7 7 8 1 8 8 3 10 8 1
697 13811116 1 1 1 6 0 89
698 13985831 66 11 11 0 0 3 1 0 17 5 0 3 8 0 10 9 0 3 10 0 3 2 1 113 3 1 56 5 1 56 6 1 56 0 2 398 1 2 797 3 2 5981 5 2 1595 6 2 398 8 2 398 10 2 4785 0 3 1209 1 3 604 2 3 604 4 3 3629 7 3 604 8 3 604 9 3 604 0 4 9 1 4 9 2 4 4 4 4 4 5 4 4 6 4 4 7 4 144 9 4 13 10 4 18 6 5 16 8 5 16 2 6 24 3 6 6 4 6 6 5 6 6 7 6 6 8 6 6 9 6 6 10 6 48 2 7 12 3 7 16 4 7 4 6 7 4 7 7 4 8 7 4 9 7 8 10 7 8 0 8 1 4 8 2 6 8 1 7 8 1 10 8 1 1 9 39 2 9 19 3 9 39 5 9 19 0 10 20 1 10 6 3 10 6 4 10 6 7 10 6 9 10 13
699 13999637 3 3 1 0 4 3912 1 4 11737 5 4 3912
700 14000735 1 1 1 4 3 7218
701 14036819 15 5 5 1 0 10 2 0 5 3 0 5 8 0 5 1 4 69 2 4 10 8 4 41 2 7 16 3 7 8 5 7 8 1 8 401 3 8 803 5 8 401 5 10 1 8 10 1
702 14038495 1 1 1 9 1 235
703 14045381 1 1 1 10 0 1572
704 14047920 1 1 1 0 7 111
705 14053050 1 1 1 10 6 11384
706 14062391 1 1 1 4 1 94
707 14064438 1 1 1 0 8 59
708 14078542 2 2 1 1 10 7110 6 10 7110
709 14080818 2 2 1 0 7 712 9 7 712
710 14082560 1 1 1 4 3 19587
711 14453535 121 11 11 0 0 1155 1 0 1155 2 0 577 3 0 2889 4 0 577 5 0 1733 6 0 577 7 0 1733 8 0 577 9 0 577 10 0 577 0 1 2 1 1 2 2 1 2 3 1 14 4 1 4 5 1 2 6 1 6 7 1 2 8 1 2 9 1 2 10 1 2 0 2 3 1 2 3 2 2 11 3 2 3 4 2 7 5 2 3 6 2 3 7 2 3 8 2 3 9 2 3 10 2 3 0 3 253 1 3 19 2 3 39 3 3 19 4 3 19 5 3 9 6 3 19 7 3 9 8 3 204 9 3 9 10 3 29 0 4 1 1 4 1 2 4 1 3 4 1 4 4 1 5 4 135 6 4 1 7 4 1 8 4 1 9 4 1 10 4 1 0 5 1 1 5 5 2 5 1 3 5 5 4 5 1 5 5 1 6 5 1 7 5 4 8 5 1 9 5 4 10 5 1 0 6 9 1 6 28 2 6 18 3 6 9 4 6 9 5 6 9 6 6 18 7 6 9 8 6 9 9 6 37 10 6 9 0 7 300 1 7 300 2 7 601 3 7 300 4 7 300 5 7 300 6 7 3005 7 7 1803 8 7 300 9 7 1502 10 7 901 0 8 1 1 8 1 2 8 1 3 8 1 4 8 1 5 8 5 6 8 1 7 8 3 8 8 1 9 8 2 10 8 2 0 9 86 1 9 520 2 9 173 3 9 86 4 9 260 5 9 173 6 9 173 7 9 173 8 9 86 9 9 173 10 9 86 0 10 4 1 10 1 2 10 1 3 10 1 4 10 1 5 10 321 6 10 5 7 10 5 8 10 30 9 10 40 10 10 3
712 14477936 10 1 10 9 1 75 9 2 19659 9 3 2206 9 4 4 9 5 284 9 6 101 9 7 87 9 8 2336 9 9 40 9 10 42
713 14481930 2 2 1 3 10 3 7 10 1
714 14482149 1 1 1 8 6 31
715 14482489 1 1 1 10 7 86
716 14485821 1 1 1 3 8 12685
717 14491443 1 1 1 0 2 24
718 14500891 1 1 1 1 0 620
719 14568035 22 2 11 2 0 5805 4 0 1935 2 1 16 4 1 766 2 2 7618 4 2 7618 2 3 33 4 3 203 2 4 97 4 4 19 2 5 39 4 5 787 2 6 2904 4 6 2904 2 7 2 4 7 46 2 8 4893 4 8 14680 2 9 16 4 9 32 2 10 14438 4 10 1804
720 14569509 1 1 1 8 2 50
721 14571052 2 2 1 6 2 142 9 2 142
722 14572385 1 1 1 10 6 44
723 14575457 1 1 1 3 8 18
724 14586214 2 2 1 0 2 45 8 2 9
725 14587254 1 1 1 10 7 462
726 14587649 1 1 1 1 9 214
727 14592711 1 1 1 0 5 77
728 14593339 1 1 1 1 9 58561
729 14600005 1 1 1 8 9 176
730 14630730 11 1 11 5 0 156 5 1 111 5 2 98 5 3 78 5 4 74 5 5 8953 5 6 7 5 7 219 5 8 1429 5 9 5219 5 10 144
731 14636073 1 1 1 9 3 8
732 14638278 1 1 1 9 3 99
733 14640710 1 1 1 10 5 182
734 14641165 1 1 1 2 6 352
735 14650448 3 3 1 1 1 3 3 1 9 7 1 6
736 14680859 8 4 4 1 0 3095 2 1 7 8 1 36 9 1 7 1 2 47 2 2 47 8 9 4487 9 9 4487
737 14681032 1 1 1 7 8 68
738 14683437 1 1 1 4 5 13
739 14709121 11 1 11 5 0 13 5 1 163 5 2 51 5 3 3867 5 4 1974 5 5 22 5 6 222 5 7 217 5 8 49 5 9 254 5 10 7
740 14754705 10 5 4 0 0 15 1 0 47 5 0 31 6 7 206 1 8 349 4 8 349 6 8 349 0 10 37 4 10 1 5 10 2
741 14800853 22 11 5 3 3 71 5 3 6 6 3 13 7 3 6 10 3 6 4 4 15681 9 4 3920 0 8 29 1 8 29 6 8 29 8 8 29 2 9 69 3 9 69 5 9 69 0 10 786 1 10 786 2 10 786 4 10 786 7 10 1573 8 10 3934 9 10 786 10 10 786
742 14802105 1 1 1 1 4 238
743 14822196 6 3 3 9 6 103 1 7 5 3 7 5 9 7 15 1 8 3939 3 8 3939
744 14829475 1 1 1 6 1 2
745 14833884 1 1 1 4 4 390
746 14857082 11 1 11 2 0 4 2 1 1564 2 2 177 2 3 3044 2 4 95 2 5 17831 2 6 1418 2 7 231 2 8 111 2 9 8922 2 10 102
747 14862557 1 1 1 4 4 18056
748 14862840 1 1 1 9 6 40
749 14864256 2 2 1 5 8 17 10 8 69
750 14924631 10 5 4 0 0 109 9 1 102 0 4 511 5 4 1023 6 4 511 8 4 511 9 4 511 5 8 2 6 8 24 8 8 1
751 14930870 3 3 1 0 5 12 1 5 38 5 5 63
752 14931348 1 1 1 9 7 77
753 14935468 2 2 1 4 8 41 9 8 205
754 14937072 1 1 1 10 0 133
755 14960908 11 11 1 0 2 1452 1 2 726 2 2 5083 3 2 1452 4 2 726 5 2 2178 6 2 2905 7 2 726 8 2 2905 9 2 726 10 2 726
756 14967439 1 1 1 3 1 1585
757 14987120 8 4 3 1 0 17 7 0 17 9 0 17 1 2 11 5 2 69 7 2 11 5 4 48 9 4 48
758 15026226 16 8 4 2 0 22 4 0 90 8 0 22 9 0 22 10 0 22 2 2 39 5 2 19 6 2 39 1 3 68 5 3 68 9 3 68 1 8 1 4 8 7 6 8 1 8 8 1 10 8 1
759 15051896 6 6 1 0 9 127 2 9 63 3 9 63 4 9 699 6 9 127 8 9 445
760 15056146 1 1 1 8 0 119
761 15057912 2 2 1 4 5 2649 6 5 378
762 15107040 11 11 1 0 0 351 1 0 702 2 0 1054 3 0 702 4 0 1054 5 0 351 6 0 351 7 0 702 8 0 4217 9 0 351 10 0 351
763 15148807 11 1 11 5 0 343 5 1 19554 5 2 22 5 3 84 5 4 6 5 5 207 5 6 73 5 7 91 5 8 5957 5 9 83 5 10 87
764 15156589 1 1 1 2 4 19
765 15159333 3 3 1 4 5 4 6 5 33 10 5 4
766 15168083 5 5 1 1 3 13 4 3 26 5 3 1 9 3 1 10 3 1
767 15173976 1 1 1 1 1 21
768 15180796 2 2 1 7 7 2088 8 7 1044
769 15181608 2 2 1 0 7 551 6 7 7727
770 15204986 11 11 1 0 8 2 1 8 29 2 8 5 3 8 2 4 8 2 5 8 20 6 8 2 7 8 11 8 8 2 9 8 2 10 8 2
771 15205043 1 1 1 5 10 223
772 15206642 1 1 1 3 0 172
773 15210181 2 2 2 4 1 95 0 8 57
774 15213755 1 1 1 3 9 44
775 15216732 1 1 1 5 8 153
776 15258348 11 1 11 5 0 19420 5 1 106 5 2 15152 5 3 297 5 4 79 5 5 58 5 6 300 5 7 116 5 8 66563 5 9 105 5 10 43
777 15261184 2 2 1 3 0 3948 10 0 3948
778 15324313 22 11 4 1 1 12 6 1 12 7 1 37 9 1 24 10 1 12 0 3 3 2 3 7 3 3 3 4 3 3 5 3 3 6 3 80 8 3 3 9 3 3 0 5 54 7 5 54 8 5 54 1 8 3 2 8 11 3 8 7 4 8 3 5 8 7 10 8 11
779 15328643 1 1 1 4 4 147
780 15329690 1 1 1 2 2 12127
781 15330052 1 1 1 4 5 234
782 15383628 22 2 11 4 0 14 6 0 42 4 1 1019 6 1 2038 4 2 26 6 2 80 4 3 88 6 3 132 4 4 130 6 4 65 4 5 27 6 5 18 4 6 4099 6 6 2049 4 7 274 6 7 49 4 8 81 6 8 81 4 9 1 6 9 1 4 10 35 6 10 35
783 15416708 11 1 11 2 0 65 2 1 990 2 2 101 2 3 46 2 4 112 2 5 46 2 6 88 2 7 76 2 8 6 2 9 17 2 10 8980
784 15444610 11 1 11 4 0 128 4 1 148 4 2 16 4 3 5205 4 4 56 4 5 109 4 6 658 4 7 4 4 8 205 4 9 9550 4 10 115
785 15466048 11 11 1 0 4 12 1 4 18 2 4 12 3 4 12 4 4 18 5 4 60 6 4 6 7 4 36 8 4 6 9 4 6 10 4 18
786 15473485 2 2 1 1 3 3257 10 3 35832
787 15477761 1 1 1 4 4 29
788 15480261 1 1 1 10 2 2523
789 15481627 1 1 1 4 1 138
790 15482544 1 1 1 9 3 22
791 15503922 4 4 1 5 8 67 6 8 33 8 8 33 10 8 67
792 15503952 1 1 1 5 6 126
793 15505934 1 1 1 2 5 202
794 15526478 9 9 1 0 4 7 1 4 14 2 4 7 3 4 7 5 4 7 7 4 7 8 4 14 9 4 7 10 4 7
795 15574178 18 6 6 0 0 84 4 0 253 9 0 253 0 1 152 1 1 1 3 1 1 4 1 1 8 1 53 9 2 100 0 6 67 1 6 67 3 6 134 9 6 67 1 7 1982 3 7 495 8 7 1486 4 9 20 8 9 414
796 15665379 32 8 8 0 0 1793 2 0 3587 7 0 2690 8 0 896 0 2 20 9 2 20 10 2 20 2 4 1959 3 4 1959 5 4 11759 7 4 3919 0 5 19 5 5 19 10 5 19 0 6 120 2 6 1 3 6 1 8 6 1 9 6 52 10 6 1 2 7 19 7 7 19 8 7 78 3 8 9 5 8 187 9 8 9 3 10 366 5 10 244 7 10 366 8 10 244 9 10 122 10 10 1099
797 15666220 1 1 1 0 7 125
798 15675079 1 1 1 10 1 79
799 15678996 1 1 1 2 5 84
800 15680768 1 1 1 8 0 285
801 15707289 11 11 2 3 6 111 8 6 111 9 6 111 0 9 54 1 9 3 2 9 3 4 9 15 5 9 3 6 9 3 7 9 7 10 9 3
802 15712949 1 1 1 5 10 421
803 15718690 1 1 1 1 7 17864
804 15729386 2 2 1 2 0 327 3 0 32
805 15730217 1 1 1 3 10 3000
806 15804653 33 3 11 0 0 1 3 0 20 5 0 1 0 1 84 3 1 42 5 1 1136 0 2 5267 3 2 5267 5 2 5267 0 3 46 3 3 15 5 3 15 0 4 3 3 4 3 5 4 3 0 5 5 3 5 5 5 5 5 0 6 9 3 6 9 5 6 9 0 7 6 3 7 6 5 7 6 0 8 10 3 8 43 5 8 32 0 9 11 3 9 23 5 9 11 0 10 14 3 10 2 5 10 2
807 15835670 11 1 11 1 0 34 1 1 336 1 2 147 1 3 129 1 4 164 1 5 204 1 6 72 1 7 19857 1 8 6622 1 9 52 1 10 9550
808 15840654 1 1 1 7 2 3228
809 15848422 1 1 1 4 5 92
810 15858846 1 1 1 5 5 37
811 15859124 1 1 1 6 7 29
812 15864313 2 1 2 10 3 102 10 10 6161
813 15881502 1 1 1 6 9 2363
814 16049182 55 11 10 2 0 886 3 0 177 4 0 177 5 0 1063 9 0 354 0 1 103 1 1 413 2 1 241 3 1 34 4 1 1689 5 1 206 6 1 34 7 1 3413 9 1 103 10 1 34 0 2 15 1 2 15 6 2 7 7 2 7 9 2 7 10 2 15 1 4 14 4 4 42 8 4 14 9 4 14 1 5 172 4 5 172 5 5 345 7 5 172 8 5 691 10 5 172 0 6 1 2 6 2 8 6 1 9 6 1 3 7 2575 4 7 1287 5 7 2575 8 7 1287 0 8 6 2 8 32 3 8 3 6 8 16 10 8 3 0 9 7 3 9 7 5 9 7 6 9 7 7 9 14 8 9 29 10 9 7 1 10 11 2 10 11 6 10 35 7 10 11
815 16149412 33 3 11 0 0 5 2 0 10 7 0 5 0 1 2407 2 1 802 7 1 1605 0 2 14 2 2 7 7 2 7 0 3 3258 2 3 3258 7 3 1629 0 4 113 2 4 113 7 4 113 0 5 18 2 5 18 7 5 18 0 6 5 2 6 5 7 6 21 0 7 21 2 7 21 7 7 64 0 8 4821 2 8 1607 7 8 6428 0 9 163 2 9 27411 7 9 163 0 10 30 2 10 61 7 10 15
816 16150001 1 1 1 8 5 51
817 16221459 28 7 7 1 2 3963 3 2 1981 5 2 1981 8 2 1981 10 2 1981 0 3 4 3 3 6 7 3 1 10 3 15 0 5 10 5 5 40 7 5 10 8 5 10 0 6 13 3 6 13 1 7 19 5 7 39 7 7 19 8 7 19 0 8 48 1 8 12 3 8 12 5 8 24 10 8 132 1 10 16 7 10 33 8 10 49 10 10 16
818 16248804 18 9 4 0 0 15 2 0 7 3 0 7 7 0 22 8 0 15 9 0 7 3 2 1 4 2 1 8 2 1 9 2 1 10 2 1 6 8 11 10 8 11 0 10 4219 2 10 6329 4 10 2109 6 10 2109 7 10 4219
819 16250452 1 1 1 2 1 27
820 16368564 55 11 10 1 0 28 4 0 56 5 0 28 9 0 56 0 1 177 1 1 889 2 1 177 4 1 177 5 1 177 6 1 177 9 1 533 10 1 177 0 2 5580 2 2 11161 6 2 5580 8 2 5580 9 2 5580 10 2 5580 3 3 27 4 3 55 5 3 138 1 4 11 3 4 247 6 4 11 7 4 11 9 4 11 0 6 237 1 6 237 3 6 2847 6 6 2372 8 6 237 10 6 237 0 7 1 7 7 2 8 7 1 2 8 1356 3 8 678 4 8 1356 7 8 678 8 8 1356 10 8 678 1 9 200 2 9 200 4 9 400 5 9 400 7 9 200 8 9 200 9 9 200 0 10 375 2 10 375 3 10 125 5 10 2500 6 10 250 7 10 125 10 10 250
821 16378637 2 2 1 8 4 65 10 4 10
822 16381979 1 1 1 5 10 706
823 16412391 6 3 2 0 4 357 8 4 357 9 4 715 0 8 333 8 8 333 9 8 2000
824 16412563 1 1 1 1 2 117
825 16414161 1 1 1 9 1 236
826 16414540 1 1 1 2 7 221
827 16415149 1 1 1 9 9 63
828 16603896 66 11 11 0 0 5044 1 0 5044 3 0 15133 4 0 5044 5 0 10089 7 0 5044 8 0 5044 9 0 5044 4 1 25 6 1 25 9 1 25 2 2 8 4 2 48 5 2 8 7 2 40 8 2 16 9 2 8 0 3 4 1 3 4 6 3 14 7 3 4 8 3 4 10 3 38 0 4 7 1 4 7 3 4 7 4 4 7 5 4 7 10 4 7 1 5 9 4 5 56 5 5 9 7 5 9 8 5 9 9 5 9 0 6 1 2 6 19 3 6 1 4 6 8 5 6 1 6 6 8 10 6 1 1 7 14 2 7 7 3 7 14 6 7 21 9 7 7 1 8 16 2 8 11 3 8 5 8 8 16 10 8 27 0 9 13 2 9 69 3 9 4 5 9 32 6 9 4 7 9 4 8 9 4 9 9 4 10 9 4 0 10 673 2 10 336 6 10 673 7 10 336 10 10 2019
829 16634386 12 4 5 5 1 575 10 1 115 0 3 1017 2 3 1017 10 3 1017 0 6 8 2 6 4 10 6 8 5 8 12643 0 10 102 2 10 204 5 10 408
830 16636706 2 2 1 1 6 7434 7 6 7434
831 16640315 2 2 1 9 9 83 10 9 250
832 16645945 2 2 1 6 6 7 10 6 7
833 16647795 1 1 1 9 0 56
834 16979794 121 11 11 0 0 73 1 0 220 2 0 220 3 0 73 4 0 513 5 0 73 6 0 220 7 0 220 8 0 220 9 0 146 10 0 73 0 1 10 1 1 10 2 1 10 3 1 10 4 1 31 5 1 31 6 1 10 7 1 20 8 1 41 9 1 10 10 1 10 0 2 5 1 2 1 2 2 5 3 2 1 4 2 1 5 2 3 6 2 12 7 2 14 8 2 3 9 2 1 10 2 1 0 3 91 1 3 91 2 3 182 3 3 182 4 3 91 5 3 91 6 3 91 7 3 91 8 3 547 9 3 91 10 3 182 0 4 9 1 4 9 2 4 9 3 4 55 4 4 9 5 4 18 6 4 73 7 4 9 8 4 9 9 4 9 10 4 18 0 5 22 1 5 22 2 5 531 3 5 22 4 5 22 5 5 44 6 5 22 7 5 22 8 5 22 9 5 22 10 5 22 0 6 1 1 6 1 2 6 1 3 6 1 4 6 1 5 6 1 6 6 1 7 6 138 8 6 1 9 6 1 10 6 1 0 7 1 1 7 1 2 7 3 3 7 37 4 7 1 5 7 9 6 7 1 7 7 1 8 7 1 9 7 3 10 7 5 0 8 190 1 8 95 2 8 190 3 8 95 4 8 190 5 8 95 6 8 95 7 8 95 8 8 95 9 8 95 10 8 95 0 9 6 1 9 6 2 9 12 3 9 12 4 9 12 5 9 37 6 9 99 7 9 12 8 9 6 9 9 6 10 9 24 0 10 1 1 10 1 2 10 2 3 10 2 4 10 1 5 10 1 6 10 4 7 10 2 8 10 3 9 10 2 10 10 1
835 16980638 1 1 1 4 10 9258
836 16982096 1 1 1 6 5 11334
837 16983147 1 1 1 0 9 166
838 16988370 1 1 1 4 4 7905
839 17001654 5 5 1 2 9 1315 3 9 4384 6 9 2192 8 9 876 10 9 876
840 17007475 2 2 1 0 9 4777 10 9 4777
841 17034436 11 1 11 1 0 169 1 1 47 1 2 3008 1 3 34 1 4 106 1 5 66 1 6 22 1 7 110 1 8 143 1 9 45 1 10 301
842 17036098 2 2 1 5 2 32 9 2 32
843 17040549 1 1 1 4 9 12068
844 17052339 2 2 2 2 3 4759 10 7 28
845 17054576 1 1 1 9 6 80
846 17060706 2 2 1 4 7 49 8 7 49
847 17147578 20 5 7 0 2 24 8 3 83 9 3 8 1 4 9 5 4 2 8 4 20 0 6 19 1 6 19 5 6 19 9 6 19 0 7 3 1 7 11 5 7 3 9 7 7 8 8 84 9 8 84 0 10 16 1 10 16 5 10 16 8 10 16
848 17151633 1 1 1 3 8 226
849 17151935 1 1 1 10 9 77
850 17172351 4 4 2 4 2 13163 5 2 6581 0 10 142 1 10 12
851 17344888 55 5 11 1 0 648 3 0 648 4 0 648 8 0 648 9 0 648 1 1 509 3 1 509 4 1 254 8 1 254 9 1 254 1 2 8 3 2 65 4 2 8 8 2 8 9 2 98 1 3 9 3 3 19 4 3 9 8 3 19 9 3 19 1 4 476 3 4 476 4 4 476 8 4 5721 9 4 476 1 5 96 3 5 24 4 5 24 8 5 24 9 5 24 1 6 547 3 6 1094 4 6 547 8 6 547 9 6 547 1 7 2366 3 7 591 4 7 591 8 7 591 9 7 8874 1 8 1998 3 8 2997 4 8 999 8 8 999 9 8 999 1 9 7 3 9 4 4 9 2 8 9 2 9 9 4 1 10 218 3 10 218 4 10 437 8 10 437 9 10 218
852 17560717 66 11 11 0 0 102 3 0 51 4 0 25 1 1 1 3 1 1 4 1 2 5 1 6 6 1 1 7 1 1 10 1 1 1 2 9 2 2 19 6 2 9 7 2 48 8 2 19 9 2 38 1 3 22 2 3 22 3 3 45 4 3 22 5 3 22 6 3 157 7 3 45 8 3 22 9 3 22 10 3 45 0 4 8 1 4 8 4 4 41 7 4 4 8 4 8 9 4 4 10 4 4 1 5 7 2 5 7 6 5 7 9 5 21 0 6 6 3 6 1 4 6 97 5 6 1 6 6 1 7 6 1 9 6 1 2 7 710 5 7 710 8 7 710 0 8 34 2 8 17 4 8 8 5 8 17 7 8 17 8 8 17 10 8 8 0 9 3025 1 9 605 3 9 605 6 9 605 8 9 605 10 9 605 0 10 2 2 10 22 3 10 28 5 10 2 9 10 2 10 10 5
853 17563242 1 1 1 8 8 2
854 17589007 11 1 11 5 0 199 5 1 9048 5 2 1229 5 3 200 5 4 166 5 5 220 5 6 171 5 7 14193 5 8 365 5 9 177 5 10 232
855 17589302 1 1 1 5 4 35
856 17589704 1 1 1 6 9 6031
857 17591043 1 1 1 10 3 4
858 17600506 1 1 1 5 4 98
859 17642198 11 1 11 5 0 1038 5 1 102 5 2 9004 5 3 111 5 4 100 5 5 87 5 6 380 5 7 50 5 8 78 5 9 157 5 10 647
860 17653119 1 1 1 10 5 28
861 17657515 1 1 1 3 1 12408
862 17662213 2 2 1 7 1 21 8 1 21
863 17663195 1 1 1 3 2 65
864 17689804 11 11 1 0 8 22 1 8 5 2 8 171 3 8 5 4 8 5 5 8 66 6 8 5 7 8 5 8 8 16 9 8 5 10 8 5
865 17724763 11 1 11 6 0 3076 6 1 31 6 2 56 6 3 11880 6 4 84 6 5 124 6 6 9636 6 7 2034 6 8 2529 6 9 74 6 10 105
866 17769508 14 7 3 1 0 27 3 0 55 4 0 27 5 0 55 9 0 27 1 1 2 3 1 3 5 1 1 6 1 14 9 1 1 10 1 1 4 5 25 6 5 25 10 5 77
867 17771204 2 2 1 0 10 178 10 10 536
868 17777996 1 1 1 9 5 97
869 17778175 1 1 1 10 9 208
870 17779643 1 1 1 6 4 266
871 17803454 8 4 4 2 0 19 4 0 1 2 1 11 8 1 58 4 4 16 8 4 16 9 4 33 9 5 50
872 17807096 1 1 1 3 6 11425
873 17836090 11 1 11 9 0 229 9 1 106 9 2 99 9 3 209 9 4 9212 9 5 9190 9 6 704 9 7 5765 9 8 81 9 9 2987 9 10 222
874 17948272 44 11 7 0 0 134 2 0 268 3 0 268 4 0 134 5 0 1881 6 0 134 7 0 134 8 0 1075 9 0 134 0 1 15 1 1 31 5 1 15 6 1 15 10 1 15 0 2 12 1 2 12 2 2 12 4 2 12 5 2 12 6 2 25 7 2 12 9 2 12 10 2 12 0 3 22 1 3 2 2 3 6 3 3 6 6 3 6 8 3 2 9 3 2 4 5 3 8 5 3 10 5 3 1 7 7 2 7 2 3 7 2 7 7 2 8 7 7 9 7 2 3 8 10 4 8 10 5 8 10 7 8 10 10 8 10
875 17957968 4 2 3 4 1 331 8 1 331 8 4 73 4 7 216
876 17978422 7 1 7 2 1 9633 2 2 43 2 3 7 2 4 14853 2 5 59 2 9 201 2 10 233
877 17992614 6 6 1 0 0 6 1 0 21 3 0 6 5 0 18 7 0 3 10 0 3
878 17993575 1 1 1 0 0 1538
879 17994649 1 1 1 8 6 743
880 18100281 22 2 11 0 0 50362 5 0 8393 0 1 5 5 1 10 0 2 20 5 2 240 0 3 12439 5 3 87075 0 4 9 5 4 9 0 5 6 5 5 13 0 6 13 5 6 1 0 7 1 5 7 20 0 8 50 5 8 50 0 9 45 5 9 10 0 10 496 5 10 496
881 18104932 1 1 1 2 8 77
882 18128647 11 11 1 0 9 6 1 9 13 2 9 20 3 9 6 4 9 6 5 9 6 6 9 6 7 9 6 8 9 6 9 9 6 10 9 13
883 18156151 8 4 3 6 0 16 9 0 1 1 1 134 7 1 67 1 10 3086 6 10 1028 7 10 1028 9 10 1028
884 18159864 1 1 1 4 6 11298
885 18167479 2 2 1 4 3 3044 6 3 3044
886 18202428 14 7 3 1 0 76 2 0 38 3 0 38 9 0 38 1 4 100 4 4 100 7 4 100 8 4 200 9 4 9847 2 5 10624 3 5 817 4 5 817 7 5 817 8 5 817
887 18205262 2 2 1 0 4 30 7 4 10
888 18207173 1 1 1 2 2 14264
889 18213976 3 3 1 4 5 1926 5 5 963 6 5 2889
890 18214075 1 1 1 9 5 955
891 18214436 1 1 1 7 9 92
892 18222852 2 2 1 8 9 46 9 9 93
893 18228395 1 1 1 6 5 6357
894 18229653 1 1 1 3 5 3015
895 18237735 6 3 3 1 1 250 2 1 500 10 1 250 2 4 9776 1 8 32 10 8 32
896 18239011 1 1 1 7 3 39177
897 18239260 1 1 1 0 8 4839
898 18240246 1 1 1 8 10 79
899 18245948 2 2 1 2 2 46 4 2 2382
900 18247540 1 1 1 5 2 10126
901 18266354 11 1 11 9 0 1667 9 1 210 9 2 43 9 3 222 9 4 7 9 5 14 9 6 8520 9 7 2968 9 8 104 9 9 319 9 10 128
902 18267491 1 1 1 2 8 234
903 18268726 1 1 1 10 2 9298
904 18637893 121 11 11 0 0 18 1 0 56 2 0 18 3 0 37 4 0 18 5 0 18 6 0 18 7 0 37 8 0 18 9 0 18 10 0 18 0 1 4 1 1 4 2 1 36 3 1 9 4 1 4 5 1 4 6 1 9 7 1 4 8 1 9 9 1 9 10 1 4 0 2 150 1 2 20 2 2 1 3 2 1 4 2 1 5 2 1 6 2 1 7 2 1 8 2 1 9 2 2 10 2 1 0 3 18 1 3 9 2 3 9 3 3 27 4 3 27 5 3 18 6 3 27 7 3 18 8 3 27 9 3 9 10 3 9 0 4 594 1 4 2970 2 4 594 3 4 594 4 4 594 5 4 3564 6 4 594 7 4 594 8 4 594 9 4 594 10 4 594 0 5 2 1 5 7 2 5 2 3 5 4 4 5 2 5 5 9 6 5 2 7 5 2 8 5 102 9 5 2 10 5 2 0 6 151 1 6 75 2 6 75 3 6 75 4 6 151 5 6 75 6 6 151 7 6 151 8 6 151 9 6 1060 10 6 227 0 7 13 1 7 13 2 7 105 3 7 39 4 7 13 5 7 13 6 7 13 7 7 13 8 7 39 9 7 26 10 7 65 0 8 1 1 8 1 2 8 1 3 8 1 4 8 1 5 8 1 6 8 1 7 8 1 8 8 1 9 8 1 10 8 1 0 9 8 1 9 8 2 9 8 3 9 8 4 9 8 5 9 8 6 9 8 7 9 8 8 9 26 9 9 8 10 9 8 0 10 1 1 10 2 2 10 4 3 10 29 4 10 1 5 10 3 6 10 2 7 10 2 8 10 1 9 10 1 10 10 1
905 18657615 9 9 3 7 2 4231 10 2 4231 0 7 163 1 7 27 2 7 54 6 7 27 3 9 116 8 9 233 9 9 58
906 18675035 2 2 1 0 2 77 1 2 77
907 18675332 1 1 1 1 6 59
908 18679379 1 1 1 10 9 60
909 18691741 7 7 2 0 1 1 1 1 1 3 6 442 6 6 884 7 6 2653 8 6 442 9 6 442
910 18696288 2 2 1 1 2 23 5 2 23
911 18697713 1 1 1 8 3 40
912 18700145 1 1 1 5 10 179
913 18701198 1 1 1 5 1 18952
914 18701615 1 1 1 3 6 159
915 18707616 1 1 1 3 3 3201
916 18749411 11 1 11 8 0 35 8 1 174 8 2 16 8 3 97 8 4 92 8 5 205 8 6 218 8 7 48 8 8 99591 8 9 50 8 10 146
917 18750713 1 1 1 2 10 116
918 18850575 32 8 8 0 0 52 2 0 7 9 0 22 0 1 16 3 1 5 5 1 5 7 1 5 0 2 14 1 2 28 2 2 14 3 2 14 1 3 1421 3 3 1421 5 3 1421 7 3 1421 9 3 1421 10 3 4264 1 4 7227 2 4 1204 7 4 1204 7 6 536 9 6 536 10 6 1073 1 7 6333 2 7 6333 3 7 2111 5 7 2111 10 7 2111 0 9 63 5 9 42 9 9 21 10 9 84
919 18873426 11 11 2 0 4 3 3 4 21 4 4 3 7 4 76 8 4 3 9 4 61 10 4 6 1 7 8 2 7 8 5 7 8 6 7 8
920 18878310 2 2 1 3 5 1 8 5 9
921 18920988 11 11 2 1 3 9 3 3 4 5 3 14 6 3 23 7 3 4 8 3 23 9 3 4 10 3 4 0 4 6 2 4 12 4 4 6
922 18924942 1 1 1 3 4 79
923 18933086 2 2 1 1 1 39 2 1 19
924 18936176 1 1 1 1 4 19
925 18944812 1 1 1 1 9 53
926 19136381 66 11 11 0 0 4 1 0 4 2 0 9 3 0 9 4 0 53 7 0 4 8 0 4 9 0 4 1 1 2 2 1 1 4 1 1 5 1 11 6 1 7 10 1 1 0 2 1 2 2 1 3 2 1 4 2 3 6 2 3 10 2 1 3 3 7 5 3 23 8 3 7 9 3 7 1 4 6 2 4 6 4 4 4 5 4 2 6 4 2 7 4 17 8 4 105 9 4 2 0 5 11 2 5 11 4 5 22 5 5 33 7 5 11 10 5 11 0 6 288 1 6 288 3 6 288 4 6 576 6 6 288 7 6 288 9 6 576 10 6 288 0 7 4 5 7 2 8 7 2 1 8 4 2 8 4 3 8 4 5 8 4 6 8 4 7 8 12 8 8 4 9 8 178 10 8 4 0 9 67 1 9 67 6 9 67 8 9 134 3 10 28 7 10 90 9 10 4 10 10 9
927 19196566 22 2 11 1 0 9522 5 0 9522 1 1 10 5 1 15 1 2 2326 5 2 2326 1 3 6001 5 3 3600 1 4 35 5 4 175 1 5 1726 5 5 863 1 6 10 5 6 52 1 7 2081 5 7 2081 1 8 6 5 8 6 1 9 1911 5 9 1911 1 10 27 5 10 81
928 19200555 2 2 1 0 1 2336 4 1 2336
929 19203132 1 1 1 0 0 112
930 19203832 1 1 1 4 6 84
931 19210246 2 2 1 1 10 127 5 10 127
932 19211392 1 1 1 1 0 301
933 19212622 1 1 1 1 6 79
934 19216583 1 1 1 9 6 6307
935 19217574 1 1 1 1 3 65
936 19218610 1 1 1 6 9 105
937 19226129 2 2 2 8 1 6653 7 10 91
938 19414908 55 5 11 2 0 29 3 0 14 4 0 14 7 0 14 9 0 14 2 1 3 3 1 18 4 1 3 7 1 3 9 1 3 2 2 9 3 2 3 4 2 7 7 2 1 9 2 5 2 3 1 3 3 1 4 3 5 7 3 57 9 3 1 2 4 20 3 4 2 4 4 2 7 4 5 9 4 11 2 5 9 3 5 2 4 5 19 7 5 4 9 5 26 2 6 24 3 6 144 4 6 24 7 6 24 9 6 24 2 7 9 3 7 65 4 7 9 7 7 9 9 7 9 2 8 6 3 8 6 4 8 6 7 8 6 9 8 13 2 9 5763 3 9 2881 4 9 8645 7 9 2881 9 9 46110 2 10 8 3 10 4 4 10 4 7 10 4 9 10 53
939 19415316 1 1 1 7 0 30
940 19419831 3 3 1 8 3 35 9 3 35 10 3 35
941 19447652 11 1 11 8 0 16396 8 1 106 8 2 172 8 3 50 8 4 4194 8 5 459 8 6 146 8 7 2457 8 8 11769 8 9 11363 8 10 24901
942 19514748 22 11 5 0 0 7 1 0 1 5 0 1 6 0 1 8 0 1 10 0 40 1 3 1 5 3 1 7 3 1 8 3 1 0 4 1 2 4 2 9 4 1 10 4 1 2 7 34 3 7 8 4 7 8 9 7 42 3 8 7 4 8 7 6 8 7 7 8 7
943 19520477 3 3 1 1 0 506 4 0 2027 10 0 506
944 19763703 88 8 11 1 0 17 2 0 35 3 0 35 4 0 17 5 0 35 7 0 17 8 0 106 9 0 17 1 1 1298 2 1 1298 3 1 5192 4 1 1298 5 1 1298 7 1 1298 8 1 1298 9 1 1298 1 2 1 2 2 1 3 2 1 4 2 1 5 2 1 7 2 2 8 2 1 9 2 1 1 3 922 2 3 5534 3 3 922 4 3 922 5 3 922 7 3 922 8 3 8301 9 3 1844 1 4 1 2 4 1 3 4 1 4 4 1 5 4 1 7 4 2 8 4 1 9 4 1 1 5 895 2 5 7 3 5 7 4 5 31 5 5 7 7 5 31 8 5 7 9 5 7 1 6 543 2 6 2174 3 6 543 4 6 543 5 6 543 7 6 543 8 6 543 9 6 543 1 7 2 2 7 5 3 7 5 4 7 7 5 7 5 7 7 7 8 7 5 9 7 2 1 8 2 2 8 1 3 8 79 4 8 1 5 8 1 7 8 1 8 8 1 9 8 1 1 9 7 2 9 3 3 9 10 4 9 3 5 9 3 7 9 7 8 9 3 9 9 3 1 10 9 2 10 19 3 10 9 4 10 48 5 10 9 7 10 9 8 10 19 9 10 29
945 19803376 11 11 2 0 1 4 1 1 4 4 1 34 6 1 2 10 1 4 2 10 17 3 10 8 5 10 8 7 10 44 8 10 8 9 10 8
946 19930173 45 9 9 0 0 17 1 0 17 3 0 17 5 0 17 10 0 35 0 1 12465 1 1 12465 3 1 24930 4 1 12465 6 1 12465 9 1 12465 10 1 12465 0 2 12 3 2 25 4 2 25 7 2 12 5 4 8 7 4 37 9 4 4 10 4 12 1 5 2 3 5 2 4 5 2 6 5 2 7 5 5 9 5 2 5 6 16 9 6 32 0 7 1924 5 7 3848 6 7 11545 7 7 5772 9 7 5772 10 7 7696 1 9 10 3 9 10 4 9 10 5 9 20 6 9 10 7 9 20 0 10 21 1 10 10 4 10 10 6 10 10 10 10 10
947 19936094 3 3 1 2 3 4 3 3 1 9 3 1
948 20014121 33 3 11 3 0 6 7 0 13 8 0 6 3 1 52 7 1 17 8 1 17 3 2 3 7 2 3 8 2 18 3 3 874 7 3 6123 8 3 2624 3 4 3 7 4 3 8 4 3 3 5 4 7 5 4 8 5 8 3 6 577 7 6 1155 8 6 1155 3 7 11 7 7 11 8 7 11 3 8 43 7 8 129 8 8 43 3 9 528 7 9 1585 8 9 528 3 10 111 7 10 55 8 10 27
949 20014253 1 1 1 6 9 45
950 20044453 11 1 11 5 0 71 5 1 45 5 2 92 5 3 40 5 4 114 5 5 155 5 6 50 5 7 228 5 8 46 5 9 1761 5 10 99
951 20061407 11 1 11 1 0 108 1 1 99802 1 2 112 1 3 240 1 4 91 1 5 1209 1 6 97 1 7 116 1 8 71 1 9 99 1 10 3
952 20063020 2 2 1 3 3 74 4 3 83
953 20074270 1 1 1 6 4 12
954 20076290 1 1 1 7 8 80
955 20079732 1 1 1 2 5 31
956 20080476 1 1 1 2 3 62
957 20304461 88 8 11 0 0 1861 1 0 930 2 0 930 5 0 930 6 0 930 7 0 1861 9 0 930 10 0 930 0 1 1 1 1 1 2 1 19 5 1 1 6 1 1 7 1 2 9 1 1 10 1 1 0 2 41 1 2 61 2 2 20 5 2 20 6 2 20 7 2 20 9 2 61 10 2 20 0 3 3321 1 3 3321 2 3 3321 5 3 3321 6 3 3321 7 3 76394 9 3 3321 10 3 3321 0 4 4 1 4 1 2 4 1 5 4 1 6 4 1 7 4 1 9 4 1 10 4 3 0 5 13 1 5 172 2 5 13 5 5 6 6 5 19 7 5 6 9 5 6 10 5 6 0 6 21 1 6 14 2 6 7 5 6 7 6 6 7 7 6 21 9 6 7 10 6 7 0 7 1 1 7 1 2 7 1 5 7 46 6 7 2 7 7 1 9 7 1 10 7 13 0 8 2 1 8 2 2 8 2 5 8 99 6 8 2 7 8 2 9 8 2 10 8 2 0 9 465 1 9 349 2 9 116 5 9 465 6 9 116 7 9 698 9 9 465 10 9 232 0 10 34 1 10 15 2 10 11 5 10 3 6 10 11 7 10 11 9 10 3 10 10 7
958 20306873 1 1 1 7 5 145
959 20317437 1 1 1 3 4 43
960 20318454 1 1 1 2 9 25
961 20323324 2 2 1 0 4 5 7 4 1
962 20323723 2 2 1 3 3 3 4 3 6
963 20345169 4 4 1 1 4 1 3 4 1 5 4 1 7 4 17
964 20347572 1 1 1 7 6 100
965 20349429 1 1 1 0 8 216
966 20455585 33 3 11 2 0 23 4 0 35 7 0 23 2 1 50 4 1 50 7 1 50 2 2 6 4 2 1 7 2 1 2 3 252 4 3 63 7 3 126 2 4 36 4 4 73 7 4 36 2 5 21 4 5 76 7 5 21 2 6 112 4 6 224 7 6 112 2 7 1806 4 7 12192 7 7 1806 2 8 7602 4 8 2534 7 8 2534 2 9 91 4 9 91 7 9 91 2 10 145 4 10 217 7 10 72
967 20456985 1 1 1 8 1 11
968 20457828 1 1 1 8 10 3019
969 20461541 1 1 1 7 9 9590
970 20462237 1 1 1 5 6 87
971 20464492 1 1 1 6 0 110
972 20469665 2 2 1 1 7 159 7 7 159
973 20485716 5 5 1 1 10 11703 2 10 11703 6 10 11703 7 10 11703 10 10 11703
974 20486087 1 1 1 10 0 106
975 20490198 1 1 1 10 3 17
976 20511633 11 1 11 5 0 166 5 1 1416 5 2 71 5 3 15738 5 4 98 5 5 330 5 6 31 5 7 80 5 8 12028 5 9 39029 5 10 600
977 20532524 3 3 1 4 10 1895 5 10 631 9 10 631
978 20533453 2 2 1 1 10 282 4 10 4523
979 20533497 1 1 1 1 10 18
980 20534758 1 1 1 8 8 20
981 20560239 11 1 11 4 0 12 4 1 143 4 2 120 4 3 214 4 4 354 4 5 813 4 6 137 4 7 50 4 8 115 4 9 96 4 10 3913
982 20609123 22 2 11 0 0 18 9 0 111 0 1 92 9 1 92 0 2 168 9 2 42 0 3 4 9 3 2 0 4 153 9 4 153 0 5 54 9 5 54 0 6 7 9 6 38 0 7 17 9 7 17 0 8 14 9 8 28 0 9 15 9 9 15 0 10 129 9 10 129
983 20697456 33 11 5 0 0 2379 3 0 2379 4 0 2379 5 0 594 6 0 594 9 0 594 10 0 594 0 1 14 1 1 14 2 1 73 6 1 14 7 1 29 10 1 29 0 2 1686 1 2 4636 2 2 843 3 2 5901 4 2 421 7 2 421 8 2 421 3 4 1951 4 4 195 5 4 195 6 4 195 7 4 195 8 4 195 9 4 195 1 6 2 2 6 2 5 6 2 8 6 6 9 6 2 10 6 2
984 20699890 1 1 1 4 8 1946
985 20702659 2 2 1 8 1 21 10 1 10
986 20708676 2 2 2 0 6 104 5 7 36
987 20708783 1 1 1 10 7 38
988 20719073 2 2 1 3 9 12 5 9 17
989 20720810 1 1 1 1 0 39
990 20723963 1 1 1 8 8 596
991 20759270 16 8 4 2 0 1585 3 0 1585 4 0 1585 6 0 1585 7 0 7925 0 2 1130 3 2 2261 4 2 1130 9 2 1130 10 2 2261 2 8 230 7 8 115 9 8 1730 10 8 230 0 10 12 6 10 48
992 20761105 1 1 1 0 1 103
993 20764092 1 1 1 4 10 33217
994 20764347 1 1 1 3 9 613
995 20768200 1 1 1 8 8 100
996 20784579 6 6 3 1 4 2670 9 4 2670 3 5 10793 7 5 3597 0 8 7739 8 8 1105
997 20787136 1 1 1 0 10 54
998 20823557 11 1 11 3 0 62 3 1 39 3 2 313 3 3 67 3 4 320 3 5 201 3 6 28 3 7 71 3 8 86 3 9 15777 3 10 90
999 20824180 1 1 1 6 2 51
