11 1000
0 52 1 1 1 4 6 2444
1 95991 121 11 11 0 0 1 1 0 1 2 0 1 3 0 1 4 0 2 5 0 2 6 0 1 7 0 1 8 0 3 9 0 1 10 0 1 0 1 3 1 1 19 2 1 3 3 1 3 4 1 3 5 1 6 6 1 9 7 1 19 8 1 3 9 1 9 10 1 3 0 2 378 1 2 378 2 2 378 3 2 378 4 2 378 5 2 378 6 2 378 7 2 757 8 2 378 9 2 5302 10 2 1136 0 3 18 1 3 56 2 3 18 3 3 18 4 3 18 5 3 18 6 3 18 7 3 18 8 3 18 9 3 18 10 3 18 0 4 17 1 4 25 2 4 85 3 4 8 4 4 25 5 4 8 6 4 8 7 4 8 8 4 8 9 4 25 10 4 8 0 5 21 1 5 4 2 5 4 3 5 4 4 5 4 5 5 4 6 5 4 7 5 4 8 5 4 9 5 4 10 5 30 0 6 11 1 6 11 2 6 11 3 6 11 4 6 11 5 6 11 6 6 11 7 6 102 8 6 11 9 6 11 10 6 11 0 7 4 1 7 4 2 7 4 3 7 9 4 7 4 5 7 4 6 7 4 7 7 4 8 7 4 9 7 4 10 7 13 0 8 4 1 8 18 2 8 4 3 8 18 4 8 4 5 8 4 6 8 4 7 8 4 8 8 4 9 8 4 10 8 4 0 9 149 1 9 149 2 9 149 3 9 149 4 9 149 5 9 149 6 9 149 7 9 149 8 9 149 9 9 149 10 9 8082 0 10 102 1 10 205 2 10 51 3 10 102 4 10 102 5 10 153 6 10 256 7 10 51 8 10 205 9 10 205 10 10 51
2 100229 4 4 1 0 10 13 6 10 6 8 10 27 9 10 6
3 103149 3 3 1 7 7 4 8 7 1 10 7 93
4 103819 2 2 1 3 9 6 6 9 69
5 130097 33 3 11 7 0 46 8 0 69 9 0 46 7 1 1941 8 1 970 9 1 970 7 2 4885 8 2 4885 9 2 9770 7 3 32 8 3 32 9 3 16 7 4 87 8 4 87 9 4 87 7 5 2 8 5 1 9 5 21 7 6 11 8 6 11 9 6 11 7 7 2 8 7 2 9 7 21 7 8 4 8 8 9 9 8 4 7 9 119 8 9 119 9 9 119 7 10 6 8 10 3 9 10 6
6 146793 15 5 5 0 0 63 6 0 31 8 0 110 0 1 74 4 1 49 8 1 24 4 5 201 5 5 201 6 5 1211 5 9 34 6 9 102 8 9 102 0 10 19 4 10 29 5 10 9
7 147727 1 1 1 6 10 69
8 150977 6 3 3 3 5 55 4 5 27 3 8 16486 4 8 169 7 8 169 7 9 34
9 151644 1 1 1 8 8 6016
10 152331 1 1 1 8 3 45
11 154465 1 1 1 0 1 66
12 166452 16 8 3 0 2 8 1 2 34 2 2 8 4 2 17 7 2 8 8 2 8 10 2 8 1 5 538 2 5 538 4 5 269 6 5 269 7 5 807 0 7 101 6 7 16 8 7 16 10 7 186
13 168552 2 2 1 3 0 244 10 0 81
14 177143 11 1 11 5 0 2959 5 1 152 5 2 15827 5 3 168 5 4 12702 5 5 1278 5 6 4769 5 7 47 5 8 59 5 9 145 5 10 4070
15 177848 1 1 1 0 10 13
16 179974 2 2 2 1 4 14 6 7 162
17 185447 11 1 11 1 0 210 1 1 16332 1 2 7161 1 3 14 1 4 45 1 5 72 1 6 208 1 7 46 1 8 51 1 9 1493 1 10 36
18 199537 11 1 11 0 0 8860 0 1 305 0 2 5921 0 3 139 0 4 161 0 5 2292 0 6 203 0 7 47 0 8 12685 0 9 250 0 10 8889
19 199764 1 1 1 9 7 8546
20 200707 1 1 1 4 3 78
21 211037 11 1 11 0 0 15749 0 1 134 0 2 12838 0 3 41504 0 4 19641 0 5 5822 0 6 7132 0 7 119 0 8 2 0 9 27592 0 10 28
22 211671 1 1 1 7 3 78201
23 217948 11 11 1 0 5 5 1 5 11 2 5 11 3 5 5 4 5 5 5 5 5 6 5 28 7 5 11 8 5 5 9 5 5 10 5 11
24 253106 32 8 8 2 0 3 3 0 7 4 0 3 6 0 3 1 1 13 3 1 13 4 1 26 6 1 13 9 1 13 10 1 13 1 2 206 2 2 206 3 2 206 7 2 206 9 2 206 1 4 42 2 4 42 4 4 42 7 4 42 10 4 128 4 6 8 1 7 8 2 7 43 3 7 8 6 7 8 7 7 8 9 7 8 7 8 7 10 8 7 6 9 37 9 9 37 10 9 20
25 255773 1 1 1 10 10 41
26 256389 2 2 1 4 8 60 7 8 30
27 256547 1 1 1 10 0 57
28 257835 1 1 1 1 2 7655
29 261772 1 1 1 2 4 15837
30 262630 1 1 1 0 1 31
31 263521 2 2 1 0 7 19495 6 7 19495
32 264041 1 1 1 1 10 1422
33 264775 1 1 1 2 6 16
34 265996 3 3 1 1 0 4261 7 0 1420 8 0 5682
35 268705 1 1 1 5 2 8537
36 273220 11 1 11 6 0 7 6 1 10126 6 2 53 6 3 64 6 4 4767 6 5 58555 6 6 622 6 7 91 6 8 35 6 9 1 6 10 54
37 273222 1 1 1 7 7 153
38 276622 1 1 1 1 9 32
39 276913 1 1 1 1 4 429
40 276929 1 1 1 8 2 75
41 278704 1 1 1 0 2 27
42 279390 1 1 1 10 5 110
43 283131 5 5 1 1 2 9 2 2 9 5 2 9 6 2 18 10 2 9
44 283187 1 1 1 3 4 3011
45 284189 1 1 1 8 6 90
46 284220 1 1 1 8 10 17053
47 292503 10 10 1 0 7 6 1 7 12 2 7 6 3 7 6 4 7 25 5 7 6 6 7 6 7 7 6 8 7 6 10 7 12
48 293508 3 3 1 0 4 2 6 4 7 8 4 11
49 297123 4 4 1 1 0 16 4 0 16 6 0 48 9 0 16
50 297129 1 1 1 7 4 13852
51 298450 2 2 1 5 1 35 10 1 35
52 301744 6 3 2 1 0 7 2 0 60 9 0 7 1 3 42 2 3 8 9 3 8
53 303256 2 2 1 4 8 111 9 8 111
54 304460 1 1 1 6 5 718
55 308114 4 4 1 2 8 1091 5 8 363 8 8 1091 9 8 363
56 309224 2 2 1 2 10 51 8 10 51
57 329204 22 11 4 2 0 581 6 0 3489 7 0 1163 9 0 581 0 1 15 3 1 3 4 1 34 5 1 3 8 1 3 1 3 1181 5 3 1181 7 3 1181 8 3 1181 10 3 2363 0 7 11 1 7 11 2 7 11 3 7 11 4 7 11 6 7 58 9 7 11 10 7 290
58 331845 3 3 1 1 3 5 7 3 5 9 3 58
59 332370 2 2 1 4 7 18 8 7 18
60 338305 4 4 1 6 9 5000 8 9 5000 9 9 5000 10 9 10000
61 445448 121 11 11 0 0 33 1 0 8 2 0 8 3 0 8 4 0 8 5 0 8 6 0 16 7 0 25 8 0 8 9 0 50 10 0 8 0 1 123 1 1 123 2 1 123 3 1 123 4 1 123 5 1 123 6 1 123 7 1 123 8 1 123 9 1 867 10 1 123 0 2 2 1 2 8 2 2 2 3 2 2 4 2 2 5 2 5 6 2 2 7 2 2 8 2 2 9 2 25 10 2 25 0 3 4 1 3 55 2 3 4 3 3 4 4 3 4 5 3 27 6 3 4 7 3 4 8 3 4 9 3 4 10 3 18 0 4 3 1 4 1 2 4 1 3 4 1 4 4 1 5 4 1 6 4 2 7 4 1 8 4 5 9 4 1 10 4 2 0 5 1 1 5 1 2 5 1 3 5 1 4 5 1 5 5 1 6 5 44 7 5 1 8 5 1 9 5 1 10 5 2 0 6 6 1 6 3 2 6 31 3 6 3 4 6 46 5 6 12 6 6 6 7 6 3 8 6 3 9 6 3 10 6 3 0 7 38 1 7 2 2 7 104 3 7 4 4 7 2 5 7 2 6 7 4 7 7 2 8 7 2 9 7 2 10 7 2 0 8 131 1 8 527 2 8 131 3 8 263 4 8 395 5 8 131 6 8 263 7 8 131 8 8 263 9 8 131 10 8 131 0 9 1 1 9 1 2 9 3 3 9 16 4 9 3 5 9 1 6 9 1 7 9 1 8 9 16 9 9 1 10 9 1 0 10 3 1 10 3 2 10 52 3 10 3 4 10 3 5 10 6 6 10 3 7 10 3 8 10 3 9 10 9 10 10 3
62 446352 1 1 1 7 3 23
63 448704 2 2 1 0 7 35 5 7 5
64 457555 11 1 11 2 0 76 2 1 68 2 2 113 2 3 54 2 4 74 2 5 132494 2 6 2630 2 7 50 2 8 50 2 9 203 2 10 7139
65 458854 2 2 1 6 2 1591 7 2 1591
66 462604 1 1 1 10 0 97
67 467984 8 4 3 1 2 84 3 2 12 4 2 12 3 3 61 6 3 61 1 9 1492 4 9 2985 6 9 1492
68 468456 1 1 1 7 9 41
69 471142 1 1 1 0 1 104
70 475032 10 1 10 8 0 95 8 1 74 8 3 42 8 4 31 8 5 2 8 6 1402 8 7 308 8 8 91 8 9 1426 8 10 18
71 475580 1 1 1 8 0 81
72 475592 1 1 1 2 2 194
73 475826 1 1 1 10 6 38831
74 487206 11 11 1 0 7 1 1 7 1 2 7 1 3 7 1 4 7 1 5 7 1 6 7 1 7 7 1 8 7 1 9 7 1 10 7 2
75 496943 6 3 3 6 1 13 10 1 13 3 7 1290 10 7 1290 3 9 39 6 9 39
76 502999 6 3 3 9 4 8516 1 7 38 9 7 38 10 7 38 1 8 234 10 8 58
77 510329 11 11 3 1 2 56 9 2 168 0 3 88 2 3 88 4 3 352 10 3 264 3 5 30 5 5 30 6 5 30 7 5 30 8 5 90
78 511494 2 2 1 9 2 446 10 2 892
79 513118 1 1 1 1 2 93
80 517459 6 3 3 0 4 150 1 4 1 4 4 8 0 6 41 1 6 41 4 9 11402
81 518368 1 1 1 10 2 5
82 519237 1 1 1 7 6 125
83 519533 1 1 1 5 2 294
84 528458 11 1 11 10 0 70 10 1 39 10 2 101 10 3 47 10 4 12677 10 5 2444 10 6 48 10 7 96 10 8 25338 10 9 7739 10 10 59
85 528996 1 1 1 2 6 227
86 531857 2 2 1 0 4 7 4 4 29
87 534780 2 2 1 6 7 4886 9 7 4886
88 535262 3 3 1 0 9 10 1 9 10 10 9 10
89 552887 11 1 11 0 0 57 0 1 198 0 2 9587 0 3 117 0 4 19 0 5 52 0 6 185 0 7 85 0 8 204 0 9 1 0 10 9556
90 553523 1 1 1 6 4 47
91 560907 11 1 11 2 0 144 2 1 165 2 2 20 2 3 9 2 4 89 2 5 70 2 6 232 2 7 4 2 8 458 2 9 129 2 10 94
92 562469 2 2 1 2 3 38 5 3 76
93 564623 1 1 1 10 7 191
94 584749 22 2 11 1 0 230 10 0 46 1 1 1318 10 1 1318 1 2 6406 10 2 2135 1 3 11787 10 3 23574 1 4 9791 10 4 9791 1 5 49 10 5 49 1 6 1 10 6 1 1 7 102 10 7 102 1 8 151 10 8 202 1 9 1164 10 9 1164 1 10 40 10 10 80
95 587495 1 1 1 8 7 42
96 588258 2 2 1 2 7 5 4 7 10
97 588424 1 1 1 0 5 185
98 598834 11 1 11 7 0 54 7 1 11 7 2 72 7 3 88 7 4 52 7 5 71 7 6 161 7 7 86 7 8 71 7 9 20 7 10 1637
99 655128 66 11 11 1 0 125 5 0 125 0 1 28 1 1 28 7 1 28 8 1 28 9 1 56 10 1 85 0 2 2 1 2 5 2 2 2 3 2 2 4 2 2 5 2 2 8 2 8 10 2 30 2 3 14 4 3 14 5 3 29 7 3 29 9 3 14 10 3 14 1 4 9 2 4 9 4 4 4 6 4 4 8 4 4 9 4 9 1 5 1 2 5 1 3 5 14 4 5 1 6 5 1 7 5 1 8 5 1 9 5 1 0 6 11 2 6 1 3 6 3 6 6 4 7 6 1 8 6 1 10 6 1 0 7 22 3 7 66 4 7 22 6 7 22 10 7 88 0 8 9784 5 8 1397 6 8 1397 7 8 1397 8 8 1397 9 8 1397 10 8 2795 3 9 188 4 9 31 5 9 62 6 9 62 7 9 94 9 9 250 0 10 54 1 10 109 2 10 54 3 10 109 5 10 54
100 681996 33 3 11 0 0 5 3 0 23 10 0 5 0 1 5870 3 1 1467 10 1 4402 0 2 8562 3 2 1712 10 2 1712 0 3 44 3 3 22 10 3 44 0 4 13 3 4 210 10 4 13 0 5 476 3 5 476 10 5 476 0 6 47 3 6 47 10 6 47 0 7 6 3 7 13 10 7 26 0 8 7 3 8 37 10 8 7 0 9 2 3 9 2 10 9 2 0 10 1 3 10 23 10 10 1
101 709481 33 3 11 6 0 12 8 0 163 9 0 12 6 1 1925 8 1 132 9 1 265 6 2 997 8 2 997 9 2 997 6 3 4 8 3 2 9 3 2 6 4 1493 8 4 2986 9 4 1493 6 5 168 8 5 4380 9 5 168 6 6 13 8 6 1 9 6 5 6 7 83 8 7 4 9 7 24 6 8 8 8 8 8 9 8 93 6 9 1575 8 9 12604 9 9 1575 6 10 19 8 10 9 9 10 9
102 739211 45 9 9 0 0 652 7 0 217 9 0 435 10 0 217 0 1 1 1 1 1 2 1 1 4 1 5 9 1 1 1 2 7 2 2 57 3 2 14 4 2 7 10 2 21 0 4 139 1 4 139 4 4 139 5 4 139 7 4 2644 10 4 139 3 5 2 4 5 33 9 5 1 2 7 10 3 7 30 5 7 10 7 7 10 9 7 70 10 7 10 3 8 695 4 8 3475 5 8 695 7 8 695 9 8 695 0 9 41 1 9 41 2 9 41 3 9 41 5 9 41 0 10 339 1 10 3056 2 10 339 5 10 339 7 10 339 10 10 339
103 778401 32 8 7 0 1 2249 1 1 1124 8 1 4498 9 1 1124 0 3 384 2 3 4228 4 3 768 5 3 768 6 3 768 8 3 768 9 3 384 1 4 2 6 4 4 8 4 2 9 4 4 2 6 304 4 6 609 8 6 304 0 7 1 1 7 1 2 7 5 4 7 1 5 7 1 6 7 1 1 9 58 5 9 19 6 9 212 0 10 268 2 10 22 4 10 22 5 10 22 9 10 22
104 778653 1 1 1 4 0 92
105 793072 11 1 11 3 0 79 3 1 15746 3 2 9393 3 3 113 3 4 290 3 5 25 3 6 3086 3 7 1336 3 8 88 3 9 51 3 10 97
106 911917 121 11 11 0 0 9 1 0 9 2 0 9 3 0 18 4 0 9 5 0 37 6 0 37 7 0 9 8 0 9 9 0 9 10 0 9 0 1 7 1 1 7 2 1 7 3 1 7 4 1 7 5 1 63 6 1 14 7 1 21 8 1 14 9 1 7 10 1 70 0 2 467 1 2 935 2 2 467 3 2 467 4 2 935 5 2 467 6 2 467 7 2 3273 8 2 467 9 2 467 10 2 467 0 3 7486 1 3 170 2 3 850 3 3 170 4 3 170 5 3 170 6 3 170 7 3 170 8 3 170 9 3 170 10 3 170 0 4 29 1 4 29 2 4 29 3 4 14 4 4 14 5 4 14 6 4 14 7 4 29 8 4 14 9 4 29 10 4 14 0 5 1 1 5 1 2 5 1 3 5 1 4 5 1 5 5 1 6 5 14 7 5 2 8 5 1 9 5 1 10 5 1 0 6 32 1 6 82 2 6 32 3 6 32 4 6 49 5 6 148 6 6 16 7 6 16 8 6 16 9 6 16 10 6 32 0 7 6 1 7 6 2 7 6 3 7 31 4 7 24 5 7 24 6 7 6 7 7 12 8 7 6 9 7 24 10 7 37 0 8 66 1 8 8 2 8 8 3 8 8 4 8 8 5 8 150 6 8 41 7 8 8 8 8 8 9 8 8 10 8 16 0 9 21 1 9 21 2 9 21 3 9 21 4 9 21 5 9 21 6 9 64 7 9 21 8 9 21 9 9 21 10 9 21 0 10 2 1 10 8 2 10 2 3 10 5 4 10 2 5 10 2 6 10 54 7 10 2 8 10 2 9 10 29 10 10 2
107 913064 1 1 1 0 3 17
108 914774 1 1 1 10 10 168
109 918673 2 2 1 2 5 5702 8 5 5702
110 935933 22 2 11 4 0 4 8 0 56 4 1 175 8 1 58 4 2 55 8 2 55 4 3 99 8 3 99 4 4 13080 8 4 6540 4 5 15 8 5 47 4 6 2641 8 6 9244 4 7 44 8 7 44 4 8 28 8 8 115 4 9 1 8 9 1 4 10 5031 8 10 1257
111 936103 1 1 1 0 6 102
112 937357 1 1 1 8 7 815
113 938922 1 1 1 5 4 654
114 938975 1 1 1 9 5 9
115 944760 8 4 3 3 2 2706 4 2 8119 5 2 2706 10 2 2706 4 4 14 10 4 14 3 6 179 5 6 179
116 946157 1 1 1 3 5 83
117 946218 1 1 1 2 10 97
118 946321 1 1 1 5 10 4686
119 954386 11 1 11 1 0 37 1 1 3266 1 2 442 1 3 40 1 4 271 1 5 495 1 6 179 1 7 978 1 8 11817 1 9 87 1 10 320
120 956729 1 1 1 8 1 233
121 980583 33 11 5 0 0 22 1 0 44 4 0 312 5 0 111 6 0 66 7 0 22 9 0 22 10 0 22 2 4 8 3 4 17 8 4 8 9 4 34 0 6 27 3 6 13 4 6 13 7 6 13 1 9 40 2 9 326 3 9 10 4 9 10 5 9 10 6 9 1214 7 9 367 8 9 30 10 9 10 0 10 10 1 10 10 2 10 101 5 10 10 6 10 20 8 10 10 9 10 10 10 10 20
122 984012 6 6 1 0 0 1584 1 0 3168 2 0 792 4 0 4752 7 0 792 9 0 792
123 986123 1 1 1 1 3 77
124 989577 4 4 2 1 7 9534 3 9 1544 4 9 6176 5 9 1544
125 989768 1 1 1 2 9 8
126 990034 1 1 1 3 3 34
127 990052 1 1 1 9 1 97
128 992702 3 3 1 0 4 12 1 4 4 3 4 12
129 993198 1 1 1 2 3 814
130 997877 2 2 1 1 1 53 8 1 53
131 998878 1 1 1 6 4 221
132 1000608 1 1 1 8 9 5
133 1001669 2 2 1 9 3 9781 10 3 9781
134 1097851 99 9 11 0 0 7 1 0 3 2 0 22 3 0 7 4 0 3 6 0 3 7 0 179 8 0 3 10 0 3 0 1 30 1 1 30 2 1 30 3 1 45 4 1 15 6 1 15 7 1 15 8 1 153 10 1 15 0 2 10 1 2 63 2 2 10 3 2 63 4 2 31 6 2 10 7 2 42 8 2 10 10 2 10 0 3 67 1 3 16 2 3 5 3 3 16 4 3 5 6 3 5 7 3 5 8 3 56 10 3 16 0 4 1 1 4 1 2 4 1 3 4 1 4 4 2 6 4 21 7 4 1 8 4 1 10 4 9 0 5 8357 1 5 104 2 5 208 3 5 104 4 5 208 6 5 104 7 5 313 8 5 104 10 5 104 0 6 3 1 6 7 2 6 40 3 6 3 4 6 3 6 6 3 7 6 3 8 6 3 10 6 29 0 7 790 1 7 790 2 7 1580 3 7 2370 4 7 790 6 7 2370 7 7 2370 8 7 6321 10 7 1580 0 8 352 1 8 1058 2 8 352 3 8 352 4 8 352 6 8 2470 7 8 352 8 8 352 10 8 352 0 9 1 1 9 1 2 9 1 3 9 6 4 9 1 6 9 1 7 9 1 8 9 57 10 9 1 0 10 1810 1 10 452 2 10 452 3 10 905 4 10 2263 6 10 452 7 10 23988 8 10 452 10 10 452
135 1100947 3 3 1 5 9 94 7 9 94 10 9 94
136 1101547 1 1 1 1 5 1392
137 1102090 1 1 1 2 8 95
138 1109667 10 2 6 5 0 1216 9 0 4867 9 2 110 5 6 23 9 6 23 5 7 47 9 7 38 5 8 42 5 10 101 9 10 101
139 1110288 1 1 1 0 4 231
140 1111076 1 1 1 2 6 19642
141 1111772 1 1 1 4 5 12771
142 1112012 1 1 1 10 2 218
143 1112230 1 1 1 3 6 48
144 1138913 24 3 11 2 0 74 1 1 5408 2 1 676 6 1 338 6 2 19531 1 3 1 6 3 74 1 4 10 2 4 10 6 4 10 1 5 9 2 5 9 1 6 5273 2 6 5273 6 6 5273 1 7 31 2 7 31 6 7 158 1 8 292 2 8 292 6 8 292 1 9 71 2 10 59 6 10 59
145 1141819 2 2 1 5 10 9 6 10 203
146 1174772 28 7 7 3 0 695 8 0 417 9 0 139 10 0 139 0 1 103 3 1 103 5 1 1032 7 1 206 8 1 3303 9 1 206 10 1 929 7 4 20 8 4 10 9 4 10 3 5 73 8 5 73 10 5 73 0 6 2 5 6 7 7 6 2 9 6 20 0 7 37 3 7 37 5 7 111 7 7 37 0 9 21 5 9 14 10 9 54
147 1177300 1 1 1 8 8 224
148 1232428 66 11 11 0 0 1044 1 0 696 2 0 348 3 0 1741 4 0 348 7 0 348 8 0 348 2 1 1 3 1 1 6 1 1 7 1 10 8 1 1 9 1 1 10 1 1 3 2 28 5 2 168 6 2 28 9 2 28 10 2 8940 1 3 24 3 3 12 4 3 12 5 3 12 6 3 12 7 3 12 8 3 12 9 3 12 4 4 13 6 4 26 8 4 13 0 5 6 1 5 12 2 5 6 5 5 6 10 5 72 0 6 3 2 6 3 5 6 3 6 6 90 8 6 3 9 6 3 0 7 1 1 7 1 3 7 1 4 7 1 5 7 14 7 7 8 8 7 1 9 7 1 10 7 1 0 8 5 2 8 5 4 8 5 7 8 10 10 8 5 1 9 1044 2 9 3134 3 9 1044 9 9 1044 0 10 18 1 10 18 4 10 9 5 10 9 6 10 9 7 10 37 10 10 9
149 1233758 1 1 1 8 3 237
150 1234534 1 1 1 10 9 1762
151 1235717 1 1 1 7 10 93
152 1238112 2 1 2 0 5 1067 0 8 97
153 1238598 1 1 1 2 8 51
154 1239750 2 2 1 4 5 61 10 5 614
155 1241508 2 2 1 2 8 6336 4 8 6336
156 1243762 1 1 1 2 7 168
157 1246854 2 2 1 2 0 2203 9 0 115
158 1251089 4 4 1 0 0 11 5 0 90 7 0 11 10 0 11
159 1253590 1 1 1 8 2 177
160 1255605 2 1 2 3 0 1002 3 5 127
161 1256161 1 1 1 4 0 4792
162 1256556 1 1 1 9 6 42
163 1269281 11 1 11 7 0 113 7 1 354 7 2 137 7 3 15795 7 4 9604 7 5 1407 7 6 109 7 7 60 7 8 370 7 9 70 7 10 90
164 1269711 2 2 2 9 1 107 5 6 78
165 1271306 1 1 1 0 7 200
166 1273218 1 1 1 7 5 98
167 1274246 1 1 1 10 0 112
168 1274959 1 1 1 3 4 73
169 1288763 11 1 11 6 0 47 6 1 33 6 2 33 6 3 450 6 4 67 6 5 220 6 6 186 6 7 1684 6 8 235 6 9 2083 6 10 685
170 1298865 11 1 11 10 0 118 10 1 96 10 2 86 10 3 110 10 4 99 10 5 33158 10 6 103 10 7 58 10 8 180 10 9 3821 10 10 224
171 1299058 1 1 1 3 10 6149
172 1305062 8 4 3 3 1 37 5 1 37 7 1 37 10 1 148 3 6 4031 5 6 8063 7 8 4609 10 8 1536
173 1306544 1 1 1 8 1 354
174 1326240 22 2 11 0 0 73 4 0 73 0 1 348 4 1 116 0 2 8 4 2 8 0 3 17 4 3 29 0 4 4411 4 4 1470 0 5 25 4 5 12 0 6 22 4 6 11 0 7 4135 4 7 4135 0 8 94 4 8 188 0 9 86 4 9 14 0 10 20 4 10 83
175 1334425 11 1 11 7 0 4032 7 1 48 7 2 64 7 3 22 7 4 87 7 5 199 7 6 125 7 7 219 7 8 21 7 9 85 7 10 74
176 1335320 1 1 1 8 2 85
177 1423025 88 8 11 0 0 10 1 0 10 2 0 31 4 0 10 5 0 10 8 0 10 9 0 41 10 0 10 0 1 3 1 1 7 2 1 7 4 1 3 5 1 3 8 1 1354 9 1 3 10 1 3 0 2 15 1 2 44 2 2 2 4 2 2 5 2 2 8 2 2 9 2 36 10 2 2 0 3 16 1 3 16 2 3 16 4 3 16 5 3 145 8 3 16 9 3 16 10 3 16 0 4 7 1 4 18 2 4 1 4 4 1 5 4 14 8 4 1 9 4 1 10 4 1 0 5 66 1 5 33 2 5 33 4 5 33 5 5 33 8 5 33 9 5 33 10 5 33 0 6 8 1 6 8 2 6 8 4 6 8 5 6 8 8 6 8 9 6 8 10 6 8 0 7 4 1 7 16 2 7 4 4 7 4 5 7 16 8 7 4 9 7 4 10 7 8 0 8 10 1 8 10 2 8 31 4 8 10 5 8 10 8 8 10 9 8 10 10 8 10 0 9 65 1 9 131 2 9 65 4 9 65 5 9 131 8 9 65 9 9 65 10 9 65 0 10 5 1 10 11 2 10 22 4 10 33 5 10 5 8 10 11 9 10 5 10 10 11
178 1435500 11 1 11 10 0 110 10 1 13 10 2 87 10 3 49 10 4 1441 10 5 19565 10 6 88 10 7 19634 10 8 49 10 9 79 10 10 16
179 1437403 3 3 1 3 5 643 5 5 10932 9 5 643
180 1437566 1 1 1 2 0 3914
181 1439844 2 2 1 3 6 20 9 6 145
182 1454855 22 2 11 0 0 56 10 0 56 0 1 26 10 1 26 0 2 106 10 2 9 0 3 55 10 3 55 0 4 13850 10 4 27701 0 5 104 10 5 52 0 6 18 10 6 9 0 7 214 10 7 214 0 8 33 10 8 16 0 9 834 10 9 417 0 10 32 10 10 16
183 1454951 1 1 1 7 0 13097
184 1458161 1 1 1 6 7 32
185 1458742 1 1 1 6 10 11869
186 1552051 121 11 11 0 0 7 1 0 1 2 0 13 3 0 1 4 0 1 5 0 1 6 0 1 7 0 1 8 0 1 9 0 1 10 0 13 0 1 775 1 1 775 2 1 775 3 1 775 4 1 1550 5 1 775 6 1 775 7 1 775 8 1 775 9 1 775 10 1 7753 0 2 18 1 2 1 2 2 1 3 2 1 4 2 3 5 2 1 6 2 1 7 2 1 8 2 1 9 2 1 10 2 1 0 3 4 1 3 36 2 3 4 3 3 4 4 3 4 5 3 4 6 3 4 7 3 4 8 3 4 9 3 4 10 3 12 0 4 1548 1 4 110 2 4 110 3 4 110 4 4 221 5 4 110 6 4 110 7 4 3980 8 4 110 9 4 442 10 4 3317 0 5 15 1 5 15 2 5 157 3 5 31 4 5 15 5 5 15 6 5 15 7 5 31 8 5 15 9 5 331 10 5 15 0 6 1 1 6 4 2 6 22 3 6 7 4 6 1 5 6 1 6 6 1 7 6 9 8 6 4 9 6 1 10 6 1 0 7 18 1 7 18 2 7 18 3 7 18 4 7 18 5 7 18 6 7 54 7 7 18 8 7 18 9 7 18 10 7 18 0 8 60 1 8 30 2 8 30 3 8 121 4 8 152 5 8 30 6 8 30 7 8 60 8 8 30 9 8 60 10 8 60 0 9 15 1 9 15 2 9 15 3 9 15 4 9 60 5 9 15 6 9 60 7 9 15 8 9 15 9 9 45 10 9 15 0 10 10 1 10 3 2 10 3 3 10 3 4 10 7 5 10 3 6 10 3 7 10 3 8 10 3 9 10 7 10 10 3
187 1552329 2 2 1 5 8 163 10 8 16
188 1554425 3 3 1 4 10 21 7 10 150 10 10 21
189 1563043 8 4 3 5 0 3 6 0 3 7 0 10 8 0 28 6 6 33 8 6 66 5 8 1434 7 8 1434
190 1592380 33 3 11 4 0 789 5 0 789 6 0 789 4 1 1170 5 1 1170 6 1 1170 4 2 2395 5 2 399 6 2 399 4 3 30 5 3 185 6 3 15 4 4 111 5 4 18 6 4 55 4 5 1 5 5 7 6 5 1 4 6 5 5 6 18 6 6 17 4 7 1 5 7 9 6 7 1 4 8 4212 5 8 4212 6 8 4212 4 9 38 5 9 2 6 9 1 4 10 173 5 10 1216 6 10 173
191 1646659 66 11 11 0 0 186 1 0 930 2 0 186 5 0 2791 7 0 186 8 0 372 10 0 186 3 1 1 4 1 1 5 1 1 6 1 28 10 1 1 2 2 3 3 2 1 4 2 1 6 2 1 7 2 7 8 2 1 10 2 1 1 3 135 2 3 135 3 3 543 6 3 1358 8 3 815 0 4 3 1 4 1 2 4 1 4 4 1 5 4 1 9 4 1 10 4 1 2 5 48 7 5 16 0 6 3 4 6 3 5 6 1 6 6 9 9 6 3 1 7 541 2 7 541 3 7 541 5 7 1082 6 7 541 7 7 541 9 7 5410 10 7 7033 0 8 30 1 8 15 7 8 15 8 8 30 9 8 15 0 9 3 3 9 3 4 9 9 5 9 3 6 9 9 7 9 88 8 9 3 9 9 3 10 9 3 0 10 21 1 10 42 3 10 21 4 10 21 8 10 21 9 10 21
192 1648374 1 1 1 1 2 46
193 1648389 1 1 1 5 6 15234
194 1648900 1 1 1 8 9 226
195 1650575 1 1 1 6 2 124
196 1650680 1 1 1 7 5 179
197 1651528 2 2 1 5 0 5707 10 0 5707
198 1654935 5 5 1 0 8 1 3 8 1 4 8 1 5 8 1 6 8 1
199 1706950 55 11 10 0 0 13 1 0 7 2 0 5 3 0 2 5 0 10 8 0 2 9 0 2 0 1 3 3 1 3 4 1 3 7 1 3 10 1 14 4 2 2567 6 2 2567 8 2 2567 9 2 10270 1 3 161 2 3 646 5 3 161 6 3 969 0 4 6 1 4 20 2 4 6 6 4 6 7 4 6 10 4 13 2 5 135 3 5 271 4 5 271 6 5 815 8 5 135 9 5 135 0 7 94 1 7 94 5 7 94 7 7 94 0 8 25 4 8 38 7 8 12 8 8 12 9 8 38 10 8 12 2 9 12 3 9 12 5 9 63 6 9 25 7 9 25 9 9 12 10 9 12 1 10 14 3 10 56 4 10 28 5 10 28 8 10 14 10 10 112
200 1736410 32 8 7 1 1 44 2 1 931 3 1 44 6 1 44 7 1 44 8 1 44 9 1 44 7 2 20 8 2 10 9 2 10 0 3 2 1 3 2 6 3 2 9 3 2 2 5 4352 3 5 136 6 5 272 0 6 10 1 6 10 2 6 10 3 6 32 7 6 10 8 6 21 0 9 89 1 9 11 9 9 11 0 10 722 2 10 180 3 10 180 6 10 541 7 10 361 8 10 180
201 1738378 3 3 1 4 7 41 6 7 248 9 7 41
202 1739647 1 1 1 2 2 98
203 1792386 66 11 11 0 0 1000 1 0 500 4 0 500 6 0 500 7 0 500 8 0 500 10 0 500 0 1 1 2 1 1 3 1 1 4 1 3 5 1 94 10 1 6 0 2 16 1 2 16 2 2 16 3 2 32 4 2 49 5 2 32 7 2 16 10 2 16 1 3 1 3 3 15 5 3 1 6 3 1 8 3 1 9 3 1 2 4 2157 6 4 719 7 4 359 8 4 3596 9 4 1438 10 4 11147 0 5 59 1 5 59 2 5 59 6 5 59 7 5 179 9 5 119 10 5 59 2 6 59 5 6 3 8 6 83 0 7 18 1 7 9 3 7 45 4 7 9 6 7 4 7 7 13 3 8 19 4 8 19 5 8 19 8 8 39 9 8 19 0 9 1 2 9 3 3 9 1 4 9 1 8 9 1 9 9 1 10 9 1 1 10 1 5 10 1 6 10 1 7 10 7 9 10 1
204 1792492 1 1 1 4 10 144
205 1895579 121 11 11 0 0 5 1 0 2 2 0 2 3 0 10 4 0 7 5 0 5 6 0 10 7 0 7 8 0 31 9 0 2 10 0 2 0 1 21 1 1 21 2 1 43 3 1 21 4 1 65 5 1 21 6 1 43 7 1 21 8 1 87 9 1 21 10 1 21 0 2 13 1 2 13 2 2 13 3 2 26 4 2 26 5 2 52 6 2 13 7 2 13 8 2 13 9 2 13 10 2 26 0 3 437 1 3 437 2 3 437 3 3 874 4 3 2624 5 3 1312 6 3 437 7 3 1749 8 3 2624 9 3 437 10 3 437 0 4 813 1 4 187 2 4 62 3 4 62 4 4 5320 5 4 250 6 4 187 7 4 62 8 4 250 9 4 62 10 4 62 0 5 12 1 5 1 2 5 1 3 5 2 4 5 1 5 5 2 6 5 1 7 5 8 8 5 5 9 5 1 10 5 1 0 6 3 1 6 3 2 6 3 3 6 6 4 6 17 5 6 3 6 6 10 7 6 6 8 6 3 9 6 41 10 6 3 0 7 985 1 7 492 2 7 492 3 7 1970 4 7 492 5 7 1477 6 7 3448 7 7 492 8 7 492 9 7 492 10 7 492 0 8 1 1 8 2 2 8 1 3 8 1 4 8 1 5 8 1 6 8 2 7 8 1 8 8 8 9 8 1 10 8 1 0 9 56 1 9 28 2 9 56 3 9 28 4 9 28 5 9 28 6 9 56 7 9 28 8 9 28 9 9 28 10 9 28 0 10 8 1 10 25 2 10 47 3 10 2 4 10 2 5 10 2 6 10 2 7 10 112 8 10 2 9 10 2 10 10 2
206 1898524 1 1 1 7 2 2913
207 1899632 2 2 1 6 9 58 8 9 58
208 1911254 11 1 11 1 0 170 1 1 8 1 2 68 1 3 34 1 4 49 1 5 215 1 6 13 1 7 93 1 8 2337 1 9 7952 1 10 71
209 1913304 3 3 1 4 8 4 7 8 4 9 8 83
210 1935557 32 8 8 3 1 18 9 1 37 3 2 98 7 2 49 8 2 394 9 2 148 10 2 49 2 4 4 3 4 4 4 4 4 8 4 8 10 4 4 1 6 30 4 6 3 7 6 6 8 6 3 9 6 3 10 6 20 1 7 112 2 7 22 4 7 78 8 7 11 1 8 3 2 8 36 10 8 3 1 9 194 4 9 973 7 9 1363 9 9 194 2 10 250 3 10 1002 7 10 250
211 1935910 1 1 1 0 6 42
212 1936017 1 1 1 7 0 2285
213 1936214 1 1 1 7 3 174
214 1936424 1 1 1 10 3 106
215 1992360 66 11 11 1 0 2 2 0 24 3 0 1 4 0 1 5 0 1 7 0 1 9 0 1 10 0 1 1 1 56 2 1 56 4 1 56 6 1 56 7 1 56 8 1 56 0 2 4346 2 2 2173 3 2 2173 5 2 4346 10 2 2173 0 3 2 2 3 1 5 3 1 10 3 1 0 4 165 5 4 165 6 4 165 8 4 2153 9 4 331 0 5 8 1 5 52 5 5 43 6 5 8 8 5 17 10 5 26 0 6 5 1 6 11 2 6 22 3 6 22 4 6 5 6 6 5 7 6 5 8 6 5 9 6 5 3 7 822 4 7 822 8 7 5759 9 7 1645 1 8 1142 5 8 1142 6 8 2284 7 8 2284 8 8 2284 10 8 1142 0 9 2 3 9 26 4 9 2 6 9 2 7 9 5 9 9 2 10 9 2 1 10 7 2 10 1 3 10 1 4 10 1 7 10 1 9 10 1
216 1994517 1 1 1 10 4 14
217 1999451 1 1 1 4 3 72
218 2052315 44 4 11 0 0 128 3 0 64 5 0 64 10 0 64 0 1 13 3 1 13 5 1 13 10 1 54 0 2 2662 3 2 443 5 2 443 10 2 443 0 3 2 3 3 2 5 3 11 10 3 11 0 4 16 3 4 16 5 4 49 10 4 16 0 5 240 3 5 20 5 5 20 10 5 60 0 6 3 3 6 6 5 6 13 10 6 124 0 7 12 3 7 12 5 7 12 10 7 12 0 8 1 3 8 1 5 8 1 10 8 1 0 9 9 3 9 18 5 9 9 10 9 9 0 10 38 3 10 305 5 10 38 10 10 38
219 2061042 11 1 11 6 0 61 6 1 16 6 2 161 6 3 10190 6 4 19 6 5 17894 6 6 223 6 7 54 6 8 11681 6 9 8961 6 10 19602
220 2064053 4 4 1 0 7 6 4 7 6 5 7 39 6 7 13
221 2066196 3 3 1 2 10 108 7 10 36 8 10 36
222 2066650 1 1 1 0 0 6623
223 2069383 1 1 1 9 0 102
224 2069930 1 1 1 8 8 99
225 2077268 6 3 3 2 8 6 4 8 3 9 8 1 2 9 73 4 10 112 9 10 112
226 2077330 1 1 1 5 5 47
227 2089996 11 1 11 8 0 204 8 1 3958 8 2 24 8 3 83 8 4 3060 8 5 80 8 6 146 8 7 72 8 8 6253 8 9 9543 8 10 54
228 2090226 1 1 1 3 4 427
229 2090249 1 1 1 5 0 27435
230 2092886 5 5 1 0 0 4 2 0 4 4 0 4 8 0 4 9 0 4
231 2095625 2 2 1 1 1 5069 9 1 5069
232 2106449 11 1 11 3 0 7 3 1 6109 3 2 100 3 3 19586 3 4 331 3 5 1452 3 6 42 3 7 35 3 8 25 3 9 187 3 10 972
233 2116780 11 1 11 0 0 49 0 1 132 0 2 40 0 3 106 0 4 665 0 5 416 0 6 22 0 7 682 0 8 51 0 9 244 0 10 68
234 2122574 11 1 11 4 0 11320 4 1 2954 4 2 55 4 3 136 4 4 12 4 5 38 4 6 50 4 7 1213 4 8 70 4 9 21870 4 10 62
235 2128052 3 3 1 0 4 1 4 4 9 7 4 14
236 2129440 1 1 1 4 1 3
237 2154528 22 2 11 5 0 39 7 0 39 5 1 256 7 1 64 5 2 50 7 2 1 5 3 52 7 3 26 5 4 6 7 4 2 5 5 85 7 5 28 5 6 1730 7 6 3460 5 7 1940 7 7 3233 5 8 2 7 8 49 5 9 49 7 9 148 5 10 29828 7 10 3314
238 2162219 9 9 2 2 3 8 3 3 17 4 3 8 6 3 8 8 3 8 0 4 35 1 4 105 7 4 105 9 4 105
239 2162878 1 1 1 5 8 112
240 2166726 2 2 2 8 4 15185 4 5 55
241 2273641 121 11 11 0 0 7 1 0 21 2 0 21 3 0 3 4 0 3 5 0 3 6 0 3 7 0 31 8 0 10 9 0 3 10 0 14 0 1 3 1 1 3 2 1 3 3 1 3 4 1 3 5 1 3 6 1 12 7 1 9 8 1 6 9 1 3 10 1 3 0 2 3 1 2 3 2 2 7 3 2 33 4 2 3 5 2 7 6 2 18 7 2 3 8 2 18 9 2 3 10 2 3 0 3 842 1 3 842 2 3 842 3 3 842 4 3 842 5 3 842 6 3 842 7 3 5052 8 3 842 9 3 842 10 3 2526 0 4 149 1 4 74 2 4 223 3 4 149 4 4 74 5 4 74 6 4 74 7 4 149 8 4 74 9 4 1789 10 4 74 0 5 185 1 5 46 2 5 46 3 5 277 4 5 46 5 5 46 6 5 46 7 5 46 8 5 138 9 5 46 10 5 92 0 6 9 1 6 9 2 6 9 3 6 29 4 6 58 5 6 9 6 6 58 7 6 19 8 6 9 9 6 9 10 6 9 0 7 427 1 7 284 2 7 142 3 7 569 4 7 142 5 7 142 6 7 284 7 7 284 8 7 142 9 7 142 10 7 142 0 8 11836 1 8 11836 2 8 11836 3 8 11836 4 8 11836 5 8 23672 6 8 11836 7 8 23672 8 8 11836 9 8 11836 10 8 23672 0 9 131 1 9 262 2 9 131 3 9 394 4 9 131 5 9 131 6 9 131 7 9 262 8 9 131 9 9 131 10 9 131 0 10 7 1 10 1 2 10 1 3 10 1 4 10 1 5 10 1 6 10 1 7 10 1 8 10 1 9 10 1 10 10 1
242 2273757 1 1 1 10 8 90
243 2275097 1 1 1 9 7 439
244 2277451 3 3 1 7 3 4 8 3 1 10 3 1
245 2284984 11 1 11 2 0 19636 2 1 629 2 2 1254 2 3 41 2 4 316 2 5 200 2 6 5 2 7 191 2 8 176 2 9 87 2 10 6
246 2286556 2 2 1 0 8 42 6 8 42
247 2286728 1 1 1 5 7 96
248 2315686 28 7 7 3 0 6093 4 0 4062 10 0 2031 1 1 16 3 1 16 4 1 16 8 1 16 9 1 49 1 3 5 2 3 5 8 3 5 9 3 53 10 3 53 2 5 76 4 5 230 8 7 2017 9 7 2017 10 7 2017 1 9 5020 2 9 1673 3 9 1673 4 9 1673 9 9 1673 1 10 22 2 10 22 3 10 44 8 10 44 10 10 22
249 2317766 1 1 1 8 3 8960
250 2318286 1 1 1 9 7 6017
251 2318979 1 1 1 7 0 1701
252 2319593 1 1 1 1 3 41
253 2325943 11 1 11 0 0 224 0 1 177 0 2 40 0 3 98 0 4 181 0 5 9632 0 6 124 0 7 107 0 8 85 0 9 6122 0 10 6358
254 2326131 2 2 2 0 1 220 7 2 117
255 2326371 1 1 1 10 9 160
256 2326421 1 1 1 8 5 175
257 2327713 3 3 1 1 10 1 3 10 68 6 10 1
258 2328132 1 1 1 1 5 185
259 2333055 4 4 1 6 10 66 7 10 33 8 10 100 9 10 33
260 2395890 77 7 11 0 0 21 2 0 14 3 0 36 5 0 7 6 0 7 8 0 7 10 0 7 0 1 61 2 1 15 3 1 91 5 1 15 6 1 91 8 1 15 10 1 15 0 2 44 2 2 2 3 2 2 5 2 2 6 2 2 8 2 5 10 2 36 0 3 22 2 3 5 3 3 168 5 3 2 6 3 2 8 3 2 10 3 11 0 4 32 2 4 1 3 4 4 5 4 1 6 4 1 8 4 1 10 4 1 0 5 265 2 5 265 3 5 265 5 5 265 6 5 265 8 5 265 10 5 265 0 6 2468 2 6 2468 3 6 2468 5 6 2468 6 6 2468 8 6 4936 10 6 2468 0 7 960 2 7 1921 3 7 960 5 7 2881 6 7 960 8 7 960 10 7 960 0 8 12 2 8 25 3 8 12 5 8 18 6 8 12 8 8 12 10 8 12 0 9 15 2 9 62 3 9 15 5 9 15 6 9 15 8 9 46 10 9 62 0 10 11 2 10 23 3 10 23 5 10 34 6 10 11 8 10 11 10 10 11
261 2429793 44 4 11 0 0 8 2 0 43 5 0 17 6 0 8 0 1 39 2 1 19 5 1 117 6 1 19 0 2 38 2 2 38 5 2 38 6 2 77 0 3 72 2 3 14 5 3 14 6 3 14 0 4 15 2 4 5 5 4 5 6 4 25 0 5 31 2 5 62 5 5 31 6 5 62 0 6 475 2 6 1902 5 6 475 6 6 475 0 7 46 2 7 31 5 7 15 6 7 15 0 8 3 2 8 3 5 8 10 6 8 3 0 9 43 2 9 43 5 9 43 6 9 43 0 10 5 2 10 15 5 10 5 6 10 5
262 2429993 1 1 1 2 8 2632
263 2452811 33 3 11 1 0 7 8 0 7 9 0 166 1 1 70 8 1 47 9 1 23 1 2 55 8 2 111 9 2 55 1 3 23 8 3 23 9 3 23 1 4 1 8 4 2 9 4 42 1 5 1321 8 5 1321 9 5 1321 1 6 93 8 6 93 9 6 31 1 7 77 8 7 25 9 7 12 1 8 4 8 8 4 9 8 20 1 9 35 8 9 35 9 9 35 1 10 164 8 10 82 9 10 82
264 2453491 1 1 1 10 5 94
265 2498532 33 11 6 2 0 8 5 0 16 7 0 24 8 0 16 9 0 32 10 0 8 0 1 75 2 1 1 3 1 1 5 1 1 6 1 1 0 3 148 4 3 148 5 3 148 8 3 148 10 3 148 1 7 35 3 7 17 4 7 53 6 7 53 7 7 17 9 7 35 0 9 8 1 9 4 2 9 26 3 9 4 4 9 4 6 9 13 10 9 4 1 10 2132 7 10 1066 8 10 1066 9 10 1066
266 2498610 1 1 1 4 3 5
267 2499345 1 1 1 7 0 100
268 2500690 2 1 2 7 0 114 7 5 1932
269 2501550 1 1 1 7 4 279
270 2501792 1 1 1 9 5 47
271 2502075 1 1 1 6 9 72
272 2502312 1 1 1 4 8 1240
273 2508151 8 8 1 0 10 2 3 10 1 4 10 2 5 10 1 6 10 1 7 10 1 8 10 4 9 10 2
274 2514406 8 4 4 5 1 15 6 1 47 9 1 15 0 5 27 9 5 83 0 6 61 5 9 114 6 9 57
275 2514784 1 1 1 0 10 182
276 2515667 1 1 1 2 7 223
277 2518005 1 1 1 6 2 201
278 2518730 1 1 1 3 1 9789
279 2525673 5 5 1 0 2 11 1 2 22 4 2 11 5 2 11 9 2 34
280 2529062 1 1 1 8 10 80
281 2530809 2 2 1 1 0 16653 3 0 16653
282 2530881 1 1 1 8 5 146
283 2534417 2 2 1 0 6 25 4 6 16
284 2535396 1 1 1 6 6 276
285 2539318 4 4 1 1 2 8 2 2 43 4 2 105 9 2 8
286 2546319 11 1 11 5 0 154 5 1 59 5 2 88 5 3 678 5 4 16 5 5 1289 5 6 19 5 7 1702 5 8 120 5 9 59 5 10 289
287 2553486 8 8 1 0 4 3417 1 4 854 3 4 7690 4 4 854 5 4 1708 7 4 2563 8 4 854 9 4 1708
288 2558729 3 1 3 4 0 2705 4 5 83 4 9 601
289 2570787 11 11 1 0 5 2 1 5 2 2 5 2 3 5 2 4 5 2 5 5 2 6 5 2 7 5 2 8 5 2 9 5 2 10 5 28
290 2579582 11 1 11 8 0 39 8 1 79 8 2 71 8 3 5 8 4 14 8 5 108 8 6 118 8 7 71 8 8 20 8 9 49 8 10 168
291 2579762 1 1 1 2 10 95
292 2588911 11 1 11 0 0 62 0 1 103 0 2 96 0 3 6047 0 4 2237 0 5 24914 0 6 15767 0 7 104 0 8 152 0 9 134 0 10 353
293 2599036 11 1 11 7 0 63 7 1 79 7 2 53 7 3 226 7 4 61 7 5 150 7 6 115 7 7 9266 7 8 104 7 9 100 7 10 9574
294 2651715 55 11 10 0 0 4 1 0 1 4 0 13 6 0 2 10 0 1 1 1 13 2 1 13 3 1 13 4 1 52 7 1 13 10 1 13 0 2 4 4 2 4 5 2 4 9 2 9 0 3 1126 2 3 1126 6 3 3379 7 3 2253 8 3 1126 2 4 668 3 4 1337 4 4 1337 6 4 668 8 4 668 1 5 2141 2 5 4282 3 5 1070 5 5 1070 7 5 4282 8 5 1070 10 5 1070 0 6 5 1 6 10 3 6 10 6 6 5 8 6 1301 9 6 5 2 7 94 5 7 63 8 7 31 9 7 63 4 9 5 5 9 45 6 9 5 7 9 17 9 9 11 10 9 5 0 10 1221 1 10 2442 3 10 1221 5 10 1221 7 10 7328 9 10 1221 10 10 1221
295 2651854 1 1 1 9 2 74
296 2659137 6 3 3 6 1 42 9 1 42 6 5 1314 10 5 1314 9 7 29 10 7 59
297 2659222 1 1 1 6 7 98
298 2659270 1 1 1 6 0 89
299 2661910 1 1 1 8 9 71
300 2663181 1 1 1 6 8 233
301 2663617 2 2 1 2 9 393 6 9 393
302 2665506 2 2 2 8 4 21 3 6 198
303 2675189 11 1 11 4 0 186 4 1 2394 4 2 318 4 3 6279 4 4 22890 4 5 22 4 6 210 4 7 38991 4 8 54 4 9 4880 4 10 6553
304 2677202 1 1 1 2 3 192
305 2678154 1 1 1 2 8 66452
306 2681798 3 3 1 5 6 1018 6 6 8144 7 6 1018
307 2681831 1 1 1 10 6 2341
308 2686849 6 6 1 0 3 4520 2 3 282 5 3 282 6 3 2260 7 3 282 9 3 282
309 2687067 1 1 1 5 9 77
310 2693575 11 11 2 3 1 173 4 1 346 5 1 173 6 1 173 10 1 173 0 6 7 1 6 7 2 6 50 7 6 7 8 6 7 9 6 7
311 2742755 55 11 10 2 0 858 4 0 858 5 0 858 7 0 858 8 0 3435 9 0 858 0 1 1 2 1 2 5 1 1 6 1 1 7 1 1 8 1 2 0 2 659 1 2 659 2 2 1978 4 2 5277 9 2 659 0 3 1815 1 3 1815 3 3 1815 6 3 1815 7 3 1815 9 3 1815 10 3 1815 0 4 8 1 4 8 3 4 8 4 4 8 5 4 8 8 4 17 10 4 17 1 5 1 3 5 36 5 5 1 6 5 1 10 5 1 2 6 6 4 6 6 6 6 41 7 6 20 8 6 20 9 6 13 1 7 140 3 7 140 7 7 140 10 7 280 2 8 333 4 8 4112 5 8 194 6 8 27 9 8 55 10 8 55 0 9 6 3 9 6 8 9 103
312 2742793 1 1 1 4 4 14
313 2755673 18 9 3 0 1 34 5 1 17 8 1 17 1 3 30 3 3 30 4 3 30 6 3 30 7 3 61 8 3 122 10 3 30 0 9 27 1 9 13 3 9 13 4 9 13 5 9 55 6 9 41 7 9 27 10 9 13
314 2756089 1 1 1 3 8 37
315 2818010 66 6 11 1 0 12 2 0 6 3 0 12 4 0 30 5 0 12 8 0 6 1 1 1 2 1 1 3 1 87 4 1 1 5 1 1 8 1 1 1 2 3 2 2 7 3 2 11 4 2 3 5 2 31 8 2 7 1 3 250 2 3 8030 3 3 752 4 3 250 5 3 250 8 3 250 1 4 100 2 4 1 3 4 2 4 4 4 5 4 1 8 4 5 1 5 13 2 5 13 3 5 13 4 5 39 5 5 13 8 5 13 1 6 1 2 6 1 3 6 1 4 6 1 5 6 1 8 6 1 1 7 1 2 7 3 3 7 2 4 7 1 5 7 1 8 7 1 1 8 13 2 8 13 3 8 13 4 8 13 5 8 13 8 8 26 1 9 77 2 9 23 3 9 15 4 9 7 5 9 7 8 9 7 1 10 6 2 10 43 3 10 6 4 10 6 5 10 6 8 10 6
316 2820803 3 3 1 0 9 7 1 9 71 3 9 35
317 2824002 2 2 1 5 10 63 7 10 2
318 2830990 11 1 11 9 0 21 9 1 18 9 2 212 9 3 236 9 4 79 9 5 230 9 6 60 9 7 3025 9 8 21822 9 9 183 9 10 3069
319 2884560 55 5 11 3 0 6 4 0 13 6 0 34 7 0 47 10 0 86 3 1 1204 4 1 1204 6 1 1204 7 1 3612 10 1 2408 3 2 7 4 2 43 6 2 21 7 2 14 10 2 7 3 3 18 4 3 6 6 3 6 7 3 6 10 3 6 3 4 296 4 4 2077 6 4 296 7 4 1780 10 4 296 3 5 870 4 5 261 6 5 43 7 5 87 10 5 87 3 6 30 4 6 6 6 6 24 7 6 12 10 6 6 3 7 15 4 7 31 6 7 15 7 7 62 10 7 31 3 8 5 4 8 13 6 8 1 7 8 2 10 8 1 3 9 159 4 9 318 6 9 318 7 9 159 10 9 478 3 10 9 4 10 9 6 10 65 7 10 9 10 10 18
320 2892365 6 3 3 5 4 49 6 4 49 7 4 12 6 8 14176 5 10 547 7 10 730
321 2892598 1 1 1 2 9 151
322 2892883 1 1 1 8 0 11966
323 2893664 1 1 1 8 1 13877
324 2916660 22 2 11 4 0 242 5 0 121 4 1 11 5 1 47 4 2 11 5 2 11 4 3 34 5 3 68 4 4 72 5 4 6 4 5 84 5 5 169 4 6 45 5 6 6 4 7 6535 5 7 6535 4 8 31 5 8 31 4 9 13 5 9 78 4 10 7114 5 10 7114
325 2918156 2 2 1 5 8 14 8 8 21
326 2919907 2 2 2 3 1 37 1 3 101
327 2920177 3 3 1 4 9 69 7 9 416 8 9 138
328 2921110 1 1 1 10 10 41
329 2924677 2 2 1 1 7 4 9 7 4
330 2930630 8 8 1 0 4 8 1 4 17 3 4 8 4 4 106 6 4 17 7 4 8 8 4 8 10 4 8
331 2944009 18 6 6 3 1 11 5 1 34 6 1 56 0 3 9141 5 3 18282 10 3 9141 1 5 11 3 5 23 6 5 47 10 5 11 0 6 100 1 6 100 10 6 100 0 7 86 1 10 22 3 10 22 5 10 45 6 10 22
332 2954953 11 1 11 7 0 48 7 1 672 7 2 105 7 3 560 7 4 242 7 5 83 7 6 4767 7 7 151 7 8 76 7 9 111 7 10 42
333 2955498 1 1 1 4 6 11
334 2962633 11 1 11 4 0 88 4 1 598 4 2 51 4 3 1647 4 4 4033 4 5 94 4 6 2669 4 7 157 4 8 119 4 9 111 4 10 11
335 2962647 1 1 1 7 6 7142
336 2966407 6 3 3 6 3 7398 9 3 1849 3 5 83 9 5 2 3 9 1085 6 9 542
337 2974975 11 11 1 0 7 424 1 7 212 2 7 7649 3 7 212 4 7 212 5 7 212 6 7 13599 7 7 212 8 7 424 9 7 424 10 7 212
338 2978481 4 4 1 0 0 1 1 0 69 4 0 13 10 0 1
339 2978902 1 1 1 7 10 99
340 2982588 1 1 1 6 1 639
341 2984283 1 1 1 6 2 112
342 2984567 1 1 1 7 2 24
343 2985834 1 1 1 3 9 48
344 2987696 1 1 1 7 7 66
345 3001674 11 11 2 1 5 1092 3 5 1092 4 5 1092 5 5 2184 7 5 1092 0 8 3 2 8 3 6 8 6 8 8 3 9 8 3 10 8 68
346 3002207 1 1 1 0 4 46
347 3009039 11 11 1 0 0 1 1 0 1 2 0 1 3 0 1 4 0 1 5 0 64 6 0 1 7 0 1 8 0 2 9 0 1 10 0 3
348 3009701 1 1 1 9 6 99
349 3010031 1 1 1 9 1 2491
350 3018736 11 1 11 4 0 32 4 1 43 4 2 45 4 3 7270 4 4 72 4 5 71 4 6 71 4 7 82 4 8 10 4 9 209 4 10 238
351 3022712 3 3 1 2 7 10 3 7 10 7 7 50
352 3024338 1 1 1 10 8 39084
353 3024545 2 2 1 0 8 60 6 8 2
354 3039854 11 1 11 5 0 199 5 1 399 5 2 1244 5 3 54 5 4 12106 5 5 20 5 6 473 5 7 19477 5 8 149 5 9 10190 5 10 112
355 3042228 1 1 1 0 1 56
356 3045269 2 2 1 1 3 36 3 3 9
357 3048786 3 3 2 1 4 1 9 4 9 5 10 22166
358 3048810 1 1 1 1 9 34
359 3057101 18 6 6 2 0 470 5 0 1412 7 0 1883 8 0 941 0 1 5397 2 1 5397 5 1 5397 0 5 20 2 5 20 3 5 20 8 5 20 3 8 19 7 8 38 0 9 41 3 9 41 5 9 8 7 9 8 8 10 5
360 3063166 2 2 1 1 6 883 7 6 1766
361 3065713 3 3 1 4 4 13 8 4 27 9 4 13
362 3068668 2 2 1 1 3 8913 3 3 8913
363 3069568 1 1 1 2 8 95
364 3070350 1 1 1 2 3 211
365 3071030 1 1 1 2 7 64
366 3084086 11 1 11 9 0 8 9 1 55 9 2 4006 9 3 7 9 4 99682 9 5 219 9 6 62 9 7 193 9 8 47 9 9 22 9 10 309
367 3084584 1 1 1 4 9 394
368 3088515 2 2 1 5 10 207 9 10 414
369 3121239 44 4 11 4 0 8 8 0 8 9 0 8 10 0 62 4 1 5 8 1 1739 9 1 1 10 1 1 4 2 17 8 2 1 9 2 1 10 2 1 4 3 4 8 3 29 9 3 8 10 3 4 4 4 33 8 4 33 9 4 33 10 4 67 4 5 4 8 5 4 9 5 4 10 5 4 4 6 7 8 6 3 9 6 7 10 6 131 4 7 237 8 7 713 9 7 237 10 7 237 4 8 52 8 8 13 9 8 131 10 8 13 4 9 21 8 9 54 9 9 1258 10 9 10 4 10 15 8 10 15 9 10 15 10 10 15
370 3135166 22 2 11 2 0 3660 5 0 1220 2 1 44 5 1 22 2 2 36 5 2 254 2 3 105 5 3 211 2 4 203 5 4 406 2 5 39 5 5 39 2 6 85 5 6 85 2 7 131 5 7 917 2 8 7873 5 8 7873 2 9 201 5 9 2013 2 10 87 5 10 43
371 3136908 1 1 1 1 6 8483
372 3137806 1 1 1 10 2 6171
373 3138423 1 1 1 2 6 143
374 3142613 6 6 1 0 3 283 3 3 12 5 3 12 6 3 12 9 3 24 10 3 86
375 3142728 1 1 1 7 7 90
376 3143452 1 1 1 4 10 92
377 3144160 1 1 1 3 7 4699
378 3154974 11 1 11 7 0 15841 7 1 135 7 2 56 7 3 204 7 4 469 7 5 29 7 6 955 7 7 79 7 8 33 7 9 142 7 10 9025
379 3166638 11 1 11 7 0 104 7 1 5133 7 2 58 7 3 43 7 4 78 7 5 54 7 6 29 7 7 53 7 8 67 7 9 114 7 10 7
380 3173690 9 9 1 0 8 2 1 8 2 2 8 4 4 8 15 6 8 4 7 8 2 8 8 2 9 8 17 10 8 2
381 3182736 5 5 2 7 6 97 10 6 146 5 8 4604 6 8 11510 8 8 9208
382 3195826 11 1 11 2 0 145 2 1 136 2 2 215 2 3 203 2 4 77 2 5 8986 2 6 81 2 7 3032 2 8 104 2 9 9644 2 10 398
383 3198366 2 2 2 0 4 134 1 7 74
384 3198383 1 1 1 9 8 4876
385 3201293 2 2 1 0 4 158 9 4 17
386 3229405 33 3 11 5 0 1410 7 0 1410 10 0 1410 5 1 9 7 1 27 10 1 9 5 2 56 7 2 56 10 2 170 5 3 2190 7 3 2190 10 3 2190 5 4 1694 7 4 5083 10 4 1694 5 5 11 7 5 44 10 5 11 5 6 793 7 6 2379 10 6 793 5 7 4 7 7 4 10 7 18 5 8 8 7 8 2 10 8 2 5 9 2 7 9 6 10 9 2 5 10 5695 7 10 2847 10 10 2847
387 3232858 2 2 1 2 10 7 5 10 65
388 3235025 2 2 1 3 9 1 9 9 20
389 3235089 1 1 1 7 9 116
390 3335177 121 11 11 0 0 1 1 0 1 2 0 1 3 0 1 4 0 1 5 0 3 6 0 5 7 0 1 8 0 1 9 0 1 10 0 1 0 1 4 1 1 4 2 1 4 3 1 4 4 1 4 5 1 4 6 1 4 7 1 4 8 1 4 9 1 9 10 1 9 0 2 949 1 2 474 2 2 949 3 2 949 4 2 949 5 2 474 6 2 1424 7 2 474 8 2 1424 9 2 474 10 2 474 0 3 33 1 3 6 2 3 3 3 3 6 4 3 3 5 3 3 6 3 3 7 3 3 8 3 3 9 3 6 10 3 12 0 4 2 1 4 4 2 4 15 3 4 1 4 4 1 5 4 1 6 4 2 7 4 1 8 4 1 9 4 1 10 4 1 0 5 3 1 5 3 2 5 3 3 5 1 4 5 1 5 5 5 6 5 5 7 5 5 8 5 1 9 5 5 10 5 1 0 6 30 1 6 7 2 6 7 3 6 15 4 6 7 5 6 7 6 6 7 7 6 7 8 6 7 9 6 7 10 6 7 0 7 1 1 7 3 2 7 1 3 7 1 4 7 15 5 7 1 6 7 1 7 7 1 8 7 4 9 7 1 10 7 1 0 8 1 1 8 27 2 8 1 3 8 1 4 8 1 5 8 1 6 8 1 7 8 1 8 8 1 9 8 1 10 8 1 0 9 1 1 9 6 2 9 1 3 9 3 4 9 3 5 9 1 6 9 1 7 9 3 8 9 9 9 9 3 10 9 1 0 10 1 1 10 1 2 10 1 3 10 1 4 10 1 5 10 1 6 10 1 7 10 1 8 10 1 9 10 174 10 10 1
391 3335635 1 1 1 0 3 142
392 3336132 1 1 1 0 5 143
393 3415830 88 11 11 0 0 1186 2 0 296 3 0 296 4 0 296 5 0 296 6 0 296 7 0 6523 8 0 296 9 0 296 10 0 2075 0 1 1 1 1 3 2 1 1 3 1 1 6 1 1 7 1 1 8 1 7 9 1 1 10 1 1 0 2 2 1 2 1 4 2 1 5 2 1 6 2 1 7 2 1 8 2 1 9 2 1 0 3 1 1 3 1 3 3 1 6 3 1 8 3 1 9 3 1 10 3 1 1 4 391 2 4 391 3 4 391 4 4 391 5 4 391 7 4 391 9 4 391 1 5 4 2 5 4 3 5 4 4 5 92 5 5 4 6 5 12 7 5 4 8 5 4 9 5 4 10 5 4 1 6 116 2 6 87 5 6 29 6 6 29 9 6 29 10 6 29 0 7 2096 2 7 1048 3 7 524 4 7 524 6 7 524 8 7 524 9 7 524 0 8 1 1 8 1 2 8 1 4 8 1 5 8 12 7 8 1 8 8 1 10 8 1 0 9 1 1 9 1 3 9 1 4 9 1 5 9 1 6 9 1 7 9 1 10 9 6 0 10 4 2 10 9 3 10 39 4 10 4 5 10 29 7 10 4 8 10 9 10 10 4
394 3426885 11 1 11 1 0 65 1 1 80 1 2 306 1 3 148 1 4 110 1 5 116 1 6 8165 1 7 89 1 8 204 1 9 53 1 10 1898
395 3427746 1 1 1 6 3 148
396 3429896 3 3 2 2 1 98 1 4 44 10 4 44
397 3430076 1 1 1 10 8 399
398 3430195 1 1 1 4 5 65
399 3430560 1 1 1 8 10 3422
400 3431304 4 4 1 0 7 29 4 7 9 5 7 9 8 7 9
401 3432946 1 1 1 10 8 228
402 3455763 22 2 11 1 0 8909 6 0 8909 1 1 96 6 1 48 1 2 2772 6 2 396 1 3 72 6 3 72 1 4 3 6 4 1 1 5 210 6 5 105 1 6 3989 6 6 1994 1 7 2426 6 7 9705 1 8 6356 6 8 6356 1 9 1 6 9 138 1 10 29 6 10 59
403 3458164 2 2 1 6 6 1 10 6 27
404 3467302 11 1 11 1 0 8317 1 1 126 1 2 125 1 3 2953 1 4 11431 1 5 2097 1 6 118 1 7 19 1 8 15758 1 9 51 1 10 64
405 3467807 1 1 1 1 0 8551
406 3469592 3 3 1 5 9 9 8 9 358 10 9 94
407 3472497 1 1 1 3 6 167
408 3475353 6 3 3 4 1 33 5 1 201 4 4 1966 5 4 3933 9 4 3933 9 6 115
409 3476317 1 1 1 0 0 14918
410 3483895 6 3 2 2 5 42 7 5 42 8 5 84 2 10 37 7 10 1 8 10 1
411 3486443 3 3 2 0 4 69 1 4 1 5 5 11
412 3519935 33 3 11 4 0 256 5 0 256 10 0 899 4 1 7 5 1 1 10 1 1 4 2 7 5 2 3 10 2 51 4 3 11 5 3 11 10 3 190 4 4 152 5 4 152 10 4 152 4 5 28 5 5 28 10 5 56 4 6 27 5 6 9 10 6 37 4 7 11052 5 7 11052 10 7 11052 4 8 5192 5 8 5192 10 8 5192 4 9 105 5 9 105 10 9 105 4 10 7 5 10 46 10 10 15
413 3529292 11 1 11 3 0 2491 3 1 106 3 2 11 3 3 69 3 4 187 3 5 3226 3 6 300 3 7 1646 3 8 3085 3 9 126 3 10 14941
414 3534086 5 5 1 2 3 25 5 3 100 6 3 25 7 3 25 9 3 25
415 3545517 11 11 1 0 2 2267 1 2 1360 2 2 1360 3 2 453 4 2 453 5 2 453 6 2 1360 7 2 907 8 2 453 9 2 1814 10 2 453
416 3546107 1 1 1 2 1 2127
417 3548300 1 1 1 1 9 21
418 3548410 1 1 1 5 6 27
419 3550307 1 1 1 0 6 22811
420 3550661 1 1 1 6 2 2
421 3550879 1 1 1 7 7 101
422 3551689 1 1 1 7 1 1627
423 3551903 1 1 1 7 8 7760
424 3552323 2 1 2 8 1 72 8 3 80
425 3556320 4 4 1 2 5 10456 3 5 10456 6 5 10456 8 5 10456
426 3560993 4 4 2 6 8 37 7 8 74 5 9 108 10 9 108
427 3564181 3 3 1 0 1 23 1 1 69 8 1 23
428 3564359 1 1 1 10 3 80
429 3564448 2 2 1 4 5 71 7 5 23
430 3575379 8 4 3 0 5 116 7 5 29 9 5 29 0 7 2 3 7 2 7 7 4 9 7 2 3 9 70
431 3575540 1 1 1 9 7 17
432 3624181 55 11 10 0 0 18 3 0 4 4 0 4 6 0 9 9 0 18 2 2 11 3 2 1 7 2 1 8 2 1 9 2 2 10 2 1 0 3 10 1 3 10 2 3 10 3 3 10 4 3 10 5 3 20 7 3 10 10 3 113 1 4 126 2 4 18 6 4 9 8 4 9 9 4 9 10 4 27 0 5 1130 2 5 565 4 5 565 5 5 565 6 5 5088 7 5 565 9 5 565 0 6 148 6 6 49 8 6 24 0 7 1679 5 7 1679 6 7 6717 8 7 1679 1 8 1 7 8 64 1 9 3 2 9 3 3 9 3 4 9 22 5 9 6 7 9 3 9 9 3 10 9 3 1 10 45 3 10 45 4 10 22 5 10 22 8 10 22 10 10 45
433 3627514 3 3 1 1 5 1960 4 5 7842 8 5 9803
434 3633167 11 1 11 10 0 12738 10 1 292 10 2 204 10 3 172 10 4 246 10 5 93 10 6 19 10 7 1346 10 8 93 10 9 80 10 10 86
435 3633212 1 1 1 9 8 82
436 3644842 11 1 11 9 0 195 9 1 135 9 2 61 9 3 99 9 4 47 9 5 655 9 6 12117 9 7 109 9 8 2421 9 9 1034 9 10 50
437 3646367 1 1 1 1 0 66431
438 3647178 1 1 1 3 8 99685
439 3648311 1 1 1 1 0 36
440 3648694 1 1 1 0 6 91
441 3650112 1 1 1 0 2 123
442 3653020 1 1 1 4 3 98
443 3653079 2 2 1 3 1 53 7 1 53
444 3653096 1 1 1 9 10 20
445 3655092 1 1 1 9 10 116
446 3655996 1 1 1 9 7 6060
447 3657336 1 1 1 0 8 66551
448 3660548 1 1 1 9 2 109
449 3683504 22 2 11 3 0 1985 10 0 3970 3 1 171 10 1 171 3 2 8 10 2 42 3 3 36 10 3 72 3 4 3 10 4 7 3 5 86 10 5 86 3 6 6346 10 6 6346 3 7 33 10 7 16 3 8 28471 10 8 71178 3 9 2595 10 9 2595 3 10 352 10 10 352
450 3685430 3 3 1 3 1 1165 7 1 2331 10 1 1165
451 3686231 2 2 1 8 7 72 10 7 48
452 3686382 1 1 1 7 2 39062
453 3694482 2 2 2 3 2 103 9 5 103
454 3706157 11 1 11 8 0 217 8 1 80 8 2 90 8 3 250 8 4 222 8 5 10216 8 6 27 8 7 327 8 8 1938 8 9 9 8 10 19618
455 3706380 1 1 1 8 3 2651
456 3707676 2 2 1 3 7 2041 9 7 2041
457 3708203 2 2 2 5 2 153 9 9 979
458 3710380 1 1 1 1 10 27
459 3711264 1 1 1 8 5 22
460 3723673 15 5 5 1 2 43 3 2 43 2 3 47 3 3 47 2 4 70 3 4 70 4 4 70 10 4 70 1 5 1 4 5 1 10 5 1 1 7 9784 2 7 4892 4 7 4892 10 7 4892
461 3723919 1 1 1 3 6 227
462 3724575 2 2 1 0 8 7 6 8 66
463 3725399 1 1 1 5 3 2
464 3726356 1 1 1 8 4 153
465 3727368 2 2 2 6 9 117 4 10 25314
466 3728100 1 1 1 1 9 44
467 3728135 1 1 1 1 7 8
468 3732291 3 3 1 4 5 3 6 5 3 7 5 3
469 3732849 1 1 1 8 6 2417
470 3733142 1 1 1 5 3 174
471 3736728 5 5 1 4 10 4 6 10 1 7 10 3 9 10 1 10 10 16
472 3738088 2 2 1 3 10 15 7 10 310
473 3742845 7 7 1 0 0 1 1 0 1 2 0 1 3 0 1 4 0 3 7 0 3 9 0 9
474 3743244 1 1 1 0 3 651
475 3744100 1 1 1 4 10 19643
476 3744433 1 1 1 3 2 11857
477 3747265 2 2 1 4 5 7486 10 5 1871
478 3748962 1 1 1 8 10 68
479 3749797 1 1 1 2 9 86
480 3756264 6 3 3 2 0 2644 8 0 2644 4 1 24 2 7 66 4 7 22 8 7 22
481 3756269 1 1 1 7 8 6
482 3756380 1 1 1 10 0 2976
483 3782264 22 2 11 1 0 545 7 0 109 1 1 3887 7 1 971 1 2 1499 7 2 1499 1 3 51 7 3 51 1 4 41 7 4 20 1 5 204 7 5 816 1 6 26 7 6 131 1 7 93 7 7 7 1 8 28 7 8 28 1 9 21 7 9 21 1 10 34 7 10 34
484 3782873 1 1 1 9 4 69
485 3784952 2 2 1 8 6 19 9 6 19
486 3785859 2 1 2 0 0 25 0 9 30
487 3788505 2 2 1 6 5 22 10 5 154
488 3789382 1 1 1 8 8 1328
489 3790266 2 2 1 3 6 486 10 6 486
490 3791381 1 1 1 2 2 2963
491 3792108 2 2 1 1 6 20 3 6 80
492 3792459 1 1 1 2 9 6037
493 3792642 1 1 1 7 4 2409
494 3793389 1 1 1 9 7 7125
495 3794444 1 1 1 8 5 98
496 3794778 3 3 1 0 0 8278 2 0 12417 3 0 12417
497 3795855 2 2 1 0 6 7 8 6 35
498 3799252 3 3 1 2 5 8 3 5 4 4 5 8
499 3799520 1 1 1 6 2 11401
500 3800699 1 1 1 6 5 44
501 3803501 1 1 1 5 10 7673
502 3804432 1 1 1 5 3 55
503 3806014 3 3 1 2 8 1044 3 8 15665 6 8 1044
504 3819442 11 1 11 1 0 552 1 1 1241 1 2 96 1 3 6 1 4 11 1 5 13092 1 6 59 1 7 459 1 8 7864 1 9 59 1 10 21
505 3832778 16 8 3 0 2 6 2 2 6 5 2 66 6 2 6 10 2 12 1 5 4 3 5 4 6 5 4 9 5 9 0 7 579 1 7 115 2 7 57 3 7 57 5 7 57 9 7 57 10 7 57
506 3832849 1 1 1 6 6 2293
507 3855910 22 2 11 6 0 51 9 0 51 6 1 2 9 1 40 6 2 51 9 2 51 6 3 20004 9 3 13336 6 4 9 9 4 18 6 5 2574 9 5 9011 6 6 145 9 6 145 6 7 19934 9 7 79738 6 8 50 9 8 7 6 9 72 9 9 72 6 10 15 9 10 15
508 3856529 1 1 1 3 10 166
509 3906670 66 11 11 0 0 1 2 0 46 3 0 22 5 0 1 10 0 1 3 1 2098 7 1 2098 10 1 2098 0 2 875 1 2 875 3 2 875 4 2 1751 5 2 875 7 2 875 8 2 875 10 2 875 0 3 10 2 3 30 3 3 30 4 3 10 6 3 10 7 3 10 9 3 20 0 4 175 2 4 1 3 4 1 4 4 3 6 4 1 8 4 1 9 4 1 0 5 1 4 5 1 5 5 10 7 5 1 8 5 1 9 5 1 10 5 1 1 6 4 2 6 4 4 6 4 6 6 13 7 6 4 8 6 4 9 6 4 1 7 10 5 7 16 8 7 54 1 8 76 2 8 76 3 8 153 5 8 76 6 8 76 7 8 76 9 8 76 10 8 76 0 9 14 1 9 105 2 9 21 4 9 21 6 9 14 9 9 7 1 10 59 5 10 59 6 10 59 8 10 59 10 10 59
510 3949964 42 6 11 2 0 19 4 0 19 6 0 19 8 0 19 9 0 39 2 1 1 4 1 2 7 1 2 9 1 3 2 2 25 7 2 10 6 3 16 7 3 16 8 3 48 9 3 16 2 4 119 4 4 19 7 4 19 8 4 19 9 4 39 2 5 1 4 5 6 6 5 27 7 5 1 9 5 6 2 6 48 6 6 24 4 7 7 6 7 7 7 7 7 8 7 7 6 8 2856 7 8 2856 8 8 2856 9 8 2856 4 9 37 8 9 12 2 10 1717 4 10 858 6 10 1717 8 10 858 9 10 858
511 3951770 1 1 1 9 9 172
512 3952364 1 1 1 7 1 108
513 3952614 1 1 1 0 2 15
514 3953042 1 1 1 7 7 112
515 3954781 3 3 1 2 5 5 6 5 5 7 5 5
516 3955158 1 1 1 4 4 10
517 3964742 11 1 11 2 0 1987 2 1 3867 2 2 12 2 3 62 2 4 213 2 5 27 2 6 6095 2 7 71 2 8 11843 2 9 82 2 10 4
518 3971574 11 11 2 2 3 59 3 3 1 7 3 1 8 3 1 9 3 1 10 3 1 0 6 4 1 6 4 4 6 4 5 6 4 6 6 4
519 3972075 1 1 1 1 9 83
520 3994675 33 3 11 0 0 77 4 0 77 8 0 77 0 1 1339 4 1 1339 8 1 1339 0 2 2 4 2 2 8 2 2 0 3 1254 4 3 29352 8 3 2508 0 4 9458 4 4 3783 8 4 1891 0 5 12 4 5 12 8 5 12 0 6 6 4 6 32 8 6 6 0 7 186 4 7 7 8 7 3 0 8 1 4 8 27 8 8 1 0 9 118 4 9 29 8 9 88 0 10 23 4 10 69 8 10 23
521 4011755 11 11 1 0 2 1 1 2 1 2 2 1 3 2 1 4 2 1 5 2 1 6 2 1 7 2 2 8 2 135 9 2 1 10 2 1
522 4013796 2 1 2 5 2 128 5 4 90
523 4020971 10 5 4 3 2 24 9 2 73 1 5 1 2 5 9 3 5 3 1 6 68 10 6 68 2 9 8337 9 9 8337 10 9 16675
524 4022855 1 1 1 1 10 36
525 4078050 66 11 11 2 0 1120 3 0 373 4 0 746 5 0 373 6 0 373 7 0 746 9 0 373 1 1 11 2 1 70 4 1 11 6 1 23 7 1 11 0 2 3558 2 2 3558 4 2 7116 5 2 3558 8 2 3558 10 2 3558 0 3 66 1 3 1 2 3 6 3 3 1 4 3 6 5 3 161 6 3 4 7 3 1 10 3 1 0 4 76 3 4 228 7 4 76 8 4 152 10 4 152 1 5 7 5 5 7 6 5 7 7 5 7 8 5 14 9 5 7 0 6 15 1 6 5 7 6 5 8 6 10 9 6 5 3 7 21 4 7 5 9 7 15 10 7 10 0 8 23 1 8 1 2 8 1 4 8 3 5 8 6 8 8 12 10 8 1 0 9 47 3 9 47 6 9 47 9 9 47 1 10 11 2 10 68 3 10 11 5 10 11 6 10 11 8 10 11 9 10 11 10 10 11
526 4096576 22 2 11 0 0 164 2 0 32 0 1 10 2 1 5 0 2 10 2 2 1 0 3 102 2 3 102 0 4 22 2 4 89 0 5 300 2 5 150 0 6 7888 2 6 7888 0 7 6961 2 7 1160 0 8 25 2 8 25 0 9 127 2 9 127 0 10 3 2 10 11
527 4102987 7 7 1 0 8 10 1 8 10 2 8 10 6 8 42 7 8 10 9 8 10 10 8 10
528 4105111 2 2 1 1 8 8 6 8 8
529 4109008 2 2 1 3 9 1 4 9 83
530 4117377 11 1 11 4 0 34 4 1 102 4 2 189 4 3 4857 4 4 1276 4 5 113 4 6 20303 4 7 53 4 8 53 4 9 388 4 10 71
531 4117896 1 1 1 10 4 56
532 4118470 1 1 1 8 2 3092
533 4145660 32 8 8 3 0 19 4 0 76 5 0 57 9 0 19 1 2 7 4 2 7 5 2 7 7 2 22 9 2 7 10 2 7 0 3 62 3 3 15 0 4 1 4 4 1 7 4 1 10 4 8 1 5 2044 3 5 2044 5 5 2044 7 5 2044 10 5 2044 1 6 3321 9 6 3321 0 8 10 3 8 10 5 8 10 7 8 10 9 8 10 10 8 21 0 10 188 1 10 62 4 10 62
534 4157744 11 11 1 0 4 7 1 4 2 2 4 15 3 4 5 4 4 2 5 4 2 6 4 2 7 4 23 8 4 2 9 4 5 10 4 2
535 4186356 33 3 11 2 0 49 4 0 295 8 0 196 2 1 130 4 1 130 8 1 130 2 2 30 4 2 30 8 2 30 2 3 2344 4 3 390 8 3 195 2 4 18 4 4 121 8 4 9 2 5 8768 4 5 35075 8 5 8768 2 6 478 4 6 478 8 6 478 2 7 33 4 7 2068 8 7 33 2 8 38 4 8 38 8 8 152 2 9 19 4 9 19 8 9 19 2 10 39 4 10 9 8 10 29
536 4238930 55 11 10 0 0 66 3 0 66 4 0 33 8 0 33 3 1 257 5 1 257 7 1 1031 8 1 7474 9 1 257 10 1 257 4 2 45 5 2 45 6 2 22 9 2 22 10 2 22 2 3 4 3 3 4 7 3 4 9 3 2 1 4 538 2 4 179 3 4 179 5 4 179 8 4 179 10 4 179 4 5 7 5 5 7 6 5 78 7 5 7 0 7 1 1 7 16 2 7 6 3 7 2 4 7 1 6 7 1 9 7 1 10 7 2 0 8 7 1 8 1 2 8 9 6 8 1 7 8 82 8 8 1 9 8 1 10 8 1 0 9 36 1 9 36 2 9 72 0 10 1422 1 10 1422 4 10 2844 5 10 1422 6 10 2844 7 10 1422 8 10 5689
537 4240522 1 1 1 10 6 131
538 4241794 1 1 1 5 3 73
539 4243045 1 1 1 6 6 38322
540 4244620 1 1 1 10 2 60
541 4245542 1 1 1 2 5 18
542 4262034 22 2 11 2 0 1285 3 0 3857 2 1 130 3 1 32 2 2 23 3 2 46 2 3 792 3 3 1189 2 4 4 3 4 4 2 5 3069 3 5 3069 2 6 297 3 6 297 2 7 91 3 7 91 2 8 16 3 8 16 2 9 62 3 9 20 2 10 55 3 10 55
543 4264552 3 1 3 6 5 8836 6 8 33 6 9 3954
544 4265379 1 1 1 0 4 114
545 4265516 1 1 1 8 5 24
546 4271360 7 7 1 0 7 6 1 7 6 4 7 12 5 7 12 6 7 96 9 7 6 10 7 12
547 4284311 11 11 1 0 1 2 1 1 2 2 1 34 3 1 2 4 1 2 5 1 2 6 1 2 7 1 2 8 1 2 9 1 13 10 1 2
548 4300718 22 11 4 2 2 130 3 2 26 4 2 65 5 2 13 6 2 13 7 2 65 8 2 13 9 2 13 2 6 2669 3 6 2669 0 9 19 1 9 19 10 9 19 0 10 1 1 10 2 4 10 1 5 10 6 6 10 2 7 10 1 8 10 1 9 10 1 10 10 14
549 4303720 1 1 1 9 1 81
550 4398808 121 11 11 0 0 3 1 0 25 2 0 3 3 0 10 4 0 3 5 0 3 6 0 7 7 0 3 8 0 3 9 0 3 10 0 3 0 1 14 1 1 14 2 1 14 3 1 14 4 1 14 5 1 14 6 1 14 7 1 14 8 1 14 9 1 29 10 1 88 0 2 1 1 2 1 2 2 1 3 2 1 4 2 1 5 2 1 6 2 1 7 2 9 8 2 1 9 2 1 10 2 1 0 3 3 1 3 4 2 3 1 3 3 15 4 3 1 5 3 1 6 3 6 7 3 1 8 3 1 9 3 6 10 3 44 0 4 30 1 4 4 2 4 4 3 4 8 4 4 4 5 4 4 6 4 4 7 4 4 8 4 4 9 4 4 10 4 8 0 5 5 1 5 5 2 5 2 3 5 5 4 5 2 5 5 2 6 5 11 7 5 2 8 5 11 9 5 2 10 5 5 0 6 69 1 6 139 2 6 69 3 6 69 4 6 69 5 6 69 6 6 139 7 6 139 8 6 69 9 6 69 10 6 69 0 7 9 1 7 29 2 7 9 3 7 29 4 7 9 5 7 9 6 7 9 7 7 48 8 7 29 9 7 9 10 7 9 0 8 1224 1 8 612 2 8 612 3 8 1836 4 8 612 5 8 612 6 8 1224 7 8 612 8 8 612 9 8 612 10 8 612 0 9 5 1 9 3 2 9 77 3 9 1 4 9 1 5 9 3 6 9 1 7 9 9 8 9 1 9 9 1 10 9 1 0 10 11 1 10 1 2 10 1 3 10 1 4 10 1 5 10 4 6 10 6 7 10 1 8 10 22 9 10 1 10 10 1
551 4406248 15 5 5 8 0 27 10 0 27 2 2 2243 7 2 4486 8 2 2243 6 3 149 7 3 12 8 3 12 2 5 80 6 5 80 10 5 80 2 7 124 6 7 124 7 7 248 10 7 124
552 4428840 22 2 11 0 0 47 10 0 143 0 1 39 10 1 6 0 2 3542 10 2 10627 0 3 53 10 3 53 0 4 159 10 4 159 0 5 339 10 5 5424 0 6 13 10 6 106 0 7 21 10 7 1 0 8 44 10 8 44 0 9 23 10 9 46 0 10 50 10 10 50
553 4435219 6 6 2 2 7 4813 4 7 2406 6 7 2406 0 8 34 5 8 34 9 8 34
554 4436583 2 2 1 6 10 16 7 10 16
555 4440228 4 2 3 3 1 5699 4 1 5699 3 2 91 4 8 17
556 4440872 1 1 1 9 1 10180
557 4441602 1 1 1 5 1 4205
558 4441646 1 1 1 7 8 1692
559 4442377 2 2 1 9 2 14 10 2 2
560 4442674 1 1 1 1 9 474
561 4444455 1 1 1 7 5 341
562 4450279 11 1 11 4 0 2058 4 1 15212 4 2 185 4 3 172 4 4 10 4 5 91 4 6 23 4 7 98 4 8 91 4 9 100 4 10 583
563 4459973 11 11 1 0 5 123 1 5 41 2 5 205 3 5 370 4 5 41 5 5 41 6 5 41 7 5 82 8 5 41 9 5 205 10 5 123
564 4460411 1 1 1 9 8 9797
565 4462249 1 1 1 0 7 609
566 4463141 2 2 1 4 2 76 9 2 152
567 4463446 2 2 1 2 8 6727 8 8 2242
568 4468694 8 4 4 8 1 191 0 4 3 4 4 1 7 4 1 0 7 35 4 7 105 7 7 35 8 9 83
569 4469628 1 1 1 9 0 7
570 4469769 1 1 1 4 0 57
571 4471445 1 1 1 7 3 30
572 4480538 4 4 1 0 7 9568 5 7 531 7 7 531 8 7 1063
573 4489549 11 1 11 10 0 85 10 1 5217 10 2 13068 10 3 28 10 4 52 10 5 15225 10 6 324 10 7 58 10 8 14179 10 9 1282 10 10 13
574 4491247 1 1 1 2 8 215
575 4491533 1 1 1 0 5 71
576 4544580 66 11 11 2 0 76 5 0 152 6 0 1912 7 0 76 8 0 76 9 0 76 0 1 664 1 1 664 2 1 664 3 1 664 4 1 664 8 1 1994 1 2 34 6 2 952 9 2 34 10 2 34 0 3 1 1 3 1 3 3 1 5 3 1 6 3 1 7 3 1 8 3 3 0 4 25 2 4 12 4 4 12 6 4 12 9 4 12 10 4 25 0 5 1 2 5 1 5 5 8 10 5 9 3 6 1 4 6 1 5 6 1 8 6 1 10 6 1 0 7 344 1 7 344 2 7 344 3 7 344 5 7 4133 7 7 344 9 7 344 10 7 1033 1 8 293 3 8 97 4 8 195 5 8 97 7 8 1371 8 8 783 10 8 195 0 9 2 2 9 6 3 9 6 4 9 4 6 9 2 7 9 6 9 9 2 1 10 11 4 10 11 6 10 11 7 10 11 8 10 71 9 10 23
577 4549401 2 2 1 8 3 48 9 3 48
578 4672019 121 11 11 0 0 7 1 0 44 2 0 1 3 0 21 4 0 1 5 0 1 6 0 1 7 0 55 8 0 1 9 0 15 10 0 1 0 1 33 1 1 66 2 1 33 3 1 33 4 1 100 5 1 803 6 1 33 7 1 33 8 1 133 9 1 33 10 1 33 0 2 162 1 2 162 2 2 162 3 2 162 4 2 324 5 2 324 6 2 324 7 2 162 8 2 162 9 2 162 10 2 4056 0 3 252 1 3 252 2 3 252 3 3 505 4 3 505 5 3 252 6 3 252 7 3 252 8 3 252 9 3 1010 10 3 252 0 4 6 1 4 66 2 4 6 3 4 18 4 4 12 5 4 6 6 4 48 7 4 6 8 4 18 9 4 12 10 4 6 0 5 1110 1 5 44 2 5 10081 3 5 88 4 5 44 5 5 44 6 5 44 7 5 177 8 5 44 9 5 44 10 5 44 0 6 1 1 6 1 2 6 1 3 6 1 4 6 1 5 6 3 6 6 1 7 6 12 8 6 1 9 6 9 10 6 1 0 7 13 1 7 13 2 7 27 3 7 13 4 7 13 5 7 27 6 7 13 7 7 54 8 7 13 9 7 13 10 7 13 0 8 7 1 8 23 2 8 31 3 8 59 4 8 1 5 8 1 6 8 1 7 8 1 8 8 61 9 8 5 10 8 3 0 9 6 1 9 1 2 9 1 3 9 7 4 9 1 5 9 4 6 9 1 7 9 1 8 9 33 9 9 3 10 9 1 0 10 566 1 10 283 2 10 425 3 10 47 4 10 850 5 10 47 6 10 47 7 10 47 8 10 188 9 10 47 10 10 566
579 4673160 1 1 1 1 0 18
580 4676655 6 3 3 10 1 11365 3 3 54 4 3 108 3 9 4898 4 9 9797 10 9 4898
581 4677975 1 1 1 10 6 663
582 4677994 1 1 1 7 6 58378
583 4685856 11 1 11 8 0 36 8 1 60 8 2 16 8 3 2075 8 4 20 8 5 9628 8 6 11962 8 7 17 8 8 75 8 9 353 8 10 40706
584 4686246 1 1 1 3 9 6160
585 4686698 1 1 1 10 5 10475
586 4687453 1 1 1 9 9 1227
587 4687624 1 1 1 4 5 108
588 4688015 1 1 1 5 3 78
589 4688787 3 3 1 1 9 58 2 9 234 8 9 29
590 4689793 3 3 1 5 10 52 8 10 52 10 10 52
591 4700842 11 1 11 10 0 12 10 1 612 10 2 212 10 3 95 10 4 58 10 5 10142 10 6 9009 10 7 81 10 8 60 10 9 1417 10 10 4810
592 4777733 66 11 11 2 0 86 3 0 17 5 0 4 8 0 4 10 0 8 0 1 118 2 1 71 4 1 23 5 1 23 6 1 71 7 1 23 0 2 165 2 2 165 7 2 165 9 2 1491 0 3 1 1 3 1 3 3 1 4 3 1 6 3 30 8 3 1 1 4 43 2 4 43 7 4 130 0 5 27 1 5 27 3 5 27 4 5 27 5 5 111 6 5 55 9 5 27 10 5 27 3 6 12 5 6 12 6 6 25 8 6 12 10 6 89 0 7 18 1 7 9 2 7 9 3 7 9 4 7 9 6 7 9 7 7 27 9 7 9 10 7 9 1 8 10 2 8 5 3 8 15 4 8 5 5 8 5 7 8 5 8 8 31 9 8 5 0 9 837 8 9 837 9 9 837 10 9 837 1 10 6032 4 10 1206 5 10 1206 6 10 3619 7 10 1206 8 10 1206 9 10 1206 10 10 1206
593 4786517 11 1 11 3 0 79 3 1 3251 3 2 57 3 3 5184 3 4 233 3 5 243 3 6 6620 3 7 6127 3 8 3193 3 9 113 3 10 161
594 4790096 1 1 1 8 2 163
595 4790844 1 1 1 4 2 19556
596 4856600 66 6 11 0 0 11 2 0 11 3 0 11 4 0 11 6 0 34 9 0 11 0 1 1026 2 1 7186 3 1 513 4 1 513 6 1 513 9 1 513 0 2 2 2 2 2 3 2 2 4 2 4 6 2 4 9 2 37 0 3 6 2 3 6 3 3 6 4 3 6 6 3 54 9 3 13 0 4 50 2 4 10 3 4 20 4 4 40 6 4 10 9 4 10 0 5 2 2 5 9 3 5 6 4 5 36 6 5 2 9 5 9 0 6 12471 2 6 37415 3 6 6235 4 6 12471 6 6 6235 9 6 24943 0 7 11 2 7 62 3 7 5 4 7 5 6 7 5 9 7 5 0 8 5 2 8 11 3 8 5 4 8 11 6 8 29 9 8 5 0 9 5 2 9 5 3 9 49 4 9 62 6 9 2 9 9 2 0 10 67 2 10 6 3 10 6 4 10 6 6 10 6 9 10 12
597 4856773 1 1 1 10 2 5
598 4858519 4 4 1 0 2 27 7 2 27 8 2 13 10 2 6
599 4877049 11 1 11 0 0 42 0 1 15208 0 2 47 0 3 231 0 4 105 0 5 51 0 6 326 0 7 13028 0 8 19425 0 9 19550 0 10 131
600 4889819 4 4 1 1 0 21 2 0 21 3 0 21 5 0 21
601 4892300 1 1 1 4 1 238
602 4895002 2 2 2 5 2 31 7 3 103
603 4910487 11 1 11 6 0 204 6 1 95 6 2 85 6 3 7180 6 4 89 6 5 2646 6 6 6562 6 7 4829 6 8 535 6 9 123 6 10 49
604 4911227 2 2 1 1 7 27 9 7 9
605 4911619 1 1 1 2 7 53
606 4912345 1 1 1 8 0 1274
607 4915458 2 1 2 1 5 98 1 6 6055
608 4916997 1 1 1 5 3 62
609 4917757 1 1 1 2 5 94
610 4950757 32 8 8 0 0 14 1 0 14 5 0 103 6 0 44 4 1 15 5 1 7 8 1 7 10 1 7 0 2 8 4 2 4 5 2 8 6 2 4 9 2 4 10 2 8 4 3 38 6 3 12 8 3 12 9 3 12 0 5 74 6 5 37 8 5 74 9 5 37 1 6 3205 5 6 6411 0 8 96 1 8 8 10 8 52 1 9 419 4 9 419 8 9 838 9 9 4190 10 9 419
611 4950809 1 1 1 4 8 162
612 4960306 6 6 1 0 8 35 1 8 35 2 8 71 5 8 250 8 8 35 10 8 35
613 4964104 5 5 2 0 1 1615 1 1 538 3 1 538 4 7 48 8 7 48
614 4977351 10 5 3 0 2 26 5 2 52 7 2 52 8 2 13 0 3 7 3 3 7 8 3 7 3 5 125 5 5 15 7 5 15
615 4979961 1 1 1 7 1 14
616 4987131 6 3 3 5 3 38 10 3 19 3 5 118 3 9 211 5 9 211 10 9 211
617 4987975 1 1 1 8 1 2902
618 4988184 1 1 1 3 2 2068
619 4989464 1 1 1 1 5 186
620 4989856 1 1 1 7 10 1715
621 5042851 66 11 11 4 0 9 5 0 9 6 0 77 8 0 9 10 0 9 1 1 1 3 1 1 6 1 1 9 1 93 10 1 1 1 2 8 2 2 8 4 2 8 5 2 51 7 2 34 8 2 8 10 2 34 0 3 1 3 3 1 5 3 10 6 3 1 9 3 7 0 4 1 1 4 1 2 4 1 3 4 1 6 4 1 7 4 37 1 5 12 2 5 72 3 5 12 4 5 12 5 5 12 7 5 12 8 5 12 9 5 12 0 6 5666 2 6 566 4 6 283 7 6 1416 10 6 283 0 7 2 1 7 2 3 7 2 4 7 2 6 7 2 7 7 4 8 7 2 9 7 9 10 7 2 2 8 4 3 8 8 5 8 4 6 8 4 7 8 8 8 8 8 0 9 244 2 9 978 4 9 1467 9 9 122 10 9 122 0 10 2906 1 10 8720 5 10 2906 8 10 2906 9 10 2906
622 5044516 1 1 1 1 5 236
623 5045895 1 1 1 7 9 15531
624 5046394 1 1 1 3 2 17
625 5046619 1 1 1 3 0 59
626 5052375 11 1 11 8 0 230 8 1 3439 8 2 12101 8 3 7846 8 4 98 8 5 15793 8 6 60 8 7 4 8 8 40 8 9 183 8 10 276
627 5052703 1 1 1 3 9 10173
628 5053839 1 1 1 9 3 366
629 5054172 1 1 1 9 0 111
630 5056217 2 2 1 1 9 1 7 9 1
631 5058462 1 1 1 1 6 64
632 5112352 55 11 10 0 0 15 1 0 60 3 0 15 6 0 15 7 0 15 8 0 15 10 0 30 2 1 8 8 1 8 9 1 8 10 1 8 2 2 30 3 2 30 5 2 30 7 2 30 9 2 30 1 3 525 2 3 175 3 3 1225 4 3 175 5 3 175 6 3 175 9 3 175 10 3 3500 1 5 109 3 5 21 0 6 388 1 6 55 3 6 110 4 6 166 5 6 610 6 6 55 0 7 10 4 7 10 5 7 21 6 7 10 7 7 10 8 7 52 10 7 42 0 8 2 1 8 2 2 8 2 4 8 6 7 8 2 8 8 8 9 8 2 10 8 2 4 9 37 7 9 93 9 9 18 0 10 751 2 10 751 5 10 250 6 10 250 8 10 250
633 5113193 3 3 1 2 1 58 5 1 39 6 1 19
634 5115236 1 1 1 9 4 1361
635 5117274 1 1 1 2 9 113
636 5129043 10 5 4 7 3 114 9 3 57 1 5 545 2 5 545 3 5 545 3 6 47 7 6 47 1 10 745 2 10 13419 9 10 745
637 5129425 1 1 1 0 9 5
638 5129486 1 1 1 1 4 11
639 5132734 4 4 1 1 8 4116 2 8 686 9 8 686 10 8 686
640 5222788 121 11 11 0 0 5 1 0 5 2 0 5 3 0 33 4 0 5 5 0 5 6 0 5 7 0 27 8 0 5 9 0 5 10 0 5 0 1 4062 1 1 64995 2 1 2031 3 1 2031 4 1 2031 5 1 2031 6 1 2031 7 1 2031 8 1 2031 9 1 14217 10 1 2031 0 2 13 1 2 13 2 2 13 3 2 13 4 2 13 5 2 13 6 2 68 7 2 13 8 2 27 9 2 27 10 2 13 0 3 7 1 3 1 2 3 1 3 3 1 4 3 1 5 3 1 6 3 1 7 3 1 8 3 1 9 3 1 10 3 5 0 4 165 1 4 290 2 4 82 3 4 41 4 4 41 5 4 41 6 4 82 7 4 248 8 4 82 9 4 41 10 4 82 0 5 1 1 5 8 2 5 6 3 5 1 4 5 3 5 5 1 6 5 1 7 5 1 8 5 5 9 5 37 10 5 1 0 6 20 1 6 20 2 6 20 3 6 60 4 6 100 5 6 40 6 6 20 7 6 20 8 6 20 9 6 20 10 6 20 0 7 374 1 7 374 2 7 374 3 7 374 4 7 374 5 7 1123 6 7 374 7 7 374 8 7 374 9 7 374 10 7 1872 0 8 16 1 8 8 2 8 8 3 8 8 4 8 50 5 8 8 6 8 100 7 8 8 8 8 16 9 8 8 10 8 8 0 9 1 1 9 57 2 9 1 3 9 1 4 9 1 5 9 1 6 9 1 7 9 1 8 9 1 9 9 1 10 9 1 0 10 1 1 10 50 2 10 1 3 10 1 4 10 1 5 10 1 6 10 1 7 10 1 8 10 1 9 10 1 10 10 1
641 5222854 1 1 1 9 5 1
642 5229887 7 1 7 2 0 354 2 1 9464 2 2 197 2 3 106 2 4 91 2 9 17728 2 10 22
643 5230630 1 1 1 2 8 89
644 5231675 1 1 1 4 6 92
645 5238201 6 3 2 1 8 62 2 8 41 6 8 62 1 9 967 2 9 967 6 9 967
646 5239210 3 3 1 4 6 2391 6 6 2391 10 6 2391
647 5252669 11 1 11 6 0 155 6 1 59 6 2 675 6 3 207 6 4 7670 6 5 170 6 6 106 6 7 32 6 8 79 6 9 4933 6 10 94
648 5253752 1 1 1 9 0 19
649 5256507 1 1 1 6 2 47
650 5268175 11 11 1 0 10 1862 1 10 18622 2 10 7449 3 10 5586 4 10 1862 5 10 3724 6 10 1862 7 10 1862 8 10 18622 9 10 14898 10 10 1862
651 5269088 2 1 2 7 1 17 7 4 219
652 5280808 11 1 11 6 0 1714 6 1 72 6 2 41 6 3 19502 6 4 170 6 5 71 6 6 632 6 7 1373 6 8 1295 6 9 3117 6 10 93
653 5280985 1 1 1 9 6 109
654 5284835 3 3 2 10 3 24 3 10 2008 8 10 2008
655 5287234 2 2 1 3 5 48 5 5 48
656 5340310 66 6 11 0 0 16 1 0 16 2 0 16 6 0 16 7 0 16 8 0 147 0 1 5 1 1 16 2 1 5 6 1 72 7 1 5 8 1 5 0 2 15 1 2 80 2 2 5 6 2 5 7 2 5 8 2 5 0 3 2 1 3 2 2 3 8 6 3 2 7 3 2 8 3 2 0 4 375 1 4 375 2 4 375 6 4 4510 7 4 375 8 4 375 0 5 1 1 5 2 2 5 6 6 5 1 7 5 4 8 5 1 0 6 48 1 6 48 2 6 194 6 6 97 7 6 48 8 6 1506 0 7 1322 1 7 377 2 7 755 6 7 188 7 7 188 8 7 188 0 8 12 1 8 1 2 8 6 6 8 1 7 8 2 8 8 3 0 9 28 1 9 5 2 9 5 6 9 5 7 9 33 8 9 5 0 10 24 1 10 24 2 10 24 6 10 24 7 10 72 8 10 72
657 5341650 1 1 1 6 2 122
658 5378363 50 10 9 0 0 17 1 0 17 4 0 177 5 0 17 6 0 53 7 0 17 1 1 3 3 1 7 4 1 42 5 1 19 6 1 3 7 1 7 8 1 11 9 1 3 0 2 69 1 2 69 2 2 172 3 2 34 4 2 34 7 2 172 9 2 34 3 4 504 4 4 1008 5 4 504 6 4 504 9 4 504 0 5 3 2 5 3 3 5 3 6 5 3 8 5 81 9 5 6 0 6 60 1 6 5 2 6 66 3 6 46 5 6 37 7 6 2 8 6 2 2 7 1393 5 7 796 6 7 199 0 8 4 8 8 4 9 8 8 1 9 598 2 9 598 4 9 1795 7 9 1196 8 9 598
659 5392973 9 3 4 2 4 21 8 4 54 8 7 2 10 7 4 2 8 80 8 8 26 10 8 26 2 10 23 10 10 46
660 5393529 3 1 3 8 1 118 8 3 22 8 6 11781
661 5393836 1 1 1 5 0 445
662 5393873 1 1 1 4 1 766
663 5394038 1 1 1 1 8 5969
664 5394256 1 1 1 10 8 672
665 5394844 2 2 1 3 6 8 6 6 48
666 5396019 1 1 1 2 10 80
667 5401711 6 3 3 2 1 1 6 1 25 9 1 1 2 2 52 9 2 52 6 5 84
668 5402379 1 1 1 0 10 148
669 5404524 2 2 1 4 8 3714 8 8 26001
670 5405977 1 1 1 0 10 148
671 5406163 1 1 1 9 0 60
672 5409208 1 1 1 0 8 55
673 5412615 1 1 1 10 10 15827
674 5414726 1 1 1 10 9 58843
675 5423223 7 1 7 7 0 137 7 1 67 7 3 662 7 4 1675 7 5 137 7 7 30 7 8 49
676 5425321 1 1 1 10 6 28
677 5425427 1 1 1 1 4 256
678 5437417 11 1 11 4 0 88 4 1 13 4 2 19 4 3 19515 4 4 265 4 5 526 4 6 165 4 7 8309 4 8 3984 4 9 34 4 10 175
679 5438655 3 3 2 3 2 21 5 2 42 4 6 20278
680 5453938 11 1 11 10 0 26 10 1 47 10 2 600 10 3 12656 10 4 67 10 5 3 10 6 248 10 7 2567 10 8 78 10 9 1786 10 10 6060
681 5521845 66 6 11 0 0 48 4 0 8 6 0 36 7 0 24 9 0 32 10 0 4 0 1 3700 4 1 3700 6 1 3700 7 1 11101 9 1 7400 10 1 3700 0 2 4 4 2 4 6 2 9 7 2 23 9 2 4 10 2 18 0 3 3 4 3 11 6 3 3 7 3 3 9 3 3 10 3 76 0 4 1696 4 4 1696 6 4 1696 7 4 1696 9 4 1696 10 4 1696 0 5 17 4 5 25 6 5 8 7 5 8 9 5 8 10 5 25 0 6 7 4 6 10 6 6 3 7 6 7 9 6 3 10 6 3 0 7 9 4 7 9 6 7 9 7 7 18 9 7 9 10 7 9 0 8 1 4 8 1 6 8 1 7 8 1 9 8 1 10 8 2 0 9 1 4 9 1 6 9 1 7 9 1 9 9 1 10 9 1 0 10 27 4 10 27 6 10 27 7 10 27 9 10 27 10 10 55
682 5531141 8 2 4 4 2 9793 10 2 9793 4 3 17 10 3 17 4 5 24 10 5 12 4 9 14 10 9 43
683 5531688 1 1 1 5 9 77
684 5533246 1 1 1 2 4 64
685 5535086 1 1 1 2 1 1664
686 5536015 1 1 1 4 6 175
687 5536120 1 1 1 3 7 75
688 5536912 1 1 1 0 7 25
689 5543093 11 11 2 1 1 41 3 1 2 4 1 2 5 1 6 6 1 2 7 1 2 8 1 2 9 1 10 10 1 15 0 7 170 2 7 1
690 5544849 1 1 1 7 1 53
691 5551596 10 5 4 6 1 143 8 1 71 10 1 107 2 4 26 7 4 70 8 4 8 6 6 226 2 9 240 7 9 60 10 9 360
692 5552291 1 1 1 3 9 20
693 5552969 2 2 1 8 6 56 10 6 56
694 5554256 1 1 1 10 5 1425
695 5554967 1 1 1 2 1 66
696 5659785 121 11 11 0 0 2 1 0 2 2 0 5 3 0 2 4 0 2 5 0 2 6 0 11 7 0 11 8 0 2 9 0 2 10 0 47 0 1 116 1 1 116 2 1 116 3 1 116 4 1 465 5 1 116 6 1 116 7 1 465 8 1 232 9 1 349 10 1 931 0 2 97 1 2 679 2 2 1455 3 2 194 4 2 97 5 2 97 6 2 97 7 2 97 8 2 97 9 2 97 10 2 97 0 3 7 1 3 3 2 3 7 3 3 3 4 3 3 5 3 3 6 3 3 7 3 14 8 3 3 9 3 3 10 3 14 0 4 1033 1 4 93 2 4 375 3 4 93 4 4 93 5 4 187 6 4 187 7 4 93 8 4 1033 9 4 93 10 4 1408 0 5 4 1 5 9 2 5 14 3 5 61 4 5 777 5 5 398 6 5 4 7 5 90 8 5 9 9 5 18 10 5 85 0 6 3 1 6 3 2 6 3 3 6 3 4 6 29 5 6 3 6 6 7 7 6 3 8 6 3 9 6 22 10 6 3 0 7 37 1 7 47 2 7 18 3 7 9 4 7 9 5 7 9 6 7 9 7 7 18 8 7 9 9 7 18 10 7 9 0 8 4 1 8 1 2 8 1 3 8 68 4 8 1 5 8 1 6 8 1 7 8 6 8 8 1 9 8 1 10 8 1 0 9 300 1 9 150 2 9 300 3 9 150 4 9 150 5 9 150 6 9 150 7 9 300 8 9 300 9 9 150 10 9 300 0 10 1 1 10 12 2 10 54 3 10 1 4 10 1 5 10 1 6 10 1 7 10 1 8 10 1 9 10 1 10 10 1
697 5659942 1 1 1 2 6 21897
698 5684914 33 3 11 4 0 7 5 0 15 6 0 7 4 1 32 5 1 130 6 1 32 4 2 84 5 2 168 6 2 84 4 3 803 5 3 6223 6 3 702 4 4 11 5 4 91 6 4 11 4 5 36 5 5 36 6 5 258 4 6 109 5 6 109 6 6 109 4 7 1 5 7 1 6 7 132 4 8 889 5 8 296 6 8 296 4 9 40 5 9 81 6 9 40 4 10 255 5 10 255 6 10 510
699 5691036 11 11 1 0 4 1 1 4 1 2 4 1 3 4 1 4 4 1 5 4 1 6 4 1 7 4 103 8 4 1 9 4 1 10 4 1
700 5691162 1 1 1 3 8 193
701 5693308 2 2 1 3 10 1121 8 10 373
702 5700543 7 7 2 0 3 936 4 3 468 10 3 936 1 8 6 5 8 12 6 8 6 7 8 6
703 5701794 1 1 1 2 4 722
704 5701828 1 1 1 7 10 2
705 5709158 11 11 1 0 2 4 1 2 4 2 2 4 3 2 4 4 2 4 5 2 8 6 2 62 7 2 4 8 2 4 9 2 8 10 2 4
706 5715548 6 6 1 1 8 2 2 8 14 3 8 4 4 8 8 6 8 2 8 8 10
707 5722819 6 3 3 0 0 97 1 0 32 1 3 1 10 3 53 0 5 96 10 5 19
708 5731359 6 6 1 0 2 1294 1 2 431 3 2 1294 6 2 431 8 2 431 10 2 1294
709 5731488 1 1 1 7 1 34
710 5737484 11 1 11 0 0 99599 0 1 169 0 2 5739 0 3 174 0 4 195 0 5 76 0 6 115 0 7 78 0 8 8909 0 9 102 0 10 69
711 5738601 3 3 1 0 1 43 3 1 43 7 1 87
712 5740836 1 1 1 0 7 5
713 5762366 22 2 11 4 0 8 10 0 93 4 1 1 10 1 1 4 2 1 10 2 61 4 3 586 10 3 2930 4 4 25 10 4 25 4 5 143 10 5 143 4 6 31 10 6 62 4 7 6313 10 7 6313 4 8 53 10 8 26 4 9 72 10 9 18 4 10 37 10 10 37
714 5762446 1 1 1 9 2 147
715 5764537 2 2 1 4 0 58 9 0 1
716 5824584 66 11 11 0 0 25 1 0 25 2 0 25 3 0 25 5 0 50 2 1 11 6 1 71 7 1 23 8 1 47 9 1 23 1 2 1 2 2 1 3 2 1 6 2 91 7 2 1 10 2 1 1 3 2817 3 3 1878 4 3 939 6 3 939 7 3 1878 8 3 939 3 4 1 5 4 3 6 4 19 9 4 11 10 4 1 0 5 16 2 5 8 7 5 66 0 6 2 1 6 1 4 6 1 5 6 1 9 6 6 10 6 1 0 7 30 1 7 2 4 7 20 8 7 34 9 7 2 0 8 262 2 8 43 4 8 43 5 8 43 6 8 698 7 8 43 8 8 43 9 8 43 10 8 480 3 9 1204 4 9 602 5 9 602 6 9 602 7 9 602 8 9 1204 9 9 602 10 9 602 0 10 265 1 10 265 2 10 265 3 10 530 4 10 530 5 10 265 8 10 265 10 10 265
717 5827720 2 2 1 4 2 54 10 2 108
718 5850851 28 7 7 1 0 33 3 0 33 5 0 66 6 0 49 8 0 16 1 1 60 3 1 120 6 1 30 2 2 5 5 2 5 10 2 17 1 3 1 2 3 2 8 3 1 10 3 29 1 6 580 2 6 580 3 6 580 6 6 580 8 6 7541 2 8 1 3 8 1 5 8 1 8 8 1 10 8 1 5 10 44 6 10 89 10 10 44
719 5851002 1 1 1 8 1 111
720 5851099 1 1 1 0 4 628
721 5851889 1 1 1 1 8 629
722 5859299 11 1 11 3 0 19054 3 1 191 3 2 12 3 3 3061 3 4 13 3 5 3535 3 6 29 3 7 125 3 8 40 3 9 104 3 10 84
723 5865195 11 1 11 8 0 46 8 1 166 8 2 173 8 3 273 8 4 98 8 5 24 8 6 39 8 7 2011 8 8 77 8 9 10 8 10 290
724 5871651 5 5 1 1 4 15 3 4 5 4 4 10 8 4 5 9 4 5
725 5872155 1 1 1 3 4 35
726 5872452 1 1 1 1 10 50
727 5872693 1 1 1 9 0 18703
728 5874382 1 1 1 5 6 54
729 5876499 1 1 1 8 1 27604
730 5881922 6 3 3 0 4 527 8 4 7209 0 9 85 2 9 85 2 10 38 8 10 38
731 5882044 1 1 1 9 9 80
732 5883977 2 2 1 3 0 44 8 0 11
733 5884010 1 1 1 8 1 695
734 5890218 11 1 11 0 0 38 0 1 113 0 2 39271 0 3 4699 0 4 26 0 5 189 0 6 110 0 7 143 0 8 17378 0 9 105 0 10 282
735 5891535 2 2 1 2 6 515 4 6 1031
736 5901234 11 1 11 9 0 53 9 1 19717 9 2 73 9 3 72 9 4 89 9 5 130 9 6 291 9 7 4668 9 8 117 9 9 87 9 10 259
737 5908226 11 11 1 0 0 5 1 0 5 2 0 5 3 0 68 4 0 28 5 0 5 6 0 5 7 0 5 8 0 74 9 0 5 10 0 11
738 5909050 1 1 1 1 5 115
739 5955790 55 5 11 0 0 11 1 0 6 2 0 10 3 0 10 5 0 18 0 1 12 1 1 1 2 1 1 3 1 1 5 1 1 0 2 1799 1 2 449 2 2 899 3 2 449 5 2 449 0 3 1588 1 3 1588 2 3 1588 3 3 1588 5 3 1588 0 4 3388 1 4 1694 2 4 8470 3 4 1694 5 4 5082 0 5 827 1 5 993 2 5 993 3 5 165 5 5 165 0 6 265 1 6 1060 2 6 265 3 6 265 5 6 265 0 7 1 1 7 1 2 7 1 3 7 1 5 7 1 0 8 2 1 8 69 2 8 2 3 8 2 5 8 2 0 9 8 1 9 26 2 9 8 3 9 61 5 9 8 0 10 7 1 10 3 2 10 3 3 10 3 5 10 3
740 5962375 1 1 1 10 3 48
741 5963921 1 1 1 10 1 101
742 5964729 1 1 1 3 9 7794
743 5965144 1 1 1 9 5 2008
744 5979229 12 3 6 1 0 30 8 0 30 10 0 30 1 2 3247 8 2 9741 1 3 71 8 3 14 10 3 28 8 4 42 10 4 42 10 5 2 1 7 9846
745 6087509 121 11 11 0 0 1 1 0 1 2 0 1 3 0 1 4 0 1 5 0 3 6 0 2 7 0 2 8 0 62 9 0 2 10 0 2 0 1 3 1 1 38 2 1 3 3 1 3 4 1 3 5 1 38 6 1 3 7 1 3 8 1 10 9 1 3 10 1 3 0 2 5 1 2 11 2 2 5 3 2 5 4 2 5 5 2 11 6 2 5 7 2 11 8 2 5 9 2 5 10 2 17 0 3 629 1 3 629 2 3 1259 3 3 1259 4 3 629 5 3 3778 6 3 629 7 3 629 8 3 1889 9 3 10075 10 3 629 0 4 1 1 4 1 2 4 1 3 4 78 4 4 5 5 4 1 6 4 3 7 4 1 8 4 1 9 4 15 10 4 5 0 5 10 1 5 2 2 5 2 3 5 2 4 5 4 5 5 4 6 5 2 7 5 23 8 5 10 9 5 2 10 5 2 0 6 2 1 6 53 2 6 1 3 6 1 4 6 1 5 6 28 6 6 1 7 6 2 8 6 1 9 6 2 10 6 2 0 7 2 1 7 1 2 7 2 3 7 1 4 7 13 5 7 1 6 7 4 7 7 10 8 7 1 9 7 1 10 7 1 0 8 2 1 8 1 2 8 13 3 8 8 4 8 1 5 8 2 6 8 7 7 8 1 8 8 3 9 8 1 10 8 2 0 9 2 1 9 2 2 9 2 3 9 5 4 9 5 5 9 27 6 9 2 7 9 2 8 9 2 9 9 2 10 9 13 0 10 2 1 10 14 2 10 2 3 10 2 4 10 14 5 10 5 6 10 2 7 10 5 8 10 2 9 10 5 10 10 67
746 6088707 2 2 1 4 8 122 10 8 245
747 6098519 8 4 4 9 2 45 10 2 45 10 7 11411 0 8 28 5 8 56 0 10 8 5 10 16 9 10 16
748 6102936 2 2 1 7 3 246 10 3 984
749 6106476 2 2 1 1 0 3088 3 0 3088
750 6114505 11 1 11 8 0 148 8 1 38 8 2 94 8 3 26 8 4 1643 8 5 6187 8 6 177 8 7 39054 8 8 3106 8 9 92 8 10 82
751 6164551 55 11 10 0 0 18 1 0 18 2 0 74 3 0 18 4 0 18 5 0 18 8 0 18 9 0 74 10 0 74 0 1 26 1 1 79 2 1 53 6 1 26 1 2 6 2 2 63 5 2 6 6 2 6 7 2 6 9 2 6 10 2 6 0 3 4 2 3 2 3 3 2 5 3 2 6 3 2 8 3 11 9 3 2 10 3 2 1 5 8 3 5 8 4 5 8 7 5 8 8 5 16 9 5 72 10 5 48 0 6 11 3 6 11 4 6 46 6 6 11 7 6 23 9 6 11 0 7 7794 3 7 3897 4 7 3897 5 7 3897 2 8 40 7 8 20 10 8 40 5 9 41 6 9 41 8 9 41 1 10 14 4 10 28 7 10 14 8 10 14
752 6165115 1 1 1 10 0 113
753 6173605 8 4 3 2 1 44 3 1 6 7 1 6 2 3 2384 3 3 2384 6 3 1192 6 9 80 7 9 80
754 6175042 1 1 1 5 2 232
755 6175277 1 1 1 4 8 1288
756 6176095 1 1 1 5 3 10
757 6178461 1 1 1 1 10 48
758 6185614 4 4 1 1 5 3856 2 5 33 7 5 33 8 5 33
759 6195572 18 6 5 5 0 1 6 0 1 7 0 2 8 0 44 9 6 6606 2 7 2220 5 7 1480 8 7 740 9 7 740 2 9 21 5 9 21 6 9 21 7 9 7 9 9 7 2 10 248 6 10 297 7 10 49 8 10 49
760 6203324 11 1 11 6 0 57 6 1 38 6 2 85 6 3 12 6 4 167 6 5 220 6 6 67 6 7 16 6 8 63 6 9 58 6 10 9357
761 6204179 1 1 1 10 10 261
762 6204585 2 2 1 6 2 22 7 2 22
763 6228412 33 11 5 0 3 1 1 3 1 2 3 1 3 3 3 4 3 2 5 3 1 6 3 1 8 3 1 9 3 1 10 3 7 0 5 1 1 5 1 2 5 1 7 5 13 8 5 1 10 5 1 1 7 13 3 7 13 4 7 13 5 7 13 7 7 13 9 7 13 3 8 20 5 8 6 6 8 6 7 8 6 8 8 13 9 8 6 10 8 6 0 10 11 2 10 11 4 10 11 6 10 11
764 6247106 22 2 11 6 0 28 7 0 56 6 1 49 7 1 9 6 2 55 7 2 37 6 3 1799 7 3 5399 6 4 42 7 4 14 6 5 87 7 5 174 6 6 7594 7 6 7594 6 7 28 7 7 14 6 8 25 7 8 76 6 9 16602 7 9 16602 6 10 12480 7 10 12480
765 6248585 1 1 1 0 10 170
766 6248659 1 1 1 5 9 47
767 6248696 1 1 1 3 0 1297
768 6251367 2 2 2 8 1 354 1 4 47
769 6258927 11 1 11 5 0 31 5 1 7 5 2 4000 5 3 65 5 4 8985 5 5 65 5 6 87 5 7 31 5 8 25 5 9 415 5 10 71
770 6260829 1 1 1 9 8 298
771 6296288 33 3 11 0 0 135 1 0 270 4 0 135 0 1 2381 1 1 1190 4 1 1190 0 2 2 1 2 49 4 2 2 0 3 58 1 3 29 4 3 58 0 4 33 1 4 33 4 4 33 0 5 1 1 5 1 4 5 1 0 6 2308 1 6 577 4 6 577 0 7 8 1 7 44 4 7 26 0 8 53 1 8 13 4 8 26 0 9 3791 1 9 3791 4 9 3791 0 10 84 1 10 28 4 10 28
772 6296358 1 1 1 3 1 20
773 6296896 1 1 1 6 3 2871
774 6297649 1 1 1 8 4 189
775 6298660 1 1 1 6 8 999
776 6298900 1 1 1 4 2 34
777 6300016 3 3 1 1 6 59 8 6 59 9 6 118
778 6322694 22 11 3 0 1 138 1 1 27 2 1 27 6 1 27 7 1 27 8 1 27 9 1 110 10 1 27 0 3 1 2 3 1 3 3 1 4 3 1 5 3 1 6 3 1 8 3 1 10 3 1 1 9 8 3 9 4 4 9 287 5 9 4 7 9 4 9 9 4
779 6323527 1 1 1 9 3 117
780 6324118 1 1 1 2 8 192
781 6324838 1 1 1 9 2 25
782 6325806 1 1 1 4 8 243
783 6326060 1 1 1 6 4 294
784 6329220 5 5 2 0 3 99647 5 5 4 7 5 4 8 5 14 9 5 4
785 6329921 2 2 1 0 2 22 5 2 22
786 6341615 11 1 11 7 0 206 7 1 242 7 2 98 7 3 195 7 4 51 7 5 82 7 6 209 7 7 118 7 8 117 7 9 22 7 10 39073
787 6342999 2 2 1 2 4 7 10 4 7
788 6343588 1 1 1 1 6 60
789 6347008 2 2 1 3 6 54 6 6 54
790 6347147 1 1 1 4 3 11887
791 6349076 2 2 2 4 0 167 3 3 304
792 6354966 5 5 1 0 1 9 1 1 19 2 1 49 3 1 9 7 1 9
793 6355427 1 1 1 10 3 1538
794 6430460 77 7 11 0 0 45 3 0 67 4 0 22 5 0 22 6 0 22 8 0 22 9 0 22 0 1 1311 3 1 437 4 1 1311 5 1 437 6 1 5244 8 1 437 9 1 437 0 2 10 3 2 10 4 2 20 5 2 10 6 2 20 8 2 10 9 2 10 0 3 10 3 3 1 4 3 26 5 3 1 6 3 1 8 3 1 9 3 3 0 4 304 3 4 2438 4 4 609 5 4 609 6 4 304 8 4 304 9 4 304 0 5 26 3 5 35 4 5 17 5 5 13 6 5 4 8 5 13 9 5 4 0 6 14 3 6 14 4 6 14 5 6 14 6 6 28 8 6 14 9 6 14 0 7 369 3 7 369 4 7 369 5 7 369 6 7 1108 8 7 369 9 7 369 0 8 26 3 8 8 4 8 26 5 8 8 6 8 8 8 8 8 9 8 8 0 9 12 3 9 3 4 9 6 5 9 6 6 9 3 8 9 3 9 9 34 0 10 8 3 10 62 4 10 71 5 10 8 6 10 44 8 10 17 9 10 8
795 6431233 1 1 1 0 1 5972
796 6432798 1 1 1 3 9 37
797 6506114 77 7 11 0 0 2 1 0 1 2 0 55 3 0 2 6 0 5 7 0 2 10 0 1 0 1 10 1 1 10 2 1 10 3 1 10 6 1 10 7 1 30 10 1 10 0 2 126 1 2 27 2 2 9 3 2 9 6 2 45 7 2 9 10 2 18 0 3 8 1 3 8 2 3 75 3 3 33 6 3 8 7 3 8 10 3 8 0 4 19 1 4 39 2 4 6 3 4 6 6 4 6 7 4 19 10 4 6 0 5 3956 1 5 1978 2 5 5935 3 5 1978 6 5 1978 7 5 1978 10 5 1978 0 6 4 1 6 1 2 6 2 3 6 1 6 6 1 7 6 1 10 6 1 0 7 52 1 7 7 2 7 7 3 7 14 6 7 7 7 7 37 10 7 7 0 8 56 1 8 28 2 8 28 3 8 28 6 8 28 7 8 28 10 8 28 0 9 32 1 9 32 2 9 32 3 9 32 6 9 32 7 9 32 10 9 32 0 10 24 1 10 24 2 10 122 3 10 73 6 10 24 7 10 1029 10 10 24
798 6506798 2 2 1 6 8 44 10 8 268
799 6507520 2 2 1 1 10 1024 6 10 2049
800 6526523 22 2 11 6 0 45 9 0 45 6 1 3 9 1 1 6 2 4595 9 2 4595 6 3 58 9 3 58 6 4 125 9 4 125 6 5 3 9 5 68 6 6 137 9 6 18 6 7 11 9 7 11 6 8 15 9 8 5 6 9 8393 9 9 1199 6 10 27 9 10 6
801 6527244 1 1 1 6 1 116
802 6527972 1 1 1 7 4 91
803 6528465 2 2 1 1 2 30 3 2 5
804 6529401 1 1 1 9 3 87
805 6530215 1 1 1 10 0 102
806 6531159 2 2 1 2 10 8 4 10 32
807 6532734 1 1 1 9 5 153
808 6533363 1 1 1 4 7 115
809 6533406 1 1 1 4 7 7723
810 6533479 1 1 1 6 7 102
811 6533894 2 2 1 3 8 10 6 8 40
812 6534222 1 1 1 9 0 8261
813 6537633 1 1 1 4 4 80
814 6543022 7 1 7 0 0 48 0 1 1973 0 2 16 0 3 1192 0 5 3 0 7 4793 0 9 1504
815 6543103 1 1 1 8 6 328
816 6547081 2 2 1 0 7 2616 4 7 2616
817 6548126 1 1 1 3 6 3
818 6561872 11 1 11 2 0 14184 2 1 78 2 2 122 2 3 50 2 4 268 2 5 42 2 6 99 2 7 25 2 8 15218 2 9 19609 2 10 33
819 6570535 9 9 2 0 2 141 1 2 283 5 2 141 2 5 13 3 5 17 6 5 4 7 5 4 9 5 93 10 5 13
820 6572775 3 3 1 1 3 54 5 3 21 8 3 10
821 6575419 1 1 1 1 6 117
822 6576158 1 1 1 2 7 83
823 6578262 1 1 1 5 5 35
824 6578560 1 1 1 0 0 91
825 6578725 1 1 1 2 4 1
826 6579219 1 1 1 3 0 4731
827 6579340 1 1 1 7 2 30
828 6587298 11 1 11 7 0 247 7 1 48 7 2 213 7 3 7 7 4 204 7 5 3989 7 6 38904 7 7 10 7 8 64 7 9 104 7 10 21
829 6587626 1 1 1 9 8 188
830 6589292 1 1 1 5 8 205
831 6589718 2 2 2 5 1 285 7 6 3201
832 6589795 1 1 1 3 6 2989
833 6601005 11 1 11 3 0 57 3 1 73 3 2 39 3 3 58767 3 4 22 3 5 39 3 6 234 3 7 12043 3 8 63 3 9 72 3 10 11
834 6601613 1 1 1 3 7 203
835 6605939 7 7 1 0 6 1578 1 6 4734 2 6 1578 4 6 1578 5 6 1578 7 6 1578 10 6 1578
836 6610323 3 3 1 0 5 260 1 5 26 2 5 26
837 6612097 2 2 1 0 0 100 3 0 100
838 6612686 3 3 2 2 0 1061 6 0 5309 3 2 232
839 6622500 11 1 11 4 0 73 4 1 304 4 2 19629 4 3 78016 4 4 12694 4 5 69 4 6 237 4 7 5953 4 8 28 4 9 186 4 10 3
840 6623559 1 1 1 6 6 114
841 6624264 1 1 1 4 1 104
842 6628390 2 2 1 1 7 601 3 7 85
843 6629096 1 1 1 9 4 2643
844 6629449 2 2 1 0 9 337 3 9 1
845 6629475 1 1 1 7 10 3866
846 6630421 1 1 1 10 0 2337
847 6630996 2 2 1 1 5 9803 7 5 9803
848 6631383 1 1 1 6 1 38
849 6641953 11 1 11 7 0 213 7 1 6171 7 2 29 7 3 7692 7 4 2 7 5 76 7 6 11 7 7 161 7 8 10146 7 9 197 7 10 58
850 6642800 2 2 1 7 7 100 8 7 1
851 6643672 2 2 1 1 8 2701 10 8 18
852 6734936 110 10 11 0 0 1 1 0 1 3 0 1 4 0 1 5 0 1 6 0 1 7 0 1 8 0 1 9 0 6 10 0 1 0 1 3 1 1 3 3 1 62 4 1 3 5 1 3 6 1 3 7 1 3 8 1 3 9 1 3 10 1 14 0 2 1 1 2 1 3 2 1 4 2 1 5 2 1 6 2 1 7 2 1 8 2 1 9 2 1 10 2 1 0 3 7 1 3 12 3 3 2 4 3 2 5 3 5 6 3 5 7 3 2 8 3 2 9 3 2 10 3 2 0 4 182 1 4 365 3 4 4751 4 4 2375 5 4 182 6 4 182 7 4 182 8 4 182 9 4 1279 10 4 182 0 5 73 1 5 9 3 5 9 4 5 18 5 5 36 6 5 9 7 5 9 8 5 9 9 5 9 10 5 9 0 6 6 1 6 1 3 6 67 4 6 1 5 6 1 6 6 1 7 6 1 8 6 8 9 6 3 10 6 1 0 7 10 1 7 5 3 7 5 4 7 5 5 7 5 6 7 5 7 7 5 8 7 10 9 7 15 10 7 63 0 8 5 1 8 5 3 8 5 4 8 116 5 8 5 6 8 36 7 8 5 8 8 15 9 8 5 10 8 5 0 9 9 1 9 14 3 9 14 4 9 4 5 9 9 6 9 4 7 9 9 8 9 4 9 9 14 10 9 4 0 10 1 1 10 2 3 10 1 4 10 1 5 10 5 6 10 1 7 10 1 8 10 1 9 10 70 10 10 1
853 6734944 1 1 1 0 8 57
854 6736004 1 1 1 8 5 175
855 6738278 1 1 1 3 2 101
856 6739987 2 2 1 8 4 1756 10 4 439
857 6741086 1 1 1 10 6 156
858 6750566 11 1 11 9 0 337 9 1 117 9 2 34 9 3 238 9 4 1 9 5 6 9 6 82 9 7 417 9 8 216 9 9 3481 9 10 102
859 6755071 3 3 1 4 8 576 5 8 576 9 8 576
860 6758752 2 2 1 9 7 95 10 7 142
861 6760278 1 1 1 10 7 4
862 6761144 3 3 1 7 2 3692 9 2 3692 10 2 1846
863 6769876 11 1 11 6 0 91 6 1 42 6 2 156 6 3 48 6 4 321 6 5 427 6 6 10260 6 7 7307 6 8 228 6 9 10179 6 10 160
864 6771489 1 1 1 5 6 4048
865 6773868 1 1 1 10 7 79
866 6774080 1 1 1 7 7 11344
867 6775961 1 1 1 4 7 434
868 6778081 1 1 1 0 0 59
869 6778406 2 2 1 0 2 2412 3 2 603
870 6778411 1 1 1 1 1 19040
871 6778546 1 1 1 7 0 101
872 6782388 2 2 1 4 3 70 9 3 23
873 6783193 1 1 1 8 6 79
874 6784446 2 2 1 0 1 5 2 1 2
875 6787408 4 4 1 0 10 7 1 10 72 3 10 3 4 10 7
876 6788337 1 1 1 4 1 140
877 6789076 1 1 1 2 7 62
878 6794770 11 1 11 5 0 8554 5 1 497 5 2 104 5 3 1907 5 4 90 5 5 51 5 6 313 5 7 9612 5 8 65 5 9 77 5 10 9593
879 6808708 15 5 5 1 2 529 4 2 881 9 2 176 1 4 12 6 4 25 7 4 116 4 7 17586 6 7 1352 7 7 1352 1 9 2858 7 9 5716 9 9 2858 4 10 1 6 10 10 9 10 1
880 6854237 55 11 10 1 0 2 3 0 2 4 0 2 5 0 2 7 0 2 8 0 2 10 0 45 0 2 5553 2 2 5553 4 2 2776 5 2 13883 6 2 2776 9 2 2776 0 3 18 1 3 16 2 3 3 3 3 1 5 3 1 6 3 1 9 3 1 1 4 110326 6 4 4413 7 4 8826 8 4 4413 10 4 4413 0 5 18 1 5 18 4 5 9 7 5 9 9 5 28 0 6 22 4 6 11 5 6 3 6 6 3 8 6 3 9 6 3 10 6 7 2 7 808 3 7 808 5 7 3232 2 8 11 6 8 56 7 8 22 3 9 54 8 9 27 10 9 54 0 10 4 1 10 8 2 10 4 3 10 4 4 10 8 7 10 4 8 10 4 9 10 4 10 10 8
881 6854270 1 1 1 0 6 35
882 6855783 1 1 1 9 1 50
883 6856019 1 1 1 6 10 3259
884 6864934 11 1 11 1 0 72 1 1 9634 1 2 114 1 3 29 1 4 14100 1 5 4721 1 6 11987 1 7 98 1 8 18984 1 9 166 1 10 16381
885 6868223 6 6 2 0 3 1 7 3 1 4 10 14 5 10 29 6 10 14 10 10 14
886 6869683 1 1 1 5 9 4707
887 6925239 66 6 11 1 0 13 2 0 26 3 0 13 6 0 13 8 0 26 10 0 13 1 1 10 2 1 20 3 1 10 6 1 10 8 1 20 10 1 10 1 2 483 2 2 967 3 2 483 6 2 967 8 2 483 10 2 483 1 3 6 2 3 6 3 3 31 6 3 6 8 3 6 10 3 12 1 4 28 2 4 425 3 4 56 6 4 113 8 4 28 10 4 28 1 5 1204 2 5 1204 3 5 1204 6 5 1204 8 5 1204 10 5 1204 1 6 1 2 6 39 3 6 1 6 6 1 8 6 21 10 6 1 1 7 15 2 7 30 3 7 30 6 7 15 8 7 15 10 7 257 1 8 15 2 8 3 3 8 1 6 8 3 8 8 3 10 8 1 1 9 1 2 9 24 3 9 2 6 9 4 8 9 1 10 9 1 1 10 14 2 10 7 3 10 3 6 10 3 8 10 3 10 10 14
888 6932129 11 1 11 3 0 1355 3 1 5892 3 2 52 3 3 210 3 4 11954 3 5 424 3 6 149 3 7 13 3 8 4657 3 9 8545 3 10 67
889 6932527 1 1 1 0 7 30
890 6934938 3 3 2 6 0 114 10 0 57 7 4 454
891 6937180 4 4 1 2 2 78 3 2 39 6 2 39 7 2 39
892 6938971 1 1 1 7 0 2161
893 6946697 11 1 11 10 0 94 10 1 117 10 2 3967 10 3 1776 10 4 265 10 5 180 10 6 11 10 7 55 10 8 56 10 9 29 10 10 100
894 6957026 12 4 5 1 3 1522 9 3 761 1 4 57 3 4 23 4 4 11 3 8 31 4 8 7 4 9 3842 9 9 5378 1 10 34 3 10 17 9 10 17
895 6997496 36 9 8 0 0 5 1 0 10 3 0 10 4 0 20 5 0 5 7 0 5 9 0 5 10 0 5 7 2 93 9 2 93 10 2 93 0 3 13 2 3 27 3 3 152 4 3 13 5 3 13 1 6 3027 2 6 21191 3 6 3027 4 6 3027 10 6 3027 0 7 47 1 7 15 5 7 15 7 7 31 2 8 40 4 8 20 7 8 20 9 8 20 0 9 10 2 9 7 5 9 3 9 9 3 1 10 33271 3 10 33271 10 10 33271
896 6999016 1 1 1 0 6 102
897 7002425 4 4 1 0 5 15 2 5 15 3 5 15 7 5 15
898 7010261 11 11 1 0 3 19 1 3 4 2 3 9 3 3 2 4 3 2 5 3 2 6 3 21 7 3 2 8 3 2 9 3 2 10 3 2
899 7010912 1 1 1 4 8 45
900 7012672 2 2 1 5 3 170 9 3 85
901 7051662 55 5 11 0 0 1 1 0 1 2 0 1 4 0 6 7 0 1 0 1 1988 1 1 5966 2 1 1988 4 1 5966 7 1 5966 0 2 14 1 2 57 2 2 71 4 2 14 7 2 14 0 3 65 1 3 3 2 3 6 4 3 20 7 3 6 0 4 39 1 4 13 2 4 13 4 4 132 7 4 13 0 5 4 1 5 1 2 5 1 4 5 1 7 5 2 0 6 40 1 6 120 2 6 40 4 6 80 7 6 40 0 7 25 1 7 25 2 7 25 4 7 25 7 7 51 0 8 36126 1 8 24084 2 8 36126 4 8 24084 7 8 12042 0 9 295 1 9 295 2 9 8282 4 9 5028 7 9 295 0 10 6 1 10 9 2 10 2 4 10 2 7 10 2
902 7051839 1 1 1 5 3 43789
903 7052062 1 1 1 2 0 8381
904 7054422 1 1 1 1 2 590
905 7054790 1 1 1 6 1 9857
906 7055976 2 2 2 5 4 331 8 9 208
907 7066662 11 1 11 10 0 11891 10 1 259 10 2 32 10 3 19052 10 4 78 10 5 66 10 6 78 10 7 15723 10 8 174 10 9 31 10 10 2
908 7066765 1 1 1 9 3 248
909 7076702 11 1 11 7 0 45 7 1 12647 7 2 23 7 3 86 7 4 96 7 5 76 7 6 402 7 7 4780 7 8 233 7 9 148 7 10 58
910 7096741 20 10 4 1 3 11 2 3 3 3 3 7 4 3 15 7 3 3 8 3 3 3 7 33 6 7 33 8 7 33 10 7 33 1 8 4 5 8 45 9 8 82 10 8 31 2 10 31 4 10 23 5 10 1 6 10 9 7 10 1 9 10 1
911 7101463 6 3 3 2 1 14 3 1 14 10 1 28 10 3 49 2 10 52 3 10 35
912 7101567 1 1 1 0 5 346
913 7193625 121 11 11 0 0 5 1 0 38 2 0 5 3 0 10 4 0 5 5 0 5 6 0 5 7 0 21 8 0 5 9 0 5 10 0 5 0 1 31 1 1 6 2 1 6 3 1 18 4 1 6 5 1 6 6 1 6 7 1 6 8 1 6 9 1 88 10 1 6 0 2 6 1 2 6 2 2 6 3 2 6 4 2 6 5 2 6 6 2 20 7 2 13 8 2 6 9 2 6 10 2 6 0 3 10 1 3 10 2 3 10 3 3 10 4 3 10 5 3 42 6 3 10 7 3 10 8 3 10 9 3 10 10 3 10 0 4 876 1 4 2630 2 4 1753 3 4 876 4 4 876 5 4 876 6 4 876 7 4 876 8 4 17537 9 4 876 10 4 2630 0 5 1 1 5 1 2 5 3 3 5 1 4 5 1 5 5 16 6 5 1 7 5 1 8 5 8 9 5 1 10 5 9 0 6 121 1 6 363 2 6 363 3 6 242 4 6 484 5 6 363 6 6 121 7 6 2178 8 6 121 9 6 242 10 6 121 0 7 13 1 7 27 2 7 13 3 7 13 4 7 40 5 7 13 6 7 13 7 7 27 8 7 13 9 7 13 10 7 13 0 8 1 1 8 1 2 8 1 3 8 1 4 8 1 5 8 1 6 8 1 7 8 1 8 8 1 9 8 1 10 8 1 0 9 10 1 9 10 2 9 10 3 9 10 4 9 54 5 9 21 6 9 21 7 9 10 8 9 10 9 9 32 10 9 32 0 10 47 1 10 47 2 10 47 3 10 94 4 10 235 5 10 47 6 10 47 7 10 141 8 10 141 9 10 141 10 10 47
914 7210308 22 11 4 1 1 5 3 1 5 4 1 5 5 1 5 7 1 75 8 1 16 9 1 5 0 3 1 1 3 1 2 3 4 5 3 1 6 3 1 7 3 1 9 3 1 3 4 1 8 4 1 10 4 27 0 6 208 2 6 208 4 6 208 6 6 208 10 6 208
915 7212243 1 1 1 0 6 80
916 7213739 3 3 1 0 7 38 3 7 38 4 7 38
917 7213826 1 1 1 6 3 316
918 7224137 11 1 11 7 0 977 7 1 442 7 2 72 7 3 100 7 4 38879 7 5 308 7 6 19602 7 7 58 7 8 63 7 9 173 7 10 139
919 7226588 1 1 1 6 1 79
920 7229767 2 2 1 0 3 5 3 3 64
921 7229877 1 1 1 9 2 91
922 7250582 22 2 11 0 0 1050 1 0 262 0 1 52 1 1 52 0 2 111 1 2 55 0 3 20 1 3 40 0 4 162 1 4 162 0 5 90 1 5 45 0 6 8468 1 6 4234 0 7 90 1 7 45 0 8 117 1 8 234 0 9 2 1 9 35 0 10 274 1 10 274
923 7251564 1 1 1 3 5 131
924 7252143 1 1 1 3 3 33
925 7253036 1 1 1 0 1 45
926 7255805 1 1 1 0 5 206
927 7256325 1 1 1 10 9 2133
928 7256588 1 1 1 1 7 93
929 7264297 11 1 11 3 0 87 3 1 9812 3 2 148 3 3 59 3 4 50 3 5 16211 3 6 4 3 7 79 3 8 147 3 9 56 3 10 2298
930 7273710 11 1 11 4 0 51 4 1 150 4 2 71 4 3 94 4 4 6 4 5 41 4 6 348 4 7 68 4 8 111 4 9 12668 4 10 71
931 7276313 1 1 1 2 5 13037
932 7277946 1 1 1 4 6 180
933 7278769 1 1 1 7 7 431
934 7279052 1 1 1 3 0 2731
935 7279572 1 1 1 1 7 32
936 7279700 1 1 1 10 0 1071
937 7280179 1 1 1 5 2 179
938 7281080 1 1 1 9 3 142
939 7281361 1 1 1 7 1 24
940 7281827 1 1 1 10 2 18
941 7282975 2 2 2 6 1 35 7 3 60
942 7283372 1 1 1 9 1 98
943 7283468 1 1 1 8 6 63
944 7284279 3 3 2 2 0 40 1 4 222 8 4 445
945 7285100 1 1 1 2 4 237
946 7286620 1 1 1 2 1 122
947 7292393 6 3 3 6 1 791 9 1 1582 10 1 791 9 2 100 10 2 100 6 8 30
948 7307017 11 11 1 0 7 1 1 7 5 2 7 1 3 7 17 4 7 1 5 7 2 6 7 1 7 7 8 8 7 48 9 7 1 10 7 1
949 7312605 11 1 11 6 0 118 6 1 42 6 2 321 6 3 27 6 4 102 6 5 24 6 6 151 6 7 85 6 8 171 6 9 114 6 10 1325
950 7317970 11 1 11 4 0 5263 4 1 10183 4 2 168 4 3 42 4 4 74 4 5 9547 4 6 63 4 7 230 4 8 50 4 9 693 4 10 136
951 7320252 1 1 1 6 3 82
952 7331445 11 1 11 7 0 1280 7 1 53 7 2 19771 7 3 60 7 4 77 7 5 50 7 6 45 7 7 108 7 8 21 7 9 273 7 10 245
953 7331486 1 1 1 5 6 11249
954 7333846 1 1 1 3 3 21810
955 7342566 11 1 11 7 0 248 7 1 93 7 2 10 7 3 82 7 4 11364 7 5 16263 7 6 2919 7 7 55 7 8 200 7 9 76 7 10 38
956 7342653 1 1 1 6 6 115
957 7344450 1 1 1 6 10 66437
958 7345647 1 1 1 9 3 8
959 7347026 1 1 1 5 4 23
960 7350180 3 3 2 9 8 175 10 8 175 3 10 4031
961 7350778 1 1 1 10 5 5778
962 7350938 1 1 1 0 1 7
963 7353125 4 4 1 0 8 550 1 8 550 4 8 550 5 8 550
964 7353606 1 1 1 2 9 1990
965 7353762 1 1 1 8 7 203
966 7354873 1 1 1 0 4 94
967 7355059 1 1 1 2 4 18
968 7355707 1 1 1 1 0 4003
969 7356424 2 2 1 6 3 2057 10 3 4114
970 7384071 30 10 5 0 2 1 1 2 1 4 2 6 6 2 1 7 2 1 8 2 2 0 5 1 1 5 7 4 5 1 5 5 1 7 5 1 9 5 1 10 5 235 3 7 3 5 7 1 6 7 1 10 7 47 3 9 24 4 9 24 5 9 24 7 9 24 8 9 99 9 9 24 0 10 82 1 10 55 3 10 715 6 10 27 8 10 220 9 10 110 10 10 27
971 7398163 11 1 11 10 0 13087 10 1 187 10 2 167 10 3 348 10 4 3979 10 5 198 10 6 241 10 7 116 10 8 95 10 9 166 10 10 185
972 7405263 3 3 1 0 6 1448 7 6 1448 8 6 4346
973 7405368 1 1 1 5 9 92
974 7461356 66 11 11 5 0 30 9 0 15 10 0 15 0 1 1 4 1 2 9 1 1 10 1 1 1 2 3 3 2 1 4 2 1 7 2 1 9 2 204 10 2 1 0 3 264 1 3 528 2 3 792 3 3 17703 4 3 528 5 3 528 8 3 264 9 3 264 0 4 19 1 4 6 2 4 39 4 4 6 5 4 26 6 4 6 7 4 6 8 4 6 2 5 24 6 5 12 7 5 48 8 5 12 9 5 12 0 6 12 1 6 12 4 6 24 6 6 12 7 6 12 8 6 12 0 7 3 1 7 6 2 7 3 3 7 6 5 7 3 6 7 6 7 7 3 8 7 3 10 7 6 0 8 587 3 8 587 5 8 2939 6 8 587 1 9 30 2 9 6 3 9 18 4 9 6 5 9 30 8 9 6 10 9 12 2 10 2 3 10 2 6 10 5 7 10 5 9 10 2 10 10 2
975 7461728 1 1 1 8 0 971
976 7464433 1 1 1 8 10 234
977 7465054 1 1 1 10 6 69
978 7466102 1 1 1 8 6 278
979 7469819 6 3 3 4 2 11 5 2 55 7 4 1684 4 10 66 5 10 66 7 10 66
980 7469878 1 1 1 6 4 24
981 7477627 5 5 1 0 9 7 6 9 42 7 9 7 9 9 7 10 9 7
982 7481772 1 1 1 6 1 9819
983 7481831 1 1 1 0 5 2719
984 7482630 1 1 1 8 3 1568
985 7484031 2 2 1 6 2 16 9 2 16
986 7484319 1 1 1 10 8 332
987 7484490 1 1 1 10 0 150
988 7487913 1 1 1 8 4 53
989 7488678 1 1 1 6 7 33121
990 7504423 22 2 11 1 0 32 5 0 32 1 1 48 5 1 145 1 2 18 5 2 36 1 3 1961 5 3 1961 1 4 446 5 4 893 1 5 17873 5 5 17873 1 6 900 5 6 8100 1 7 41 5 7 82 1 8 994 5 8 994 1 9 5630 5 9 5630 1 10 4 5 10 17
991 7504516 1 1 1 2 4 231
992 7510557 11 1 11 1 0 12 1 1 28 1 2 22765 1 3 97 1 4 25 1 5 85 1 6 3038 1 7 173 1 8 11 1 9 41 1 10 116
993 7512015 1 1 1 4 1 321
994 7512665 1 1 1 7 6 1432
995 7515683 3 3 1 4 10 11149 6 10 11149 7 10 11149
996 7516823 1 1 1 10 5 15151
997 7520873 2 2 1 0 2 457 6 2 11060
998 7521525 1 1 1 6 4 11234
999 7529257 11 1 11 4 0 37 4 1 9552 4 2 391 4 3 107 4 4 28 4 5 30 4 6 92 4 7 49 4 8 12 4 9 48 4 10 17
