11 1000
0 20086 22 2 11 1 0 2 9 0 1 1 1 3 9 1 6 1 2 152 9 2 76 1 3 195 9 3 1560 1 4 103 9 4 103 1 5 6 9 5 6 1 6 24 9 6 12 1 7 23 9 7 46 1 8 28 9 8 56 1 9 151 9 9 1 1 10 471 9 10 942
1 20448 1 1 1 9 1 33309
2 21382 1 1 1 0 10 1004
3 76661 33 3 11 5 0 2396 9 0 4792 10 0 2396 5 1 14 9 1 84 10 1 14 5 2 11041 9 2 11041 10 2 11041 5 3 126 9 3 2654 10 3 252 5 4 3213 9 4 3213 10 4 3213 5 5 113 9 5 5552 10 5 113 5 6 284 9 6 284 10 6 2558 5 7 31 9 7 63 10 7 31 5 8 197 9 8 18952 10 8 592 5 9 20 9 9 20 10 9 40 5 10 935 9 10 1871 10 10 1871
4 88735 6 6 3 2 0 15 8 0 205 7 5 43 5 8 14 6 8 9 9 8 4
5 90105 1 1 1 9 8 2075
6 92864 1 1 1 3 9 2025
7 96691 1 1 1 1 4 57
8 101452 1 1 1 10 0 624
9 140131 33 3 11 1 0 14 4 0 7 7 0 7 1 1 4 4 1 2 7 1 19 1 2 19 4 2 98 7 2 19 1 3 74 4 3 74 7 3 74 1 4 2 4 4 2 7 4 2 1 5 35 4 5 248 7 5 35 1 6 23 4 6 70 7 6 23 1 7 39 4 7 39 7 7 39 1 8 2 4 8 2 7 8 2 1 9 7 4 9 7 7 9 45 1 10 7 4 10 25 7 10 1
10 148691 5 5 1 0 1 1740 2 1 870 4 1 8702 5 1 870 8 1 870
11 150829 1 1 1 0 9 88
12 152125 2 2 1 3 2 8 6 2 40
13 196720 28 7 7 1 1 265 3 1 265 5 1 530 8 1 265 10 1 1591 6 2 70 1 4 340 3 4 1361 5 4 340 6 4 340 7 4 3064 8 4 340 10 4 340 3 5 41 5 5 13 6 5 13 10 5 13 1 8 1 7 8 3 8 8 1 1 9 30152 3 9 2319 7 9 48707 10 9 18555 5 10 495 6 10 99 7 10 99 8 10 297
14 197364 1 1 1 7 6 107
15 198319 1 1 1 3 6 109
16 203405 4 4 1 1 4 7 2 4 209 4 4 11 9 4 3
17 257362 45 9 9 3 1 44 6 1 88 7 1 44 10 1 44 0 2 526 1 2 526 2 2 8942 6 2 526 10 2 1578 2 3 46 9 3 46 10 3 93 2 4 12 5 4 12 7 4 12 1 5 16 2 5 100 3 5 16 5 5 16 6 5 184 0 7 2 1 7 17 2 7 2 3 7 19 5 7 2 7 7 2 9 7 5 10 7 2 0 8 1 1 8 1 3 8 6 5 8 30 6 8 1 7 8 1 9 8 1 0 9 5269 6 9 1976 7 9 658 9 9 658 10 9 1317 0 10 1 1 10 1 3 10 26 5 10 1 9 10 1
18 268524 11 1 11 1 0 61 1 1 13067 1 2 19 1 3 19564 1 4 20 1 5 253 1 6 36 1 7 209 1 8 1476 1 9 179 1 10 164
19 271543 1 1 1 1 0 84
20 276050 1 1 1 4 8 333
21 302093 22 2 11 3 0 51960 4 0 25980 3 1 17 4 1 31 3 2 1009 4 2 6055 3 3 9711 4 3 9711 3 4 45 4 4 22 3 5 18 4 5 18 3 6 41 4 6 290 3 7 129 4 7 86 3 8 86 4 8 86 3 9 94 4 9 47 3 10 68 4 10 27
22 304058 1 1 1 6 5 14781
23 308212 3 3 1 5 10 4218 8 10 4218 10 10 4218
24 308412 1 1 1 7 4 6073
25 313939 2 2 1 3 0 5933 4 0 1977
26 313998 1 1 1 0 8 2366
27 326204 7 7 1 0 0 1040 1 0 130 2 0 1300 3 0 130 6 0 130 7 0 130 10 0 130
28 326804 1 1 1 0 8 53
29 355568 22 2 11 2 0 72 10 0 33 2 1 11 10 1 11 2 2 8778 10 2 2926 2 3 99 10 3 99 2 4 83 10 4 20 2 5 28 10 5 56 2 6 2425 10 6 2425 2 7 377 10 7 2267 2 8 170 10 8 170 2 9 94 10 9 5 2 10 58 10 10 175
30 358305 3 3 1 0 6 11 2 6 11 6 6 11
31 365222 8 4 3 3 3 475 1 6 46 3 6 1 4 6 1 5 6 1 1 7 4140 4 7 4140 5 7 2070
32 369188 3 3 1 0 4 14 6 4 72 7 4 14
33 369724 1 1 1 8 7 56
34 370164 1 1 1 3 5 1261
35 371294 2 1 2 7 5 100 7 10 74
36 371512 1 1 1 3 4 53
37 389332 15 5 5 3 0 25 4 0 25 6 0 25 8 0 25 4 6 62 0 8 6 3 8 6 6 8 61 0 9 2107 3 9 6321 8 9 4214 0 10 4 4 10 4 6 10 4 8 10 4
38 401775 8 4 3 2 1 190 7 1 190 10 1 381 2 5 55 7 5 110 8 5 55 10 5 110 8 8 11723
39 407844 5 5 1 0 5 34 3 5 6 4 5 6 6 5 20 10 5 6
40 411967 1 1 1 0 1 119
41 424333 11 1 11 10 0 90 10 1 3192 10 2 50 10 3 35 10 4 238 10 5 3030 10 6 244 10 7 58 10 8 44 10 9 75 10 10 49
42 426389 1 1 1 8 0 5
43 426444 1 1 1 5 8 154
44 434143 11 1 11 1 0 118 1 1 36 1 2 89 1 3 43 1 4 29 1 5 455 1 6 217 1 7 1307 1 8 59 1 9 19650 1 10 3951
45 436036 6 6 1 0 6 3190 1 6 1063 4 6 1063 5 6 2127 6 6 1063 8 6 1063
46 436620 1 1 1 5 10 186
47 437166 1 1 1 8 1 42
48 438931 2 2 1 8 8 26 10 8 53
49 439202 1 1 1 5 3 10203
50 453236 15 5 5 2 0 44 7 0 44 9 0 44 10 0 44 1 3 14 2 3 14 9 3 14 1 4 745 10 4 2237 1 8 12 7 8 1 10 8 1 2 10 3160 7 10 526 9 10 5268
51 573461 72 8 11 2 0 10 3 0 10 5 0 10 7 0 21 8 0 21 9 0 10 10 0 64 0 1 15 5 1 15 9 1 15 10 1 30 0 2 10 2 2 5 3 2 5 7 2 5 8 2 26 9 2 5 0 3 107 3 3 15 5 3 15 7 3 15 8 3 15 10 3 15 0 4 15 2 4 15 5 4 15 7 4 15 8 4 15 9 4 31 10 4 15 0 5 33 2 5 8 3 5 8 5 5 8 9 5 24 0 6 1 2 6 1 3 6 1 5 6 1 7 6 9 8 6 51 9 6 5 10 6 1 2 7 5 3 7 11 5 7 5 7 7 5 8 7 5 10 7 5 0 8 6 2 8 3 3 8 13 5 8 1 7 8 1 8 8 1 9 8 1 10 8 21 0 9 5 2 9 1 3 9 1 5 9 1 7 9 1 8 9 1 9 9 1 10 9 1 0 10 1 2 10 1 3 10 1 7 10 1 8 10 1 9 10 1 10 10 1
52 574368 1 1 1 9 4 249
53 575069 1 1 1 4 10 10
54 576811 2 2 1 0 10 4501 9 10 4501
55 577027 1 1 1 0 9 3923
56 582859 3 1 3 5 0 1 5 2 461 5 6 86
57 583594 1 1 1 7 9 705
58 587318 2 2 1 1 2 7830 8 2 1566
59 647077 44 4 11 1 0 2 2 0 6 5 0 2 8 0 4 1 1 67 2 1 67 5 1 22 8 1 22 1 2 204 2 2 204 5 2 102 8 2 204 1 3 5 2 3 5 5 3 63 8 3 10 1 4 1 2 4 8 5 4 3 8 4 6 1 5 14 2 5 14 5 5 28 8 5 14 1 6 19 2 6 19 5 6 19 8 6 19 1 7 13 2 7 6 5 7 26 8 7 6 1 8 1 2 8 1 5 8 15 8 8 1 1 9 128 2 9 18 5 9 36 8 9 18 1 10 3 2 10 3 5 10 3 8 10 27
60 648469 1 1 1 6 6 322
61 659074 6 3 3 2 1 230 2 2 24 7 2 24 10 2 24 7 4 126 10 4 63
62 659624 1 1 1 8 5 5726
63 661494 1 1 1 8 5 77
64 665301 1 1 1 2 6 218
65 666762 1 1 1 7 7 118
66 681309 11 1 11 0 0 2 0 1 84 0 2 233 0 3 61 0 4 60 0 5 116 0 6 59 0 7 227 0 8 966 0 9 82 0 10 2896
67 681318 1 1 1 1 7 10
68 686535 6 6 1 2 4 1 3 4 3 4 4 13 5 4 1 8 4 1 10 4 23
69 686889 1 1 1 5 1 15911
70 708226 8 4 4 10 6 45 3 7 1 4 7 3 8 7 1 4 8 43 8 8 21 10 8 21 3 10 99
71 708302 1 1 1 8 0 65
72 726255 11 1 11 6 0 6120 6 1 5 6 2 8 6 3 18 6 4 12101 6 5 28 6 6 108 6 7 60 6 8 12198 6 9 16 6 10 83
73 726631 1 1 1 6 6 58
74 729122 3 3 1 3 7 8 7 7 25 10 7 17
75 802181 66 11 11 0 0 5 6 0 11 8 0 63 0 1 591 2 1 591 3 1 591 4 1 1183 5 1 5916 6 1 591 8 1 4733 1 2 778 4 2 7002 5 2 778 2 3 33 3 3 33 7 3 168 10 3 33 2 4 1 3 4 1 4 4 7 5 4 8 9 4 1 10 4 3 0 5 115 1 5 231 2 5 577 3 5 115 4 5 115 6 5 231 7 5 115 8 5 115 9 5 115 10 5 1270 1 6 163 5 6 14 7 6 14 9 6 14 10 6 14 0 7 1 1 7 1 4 7 4 5 7 10 8 7 3 9 7 1 10 7 1 0 8 1 1 8 1 2 8 1 3 8 1 4 8 1 6 8 68 7 8 1 8 8 1 0 9 1 2 9 1 3 9 1 6 9 1 7 9 1 8 9 1 9 9 33 10 9 1 1 10 3 5 10 3 6 10 7 7 10 7 9 10 7
76 802931 1 1 1 9 3 98
77 812015 7 7 1 0 4 105 4 4 10 6 4 52 7 4 21 8 4 21 9 4 42 10 4 31
78 814533 1 1 1 6 1 47
79 818307 2 2 1 3 3 38 10 3 38
80 820353 1 1 1 7 4 194
81 820565 1 1 1 0 6 119
82 824453 1 1 1 1 8 76
83 826061 1 1 1 0 2 165
84 922297 66 6 11 2 0 15 3 0 7 4 0 7 6 0 15 7 0 7 10 0 7 2 1 8 3 1 24 4 1 120 6 1 8 7 1 8 10 1 16 2 2 231 3 2 308 4 2 694 6 2 308 7 2 154 10 2 77 2 3 4 3 3 8 4 3 4 6 3 17 7 3 4 10 3 8 2 4 5 3 4 5 4 4 5 6 4 5 7 4 5 10 4 10 2 5 71 3 5 4 4 5 4 6 5 4 7 5 716 10 5 4 2 6 2 3 6 1 4 6 1 6 6 1 7 6 1 10 6 1 2 7 21 3 7 21 4 7 21 6 7 65 7 7 21 10 7 43 2 8 1 3 8 1 4 8 3 6 8 1 7 8 1 10 8 6 2 9 84 3 9 1 4 9 6 6 9 6 7 9 1 10 9 1 2 10 6 3 10 6 4 10 2 6 10 10 7 10 95 10 10 2
85 922570 2 2 1 8 6 404 9 6 404
86 923067 1 1 1 7 5 3487
87 924146 1 1 1 5 7 210
88 929452 2 2 1 1 6 30 9 6 10
89 947231 11 1 11 7 0 56 7 1 10154 7 2 266 7 3 43 7 4 298 7 5 6 7 6 1461 7 7 1448 7 8 6309 7 9 100 7 10 53
90 948970 1 1 1 8 3 184
91 958282 8 8 1 0 2 550 1 2 10456 3 2 550 4 2 550 6 2 2201 7 2 550 8 2 550 9 2 4953
92 958492 2 2 1 4 0 66 9 0 133
93 964999 4 2 2 7 7 13 9 7 13 7 10 67 9 10 67
94 973763 11 11 1 0 5 1513 1 5 756 2 5 756 3 5 756 4 5 1513 5 5 756 6 5 756 7 5 2270 8 5 756 9 5 756 10 5 756
95 976731 1 1 1 3 1 49
96 978814 2 2 1 0 5 44 10 5 88
97 993753 11 11 1 0 9 1843 1 9 1843 2 9 3687 3 9 3687 4 9 1843 5 9 3687 6 9 1843 7 9 5530 8 9 1843 9 9 1843 10 9 5530
98 993924 1 1 1 10 1 117
99 1049429 33 3 11 0 0 203 7 0 1829 9 0 203 0 1 40 7 1 40 9 1 40 0 2 19 7 2 19 9 2 19 0 3 63 7 3 63 9 3 63 0 4 28 7 4 28 9 4 28 0 5 5 7 5 5 9 5 5 0 6 10 7 6 5 9 6 70 0 7 38 7 7 12 9 7 12 0 8 1 7 8 5 9 8 1 0 9 42 7 9 42 9 9 85 0 10 3070 7 10 3070 9 10 3070
100 1050925 1 1 1 7 2 57
101 1052230 1 1 1 10 8 35
102 1144860 66 11 11 0 0 35 2 0 70 4 0 35 6 0 35 0 1 3 5 1 3 8 1 91 9 1 7 10 1 3 0 2 483 2 2 483 3 2 1451 5 2 483 6 2 483 7 2 483 8 2 967 9 2 967 1 3 5 2 3 17 6 3 5 7 3 5 8 3 17 9 3 11 10 3 5 1 4 4 2 4 4 4 4 4 6 4 12 7 4 16 9 4 16 10 4 8 1 5 14 4 5 14 5 5 14 6 5 14 10 5 57 1 6 1 3 6 1 4 6 1 5 6 1 8 6 31 9 6 7 10 6 1 0 7 3 1 7 2 2 7 1 3 7 1 4 7 1 5 7 2 7 7 1 8 7 78 0 8 14609 3 8 29219 6 8 14609 1 9 9 3 9 9 7 9 9 0 10 21 2 10 21 3 10 21 4 10 21 5 10 21 7 10 21 8 10 21 9 10 21 10 10 21
103 1153977 4 4 1 0 5 6 3 5 87 8 5 6 9 5 13
104 1161524 11 1 11 4 0 1 4 1 18 4 2 54 4 3 2306 4 4 19491 4 5 74 4 6 5599 4 7 132 4 8 216 4 9 60 4 10 38979
105 1164025 1 1 1 1 5 326
106 1164251 1 1 1 4 9 39149
107 1164716 1 1 1 6 2 1524
108 1208293 32 8 8 0 0 226 2 0 226 3 0 226 4 0 226 7 0 3619 8 0 226 0 2 1 2 2 1 3 2 1 6 2 1 7 2 1 2 3 69 5 3 13 8 3 27 5 4 34 6 4 68 7 4 34 8 4 17 2 5 16 4 5 90 6 5 8 0 6 7 3 6 15 4 6 7 6 6 7 0 7 4 5 7 4 7 7 76 3 10 3 4 10 21 5 10 3 8 10 3
109 1209001 2 2 1 3 0 33 6 0 101
110 1214119 11 1 11 3 0 197 3 1 64 3 2 330 3 3 4665 3 4 18 3 5 196 3 6 59 3 7 345 3 8 100 3 9 116 3 10 47
111 1214376 1 1 1 4 0 2184
112 1217660 2 2 1 3 1 5 9 1 2
113 1217732 1 1 1 10 6 349
114 1219182 1 1 1 6 9 34
115 1220991 2 2 1 3 6 95 10 6 95
116 1231699 11 1 11 2 0 61 2 1 6 2 2 161 2 3 15961 2 4 113 2 5 254 2 6 106 2 7 208 2 8 217 2 9 68 2 10 8305
117 1243565 11 1 11 0 0 125 0 1 35 0 2 132816 0 3 30 0 4 101 0 5 160 0 6 1374 0 7 29 0 8 56 0 9 4276 0 10 1361
118 1257564 10 10 3 0 2 55 2 2 2 4 2 2 6 2 15 1 5 301 7 5 16 8 5 16 10 5 16 5 7 55 9 7 55
119 1257740 1 1 1 5 8 2988
120 1260274 3 3 1 0 7 124 1 7 62 9 7 124
121 1260750 1 1 1 4 1 48
122 1262060 2 2 1 0 1 98 6 1 49
123 1264525 2 2 2 6 3 7858 10 10 32
124 1269558 4 4 1 1 3 7 2 3 7 7 3 7 9 3 28
125 1269936 1 1 1 0 2 16
126 1273693 2 2 1 0 0 119 3 0 39
127 1297852 11 1 11 0 0 130 0 1 237 0 2 9547 0 3 27 0 4 115 0 5 244 0 6 358 0 7 4651 0 8 19017 0 9 22699 0 10 2474
128 1299270 1 1 1 2 0 5
129 1299686 1 1 1 4 10 22
130 1300796 1 1 1 7 10 226
131 1301325 1 1 1 1 3 226
132 1313353 8 4 3 5 0 21 6 0 21 8 0 21 0 1 6 5 1 6 8 1 6 0 7 7571 6 7 7571
133 1313359 1 1 1 5 1 154
134 1322609 8 4 4 0 3 7 6 3 3 8 3 3 1 6 1980 6 7 32 0 9 76 1 9 76 8 9 76
135 1323228 2 1 2 1 6 8481 1 8 667
136 1346658 22 2 11 1 0 2006 8 0 2006 1 1 31 8 1 94 1 2 59 8 2 59 1 3 16 8 3 215 1 4 6084 8 4 6084 1 5 496 8 5 496 1 6 153 8 6 21 1 7 22 8 7 14 1 8 15 8 8 31 1 9 1 8 9 9 1 10 32 8 10 32
137 1423494 55 11 10 1 0 4 2 0 4 3 0 8 4 0 56 5 0 8 6 0 4 9 0 4 3 1 38 4 1 25 5 1 12 9 1 12 2 2 63 4 2 21 5 2 21 2 3 9 6 3 9 7 3 9 8 3 48 0 4 199 3 4 99 7 4 99 9 4 99 10 4 896 0 6 9 1 6 2 5 6 2 6 6 2 8 6 2 0 7 3 1 7 3 6 7 198 7 7 3 9 7 3 10 7 3 0 8 14 2 8 4 3 8 9 4 8 4 5 8 4 6 8 39 8 8 9 9 8 4 10 8 34 1 9 2136 3 9 2136 7 9 2136 8 9 6410 10 9 2136 0 10 222 1 10 222 2 10 890 4 10 222 7 10 1559 8 10 668 10 10 222
138 1424753 2 2 1 4 5 109 9 5 109
139 1431234 4 4 1 2 1 25 7 1 25 8 1 504 10 1 50
140 1431258 1 1 1 7 4 142
141 1432096 1 1 1 5 8 67
142 1434900 1 1 1 3 3 77
143 1446998 11 1 11 0 0 349 0 1 26 0 2 200 0 3 45 0 4 78 0 5 3991 0 6 85 0 7 238 0 8 4 0 9 7 0 10 7810
144 1449155 1 1 1 0 4 125
145 1449814 1 1 1 5 4 231
146 1467509 12 6 4 4 3 36 6 3 72 3 4 5 6 4 5 8 4 11 10 4 11 3 8 333 4 8 333 7 8 1332 8 8 999 10 8 333 7 9 50
147 1468389 2 2 2 6 2 182 9 6 19051
148 1473093 4 4 1 0 10 87 1 10 43 2 10 21 9 10 21
149 1473373 1 1 1 7 7 229
150 1484589 11 1 11 2 0 219 2 1 14 2 2 69 2 3 66 2 4 17932 2 5 126 2 6 229 2 7 5692 2 8 12718 2 9 28 2 10 10
151 1486185 2 2 1 3 9 3 5 9 3
152 1487769 1 1 1 4 1 1312
153 1496481 2 2 1 4 9 185 8 9 37
154 1572126 66 11 11 0 0 4 1 0 2 2 0 2 4 0 4 5 0 2 7 0 21 8 0 6 10 0 2 0 1 5 2 1 33 4 1 16 5 1 33 7 1 33 8 1 5 2 2 249 3 2 249 5 2 498 6 2 748 9 2 6235 3 3 28 7 3 56 9 3 28 1 4 10 2 4 10 3 4 10 6 4 10 8 4 10 9 4 10 10 4 91 4 5 69 6 5 69 9 5 69 10 5 139 0 6 115 1 6 460 4 6 460 6 6 690 7 6 115 8 6 230 10 6 575 0 7 642 1 7 642 2 7 642 3 7 1284 5 7 642 6 7 3210 7 7 642 9 7 1284 0 8 196 3 8 261 4 8 43 5 8 21 8 8 21 9 8 21 10 8 87 0 9 11 1 9 11 3 9 11 6 9 23 7 9 11 8 9 11 1 10 17 2 10 2 4 10 2 5 10 2 10 10 1
155 1572904 1 1 1 1 7 3
156 1577220 2 2 1 1 8 23 2 8 23
157 1577640 1 1 1 4 4 87
158 1581171 1 1 1 5 2 59
159 1581848 1 1 1 1 4 95
160 1670487 66 11 11 0 0 35 1 0 23 2 0 11 4 0 11 7 0 11 9 0 11 3 1 1 5 1 1 6 1 1 8 1 17 9 1 1 10 1 1 1 2 210 2 2 210 3 2 843 5 2 210 7 2 421 9 2 210 10 2 843 0 3 5 1 3 2 2 3 2 4 3 2 6 3 2 7 3 137 8 3 10 9 3 10 10 3 7 0 4 19 2 4 4 8 4 9 0 5 35 2 5 5 3 5 46 6 5 11 7 5 5 8 5 11 10 5 5 1 6 2 4 6 5 5 6 2 7 6 19 8 6 5 9 6 2 1 7 1 3 7 1 4 7 1 5 7 1 6 7 1 10 7 293 2 8 613 4 8 306 5 8 306 10 8 306 0 9 9 1 9 48 3 9 4 5 9 4 6 9 4 7 9 4 0 10 5 3 10 17 4 10 11 6 10 5 8 10 5 9 10 57
161 1673838 2 2 1 0 8 17 10 8 1
162 1703895 32 8 7 3 0 1899 5 0 1899 6 0 1899 7 0 3799 8 0 1899 0 1 1445 2 1 2890 3 1 1445 2 3 191 5 3 574 6 3 191 7 3 382 10 3 382 0 4 30 2 4 15 3 4 15 6 4 92 10 4 15 3 6 14 7 6 44 8 6 14 10 6 14 0 7 1351 5 7 225 7 7 675 8 7 225 0 10 15 2 10 75 5 10 5 6 10 5 8 10 5 10 10 5
163 1704217 1 1 1 4 3 297
164 1707306 1 1 1 6 8 11399
165 1719626 11 11 3 2 3 372 3 3 93 8 3 93 4 4 14 7 4 29 10 4 73 0 5 110 1 5 110 5 5 110 6 5 220 9 5 110
166 1720535 2 2 1 7 4 13 10 4 13
167 1721455 1 1 1 2 5 23577
168 1725043 6 6 1 1 2 15 2 2 15 5 2 15 6 2 30 7 2 30 8 2 30
169 1726178 1 1 1 3 4 102
170 1738440 11 1 11 3 0 97 3 1 57 3 2 1368 3 3 61 3 4 341 3 5 103 3 6 163 3 7 102 3 8 83 3 9 3937 3 10 19
171 1738721 1 1 1 4 8 604
172 1746642 6 3 3 4 2 54 7 2 54 6 8 29 7 8 29 4 10 18 6 10 36
173 1747416 1 1 1 4 2 87
174 1762903 21 7 6 1 2 9 2 2 9 5 2 9 6 2 19 7 2 9 9 2 9 0 3 36 1 3 36 2 3 36 0 4 18 5 4 18 5 6 24 6 6 96 7 6 24 0 7 14 1 7 14 7 7 14 9 7 14 2 10 174 6 10 9 9 10 9
175 1764571 3 3 1 2 6 13 5 6 13 8 6 39
176 1764958 1 1 1 6 9 8
177 1795930 22 2 11 0 0 89 3 0 359 0 1 12993 3 1 25986 0 2 189 3 2 1 0 3 10858 3 3 2171 0 4 47 3 4 23 0 5 42 3 5 42 0 6 344 3 6 172 0 7 35 3 7 17 0 8 1073 3 8 268 0 9 9 3 9 9 0 10 393 3 10 393
178 1797418 2 2 1 7 0 104 9 0 104
179 1800319 1 1 1 8 7 57
180 1800449 1 1 1 5 0 216
181 1801447 1 1 1 9 0 206
182 1801988 1 1 1 5 6 2663
183 1804612 1 1 1 4 0 35
184 1808767 3 3 2 0 5 54 3 5 54 1 6 21
185 1810907 1 1 1 10 10 36
186 1812476 1 1 1 8 0 11839
187 1818973 6 3 3 7 1 15 9 1 15 4 2 24 7 2 8 4 9 35 9 9 71
188 1819847 1 1 1 4 10 27
189 1821533 1 1 1 1 7 16203
190 1827598 4 2 2 8 0 72 10 0 36 8 10 8155 10 10 8155
191 1828719 1 1 1 8 6 7153
192 1840517 11 1 11 3 0 139 3 1 640 3 2 14 3 3 5872 3 4 9 3 5 27522 3 6 110 3 7 6128 3 8 53 3 9 1320 3 10 87
193 1841119 1 1 1 5 3 108
194 1842926 2 2 1 3 3 63 5 3 4
195 1842968 1 1 1 5 3 168
196 1845951 1 1 1 9 4 86
197 1848171 1 1 1 1 1 1245
198 1916304 55 11 10 0 0 5 1 0 10 5 0 5 6 0 5 7 0 20 8 0 5 9 0 5 10 0 5 0 1 4 1 1 4 2 1 18 4 1 4 5 1 9 9 1 4 0 2 2 1 2 2 2 2 6 7 2 6 9 2 2 0 3 2 4 3 10 6 3 20 8 3 2 1 4 4 2 4 2 3 4 2 5 4 4 6 4 2 7 4 2 8 4 2 9 4 4 3 5 1 4 5 9 5 5 1 8 5 1 9 5 1 10 5 1 0 6 222 2 6 334 3 6 1002 6 6 111 10 6 111 1 8 11 3 8 46 7 8 11 10 8 11 4 9 7 5 9 31 7 9 7 8 9 31 2 10 7 3 10 14 4 10 7 6 10 86 10 10 7
199 1916660 1 1 1 7 0 72
200 1917408 1 1 1 5 5 18
201 1918366 1 1 1 5 5 64
202 1924485 11 1 11 3 0 194 3 1 8 3 2 18 3 3 146 3 4 167 3 5 21864 3 6 222 3 7 44 3 8 120 3 9 290 3 10 415
203 1945201 22 2 11 7 0 49 8 0 228 7 1 21 8 1 5 7 2 64 8 2 64 7 3 353 8 3 1767 7 4 4534 8 4 1511 7 5 4342 8 5 8684 7 6 48 8 6 48 7 7 7494 8 7 7494 7 8 150 8 8 45 7 9 14 8 9 59 7 10 2495 8 10 2495
204 1946363 1 1 1 9 0 97
205 1949343 2 2 2 3 2 11780 0 3 62
206 1951392 1 1 1 3 6 88
207 1955929 1 1 1 7 0 68
208 1956240 1 1 1 10 7 217
209 1963691 5 5 1 1 5 39 3 5 39 4 5 39 7 5 39 8 5 39
210 1984590 11 11 1 0 3 1 1 3 1 2 3 1 3 3 1 4 3 1 5 3 7 6 3 1 7 3 1 8 3 299 9 3 1 10 3 1
211 1988145 2 2 1 9 6 59 10 6 59
212 1988251 1 1 1 2 6 14
213 1988265 1 1 1 8 4 106
214 1989610 1 1 1 0 7 47
215 1990027 1 1 1 7 4 8130
216 1991307 2 2 1 6 5 29 9 5 2
217 1998577 6 6 2 1 4 27 4 4 150 6 4 13 7 4 13 8 5 78 9 5 39
218 2002584 1 1 1 1 2 17074
219 2003247 1 1 1 4 5 7677
220 2004936 1 1 1 0 5 2340
221 2005050 1 1 1 8 7 220
222 2006433 2 2 1 0 7 28 7 7 112
223 2013798 6 3 3 2 2 68 3 2 68 7 2 68 2 7 68 3 9 2 7 9 1
224 2014914 3 1 3 3 2 49443 3 4 238 3 5 91
225 2017928 1 1 1 6 8 316
226 2021182 1 1 1 3 9 222
227 2021628 2 2 1 4 7 1033 5 7 1033
228 2022384 2 2 1 3 2 31 9 2 15
229 2057166 33 3 11 0 0 10 2 0 31 6 0 10 0 1 1 2 1 1 6 1 1 0 2 616 2 2 616 6 2 1233 0 3 28 2 3 28 6 3 14 0 4 17 2 4 52 6 4 17 0 5 4 2 5 133 6 5 19 0 6 27 2 6 55 6 6 27 0 7 28 2 7 9 6 7 9 0 8 118 2 8 118 6 8 118 0 9 74 2 9 74 6 9 74 0 10 5 2 10 5 6 10 5
230 2099189 33 3 11 0 0 2 3 0 48 8 0 12 0 1 46 3 1 230 8 1 46 0 2 1 3 2 1 8 2 48 0 3 136 3 3 136 8 3 136 0 4 78 3 4 78 8 4 78 0 5 11 3 5 3 8 5 3 0 6 6 3 6 6 8 6 13 0 7 226 3 7 226 8 7 2487 0 8 16 3 8 33 8 8 135 0 9 29 3 9 29 8 9 29 0 10 8 3 10 5 8 10 2
231 2102531 5 5 1 0 6 2 4 6 2 5 6 6 7 6 2 8 6 2
232 2105851 2 2 1 6 5 18 10 5 1
233 2180650 55 11 10 2 0 22 4 0 7 5 0 7 6 0 44 8 0 7 0 1 4 1 1 8 3 1 141 4 1 39 5 1 8 6 1 4 9 1 8 0 2 13 1 2 4 2 2 4 3 2 4 4 2 8 7 2 17 8 2 4 9 2 4 1 3 4 6 3 5 8 3 1 10 3 12 3 4 11532 4 4 1153 5 4 5766 7 4 1153 0 5 1 2 5 1 3 5 1 5 5 4 7 5 3 8 5 9 9 5 1 10 5 4 0 6 26 1 6 6 9 6 6 0 7 1 2 7 1 3 7 1 5 7 1 6 7 1 7 7 85 10 7 1 1 8 5 2 8 5 4 8 5 9 8 94 10 8 26 6 10 47 7 10 160 8 10 9 10 10 9
234 2182317 1 1 1 1 7 11379
235 2185282 1 1 1 2 7 17
236 2192093 2 2 1 5 6 55 9 6 55
237 2217168 22 2 11 4 0 72 10 0 18 4 1 55 10 1 11 4 2 27 10 2 55 4 3 1 10 3 224 4 4 4 10 4 215 4 5 53 10 5 107 4 6 47 10 6 47 4 7 51 10 7 51 4 8 53 10 8 53 4 9 11 10 9 11 4 10 82 10 10 82
238 2219054 3 1 3 3 7 58456 3 8 83 3 9 432
239 2230980 7 7 1 0 1 9 2 1 9 5 1 9 7 1 18 8 1 9 9 1 9 10 1 9
240 2231534 1 1 1 1 6 190
241 2314813 66 6 11 1 0 9 3 0 9 4 0 9 6 0 9 7 0 9 9 0 9 1 1 18 3 1 18 4 1 6 6 1 6 7 1 6 9 1 6 1 2 1952 3 2 1952 4 2 1952 6 2 3905 7 2 3905 9 2 5857 1 3 1 3 3 1 4 3 1 6 3 1 7 3 1 9 3 1 1 4 14 3 4 28 4 4 14 6 4 14 7 4 14 9 4 28 1 5 3364 3 5 8412 4 5 1682 6 5 1682 7 5 5047 9 5 1682 1 6 48 3 6 1 4 6 1 6 6 1 7 6 1 9 6 1 1 7 12 3 7 55 4 7 12 6 7 6 7 7 6 9 7 12 1 8 1 3 8 1 4 8 1 6 8 1 7 8 1 9 8 23 1 9 1226 3 9 1226 4 9 1226 6 9 1226 7 9 1226 9 9 3679 1 10 1014 3 10 4056 4 10 1014 6 10 8112 7 10 1014 9 10 1014
242 2315033 1 1 1 8 3 104
243 2315453 1 1 1 10 1 22
244 2319680 4 4 2 1 1 1 2 1 1 4 1 1 10 9 11740
245 2323296 2 2 1 0 8 20 10 8 40
246 2324070 2 2 1 7 0 7 10 0 30
247 2324255 1 1 1 9 7 2966
248 2326072 1 1 1 1 4 194
249 2327628 2 2 1 5 5 21 7 5 43
250 2328399 2 2 1 2 9 38 3 9 15
251 2329541 1 1 1 2 5 87
252 2329697 1 1 1 1 10 17
253 2331797 2 2 1 0 6 55 2 6 83
254 2332268 1 1 1 2 4 52
255 2334678 1 1 1 1 1 42
256 2335820 1 1 1 4 0 18
257 2337536 1 1 1 6 9 7792
258 2337568 1 1 1 3 0 83
259 2378464 33 11 7 1 0 14 3 0 14 4 0 14 6 0 14 7 0 14 8 0 89 10 0 14 0 1 891 2 1 1783 3 1 891 4 1 891 6 1 1783 7 1 2675 9 1 891 5 3 1246 6 3 623 9 3 623 10 3 623 5 5 85 8 5 600 0 7 51 1 7 25 2 7 25 4 7 25 5 7 25 9 7 25 10 7 25 0 8 2025 3 8 4050 7 8 2025 8 8 8101 1 10 622 2 10 622
260 2378635 1 1 1 0 8 471
261 2378942 1 1 1 2 6 94
262 2471022 66 6 11 0 0 19 2 0 9 3 0 9 4 0 69 8 0 9 9 0 19 0 1 30 2 1 30 3 1 30 4 1 30 8 1 30 9 1 30 0 2 13 2 2 6 3 2 6 4 2 13 8 2 6 9 2 6 0 3 1 2 3 1 3 3 1 4 3 3 8 3 1 9 3 1 0 4 1 2 4 9 3 4 1 4 4 12 8 4 11 9 4 1 0 5 2 2 5 1 3 5 2 4 5 1 8 5 8 9 5 7 0 6 8 2 6 8 3 6 51 4 6 17 8 6 43 9 6 8 0 7 1 2 7 5 3 7 1 4 7 1 8 7 1 9 7 1 0 8 21 2 8 7 3 8 14 4 8 7 8 8 7 9 8 7 0 9 30 2 9 15 3 9 15 4 9 15 8 9 15 9 9 15 0 10 12 2 10 12 3 10 6 4 10 18 8 10 55 9 10 6
263 2482598 8 8 1 0 10 3048 1 10 4572 2 10 1524 4 10 1524 6 10 1524 8 10 3048 9 10 1524 10 10 1524
264 2484337 1 1 1 4 4 5132
265 2484966 1 1 1 1 3 69
266 2489321 2 2 1 3 10 42 5 10 10
267 2490374 1 1 1 8 9 312
268 2492217 2 2 1 5 0 210 9 0 17
269 2502540 11 1 11 4 0 22 4 1 4881 4 2 8281 4 3 93 4 4 68 4 5 39 4 6 99 4 7 59 4 8 138 4 9 210 4 10 438
270 2504733 1 1 1 8 3 19537
271 2512432 3 3 1 1 7 8 2 7 8 7 7 34
272 2514306 1 1 1 1 5 106
273 2514996 1 1 1 6 9 4
274 2515653 1 1 1 8 9 85
275 2515659 1 1 1 0 3 2062
276 2517524 1 1 1 8 5 169
277 2518128 1 1 1 2 7 3263
278 2518466 1 1 1 7 6 166
279 2520720 2 2 2 6 1 37 0 10 162
280 2522026 1 1 1 5 2 647
281 2522296 1 1 1 1 7 651
282 2534155 11 1 11 8 0 16296 8 1 106 8 2 74 8 3 286 8 4 326 8 5 23 8 6 237 8 7 200 8 8 145 8 9 41 8 10 44
283 2534215 1 1 1 5 1 81
284 2534405 1 1 1 7 1 30
285 2547392 11 1 11 4 0 5994 4 1 297 4 2 275 4 3 17 4 4 168 4 5 15527 4 6 319 4 7 350 4 8 94 4 9 314 4 10 220
286 2548552 1 1 1 10 1 210
287 2693361 121 11 11 0 0 3 1 0 5 2 0 3 3 0 5 4 0 1 5 0 3 6 0 1 7 0 74 8 0 13 9 0 1 10 0 1 0 1 6 1 1 3 2 1 3 3 1 3 4 1 3 5 1 6 6 1 15 7 1 47 8 1 28 9 1 53 10 1 3 0 2 6 1 2 3 2 2 3 3 2 3 4 2 6 5 2 28 6 2 3 7 2 3 8 2 9 9 2 3 10 2 3 0 3 11 1 3 5 2 3 5 3 3 23 4 3 11 5 3 5 6 3 11 7 3 17 8 3 11 9 3 5 10 3 5 0 4 1 1 4 10 2 4 1 3 4 1 4 4 2 5 4 1 6 4 1 7 4 6 8 4 1 9 4 10 10 4 1 0 5 17 1 5 2 2 5 6 3 5 2 4 5 2 5 5 70 6 5 4 7 5 2 8 5 2 9 5 2 10 5 4 0 6 24 1 6 48 2 6 24 3 6 24 4 6 24 5 6 170 6 6 316 7 6 24 8 6 24 9 6 24 10 6 24 0 7 1615 1 7 807 2 7 12118 3 7 807 4 7 807 5 7 807 6 7 807 7 7 807 8 7 1615 9 7 807 10 7 807 0 8 11 1 8 5 2 8 5 3 8 11 4 8 5 5 8 5 6 8 5 7 8 5 8 8 5 9 8 5 10 8 35 0 9 1 1 9 3 2 9 1 3 9 1 4 9 1 5 9 1 6 9 1 7 9 1 8 9 1 9 9 1 10 9 1 0 10 7 1 10 7 2 10 30 3 10 15 4 10 7 5 10 7 6 10 7 7 10 15 8 10 7 9 10 7 10 10 61
288 2694266 1 1 1 8 10 108
289 2695235 1 1 1 10 10 47
290 2695985 1 1 1 5 7 223
291 2747779 55 11 10 0 0 33 1 0 1 2 0 8 3 0 6 5 0 3 6 0 3 7 0 3 8 0 6 10 0 1 0 1 128 4 1 128 7 1 1536 9 1 256 10 1 2688 0 2 3435 1 2 3435 2 2 6871 3 2 3435 5 2 3435 7 2 3435 8 2 34357 3 3 844 5 3 9080 7 3 211 8 3 1267 9 3 211 10 3 211 9 4 89 2 5 25 4 5 25 8 5 103 9 5 25 2 6 1228 3 6 409 4 6 2047 6 6 409 8 6 409 10 6 1228 0 7 111 1 7 111 2 7 111 3 7 111 5 7 111 6 7 333 7 7 333 0 8 26 1 8 35 4 8 8 5 8 8 6 8 8 1 9 1096 4 9 182 6 9 731 9 9 548 10 9 365
292 2797661 33 11 6 0 0 6 1 0 6 3 0 12 5 0 6 7 0 6 8 0 6 9 0 6 0 1 197 2 1 197 8 1 1776 9 1 197 2 6 13 5 6 13 7 6 106 8 6 13 10 6 39 0 8 218 1 8 1090 3 8 654 4 8 218 5 8 218 6 8 218 7 8 218 9 8 218 10 8 3054 4 9 176 6 9 1235 10 9 529 1 10 2 2 10 1 3 10 3 4 10 1 6 10 1
293 2801448 1 1 1 8 1 87
294 2801680 1 1 1 0 5 99583
295 2805536 2 2 1 5 4 1 6 4 6
296 2808260 1 1 1 4 7 61
297 2809935 1 1 1 1 10 64
298 2832031 22 2 11 1 0 21 9 0 21 1 1 12 9 1 12 1 2 37 9 2 37 1 3 1 9 3 134 1 4 9674 9 4 483 1 5 75 9 5 37 1 6 844 9 6 844 1 7 60 9 7 60 1 8 2839 9 8 8519 1 9 8 9 9 5 1 10 121 9 10 40
299 2834067 1 1 1 9 6 1644
300 2836525 1 1 1 10 1 1505
301 2837775 2 2 2 2 5 59 1 6 4864
302 2839506 1 1 1 2 8 113
303 2894229 40 8 8 0 0 3 1 0 1 2 0 2 4 0 158 8 0 1 9 0 1 10 0 1 1 1 75 2 1 25 8 1 25 0 2 1892 1 2 1892 2 2 1892 3 2 1892 4 2 1892 10 2 1892 0 6 397 3 6 5173 4 6 795 9 6 1193 10 6 397 1 7 3 2 7 1 3 7 1 4 7 3 10 7 33 1 8 973 4 8 324 8 8 324 9 8 649 0 9 3069 2 9 204 3 9 204 8 9 204 9 9 409 10 9 613 0 10 14 3 10 14 8 10 14 9 10 14
304 2928569 22 2 11 2 0 206 3 0 17 2 1 7 3 1 7 2 2 74 3 2 24 2 3 929 3 3 9291 2 4 11 3 4 11 2 5 23 3 5 23 2 6 577 3 6 1731 2 7 8 3 7 25 2 8 40 3 8 10 2 9 58 3 9 58 2 10 977 3 10 1954
305 2935197 3 3 1 4 7 38 6 7 116 7 7 38
306 2936545 1 1 1 7 9 19562
307 2938378 4 4 1 0 4 476 4 4 476 5 4 3332 8 4 476
308 2949831 11 1 11 6 0 160 6 1 147 6 2 3 6 3 284 6 4 147 6 5 6089 6 6 76 6 7 58523 6 8 78 6 9 224 6 10 9873
309 2950301 1 1 1 3 0 37
310 2955500 6 3 3 0 1 221 7 1 442 7 6 6 10 6 6 0 7 73 10 7 73
311 2965086 5 5 2 6 4 133 9 4 3 0 10 19 2 10 76 3 10 57
312 2966680 1 1 1 6 10 391
313 2966767 1 1 1 3 2 18
314 2966865 1 1 1 9 1 54
315 2968585 1 1 1 2 10 1706
316 2969994 1 1 1 0 4 43
317 3047270 55 11 10 2 0 4 6 0 4 7 0 4 9 0 4 0 1 14 2 1 14 3 1 14 4 1 14 7 1 42 9 1 14 1 2 3961 4 2 565 5 2 565 6 2 565 7 2 1697 9 2 565 1 3 109 2 3 54 5 3 54 7 3 54 8 3 382 0 4 10 1 4 32 3 4 10 6 4 10 10 4 10 0 5 1929 2 5 964 4 5 964 5 5 5789 6 5 3859 7 5 964 8 5 964 10 5 964 0 7 3013 1 7 2009 3 7 1004 4 7 3013 8 7 2009 10 7 1004 3 8 167 8 8 83 9 8 167 10 8 83 1 9 27 2 9 16 3 9 5 4 9 5 5 9 21 6 9 10 10 9 27 0 10 55 5 10 55 8 10 110 9 10 55
318 3050017 1 1 1 2 7 11
319 3052736 2 2 1 6 10 78 7 10 78
320 3053908 1 1 1 5 0 8093
321 3054490 1 1 1 1 5 3080
322 3055181 1 1 1 7 5 121
323 3056661 1 1 1 5 9 187
324 3075483 11 11 3 1 5 7 2 5 510 6 5 7 8 5 7 10 5 7 4 9 142 7 9 95 9 9 47 0 10 24 3 10 24 5 10 48
325 3077573 1 1 1 9 9 165
326 3078316 1 1 1 7 7 118
327 3084935 6 3 3 2 1 180 3 1 60 1 3 3434 3 3 686 1 10 1020 2 10 1020
328 3119517 33 11 5 0 0 1 2 0 3 3 0 1 4 0 1 5 0 1 7 0 11 9 0 4 10 0 312 0 3 1 1 3 1 3 3 1 4 3 1 6 3 1 7 3 2 8 3 2 1 5 297 2 5 297 5 5 297 6 5 594 8 5 297 9 5 4162 10 5 297 0 8 44 1 8 44 5 8 267 7 8 44 2 9 2 3 9 2 4 9 2 6 9 2 8 9 2 9 9 2 10 9 14
329 3121737 3 3 1 0 7 2 2 7 8 4 7 6
330 3132290 11 1 11 0 0 683 0 1 1349 0 2 201 0 3 9862 0 4 194 0 5 91 0 6 47 0 7 67 0 8 10328 0 9 26 0 10 1364
331 3132292 1 1 1 3 3 56
332 3132560 1 1 1 2 8 19
333 3133246 1 1 1 3 5 304
334 3134495 2 2 1 1 9 1536 6 9 105
335 3142764 11 1 11 1 0 231 1 1 17 1 2 44 1 3 1 1 4 11349 1 5 7886 1 6 179 1 7 96 1 8 44 1 9 28 1 10 1509
336 3142921 1 1 1 9 4 663
337 3153996 11 1 11 4 0 12758 4 1 95 4 2 67 4 3 98 4 4 1536 4 5 11902 4 6 86 4 7 86 4 8 4762 4 9 42 4 10 50
338 3154701 3 3 1 1 5 37 4 5 18 7 5 18
339 3177098 22 11 5 3 2 288 10 2 2880 0 3 215 2 3 645 6 3 215 7 3 430 8 3 215 9 3 1290 0 5 190 1 5 856 5 5 951 6 5 190 7 5 95 8 5 95 9 5 95 1 7 15 2 7 15 3 7 31 4 7 15 10 7 31 4 10 8843 5 10 8843
340 3212124 32 8 8 0 0 20 3 0 20 6 0 20 7 0 20 9 0 40 3 1 3 6 1 3 7 1 11 8 1 3 9 1 3 0 2 3 2 2 3 3 2 3 5 2 3 6 2 7 2 3 126 5 3 126 8 3 126 0 4 1 2 4 1 3 4 5 5 4 1 9 4 1 7 7 2998 8 7 2998 9 7 2998 2 8 1806 5 8 451 0 9 15 6 9 153 7 9 15 8 9 15
341 3215565 1 1 1 10 2 91
342 3218108 2 2 1 7 4 33 9 4 133
343 3218438 1 1 1 6 4 129
344 3222406 1 1 1 4 7 106
345 3227544 1 1 1 7 3 13
346 3230889 4 4 1 0 5 489 1 5 1467 3 5 489 6 5 978
347 3232874 2 1 2 8 7 80 8 9 74
348 3232919 1 1 1 4 1 2240
349 3237067 5 5 1 1 6 568 2 6 2272 5 6 568 6 6 8522 8 6 1136
350 3241059 2 2 1 8 6 14 9 6 38
351 3243201 1 1 1 8 1 221
352 3244222 1 1 1 9 10 104
353 3254822 11 1 11 0 0 27082 0 1 6 0 2 34 0 3 163 0 4 219 0 5 7115 0 6 5 0 7 193 0 8 90 0 9 9 0 10 3133
354 3255331 1 1 1 2 5 5284
355 3257140 2 2 1 0 6 29 6 6 29
356 3258432 1 1 1 6 0 96
357 3260819 1 1 1 2 8 157
358 3264610 4 2 2 0 4 7138 1 4 2379 0 8 24 1 8 49
359 3265266 1 1 1 6 9 55
360 3271208 1 1 1 9 5 19696
361 3275055 1 1 1 6 9 119
362 3283165 7 7 2 0 2 1 1 2 1 3 2 2 5 2 1 8 2 2 6 3 357 10 3 357
363 3288440 2 2 1 4 4 31 8 4 62
364 3288445 1 1 1 4 6 40
365 3289495 4 4 1 1 3 670 2 3 670 3 3 670 9 3 670
366 3297043 6 3 3 0 2 23 7 2 23 9 2 11 0 5 1952 9 5 2928 7 9 52
367 3300812 2 1 2 6 3 60 6 10 6
368 3301101 1 1 1 0 7 1327
369 3317303 18 6 6 2 0 17 6 0 34 9 0 34 3 3 18 6 3 6 10 3 6 6 5 186 1 7 2 2 7 23 9 7 1 10 7 1 1 8 28 3 8 28 9 8 28 1 9 476 2 9 869 3 9 224 10 9 168
370 3351144 33 11 6 3 2 1 4 2 1 7 2 9 8 2 1 9 2 1 10 2 9 1 3 30 7 3 10 8 3 10 9 3 10 0 5 1 2 5 1 3 5 8 5 5 5 6 5 4 9 5 1 10 5 1 0 8 6 2 8 3 3 8 3 4 8 3 6 8 3 8 8 3 10 8 22 1 9 162 4 9 46 5 9 23 6 9 23 7 9 23 0 10 11 1 10 35 2 10 11 5 10 11
371 3355940 1 1 1 1 8 116
372 3356290 1 1 1 3 0 349
373 3356835 1 1 1 6 3 66
374 3357352 1 1 1 7 10 23
375 3357894 1 1 1 9 0 228
376 3358648 1 1 1 9 10 108
377 3359183 1 1 1 9 8 86
378 3359253 1 1 1 10 6 120
379 3360133 2 2 1 1 3 2 3 3 2
380 3385017 11 1 11 10 0 984 10 1 100 10 2 57 10 3 238 10 4 157 10 5 64 10 6 315 10 7 110 10 8 9844 10 9 703 10 10 14
381 3386906 1 1 1 9 6 9029
382 3388629 3 3 1 1 0 15 4 0 30 8 0 15
383 3389439 1 1 1 4 6 187
384 3389550 1 1 1 6 2 220
385 3391816 1 1 1 2 6 17811
386 3396064 6 6 1 0 3 488 6 3 976 7 3 976 8 3 1952 9 3 488 10 3 976
387 3400830 5 5 1 0 9 1 3 9 1 5 9 1 7 9 1 9 9 1
388 3424062 22 2 11 0 0 709 7 0 709 0 1 16 7 1 98 0 2 35 7 2 3 0 3 9366 7 3 3122 0 4 28 7 4 84 0 5 38 7 5 19 0 6 202 7 6 202 0 7 60 7 7 30 0 8 3 7 8 88 0 9 4765 7 9 4765 0 10 199 7 10 17
389 3426478 1 1 1 6 2 16284
390 3505570 55 11 10 0 0 14 1 0 29 5 0 14 7 0 14 9 0 14 3 1 10 4 1 2 6 1 6 8 1 2 9 1 110 0 3 1193 1 3 298 2 3 596 4 3 596 5 3 2686 10 3 596 1 4 27 2 4 27 3 4 27 10 4 27 0 5 6 3 5 6 4 5 20 7 5 20 9 5 6 10 5 13 1 6 229 2 6 114 5 6 10335 6 6 114 7 6 114 8 6 459 10 6 459 4 7 3 5 7 3 6 7 6 8 7 38 2 8 767 6 8 767 7 8 767 8 8 767 9 8 2301 10 8 767 0 9 349 1 9 174 2 9 6824 3 9 174 4 9 174 7 9 1924 0 10 1 3 10 26 5 10 1 6 10 1 8 10 1 9 10 1
391 3506348 1 1 1 5 3 356
392 3534628 22 11 5 3 0 19 5 0 19 9 0 19 2 2 58 9 2 352 10 2 117 0 4 427 1 4 854 2 4 427 4 4 427 6 4 427 7 4 427 8 4 427 10 4 1281 0 5 3851 1 5 5135 5 5 1283 6 5 3851 7 5 1283 8 5 2567 3 9 3 4 9 3
393 3538387 2 2 1 2 1 46 8 1 46
394 3538615 1 1 1 2 4 16746
395 3638397 66 11 11 0 0 1322 3 0 440 4 0 881 5 0 2203 6 0 440 7 0 440 9 0 440 0 1 6 1 1 24 4 1 1 7 1 1 8 1 33 9 1 1 10 1 3 6 2 1 7 2 1 8 2 1 10 2 2 1 3 52 2 3 10 3 3 21 7 3 10 8 3 10 10 3 10 0 4 1 2 4 1 5 4 1 6 4 94 9 4 1 10 4 1 0 5 177 2 5 1065 3 5 177 5 5 177 6 5 177 7 5 177 8 5 177 9 5 532 1 6 27 2 6 54 3 6 54 4 6 13 10 6 13 0 7 1 1 7 41 2 7 1 3 7 1 4 7 1 5 7 3 10 7 1 1 8 33 4 8 33 5 8 66 6 8 33 7 8 33 8 8 33 0 9 2555 3 9 10223 4 9 2555 5 9 2555 6 9 17890 9 9 2555 1 10 10 2 10 10 8 10 31 9 10 10
396 3645537 4 4 1 3 1 405 8 1 405 9 1 405 10 1 1216
397 3646736 1 1 1 3 10 99
398 3648121 2 2 1 3 9 12 9 9 103
399 3650771 1 1 1 5 7 15502
400 3653509 1 1 1 2 6 38920
401 3657318 4 4 1 0 3 1192 1 3 1192 5 3 2385 10 3 1192
402 3692224 22 2 11 2 0 126 9 0 2920 2 1 907 9 1 1815 2 2 7 9 2 1 2 3 65 9 3 65 2 4 6 9 4 6 2 5 49 9 5 65 2 6 88 9 6 88 2 7 17 9 7 35 2 8 69 9 8 34 2 9 21 9 9 42 2 10 13 9 10 117
403 3693575 1 1 1 4 8 15143
404 3694000 2 2 1 2 0 10 5 0 21
405 3698800 4 4 1 2 5 15 7 5 15 8 5 15 9 5 62
406 3705404 4 4 2 4 0 35 8 0 35 1 10 204 7 10 612
407 3720032 11 1 11 2 0 54 2 1 9 2 2 73 2 3 139 2 4 49 2 5 310 2 6 71 2 7 98 2 8 611 2 9 3032 2 10 6135
408 3720271 1 1 1 2 8 119
409 3790047 66 6 11 1 0 528 2 0 528 5 0 528 6 0 528 8 0 1056 10 0 1584 1 1 1084 2 1 542 5 1 542 6 1 1627 8 1 542 10 1 542 1 2 11 2 2 23 5 2 7 6 2 3 8 2 3 10 2 3 1 3 7 2 3 3 5 3 3 6 3 65 8 3 1 10 3 1 1 4 2 2 4 2 5 4 2 6 4 2 8 4 782 10 4 4 1 5 797 2 5 3188 5 5 797 6 5 797 8 5 797 10 5 797 1 6 1 2 6 1 5 6 1 6 6 1 8 6 1 10 6 11 1 7 15 2 7 2 5 7 1 6 7 1 8 7 1 10 7 1 1 8 13 2 8 120 5 8 13 6 8 40 8 8 26 10 8 13 1 9 30 2 9 45 5 9 15 6 9 60 8 9 15 10 9 30 1 10 10 2 10 15 5 10 10 6 10 15 8 10 10 10 10 10
410 3793314 2 2 1 2 3 1 6 3 1
411 3796872 1 1 1 9 4 206
412 3800405 1 1 1 7 1 86
413 3828116 22 2 11 2 0 144 9 0 144 2 1 168 9 1 56 2 2 3014 9 2 3014 2 3 25 9 3 3 2 4 4707 9 4 9414 2 5 900 9 5 300 2 6 214 9 6 10095 2 7 32 9 7 32 2 8 5274 9 8 10548 2 9 66 9 9 16 2 10 7 9 10 29
414 3829200 1 1 1 7 9 40
415 3831094 1 1 1 6 1 12637
416 3834090 1 1 1 8 1 2
417 3835029 1 1 1 6 2 58
418 3835218 1 1 1 6 5 259
419 3836149 3 3 2 6 1 60 10 1 7 3 8 77
420 3842711 8 4 3 5 1 59 6 1 29 9 1 29 5 8 36 7 8 9 6 10 64 7 10 64 9 10 64
421 3843507 1 1 1 5 9 27455
422 3858693 11 11 3 3 2 3415 4 2 5692 6 2 4553 7 2 569 5 3 54 10 3 54 0 7 62 1 7 4 2 7 9 8 7 4 9 7 4
423 3859131 1 1 1 3 1 4754
424 3873611 11 1 11 7 0 119 7 1 86 7 2 215 7 3 5146 7 4 84 7 5 282 7 6 113 7 7 63 7 8 143 7 9 6021 7 10 493
425 3876207 1 1 1 10 3 34
426 3877183 1 1 1 5 10 30
427 3879185 1 1 1 10 2 48
428 3998297 121 11 11 0 0 9 1 0 2 2 0 1 3 0 1 4 0 1 5 0 1 6 0 2 7 0 1 8 0 4 9 0 1 10 0 1 0 1 668 1 1 668 2 1 668 3 1 1336 4 1 2673 5 1 6684 6 1 668 7 1 110959 8 1 7352 9 1 668 10 1 668 0 2 2 1 2 17 2 2 1 3 2 2 4 2 1 5 2 1 6 2 1 7 2 2 8 2 2 9 2 2 10 2 1 0 3 3 1 3 136 2 3 3 3 3 3 4 3 3 5 3 3 6 3 3 7 3 3 8 3 7 9 3 3 10 3 14 0 4 1 1 4 1 2 4 1 3 4 28 4 4 4 5 4 1 6 4 1 7 4 1 8 4 21 9 4 1 10 4 1 0 5 822 1 5 822 2 5 822 3 5 822 4 5 822 5 5 822 6 5 822 7 5 822 8 5 822 9 5 822 10 5 822 0 6 1 1 6 1 2 6 1 3 6 1 4 6 1 5 6 1 6 6 1 7 6 2 8 6 1 9 6 1 10 6 1 0 7 1 1 7 1 2 7 1 3 7 97 4 7 1 5 7 1 6 7 1 7 7 1 8 7 1 9 7 1 10 7 1 0 8 7 1 8 2 2 8 2 3 8 2 4 8 2 5 8 2 6 8 7 7 8 2 8 8 2 9 8 2 10 8 2 0 9 1 1 9 1 2 9 5 3 9 1 4 9 3 5 9 3 6 9 1 7 9 1 8 9 1 9 9 1 10 9 1 0 10 4 1 10 12 2 10 25 3 10 4 4 10 38 5 10 4 6 10 4 7 10 4 8 10 8 9 10 4 10 10 4
429 3998441 1 1 1 0 6 415
430 4068211 60 10 10 1 0 2 2 0 2 7 0 2 8 0 40 10 0 9 0 1 1051 1 1 2103 3 1 3154 4 1 7361 9 1 1051 10 1 1051 0 2 18 2 2 18 3 2 18 8 2 36 10 2 18 0 3 2 1 3 4 2 3 2 5 3 2 7 3 21 8 3 8 9 3 8 10 3 29 1 4 24 3 4 7 4 4 3 5 4 3 7 4 3 8 4 3 9 4 67 10 4 3 1 5 16 2 5 8 3 5 16 5 5 8 7 5 16 10 5 33 3 6 190 4 6 190 5 6 190 7 6 381 8 6 190 9 6 190 0 7 17 4 7 17 5 7 17 0 8 2 1 8 4 2 8 2 3 8 1 4 8 1 5 8 4 7 8 5 8 8 1 9 8 1 0 10 2 2 10 2 4 10 5 9 10 15
431 4071967 1 1 1 6 0 184
432 4073416 1 1 1 7 7 22
433 4073433 1 1 1 7 4 12730
434 4076737 4 4 1 2 2 37 3 2 37 8 2 37 9 2 74
435 4085389 8 4 3 2 0 163 6 0 163 0 1 108 7 1 108 0 6 24 2 6 24 6 6 24 7 6 24
436 4085496 1 1 1 0 3 109
437 4088343 1 1 1 8 1 4733
438 4089193 1 1 1 8 4 10191
439 4089681 1 1 1 6 7 114
440 4094452 8 4 4 0 0 29 5 0 14 4 2 100 0 3 120 6 3 60 4 10 4 5 10 4 6 10 20
441 4096012 1 1 1 7 3 52
442 4096383 1 1 1 6 1 1280
443 4101706 11 1 11 6 0 121 6 1 15 6 2 42 6 3 83 6 4 108 6 5 69 6 6 1210 6 7 3945 6 8 4 6 9 43 6 10 95
444 4106379 2 2 1 1 0 59 7 0 19
445 4110367 6 3 2 7 0 52 8 0 52 10 0 208 7 6 2 8 6 2 10 6 2
446 4111024 1 1 1 8 4 28
447 4113531 1 1 1 3 1 17
448 4115059 2 2 1 6 1 2 10 1 2
449 4116485 1 1 1 9 6 39058
450 4116839 2 2 1 9 4 2471 10 4 617
451 4116864 1 1 1 10 10 11840
452 4121976 3 3 1 1 10 36 5 10 36 8 10 147
453 4122164 1 1 1 8 2 53
454 4126920 1 1 1 8 8 35
455 4127126 1 1 1 5 0 30
456 4128075 1 1 1 6 5 8547
457 4183442 45 9 9 0 0 8 1 0 25 2 0 8 6 0 25 7 0 8 10 0 8 0 1 1 2 1 1 4 1 1 5 1 53 7 1 3 10 1 3 4 3 14 7 3 1 10 3 44 1 4 1 2 4 1 4 4 1 5 4 1 6 4 33 8 4 1 0 5 64 1 5 64 4 5 32 6 5 32 1 6 12 2 6 6 5 6 6 6 6 6 8 6 12 0 7 1 7 7 1 8 7 1 10 7 10 0 9 13 5 9 13 6 9 40 7 9 27 8 9 13 1 10 5 2 10 5 4 10 25 5 10 5 8 10 5 10 10 5
458 4189343 3 3 2 2 4 1978 4 4 1978 3 6 11201
459 4199143 1 1 1 0 5 651
460 4209906 11 1 11 1 0 38977 1 1 356 1 2 8 1 3 39 1 4 4695 1 5 102 1 6 9 1 7 335 1 8 47 1 9 91 1 10 64
461 4263971 55 11 10 1 0 1 3 0 16 4 0 1 8 0 1 2 1 11 5 1 22 6 1 34 7 1 11 0 2 5 1 2 11 2 2 5 3 2 27 5 2 55 9 2 5 0 4 5 3 4 10 9 4 42 10 4 5 5 5 163 6 5 4 7 5 1 8 5 283 9 5 1 0 6 245 1 6 122 3 6 614 4 6 122 5 6 122 6 6 122 7 6 614 9 6 122 0 7 1 1 7 1 2 7 147 3 7 1 4 7 1 5 7 1 8 7 1 9 7 1 10 7 1 0 8 9 1 8 9 2 8 9 4 8 9 7 8 9 8 8 9 10 8 9 2 9 3 4 9 7 6 9 85 10 9 7 6 10 1 7 10 1 8 10 1 10 10 1
462 4264300 1 1 1 10 3 3197
463 4268646 2 2 1 0 0 22 2 0 60
464 4270421 1 1 1 9 0 17
465 4271391 2 2 1 0 0 7 3 0 20
466 4440816 121 11 11 0 0 7 1 0 7 2 0 7 3 0 7 4 0 15 5 0 7 6 0 7 7 0 15 8 0 7 9 0 7 10 0 7 0 1 14 1 1 2 2 1 5 3 1 11 4 1 2 5 1 2 6 1 2 7 1 8 8 1 5 9 1 2 10 1 2 0 2 50 1 2 804 2 2 50 3 2 100 4 2 50 5 2 50 6 2 100 7 2 50 8 2 150 9 2 50 10 2 50 0 3 1801 1 3 3602 2 3 1801 3 3 7204 4 3 1801 5 3 3602 6 3 1801 7 3 3602 8 3 1801 9 3 1801 10 3 1801 0 4 2609 1 4 217 2 4 652 3 4 2174 4 4 434 5 4 217 6 4 217 7 4 652 8 4 217 9 4 217 10 4 217 0 5 6 1 5 2 2 5 1 3 5 1 4 5 1 5 5 1 6 5 1 7 5 1 8 5 1 9 5 1 10 5 1 0 6 12 1 6 4 2 6 20 3 6 8 4 6 4 5 6 8 6 6 16 7 6 28 8 6 4 9 6 4 10 6 16 0 7 1 1 7 1 2 7 10 3 7 61 4 7 1 5 7 1 6 7 1 7 7 1 8 7 1 9 7 1 10 7 22 0 8 1 1 8 1 2 8 1 3 8 1 4 8 1 5 8 1 6 8 1 7 8 1 8 8 1 9 8 1 10 8 1 0 9 20 1 9 4 2 9 28 3 9 4 4 9 8 5 9 4 6 9 4 7 9 12 8 9 4 9 9 8 10 9 4 0 10 6 1 10 2 2 10 2 3 10 2 4 10 2 5 10 4 6 10 2 7 10 2 8 10 2 9 10 12 10 10 4
467 4482762 32 8 8 4 0 1291 5 0 430 6 0 430 9 0 3875 0 1 1 1 1 2 2 1 1 9 1 1 10 1 1 0 3 4 2 3 1 4 3 45 2 5 86 4 5 5 6 5 5 9 5 5 0 6 6 1 6 6 4 6 6 5 6 60 1 7 5 2 7 5 6 7 5 10 7 23 1 8 7 5 8 7 6 8 7 10 8 39 0 9 8 5 9 8 9 9 8 10 9 8
468 4494276 11 1 11 7 0 6237 7 1 79 7 2 226 7 3 165 7 4 34 7 5 422 7 6 61 7 7 38 7 8 13074 7 9 22 7 10 33231
469 4497076 3 1 3 6 1 4673 6 3 3988 6 4 541
470 4499021 1 1 1 9 2 75
471 4506492 6 6 1 1 10 923 4 10 7385 5 10 923 6 10 923 7 10 923 10 10 2769
472 4518248 10 10 1 0 0 7 1 0 7 2 0 14 3 0 7 4 0 7 5 0 7 6 0 14 7 0 7 8 0 14 9 0 7
473 4565760 44 11 8 0 2 7 1 2 15 2 2 23 5 2 23 6 2 15 8 2 15 9 2 7 10 2 7 0 3 14 5 3 14 7 3 14 9 3 14 10 3 59 2 5 68 3 5 204 4 5 68 7 5 68 8 5 68 3 6 5 6 6 5 8 6 5 1 7 66 2 7 26 3 7 3 4 7 3 5 7 3 0 8 1669 3 8 52 4 8 52 6 8 52 8 8 104 9 8 52 10 8 52 1 9 12 2 9 4 4 9 2 5 9 2 6 9 2 7 9 2 0 10 1 1 10 3 7 10 5 9 10 1 10 10 1
474 4566294 1 1 1 4 9 211
475 4712890 121 11 11 0 0 2 1 0 6 2 0 1 3 0 1 4 0 1 5 0 8 6 0 2 7 0 1 8 0 1 9 0 1 10 0 1 0 1 6 1 1 3 2 1 3 3 1 3 4 1 6 5 1 3 6 1 13 7 1 10 8 1 3 9 1 6 10 1 13 0 2 1 1 2 13 2 2 1 3 2 1 4 2 3 5 2 1 6 2 1 7 2 1 8 2 3 9 2 6 10 2 3 0 3 1 1 3 23 2 3 1 3 3 1 4 3 1 5 3 1 6 3 1 7 3 1 8 3 1 9 3 1 10 3 4 0 4 2 1 4 1 2 4 8 3 4 1 4 4 1 5 4 1 6 4 1 7 4 1 8 4 1 9 4 1 10 4 2 0 5 2 1 5 13 2 5 2 3 5 5 4 5 5 5 5 15 6 5 2 7 5 2 8 5 2 9 5 2 10 5 2 0 6 1 1 6 11 2 6 1 3 6 1 4 6 6 5 6 1 6 6 1 7 6 37 8 6 4 9 6 1 10 6 1 0 7 4 1 7 9 2 7 4 3 7 4 4 7 4 5 7 9 6 7 85 7 7 9 8 7 4 9 7 9 10 7 4 0 8 7 1 8 2 2 8 2 3 8 2 4 8 2 5 8 2 6 8 5 7 8 5 8 8 60 9 8 2 10 8 5 0 9 5 1 9 5 2 9 5 3 9 5 4 9 5 5 9 5 6 9 5 7 9 5 8 9 5 9 9 5 10 9 10 0 10 10 1 10 5 2 10 51 3 10 5 4 10 5 5 10 25 6 10 10 7 10 5 8 10 5 9 10 15 10 10 5
476 4714399 2 2 1 6 10 30 8 10 15
477 4728746 11 1 11 2 0 196 2 1 282 2 2 17757 2 3 89 2 4 41 2 5 349 2 6 69 2 7 60 2 8 74 2 9 103 2 10 99647
478 4728791 1 1 1 8 2 76
479 4739942 11 11 1 0 9 1 1 9 1 2 9 1 3 9 2 4 9 1 5 9 1 6 9 1 7 9 1 8 9 1 9 9 1 10 9 1
480 4745207 3 3 2 8 5 25 4 8 89 5 8 224
481 4746270 1 1 1 5 10 87
482 4746978 2 2 2 10 0 122 4 2 222
483 4750107 4 4 1 2 10 40 5 10 8 7 10 8 10 10 8
484 4750694 1 1 1 3 10 209
485 4751024 1 1 1 2 0 117
486 4759834 3 1 3 6 1 461 6 3 91 6 8 21916
487 4768011 11 1 11 5 0 66373 5 1 65 5 2 306 5 3 3411 5 4 344 5 5 33572 5 6 23 5 7 808 5 8 1304 5 9 2682 5 10 202
488 4768616 1 1 1 10 4 7643
489 4786586 20 5 8 0 0 785 2 0 1571 3 0 785 9 0 11786 0 1 222 0 4 48 2 4 48 8 4 48 0 5 94 2 5 94 3 5 94 3 7 5 3 8 69 8 8 98 9 8 8 8 9 31 9 9 62 2 10 7526 8 10 15052 9 10 7526
490 4788468 1 1 1 10 2 27
491 4790943 2 2 1 2 10 39 10 10 39
492 4794491 1 1 1 8 7 3095
493 4795918 1 1 1 8 7 18
494 4797253 1 1 1 7 2 10
495 4797517 1 1 1 10 10 23
496 4799249 1 1 1 10 3 2626
497 4799469 1 1 1 9 7 51
498 4935673 121 11 11 0 0 43 1 0 10 2 0 10 3 0 10 4 0 10 5 0 10 6 0 10 7 0 10 8 0 10 9 0 64 10 0 21 0 1 53 1 1 17 2 1 17 3 1 35 4 1 17 5 1 35 6 1 35 7 1 17 8 1 17 9 1 319 10 1 35 0 2 4 1 2 56 2 2 23 3 2 28 4 2 4 5 2 9 6 2 9 7 2 9 8 2 4 9 2 4 10 2 4 0 3 1 1 3 1 2 3 1 3 3 1 4 3 1 5 3 1 6 3 1 7 3 9 8 3 1 9 3 1 10 3 4 0 4 50 1 4 50 2 4 50 3 4 50 4 4 100 5 4 50 6 4 50 7 4 50 8 4 50 9 4 50 10 4 50 0 5 1579 1 5 175 2 5 526 3 5 526 4 5 175 5 5 702 6 5 175 7 5 8250 8 5 175 9 5 175 10 5 175 0 6 1 1 6 1 2 6 1 3 6 1 4 6 1 5 6 1 6 6 1 7 6 1 8 6 1 9 6 1 10 6 1 0 7 7 1 7 14 2 7 7 3 7 7 4 7 7 5 7 14 6 7 7 7 7 29 8 7 7 9 7 44 10 7 7 0 8 1028 1 8 5658 2 8 514 3 8 514 4 8 1028 5 8 514 6 8 514 7 8 514 8 8 514 9 8 514 10 8 514 0 9 1 1 9 1 2 9 1 3 9 1 4 9 1 5 9 1 6 9 1 7 9 18 8 9 1 9 9 1 10 9 1 0 10 13 1 10 13 2 10 13 3 10 13 4 10 13 5 10 13 6 10 13 7 10 39 8 10 26 9 10 261 10 10 13
499 4947111 11 1 11 7 0 5705 7 1 3309 7 2 121 7 3 51 7 4 225 7 5 7680 7 6 4848 7 7 71 7 8 324 7 9 100 7 10 10
500 4947415 1 1 1 3 0 227
501 4948499 1 1 1 4 8 5123
502 4952615 1 1 1 2 6 191
503 4953331 1 1 1 1 1 6017
504 4958136 10 5 4 1 3 52 10 3 26 6 8 77 0 9 148 3 9 1629 6 9 296 10 9 1333 0 10 30 1 10 30 3 10 30
505 4959177 1 1 1 0 7 64
506 4959926 1 1 1 7 10 2637
507 5037553 66 11 11 0 0 12 1 0 6 3 0 15 4 0 6 5 0 12 10 0 3 2 1 1 3 1 1 4 1 1 5 1 2 6 1 1 9 1 1 10 1 1 0 2 17 2 2 28 4 2 120 5 2 40 7 2 5 8 2 17 9 2 5 10 2 11 0 3 2 1 3 2 3 3 26 4 3 2 5 3 2 6 3 7 8 3 2 9 3 14 0 4 1429 4 4 1429 6 4 2858 7 4 4287 8 4 1429 9 4 1429 10 4 1429 2 5 199 5 5 49 1 6 3 2 6 3 3 6 3 5 6 3 7 6 7 8 6 3 10 6 3 1 7 72 3 7 72 4 7 72 6 7 800 7 7 72 8 7 145 9 7 72 10 7 72 1 8 52 6 8 26 9 8 13 0 9 7 2 9 7 3 9 21 7 9 43 8 9 7 0 10 4631 1 10 178 2 10 89 6 10 89 7 10 178
508 5040528 2 2 1 1 8 38 5 8 38
509 5041423 1 1 1 2 1 115
510 5068746 22 2 11 6 0 189 7 0 47 6 1 5 7 1 5 6 2 40 7 2 20 6 3 4 7 3 4 6 4 1991 7 4 1991 6 5 3 7 5 3 6 6 71 7 6 71 6 7 383 7 7 2681 6 8 7 7 8 7 6 9 1 7 9 1 6 10 29 7 10 87
511 5069430 1 1 1 8 2 14390
512 5069835 1 1 1 2 3 5300
513 5151847 66 11 11 0 0 5 1 0 1 4 0 1 7 0 1 9 0 1 1 1 5 3 1 10 5 1 21 6 1 5 7 1 58 8 1 5 10 1 5 1 2 6 2 2 30 3 2 6 5 2 6 7 2 42 10 2 6 0 3 5 2 3 5 4 3 5 6 3 21 8 3 5 9 3 5 10 3 26 0 4 200 1 4 300 2 4 200 4 4 200 5 4 300 7 4 200 0 5 345 2 5 862 8 5 172 9 5 690 10 5 345 0 6 80 1 6 240 3 6 80 5 6 80 6 6 80 8 6 80 2 7 5 3 7 5 4 7 11 5 7 35 6 7 11 7 7 11 9 7 5 0 8 6059 1 8 5049 3 8 1009 4 8 1009 8 8 1009 2 9 20 3 9 20 6 9 20 9 9 40 10 9 20 4 10 102 5 10 18 6 10 6 7 10 4 8 10 2 9 10 2 10 10 2
514 5152393 1 1 1 9 9 87
515 5154720 1 1 1 10 1 15
516 5168932 11 11 1 0 3 1 1 3 1 2 3 1 3 3 1 4 3 1 5 3 1 6 3 1 7 3 1 8 3 12 9 3 1 10 3 54
517 5169091 1 1 1 3 10 33396
518 5169967 2 2 1 8 8 52 9 8 52
519 5171687 2 2 1 5 10 44 10 10 44
520 5172341 1 1 1 0 2 1008
521 5174172 1 1 1 1 4 152
522 5174961 2 2 1 4 9 174 5 9 21
523 5176186 1 1 1 8 2 3
524 5176214 1 1 1 1 8 1009
525 5178179 1 1 1 2 7 173
526 5179944 2 2 1 3 2 56 8 2 56
527 5186600 1 1 1 5 0 238
528 5187341 1 1 1 3 7 128
529 5188171 4 4 1 2 9 374 3 9 374 4 9 374 9 9 374
530 5189099 1 1 1 3 10 50
531 5191016 1 1 1 3 0 195
532 5191092 1 1 1 9 9 7164
533 5192497 2 2 1 4 4 779 9 4 779
534 5194724 1 1 1 3 4 114
535 5206410 10 10 2 2 1 59 7 1 59 9 1 238 0 7 12 1 7 6 3 7 31 4 7 6 6 7 6 8 7 12 10 7 6
536 5207887 1 1 1 3 6 467
537 5209986 6 6 1 2 10 22 4 10 11 5 10 11 7 10 11 9 10 88 10 10 11
538 5211140 2 2 1 0 8 23 4 8 3
539 5213235 2 2 1 9 1 15 10 1 6
540 5214836 1 1 1 7 7 98
541 5215893 1 1 1 4 3 230
542 5232084 11 1 11 1 0 34 1 1 3993 1 2 138 1 3 210 1 4 16 1 5 33196 1 6 65 1 7 28344 1 8 84 1 9 38 1 10 78241
543 5232309 1 1 1 7 4 113
544 5232633 1 1 1 7 5 54
545 5233959 1 1 1 0 6 7157
546 5234152 1 1 1 4 7 78
547 5245360 11 1 11 4 0 5771 4 1 2357 4 2 327 4 3 33039 4 4 109 4 5 7822 4 6 189 4 7 18 4 8 25 4 9 79 4 10 15
548 5245903 1 1 1 5 7 298
549 5248346 2 2 1 5 5 264 8 5 792
550 5258959 8 8 1 0 6 31 1 6 6 2 6 6 3 6 6 4 6 31 5 6 6 6 6 6 7 6 6
551 5278006 11 11 3 0 1 26 4 1 3 5 1 3 6 1 7 8 1 3 9 1 7 3 6 60 10 6 30 1 9 9759 2 9 4879 7 9 4879
552 5282987 2 2 1 5 0 76 10 0 76
553 5285134 2 2 1 0 2 3 2 2 3
554 5289348 1 1 1 10 7 2037
555 5428730 121 11 11 0 0 1 1 0 1 2 0 2 3 0 2 4 0 3 5 0 1 6 0 1 7 0 1 8 0 4 9 0 1 10 0 4 0 1 95 1 1 95 2 1 191 3 1 95 4 1 191 5 1 95 6 1 191 7 1 95 8 1 478 9 1 95 10 1 95 0 2 876 1 2 876 2 2 2628 3 2 876 4 2 4380 5 2 876 6 2 876 7 2 876 8 2 876 9 2 1752 10 2 876 0 3 202 1 3 202 2 3 202 3 3 202 4 3 202 5 3 202 6 3 202 7 3 202 8 3 1620 9 3 202 10 3 607 0 4 829 1 4 4978 2 4 829 3 4 829 4 4 829 5 4 3318 6 4 829 7 4 829 8 4 829 9 4 829 10 4 829 0 5 3 1 5 1 2 5 1 3 5 1 4 5 3 5 5 1 6 5 1 7 5 11 8 5 13 9 5 1 10 5 1 0 6 47 1 6 23 2 6 94 3 6 47 4 6 47 5 6 23 6 6 23 7 6 47 8 6 23 9 6 71 10 6 47 0 7 3 1 7 14 2 7 3 3 7 3 4 7 60 5 7 7 6 7 3 7 7 3 8 7 7 9 7 3 10 7 7 0 8 7 1 8 7 2 8 7 3 8 22 4 8 7 5 8 7 6 8 7 7 8 102 8 8 7 9 8 7 10 8 7 0 9 2 1 9 2 2 9 2 3 9 4 4 9 2 5 9 2 6 9 35 7 9 2 8 9 11 9 9 30 10 9 2 0 10 5 1 10 1 2 10 32 3 10 1 4 10 197 5 10 1 6 10 1 7 10 4 8 10 1 9 10 1 10 10 2
556 5481200 30 6 8 0 0 1 3 0 1 8 0 1 9 0 1 10 0 11 3 1 1 5 1 2 8 1 1 9 1 1 10 1 1 3 3 23 10 3 92 0 4 4 5 4 4 10 4 26 0 5 3164 3 5 3164 5 5 3164 9 5 3164 0 7 15 5 7 31 8 7 15 9 7 110 10 7 15 0 8 655 5 8 109 8 8 765 3 10 335 8 10 335 9 10 335
557 5493233 11 1 11 3 0 5258 3 1 215 3 2 52 3 3 26 3 4 51 3 5 64 3 6 36 3 7 70 3 8 1648 3 9 238 3 10 162
558 5508161 11 1 11 1 0 204 1 1 97 1 2 194 1 3 9246 1 4 2269 1 5 72 1 6 81 1 7 123 1 8 329 1 9 64 1 10 174
559 5510198 1 1 1 1 0 608
560 5513675 6 6 2 5 0 81 6 0 10 7 0 10 2 2 8 3 2 29 10 2 45
561 5520187 3 3 1 2 10 28 7 10 28 8 10 28
562 5531998 11 1 11 10 0 17 10 1 15233 10 2 37 10 3 1378 10 4 31234 10 5 78 10 6 12990 10 7 2 10 8 7631 10 9 2695 10 10 8302
563 5545902 11 1 11 10 0 26 10 1 192 10 2 11 10 3 653 10 4 100 10 5 318 10 6 1067 10 7 235 10 8 1666 10 9 33 10 10 127
564 5549928 1 1 1 4 9 23
565 5556747 11 1 11 1 0 14 1 1 233 1 2 99585 1 3 65 1 4 1356 1 5 19648 1 6 430 1 7 39 1 8 222 1 9 136 1 10 1219
566 5557407 1 1 1 3 6 39
567 5557423 1 1 1 1 5 9237
568 5557738 1 1 1 8 2 137
569 5614253 55 11 10 0 0 52 1 0 52 3 0 26 7 0 26 8 0 26 9 0 26 0 1 65 1 1 16 2 1 1 3 1 1 7 1 1 9 1 1 1 2 13 4 2 52 6 2 170 7 2 26 8 2 26 10 2 78 5 3 1 6 3 21 10 3 1 4 5 1 5 5 1 6 5 1 8 5 1 10 5 1 0 6 5 1 6 1 2 6 1 3 6 1 4 6 1 5 6 1 7 6 1 8 6 1 9 6 87 0 7 1 2 7 8 3 7 8 5 7 1 6 7 1 7 7 1 8 7 1 10 7 1 1 8 8 2 8 1 4 8 1 2 9 2 3 9 2 9 9 2 0 10 6 4 10 73 5 10 6 6 10 12 9 10 6 10 10 49
570 5614503 1 1 1 1 9 106
571 5615627 2 2 1 1 7 32 7 7 16
572 5615648 1 1 1 8 0 9018
573 5620933 3 3 1 1 5 19 2 5 6 10 5 50
574 5622644 1 1 1 8 5 178
575 5628339 4 4 1 0 8 15 1 8 15 6 8 15 10 8 15
576 5671334 24 4 10 1 0 51 10 0 51 0 1 1 1 1 1 6 1 1 10 1 1 0 2 51 1 2 102 0 3 30 6 3 30 10 3 30 0 4 74 1 4 37 6 5 2438 10 5 2438 0 6 27 1 6 4 6 6 9 10 6 4 0 7 9 6 7 65 1 9 73 6 9 146 10 10 989
577 5672813 2 2 1 0 0 2339 8 0 1169
578 5678940 6 3 3 3 0 66 6 0 132 6 8 233 7 8 467 3 9 11 7 9 11
579 5679272 1 1 1 3 0 57
580 5680367 2 2 1 0 8 233 3 8 25
581 5682803 1 1 1 6 9 62
582 5705021 11 1 11 4 0 2716 4 1 20340 4 2 114 4 3 49 4 4 50 4 5 179 4 6 282 4 7 3007 4 8 66 4 9 88 4 10 93
583 5717911 11 1 11 6 0 11861 6 1 2272 6 2 76 6 3 83 6 4 5985 6 5 15734 6 6 89 6 7 1421 6 8 46 6 9 208 6 10 61
584 5719273 1 1 1 10 5 3971
585 5719713 1 1 1 10 3 1425
586 5719839 1 1 1 8 1 1762
587 5721927 3 3 1 2 1 6 4 1 12 5 1 31
588 5730688 11 1 11 4 0 70 4 1 168 4 2 98 4 3 51 4 4 244 4 5 688 4 6 76 4 7 10 4 8 19655 4 9 111 4 10 9
589 5730905 1 1 1 4 5 342
590 5735252 2 1 2 3 6 136 3 9 2305
591 5740789 11 11 2 0 1 40 2 1 1 4 1 2 7 1 1 9 1 1 10 1 1 1 10 5 3 10 5 5 10 34 6 10 2 8 10 2
592 5741386 1 1 1 10 1 40
593 5744329 1 1 1 9 9 1350
594 5744963 1 1 1 0 5 74
595 5749359 3 3 1 0 9 1 2 9 194 5 9 1
596 5750263 1 1 1 9 1 190
597 5750949 3 3 1 0 4 14 3 4 14 7 4 43
598 5751928 1 1 1 4 6 39008
599 5756401 1 1 1 7 1 186
600 5758832 1 1 1 3 8 66
601 5759302 1 1 1 6 10 6424
602 5798994 22 2 11 6 0 4869 8 0 1082 6 1 81 8 1 81 6 2 848 8 2 848 6 3 169 8 3 56 6 4 453 8 4 906 6 5 30 8 5 30 6 6 1 8 6 12 6 7 74 8 7 111 6 8 259 8 8 3636 6 9 19 8 9 57 6 10 509 8 10 2547
603 5800025 1 1 1 2 10 133
604 5800676 1 1 1 9 6 322
605 5801421 1 1 1 4 6 53
606 5817971 11 1 11 10 0 183 10 1 70 10 2 49 10 3 161 10 4 1308 10 5 1333 10 6 184 10 7 327 10 8 31 10 9 101 10 10 996
607 5818512 1 1 1 10 9 5247
608 5820922 1 1 1 8 4 11
609 5821291 1 1 1 9 8 117
610 5822141 2 2 1 1 3 27 2 3 27
611 5835732 16 8 4 0 2 43 1 2 8 2 2 8 7 2 147 8 2 17 10 2 8 1 4 39 2 4 117 3 4 39 3 6 410 5 6 4930 7 6 205 10 6 205 0 8 1981 5 8 990 8 8 990
612 5961858 121 11 11 0 0 142 1 0 71 2 0 71 3 0 71 4 0 71 5 0 214 6 0 71 7 0 71 8 0 713 9 0 1427 10 0 142 0 1 3 1 1 3 2 1 16 3 1 6 4 1 3 5 1 6 6 1 13 7 1 3 8 1 13 9 1 13 10 1 6 0 2 897 1 2 897 2 2 448 3 2 448 4 2 448 5 2 448 6 2 448 7 2 448 8 2 897 9 2 1346 10 2 448 0 3 1 1 3 1 2 3 1 3 3 1 4 3 1 5 3 1 6 3 1 7 3 1 8 3 1 9 3 1 10 3 19 0 4 26 1 4 26 2 4 80 3 4 26 4 4 2485 5 4 80 6 4 26 7 4 26 8 4 26 9 4 26 10 4 133 0 5 240 1 5 120 2 5 120 3 5 120 4 5 120 5 5 360 6 5 240 7 5 120 8 5 120 9 5 120 10 5 3603 0 6 1 1 6 1 2 6 40 3 6 6 4 6 1 5 6 1 6 6 1 7 6 4 8 6 1 9 6 3 10 6 3 0 7 2539 1 7 2539 2 7 2539 3 7 5079 4 7 2539 5 7 2539 6 7 2539 7 7 5079 8 7 2539 9 7 2539 10 7 2539 0 8 8 1 8 17 2 8 8 3 8 8 4 8 17 5 8 8 6 8 17 7 8 8 8 8 8 9 8 8 10 8 26 0 9 1 1 9 14 2 9 14 3 9 1 4 9 1 5 9 1 6 9 3 7 9 1 8 9 1 9 9 8 10 9 31 0 10 5 1 10 55 2 10 5 3 10 5 4 10 5 5 10 5 6 10 5 7 10 5 8 10 5 9 10 5 10 10 15
613 5972462 11 1 11 3 0 119 3 1 10 3 2 20 3 3 19596 3 4 36562 3 5 22 3 6 58 3 7 12697 3 8 94 3 9 4062 3 10 14831
614 5972774 1 1 1 6 5 252
615 5974876 1 1 1 2 7 39103
616 6091605 121 11 11 0 0 1977 1 0 1483 2 0 1483 3 0 988 4 0 12359 5 0 494 6 0 494 7 0 494 8 0 6921 9 0 494 10 0 494 0 1 1 1 1 18 2 1 1 3 1 1 4 1 1 5 1 1 6 1 2 7 1 1 8 1 1 9 1 1 10 1 1 0 2 11 1 2 1 2 2 1 3 2 3 4 2 11 5 2 1 6 2 1 7 2 1 8 2 1 9 2 1 10 2 2 0 3 20 1 3 20 2 3 83 3 3 62 4 3 20 5 3 20 6 3 145 7 3 20 8 3 20 9 3 20 10 3 20 0 4 1 1 4 1 2 4 1 3 4 1 4 4 78 5 4 3 6 4 1 7 4 1 8 4 1 9 4 1 10 4 1 0 5 1227 1 5 1227 2 5 1227 3 5 1227 4 5 1227 5 5 8595 6 5 1227 7 5 3683 8 5 11051 9 5 1227 10 5 1227 0 6 72 1 6 36 2 6 72 3 6 36 4 6 72 5 6 72 6 6 108 7 6 36 8 6 36 9 6 36 10 6 36 0 7 200 1 7 1201 2 7 200 3 7 200 4 7 25228 5 7 200 6 7 5205 7 7 200 8 7 200 9 7 200 10 7 200 0 8 1 1 8 1 2 8 1 3 8 82 4 8 1 5 8 1 6 8 1 7 8 3 8 8 1 9 8 1 10 8 6 0 9 5 1 9 5 2 9 5 3 9 11 4 9 2 5 9 14 6 9 11 7 9 2 8 9 2 9 9 8 10 9 2 0 10 12823 1 10 3419 2 10 854 3 10 854 4 10 6839 5 10 854 6 10 2564 7 10 854 8 10 854 9 10 1709 10 10 1709
617 6093877 2 2 2 4 2 116 3 9 85
618 6099695 2 2 1 2 8 38 7 8 12
619 6101461 1 1 1 8 6 91
620 6102013 1 1 1 10 8 40
621 6112158 3 3 1 2 8 37 6 8 18 10 8 18
622 6112284 1 1 1 7 6 13081
623 6113088 1 1 1 5 1 96
624 6115546 7 7 1 0 5 2839 1 5 2839 2 5 2839 3 5 14198 4 5 2839 8 5 2839 9 5 2839
625 6116567 4 4 1 2 0 34 4 0 34 7 0 104 9 0 34
626 6132286 11 1 11 2 0 55 2 1 8 2 2 106 2 3 6058 2 4 100 2 5 2333 2 6 1690 2 7 117 2 8 103 2 9 226 2 10 96
627 6135586 2 1 2 1 4 258 1 7 2270
628 6149171 11 1 11 1 0 118 1 1 107 1 2 47 1 3 228 1 4 81 1 5 389 1 6 127 1 7 2415 1 8 78 1 9 181 1 10 95
629 6149869 1 1 1 5 8 164
630 6150941 1 1 1 10 6 226
631 6161954 8 4 4 5 1 1 2 3 144 7 5 232 9 5 232 2 6 351 5 6 491 7 6 351 9 6 70
632 6165737 1 1 1 7 1 1214
633 6191743 11 1 11 5 0 4797 5 1 368 5 2 6 5 3 85 5 4 225 5 5 19724 5 6 85 5 7 3 5 8 159 5 9 17 5 10 15
634 6197418 11 1 11 7 0 1249 7 1 38 7 2 95 7 3 109 7 4 53 7 5 82 7 6 15150 7 7 20 7 8 2395 7 9 19581 7 10 105
635 6204769 11 1 11 5 0 102 5 1 1250 5 2 135 5 3 16 5 4 37 5 5 334 5 6 96 5 7 192 5 8 1373 5 9 102 5 10 15796
636 6206343 1 1 1 6 5 1003
637 6212377 6 6 1 0 10 8 2 10 16 4 10 24 6 10 40 7 10 8 10 10 8
638 6220427 6 3 3 4 1 10 0 6 40 2 6 40 4 6 40 0 7 406 2 7 203
639 6220852 1 1 1 2 3 55
640 6221041 1 1 1 1 0 113
641 6222285 1 1 1 5 6 2
642 6222430 1 1 1 9 1 5170
643 6223442 2 2 1 0 4 19 1 4 19
644 6295582 66 11 11 0 0 25 1 0 8 2 0 8 3 0 8 4 0 8 5 0 8 7 0 8 2 1 20 3 1 748 6 1 6 9 1 6 10 1 6 0 2 152 9 2 101 0 3 10 1 3 10 3 3 21 4 3 21 5 3 10 7 3 21 8 3 10 9 3 64 10 3 10 1 4 647 4 4 647 5 4 647 8 4 4530 10 4 647 6 5 15 7 5 10 1 6 1 2 6 1 4 6 1 6 6 1 7 6 1 8 6 1 10 6 1 0 7 92 2 7 92 3 7 648 4 7 834 6 7 370 8 7 92 10 7 92 0 8 908 1 8 1817 2 8 1817 3 8 908 5 8 908 6 8 1817 7 8 908 9 8 3635 0 9 136 2 9 27 5 9 27 8 9 27 9 9 54 10 9 27 1 10 1 3 10 1 4 10 1 5 10 11 6 10 1 7 10 1 8 10 22 9 10 2
645 6296554 1 1 1 4 8 20
646 6299133 2 2 1 2 9 12 5 9 12
647 6300607 2 2 1 1 3 1338 3 3 1338
648 6301140 1 1 1 9 2 178
649 6301408 1 1 1 4 1 3092
650 6302459 3 3 1 0 10 58 7 10 29 10 10 29
651 6302547 1 1 1 5 8 25
652 6304082 1 1 1 3 8 767
653 6304193 1 1 1 7 10 4838
654 6304728 1 1 1 7 5 44
655 6305164 1 1 1 8 3 82
656 6306865 1 1 1 0 0 126
657 6308115 1 1 1 7 3 56
658 6308289 1 1 1 0 3 6037
659 6309222 2 2 1 9 5 5 10 5 113
660 6311412 2 2 1 7 7 16605 10 7 16605
661 6319828 4 4 1 4 0 26 6 0 13 7 0 13 9 0 13
662 6319834 1 1 1 4 4 2
663 6319929 1 1 1 1 1 14315
664 6320599 1 1 1 5 3 26
665 6322277 1 1 1 8 8 45
666 6324323 3 3 1 1 3 75 4 3 2 9 3 2
667 6324799 1 1 1 2 7 77
668 6331335 11 1 11 5 0 9853 5 1 200 5 2 183 5 3 3071 5 4 33132 5 5 82 5 6 68 5 7 18 5 8 15767 5 9 34 5 10 160
669 6331684 1 1 1 1 5 24
670 6332344 1 1 1 5 9 92
671 6431702 66 11 11 0 0 2 1 0 1 2 0 3 3 0 3 6 0 1 7 0 14 8 0 7 10 0 1 2 1 476 3 1 4531 4 1 238 5 1 715 8 1 238 10 1 238 3 2 6 4 2 13 5 2 6 6 2 6 7 2 19 8 2 6 9 2 6 1 3 61 2 3 123 4 3 61 0 4 671 3 4 1342 5 4 1342 6 4 3355 7 4 671 9 4 671 1 5 30 5 5 30 6 5 270 7 5 30 9 5 30 10 5 30 0 6 8 1 6 16 2 6 8 3 6 8 4 6 8 6 6 41 7 6 8 9 6 8 0 7 1 1 7 1 2 7 1 4 7 1 5 7 2 6 7 1 7 7 1 8 7 1 9 7 1 10 7 2 0 8 5 4 8 5 8 8 5 9 8 34 10 8 5 1 9 17 2 9 68 3 9 8 5 9 8 8 9 8 0 10 24 10 10 4
672 6434014 4 2 3 10 0 82 8 2 85 8 5 20 10 5 10
673 6435252 2 2 1 0 1 956 9 1 956
674 6436898 1 1 1 4 2 83
675 6451736 11 1 11 2 0 55 2 1 64 2 2 222 2 3 19475 2 4 30 2 5 29 2 6 44 2 7 2702 2 8 300 2 9 21 2 10 205
676 6454633 1 1 1 8 4 41
677 6455303 1 1 1 6 8 67
678 6462095 6 3 3 6 4 18 7 4 9 6 6 409 7 6 409 8 6 409 8 9 660
679 6462308 1 1 1 10 7 6010
680 6462665 1 1 1 10 8 3319
681 6473737 11 11 2 0 4 2639 2 4 1319 3 4 2639 4 4 1319 5 4 1319 8 4 1319 9 4 1319 1 5 12 6 5 12 7 5 12 10 5 12
682 6473794 1 1 1 10 7 108
683 6553471 66 11 11 0 0 1 3 0 1 4 0 4 8 0 57 10 0 1 1 1 50 2 1 25 5 1 25 6 1 50 8 1 50 9 1 25 0 2 3054 2 2 1527 3 2 4582 5 2 1527 7 2 1527 8 2 3054 1 3 29 4 3 29 5 3 29 7 3 29 9 3 29 10 3 59 1 4 638 2 4 1277 3 4 638 4 4 3833 6 4 638 9 4 638 0 5 12 1 5 4 2 5 1 5 5 82 6 5 1 10 5 1 1 6 20 3 6 31 4 6 10 8 6 10 9 6 10 10 6 135 0 7 3841 2 7 548 6 7 548 7 7 548 8 7 548 9 7 548 10 7 1097 0 8 5 3 8 23 5 8 11 6 8 5 7 8 11 8 8 5 9 8 35 0 9 15 2 9 30 4 9 123 5 9 15 7 9 15 10 9 30 1 10 32 3 10 16 4 10 16 6 10 16 7 10 16
684 6554758 1 1 1 9 2 1039
685 6555153 1 1 1 1 4 41
686 6555638 1 1 1 7 1 88
687 6560537 10 5 4 0 2 16 7 2 16 10 2 32 7 5 2915 2 7 41 5 7 16 10 7 98 0 8 15 2 8 23 5 8 7
688 6560841 1 1 1 7 4 43
689 6577050 8 4 2 5 4 1591 6 4 636 8 4 318 9 4 318 5 10 2 6 10 48 8 10 1 9 10 4
690 6617910 33 3 11 0 0 5775 4 0 1925 8 0 3850 0 1 12 4 1 1 8 1 1 0 2 81 4 2 11 8 2 3 0 3 90 4 3 45 8 3 45 0 4 863 4 4 863 8 4 1727 0 5 4 4 5 4 8 5 4 0 6 14 4 6 73 8 6 14 0 7 11086 4 7 527 8 7 6335 0 8 150 4 8 300 8 8 600 0 9 34 4 9 17 8 9 17 0 10 48 4 10 4 8 10 16
691 6619652 3 3 1 2 2 49 8 2 24 10 2 74
692 6652883 20 4 8 2 0 75 10 0 2 2 1 48 6 1 96 10 1 48 7 3 3329 6 4 38 7 4 19 10 4 19 2 5 10 6 5 222 2 6 43 7 6 43 6 7 181 7 7 181 10 7 4345 2 10 12 6 10 51 7 10 12 10 10 12
693 6664182 11 1 11 8 0 109 8 1 66 8 2 61 8 3 1542 8 4 80 8 5 224 8 6 75 8 7 220 8 8 33 8 9 102 8 10 1001
694 6665923 1 1 1 4 6 1358
695 6821790 121 11 11 0 0 42 1 0 42 2 0 128 3 0 21 4 0 21 5 0 21 6 0 64 7 0 149 8 0 21 9 0 64 10 0 21 0 1 3 1 1 3 2 1 3 3 1 11 4 1 41 5 1 3 6 1 3 7 1 3 8 1 3 9 1 7 10 1 3 0 2 793 1 2 1587 2 2 793 3 2 793 4 2 1587 5 2 793 6 2 1587 7 2 793 8 2 793 9 2 793 10 2 1587 0 3 8 1 3 4 2 3 13 3 3 4 4 3 4 5 3 4 6 3 4 7 3 4 8 3 26 9 3 4 10 3 35 0 4 1 1 4 1 2 4 1 3 4 1 4 4 1 5 4 1 6 4 8 7 4 1 8 4 1 9 4 2 10 4 1 0 5 14 1 5 7 2 5 7 3 5 7 4 5 71 5 5 7 6 5 49 7 5 28 8 5 28 9 5 7 10 5 7 0 6 38 1 6 1 2 6 1 3 6 1 4 6 1 5 6 1 6 6 1 7 6 2 8 6 145 9 6 1 10 6 2 0 7 2 1 7 1 2 7 1 3 7 5 4 7 1 5 7 8 6 7 1 7 7 1 8 7 8 9 7 1 10 7 1 0 8 1 1 8 1 2 8 1 3 8 1 4 8 1 5 8 1 6 8 1 7 8 1 8 8 1 9 8 1 10 8 1 0 9 2791 1 9 214 2 9 1503 3 9 214 4 9 429 5 9 214 6 9 1503 7 9 429 8 9 214 9 9 214 10 9 214 0 10 3 1 10 1 2 10 1 3 10 1 4 10 1 5 10 1 6 10 1 7 10 5 8 10 1 9 10 1 10 10 1
696 6823619 1 1 1 4 9 362
697 6828217 8 4 4 2 1 77 6 1 154 2 2 466 1 6 1569 4 6 1569 6 6 3138 1 10 15 4 10 15
698 6864170 33 3 11 2 0 22 5 0 4 10 0 4 2 1 3 5 1 3 10 1 12 2 2 153 5 2 25 10 2 25 2 3 127 5 3 7885 10 3 1526 2 4 268 5 4 89 10 4 89 2 5 3 5 5 6 10 5 51 2 6 13 5 6 48 10 6 20 2 7 2 5 7 21 10 7 2 2 8 8 5 8 43 10 8 312 2 9 33 5 9 66 10 9 66 2 10 32 5 10 32 10 10 32
699 6865151 1 1 1 8 8 218
700 6866002 1 1 1 9 4 4666
701 6883211 11 11 2 1 2 3 4 2 3 5 2 11 7 2 15 9 2 76 10 2 7 0 9 1 2 9 1 3 9 1 6 9 1 8 9 1
702 6914100 33 3 11 0 0 2375 3 0 1187 4 0 1187 0 1 25 3 1 61 4 1 5 0 2 28 3 2 56 4 2 28 0 3 1 3 3 1 4 3 13 0 4 649 3 4 649 4 4 649 0 5 112 3 5 112 4 5 112 0 6 22 3 6 22 4 6 22 0 7 163 3 7 81 4 7 81 0 8 88 3 8 11 4 8 11 0 9 6 3 9 43 4 9 6 0 10 1 3 10 17 4 10 74
703 6945275 22 2 11 2 0 74 9 0 37 2 1 49 9 1 49 2 2 4702 9 2 9404 2 3 37 9 3 37 2 4 57 9 4 57 2 5 40 9 5 40 2 6 38 9 6 38 2 7 1370 9 7 548 2 8 52 9 8 52 2 9 325 9 9 325 2 10 81 9 10 81
704 6946752 2 2 1 5 6 1995 9 6 3990
705 6948615 2 2 1 0 5 52 5 5 263
706 6950471 2 2 2 2 4 2 5 7 40
707 6951060 1 1 1 6 1 13
708 6952620 1 1 1 7 4 12039
709 6957567 1 1 1 2 9 9272
710 6971565 11 1 11 3 0 36 3 1 44 3 2 96 3 3 119 3 4 1221 3 5 9637 3 6 32 3 7 220 3 8 105 3 9 22919 3 10 1
711 6972646 1 1 1 9 10 28
712 6983123 3 3 1 2 4 49 4 4 99 10 4 49
713 6983813 1 1 1 0 6 9483
714 6989825 6 3 3 2 2 9758 5 2 19516 10 2 29274 5 4 563 10 4 1126 2 8 105
715 6990201 1 1 1 8 7 12
716 6994319 1 1 1 3 10 175
717 6995639 2 2 1 0 7 4 9 7 35
718 7053521 45 9 9 0 0 1 3 0 36 5 0 1 6 0 1 0 1 39 1 1 6 3 1 85 5 1 6 6 1 6 7 1 13 8 1 39 10 1 6 1 3 15 3 3 31 6 3 15 7 3 15 10 3 15 2 4 27 7 4 27 10 4 275 0 5 87 1 5 87 6 5 175 7 5 3430 8 5 263 0 7 5 1 7 17 2 7 23 5 7 5 8 7 5 2 8 1455 3 8 2911 5 8 4366 10 8 1455 0 9 31 1 9 31 2 9 31 5 9 11729 7 9 31 8 9 31 2 10 21 3 10 5 6 10 2 8 10 2 10 10 10
719 7054547 1 1 1 2 7 4984
720 7055800 1 1 1 10 8 8567
721 7055910 1 1 1 4 10 231
722 7058814 2 2 1 5 1 2439 10 1 2439
723 7081340 22 2 11 3 0 39 6 0 79 3 1 113 6 1 1 3 2 3584 6 2 3584 3 3 52 6 3 13 3 4 523 6 4 174 3 5 29 6 5 29 3 6 66 6 6 66 3 7 32 6 7 16 3 8 7 6 8 7 3 9 11 6 9 23 3 10 11 6 10 11
724 7091971 11 1 11 6 0 16260 6 1 111 6 2 205 6 3 4789 6 4 24 6 5 1502 6 6 2 6 7 124 6 8 63 6 9 286 6 10 39
725 7093208 1 1 1 2 3 90
726 7093331 1 1 1 3 9 3974
727 7105841 8 4 4 8 0 769 10 0 769 2 5 14 6 5 7 2 7 5 6 7 2 8 7 2 10 10 104
728 7107287 1 1 1 3 9 53
729 7107945 1 1 1 1 6 6073
730 7111221 2 2 1 0 2 68 8 2 34
731 7112832 2 2 1 2 10 8 3 10 2
732 7148308 30 6 8 0 0 3 5 0 4 7 0 1 9 0 2 0 1 103 0 2 722 4 2 240 7 2 240 0 3 15 4 3 39 5 3 31 6 3 7 9 3 7 0 5 132 4 5 13 5 5 26 6 5 66 7 5 26 9 5 52 4 6 4 5 6 2 6 6 2 7 6 7 9 6 4 6 8 79 7 8 39 9 8 39 4 9 138 5 9 46 6 9 46
733 7149013 2 2 1 9 8 3956 10 8 12
734 7149211 1 1 1 2 0 38
735 7184654 22 2 11 6 0 70 9 0 35 6 1 62 9 1 6 6 2 5 9 2 1 6 3 8 9 3 20 6 4 76 9 4 153 6 5 36 9 5 36 6 6 3 9 6 47 6 7 1348 9 7 1348 6 8 280 9 8 70 6 9 10 9 9 40 6 10 8 9 10 136
736 7187146 1 1 1 2 6 1770
737 7196209 4 4 1 0 0 44 5 0 44 9 0 44 10 0 88
738 7196630 1 1 1 5 1 213
739 7210185 11 1 11 10 0 372 10 1 78 10 2 39026 10 3 809 10 4 84 10 5 86 10 6 35 10 7 96 10 8 67 10 9 6031 10 10 132
740 7212431 1 1 1 2 2 25990
741 7293613 55 11 10 0 0 15797 1 0 1089 3 0 544 6 0 544 10 0 1634 1 1 989 4 1 14847 5 1 40583 6 1 989 7 1 989 2 2 3 3 2 9 4 2 9 5 2 3 7 2 3 8 2 3 9 2 3 10 2 3 0 4 33 1 4 3198 2 4 66 7 4 33 9 4 33 10 4 33 0 5 147 2 5 11 3 5 17 6 5 22 8 5 28 9 5 11 3 6 2 5 6 5 7 6 5 8 6 2 9 6 5 2 7 2 3 7 2 5 7 2 6 7 14 7 7 2 9 7 2 10 7 2 0 8 1 2 8 6 4 8 1 6 8 1 1 9 119 4 9 14 5 9 14 8 9 44 10 9 44 0 10 110 1 10 2 4 10 8 8 10 2
742 7294628 2 2 1 7 10 31 9 10 31
743 7296130 1 1 1 2 8 31
744 7309504 10 5 4 5 0 8 7 0 8 1 3 64 6 3 1 8 7 169 1 8 151 5 8 302 6 8 1133 7 8 75 8 8 75
745 7309811 1 1 1 3 10 118
746 7311039 1 1 1 6 9 88
747 7311356 1 1 1 8 5 26
748 7312884 2 2 1 5 8 56 7 8 28
749 7326701 15 5 5 2 0 33 5 0 33 10 0 33 4 4 130 5 4 26 9 4 6 9 5 1 10 5 24 2 7 20 4 7 20 9 7 41 10 7 20 2 9 1 4 9 1 5 9 2
750 7327678 2 2 1 0 3 82 9 3 49
751 7400055 66 11 11 1 0 23 2 0 47 5 0 23 1 1 15 3 1 15 4 1 46 5 1 15 6 1 15 7 1 30 8 1 30 0 2 119 1 2 119 2 2 119 4 2 597 7 2 477 8 2 2628 9 2 119 10 2 15409 0 3 1455 5 3 727 6 3 242 7 3 970 8 3 485 10 3 242 4 4 54 6 4 13 7 4 13 8 4 13 9 4 27 0 5 12 2 5 25 4 5 355 5 5 12 9 5 343 1 6 167 2 6 55 3 6 55 5 6 111 7 6 55 8 6 55 9 6 55 10 6 950 0 7 3 3 7 14 4 7 10 6 7 3 7 7 3 9 7 3 10 7 7 1 8 1 2 8 1 3 8 1 4 8 5 10 8 1 0 9 15 2 9 31 3 9 108 5 9 15 6 9 15 8 9 15 9 9 15 0 10 17 1 10 51 3 10 17 6 10 17 10 10 17
752 7413371 10 5 4 0 0 717 1 0 168 3 0 42 0 1 8 7 1 168 3 8 42 8 8 21 1 9 1 7 9 1 8 9 5
753 7414278 1 1 1 9 4 9625
754 7414797 1 1 1 0 1 40
755 7432208 11 1 11 9 0 195 9 1 352 9 2 84 9 3 269 9 4 137 9 5 4130 9 6 4 9 7 346 9 8 92 9 9 56 9 10 2193
756 7433774 1 1 1 7 0 152
757 7452597 12 6 3 1 0 7 3 0 7 7 0 7 3 1 38 5 1 77 8 1 38 9 1 38 1 5 578 5 5 578 7 5 578 8 5 578 9 5 1734
758 7453357 1 1 1 6 1 123
759 7457794 2 2 1 9 3 11 10 3 11
760 7458764 1 1 1 5 0 1472
761 7464057 5 5 1 2 5 45 4 5 45 5 5 45 6 5 45 8 5 91
762 7465734 2 2 1 4 1 36 9 1 36
763 7466786 1 1 1 6 4 34
764 7467840 1 1 1 3 2 84
765 7468436 1 1 1 9 0 12661
766 7511638 30 10 6 0 3 1 3 3 1 4 3 1 5 3 1 6 3 1 10 3 1 1 4 16 2 4 48 3 4 16 4 4 32 0 5 13 1 5 13 3 5 13 5 5 54 7 5 41 8 5 13 1 6 172 2 6 14 10 6 14 2 7 7 5 7 7 6 7 3 7 7 3 8 7 39 10 7 7 0 10 30 4 10 7 6 10 15 7 10 7 8 10 106
767 7514735 2 2 1 6 8 67 10 8 62
768 7543944 22 2 11 0 0 103 8 0 103 0 1 41 8 1 41 0 2 36 8 2 620 0 3 102 8 3 102 0 4 59 8 4 59 0 5 373 8 5 373 0 6 37 8 6 2 0 7 2 8 7 6 0 8 21 8 8 1321 0 9 352 8 9 704 0 10 47 8 10 47
769 7544170 1 1 1 5 3 363
770 7544512 1 1 1 1 5 68
771 7545005 1 1 1 0 3 264
772 7546313 1 1 1 1 1 94
773 7554519 6 6 1 3 10 17 4 10 87 6 10 17 8 10 34 9 10 52 10 10 34
774 7558804 1 1 1 7 5 98
775 7559417 1 1 1 9 3 95
776 7562630 1 1 1 6 10 137
777 7564810 2 2 1 1 6 75 10 6 150
778 7573480 11 11 2 0 1 279 1 1 837 3 1 279 5 1 279 10 1 279 2 9 7 4 9 7 6 9 7 7 9 14 8 9 7 9 9 21
779 7574759 2 2 1 2 1 1518 4 1 18222
780 7583029 10 5 4 1 1 117 2 1 117 3 1 117 0 2 6098 0 5 4 1 5 14 2 5 4 3 5 4 9 5 34 9 8 6604
781 7584246 1 1 1 0 3 77
782 7588081 3 3 1 0 4 1 3 4 21 8 4 1
783 7589026 1 1 1 7 10 8
784 7589288 1 1 1 4 10 191
785 7593679 1 1 1 8 2 7
786 7594577 1 1 1 6 0 54
787 7598272 6 6 1 1 4 3 2 4 78 4 4 18 6 4 33 7 4 3 8 4 6
788 7599471 1 1 1 10 8 200
789 7602202 1 1 1 3 2 30
790 7604030 1 1 1 7 8 37
791 7604846 3 3 1 0 1 26 7 1 1 8 1 1
792 7605057 1 1 1 0 8 118
793 7605325 1 1 1 4 7 6073
794 7606059 1 1 1 4 6 74
795 7606767 1 1 1 3 7 39
796 7608330 1 1 1 0 10 90
797 7608805 1 1 1 3 10 18
798 7620927 11 1 11 4 0 65 4 1 2953 4 2 46 4 3 11778 4 4 100 4 5 6106 4 6 33 4 7 28 4 8 632 4 9 293 4 10 193
799 7620952 1 1 1 2 10 54
800 7621018 1 1 1 8 7 69
801 7622427 1 1 1 9 6 20
802 7626063 6 3 3 4 0 8 5 0 43 5 2 4521 10 2 4521 4 5 18 10 5 226
803 7626094 1 1 1 8 3 11335
804 7637624 7 1 7 4 0 117 4 3 23 4 4 621 4 6 21 4 8 8560 4 9 9 4 10 98
805 7641070 1 1 1 1 6 154
806 7643052 2 2 1 3 0 10 5 0 104
807 7647010 2 2 1 2 10 55 3 10 55
808 7647829 1 1 1 1 3 14
809 7648280 1 1 1 0 8 54
810 7648585 1 1 1 3 7 472
811 7648845 1 1 1 6 2 58
812 7650374 2 2 1 1 5 1916 7 5 958
813 7650936 1 1 1 10 8 83
814 7651108 1 1 1 1 3 170
815 7661154 4 2 3 4 7 813 4 9 128 6 9 32 6 10 1677
816 7661784 2 2 2 2 8 132 7 10 175
817 7669698 3 3 1 7 3 1577 8 3 1577 9 3 1577
818 7670769 1 1 1 9 4 82
819 7672863 2 2 1 4 3 21 7 3 21
820 7674545 1 1 1 2 2 104
821 7676855 2 2 1 6 9 68 7 9 36
822 7817623 121 11 11 0 0 1 1 0 1 2 0 1 3 0 7 4 0 3 5 0 16 6 0 4 7 0 1 8 0 1 9 0 4 10 0 1 0 1 1 1 1 1 2 1 1 3 1 1 4 1 1 5 1 1 6 1 1 7 1 1 8 1 1 9 1 1 10 1 1 0 2 3 1 2 9 2 2 3 3 2 3 4 2 9 5 2 3 6 2 3 7 2 12 8 2 3 9 2 3 10 2 3 0 3 1 1 3 3 2 3 5 3 3 1 4 3 1 5 3 1 6 3 1 7 3 5 8 3 13 9 3 1 10 3 3 0 4 1 1 4 2 2 4 5 3 4 1 4 4 28 5 4 1 6 4 1 7 4 1 8 4 1 9 4 1 10 4 25 0 5 26 1 5 26 2 5 26 3 5 338 4 5 52 5 5 26 6 5 26 7 5 52 8 5 156 9 5 26 10 5 78 0 6 4 1 6 4 2 6 8 3 6 4 4 6 8 5 6 4 6 6 4 7 6 13 8 6 4 9 6 4 10 6 8 0 7 414 1 7 276 2 7 1244 3 7 414 4 7 138 5 7 138 6 7 8297 7 7 691 8 7 138 9 7 138 10 7 138 0 8 1679 1 8 239 2 8 3838 3 8 239 4 8 239 5 8 479 6 8 1679 7 8 479 8 8 239 9 8 239 10 8 239 0 9 1 1 9 5 2 9 1 3 9 9 4 9 1 5 9 3 6 9 5 7 9 3 8 9 9 9 9 1 10 9 1 0 10 3 1 10 1 2 10 1 3 10 9 4 10 1 5 10 27 6 10 1 7 10 1 8 10 3 9 10 1 10 10 1
823 7932267 77 7 11 1 0 8 2 0 8 3 0 8 5 0 8 8 0 26 9 0 8 10 0 8 1 1 969 2 1 969 3 1 969 5 1 969 8 1 969 9 1 1938 10 1 969 1 2 6 2 2 12 3 2 6 5 2 6 8 2 6 9 2 6 10 2 12 1 3 13 2 3 1 3 3 4 5 3 6 8 3 9 9 3 13 10 3 2 1 4 3553 2 4 3553 3 4 3553 5 4 3553 8 4 3553 9 4 7107 10 4 14215 1 5 4195 2 5 1797 3 5 599 5 5 2996 8 5 1198 9 5 599 10 5 599 1 6 1980 2 6 282 3 6 282 5 6 282 8 6 282 9 6 1414 10 6 7637 1 7 1502 2 7 751 3 7 3756 5 7 751 8 7 751 9 7 751 10 7 751 1 8 1 2 8 5 3 8 10 5 8 1 8 8 2 9 8 1 10 8 30 1 9 1 2 9 1 3 9 1 5 9 1 8 9 3 9 9 1 10 9 1 1 10 1 2 10 1 3 10 1 5 10 1 8 10 1 9 10 1 10 10 1
824 7935171 2 2 1 0 10 47 6 10 142
825 7968602 28 7 7 0 0 3 5 0 3 6 0 115 10 0 17 0 1 19 1 1 19 6 1 171 7 1 19 0 2 27 1 2 27 4 2 27 5 2 27 7 2 27 10 2 54 4 4 187 10 4 62 4 5 112 5 5 16 6 5 16 0 8 63 1 8 63 5 8 63 7 8 63 1 9 18 4 9 18 6 9 56 7 9 18 10 9 56
826 7968879 2 2 1 2 8 28 9 8 28
827 7972910 2 2 1 0 9 116 5 9 116
828 7974078 1 1 1 6 0 60
829 7976381 1 1 1 9 6 347
830 7989207 15 5 5 0 1 24 1 1 74 2 1 24 8 1 24 1 2 42 2 2 63 3 2 42 8 2 21 0 5 5 1 5 5 3 5 172 8 5 5 2 7 448 0 9 32 3 9 16
831 7989815 1 1 1 1 10 1198
832 7990392 1 1 1 1 1 30673
833 8015566 11 1 11 7 0 119 7 1 62 7 2 89 7 3 83 7 4 24511 7 5 22 7 6 12731 7 7 1338 7 8 800 7 9 12629 7 10 8
834 8032414 15 5 5 1 0 15 2 0 15 7 0 177 7 4 4 8 4 9 9 4 61 1 5 908 2 5 908 8 5 908 1 9 51 7 9 2 9 9 14 2 10 700 8 10 1400 9 10 1400
835 8033058 1 1 1 3 1 125
836 8033644 1 1 1 1 3 86
837 8038564 2 2 1 6 9 79 8 9 19
838 8040574 1 1 1 5 0 8530
839 8041074 1 1 1 8 3 4
840 8042315 1 1 1 10 1 81
841 8043543 2 2 2 1 0 334 10 5 4815
842 8059203 11 1 11 1 0 94 1 1 148 1 2 12 1 3 757 1 4 6007 1 5 143 1 6 11325 1 7 25 1 8 2391 1 9 9530 1 10 21
843 8061608 1 1 1 9 3 39
844 8066126 3 3 1 1 9 851 2 9 283 7 9 283
845 8071608 5 5 1 2 7 4 3 7 4 4 7 9 5 7 51 10 7 4
846 8081434 11 1 11 5 0 54 5 1 9 5 2 142 5 3 96 5 4 14 5 5 11850 5 6 89 5 7 59 5 8 80 5 9 17114 5 10 165
847 8082289 1 1 1 6 6 38995
848 8082392 1 1 1 8 4 118
849 8083442 2 2 1 7 10 39 9 10 39
850 8084067 3 3 2 5 2 5 7 2 15 9 6 662
851 8086875 1 1 1 0 6 15
852 8087877 2 2 1 2 9 48 3 9 48
853 8089088 1 1 1 9 0 60
854 8091449 2 2 1 3 10 1 6 10 67
855 8092497 1 1 1 2 0 234
856 8095550 2 2 1 3 4 30 4 4 30
857 8108322 11 1 11 9 0 2932 9 1 1575 9 2 15741 9 3 192 9 4 62 9 5 4 9 6 9641 9 7 83 9 8 57 9 9 69 9 10 21849
858 8110481 4 4 1 4 2 1 5 2 5 7 2 1 10 2 1
859 8120842 11 1 11 6 0 3051 6 1 2 6 2 342 6 3 63 6 4 66 6 5 14093 6 6 60 6 7 207 6 8 506 6 9 148 6 10 7
860 8120906 1 1 1 9 6 11
861 8133169 11 1 11 3 0 984 3 1 145 3 2 309 3 3 2378 3 4 112 3 5 2029 3 6 1409 3 7 1201 3 8 8 3 9 59 3 10 7689
862 8135386 1 1 1 9 9 70
863 8144614 8 2 5 2 0 9 6 0 9 2 4 116 2 7 8 6 7 8 2 9 264 6 9 792 6 10 99
864 8222332 55 11 10 0 0 7236 2 0 1809 7 0 3618 1 1 4 4 1 14 8 1 4 9 1 4 10 1 14 3 2 954 7 2 954 0 4 17 1 4 5 3 4 5 4 4 5 7 4 17 8 4 5 9 4 5 0 5 30 4 5 15 7 5 30 9 5 15 10 5 15 0 6 8 2 6 4 3 6 4 4 6 26 5 6 17 6 6 17 7 6 4 9 6 8 1 7 4 2 7 1 5 7 1 6 7 2 8 7 12 10 7 1 1 8 226 2 8 113 3 8 113 4 8 113 5 8 113 6 8 339 8 8 113 10 8 113 1 9 35 2 9 35 5 9 35 6 9 70 8 9 141 9 9 105 10 9 35 0 10 517 3 10 172 5 10 172 6 10 172
865 8222548 1 1 1 4 2 165
866 8223806 1 1 1 10 3 552
867 8226625 2 2 1 2 3 81 7 3 60
868 8228586 1 1 1 10 6 201
869 8229513 1 1 1 6 9 164
870 8232567 5 5 2 0 3 6 2 3 6 3 3 6 7 3 46 8 10 22
871 8243121 8 4 3 1 3 1534 6 3 767 5 8 758 6 8 758 10 8 8344 1 9 3 5 9 3 10 9 7
872 8248245 6 3 3 1 4 73 2 4 147 1 6 11 2 6 11 6 6 114 6 10 5
873 8248382 1 1 1 8 2 1986
874 8263106 11 1 11 2 0 171 2 1 40 2 2 46 2 3 32 2 4 61 2 5 668 2 6 213 2 7 312 2 8 183 2 9 31 2 10 51
875 8270466 4 4 1 2 7 9 3 7 9 4 7 9 5 7 18
876 8273117 4 4 1 1 3 18 4 3 37 9 3 18 10 3 37
877 8273624 1 1 1 10 6 24
878 8274576 1 1 1 9 6 46
879 8274826 1 1 1 1 5 24
880 8277378 1 1 1 1 7 27314
881 8284135 7 7 1 0 2 561 1 2 561 2 2 561 4 2 561 5 2 2247 6 2 1685 10 2 1685
882 8284565 1 1 1 9 2 223
883 8285356 1 1 1 1 6 102
884 8285383 1 1 1 0 6 33
885 8286610 1 1 1 10 5 37
886 8347857 55 11 10 0 0 118 2 0 14 3 0 14 5 0 59 6 0 14 7 0 14 8 0 29 9 0 14 10 0 29 0 1 11 2 1 33 3 1 5 4 1 5 8 1 11 10 1 11 0 2 82 2 2 1476 6 2 82 7 2 41 1 3 48 5 3 48 10 3 12 0 4 1 1 4 1 3 4 1 5 4 25 6 4 1 8 4 1 10 4 19 0 5 25 4 5 25 6 5 25 7 5 25 9 5 77 1 6 1111 2 6 1111 3 6 8888 4 6 555 5 6 555 6 6 555 7 6 555 9 6 555 1 7 1 2 7 4 4 7 1 7 7 8 9 7 4 10 7 1 3 8 20 4 8 20 8 8 20 1 9 2254 5 9 751 8 9 751 9 9 1503
887 8348576 1 1 1 6 4 158
888 8359121 11 1 11 10 0 12 10 1 119 10 2 136 10 3 87 10 4 103 10 5 109 10 6 3020 10 7 651 10 8 196 10 9 16 10 10 10210
889 8362386 2 2 1 6 2 173 9 2 34
890 8363538 1 1 1 8 10 13
891 8364549 1 1 1 2 8 118
892 8367535 1 1 1 10 7 320
893 8368697 1 1 1 8 3 795
894 8422198 50 10 9 2 1 4 3 1 19 5 1 19 9 1 4 10 1 194 0 2 11 3 2 11 4 2 5 5 2 128 6 2 5 7 2 5 9 2 35 2 3 6 3 3 6 4 3 12 5 3 6 6 3 6 8 3 6 9 3 12 10 3 6 2 4 56 8 4 18 0 5 1 2 5 30 4 5 8 6 5 2 7 5 4 8 5 30 3 7 3 4 7 10 5 7 1 6 7 54 7 7 1 0 8 1 2 8 1 4 8 1 7 8 1 9 8 1 10 8 1 0 9 35 3 9 35 5 9 71 6 9 71 8 9 35 10 9 35 0 10 33 7 10 33 8 10 133 9 10 33 10 10 33
895 8426432 4 4 1 3 9 18 5 9 36 7 9 9 8 9 9
896 8458654 21 7 5 1 0 15751 2 0 1968 3 0 1968 2 2 38 3 2 38 4 2 38 8 2 38 10 2 38 1 3 1586 2 3 4760 4 3 1586 8 3 3173 9 3 1586 10 3 3173 3 9 10 4 9 10 8 9 10 9 9 30 1 10 33 9 10 16 10 10 16
897 8463107 1 1 1 0 6 1763
898 8466372 1 1 1 1 1 158
899 8475991 11 1 11 6 0 1733 6 1 58 6 2 250 6 3 108 6 4 32 6 5 249 6 6 12658 6 7 61 6 8 4891 6 9 33179 6 10 114
900 8475992 1 1 1 0 7 201
901 8485884 11 11 2 3 2 517 4 2 30 5 2 30 6 2 30 7 2 30 8 2 30 9 2 30 0 3 1484 1 3 1484 2 3 1484 10 3 7420
902 8486033 1 1 1 5 10 39173
903 8504653 7 1 7 1 1 7 1 2 22 1 4 337 1 5 36 1 7 111 1 9 9 1 10 49
904 8504705 1 1 1 5 6 59
905 8513891 11 11 1 0 8 95 1 8 95 2 8 95 3 8 95 4 8 95 5 8 95 6 8 95 7 8 95 8 8 95 9 8 95 10 8 95
906 8516319 1 1 1 8 8 271
907 8542490 22 2 11 2 0 36 4 0 36 2 1 116 4 1 233 2 2 1642 4 2 821 2 3 18 4 3 18 2 4 4 4 4 22 2 5 23 4 5 207 2 6 68 4 6 136 2 7 3009 4 7 6019 2 8 156 4 8 14 2 9 153 4 9 76 2 10 6 4 10 3
908 8543217 1 1 1 1 0 165
909 8554839 11 1 11 9 0 5739 9 1 6168 9 2 801 9 3 21 9 4 1528 9 5 138 9 6 8913 9 7 11407 9 8 5 9 9 226 9 10 26
910 8555838 1 1 1 10 5 3
911 8567282 11 11 1 0 0 682 1 0 682 2 0 682 3 0 682 4 0 682 5 0 682 6 0 1365 7 0 2047 8 0 1365 9 0 682 10 0 682
912 8567716 1 1 1 8 1 71
913 8581122 7 7 1 0 2 19 1 2 19 2 2 19 4 2 19 6 2 19 7 2 19 10 2 38
914 8583938 2 2 1 2 3 171 4 3 171
915 8586922 1 1 1 5 10 65
916 8591645 3 3 1 0 3 49 7 3 49 10 3 99
917 8595988 3 3 1 3 9 3 6 9 3 9 9 199
918 8596701 2 2 2 0 1 124 1 8 100
919 8608262 11 11 1 0 1 1 1 1 1 2 1 1 3 1 1 4 1 1 5 1 1 6 1 1 7 1 9 8 1 1 9 1 16 10 1 2
920 8611220 6 3 3 2 8 655 6 9 28 8 9 28 2 10 8 6 10 8 8 10 8
921 8612310 2 2 2 8 1 88 3 9 79
922 8612931 1 1 1 1 4 99
923 8615956 1 1 1 10 7 1223
924 8628574 6 6 1 0 6 1 1 6 1 5 6 11 6 6 3 8 6 3 10 6 1
925 8628995 2 2 1 1 0 92 8 0 184
926 8646401 11 1 11 7 0 37 7 1 61 7 2 58 7 3 71 7 4 65 7 5 9235 7 6 104 7 7 22675 7 8 20 7 9 34 7 10 8973
927 8647605 1 1 1 7 0 85
928 8649058 3 3 1 0 10 51 1 10 51 7 10 102
929 8791533 121 11 11 0 0 5 1 0 2 2 0 2 3 0 2 4 0 7 5 0 2 6 0 655 7 0 2 8 0 25 9 0 5 10 0 10 0 1 2 1 1 3 2 1 1 3 1 1 4 1 2 5 1 2 6 1 3 7 1 18 8 1 1 9 1 2 10 1 1 0 2 4 1 2 12 2 2 8 3 2 21 4 2 4 5 2 8 6 2 42 7 2 8 8 2 21 9 2 12 10 2 4 0 3 6 1 3 6 2 3 13 3 3 3 4 3 3 5 3 3 6 3 3 7 3 3 8 3 169 9 3 3 10 3 3 0 4 878 1 4 878 2 4 2635 3 4 878 4 4 2635 5 4 878 6 4 878 7 4 878 8 4 1756 9 4 878 10 4 1756 0 5 454 1 5 227 2 5 454 3 5 227 4 5 227 5 5 682 6 5 227 7 5 4774 8 5 227 9 5 227 10 5 227 0 6 54 1 6 54 2 6 218 3 6 109 4 6 54 5 6 54 6 6 54 7 6 54 8 6 272 9 6 381 10 6 54 0 7 2 1 7 2 2 7 2 3 7 2 4 7 2 5 7 18 6 7 4 7 7 231 8 7 6 9 7 4 10 7 2 0 8 4 1 8 4 2 8 4 3 8 4 4 8 4 5 8 4 6 8 4 7 8 14 8 8 9 9 8 14 10 8 4 0 9 8 1 9 8 2 9 4 3 9 4 4 9 8 5 9 4 6 9 28 7 9 4 8 9 4 9 9 4 10 9 4 0 10 1 1 10 2 2 10 30 3 10 1 4 10 1 5 10 1 6 10 1 7 10 1 8 10 2 9 10 2 10 10 1
930 8875965 66 11 11 1 0 2492 2 0 2492 3 0 2492 6 0 4984 8 0 69778 9 0 9968 10 0 7476 0 1 28 2 1 28 5 1 43 7 1 14 0 2 7 1 2 43 3 2 29 4 2 7 6 2 7 7 2 7 8 2 7 9 2 7 10 2 14 3 3 15 7 3 15 8 3 15 9 3 15 10 3 15 3 4 7804 4 4 13007 5 4 2601 6 4 15609 0 5 22 1 5 22 3 5 22 10 5 22 0 6 26 1 6 13 2 6 13 4 6 79 5 6 13 7 6 13 8 6 13 9 6 172 0 7 10 2 7 21 3 7 10 4 7 10 5 7 10 6 7 10 7 7 73 8 7 10 9 7 31 0 8 309 2 8 1548 4 8 309 5 8 309 6 8 928 8 8 309 9 8 309 1 9 71 5 9 71 10 9 71 1 10 683 2 10 683 4 10 683 6 10 1367 7 10 683 10 10 683
931 8952214 60 10 11 0 0 1056 2 0 11622 4 0 3169 5 0 1056 8 0 1056 10 0 3169 1 1 10 4 1 10 5 1 10 7 1 10 8 1 84 10 1 10 0 2 6431 2 2 1607 3 2 81995 5 2 4823 6 2 1607 7 2 1607 10 2 1607 2 3 24 3 3 124 4 3 49 6 3 24 0 4 909 1 4 909 2 4 909 3 4 2727 4 4 909 1 5 349 3 5 4188 4 5 349 5 5 349 7 5 2443 10 5 349 0 6 17 1 6 8 2 6 8 6 6 8 7 6 8 8 6 8 0 7 6 6 7 6 8 7 45 0 8 4 2 8 4 7 8 4 8 8 4 10 8 16 1 9 2119 3 9 2119 5 9 4239 6 9 2119 10 9 2119 1 10 901 3 10 2703 4 10 225 5 10 225 6 10 225 7 10 225 8 10 225
932 9002668 55 11 10 1 0 4 2 0 4 3 0 2 5 0 2 6 0 2 8 0 2 9 0 2 1 1 779 3 1 779 4 1 2337 7 1 6232 0 2 1805 2 2 2708 4 2 902 7 2 3611 8 2 902 9 2 902 10 2 1805 0 3 59 2 3 3 3 3 3 5 3 13 6 3 3 7 3 16 8 3 9 0 4 6 5 4 6 8 4 43 9 4 6 0 6 9 1 6 4 4 6 4 5 6 69 10 6 4 1 7 3 3 7 3 6 7 3 10 7 10 2 8 6 4 8 67 5 8 6 6 8 20 8 8 6 10 8 6 3 9 4 4 9 4 7 9 9 9 9 9 10 9 4 0 10 23 1 10 23 2 10 23 6 10 47 7 10 23 9 10 23
933 9003912 1 1 1 9 6 7857
934 9007824 4 4 2 10 1 14278 1 7 15 3 7 45 8 7 122
935 9011323 5 5 1 0 1 1573 1 1 1573 3 1 1573 5 1 1573 6 1 1573
936 9014466 2 2 1 0 4 58 3 4 58
937 9014775 1 1 1 4 6 76
938 9016282 1 1 1 9 5 48
939 9025462 5 5 2 2 8 14263 3 8 14263 4 8 42789 8 8 28526 9 9 59
940 9033605 11 1 11 0 0 266 0 1 55 0 2 131 0 3 11398 0 4 44 0 5 111 0 6 15144 0 7 99809 0 8 217 0 9 5 0 10 1313
941 9168808 121 11 11 0 0 5 1 0 5 2 0 5 3 0 5 4 0 22 5 0 5 6 0 5 7 0 16 8 0 5 9 0 22 10 0 5 0 1 96 1 1 1248 2 1 96 3 1 384 4 1 192 5 1 192 6 1 96 7 1 96 8 1 96 9 1 288 10 1 288 0 2 2 1 2 2 2 2 5 3 2 2 4 2 10 5 2 2 6 2 5 7 2 5 8 2 2 9 2 8 10 2 2 0 3 1 1 3 1 2 3 1 3 3 2 4 3 4 5 3 8 6 3 1 7 3 1 8 3 1 9 3 1 10 3 1 0 4 3 1 4 1 2 4 1 3 4 1 4 4 32 5 4 1 6 4 1 7 4 3 8 4 11 9 4 1 10 4 1 0 5 13 1 5 13 2 5 27 3 5 13 4 5 41 5 5 13 6 5 388 7 5 55 8 5 13 9 5 13 10 5 13 0 6 34 1 6 5 2 6 5 3 6 2 4 6 2 5 6 2 6 6 24 7 6 5 8 6 2 9 6 8 10 6 10 0 7 1 1 7 1 2 7 1 3 7 2 4 7 1 5 7 1 6 7 18 7 7 2 8 7 1 9 7 1 10 7 2 0 8 5 1 8 1 2 8 2 3 8 2 4 8 1 5 8 1 6 8 1 7 8 6 8 8 1 9 8 1 10 8 1 0 9 1305 1 9 2610 2 9 1305 3 9 1305 4 9 3916 5 9 2610 6 9 2610 7 9 1305 8 9 1305 9 9 2610 10 9 1305 0 10 18 1 10 36 2 10 18 3 10 18 4 10 18 5 10 18 6 10 18 7 10 36 8 10 18 9 10 18 10 10 36
942 9169278 1 1 1 10 5 700
943 9170814 3 3 2 4 0 2 6 0 1 2 8 4884
944 9172451 1 1 1 8 1 104
945 9173790 1 1 1 9 1 9558
946 9174409 3 3 1 1 9 112 7 9 37 8 9 37
947 9175248 1 1 1 10 10 71
948 9187447 10 5 4 0 1 107 1 4 16 5 4 5 8 4 5 1 6 11083 6 6 791 8 6 3958 0 7 18 5 7 73 6 7 18
949 9190995 3 3 1 2 4 3132 6 4 3132 10 4 3132
950 9203621 5 5 1 0 8 29 2 8 14 3 8 7 7 8 44 9 8 7
951 9205103 1 1 1 2 8 158
952 9207914 1 1 1 4 4 55
953 9208307 1 1 1 1 3 14
954 9208480 2 2 2 10 1 315 6 9 78
955 9209794 2 2 1 7 4 6343 9 4 12686
956 9209869 1 1 1 4 1 1266
957 9215475 4 4 1 1 9 17 4 9 17 7 9 35 8 9 17
958 9215574 1 1 1 3 3 2
959 9234568 11 1 11 10 0 127 10 1 1320 10 2 32 10 3 152 10 4 73 10 5 196 10 6 11 10 7 35 10 8 1670 10 9 43 10 10 18
960 9235484 1 1 1 7 1 1039
961 9248573 11 11 1 0 5 343 1 5 343 2 5 687 3 5 343 4 5 343 5 5 343 6 5 2407 7 5 2407 8 5 343 9 5 1719 10 5 343
962 9248719 1 1 1 1 9 174
963 9251235 1 1 1 0 8 229
964 9251811 1 1 1 2 8 204
965 9254124 2 2 1 9 8 9024 10 8 564
966 9254444 1 1 1 4 5 3957
967 9348674 66 6 11 0 0 9 1 0 9 4 0 9 5 0 9 6 0 19 7 0 29 0 1 369 1 1 369 4 1 369 5 1 1846 6 1 369 7 1 1476 0 2 15 1 2 15 4 2 15 5 2 15 6 2 15 7 2 30 0 3 4 1 3 4 4 3 16 5 3 4 6 3 8 7 3 8 0 4 14 1 4 29 4 4 14 5 4 14 6 4 14 7 4 14 0 5 43 1 5 7 4 5 7 5 5 7 6 5 7 7 5 7 0 6 9242 1 6 3080 4 6 6161 5 6 3080 6 6 3080 7 6 3080 0 7 243 1 7 243 4 7 243 5 7 486 6 7 243 7 7 243 0 8 44 1 8 44 4 8 44 5 8 44 6 8 44 7 8 44 0 9 2 1 9 9 4 9 9 5 9 2 6 9 2 7 9 4 0 10 13 1 10 13 4 10 13 5 10 13 6 10 27 7 10 40
968 9352467 1 1 1 1 3 51
969 9353068 1 1 1 2 0 14
970 9361277 6 3 3 4 3 16276 4 4 50 8 4 16 10 4 16 8 6 37 10 6 74
971 9366388 4 4 1 0 8 30 1 8 30 9 8 90 10 8 30
972 9378675 11 1 11 10 0 323 10 1 225 10 2 558 10 3 94 10 4 228 10 5 263 10 6 244 10 7 53 10 8 28 10 9 152 10 10 169
973 9404353 22 2 11 0 0 2 2 0 8 0 1 24 2 1 4 0 2 17 2 2 3 0 3 3 2 3 1 0 4 10 2 4 10 0 5 2131 2 5 1938 0 6 19 2 6 19 0 7 14257 2 7 85545 0 8 2624 2 8 1312 0 9 112 2 9 112 0 10 26 2 10 26
974 9405699 1 1 1 2 10 4704
975 9408298 4 4 1 2 8 3 6 8 1 8 8 3 10 8 1
976 9410055 2 2 2 2 8 113 3 10 11971
977 9411808 2 2 1 2 2 5970 7 2 1705
978 9412179 1 1 1 5 5 281
979 9420832 6 3 3 0 1 41 6 1 290 4 7 105 0 8 1268 4 8 1268 6 8 3805
980 9425752 5 5 1 1 10 102 2 10 102 6 10 204 7 10 306 10 10 306
981 9425795 1 1 1 1 6 406
982 9427424 1 1 1 3 10 41
983 9428109 1 1 1 0 10 188
984 9428341 1 1 1 10 4 10212
985 9429434 1 1 1 5 10 2635
986 9430472 1 1 1 1 0 968
987 9435479 2 2 1 7 9 42 9 9 42
988 9437433 1 1 1 8 4 7153
989 9438116 2 2 1 7 5 56 8 5 56
990 9441011 1 1 1 4 1 2
991 9441116 1 1 1 9 10 233
992 9441334 1 1 1 0 10 8980
993 9454242 11 1 11 4 0 4812 4 1 115 4 2 94 4 3 13014 4 4 210 4 5 84 4 6 32 4 7 154 4 8 12709 4 9 48 4 10 91
994 9475153 22 11 4 1 0 3 2 0 3 3 0 6 7 0 6 8 0 3 9 0 3 10 0 3 0 1 28 1 1 1 2 1 1 3 1 1 6 1 1 7 1 8 9 1 1 4 4 38 5 4 38 8 4 38 0 5 16 4 5 64 5 5 16 6 5 97 10 5 81
995 9478968 3 3 2 5 6 518 6 6 518 0 10 199
996 9480988 1 1 1 1 5 37
997 9483689 2 2 1 0 3 22 6 3 22
998 9492169 1 1 1 5 3 1030
999 9496587 1 1 1 8 2 26
