11 1000
0 3144 1 1 1 7 8 246
1 10905 3 3 1 0 9 262 7 9 2102 9 9 525
2 12970 1 1 1 7 1 273
3 13765 1 1 1 7 9 8824
4 17150 1 1 1 6 3 62
5 18904 1 1 1 8 1 1
6 104913 33 3 11 1 0 85 2 0 6 5 0 3 1 1 3835 2 1 1534 5 1 767 1 2 11 2 2 11 5 2 11 1 3 665 2 3 665 5 3 1331 1 4 3137 2 4 3137 5 4 1568 1 5 71 2 5 358 5 5 501 1 6 14 2 6 85 5 6 100 1 7 27 2 7 6 5 7 20 1 8 78 2 8 78 5 8 78 1 9 414 2 9 103 5 9 3313 1 10 2714 2 10 678 5 10 10857
7 159054 22 2 11 4 0 324 8 0 324 4 1 21 8 1 21 4 2 19 8 2 19 4 3 581 8 3 83 4 4 88 8 4 176 4 5 53 8 5 26 4 6 140 8 6 56 4 7 8436 8 7 4218 4 8 1365 8 8 1365 4 9 25 8 9 25 4 10 200 8 10 66
8 166468 4 4 2 0 6 2 4 6 4 10 6 4 2 10 25
9 167130 1 1 1 5 7 12024
10 167227 1 1 1 7 0 17
11 185625 3 3 1 2 3 18 4 3 18 6 3 130
12 187563 1 1 1 7 0 712
13 194170 1 1 1 9 8 94
14 205846 4 4 1 2 7 96 3 7 193 5 7 289 8 7 96
15 353396 55 5 11 3 0 329 4 0 329 6 0 329 7 0 4277 8 0 2632 3 1 147 4 1 246 6 1 98 7 1 147 8 1 49 3 2 15 4 2 15 6 2 15 7 2 15 8 2 31 3 3 1 4 3 1 6 3 1 7 3 6 8 3 1 3 4 580 4 4 1452 6 4 290 7 4 24401 8 4 1452 3 5 17 4 5 17 6 5 17 7 5 17 8 5 17 3 6 6 4 6 12 6 6 51 7 6 6 8 6 12 3 7 13 4 7 41 6 7 13 7 7 13 8 7 27 3 8 1 4 8 1 6 8 1 7 8 1 8 8 18 3 9 10 4 9 13 6 9 3 7 9 10 8 9 3 3 10 74 4 10 37 6 10 37 7 10 74 8 10 185
16 355120 1 1 1 5 10 2298
17 356542 1 1 1 6 2 73
18 362727 2 2 2 1 0 2 3 3 278
19 387244 11 1 11 6 0 138 6 1 156 6 2 105 6 3 108 6 4 4776 6 5 4149 6 6 200 6 7 95 6 8 11 6 9 9221 6 10 124
20 510376 33 11 5 0 0 3 1 0 1 3 0 11 4 0 141 5 0 1 8 0 1 2 4 2 4 4 2 5 4 42 6 4 12 7 4 16 8 4 2 9 4 2 10 4 2 0 5 2 1 5 25 4 5 6 6 5 4 7 5 4 10 5 2 0 9 442 2 9 442 3 9 442 8 9 442 9 9 884 10 9 2211 1 10 5 2 10 15 3 10 5 5 10 21 6 10 5 7 10 5 9 10 5
21 542259 11 1 11 4 0 173 4 1 238 4 2 426 4 3 87 4 4 92 4 5 303 4 6 230 4 7 89 4 8 312 4 9 5 4 10 51
22 560811 5 5 1 2 0 16 5 0 16 7 0 33 8 0 49 10 0 132
23 569655 1 1 1 7 4 9617
24 579966 1 1 1 10 7 114
25 582620 1 1 1 4 1 2521
26 602175 2 2 1 5 2 564 8 2 1129
27 602752 1 1 1 0 9 34
28 604708 1 1 1 3 8 94
29 605197 1 1 1 9 2 27
30 644185 8 4 4 1 2 73 10 2 146 1 3 66 6 3 66 7 4 49 6 6 39 7 6 39 10 6 39
31 653964 1 1 1 3 3 103
32 655805 2 2 1 3 6 56 7 6 56
33 656823 1 1 1 1 6 7696
34 665629 5 5 1 2 6 1 3 6 43 4 6 1 5 6 18 6 6 3
35 671332 1 1 1 6 0 12
36 673575 1 1 1 8 3 2409
37 678622 1 1 1 0 1 295
38 684227 1 1 1 3 9 82
39 738750 18 6 6 4 0 91 8 0 6 9 0 3 10 0 3 1 3 2011 4 3 2011 8 3 2011 9 3 4023 10 3 2011 0 4 941 1 4 1883 8 4 5651 9 4 941 1 6 1001 4 6 1001 10 6 2003 0 8 33045 0 9 200
40 816709 22 2 11 1 0 23 10 0 23 1 1 45 10 1 1322 1 2 12849 10 2 4283 1 3 15 10 3 30 1 4 36 10 4 18 1 5 30 10 5 30 1 6 17 10 6 86 1 7 2 10 7 2 1 8 73 10 8 146 1 9 34 10 9 17 1 10 63 10 10 63
41 822810 2 2 1 2 6 16561 10 6 16561
42 840993 5 5 1 0 7 102 1 7 1 4 7 1 6 7 52 7 7 1
43 844891 1 1 1 7 8 187
44 845500 1 1 1 3 4 2497
45 850783 1 1 1 3 5 116
46 1060399 66 11 11 0 0 58 1 0 116 10 0 116 0 1 13 3 1 34 4 1 13 8 1 34 9 1 13 0 2 1 2 2 1 3 2 1 5 2 1 7 2 2 9 2 85 0 3 1 4 3 20 5 3 1 7 3 1 10 3 1 1 4 723 2 4 206 4 4 103 8 4 103 9 4 103 0 5 15 1 5 30 2 5 15 5 5 46 6 5 30 7 5 15 8 5 15 9 5 30 10 5 15 2 6 82 3 6 493 5 6 164 6 6 82 7 6 164 2 7 4 3 7 38 4 7 29 6 7 9 7 7 4 8 7 9 9 7 4 10 7 14 1 8 154 2 8 154 3 8 154 4 8 154 5 8 3254 6 8 309 8 8 154 9 8 309 10 8 154 1 9 8 4 9 17 6 9 17 8 9 8 10 9 8 0 10 4 1 10 74 3 10 4 5 10 120 6 10 4 7 10 4
47 1060846 1 1 1 6 5 29
48 1062553 1 1 1 0 3 102
49 1078465 3 1 3 7 1 85 7 3 690 7 6 117
50 1107032 11 1 11 1 0 54 1 1 183 1 2 202 1 3 9556 1 4 236 1 5 99 1 6 180 1 7 188 1 8 1946 1 9 27670 1 10 17883
51 1107286 1 1 1 5 4 190
52 1167739 20 5 7 5 2 20 6 2 20 7 2 20 9 2 20 6 3 50 7 3 50 6 4 168 9 4 56 4 5 152 5 5 1 4 7 25 5 7 12 7 7 12 9 7 12 4 9 56 7 9 56 4 10 7 5 10 7 6 10 7 9 10 64
53 1170205 2 1 2 6 7 238 6 8 217
54 1306106 55 5 11 1 0 1 3 0 1 7 0 1 8 0 1 10 0 1 1 1 124 3 1 62 7 1 62 8 1 62 10 1 62 1 2 11 3 2 11 7 2 11 8 2 46 10 2 11 1 3 8 3 3 2 7 3 8 8 3 28 10 3 2 1 4 8 3 4 8 7 4 8 8 4 73 10 4 8 1 5 12 3 5 12 7 5 12 8 5 12 10 5 24 1 6 1 3 6 1 7 6 1 8 6 3 10 6 4 1 7 86 3 7 5 7 7 8 8 7 2 10 7 2 1 8 12 3 8 12 7 8 24 8 8 6 10 8 12 1 9 2 3 9 2 7 9 2 8 9 2 10 9 8 1 10 8 3 10 79 7 10 8 8 10 8 10 10 17
55 1306445 1 1 1 4 4 3868
56 1307429 1 1 1 8 5 96
57 1310442 1 1 1 7 10 19
58 1496171 66 6 11 0 0 13 2 0 13 4 0 13 8 0 13 9 0 13 10 0 13 0 1 3258 2 1 3258 4 1 3258 8 1 3258 9 1 3258 10 1 3258 0 2 53 2 2 9078 4 2 53 8 2 53 9 2 53 10 2 53 0 3 89 2 3 89 4 3 89 8 3 89 9 3 179 10 3 179 0 4 73047 2 4 6640 4 4 26562 8 4 6640 9 4 6640 10 4 13281 0 5 32 2 5 32 4 5 32 8 5 32 9 5 32 10 5 64 0 6 9 2 6 9 4 6 9 8 6 9 9 6 9 10 6 9 0 7 12 2 7 12 4 7 25 8 7 12 9 7 12 10 7 12 0 8 1 2 8 25 4 8 1 8 8 1 9 8 1 10 8 1 0 9 5 2 9 21 4 9 5 8 9 5 9 9 5 10 9 21 0 10 1 2 10 1 4 10 1 8 10 4 9 10 1 10 10 1
59 1496554 1 1 1 0 8 228
60 1501690 1 1 1 2 3 70
61 1530594 5 5 1 2 7 10928 3 7 496 6 7 1159 7 7 1655 9 7 993
62 1552436 11 1 11 6 0 131 6 1 57 6 2 10206 6 3 45 6 4 58540 6 5 192 6 6 5969 6 7 162 6 8 111 6 9 180 6 10 8857
63 1552504 1 1 1 3 7 127
64 1556146 1 1 1 9 3 7374
65 1610578 22 11 4 0 0 1 4 0 1 6 0 1 7 0 1 8 0 1 9 0 25 1 1 213 2 1 213 6 1 213 8 1 213 10 1 213 3 2 1939 5 2 1939 7 2 1939 10 2 1939 0 10 4895 1 10 9790 2 10 4895 3 10 4895 4 10 4895 5 10 4895 9 10 4895
66 1706616 45 9 9 0 0 3349 1 0 88 2 0 88 3 0 88 4 0 264 8 0 88 2 1 2053 3 1 1026 7 1 2053 8 1 1026 10 1 2053 0 2 7 1 2 37 3 2 15 0 3 55 3 3 18 4 3 9 8 3 9 9 3 27 10 3 9 1 4 1 2 4 2 7 4 1 9 4 1 10 4 25 0 5 15 2 5 15 4 5 30 9 5 30 7 6 105 8 6 52 9 6 52 1 7 4 2 7 4 4 7 131 7 7 22 10 7 4 0 8 2 1 8 2 3 8 2 4 8 2 7 8 2 8 8 2 9 8 2 10 8 4
67 1719343 1 1 1 9 6 1362
68 1812001 22 2 11 1 0 50 4 0 50 1 1 206 4 1 29 1 2 7115 4 2 7115 1 3 75 4 3 151 1 4 2 4 4 1 1 5 16 4 5 16 1 6 87 4 6 43 1 7 73 4 7 73 1 8 19175 4 8 19175 1 9 10020 4 9 20041 1 10 70 4 10 35
69 2029001 66 11 11 0 0 1 5 0 3 6 0 1 7 0 1 8 0 30 10 0 1 0 1 46 1 1 5 2 1 5 4 1 35 6 1 5 8 1 5 9 1 5 1 2 6 2 2 21 3 2 6 5 2 15 6 2 15 7 2 3 8 2 3 10 2 3 1 3 1 2 3 1 3 3 1 4 3 4 6 3 1 7 3 1 10 3 1 0 4 3082 1 4 513 4 4 1541 5 4 513 8 4 513 1 5 13 5 5 13 6 5 82 7 5 13 8 5 41 0 6 1 1 6 1 3 6 1 4 6 1 9 6 52 0 7 46 2 7 92 3 7 46 5 7 46 7 7 46 9 7 46 10 7 139 2 8 4 3 8 39 4 8 4 6 8 8 7 8 4 9 8 8 0 9 30 3 9 30 4 9 30 9 9 30 10 9 30 2 10 5700 5 10 1140 8 10 1140 9 10 2280 10 10 1140
70 2091229 22 2 11 4 0 163 8 0 20 4 1 42 8 1 213 4 2 1900 8 2 3801 4 3 12989 8 3 25979 4 4 32 8 4 8 4 5 3 8 5 2 4 6 190 8 6 475 4 7 11 8 7 23 4 8 145 8 8 4 4 9 68 8 9 68 4 10 1436 8 10 95
71 2092542 1 1 1 9 6 9190
72 2174611 22 2 11 1 0 12 6 0 25 1 1 6 6 1 90 1 2 25 6 2 50 1 3 10782 6 3 3594 1 4 43 6 4 43 1 5 11 6 5 11 1 6 59 6 6 59 1 7 57 6 7 57 1 8 752 6 8 752 1 9 169 6 9 169 1 10 13 6 10 27
73 2175494 1 1 1 7 2 134
74 2175685 1 1 1 6 8 2389
75 2178362 2 2 1 6 7 53 9 7 53
76 2178372 1 1 1 7 2 351
77 2181682 1 1 1 8 10 232
78 2187029 2 2 1 0 8 723 2 8 2169
79 2218420 11 1 11 2 0 12 2 1 207 2 2 91 2 3 120 2 4 184 2 5 43 2 6 337 2 7 1385 2 8 187 2 9 350 2 10 18941
80 2218680 1 1 1 3 4 23
81 2248169 9 9 3 2 1 33 9 1 33 4 2 23 7 2 23 10 2 46 0 3 221 5 3 158 6 3 63 8 3 31
82 2255801 1 1 1 5 9 56
83 2261774 1 1 1 4 2 118
84 2499923 66 11 11 0 0 6 1 0 25 2 0 38 4 0 6 5 0 6 7 0 6 10 0 6 0 1 1899 2 1 1899 5 1 1899 7 1 1899 9 1 1899 10 1 1899 3 2 2 6 2 28 8 2 42 9 2 2 10 2 5 1 3 3 2 3 3 4 3 7 6 3 7 7 3 7 8 3 28 0 4 5 1 4 4 2 4 1 3 4 35 4 4 1 6 4 1 8 4 1 9 4 1 10 4 1 1 5 1 3 5 87 5 5 3 6 5 1 10 5 6 0 6 37 2 6 6 5 6 3 8 6 12 9 6 3 10 6 3 3 7 9 4 7 4 6 7 4 7 7 4 9 7 196 3 8 21 5 8 307 0 9 1 1 9 10 2 9 10 4 9 2 7 9 1 8 9 1 9 9 1 0 10 7 1 10 15 3 10 3 4 10 3 5 10 3 6 10 3 7 10 3 8 10 27
85 2501633 1 1 1 4 10 198
86 2523615 11 1 11 10 0 14297 10 1 17038 10 2 650 10 3 222 10 4 12 10 5 11522 10 6 92 10 7 106 10 8 1433 10 9 81 10 10 6
87 2527198 1 1 1 10 7 106
88 2539758 4 4 1 2 2 37 7 2 111 8 2 74 10 2 37
89 2868976 121 11 11 0 0 993 1 0 993 2 0 993 3 0 1986 4 0 993 5 0 993 6 0 993 7 0 993 8 0 1986 9 0 993 10 0 2979 0 1 8 1 1 8 2 1 8 3 1 8 4 1 8 5 1 8 6 1 8 7 1 32 8 1 115 9 1 8 10 1 8 0 2 24 1 2 348 2 2 24 3 2 24 4 2 24 5 2 846 6 2 24 7 2 174 8 2 24 9 2 24 10 2 24 0 3 3 1 3 3 2 3 15 3 3 3 4 3 3 5 3 3 6 3 3 7 3 7 8 3 3 9 3 7 10 3 3 0 4 1 1 4 5 2 4 1 3 4 1 4 4 1 5 4 7 6 4 15 7 4 5 8 4 21 9 4 1 10 4 10 0 5 1 1 5 1 2 5 1 3 5 1 4 5 1 5 5 1 6 5 1 7 5 1 8 5 1 9 5 1 10 5 1 0 6 1 1 6 1 2 6 2 3 6 1 4 6 1 5 6 10 6 6 1 7 6 1 8 6 1 9 6 1 10 6 1 0 7 1 1 7 1 2 7 1 3 7 1 4 7 7 5 7 1 6 7 3 7 7 1 8 7 1 9 7 3 10 7 1 0 8 100 1 8 100 2 8 100 3 8 200 4 8 300 5 8 100 6 8 100 7 8 100 8 8 100 9 8 200 10 8 200 0 9 31 1 9 31 2 9 93 3 9 31 4 9 31 5 9 93 6 9 155 7 9 31 8 9 31 9 9 93 10 9 31 0 10 3 1 10 6 2 10 82 3 10 3 4 10 3 5 10 3 6 10 6 7 10 6 8 10 3 9 10 6 10 10 3
90 2874303 2 2 1 4 9 26 7 9 116
91 2882360 3 3 1 2 3 584 9 3 1169 10 3 1169
92 2886250 1 1 1 3 4 8566
93 2890567 2 2 1 1 0 39 7 0 199
94 2963592 22 11 5 4 1 1183 5 1 1183 6 1 1183 7 1 1183 2 2 43 6 2 21 7 2 21 8 2 86 10 2 21 0 3 6 5 3 26 9 3 32 1 4 9 3 4 9 4 4 9 8 4 19 10 4 89 0 8 32 1 8 1 2 8 1 3 8 1 9 8 1
95 2972052 2 2 2 1 1 3058 2 9 5155
96 2973505 1 1 1 4 1 205
97 2978625 1 1 1 8 6 87
98 2980180 2 2 1 7 2 37 9 2 37
99 2980236 1 1 1 8 9 81
100 3004185 11 1 11 5 0 78 5 1 166 5 2 135 5 3 121 5 4 2443 5 5 143 5 6 103 5 7 66394 5 8 199 5 9 97 5 10 37
101 3005379 1 1 1 0 0 198
102 3011899 1 1 1 6 3 82
103 3013978 1 1 1 3 8 101
104 3057224 11 1 11 3 0 150 3 1 134 3 2 2982 3 3 33088 3 4 29 3 5 139 3 6 49 3 7 1 3 8 106 3 9 91 3 10 11776
105 3074547 11 1 11 9 0 202 9 1 91 9 2 9203 9 3 32 9 4 7889 9 5 105 9 6 11228 9 7 11201 9 8 95 9 9 27733 9 10 103
106 3081412 2 2 1 7 3 9494 10 3 1898
107 3086301 1 1 1 5 7 7154
108 3091220 1 1 1 6 10 79
109 3091411 1 1 1 0 6 7
110 3173881 33 3 11 1 0 6 5 0 2 7 0 1 1 1 26 5 1 13 7 1 26 1 2 1741 5 2 870 7 2 6967 1 3 4 5 3 4 7 3 8 1 4 69 5 4 23 7 4 23 1 5 44 5 5 44 7 5 22 1 6 14 5 6 58 7 6 14 1 7 1 5 7 28 7 7 1 1 8 71 5 8 71 7 8 355 1 9 85 5 9 3 7 9 3 1 10 4412 5 10 8825 7 10 4412
111 3182997 2 2 1 5 5 105 6 5 105
112 3184695 1 1 1 5 3 7788
113 3186218 1 1 1 7 5 2091
114 3193064 3 3 1 5 2 2567 6 2 2567 7 2 2567
115 3209647 4 4 1 0 6 5526 3 6 5526 5 6 11053 10 6 11053
116 3211805 2 2 1 0 1 12 5 1 12
117 3235689 8 4 3 1 2 1 7 2 1 8 2 46 9 2 1 1 5 323 7 6 111 8 6 111 9 6 111
118 3261346 11 1 11 10 0 103 10 1 391 10 2 1933 10 3 28 10 4 43 10 5 53 10 6 713 10 7 102 10 8 50 10 9 99 10 10 2296
119 3437651 60 10 11 0 0 3 1 0 3 2 0 1 3 0 1 5 0 3 6 0 1 7 0 5 8 0 3 0 1 1692 1 1 11844 5 1 1692 6 1 3384 10 1 1692 2 2 6 3 2 6 8 2 13 10 2 19 0 3 1 1 3 1 5 3 1 8 3 11 10 3 3 0 4 14 2 4 14 3 4 14 4 4 14 6 4 29 7 4 14 10 4 14 1 5 4035 4 5 504 5 5 1008 6 5 8071 7 5 12612 8 5 1513 2 6 1 4 6 1 7 6 1 10 6 1 0 7 106 2 7 106 4 7 106 6 7 106 3 8 40 4 8 188 7 8 13 8 8 40 1 9 9 3 9 3 5 9 3 6 9 3 7 9 6 8 9 12 0 10 1006 1 10 503 2 10 503 3 10 503 4 10 503 5 10 503 10 10 6037
120 3442709 1 1 1 3 9 4811
121 3444390 1 1 1 5 1 115
122 3453392 4 4 1 1 8 47 4 8 47 5 8 94 8 8 47
123 3454466 1 1 1 0 8 73
124 3458325 1 1 1 0 10 61
125 3465013 1 1 1 0 2 87
126 3473470 1 1 1 1 1 110
127 3475666 1 1 1 5 10 714
128 3476201 1 1 1 6 6 333
129 3476997 1 1 1 2 6 28
130 3497442 1 1 1 10 2 4846
131 3694577 77 7 11 1 0 6 2 0 81 4 0 102 6 0 6 8 0 6 9 0 13 10 0 6 1 1 1 2 1 48 4 1 1 6 1 1 8 1 1 9 1 1 10 1 1 1 2 3720 2 2 531 4 2 1063 6 2 531 8 2 531 9 2 531 10 2 1063 1 3 2395 2 3 85 4 3 256 6 3 256 8 3 85 9 3 85 10 3 769 1 4 2 2 4 1 4 4 79 6 4 5 8 4 1 9 4 1 10 4 1 1 5 148 2 5 148 4 5 1040 6 5 891 8 5 743 9 5 148 10 5 445 1 6 55 2 6 27 4 6 27 6 6 55 8 6 27 9 6 83 10 6 55 1 7 295 2 7 118 4 7 59 6 7 177 8 7 118 9 7 59 10 7 59 1 8 389 2 8 2338 4 8 779 6 8 389 8 8 389 9 8 6625 10 8 389 1 9 6 2 9 3 4 9 13 6 9 3 8 9 3 9 9 3 10 9 3 1 10 14 2 10 14 4 10 14 6 10 14 8 10 14 9 10 29 10 10 14
132 3695670 1 1 1 4 10 77
133 3699883 3 3 1 0 4 6297 4 4 1574 10 4 1574
134 3705275 2 2 1 5 8 123 9 8 61
135 3748213 11 1 11 7 0 106 7 1 92 7 2 2451 7 3 101 7 4 194 7 5 13016 7 6 3525 7 7 56 7 8 230 7 9 93 7 10 5746
136 3750377 1 1 1 3 4 8
137 3781968 11 1 11 5 0 233 5 1 132870 5 2 338 5 3 194 5 4 80 5 5 38 5 6 2958 5 7 56 5 8 7337 5 9 1343 5 10 6
138 3828870 11 1 11 0 0 24 0 1 17940 0 2 83 0 3 9566 0 4 117 0 5 10 0 6 118 0 7 9859 0 8 88 0 9 28 0 10 230
139 3832612 1 1 1 5 9 145
140 3837150 2 2 2 10 0 34 0 10 9466
141 3844349 1 1 1 2 1 1521
142 3844708 1 1 1 10 6 4077
143 3856252 6 6 1 0 0 1448 2 0 2897 3 0 1448 4 0 4345 5 0 1448 9 0 8691
144 3859072 1 1 1 8 3 102
145 3860243 1 1 1 8 0 417
146 3864764 1 1 1 8 8 118
147 3868730 2 2 2 1 2 65 9 3 705
148 3868871 1 1 1 1 2 64
149 3909608 11 1 11 7 0 234 7 1 712 7 2 112 7 3 103 7 4 87 7 5 220 7 6 8974 7 7 1565 7 8 83 7 9 3238 7 10 112
150 3911418 1 1 1 3 3 117
151 3911720 1 1 1 7 10 69
152 3913310 1 1 1 6 0 7328
153 3954615 22 2 11 3 0 309 4 0 44 3 1 504 4 1 126 3 2 8 4 2 2 3 3 956 4 3 956 3 4 116 4 4 116 3 5 310 4 5 310 3 6 1 4 6 63 3 7 68 4 7 206 3 8 12 4 8 6 3 9 68 4 9 68 3 10 1603 4 10 1603
154 3955184 1 1 1 3 8 43
155 4005315 11 11 1 0 9 54 1 9 18 2 9 6 3 9 6 4 9 6 5 9 24 6 9 18 7 9 48 8 9 6 9 9 18 10 9 18
156 4011517 1 1 1 2 0 267
157 4026924 1 1 1 5 9 44
158 4065487 11 1 11 7 0 197 7 1 132898 7 2 11363 7 3 39019 7 4 182 7 5 4733 7 6 25 7 7 11433 7 8 997 7 9 164 7 10 2708
159 4070854 2 2 1 1 9 43 7 9 43
160 4103118 11 1 11 5 0 40 5 1 231 5 2 30 5 3 132 5 4 78 5 5 19 5 6 196 5 7 96 5 8 14 5 9 3966 5 10 31
161 4112794 1 1 1 10 10 401
162 4115946 1 1 1 2 5 108
163 4138046 4 4 1 0 3 12 2 3 24 3 3 18 5 3 6
164 4142939 1 1 1 0 8 35
165 4174737 7 1 7 4 0 21 4 2 93 4 3 106 4 4 188 4 5 108 4 6 52 4 8 83
166 4175720 2 2 1 5 0 353 6 0 353
167 4180246 2 2 1 2 9 87 8 9 1610
168 4239453 22 11 4 1 6 7 3 6 7 5 6 23 8 6 7 9 6 7 1 7 32 3 7 96 6 7 32 0 8 7 2 8 42 4 8 7 5 8 7 7 8 14 8 8 7 10 8 7 0 9 13 2 9 13 4 9 13 6 9 13 7 9 13 9 9 13 10 9 13
169 4256701 4 4 1 2 7 46 3 7 2 6 7 8 7 7 5
170 4264551 1 1 1 3 3 228
171 4298457 11 1 11 6 0 43 6 1 2432 6 2 102 6 3 45 6 4 1937 6 5 164 6 6 78213 6 7 186 6 8 176 6 9 423 6 10 3148
172 4299480 1 1 1 6 9 14
173 4301909 1 1 1 0 9 3
174 4315001 4 4 2 2 3 331 6 3 994 8 3 331 0 6 82
175 4331380 6 3 3 7 0 4757 9 0 9514 5 3 6 9 3 6 5 7 8 7 7 2
176 4333518 1 1 1 4 2 96
177 4355034 2 2 2 5 2 90 10 4 39
178 4361616 1 1 1 3 10 4855
179 4377312 11 11 1 0 0 240 1 0 722 2 0 240 3 0 722 4 0 481 5 0 481 6 0 2407 7 0 240 8 0 240 9 0 481 10 0 1685
180 4384696 1 1 1 8 0 16
181 4387029 1 1 1 4 9 49
182 4389670 1 1 1 1 5 144
183 4389885 1 1 1 7 6 32
184 4394037 1 1 1 8 2 85
185 4443971 11 1 11 9 0 139 9 1 76 9 2 208 9 3 135 9 4 3 9 5 7163 9 6 270 9 7 499 9 8 171 9 9 111 9 10 179
186 4454462 3 3 2 1 3 3281 2 3 6563 7 4 48
187 4456970 1 1 1 3 2 93
188 4472975 3 3 1 0 9 7 1 9 7 2 9 38
189 4472975 1 1 1 2 0 315
190 4475780 1 1 1 4 3 139
191 4476205 1 1 1 3 10 33247
192 4490174 6 6 1 1 7 11 3 7 22 5 7 11 6 7 11 7 7 11 8 7 11
193 4495136 2 2 1 2 7 1986 5 7 1191
194 4502474 3 3 2 9 0 2726 1 1 17 2 1 10
195 4506937 1 1 1 7 5 149
196 4513133 2 1 2 8 2 77 8 8 32
197 4551919 11 1 11 0 0 165 0 1 26 0 2 29 0 3 92 0 4 165 0 5 89 0 6 102 0 7 14 0 8 124 0 9 287 0 10 29
198 4581445 10 10 1 0 2 4 2 2 4 3 2 4 4 2 4 5 2 9 6 2 9 7 2 4 8 2 9 9 2 4 10 2 9
199 4712578 44 11 8 0 0 178 4 0 12 6 0 25 9 0 12 10 0 12 1 2 14 4 2 56 5 2 56 6 2 14 7 2 42 10 2 14 0 5 1841 1 5 102 4 5 102 6 5 102 8 5 102 9 5 102 10 5 102 2 6 18 3 6 37 8 6 18 9 6 18 0 7 59 1 7 59 3 7 59 5 7 59 1 8 1 2 8 11 5 8 1 6 8 64 7 8 1 10 8 1 0 9 53 2 9 53 3 9 373 4 9 53 7 9 53 8 9 53 2 10 32 3 10 64 5 10 48 7 10 64 8 10 32 9 10 16
200 4716640 1 1 1 6 7 11
201 4769448 11 1 11 2 0 65 2 1 171 2 2 19 2 3 122 2 4 576 2 5 110 2 6 60 2 7 3526 2 8 4 2 9 1000 2 10 107
202 4776730 2 2 1 1 4 74 3 4 74
203 4790767 4 4 1 1 1 2390 2 1 2390 4 1 2390 8 1 2390
204 4976272 66 11 11 0 0 1738 1 0 289 2 0 289 6 0 2897 8 0 289 10 0 289 2 1 4435 3 1 11087 5 1 2217 6 1 2217 7 1 2217 8 1 6652 9 1 2217 10 1 2217 0 2 108 1 2 30 2 2 4 3 2 4 4 2 30 5 2 4 2 3 410 3 3 410 4 3 2052 7 3 410 10 3 821 5 4 8 6 4 61 8 4 17 9 4 17 10 4 8 0 5 14 1 5 56 4 5 407 5 5 14 6 5 14 7 5 14 9 5 1462 10 5 14 2 6 662 3 6 662 4 6 662 5 6 662 7 6 662 8 6 2648 10 6 662 0 7 290 1 7 145 4 7 290 6 7 290 8 7 290 0 8 347 3 8 1043 8 8 2434 9 8 347 0 9 28 1 9 28 3 9 28 6 9 28 7 9 28 9 9 28 1 10 14460 2 10 1032 4 10 1032 5 10 1032 7 10 1032 9 10 1032
205 4982080 3 1 3 8 4 32 8 5 154 8 6 2116
206 4983778 1 1 1 3 3 6108
207 4984872 1 1 1 7 0 336
208 4993689 2 2 2 1 0 58 2 6 228
209 5000156 1 1 1 2 3 239
210 5003265 1 1 1 5 8 62
211 5009813 1 1 1 3 9 16
212 5013704 1 1 1 7 8 52
213 5015625 1 1 1 8 7 14
214 5018520 1 1 1 10 0 26
215 5086889 22 2 11 3 0 125 6 0 125 3 1 3943 6 1 7886 3 2 135 6 2 135 3 3 4 6 3 68 3 4 76 6 4 76 3 5 65 6 5 32 3 6 16 6 6 32 3 7 35 6 7 107 3 8 53 6 8 53 3 9 11723 6 9 7815 3 10 6632 6 10 59688
216 5112298 11 1 11 9 0 42 9 1 148 9 2 38 9 3 108 9 4 5 9 5 4129 9 6 283 9 7 22 9 8 6036 9 9 4785 9 10 144
217 5113097 2 2 1 0 5 27 8 5 27
218 5120834 1 1 1 8 0 282
219 5130974 4 4 1 5 4 133 8 4 266 9 4 1334 10 4 266
220 5147078 6 3 3 5 5 47 9 5 47 6 7 15 9 7 15 5 9 10928 6 9 840
221 5167480 11 1 11 7 0 9195 7 1 204 7 2 7 7 3 258 7 4 70 7 5 3224 7 6 166 7 7 1379 7 8 104 7 9 37 7 10 124
222 5185671 2 2 1 6 4 52 9 4 52
223 5188301 1 1 1 2 7 109
224 5192789 1 1 1 0 4 312
225 5193441 1 1 1 9 7 465
226 5253299 22 11 5 0 3 8 2 3 43 3 3 8 4 3 8 6 3 8 7 3 8 9 3 17 10 3 8 1 6 161 4 6 1 5 6 1 5 8 122 8 8 61 2 9 35 7 9 17 8 9 88 9 9 17 10 9 17 0 10 12 1 10 12 3 10 24 6 10 111
227 5262957 2 2 1 3 10 201 7 10 201
228 5267853 1 1 1 7 9 9492
229 5268590 1 1 1 3 7 46
230 5268906 1 1 1 6 10 183
231 5268951 1 1 1 1 10 26
232 5281259 8 4 4 5 0 70 3 1 6 4 1 6 6 1 6 4 6 2403 5 6 2403 3 9 28973 6 9 28973
233 5288823 1 1 1 10 10 41
234 5292814 2 2 1 0 0 5688 1 0 17066
235 5295920 1 1 1 3 10 165
236 5296486 1 1 1 2 6 6002
237 5297756 1 1 1 9 8 16251
238 5298231 1 1 1 3 8 22
239 5300441 1 1 1 2 4 14280
240 5434260 50 10 9 0 0 5 1 0 13 2 0 71 6 0 2 7 0 2 9 0 127 0 1 1 3 1 1 5 1 1 6 1 4 7 1 2 10 1 1 0 2 1 1 2 1 2 2 1 4 2 1 5 2 1 6 2 2 10 2 1 0 4 1 2 4 1 3 4 358 4 4 3 5 4 1 7 4 1 9 4 1 10 4 1 1 5 1 2 5 1 3 5 23 4 5 5 5 5 1 6 5 1 10 5 1 0 6 7 1 6 7 5 6 84 6 6 56 7 6 7 2 8 31 3 8 31 4 8 31 9 8 31 1 9 140 9 9 70 10 9 140 3 10 33 4 10 11 7 10 11 9 10 11
241 5441430 1 1 1 2 5 65
242 5443581 1 1 1 3 10 1424
243 5701274 99 9 11 0 0 6 1 0 6 3 0 6 4 0 31 5 0 12 6 0 6 7 0 12 8 0 18 9 0 12 0 1 6 1 1 6 3 1 6 4 1 20 5 1 6 6 1 6 7 1 6 8 1 6 9 1 27 0 2 437 1 2 87 3 2 87 4 2 262 5 2 174 6 2 87 7 2 87 8 2 349 9 2 87 0 3 1229 1 3 307 3 3 4611 4 3 307 5 3 307 6 3 614 7 3 307 8 3 307 9 3 307 0 4 5 1 4 1 3 4 1 4 4 1 5 4 1 6 4 1 7 4 1 8 4 17 9 4 1 0 5 100 1 5 14 3 5 14 4 5 14 5 5 14 6 5 28 7 5 14 8 5 14 9 5 28 0 6 1 1 6 1 3 6 1 4 6 1 5 6 8 6 6 1 7 6 1 8 6 1 9 6 60 0 7 1928 1 7 1102 3 7 7163 4 7 551 5 7 2204 6 7 551 7 7 275 8 7 275 9 7 275 0 8 6 1 8 10 3 8 2 4 8 6 5 8 4 6 8 2 7 8 20 8 8 2 9 8 2 0 9 1 1 9 13 3 9 1 4 9 1 5 9 1 6 9 1 7 9 8 8 9 1 9 9 1 0 10 353 1 10 707 3 10 353 4 10 1769 5 10 1061 6 10 353 7 10 353 8 10 353 9 10 707
244 5731170 11 1 11 4 0 7976 4 1 15 4 2 23 4 3 53 4 4 311 4 5 307 4 6 20 4 7 151 4 8 7136 4 9 18985 4 10 8
245 5741921 2 2 1 2 5 43 5 5 43
246 5741940 1 1 1 8 6 344
247 5751935 1 1 1 2 6 4
248 5758154 1 1 1 5 3 11686
249 5783046 11 1 11 2 0 3971 2 1 6210 2 2 236 2 3 61 2 4 114 2 5 92 2 6 612 2 7 11680 2 8 46 2 9 261 2 10 63
250 6055182 66 11 11 0 0 50 2 0 50 3 0 757 6 0 50 7 0 50 9 0 101 0 1 22 2 1 11 3 1 2 5 1 2 7 1 5 8 1 2 9 1 2 10 1 11 1 2 18 2 2 9 4 2 9 7 2 18 8 2 9 10 2 27 0 3 2716 6 3 2716 9 3 8148 10 3 2716 1 4 4 2 4 4 4 4 33 6 4 25 7 4 4 8 4 4 0 5 11 1 5 45 3 5 22 4 5 11 6 5 11 8 5 11 0 6 3892 1 6 3892 2 6 3892 3 6 23356 5 6 3892 6 6 7785 9 6 7785 10 6 3892 0 7 115 1 7 115 4 7 230 5 7 1039 7 7 230 8 7 115 9 7 115 3 8 7 4 8 1 5 8 1 6 8 2 10 8 18 2 9 4 3 9 75 5 9 4 8 9 4 10 9 4 1 10 16 4 10 16 5 10 33 7 10 16 9 10 16
251 6056184 1 1 1 0 3 109
252 6056971 2 2 1 6 4 37 9 4 9
253 6095447 11 1 11 10 0 45 10 1 11774 10 2 19692 10 3 80 10 4 248 10 5 136 10 6 156 10 7 41 10 8 19594 10 9 6153 10 10 85
254 6101960 1 1 1 4 3 57
255 6160719 15 5 5 8 0 77 9 2 19 1 4 11 7 4 44 8 4 66 9 4 11 10 4 11 1 7 1 7 7 1 9 7 1 10 7 1 1 8 8 7 8 25 8 8 8 10 8 8
256 6167101 3 3 1 4 1 53 5 1 26 7 1 26
257 6182377 3 3 1 0 9 19 8 9 19 10 9 19
258 6190770 2 1 2 3 0 2159 3 7 112
259 6231656 10 10 3 6 8 260 8 8 520 10 8 260 1 9 424 2 9 849 5 9 1698 0 10 16 3 10 5 4 10 1 9 10 6
260 6336282 33 3 11 1 0 4431 5 0 2659 8 0 886 1 1 36 5 1 18 8 1 18 1 2 141 5 2 47 8 2 47 1 3 31 5 3 94 8 3 31 1 4 27 5 4 40 8 4 13 1 5 17 5 5 17 8 5 17 1 6 1322 5 6 881 8 6 881 1 7 250 5 7 625 8 7 125 1 8 38 5 8 1 8 8 1 1 9 40 5 9 80 8 9 80 1 10 1 5 10 1 8 10 2
261 6361941 4 2 3 1 2 14 7 2 175 1 4 26 7 6 6
262 6371089 4 4 1 4 8 801 6 8 801 8 8 801 9 8 801
263 6373510 1 1 1 5 10 57
264 6438367 22 2 11 3 0 54 6 0 54 3 1 87 6 1 87 3 2 4 6 2 95 3 3 1205 6 3 6026 3 4 3043 6 4 3043 3 5 54 6 5 54 3 6 22 6 6 45 3 7 851 6 7 9370 3 8 17 6 8 17 3 9 21 6 9 21 3 10 3 6 10 3
265 6439097 1 1 1 6 0 5795
266 6448641 7 7 3 1 6 137 3 8 11 4 8 11 7 8 11 8 8 11 9 8 11 6 10 13
267 6448775 1 1 1 8 5 62
268 6473963 4 4 1 3 4 337 5 4 112 7 4 112 10 4 112
269 6474772 1 1 1 6 1 559
270 6683180 66 11 11 0 0 21 1 0 21 2 0 21 3 0 21 4 0 21 5 0 21 6 0 21 9 0 21 10 0 43 1 1 10 2 1 53 3 1 106 6 1 10 7 1 10 10 1 10 0 2 9 1 2 18 4 2 9 5 2 46 6 2 9 7 2 9 8 2 46 9 2 27 10 2 9 1 3 75 2 3 1 4 3 1 7 3 1 8 3 5 10 3 1 0 4 106 1 4 128 9 4 21 3 5 1 5 5 1 6 5 218 8 5 1 10 5 1 3 6 70 5 6 23 6 6 23 7 6 23 8 6 46 0 7 1 1 7 1 2 7 1 3 7 1 4 7 1 7 7 1 2 8 1513 4 8 1513 7 8 15133 8 8 1513 9 8 3026 10 8 1513 0 9 1 2 9 1 3 9 2 4 9 3 5 9 1 6 9 1 9 9 42 0 10 10 5 10 10 8 10 172 9 10 10
271 6707758 8 4 3 0 2 318 6 2 318 8 2 318 3 5 23 6 5 23 0 8 3016 3 8 7038 8 8 3016
272 6709192 1 1 1 1 3 108
273 6725415 3 3 1 4 0 305 6 0 6719 10 0 305
274 6729933 3 3 1 3 9 35 7 9 17 10 9 17
275 6731385 1 1 1 10 4 19
276 6735008 1 1 1 1 8 61
277 6740505 1 1 1 6 9 58
278 7143510 121 11 11 0 0 283 1 0 566 2 0 283 3 0 3679 4 0 283 5 0 566 6 0 283 7 0 3962 8 0 566 9 0 8773 10 0 283 0 1 6 1 1 6 2 1 6 3 1 40 4 1 6 5 1 27 6 1 6 7 1 13 8 1 6 9 1 6 10 1 6 0 2 1 1 2 9 2 2 5 3 2 1 4 2 1 5 2 5 6 2 4 7 2 19 8 2 1 9 2 12 10 2 1 0 3 1 1 3 1 2 3 1 3 3 1 4 3 51 5 3 1 6 3 1 7 3 1 8 3 1 9 3 1 10 3 1 0 4 5 1 4 5 2 4 5 3 4 5 4 4 11 5 4 17 6 4 5 7 4 52 8 4 11 9 4 17 10 4 23 0 5 3 1 5 1 2 5 12 3 5 1 4 5 1 5 5 1 6 5 1 7 5 1 8 5 25 9 5 1 10 5 3 0 6 48 1 6 48 2 6 628 3 6 48 4 6 96 5 6 48 6 6 48 7 6 483 8 6 145 9 6 96 10 6 48 0 7 400 1 7 200 2 7 200 3 7 200 4 7 200 5 7 200 6 7 200 7 7 200 8 7 800 9 7 200 10 7 200 0 8 147 1 8 147 2 8 2215 3 8 295 4 8 147 5 8 147 6 8 147 7 8 147 8 8 147 9 8 443 10 8 147 0 9 3 1 9 3 2 9 6 3 9 6 4 9 3 5 9 3 6 9 3 7 9 3 8 9 3 9 9 3 10 9 6 0 10 8 1 10 8 2 10 4 3 10 4 4 10 4 5 10 12 6 10 47 7 10 4 8 10 4 9 10 8 10 10 8
279 7157455 2 2 1 1 2 20 8 2 20
280 7189823 11 1 11 5 0 30 5 1 82 5 2 4031 5 3 39260 5 4 4 5 5 38997 5 6 7224 5 7 10 5 8 4835 5 9 112 5 10 699
281 7190352 1 1 1 7 3 109
282 7203509 1 1 1 0 1 9
283 7212488 3 3 1 4 4 9 5 4 48 9 4 131
284 7214471 1 1 1 5 9 300
285 7217259 1 1 1 5 7 50
286 7289342 33 3 11 0 0 35 5 0 2 6 0 2 0 1 77 5 1 11 6 1 44 0 2 1801 5 2 3602 6 2 1801 0 3 1178 5 3 5599 6 3 589 0 4 1 5 4 11 6 4 1 0 5 3 5 5 6 6 5 3 0 6 10 5 6 10 6 6 91 0 7 6 5 7 1 6 7 6 0 8 1025 5 8 1025 6 8 1025 0 9 19 5 9 19 6 9 119 0 10 22 5 10 45 6 10 22
287 7291127 1 1 1 10 2 135
288 7291497 1 1 1 7 10 63
289 7331011 11 1 11 10 0 9 10 1 174 10 2 989 10 3 19645 10 4 14915 10 5 89 10 6 117 10 7 230 10 8 416 10 9 14099 10 10 54
290 7332821 1 1 1 4 3 2285
291 7342061 2 2 1 6 1 33 10 1 33
292 7343995 1 1 1 3 3 3266
293 7361151 6 6 1 5 4 70 6 4 23 7 4 23 8 4 23 9 4 165 10 4 23
294 7364753 1 1 1 6 0 15
295 7371593 1 1 1 5 10 37
296 7385439 6 6 1 0 6 866 2 6 866 5 6 1732 6 6 866 7 6 866 8 6 866
297 7408670 7 7 1 2 6 43 4 6 7 5 6 7 7 6 7 8 6 7 9 6 7 10 6 21
298 7411427 2 2 1 5 0 3005 10 0 136
299 7411740 1 1 1 0 1 2087
300 7411825 1 1 1 7 8 7978
301 7447502 11 1 11 0 0 126 0 1 14841 0 2 19526 0 3 99630 0 4 715 0 5 1747 0 6 99 0 7 41 0 8 14399 0 9 2056 0 10 115
302 7458313 1 1 1 3 2 11330
303 7468986 3 3 1 1 5 79 6 5 79 8 5 79
304 7475941 3 3 1 3 6 1358 6 6 452 7 6 452
305 7480384 2 2 1 5 1 19516 7 1 19516
306 7487511 1 1 1 1 0 197
307 7504651 3 3 1 3 5 2764 6 5 2764 7 5 8292
308 7524949 11 1 11 10 0 99 10 1 63 10 2 105 10 3 153 10 4 107 10 5 250 10 6 109 10 7 99 10 8 61 10 9 33524 10 10 286
309 7663579 44 11 8 4 1 1 8 1 27 9 1 1 3 2 5 4 2 11 5 2 66 9 2 11 10 2 5 0 5 47 1 5 15 3 5 15 6 5 15 8 5 15 2 6 61 3 6 20 7 6 20 0 7 21 1 7 10 2 7 10 5 7 10 7 7 10 8 7 10 9 7 10 4 8 1713 5 8 171 6 8 171 7 8 171 8 8 171 9 8 514 10 8 171 0 9 223 1 9 223 2 9 223 3 9 223 5 9 223 6 9 446 7 9 893 10 9 223 0 10 24 1 10 49 2 10 24 4 10 24 6 10 24 10 10 24
310 7663799 1 1 1 3 7 59
311 7667551 3 3 1 2 2 1186 4 2 1186 7 2 1186
312 7668394 1 1 1 5 1 17958
313 7670779 1 1 1 7 8 85
314 7671215 1 1 1 9 6 1627
315 7672759 1 1 1 7 10 79
316 7702316 11 1 11 6 0 98 6 1 21843 6 2 118 6 3 421 6 4 89 6 5 124 6 6 232 6 7 17926 6 8 104 6 9 120 6 10 7650
317 7709997 1 1 1 7 0 3347
318 7710649 1 1 1 8 3 166
319 7831492 45 9 9 2 1 736 4 1 1473 5 1 736 7 1 5157 8 1 736 10 1 736 2 2 2145 5 2 1072 6 2 3217 9 2 1072 6 3 163 7 3 43 3 4 19 4 4 9 8 4 9 9 4 9 10 4 208 2 5 2 3 5 2 4 5 6 6 5 2 7 5 2 8 5 24 9 5 10 2 6 26 3 6 1 4 6 1 10 6 1 2 7 16 5 7 16 6 7 33 7 7 16 9 7 16 3 8 7 4 8 76 5 8 7 6 8 7 8 8 7 10 8 7 3 9 11 5 9 11 7 9 23 8 9 117 9 9 11 10 9 11
320 7989167 55 11 10 1 0 10 2 0 10 3 0 10 4 0 35 6 0 10 8 0 25 10 0 10 0 1 1273 2 1 2546 5 1 1273 7 1 1273 8 1 1273 9 1 1273 10 1 3820 1 2 141 2 2 141 4 2 425 5 2 283 6 2 141 10 2 1134 0 3 10 5 3 16 0 4 11 1 4 11 5 4 5 7 4 5 8 4 11 9 4 5 3 5 1161 6 5 2323 8 5 1161 10 5 1161 1 6 43 3 6 21 6 6 21 0 8 1 2 8 1 3 8 1 4 8 1 5 8 1 6 8 9 7 8 191 9 8 1 10 8 1 0 9 12 4 9 16 7 9 2 8 9 4 9 9 2 1 10 17 2 10 25 3 10 8 4 10 17 7 10 8 9 10 8
321 8025627 16 8 4 4 3 13090 10 3 6545 0 5 9606 2 5 480 5 5 480 7 5 480 8 5 480 9 5 480 0 8 25559 4 8 12779 2 10 41 5 10 83 7 10 83 8 10 41 9 10 41 10 10 41
322 8032606 2 2 1 1 10 77 9 10 77
323 8063274 10 10 1 0 3 319 1 3 319 2 3 159 3 3 479 4 3 319 5 3 959 6 3 1918 7 3 799 9 3 639 10 3 639
324 8068935 4 4 1 5 10 8 7 10 122 9 10 17 10 10 34
325 8095987 11 1 11 1 0 175 1 1 56 1 2 109 1 3 35 1 4 58 1 5 9532 1 6 173 1 7 1460 1 8 60 1 9 105 1 10 16283
326 8099574 1 1 1 3 8 23
327 8105070 1 1 1 1 4 116
328 8116705 6 6 2 0 7 32 3 7 32 6 7 32 2 9 1 8 9 1 9 9 8
329 8122695 4 1 4 8 1 17 8 7 98 8 9 230 8 10 1269
330 8154248 11 1 11 8 0 70 8 1 179 8 2 257 8 3 75 8 4 49 8 5 89 8 6 27 8 7 3380 8 8 93 8 9 332 8 10 83
331 8158410 2 2 1 8 2 813 9 2 1626
332 8159862 2 2 1 1 3 4022 4 3 8044
333 8159931 1 1 1 6 0 270
334 8195104 11 1 11 7 0 35 7 1 117 7 2 84 7 3 668 7 4 109 7 5 19584 7 6 288 7 7 2 7 8 6 7 9 65 7 10 809
335 8205862 2 2 1 4 10 504 7 10 126
336 8224065 7 7 2 1 1 492 3 1 1971 5 1 492 7 1 492 9 1 2464 10 1 492 8 10 83
337 8230081 1 1 1 3 7 86
338 8233236 2 1 2 2 5 35 2 8 567
339 8243078 2 2 1 8 9 200 9 9 200
340 8244598 1 1 1 4 2 1966
341 8334984 28 7 7 1 0 43 2 0 43 0 2 5 2 2 5 0 5 3 1 5 3 4 5 43 6 5 3 8 5 15 10 5 7 2 6 25 4 6 44 6 6 19 10 6 6 0 7 35 1 7 26 8 7 8 10 7 8 0 8 607 1 8 607 4 8 607 6 8 607 8 8 2428 2 10 63 4 10 63 6 10 63 8 10 63 10 10 63
342 8349466 1 1 1 1 7 90
343 8350296 1 1 1 4 5 197
344 8350408 1 1 1 2 1 3101
345 8351946 1 1 1 9 10 169
346 8358322 4 4 1 1 3 1 3 3 1 8 3 8 9 3 4
347 8360321 1 1 1 7 1 4157
348 8362484 1 1 1 2 10 101
349 8365969 1 1 1 3 0 7283
350 8366092 1 1 1 8 3 95
351 8370033 1 1 1 10 3 432
352 8446939 22 11 4 1 0 46 3 0 138 5 0 46 6 0 46 7 0 46 10 0 46 0 3 2 2 3 29 8 3 4 2 8 10 4 8 10 5 8 20 7 8 10 8 8 20 9 8 10 0 9 35 1 9 35 3 9 35 4 9 35 6 9 35 9 9 35 10 9 351
353 8473787 6 3 3 3 6 977 7 6 977 3 7 2566 10 7 2566 7 10 10 10 10 20
354 8475964 1 1 1 4 0 5739
355 8483138 4 4 1 1 2 5 2 2 5 5 2 2 7 2 2
356 8484630 1 1 1 5 1 14262
357 8485504 1 1 1 10 5 1196
358 8495211 3 3 1 6 5 14 8 5 42 9 5 14
359 8497026 1 1 1 7 7 1342
360 8497112 1 1 1 4 1 65
361 8503354 2 2 1 5 6 2529 10 6 10116
362 8608123 28 7 7 0 0 6 3 0 6 8 0 6 10 0 18 0 1 1241 5 1 620 9 1 1241 0 2 3169 3 2 3169 4 2 3169 8 2 3169 9 2 3169 10 2 3169 3 3 11 5 3 83 4 5 2 5 5 2 8 5 2 9 5 2 0 9 157 4 9 2052 5 9 157 9 9 157 10 9 631 3 10 1984 4 10 5954 8 10 1984 10 10 1984
363 8640740 11 1 11 9 0 87 9 1 114 9 2 6025 9 3 962 9 4 104 9 5 688 9 6 747 9 7 68 9 8 11 9 9 10 9 10 102
364 8649695 4 4 1 2 7 1 4 7 4 5 7 1 8 7 1
365 8652062 1 1 1 4 9 4696
366 8656052 1 1 1 6 2 328
367 8657281 1 1 1 7 2 156
368 8662424 1 1 1 1 4 43
369 8815308 55 5 11 0 0 6 2 0 21 4 0 9 7 0 9 9 0 3 0 1 2687 2 1 1343 4 1 1343 7 1 4031 9 1 2687 0 2 9 2 2 1 4 2 1 7 2 1 9 2 1 0 3 21 2 3 31 4 3 31 7 3 10 9 3 10 0 4 16 2 4 16 4 4 16 7 4 16 9 4 32 0 5 150 2 5 25 4 5 50 7 5 25 9 5 100 0 6 11 2 6 11 4 6 11 7 6 11 9 6 11 0 7 12 2 7 6 4 7 12 7 7 6 9 7 18 0 8 1 2 8 1 4 8 1 7 8 1 9 8 3344 0 9 6 2 9 13 4 9 26 7 9 6 9 9 6 0 10 35 2 10 17 4 10 17 7 10 105 9 10 17
370 8816614 1 1 1 4 6 15
371 9054724 77 11 11 1 0 1 3 0 1 8 0 4 9 0 1 0 1 270 1 1 135 4 1 135 5 1 270 6 1 270 7 1 135 8 1 135 9 1 135 7 2 29 9 2 175 10 2 29 0 3 6 3 3 6 4 3 13 6 3 6 8 3 6 1 4 31 2 4 44 3 4 6 5 4 127 6 4 6 7 4 6 9 4 6 10 4 6 0 5 609 1 5 609 2 5 609 3 5 609 4 5 609 5 5 609 7 5 609 9 5 1218 10 5 609 0 6 9 1 6 9 2 6 4 3 6 19 4 6 19 5 6 4 7 6 14 8 6 4 9 6 29 2 7 37 3 7 55 4 7 1 5 7 1 6 7 1 7 7 2 10 7 2 0 8 1068 2 8 534 3 8 534 4 8 534 6 8 1068 8 8 534 10 8 534 0 9 2 1 9 102 2 9 2 5 9 5 6 9 5 8 9 11 10 9 2 0 10 410 1 10 410 2 10 410 4 10 820 5 10 30342 6 10 1640 7 10 1640 8 10 2460 9 10 410 10 10 410
372 9087644 11 1 11 0 0 41 0 1 238 0 2 58378 0 3 45 0 4 307 0 5 5991 0 6 39 0 7 16282 0 8 12847 0 9 14853 0 10 45
373 9096164 4 4 1 1 4 9 3 4 9 4 4 9 10 4 9
374 9115184 11 11 3 1 0 77 2 0 77 3 6 13 6 6 13 7 6 13 8 6 13 9 6 69 10 6 13 0 10 3 4 10 10 5 10 3
375 9123041 1 1 1 8 3 23489
376 9170103 11 1 11 7 0 9802 7 1 3319 7 2 21 7 3 53 7 4 16 7 5 81 7 6 6011 7 7 14 7 8 40713 7 9 104 7 10 50
377 9173007 2 2 1 1 6 27 9 6 27
378 9303400 55 5 11 0 0 92 4 0 23 8 0 23 9 0 23 10 0 23 0 1 87 4 1 87 8 1 87 9 1 1220 10 1 87 0 2 401 4 2 401 8 2 401 9 2 401 10 2 3615 0 3 9 4 3 9 8 3 19 9 3 9 10 3 19 0 4 33 4 4 66 8 4 330 9 4 33 10 4 198 0 5 1 4 5 1 8 5 1 9 5 1 10 5 1 0 6 1640 4 6 149 8 6 74 9 6 74 10 6 149 0 7 1 4 7 29 8 7 2 9 7 1 10 7 5 0 8 37 4 8 18 8 8 18 9 8 18 10 8 18 0 9 1 4 9 1 8 9 1 9 9 1 10 9 25 0 10 1 4 10 1 8 10 1 9 10 1 10 10 87
379 9305820 1 1 1 1 2 7125
380 9308384 1 1 1 0 5 6020
381 9311858 2 2 1 4 8 968 7 8 1453
382 9326486 3 3 1 0 2 648 5 2 324 8 2 324
383 9336195 3 3 1 0 0 336 3 0 336 4 0 1346
384 9341629 1 1 1 5 2 17
385 9345091 1 1 1 4 5 369
386 9350715 1 1 1 6 10 1907
387 9351273 1 1 1 1 2 697
388 9355837 3 3 1 5 4 15 6 4 15 10 4 15
389 9362174 5 5 2 4 2 30 6 2 10 9 2 10 10 2 50 7 5 10145
390 9362821 1 1 1 9 5 59
391 9365367 2 2 1 0 2 6 6 2 6
392 9365792 1 1 1 6 9 33
393 9449854 33 3 11 0 0 9803 3 0 4901 7 0 4901 0 1 9 3 1 9 7 1 9 0 2 52 3 2 105 7 2 52 0 3 11 3 3 11 7 3 11 0 4 1 3 4 1 7 4 1 0 5 12157 3 5 4052 7 5 4052 0 6 152 3 6 152 7 6 152 0 7 585 3 7 585 7 7 1755 0 8 80 3 8 240 7 8 80 0 9 330 3 9 330 7 9 330 0 10 129 3 10 7 7 10 4
394 9451022 1 1 1 1 5 236
395 9451887 1 1 1 3 7 18011
396 9455960 1 1 1 4 4 193
397 9457580 1 1 1 0 0 8475
398 9457690 1 1 1 1 1 81
399 9458930 1 1 1 0 0 10
400 9459632 1 1 1 8 0 61
401 9472073 4 4 2 2 7 55 3 7 27 1 8 98 8 8 5
402 9567701 22 2 11 2 0 783 4 0 783 2 1 16563 4 1 16563 2 2 3 4 2 21 2 3 41 4 3 41 2 4 3858 4 4 3858 2 5 94 4 5 23 2 6 131 4 6 131 2 7 34 4 7 170 2 8 87 4 8 87 2 9 3 4 9 72 2 10 10 4 10 3
403 9722562 55 5 11 0 0 50 2 0 1117 3 0 50 6 0 50 7 0 203 0 1 7 2 1 7 3 1 35 6 1 7 7 1 7 0 2 2 2 2 5 3 2 7 6 2 2 7 2 2 0 3 357 2 3 2861 3 3 1072 6 3 178 7 3 5722 0 4 25 2 4 51 3 4 25 6 4 51 7 4 51 0 5 12 2 5 6 3 5 6 6 5 24 7 5 6 0 6 15 2 6 7 3 6 7 6 6 7 7 6 7 0 7 303 2 7 303 3 7 303 6 7 1213 7 7 303 0 8 168 2 8 281 3 8 112 6 8 56 7 8 56 0 9 2266 2 9 6799 3 9 6799 6 9 4533 7 9 2266 0 10 15 2 10 15 3 10 77 6 10 15 7 10 62
404 9723702 1 1 1 6 10 7951
405 9727466 1 1 1 7 4 61
406 9754427 11 1 11 8 0 137 8 1 199 8 2 42 8 3 42 8 4 41 8 5 103 8 6 54 8 7 1667 8 8 92 8 9 344 8 10 116
407 9759865 2 2 1 1 1 17 9 1 17
408 9761046 1 1 1 0 9 5147
409 9763936 1 1 1 0 4 81
410 9765006 1 1 1 2 9 33202
411 9768717 2 1 2 7 0 117 7 8 38967
412 9803617 5 5 1 0 7 145 1 7 3198 2 7 145 4 7 290 5 7 145
413 9818664 8 4 4 9 0 17 0 1 25 2 1 51 9 1 128 2 4 78007 7 4 39003 0 9 9 7 9 9
414 9823270 1 1 1 2 2 168
415 9838612 9 9 1 0 6 16 1 6 16 2 6 16 3 6 16 4 6 16 5 6 16 7 6 33 8 6 16 9 6 16
416 9847579 1 1 1 2 1 48
417 9847668 1 1 1 7 4 90
418 9852847 1 1 1 1 2 109
419 9859434 3 3 2 8 0 114 10 0 114 5 2 107
420 9860170 1 1 1 9 6 1615
421 9861155 1 1 1 10 7 191
422 9863872 1 1 1 1 8 141
423 9891406 11 1 11 9 0 8 9 1 4023 9 2 335 9 3 76 9 4 64 9 5 40 9 6 41 9 7 33219 9 8 88 9 9 238 9 10 103
424 9893006 1 1 1 10 7 329
425 9894560 1 1 1 2 4 181
426 9923876 11 11 1 0 7 17 1 7 5 2 7 28 3 7 5 4 7 11 5 7 5 6 7 5 7 7 5 8 7 11 9 7 5 10 7 5
427 9931374 1 1 1 7 7 16978
428 9937184 1 1 1 0 10 49
429 9941950 1 1 1 2 7 152
430 9969581 6 6 1 0 9 14 3 9 125 5 9 4 6 9 4 7 9 4 10 9 9
431 9973009 1 1 1 3 5 14808
432 9975553 1 1 1 1 0 87
433 9975775 1 1 1 2 4 3695
434 10135473 50 10 10 5 0 18 6 0 18 7 0 18 10 0 283 0 1 2 1 1 18 2 1 9 3 1 2 7 1 32 8 1 2 0 2 8 2 2 8 3 2 120 5 2 8 6 2 16 10 2 16 3 3 183 4 3 367 5 3 2389 7 3 918 8 3 183 2 4 53 4 4 3 4 6 7 5 6 7 6 6 54 7 6 7 8 6 15 10 6 7 1 7 9447 2 7 9447 3 7 9447 4 7 18894 5 7 9447 6 7 9447 0 8 6 1 8 43 10 8 3 0 9 28 1 9 28 6 9 28 7 9 28 8 9 28 10 9 28 0 10 3 1 10 8 2 10 28 3 10 1 4 10 1 8 10 1
435 10139358 1 1 1 7 10 113
436 10141466 1 1 1 10 6 97
437 10414525 88 8 11 0 0 2 1 0 1 3 0 27 4 0 1 5 0 1 6 0 1 7 0 17 8 0 1 0 1 9 1 1 9 3 1 9 4 1 9 5 1 9 6 1 9 7 1 9 8 1 18 0 2 72 1 2 72 3 2 72 4 2 72 5 2 72 6 2 144 7 2 144 8 2 721 0 3 3 1 3 3 3 3 3 4 3 3 5 3 11 6 3 3 7 3 3 8 3 11 0 4 1 1 4 1 3 4 2 4 4 1 5 4 11 6 4 42 7 4 1 8 4 1 0 5 4 1 5 9 3 5 4 4 5 9 5 5 4 6 5 13 7 5 46 8 5 4 0 6 8 1 6 8 3 6 8 4 6 16 5 6 8 6 6 33 7 6 24 8 6 16 0 7 7 1 7 15 3 7 7 4 7 7 5 7 7 6 7 7 7 7 79 8 7 23 0 8 4 1 8 13 3 8 60 4 8 4 5 8 4 6 8 4 7 8 87 8 8 4 0 9 150 1 9 150 3 9 150 4 9 150 5 9 1054 6 9 301 7 9 150 8 9 150 0 10 1 1 10 1 3 10 97 4 10 1 5 10 1 6 10 1 7 10 1 8 10 1
438 10415230 1 1 1 8 3 106
439 10416364 2 2 1 7 1 16 8 1 32
440 10422366 2 2 1 0 6 1 2 6 3
441 10423498 1 1 1 1 10 75
442 10425110 1 1 1 8 1 118
443 10451474 11 1 11 5 0 1697 5 1 71 5 2 2673 5 3 3887 5 4 14 5 5 269 5 6 70 5 7 226 5 8 21 5 9 19 5 10 1401
444 10452795 1 1 1 10 7 28132
445 10453038 1 1 1 10 6 16764
446 10454222 1 1 1 8 0 87
447 10487429 11 1 11 6 0 195 6 1 57 6 2 99 6 3 63 6 4 17 6 5 62 6 6 118 6 7 19561 6 8 30 6 9 142 6 10 48
448 10487649 1 1 1 4 8 100
449 10488287 2 2 1 0 6 41 8 6 20
450 10497407 3 3 1 0 4 28 3 4 28 9 4 56
451 10498228 1 1 1 0 6 58
452 10515333 7 1 7 10 0 11427 10 1 1421 10 2 317 10 3 33 10 5 114 10 6 109 10 7 6072
453 10516070 1 1 1 8 9 99792
454 10519045 1 1 1 5 6 46
455 10522873 2 2 1 1 3 22 9 3 67
456 10543565 11 1 11 9 0 50 9 1 15216 9 2 116 9 3 167 9 4 180 9 5 100 9 6 111 9 7 164 9 8 2665 9 9 695 9 10 94
457 10544125 1 1 1 9 0 73
458 10544659 1 1 1 5 4 48
459 10546093 1 1 1 8 3 2472
460 10715447 45 9 10 0 0 4070 1 0 16283 4 0 4070 1 1 3 6 1 129 9 1 6 10 1 3 0 2 5 2 2 10 4 2 5 5 2 20 8 2 5 10 2 10 1 3 53 4 3 35 6 3 17 8 3 70 10 3 53 0 5 38 5 5 38 6 5 38 10 5 77 2 6 1 4 6 2 5 6 2 8 6 1 9 6 30 2 7 16 6 7 16 8 7 16 9 7 16 10 7 33 2 8 424 9 8 1699 0 9 14 1 9 7 2 9 7 4 9 29 5 9 7 6 9 29 0 10 31 1 10 31 5 10 31 8 10 31 9 10 63
461 10744822 11 11 3 2 1 14 7 1 28 0 3 3945 4 3 3945 9 3 7890 1 6 28 3 6 56 5 6 28 6 6 28 8 6 28 10 6 28
462 10745615 1 1 1 9 8 59
463 10748943 1 1 1 6 4 201
464 10749213 1 1 1 6 5 66
465 10773480 10 2 7 0 0 6 1 0 12 0 1 181 0 2 115 1 2 115 0 4 80 1 5 305 0 7 12 1 7 12 1 9 2418
466 10932965 55 11 10 0 0 13 7 0 13 8 0 131 10 0 52 0 1 6 3 1 6 5 1 6 6 1 6 8 1 6 9 1 57 10 1 12 2 2 2 4 2 13 5 2 2 7 2 2 9 2 5 1 3 14 4 3 7 5 3 29 0 4 1619 1 4 1619 2 4 1619 4 4 3238 6 4 1619 7 4 1619 0 5 252 2 5 252 3 5 505 5 5 252 8 5 252 10 5 252 3 7 357 4 7 714 9 7 357 1 8 34 2 8 34 6 8 68 8 8 102 0 9 1 1 9 1 2 9 1 3 9 8 5 9 11 6 9 7 7 9 10 8 9 1 9 9 40 10 9 1 1 10 2 3 10 4 4 10 11 6 10 2 7 10 4 9 10 2 10 10 2
467 10933527 2 2 1 5 3 10 6 3 20
468 10940313 1 1 1 0 10 204
469 10943143 1 1 1 6 6 7158
470 10979901 11 1 11 2 0 7202 2 1 27334 2 2 3984 2 3 356 2 4 1782 2 5 282 2 6 165 2 7 175 2 8 4103 2 9 96 2 10 52
471 10980549 1 1 1 7 9 38
472 10986578 1 1 1 8 8 114
473 10989829 3 3 1 8 3 1495 9 3 747 10 3 747
474 11008135 11 1 11 0 0 59 0 1 4 0 2 56 0 3 8967 0 4 220 0 5 50 0 6 2890 0 7 15749 0 8 2578 0 9 330 0 10 198
475 11046948 9 9 1 0 7 709 1 7 7091 2 7 709 3 7 2127 5 7 709 6 7 709 7 7 709 8 7 709 10 7 709
476 11050186 1 1 1 9 5 90
477 11055300 1 1 1 3 3 223
478 11056996 1 1 1 5 2 66
479 11078522 11 1 11 1 0 21 1 1 50 1 2 319 1 3 1447 1 4 101 1 5 33288 1 6 12 1 7 73 1 8 33191 1 9 53 1 10 1373
480 11084905 1 1 1 7 9 39015
481 11085150 1 1 1 5 3 212
482 11090501 1 1 1 6 4 89
483 11126152 11 1 11 1 0 55 1 1 664 1 2 145 1 3 4008 1 4 106 1 5 57 1 6 59 1 7 60 1 8 1017 1 9 213 1 10 1922
484 11129414 1 1 1 7 8 8474
485 11134344 1 1 1 0 0 26
486 11152342 6 6 1 0 0 852 2 0 1705 3 0 852 4 0 2557 5 0 852 8 0 852
487 11175641 2 2 1 1 1 73 9 1 73
488 11179121 1 1 1 9 8 10207
489 11230226 18 9 3 3 0 5 4 0 11 5 0 5 7 0 66 8 0 5 0 1 1 1 1 1 6 1 1 7 1 17 9 1 3 0 9 21 1 9 16 3 9 16 4 9 5 5 9 38 6 9 5 8 9 5 9 9 5
490 11318158 33 11 5 0 1 2554 1 1 20433 3 1 25542 4 1 7662 6 1 2554 7 1 2554 8 1 2554 9 1 2554 0 2 31 2 2 63 3 2 31 7 2 31 8 2 31 10 2 31 2 3 25 4 3 50 5 3 25 9 3 25 1 5 245 3 5 245 4 5 245 5 5 245 6 5 245 9 5 245 10 5 245 0 7 1 1 7 1 2 7 67 5 7 3 6 7 11 7 7 1 8 7 1 10 7 2
491 11319097 1 1 1 4 5 1224
492 11354380 11 1 11 4 0 184 4 1 209 4 2 161 4 3 53 4 4 23 4 5 5278 4 6 7184 4 7 19546 4 8 996 4 9 456 4 10 104
493 11386775 11 11 1 0 5 446 1 5 446 2 5 446 3 5 892 4 5 446 5 5 446 6 5 1338 7 5 446 8 5 446 9 5 13833 10 5 446
494 11388498 1 1 1 2 9 22
495 11391614 1 1 1 2 3 394
496 11580903 55 11 10 0 0 1983 3 0 1983 8 0 5950 9 0 1983 0 1 4 1 1 4 2 1 8 6 1 16 7 1 12 10 1 4 4 2 9 8 2 45 9 2 36 1 3 70 5 3 210 6 3 70 8 3 280 10 3 70 2 4 45 4 4 45 5 4 45 9 4 45 10 4 137 0 5 14 3 5 56 5 5 42 6 5 14 7 5 14 10 5 14 1 6 3 2 6 1 3 6 3 4 6 1 5 6 25 6 6 1 7 6 1 9 6 7 10 6 1 0 7 16617 1 7 16617 2 7 16617 3 7 16617 6 7 16617 8 7 16617 1 9 218 3 9 218 4 9 218 7 9 218 8 9 218 9 9 218 0 10 248 2 10 372 4 10 4840 5 10 124 7 10 372
497 11581510 1 1 1 7 4 445
498 11582372 1 1 1 7 10 98
499 11704801 33 3 11 3 0 20 6 0 10 9 0 60 3 1 18204 6 1 6068 9 1 3034 3 2 19 6 2 19 9 2 19 3 3 2524 6 3 280 9 3 280 3 4 567 6 4 567 9 4 567 3 5 15 6 5 12 9 5 3 3 6 22 6 6 156 9 6 44 3 7 8 6 7 8 9 7 34 3 8 3215 6 8 3215 9 8 3215 3 9 424 6 9 424 9 9 848 3 10 7 6 10 7 9 10 90
500 11707496 1 1 1 2 1 277
501 11712690 1 1 1 7 8 111
502 11791258 22 11 3 0 2 1 3 2 1 4 2 80 7 2 1 8 2 1 9 2 1 0 4 8 1 4 24 2 4 1 3 4 1 5 4 4 6 4 46 7 4 2 8 4 3 10 4 5 1 7 1 2 7 1 4 7 1 5 7 1 6 7 1 9 7 1 10 7 1
503 11794212 1 1 1 4 9 94
504 11808170 5 5 1 1 6 14 2 6 42 5 6 28 8 6 14 9 6 14
505 11811020 1 1 1 10 4 168
506 11812407 1 1 1 10 6 83
507 11849685 11 1 11 3 0 3 3 1 182 3 2 115 3 3 16 3 4 2403 3 5 29 3 6 85 3 7 1974 3 8 210 3 9 2694 3 10 48
508 11897160 11 11 3 1 0 82 3 0 8 6 0 8 8 0 33 9 0 16 10 0 8 4 8 554 5 8 92 0 10 10 2 10 10 7 10 21
509 11914372 4 4 1 4 7 669 7 7 223 9 7 446 10 7 223
510 11924127 2 2 1 3 0 6 10 0 6
511 11929883 1 1 1 3 1 1518
512 11931504 1 1 1 7 2 193
513 11935110 1 1 1 5 8 92
514 11936033 1 1 1 2 2 1
515 11958977 6 3 3 5 3 7136 3 7 189 5 7 1895 6 7 568 3 8 3495 6 8 1165
516 12287167 99 9 11 0 0 4 1 0 49 3 0 4 4 0 4 5 0 4 6 0 8 8 0 4 9 0 4 10 0 20 0 1 5 1 1 11 3 1 11 4 1 5 5 1 5 6 1 5 8 1 5 9 1 11 10 1 11 0 2 3 1 2 3 3 2 3 4 2 3 5 2 3 6 2 3 8 2 3 9 2 3 10 2 90 0 3 5 1 3 85 3 3 5 4 3 40 5 3 20 6 3 5 8 3 15 9 3 5 10 3 5 0 4 126 1 4 6 3 4 13 4 4 33 5 4 6 6 4 6 8 4 6 9 4 6 10 4 13 0 5 8 1 5 1 3 5 1 4 5 1 5 5 8 6 5 11 8 5 1 9 5 1 10 5 4 0 6 1 1 6 28 3 6 1 4 6 5 5 6 1 6 6 5 8 6 1 9 6 3 10 6 7 0 7 1 1 7 24 3 7 1 4 7 1 5 7 1 6 7 4 8 7 1 9 7 1 10 7 1 0 8 3 1 8 3 3 8 3 4 8 3 5 8 23 6 8 3 8 8 46 9 8 3 10 8 178 0 9 867 1 9 1734 3 9 19949 4 9 3469 5 9 3469 6 9 867 8 9 4336 9 9 3469 10 9 867 0 10 170 1 10 170 3 10 170 4 10 510 5 10 170 6 10 510 8 10 170 9 10 11054 10 10 170
517 12290654 1 1 1 4 10 45
518 12302482 1 1 1 2 7 49
519 12309137 2 2 1 8 10 30 9 10 60
520 12314424 2 2 1 9 8 5903 10 8 5903
521 12314953 1 1 1 8 0 191
522 12316903 1 1 1 7 4 70
523 12325095 2 2 2 3 1 261 6 7 297
524 12330922 2 2 1 2 8 75 5 8 151
525 12331022 1 1 1 10 8 114
526 12365665 12 4 4 0 2 15386 1 2 36928 3 2 3077 9 2 3077 0 6 14 3 6 28 0 7 14 1 7 29 9 7 87 1 8 62 3 8 62 9 8 125
527 12390320 11 11 2 0 1 6 4 1 20 5 1 34 8 1 6 10 1 20 1 3 12 2 3 6 3 3 6 6 3 15 7 3 3 9 3 56
528 12418628 11 1 11 7 0 40 7 1 8946 7 2 3339 7 3 190 7 4 9806 7 5 343 7 6 53 7 7 22667 7 8 115 7 9 185 7 10 62
529 12419122 1 1 1 6 1 140
530 12448392 11 1 11 9 0 49 9 1 28 9 2 148 9 3 2687 9 4 1497 9 5 234 9 6 3074 9 7 6027 9 8 3539 9 9 62 9 10 82
531 12492849 11 1 11 6 0 27 6 1 144 6 2 6170 6 3 202 6 4 13 6 5 50 6 6 11710 6 7 52 6 8 4849 6 9 307 6 10 18974
532 12493417 1 1 1 5 6 319
533 12495489 1 1 1 7 7 320
534 12538025 18 6 6 6 1 37 9 1 37 10 1 37 1 2 6059 0 5 95 1 5 1 6 5 6 7 5 1 1 7 76 7 7 76 0 9 23 6 9 23 7 9 23 9 9 95 10 9 23 0 10 1387 9 10 18 10 10 18
535 12578042 11 1 11 7 0 102 7 1 123 7 2 9552 7 3 103 7 4 2392 7 5 14858 7 6 77 7 7 625 7 8 9020 7 9 262 7 10 9023
536 12585715 1 1 1 7 10 9532
537 12590683 1 1 1 8 8 5721
538 12596047 1 1 1 0 3 60
539 12607485 3 3 1 0 5 1 6 5 1 7 5 5
540 12612331 1 1 1 10 7 170
541 12613061 1 1 1 0 3 1062
542 12652435 11 1 11 4 0 64 4 1 103 4 2 93 4 3 5977 4 4 61 4 5 197 4 6 70 4 7 127 4 8 85 4 9 30 4 10 14
543 12656466 1 1 1 7 2 141
544 12658554 1 1 1 5 3 9613
545 12662295 1 1 1 9 9 95
546 12670560 1 1 1 8 4 100
547 12672288 1 1 1 7 3 11367
548 12672737 1 1 1 8 6 15
549 12692978 1 1 1 5 2 191
550 12700823 1 1 1 3 4 74
551 12701384 1 1 1 4 1 73
552 12704536 1 1 1 4 9 35
553 12707679 1 1 1 10 10 86
554 12712304 1 1 1 0 7 172
555 12713297 1 1 1 7 7 97
556 12724669 1 1 1 1 3 3023
557 12726612 1 1 1 3 3 1315
558 12770874 11 1 11 5 0 100 5 1 31 5 2 137 5 3 85 5 4 328 5 5 1198 5 6 1942 5 7 89 5 8 208 5 9 60 5 10 53
559 12771627 1 1 1 0 10 111
560 12781888 2 2 1 4 6 355 6 6 355
561 12790864 1 1 1 0 2 57
562 12966286 55 5 11 4 0 10 5 0 10 6 0 96 8 0 21 10 0 21 4 1 9 5 1 9 6 1 9 8 1 18 10 1 27 4 2 19 5 2 19 6 2 19 8 2 19 10 2 19 4 3 9 5 3 9 6 3 38 8 3 9 10 3 9 4 4 11 5 4 11 6 4 11 8 4 33 10 4 11 4 5 4 5 5 2 6 5 1 8 5 1 10 5 4 4 6 16 5 6 16 6 6 32 8 6 16 10 6 32 4 7 11 5 7 33 6 7 22 8 7 22 10 7 11 4 8 2 5 8 19 6 8 19 8 8 4 10 8 4 4 9 5 5 9 2 6 9 2 8 9 119 10 9 2 4 10 35 5 10 5 6 10 10 8 10 15 10 10 5
563 12982270 4 4 2 1 1 37 9 1 37 0 2 150 10 2 150
564 12982409 1 1 1 6 4 3089
565 13077247 33 3 11 3 0 11 8 0 156 10 0 44 3 1 13 8 1 88 10 1 6 3 2 26 8 2 13 10 2 26 3 3 13 8 3 13 10 3 13 3 4 223 8 4 14 10 4 1 3 5 9 8 5 19 10 5 9 3 6 2 8 6 2 10 6 65 3 7 22 8 7 22 10 7 22 3 8 7 8 8 23 10 8 15 3 9 6944 8 9 3472 10 9 3472 3 10 4216 8 10 4216 10 10 4216
566 13078340 1 1 1 7 1 6063
567 13084723 2 2 1 3 9 61 8 9 10
568 13086094 1 1 1 5 1 19591
569 13246272 55 11 10 1 0 1616 3 0 808 4 0 24241 5 0 808 6 0 4040 9 0 1616 4 1 32 5 1 43 6 1 21 8 1 120 9 1 10 1 2 6 2 2 1 4 2 1 5 2 1 7 2 1 9 2 1 0 3 13 2 3 13 0 5 1903 3 5 1903 4 5 1903 6 5 3806 8 5 5710 10 5 26647 0 6 7 2 6 1 5 6 1 7 6 1 8 6 1 10 6 2 1 7 1531 2 7 3062 6 7 1531 10 7 1531 0 8 36 1 8 21 2 8 14 3 8 7 5 8 58 7 8 7 10 8 29 0 9 29 3 9 29 7 9 29 8 9 29 9 9 58 1 10 9 3 10 9 4 10 167 6 10 9 7 10 9 8 10 49 9 10 9 10 10 49
570 13260902 8 4 3 4 0 53 9 0 53 10 0 53 5 2 1 10 2 7 4 10 98 5 10 131 9 10 394
571 13284345 11 1 11 4 0 28 4 1 970 4 2 268 4 3 15 4 4 119 4 5 104 4 6 30623 4 7 29 4 8 12744 4 9 112 4 10 211
572 13285253 1 1 1 10 2 257
573 13306303 6 3 3 2 0 6 4 0 12 2 2 60 6 2 60 4 9 1 6 9 26
574 13306669 1 1 1 9 5 198
575 13326980 5 5 1 0 1 1 1 1 37 2 1 1 5 1 1 8 1 1
576 13334732 4 4 1 0 9 15 1 9 30 2 9 30 8 9 45
577 13336259 1 1 1 3 7 11884
578 13336674 2 2 2 10 1 45 7 9 2991
579 13341079 1 1 1 9 6 33039
580 13399690 15 5 5 0 1 2 2 1 13 3 1 1 4 1 1 8 1 2 0 2 3926 2 2 3926 3 2 3926 8 2 7853 2 3 47 4 5 126 0 9 3 3 9 2 4 9 4 8 9 1
581 13400424 1 1 1 2 1 65
582 13402016 1 1 1 5 0 180
583 13405620 1 1 1 2 2 1533
584 13414700 1 1 1 3 3 98
585 13414953 1 1 1 3 1 41
586 13417369 1 1 1 1 5 12
587 13418595 1 1 1 5 0 15
588 13421352 1 1 1 3 10 67
589 13422168 1 1 1 10 6 167
590 13743811 110 10 11 0 0 16 1 0 1 2 0 1 3 0 1 4 0 1 5 0 29 6 0 1 7 0 1 8 0 1 10 0 1 0 1 341 1 1 341 2 1 341 3 1 341 4 1 1023 5 1 2388 6 1 3070 7 1 1023 8 1 341 10 1 341 0 2 1 1 2 23 2 2 2 3 2 1 4 2 1 5 2 1 6 2 1 7 2 2 8 2 1 10 2 5 0 3 206 1 3 206 2 3 206 3 3 206 4 3 206 5 3 12381 6 3 1238 7 3 206 8 3 619 10 3 1444 0 4 1891 1 4 630 2 4 630 3 4 630 4 4 8825 5 4 1260 6 4 630 7 4 630 8 4 630 10 4 630 0 5 1849 1 5 924 2 5 4624 3 5 924 4 5 924 5 5 924 6 5 1849 7 5 5548 8 5 1849 10 5 924 0 6 2 1 6 6 2 6 2 3 6 13 4 6 2 5 6 2 6 6 2 7 6 2 8 6 56 10 6 2 0 7 2 1 7 2 2 7 2 3 7 2 4 7 4 5 7 2 6 7 8 7 7 4 8 7 4 10 7 2 0 8 2 1 8 2 2 8 2 3 8 7 4 8 2 5 8 52 6 8 7 7 8 5 8 8 2 10 8 2 0 9 1 1 9 1 2 9 1 3 9 1 4 9 1 5 9 1 6 9 1 7 9 21 8 9 1 10 9 1 0 10 4 1 10 27 2 10 4 3 10 6 4 10 2 5 10 2 6 10 2 7 10 2 8 10 2 10 10 20
591 13760948 3 3 1 2 7 5 6 7 10 9 7 60
592 13775848 1 1 1 4 3 8518
593 14082761 99 11 11 0 0 5870 1 0 1956 2 0 5870 3 0 1956 4 0 1956 5 0 1956 6 0 1956 7 0 5870 8 0 1956 9 0 1956 10 0 1956 0 1 32 1 1 1877 2 1 65 3 1 32 4 1 32 5 1 32 6 1 131 7 1 32 8 1 65 9 1 32 10 1 32 0 2 5 1 2 39 2 2 2 3 2 2 4 2 56 7 2 2 8 2 2 9 2 2 10 2 2 3 3 1 5 3 5 6 3 9 7 3 5 8 3 1 10 3 1 0 4 312 1 4 2501 5 4 312 6 4 312 7 4 312 8 4 1250 10 4 625 1 5 20 2 5 10 3 5 10 4 5 10 5 5 10 6 5 10 7 5 10 8 5 10 9 5 20 0 6 3 1 6 3 2 6 3 3 6 6 4 6 3 5 6 3 7 6 3 8 6 3 9 6 9 10 6 3 0 7 16415 1 7 105 2 7 105 3 7 105 4 7 105 5 7 420 6 7 105 7 7 105 8 7 1367 9 7 631 10 7 105 0 8 161 1 8 161 2 8 161 3 8 1129 4 8 161 5 8 161 6 8 161 7 8 322 8 8 322 9 8 161 10 8 161 0 9 3 1 9 13 2 9 20 4 9 3 5 9 3 6 9 34 9 9 3 10 9 23 0 10 66 2 10 28 3 10 19 4 10 57 6 10 38 9 10 9
594 14083532 1 1 1 10 3 95
595 14090981 1 1 1 1 2 41
596 14091765 1 1 1 6 0 66
597 14110107 6 3 2 3 2 38 7 2 12 8 2 12 3 6 6 7 6 24 8 6 6
598 14149575 11 1 11 7 0 52 7 1 65 7 2 253 7 3 102 7 4 353 7 5 42 7 6 93 7 7 3912 7 8 63 7 9 82 7 10 36
599 14175867 11 1 11 4 0 200 4 1 114 4 2 14994 4 3 116 4 4 112 4 5 3287 4 6 2979 4 7 34 4 8 38 4 9 11 4 10 52
600 14177832 1 1 1 8 6 80
601 14186530 1 1 1 8 1 80
602 14308072 44 4 11 2 0 299 4 0 299 7 0 598 10 0 299 2 1 12 4 1 12 7 1 12 10 1 12 2 2 4 4 2 23 7 2 135 10 2 4 2 3 5 4 3 10 7 3 5 10 3 37 2 4 11 4 4 11 7 4 11 10 4 44 2 5 86 4 5 86 7 5 86 10 5 11649 2 6 7 4 6 46 7 6 5 10 6 32 2 7 1805 4 7 9932 7 7 902 10 7 451 2 8 7831 4 8 602 7 8 602 10 8 602 2 9 12 4 9 38 7 9 12 10 9 12 2 10 1968 4 10 1968 7 10 1968 10 10 1968
603 14332595 11 1 11 5 0 136 5 1 355 5 2 58532 5 3 48 5 4 27 5 5 40 5 6 63 5 7 115 5 8 105 5 9 1 5 10 1
604 14333480 1 1 1 4 9 47
605 14433516 32 8 8 0 0 14 1 0 2 2 0 54 7 0 2 0 3 36 1 3 12 2 3 12 6 3 24 8 3 12 10 3 12 4 4 50 6 4 25 2 5 35 4 5 35 7 5 210 10 5 35 6 6 695 8 6 695 0 7 10 7 7 10 10 7 10 1 9 8 4 9 22 8 9 1 0 10 4 1 10 4 2 10 4 4 10 167 6 10 8 7 10 4 8 10 4 10 10 4
606 14450486 6 3 3 0 0 129 0 2 481 2 2 481 5 2 481 2 6 2421 5 6 9684
607 14452459 1 1 1 1 4 9774
608 14455707 1 1 1 10 0 20
609 14474986 4 4 1 3 6 1 6 6 14 7 6 1 8 6 1
610 14478788 1 1 1 2 8 1024
611 14483187 2 2 1 3 5 33159 6 5 33159
612 14494244 1 1 1 1 4 33
613 14572929 32 8 7 2 0 28 3 0 7 6 0 7 7 0 7 8 0 7 10 0 7 2 2 6 3 2 6 4 2 6 5 2 12 6 2 6 8 2 6 10 2 6 2 3 16 4 3 16 5 3 33 5 5 3163 7 5 1581 2 7 361 3 7 361 4 7 361 6 7 1084 7 7 361 8 7 361 10 7 13017 4 8 75 10 8 75 3 9 8534 5 9 711 6 9 711 7 9 711 8 9 711
614 14593145 11 1 11 2 0 129 2 1 167 2 2 41 2 3 69 2 4 120 2 5 341 2 6 174 2 7 24 2 8 117 2 9 50 2 10 984
615 14600416 3 3 1 4 1 29 6 1 29 8 1 29
616 14618360 6 3 3 4 0 4546 5 0 9093 10 0 2273 10 7 964 4 8 2232 5 8 318
617 14618674 1 1 1 4 10 92
618 14619341 1 1 1 10 7 40
619 14622133 1 1 1 10 6 65
620 14630077 4 4 1 2 5 17 4 5 2 6 5 1 8 5 1
621 14631982 1 1 1 6 10 123
622 14640209 3 3 2 8 5 102 10 5 123 3 6 68
623 14653073 2 2 1 6 1 17 8 1 283
624 14653529 1 1 1 4 0 39041
625 14688019 11 1 11 0 0 115 0 1 2386 0 2 626 0 3 1009 0 4 79 0 5 22764 0 6 21 0 7 51 0 8 38849 0 9 115 0 10 93
626 14688668 1 1 1 2 2 123
627 14785985 44 4 11 0 0 1 1 0 1 2 0 2 6 0 26 0 1 199 1 1 49 2 1 24 6 1 24 0 2 39 1 2 26 2 2 26 6 2 13 0 3 45 1 3 3 2 3 9 6 3 3 0 4 13 1 4 27 2 4 13 6 4 13 0 5 2 1 5 2 2 5 2 6 5 1 0 6 1 1 6 1 2 6 1 6 6 1 0 7 19 1 7 39 2 7 19 6 7 19 0 8 20 1 8 3 2 8 27 6 8 3 0 9 19 1 9 19 2 9 39 6 9 19 0 10 2 1 10 5 2 10 2 6 10 2
628 14795215 2 2 1 3 1 89 9 1 89
629 14800635 1 1 1 8 4 208
630 14804404 1 1 1 5 8 70
631 14808041 1 1 1 0 0 115
632 14809672 1 1 1 2 9 117
633 14814258 2 2 2 3 3 69 0 8 115
634 14817374 1 1 1 10 6 192
635 14818206 1 1 1 6 7 108
636 14841139 4 2 3 7 0 10 3 6 46 7 6 46 3 9 7231
637 14846716 1 1 1 7 8 689
638 14848587 2 2 2 8 1 71 7 6 113
639 14894582 18 6 6 2 0 20 4 0 20 3 1 4 4 1 21 5 1 4 6 1 4 3 2 80 9 2 53 5 5 108 2 6 8 4 6 6 5 6 2 6 6 4 9 6 2 2 8 32 3 8 32 6 8 32 9 8 64
640 14946868 22 2 11 1 0 32 2 0 16 1 1 80 2 1 80 1 2 93 2 2 93 1 3 2290 2 3 1527 1 4 33 2 4 11 1 5 59 2 5 59 1 6 6387 2 6 3193 1 7 1 2 7 21 1 8 11 2 8 11 1 9 89 2 9 5 1 10 22 2 10 45
641 14957833 4 2 3 3 7 8 10 7 66 3 8 36526 10 10 70
642 14964521 3 3 1 7 3 26 9 3 105 10 3 26
643 14965221 1 1 1 4 5 700
644 14997490 11 1 11 3 0 1436 3 1 347 3 2 71 3 3 5 3 4 153 3 5 108 3 6 46 3 7 109 3 8 89 3 9 50 3 10 6
645 14999522 1 1 1 3 6 52
646 15002106 1 1 1 5 5 75
647 15047359 14 7 4 1 1 77 2 1 38 4 1 77 8 1 194 10 2 7246 1 4 156 2 4 313 4 4 156 6 4 470 8 4 313 9 4 3293 6 5 3 9 5 9 10 5 15
648 15048653 1 1 1 5 9 12
649 15058913 6 3 2 0 3 1037 6 3 1037 9 3 1037 0 9 1 6 9 1 9 9 110
650 15085549 10 2 6 4 0 48 5 0 16 5 1 11224 4 2 9 4 3 98 5 3 98 4 6 22 5 6 2 4 10 74 5 10 148
651 15087693 1 1 1 0 9 1487
652 15094200 3 3 1 0 3 38 2 3 38 6 3 38
653 15329201 77 11 11 0 0 3 1 0 6 2 0 3 3 0 9 5 0 6 6 0 3 7 0 9 8 0 3 10 0 3 1 1 23 2 1 23 3 1 23 4 1 23 5 1 69 6 1 23 9 1 23 10 1 115 3 2 1 4 2 1 7 2 3 8 2 2 9 2 3 10 2 3 1 3 20 2 3 12 3 3 2 4 3 2 5 3 4 7 3 2 9 3 8 10 3 2 0 4 1 1 4 1 2 4 1 4 4 4 5 4 1 6 4 12 8 4 6 2 5 18 4 5 9 6 5 63 7 5 9 9 5 72 0 6 2 1 6 44 5 6 4 6 6 2 7 6 138 9 6 2 10 6 2 0 7 13 2 7 13 7 7 27 8 7 27 0 8 23 2 8 23 3 8 23 5 8 69 6 8 46 8 8 23 9 8 69 10 8 46 0 9 6 1 9 18 3 9 12 4 9 43 5 9 12 6 9 6 8 9 6 9 9 12 0 10 6 1 10 12 3 10 12 4 10 6 7 10 43 8 10 6 10 10 6
654 15332818 2 1 2 2 2 2643 2 3 368
655 15368383 11 1 11 1 0 208 1 1 71 1 2 1229 1 3 72 1 4 5349 1 5 157 1 6 136 1 7 103 1 8 78 1 9 123 1 10 26
656 15393794 11 1 11 10 0 34 10 1 1295 10 2 6145 10 3 93 10 4 14 10 5 199 10 6 74 10 7 146 10 8 5752 10 9 64 10 10 101
657 15397452 1 1 1 5 8 31308
658 15401271 1 1 1 9 7 197
659 15401497 1 1 1 10 7 84
660 15404305 1 1 1 0 10 2052
661 15406172 1 1 1 8 6 405
662 15410090 1 1 1 10 6 134
663 15426692 6 3 3 1 1 160 4 1 21 5 2 35 1 10 43 4 10 21 5 10 21
664 15438605 8 4 4 2 0 235 4 0 47 0 6 4520 1 6 4520 1 9 18245 4 9 3649 0 10 15 2 10 45
665 15443760 2 2 1 3 6 54 6 6 27
666 15465475 11 1 11 2 0 1375 2 1 218 2 2 48 2 3 91 2 4 191 2 5 56 2 6 6 2 7 2493 2 8 70 2 9 14241 2 10 12041
667 15467874 2 2 1 0 7 73 8 7 147
668 15474099 3 3 1 0 0 6 4 0 6 8 0 6
669 15479635 1 1 1 6 10 134
670 15486243 2 1 2 4 2 22115 4 3 464
671 15486246 1 1 1 2 0 3309
672 15494449 1 1 1 4 8 14
673 15533715 11 1 11 9 0 86 9 1 208 9 2 117 9 3 137 9 4 5759 9 5 189 9 6 1253 9 7 5 9 8 313 9 9 32 9 10 155
674 15538476 1 1 1 8 3 9548
675 15551704 2 2 1 5 5 9040 10 5 1130
676 15578557 11 1 11 2 0 5173 2 1 4761 2 2 39 2 3 24 2 4 212 2 5 43 2 6 170 2 7 130 2 8 1747 2 9 64 2 10 5128
677 15633473 11 11 1 0 1 1 1 1 1 2 1 1 3 1 1 4 1 1 5 1 1 6 1 1 7 1 1 8 1 1 9 1 1 10 1 83
678 15642940 2 2 1 4 7 4508 5 7 4508
679 15657866 6 3 3 7 0 86 8 0 86 10 0 86 7 5 5 10 5 10 8 8 108
680 15661040 2 2 2 0 2 72 3 6 16
681 15661709 1 1 1 1 1 60
682 15666254 1 1 1 2 2 2
683 15693195 7 7 3 8 0 50 0 3 112 3 3 2 4 3 1 5 3 1 9 3 1 1 7 14177
684 15710377 6 3 2 2 4 33 7 4 16 9 4 16 2 7 254 7 7 254 9 7 254
685 15944002 66 11 11 2 0 3 3 0 30 4 0 3 5 0 6 7 0 12 8 0 9 0 1 1587 1 1 1587 4 1 2381 5 1 793 8 1 793 10 1 793 0 2 136 2 2 306 4 2 34 7 2 34 9 2 136 10 2 34 0 3 1484 1 3 1484 2 3 1484 4 3 1484 6 3 4454 1 4 1126 3 4 1126 4 4 1126 5 4 1126 9 4 2252 10 4 1126 1 5 1 2 5 1 3 5 1 5 5 1 6 5 1 7 5 2 8 5 1 10 5 1 5 6 14 6 6 29 7 6 14 9 6 14 10 6 14 1 7 49 3 7 49 6 7 98 8 7 49 9 7 49 0 8 19 2 8 1 3 8 1 6 8 3 8 8 1 9 8 1 0 9 22 2 9 34 5 9 11 7 9 22 0 10 3 1 10 4 3 10 1 4 10 1 6 10 1 7 10 4 8 10 1 9 10 1 10 10 8
686 15946824 2 2 1 2 9 32 6 9 64
687 15949591 1 1 1 0 8 16815
688 15957025 1 1 1 0 3 5
689 15964663 1 1 1 5 5 145
690 15985226 11 1 11 0 0 105 0 1 8 0 2 275 0 3 29 0 4 224 0 5 1744 0 6 60 0 7 72 0 8 77 0 9 68 0 10 12
691 15986917 1 1 1 0 6 80
692 15987737 1 1 1 0 9 161
693 16038386 11 1 11 8 0 84 8 1 3003 8 2 19050 8 3 33 8 4 967 8 5 4024 8 6 115 8 7 124 8 8 99 8 9 14182 8 10 71
694 16038600 1 1 1 5 10 2993
695 16045186 2 2 1 5 7 85 8 7 170
696 16049658 2 2 1 7 3 21 10 3 43
697 16074306 8 8 1 0 6 1 3 6 1 4 6 5 5 6 76 6 6 1 7 6 1 8 6 1 10 6 8
698 16074816 1 1 1 8 9 4
699 16077639 1 1 1 6 9 29
700 16107901 9 3 4 4 0 102 5 0 17 10 0 17 4 5 1510 10 5 18131 4 6 2838 5 6 2838 10 6 5677 5 8 25
701 16109680 1 1 1 8 1 226
702 16117442 4 4 1 2 4 14 4 4 144 7 4 14 10 4 43
703 16119818 1 1 1 0 1 205
704 16140579 11 1 11 2 0 37 2 1 65 2 2 142 2 3 4870 2 4 99501 2 5 117 2 6 33 2 7 4 2 8 85 2 9 685 2 10 61
705 16145492 1 1 1 5 7 373
706 16161561 6 3 3 1 0 1 10 0 78 4 3 79 10 3 26 1 7 43 4 7 21
707 16394505 66 11 11 1 0 6 2 0 3 4 0 9 5 0 3 7 0 3 0 1 8 1 1 8 2 1 8 5 1 8 6 1 24 7 1 32 0 2 3 1 2 1 2 2 1 3 2 33 5 2 10 9 2 1 10 2 5 0 3 29 4 3 3 9 3 6 3 4 3274 4 4 1091 5 4 1091 6 4 1091 8 4 2183 9 4 1091 10 4 3274 2 5 1 4 5 1 5 5 1 6 5 1 7 5 1 8 5 1 1 6 2 3 6 2 4 6 2 6 6 16 7 6 2 8 6 2 10 6 16 1 7 3 2 7 1 3 7 1 7 7 1 8 7 50 9 7 1 0 8 14 4 8 14 5 8 14 6 8 14 8 8 14 10 8 14 0 9 319 3 9 159 7 9 159 8 9 319 9 9 159 10 9 2395 0 10 411 1 10 411 2 10 2466 3 10 822 6 10 822 9 10 411 10 10 411
708 16398265 3 3 1 5 6 1424 7 6 5699 9 6 4274
709 16399067 1 1 1 7 4 54
710 16432688 10 5 4 2 2 49 3 2 98 0 3 90 4 3 225 2 4 50 6 4 25 0 5 749 3 5 166 4 5 83 6 5 249
711 16481289 11 1 11 5 0 103 5 1 220 5 2 35 5 3 3 5 4 428 5 5 167 5 6 216 5 7 4690 5 8 10 5 9 194 5 10 122
712 16501789 6 6 1 0 9 43 2 9 65 4 9 21 5 9 21 7 9 21 9 9 21
713 16508351 1 1 1 1 4 13
714 16509110 1 1 1 5 8 225
715 16509208 1 1 1 8 4 420
716 16509640 1 1 1 7 4 13091
717 16512879 1 1 1 10 3 36
718 16513718 1 1 1 10 4 90
719 16535883 10 5 4 0 0 25 1 0 25 1 2 1 3 2 82 7 2 1 3 6 5596 7 6 22386 10 6 11193 0 9 183 10 9 15
720 16538495 1 1 1 5 1 116
721 16538733 1 1 1 9 6 49
722 16539995 2 2 1 0 3 1 8 3 10
723 16670908 44 4 11 0 0 1222 2 0 24451 3 0 6112 9 0 1222 0 1 16 2 1 32 3 1 16 9 1 16 0 2 12 2 2 18 3 2 6 9 2 6 0 3 2 2 3 1 3 3 108 9 3 1 0 4 3 2 4 47 3 4 1 9 4 2 0 5 1397 2 5 1397 3 5 5589 9 5 1397 0 6 9 2 6 3 3 6 3 9 6 3 0 7 18 2 7 18 3 7 36 9 7 18 0 8 18 2 8 54 3 8 18 9 8 18 0 9 1 2 9 2 3 9 5 9 9 1 0 10 807 2 10 1615 3 10 807 9 10 1615
724 16843741 55 11 10 0 0 108 1 0 108 2 0 1192 4 0 108 7 0 108 9 0 216 10 0 108 0 1 3 1 1 5 5 1 1 7 1 5 9 1 1 1 2 843 3 2 843 10 2 843 0 3 6 3 3 66 4 3 6 6 3 13 10 3 13 2 4 1 4 4 6 5 4 1 6 4 1 8 4 4 3 6 14 4 6 14 6 6 14 7 6 14 8 6 14 9 6 14 10 6 14 0 7 41 2 7 124 3 7 41 4 7 41 8 7 7354 9 7 41 5 8 35 6 8 35 1 9 18 2 9 113 3 9 9 5 9 9 7 9 9 8 9 56 0 10 4 1 10 4 2 10 2 5 10 14 6 10 2 7 10 2 8 10 2 9 10 2 10 10 4
725 16958934 32 8 8 0 0 22 3 0 22 6 0 22 9 0 22 7 1 132 8 1 22 10 1 44 0 3 23 7 3 46 9 3 11 10 3 57 0 5 10 3 5 10 6 5 21 7 5 10 8 5 10 9 5 21 4 6 1497 8 6 1497 4 7 11815 8 7 3938 10 7 3938 0 8 15 3 8 15 4 8 15 6 8 31 9 8 31 3 9 599 4 9 399 6 9 199 7 9 199 10 9 599
726 16959645 2 2 1 0 2 3 7 2 42
727 16982812 4 2 3 7 0 72 8 0 145 8 5 129 7 10 14862
728 17008930 11 1 11 0 0 58 0 1 42 0 2 107 0 3 2044 0 4 88 0 5 115 0 6 14064 0 7 59 0 8 36 0 9 103 0 10 711
729 17009174 1 1 1 10 6 1341
730 17189420 55 11 10 1 0 2 2 0 2 4 0 54 5 0 15 0 1 8 3 1 91 8 1 16 4 2 334 5 2 669 6 2 111 7 2 111 9 2 111 10 2 669 3 3 191 4 3 191 6 3 3638 10 3 7659 2 4 40 5 4 40 7 4 40 8 4 80 9 4 40 1 5 2 5 5 2 6 5 2 7 5 2 8 5 30 9 5 2 10 5 11 0 6 8 1 6 24 3 6 24 4 6 8 10 6 16 0 8 1161 1 8 580 2 8 580 6 8 580 7 8 580 8 8 16267 0 9 1210 2 9 1210 3 9 1210 4 9 2421 6 9 1210 7 9 2421 8 9 2421 9 9 2421 10 9 1210 0 10 166 1 10 332 2 10 166 3 10 166 5 10 332 9 10 166
731 17205337 10 1 10 4 0 3984 4 1 154 4 2 15175 4 3 119 4 4 26 4 5 31 4 6 3914 4 7 11939 4 9 56 4 10 130
732 17421085 66 11 11 0 0 21 1 0 21 3 0 21 4 0 43 7 0 86 8 0 43 9 0 43 0 1 5 1 1 5 2 1 16 5 1 5 7 1 45 1 2 29 3 2 29 7 2 29 8 2 58 9 2 29 0 3 10 2 3 5 4 3 5 5 3 5 6 3 16 8 3 5 9 3 10 10 3 64 1 4 3 2 4 2 3 4 5 4 4 1 5 4 1 8 4 2 10 4 1 0 5 4 1 5 1 5 5 14 6 5 1 10 5 1 2 6 3 4 6 18 5 6 3 6 6 3 7 6 39 8 6 36 10 6 6 3 7 166 6 7 166 9 7 998 10 7 166 0 8 9 2 8 9 3 8 9 4 8 19 7 8 9 8 8 19 10 8 9 1 9 11 6 9 11 9 9 35 0 10 1213 2 10 1213 3 10 2427 4 10 1213 5 10 2427 6 10 1213 7 10 3641 9 10 2427
733 17426454 2 2 1 7 10 337 8 10 48
734 17428779 1 1 1 6 5 1705
735 17442240 1 1 1 4 0 194
736 17442818 1 1 1 3 4 92
737 17447258 2 2 1 4 7 21 10 7 5
738 17449246 1 1 1 4 9 100
739 17452757 1 1 1 7 6 93
740 17482391 11 1 11 1 0 8515 1 1 115 1 2 179 1 3 21914 1 4 23 1 5 14228 1 6 234 1 7 131 1 8 129 1 9 265 1 10 10145
741 17483982 1 1 1 6 2 102
742 17497711 5 5 1 2 7 254 3 7 254 5 7 254 7 7 254 8 7 762
743 17501675 1 1 1 5 7 1932
744 17504485 2 2 1 5 3 20 8 3 40
745 17517921 1 1 1 10 8 57
746 17520215 2 2 1 0 6 5700 6 6 5700
747 17560857 11 1 11 9 0 10232 9 1 284 9 2 12667 9 3 2485 9 4 89 9 5 163 9 6 20 9 7 28 9 8 231 9 9 52 9 10 14832
748 17561501 1 1 1 3 0 10
749 17563633 1 1 1 6 8 9367
750 17572083 3 3 1 5 6 14 8 6 14 10 6 29
751 17575310 1 1 1 4 7 32
752 17579590 1 1 1 6 4 8538
753 17639821 22 11 5 1 0 18 5 0 9 8 0 9 9 0 123 10 0 18 1 4 22 7 4 9 0 5 36 2 5 27 3 5 4 4 5 4 9 5 4 0 7 7 4 7 42 5 7 28 6 7 7 8 7 7 10 7 14 2 10 8 3 10 8 6 10 8 7 10 16
754 17644001 2 2 1 4 2 3697 8 2 2465
755 17659393 6 3 3 2 4 6 9 4 6 0 9 3 2 9 54 9 9 3 0 10 9
756 17660926 2 2 1 2 6 7 4 6 14
757 17668353 3 3 2 0 7 7 9 7 2 5 8 1506
758 17668767 1 1 1 6 10 19667
759 17760500 30 6 9 2 0 1 5 0 1 6 0 1 8 0 5 2 2 33 6 2 11 7 2 11 10 2 22 2 3 75 7 3 37 5 4 2977 7 4 17862 10 4 2977 5 6 31 6 6 31 8 6 31 10 6 31 10 7 71 2 8 2847 6 8 2847 7 8 5695 8 8 5695 5 9 11 6 9 11 8 9 11 2 10 132 5 10 44 7 10 44 8 10 44 10 10 88
760 17761832 1 1 1 9 2 9
761 17763564 1 1 1 8 5 11976
762 17776809 2 2 1 0 2 21 2 2 65
763 17800433 11 1 11 6 0 23 6 1 3841 6 2 659 6 3 1367 6 4 1360 6 5 969 6 6 138 6 7 15811 6 8 104 6 9 76 6 10 3
764 17803459 1 1 1 4 0 20
765 17805822 3 3 1 6 1 108 9 1 36 10 1 36
766 17807100 1 1 1 9 9 15592
767 17810048 1 1 1 9 10 25435
768 17847893 18 9 4 0 1 26 1 1 16 3 1 6 4 1 6 7 1 3 10 1 3 2 3 117 3 3 39 5 3 39 6 3 39 4 7 79 5 7 18070 6 7 79 10 7 1353 0 9 3 1 9 1 2 9 1 7 9 1
769 17862913 6 3 3 7 2 179 1 3 21 5 3 5 1 8 18 5 8 18 7 8 18
770 17865486 2 2 1 3 3 30 10 3 30
771 17901692 11 1 11 5 0 88 5 1 54 5 2 5 5 3 66265 5 4 8502 5 5 28 5 6 709 5 7 162 5 8 172 5 9 1294 5 10 21
772 17906054 1 1 1 8 9 77
773 17906971 1 1 1 3 6 58
774 17994443 22 2 11 3 0 59 4 0 59 3 1 11652 4 1 4660 3 2 173 4 2 173 3 3 2 4 3 8 3 4 1419 4 4 7097 3 5 1985 4 5 1985 3 6 138 4 6 46 3 7 58 4 7 58 3 8 101 4 8 101 3 9 6 4 9 12 3 10 2578 4 10 2578
775 17994478 1 1 1 6 10 170
776 17998497 1 1 1 2 0 229
777 18004966 1 1 1 1 4 11808
778 18005409 1 1 1 8 2 109
779 18011013 1 1 1 6 5 86
780 18011813 1 1 1 8 5 91
781 18012889 1 1 1 7 10 109
782 18031943 4 4 1 0 4 5 1 4 5 3 4 5 8 4 5
783 18032318 1 1 1 9 4 220
784 18060727 11 1 11 9 0 244 9 1 11758 9 2 10 9 3 16 9 4 7261 9 5 7354 9 6 61 9 7 1403 9 8 107 9 9 34 9 10 2
785 18117795 22 2 11 2 0 1718 8 0 3436 2 1 54 8 1 27 2 2 88 8 2 44 2 3 55 8 3 55 2 4 81 8 4 27 2 5 2 8 5 2 2 6 657 8 6 657 2 7 62 8 7 62 2 8 23 8 8 69 2 9 40 8 9 3 2 10 7641 8 10 15282
786 18244108 44 4 11 1 0 334 4 0 1 9 0 1 10 0 1 1 1 9 4 1 9 9 1 144 10 1 9 1 2 1049 4 2 6295 9 2 1049 10 2 3147 1 3 26 4 3 26 9 3 107 10 3 7709 1 4 20 4 4 20 9 4 20 10 4 41 1 5 850 4 5 53 9 5 53 10 5 53 1 6 1 4 6 1 9 6 21 10 6 1 1 7 49 4 7 98 9 7 49 10 7 49 1 8 4 4 8 4 9 8 2 10 8 4 1 9 297 4 9 297 9 9 891 10 9 2674 1 10 2 4 10 2 9 10 7 10 10 12
787 18335275 32 8 8 2 0 499 3 0 499 5 0 499 7 0 998 9 0 998 4 1 28 8 1 14 9 1 14 2 4 77 4 4 19 8 4 19 3 6 50 8 6 50 0 7 81 2 7 81 7 7 40 0 8 11 5 8 2 7 8 2 8 8 2 9 8 96 0 9 79 2 9 79 3 9 79 4 9 238 5 9 79 7 9 79 9 9 79 0 10 8 3 10 133 4 10 1 5 10 1
788 18337839 1 1 1 4 2 8824
789 18343461 1 1 1 8 8 178
790 18359959 11 1 11 5 0 50 5 1 21 5 2 19 5 3 113 5 4 4 5 5 128 5 6 1 5 7 42 5 8 15 5 9 80 5 10 96
791 18362548 1 1 1 8 1 239
792 18372092 2 2 2 2 9 1015 5 10 198
793 18372592 1 1 1 8 2 66447
794 18398715 11 1 11 4 0 7890 4 1 216 4 2 3088 4 3 112 4 4 31 4 5 74 4 6 11232 4 7 224 4 8 128 4 9 96 4 10 47
795 18401212 1 1 1 9 1 10
796 18402712 1 1 1 10 3 147
797 18403470 2 2 2 5 5 74 3 9 1344
798 18414551 2 2 1 2 9 67 6 9 16
799 18418566 2 2 1 1 6 5 5 6 87
800 18421301 1 1 1 4 6 202
801 18421866 1 1 1 10 5 1240
802 18423390 1 1 1 0 1 81
803 18433293 7 7 1 0 3 2172 1 3 2172 3 3 2172 6 3 4345 7 3 2172 8 3 2172 10 3 4345
804 18433474 1 1 1 4 4 2863
805 18484981 18 6 5 2 3 26 7 3 26 0 4 1 1 4 1 2 4 1 3 4 7 7 4 1 0 6 28 1 6 28 2 6 57 3 6 14 4 6 14 7 6 57 0 8 26 1 8 26 3 8 26 4 8 26 4 9 27571
806 18487805 1 1 1 4 1 107
807 18522683 8 4 3 4 3 2157 5 3 2516 9 3 1078 3 4 1050 3 6 64 4 6 21 5 6 43 9 6 43
808 18524980 2 2 1 4 10 9 8 10 18
809 18526492 1 1 1 10 8 7
810 18533737 2 2 1 1 1 75 10 1 75
811 18535024 1 1 1 3 4 223
812 18589533 15 5 5 1 0 9508 2 0 19017 5 0 9508 7 0 19017 8 0 9508 1 2 13 2 2 13 5 2 13 7 2 13 8 2 13 2 3 42 5 3 42 7 6 52 1 7 4802 8 7 9604
813 18593863 1 1 1 9 3 118
814 18596993 1 1 1 4 4 15752
815 18604613 1 1 1 4 7 675
816 18610151 1 1 1 5 4 240
817 18845478 66 11 11 1 0 8 2 0 1 4 0 1 5 0 1 6 0 1 7 0 1 8 0 1 10 0 1 1 1 651 4 1 651 5 1 1302 7 1 1302 0 2 6 3 2 6 6 2 27 7 2 13 8 2 6 9 2 6 10 2 27 0 3 4 2 3 4 3 3 4 4 3 2 5 3 4 6 3 10 7 3 2 8 3 4 0 4 21 1 4 10 3 4 10 4 4 10 8 4 10 9 4 10 10 4 116 0 5 371 1 5 371 5 5 123 6 5 123 0 6 1167 2 6 1167 3 6 7004 8 6 1167 9 6 1167 1 7 1 2 7 1 3 7 1 9 7 1 10 7 4 2 8 3 4 8 3 6 8 3 7 8 3 9 8 1 10 8 1 5 9 13 6 9 26 7 9 26 8 9 26 0 10 11 1 10 11 2 10 105 3 10 11 4 10 23 5 10 35 9 10 11 10 10 11
818 18853319 1 1 1 0 0 281
819 18857376 1 1 1 6 10 1948
820 18882273 11 1 11 3 0 16229 3 1 146 3 2 303 3 3 3046 3 4 4 3 5 12717 3 6 52 3 7 79 3 8 197 3 9 7833 3 10 94
821 18883407 2 2 2 4 1 68 8 4 76
822 18886418 1 1 1 3 8 76
823 18889443 1 1 1 0 8 210
824 18893535 1 1 1 1 10 128
825 18908090 2 2 1 0 3 101 10 3 75
826 18910791 1 1 1 1 1 6106
827 18923412 3 3 1 0 4 57 8 4 57 9 4 57
828 18927931 3 3 2 4 5 82933 7 5 82933 2 7 19511
829 18952044 7 1 7 8 2 32 8 3 23548 8 4 121 8 5 1065 8 7 101 8 9 4 8 10 39036
830 18958266 2 2 1 0 3 139 1 3 27
831 18972874 5 5 1 0 5 1420 1 5 5683 2 5 1420 6 5 1420 10 5 1420
832 18973184 1 1 1 10 3 118
833 18977778 1 1 1 0 3 145
834 18981512 1 1 1 5 1 2328
835 19054365 22 11 5 6 0 10 7 0 10 10 0 40 2 3 1588 3 3 529 4 3 4236 5 3 4236 8 3 1059 9 3 1059 0 6 29210 10 6 29210 1 7 242 2 7 242 3 7 8477 0 9 216 1 9 216 4 9 216 5 9 865 6 9 216 7 9 216 8 9 1081 9 9 216
836 19056039 1 1 1 0 8 161
837 19056408 1 1 1 3 7 54
838 19123655 22 2 11 3 0 8 10 0 8 3 1 6524 10 1 6524 3 2 13079 10 2 6539 3 3 6744 10 3 2248 3 4 16 10 4 16 3 5 16 10 5 32 3 6 107 10 6 53 3 7 40 10 7 40 3 8 9801 10 8 9801 3 9 18 10 9 28 3 10 2657 10 10 2657
839 19153207 9 9 1 0 10 1 1 10 1 2 10 1 3 10 1 4 10 1 6 10 8 7 10 1 8 10 1 10 10 1
840 19153461 1 1 1 1 6 53
841 19156520 1 1 1 2 1 174
842 19315130 55 11 10 1 0 26 7 0 8 8 0 8 2 1 402 5 1 201 7 1 4227 0 2 4 1 2 4 2 2 4 6 2 8 8 2 92 9 2 26 10 2 4 3 3 3 5 3 9 6 3 36 7 3 6 8 3 3 9 3 33 0 4 1 1 4 1 2 4 1 3 4 1 4 4 8 8 4 1 0 5 12 6 5 12 9 5 12 10 5 51 1 7 7 3 7 23 4 7 7 5 7 7 8 7 7 9 7 30 10 7 7 0 8 26 2 8 13 3 8 78 4 8 26 6 8 13 7 8 13 9 8 26 10 8 13 0 9 132 1 9 397 4 9 264 5 9 264 10 9 397 2 10 32 3 10 16 4 10 8 5 10 8 6 10 8 7 10 8
843 19319385 1 1 1 0 9 30
844 19320533 1 1 1 9 2 15
845 19321107 1 1 1 4 5 105
846 19326503 1 1 1 8 10 253
847 19699429 121 11 11 0 0 385 1 0 1155 2 0 385 3 0 385 4 0 385 5 0 385 6 0 385 7 0 385 8 0 9625 9 0 385 10 0 385 0 1 438 1 1 438 2 1 2629 3 1 438 4 1 1752 5 1 438 6 1 876 7 1 2629 8 1 1314 9 1 438 10 1 438 0 2 13 1 2 10 2 2 10 3 2 3 4 2 13 5 2 3 6 2 6 7 2 3 8 2 3 9 2 10 10 2 131 0 3 525 1 3 525 2 3 525 3 3 525 4 3 3150 5 3 1050 6 3 525 7 3 525 8 3 525 9 3 525 10 3 525 0 4 1901 1 4 543 2 4 271 3 4 1086 4 4 271 5 4 271 6 4 271 7 4 543 8 4 814 9 4 1901 10 4 1357 0 5 12 1 5 97 2 5 12 3 5 12 4 5 12 5 5 12 6 5 12 7 5 12 8 5 48 9 5 12 10 5 12 0 6 222 1 6 63 2 6 7 3 6 277 4 6 7 5 6 15 6 6 23 7 6 31 8 6 7 9 6 7 10 6 7 0 7 7 1 7 7 2 7 7 3 7 7 4 7 15 5 7 7 6 7 7 7 7 7 8 7 7 9 7 7 10 7 22 0 8 24148 1 8 2299 2 8 1149 3 8 1149 4 8 1149 5 8 1149 6 8 1149 7 8 1149 8 8 2299 9 8 2299 10 8 1149 0 9 30 1 9 370 2 9 30 3 9 92 4 9 30 5 9 246 6 9 30 7 9 61 8 9 400 9 9 30 10 9 400 0 10 1551 1 10 5431 2 10 775 3 10 775 4 10 775 5 10 6206 6 10 775 7 10 11637 8 10 775 9 10 3103 10 10 775
848 19708930 2 2 1 0 1 85 4 1 257
849 19711292 4 4 1 1 1 16 4 1 33 6 1 16 10 1 33
850 19719596 1 1 1 3 2 106
851 19723897 2 2 1 3 8 9 7 8 9
852 19728010 4 2 3 8 1 1332 3 2 64 8 2 64 3 6 84
853 19918053 66 6 11 0 0 2 2 0 2 3 0 2 4 0 2 8 0 5 10 0 5 0 1 75 2 1 25 3 1 151 4 1 100 8 1 302 10 1 25 0 2 1 2 2 1 3 2 1 4 2 1 8 2 1 10 2 1 0 3 25 2 3 1 3 3 1 4 3 1 8 3 3 10 3 1 0 4 3332 2 4 1332 3 4 666 4 4 666 8 4 666 10 4 1332 0 5 5 2 5 8 3 5 2 4 5 2 8 5 2 10 5 2 0 6 2 2 6 2 3 6 2 4 6 2 8 6 43 10 6 5 0 7 42 2 7 127 3 7 169 4 7 42 8 7 254 10 7 42 0 8 1 2 8 31 3 8 1 4 8 1 8 8 1 10 8 1 0 9 1 2 9 37 3 9 1 4 9 1 8 9 1 10 9 1 0 10 109 2 10 878 3 10 109 4 10 109 8 10 987 10 10 109
854 19918421 1 1 1 10 7 221
855 19919836 1 1 1 8 10 236
856 20057336 55 11 10 2 0 1 3 0 1 7 0 4 10 0 1 4 1 20 5 1 20 7 1 20 8 1 20 0 3 1 1 3 3 2 3 3 3 3 1 4 3 9 8 3 3 9 3 1 0 4 5 1 4 5 2 4 5 3 4 5 5 4 5 8 4 11 10 4 11 2 5 876 5 5 438 6 5 438 8 5 3066 0 6 1 1 6 1 2 6 1 4 6 4 6 6 1 9 6 1 3 7 9 4 7 39 5 7 14 8 7 19 9 7 9 1 8 36 5 8 18 6 8 18 7 8 72 10 8 18 0 9 1 1 9 1 3 9 8 4 9 1 6 9 1 7 9 1 9 9 1 10 9 1 0 10 8 6 10 2 7 10 5 9 10 2 10 10 60
857 20057515 1 1 1 7 5 1072
858 20058764 1 1 1 3 8 102
859 20062814 1 1 1 6 7 8882
860 20065073 1 1 1 10 4 6060
861 20069952 1 1 1 5 10 7
862 20076407 5 5 1 1 5 5 2 5 5 3 5 16 8 5 5 10 5 11
863 20086282 5 5 2 1 7 112 0 8 58 6 8 29 8 8 29 9 8 29
864 20086565 1 1 1 7 8 27637
865 20090144 4 4 1 2 9 8 6 9 8 9 9 8 10 9 8
866 20133842 11 11 1 0 0 6 1 0 6 2 0 6 3 0 18 4 0 37 5 0 6 6 0 50 7 0 6 8 0 6 9 0 6 10 0 6
867 20164726 11 1 11 3 0 1302 3 1 75 3 2 95 3 3 183 3 4 8319 3 5 38 3 6 21882 3 7 70 3 8 19651 3 9 232 3 10 455
868 20284997 32 8 8 3 0 11363 8 0 1262 10 0 2525 1 2 12 3 2 12 5 2 12 8 2 12 9 2 90 0 4 1881 2 4 1881 5 4 1881 10 4 3762 0 5 9 1 5 9 9 5 9 10 5 29 0 6 1286 1 6 1286 5 6 1286 8 6 1286 1 7 21 2 7 21 3 7 21 2 9 5 5 9 5 8 9 11 9 9 5 10 9 58 0 10 262 2 10 524 3 10 524 9 10 786
869 20285328 1 1 1 9 4 215
870 20285646 1 1 1 0 3 154
871 20345327 20 4 8 7 0 86 4 1 1 7 1 2 0 2 4055 2 2 4055 4 2 8110 2 4 5835 0 6 158 2 6 1 4 6 1 7 6 2 0 8 39 2 8 117 4 8 39 7 8 156 0 9 83 2 9 2 7 9 8 0 10 7130 4 10 7130
872 20353475 2 2 1 0 5 89 7 5 89
873 20358580 2 2 1 2 3 5 10 3 60
874 20367168 5 5 1 1 8 7 3 8 7 5 8 1 7 8 2 8 8 1
875 20372344 1 1 1 7 6 175
876 20372719 1 1 1 0 6 42
877 20380913 1 1 1 0 6 146
878 20382155 2 2 1 1 2 1919 7 2 1919
879 20386322 1 1 1 4 4 112
880 20443739 22 11 5 2 1 12 4 1 51 5 1 12 6 1 12 8 1 25 0 2 102 1 2 15 3 2 47 9 2 7 3 6 14 4 6 14 6 6 14 7 6 28 9 6 28 10 6 14 2 8 116 8 8 1516 0 9 2 1 9 1 5 9 1 7 9 1 10 9 1
881 20448277 1 1 1 0 6 39
882 20449357 1 1 1 3 3 25
883 20449369 1 1 1 0 6 277
884 20514846 22 11 5 0 1 211 3 1 211 5 1 211 7 1 211 8 1 211 2 3 18 4 3 9 6 3 9 9 3 122 10 3 9 1 6 15065 3 6 10043 4 6 5021 0 8 1014 1 8 2874 6 8 338 7 8 1183 8 8 3212 9 8 1014 10 8 169 2 10 41 5 10 10
885 20515588 2 1 2 9 0 204 9 4 974
886 20551881 9 9 1 0 5 4 1 5 2 2 5 2 3 5 2 4 5 2 5 5 2 6 5 36 9 5 12 10 5 2
887 20553959 1 1 1 9 5 178
888 20580045 10 2 6 2 1 28 7 1 86 2 2 31 7 2 93 7 3 109 2 4 442 7 4 7514 2 6 755 2 9 11 7 9 163
889 20601037 7 7 1 0 10 20 2 10 20 3 10 20 5 10 80 7 10 20 8 10 20 10 10 20
890 20603179 2 2 1 1 9 6767 2 9 26316
891 20656366 22 11 4 0 1 4 3 1 4 5 1 4 6 1 4 7 1 9 8 1 4 4 5 73 5 5 36 10 5 36 1 6 328 2 6 164 6 6 164 9 6 164 0 9 21 1 9 10 2 9 43 3 9 21 4 9 21 7 9 10 8 9 118 9 9 43 10 9 21
892 20708926 11 1 11 3 0 236 3 1 7 3 2 201 3 3 87 3 4 73 3 5 1305 3 6 25 3 7 69 3 8 4026 3 9 5 3 10 15157
893 20710843 1 1 1 7 0 9
894 20714657 1 1 1 6 2 15
895 20721351 1 1 1 2 5 10128
896 20756673 18 6 5 3 0 114 6 0 19 9 0 19 10 0 57 2 1 5 3 1 5 6 1 5 8 1 10 9 1 5 10 1 10 2 3 116 6 3 116 2 7 141 8 7 47 3 9 1 8 9 1 9 9 152 10 9 1
897 20762108 1 1 1 1 7 116
898 20765022 1 1 1 3 10 95
899 20765845 1 1 1 5 8 3572
900 20940880 55 11 10 1 0 16 3 0 24 2 1 1 5 1 1 6 1 1 7 1 9 8 1 1 9 1 2 10 1 1 4 2 7 5 2 7 6 2 7 8 2 7 9 2 7 10 2 7 1 3 1780 2 3 890 3 3 890 4 3 890 5 3 890 6 3 11571 7 3 890 8 3 890 10 3 890 0 4 26 1 4 26 2 4 26 3 4 26 6 4 26 7 4 26 9 4 52 0 6 5 3 6 5 4 6 26 6 6 5 0 7 331 2 7 331 4 7 1659 5 7 995 9 7 1659 10 7 995 1 8 4 2 8 4 4 8 8 9 8 4 0 9 231 1 9 462 5 9 693 7 9 808 8 9 115 0 10 77 3 10 25 7 10 12 8 10 12 10 10 51
901 20945178 1 1 1 2 8 4864
902 20955828 2 2 1 3 7 22 10 7 45
903 20956273 1 1 1 5 4 16267
904 20959316 1 1 1 5 0 106
905 20963740 1 1 1 10 6 57
906 20973611 1 1 1 1 10 59
907 21060006 22 2 11 0 0 29 10 0 58 0 1 18 10 1 206 0 2 1166 10 2 3498 0 3 11 10 3 11 0 4 14 10 4 11 0 5 64 10 5 5 0 6 15 10 6 182 0 7 7 10 7 56 0 8 3 10 8 8 0 9 26 10 9 13 0 10 6781 10 10 3390
908 21063857 1 1 1 10 4 945
909 21074971 2 2 1 3 1 1 10 1 4
910 21076441 1 1 1 4 0 31
911 21110719 11 1 11 4 0 107 4 1 204 4 2 166 4 3 3941 4 4 14238 4 5 61 4 6 11789 4 7 134 4 8 19 4 9 103 4 10 98
912 21112001 2 2 1 7 4 48 9 4 24
913 21112868 1 1 1 9 6 115
914 21117983 2 2 1 2 2 53 7 2 13
915 21118911 1 1 1 2 4 75
916 21488442 110 10 11 0 0 303 1 0 121 2 0 60 3 0 181 4 0 121 6 0 242 7 0 60 8 0 60 9 0 60 10 0 121 0 1 5 1 1 5 2 1 5 3 1 5 4 1 5 6 1 5 7 1 25 8 1 5 9 1 5 10 1 10 0 2 4 1 2 1 2 2 3 3 2 4 4 2 1 6 2 1 7 2 1 8 2 1 9 2 1 10 2 2 0 3 7 1 3 60 2 3 7 3 3 7 4 3 7 6 3 15 7 3 7 8 3 98 9 3 7 10 3 7 0 4 1367 1 4 820 2 4 547 3 4 1094 4 4 820 6 4 273 7 4 273 8 4 273 9 4 273 10 4 273 0 5 207 1 5 207 2 5 1449 3 5 828 4 5 207 6 5 207 7 5 207 8 5 828 9 5 828 10 5 207 0 6 3707 1 6 80 2 6 80 3 6 80 4 6 241 6 6 80 7 6 161 8 6 80 9 6 80 10 6 80 0 7 1 1 7 1 2 7 1 3 7 1 4 7 1 6 7 1 7 7 3 8 7 1 9 7 4 10 7 2 0 8 5 1 8 5 2 8 2 3 8 7 4 8 2 6 8 2 7 8 2 8 8 41 9 8 5 10 8 5 0 9 2 1 9 2 2 9 2 3 9 16 4 9 8 6 9 24 7 9 2 8 9 54 9 9 5 10 9 2 0 10 14 1 10 36 2 10 22 3 10 7 4 10 7 6 10 14 7 10 7 8 10 14 9 10 2163 10 10 7
917 21488711 1 1 1 8 7 67
918 21494736 2 2 1 0 6 17 8 6 71
919 21499242 2 2 1 9 8 1325 10 8 662
920 21514709 4 4 2 2 1 25 5 1 25 7 1 25 0 6 108
921 21523217 2 2 1 0 4 29 10 4 5
922 21530031 5 5 1 0 6 8 2 6 8 4 6 8 8 6 8 10 6 24
923 21530096 1 1 1 2 0 187
924 21599062 24 8 6 0 0 17 2 0 17 3 0 17 6 0 17 7 0 35 9 0 17 0 1 337 1 1 674 2 1 1686 3 1 337 10 1 337 1 2 6 3 2 19 9 2 26 1 7 11 2 7 11 6 7 35 7 7 11 10 7 11 0 8 9 6 8 9 7 8 9 9 9 115 10 9 115
925 21603032 1 1 1 8 9 17733
926 21648747 11 1 11 10 0 44 10 1 86 10 2 233 10 3 397 10 4 28 10 5 226 10 6 20 10 7 31 10 8 55 10 9 4848 10 10 134
927 21712798 22 2 11 4 0 21 10 0 10 4 1 82 10 1 82 4 2 31 10 2 3 4 3 1808 10 3 1808 4 4 33 10 4 33 4 5 10 10 5 10 4 6 47 10 6 47 4 7 42 10 7 21 4 8 126 10 8 126 4 9 1 10 9 1 4 10 15 10 10 15
928 21757881 11 1 11 4 0 183 4 1 30119 4 2 92 4 3 2359 4 4 4850 4 5 39 4 6 237 4 7 12076 4 8 19045 4 9 33 4 10 11694
929 21796461 11 1 11 9 0 42 9 1 49 9 2 5 9 3 149 9 4 22768 9 5 2 9 6 88 9 7 19631 9 8 9647 9 9 108 9 10 66
930 21807548 6 6 1 0 2 1 3 2 1 5 2 197 8 2 1 9 2 1 10 2 1
931 21859371 14 7 3 0 4 38 1 4 128 2 4 77 4 4 12 7 4 51 1 6 2410 2 6 2410 6 6 2410 8 6 2410 0 7 6 4 7 18 6 7 1 7 7 1 8 7 2
932 21862021 1 1 1 3 10 9
933 21998446 45 9 9 0 0 10 1 0 7 2 0 3 3 0 3 6 0 632 8 0 3 10 0 32 6 1 25 7 1 25 3 2 3 5 2 1 6 2 21 7 2 1 10 2 3 0 3 415 1 3 1661 2 3 415 3 3 830 8 3 415 10 3 415 1 4 1499 2 4 499 5 4 499 7 4 999 8 4 499 1 5 36 2 5 36 7 5 36 8 5 109 0 6 3 1 6 19 2 6 3 3 6 3 5 6 3 6 6 72 0 9 35 5 9 35 8 9 107 10 9 35 0 10 6 3 10 6 5 10 40 6 10 6 7 10 13 10 10 6
934 22001583 2 2 1 0 3 13 2 3 39
935 22001870 1 1 1 5 6 118
936 22003405 1 1 1 10 2 1334
937 22008284 1 1 1 7 1 10
938 22010416 1 1 1 6 1 12012
939 22013998 2 2 1 4 6 8 5 6 8
940 22019712 1 1 1 1 8 6155
941 22026139 3 3 1 0 10 5 2 10 26 9 10 26
942 22026296 1 1 1 7 0 279
943 22027154 1 1 1 7 5 50
944 22028938 1 1 1 9 6 83
945 22092945 22 2 11 7 0 40 10 0 122 7 1 57 10 1 171 7 2 99 10 2 12 7 3 30 10 3 30 7 4 640 10 4 640 7 5 14 10 5 7 7 6 6782 10 6 3391 7 7 74 10 7 37 7 8 52 10 8 52 7 9 1 10 9 22 7 10 16 10 10 16
946 22093994 1 1 1 1 2 93
947 22098001 3 3 2 5 3 6232 7 3 6232 9 9 4687
948 22105834 2 1 2 1 4 332 1 8 24
949 22142893 11 1 11 5 0 142 5 1 90 5 2 15936 5 3 159 5 4 186 5 5 180 5 6 115 5 7 53 5 8 1610 5 9 99901 5 10 71
950 22164487 8 4 4 7 0 982 5 6 5638 8 6 8457 3 8 1 7 8 1 8 8 3 3 9 1009 5 9 2019
951 22169811 2 2 1 1 4 8294 10 4 24883
952 22509939 88 11 11 0 0 294 1 0 294 3 0 294 7 0 3832 8 0 884 9 0 294 10 0 294 1 1 6 2 1 13 3 1 6 5 1 20 7 1 6 8 1 20 9 1 6 1 2 4 3 2 4 4 2 48 5 2 4 6 2 4 8 2 4 9 2 4 10 2 4 0 3 15 1 3 15 2 3 94 4 3 15 5 3 15 6 3 15 7 3 31 8 3 15 9 3 47 10 3 15 0 4 172 3 4 2 4 4 7 7 4 9 8 4 2 9 4 1 10 4 7 0 5 12 2 5 16 3 5 2 4 5 26 5 5 4 6 5 4 7 5 20 8 5 2 9 5 109 10 5 6 0 6 1421 1 6 2842 2 6 1421 6 6 2842 10 6 5685 2 7 11 3 7 70 4 7 5 5 7 47 6 7 64 7 7 11 10 7 5 0 8 14 1 8 14 2 8 56 3 8 14 4 8 14 5 8 14 6 8 14 8 8 28 9 8 14 0 9 4 1 9 12 2 9 4 4 9 297 5 9 4 6 9 4 7 9 4 8 9 8 10 9 48 0 10 658 1 10 329 2 10 329 3 10 164 4 10 164 5 10 164 6 10 164 7 10 329 9 10 164
953 22532508 6 6 1 2 2 15 3 2 3 5 2 3 6 2 3 9 2 3 10 2 3
954 22535449 1 1 1 8 1 21
955 22642695 33 3 11 4 0 2154 7 0 2154 9 0 2154 4 1 17 7 1 8 9 1 17 4 2 71 7 2 142 9 2 71 4 3 566 7 3 2266 9 3 1133 4 4 1 7 4 4 9 4 47 4 5 21 7 5 43 9 5 21 4 6 10 7 6 43 9 6 75 4 7 18 7 7 18 9 7 18 4 8 4 7 8 4 9 8 35 4 9 19 7 9 38 9 9 19 4 10 16 7 10 16 9 10 16
956 22669298 18 6 5 2 0 296 3 0 296 5 0 296 6 0 296 8 0 890 5 1 568 6 1 142 9 1 284 3 2 16 6 2 8 8 2 4 2 4 2089 3 4 2089 9 4 2089 2 10 48 5 10 96 8 10 48 9 10 483
957 22675247 1 1 1 4 3 26
958 22705982 3 3 1 1 6 18 5 6 1 9 6 24
959 22706725 1 1 1 5 4 3938
960 22761227 20 5 7 2 1 47 8 1 47 7 2 78 8 2 78 10 2 39 2 4 1 7 4 1 8 4 1 2 6 2602 5 6 867 7 6 867 8 6 4337 10 6 867 2 7 287 5 7 287 5 8 19 7 8 19 10 8 39 5 9 639 10 9 3197
961 22764202 3 3 1 1 4 661 8 4 1322 9 4 1322
962 22771904 2 2 1 4 3 5870 7 3 5870
963 22775442 1 1 1 8 3 336
964 22777770 1 1 1 4 1 1451
965 22781105 1 1 1 5 1 14
966 22787607 3 3 1 2 1 2 4 1 19 10 1 2
967 22795408 1 1 1 10 7 168
968 22800803 2 1 2 4 2 7384 4 6 4879
969 22801774 1 1 1 8 3 4673
970 22808530 2 2 1 1 8 145 8 8 72
971 22812080 1 1 1 10 7 43
972 22815004 1 1 1 3 0 19576
973 22815018 1 1 1 5 9 22
974 23169421 121 11 11 0 0 4 1 0 4 2 0 4 3 0 4 4 0 13 5 0 4 6 0 8 7 0 4 8 0 52 9 0 13 10 0 4 0 1 40 1 1 13 2 1 40 3 1 13 4 1 13 5 1 27 6 1 13 7 1 54 8 1 13 9 1 5926 10 1 27 0 2 20 1 2 20 2 2 20 3 2 20 4 2 41 5 2 20 6 2 41 7 2 20 8 2 62 9 2 41 10 2 20 0 3 1 1 3 1 2 3 1 3 3 1 4 3 1 5 3 1 6 3 46 7 3 1 8 3 4 9 3 1 10 3 1 0 4 27 1 4 27 2 4 9 3 4 18 4 4 9 5 4 18 6 4 9 7 4 18 8 4 18 9 4 73 10 4 46 0 5 24 1 5 8 2 5 8 3 5 8 4 5 8 5 5 8 6 5 24 7 5 8 8 5 8 9 5 8 10 5 32 0 6 1 1 6 1 2 6 1 3 6 1 4 6 1 5 6 1 6 6 5 7 6 1 8 6 1 9 6 1 10 6 1 0 7 2 1 7 2 2 7 2 3 7 5 4 7 67 5 7 11 6 7 5 7 7 5 8 7 20 9 7 46 10 7 11 0 8 118 1 8 118 2 8 237 3 8 118 4 8 237 5 8 118 6 8 118 7 8 474 8 8 118 9 8 118 10 8 237 0 9 4 1 9 7 2 9 2 3 9 2 4 9 4 5 9 7 6 9 16 7 9 2 8 9 2 9 9 2 10 9 2 0 10 4 1 10 9 2 10 9 3 10 9 4 10 4 5 10 4 6 10 9 7 10 9 8 10 9 9 10 9 10 10 4
975 23171750 1 1 1 4 3 23571
976 23207544 11 11 2 0 0 22 2 0 22 6 0 67 9 0 45 1 8 21 3 8 21 4 8 21 5 8 21 7 8 21 8 8 42 10 8 21
977 23212045 2 2 1 0 5 19 5 5 19
978 23280967 16 8 3 3 1 7 5 1 3 6 1 3 8 1 3 9 1 3 10 1 75 4 2 29505 5 2 7376 6 2 7376 7 2 7376 8 2 7376 10 2 7376 3 4 60 4 4 60 7 4 60 9 4 60
979 23289987 2 2 1 2 3 64 4 3 128
980 23310840 6 2 4 1 0 123 1 1 343 4 1 343 1 2 310 4 2 310 4 5 176
981 23313403 1 1 1 9 2 1574
982 23320921 1 1 1 4 0 206
983 23323876 1 1 1 10 4 6
984 23324335 1 1 1 3 10 1
985 23325311 1 1 1 0 7 4780
986 23331068 2 2 1 5 4 74 10 4 14
987 23333023 1 1 1 2 3 81
988 23334170 2 2 1 3 8 2 4 8 89
989 23375651 11 1 11 5 0 52 5 1 4 5 2 201 5 3 39068 5 4 9870 5 5 86 5 6 30 5 7 4 5 8 73 5 9 12110 5 10 104
990 23378805 2 2 1 1 9 10 4 9 5
991 23379289 1 1 1 8 6 68
992 23386427 2 2 1 3 6 89 8 6 89
993 23393707 3 3 1 5 1 2569 6 1 1713 7 1 1713
994 23530830 45 9 9 1 0 161 3 0 323 4 0 161 6 0 809 8 0 161 9 0 161 10 0 161 2 1 36 4 1 36 5 1 36 6 1 73 9 1 73 10 1 36 3 2 1014 4 2 253 8 2 253 1 3 12 2 3 12 5 3 25 9 3 12 10 3 12 1 4 15 3 4 15 4 4 15 5 4 15 6 4 15 2 5 3012 6 5 1506 8 5 1506 3 6 36 4 6 12 8 6 12 9 6 12 1 7 1 2 7 4 3 7 1 5 7 2 10 7 46 1 9 19 2 9 59 5 9 158 6 9 39 8 9 19 9 9 19 10 9 19
995 23594164 22 11 4 0 6 641 1 6 320 2 6 641 4 6 320 5 6 320 6 6 320 8 6 320 10 6 320 0 7 4 2 7 1 3 7 13 4 7 1 9 7 67 3 9 25 5 9 25 6 9 76 7 9 25 8 9 25 9 9 25 10 9 25 1 10 61 7 10 61
996 23631796 11 11 1 0 1 5 1 1 11 2 1 5 3 1 22 4 1 5 5 1 5 6 1 17 7 1 5 8 1 5 9 1 143 10 1 5
997 23664180 10 5 4 1 3 700 4 7 311 6 7 311 1 9 43 6 9 86 9 9 129 10 9 1516 4 10 22 9 10 22 10 10 22
998 23665424 1 1 1 6 9 10
999 23668110 1 1 1 1 7 1731
