11 1000
0 12535 2 2 1 6 3 73 8 3 18
1 13301 1 1 1 1 0 94
2 16062 1 1 1 4 2 12115
3 22189 2 2 1 4 1 40 8 1 10
4 63826 14 7 5 0 0 1 1 0 5 1 1 4 5 1 4 6 1 12 2 3 1686 4 3 1686 7 3 562 2 6 56 6 6 56 0 10 16 4 10 32 5 10 16 7 10 16
5 276157 55 11 10 0 0 43 1 0 87 3 0 43 5 0 43 7 0 43 10 0 87 1 2 308 3 2 617 4 2 2159 6 2 617 7 2 308 8 2 308 9 2 308 10 2 1234 0 3 7 2 3 7 8 3 7 9 3 39 10 3 7 2 4 4058 3 4 2705 5 4 1352 8 4 8116 0 5 261 1 5 65 2 5 65 4 5 130 5 5 65 7 5 65 9 5 65 2 6 2546 3 6 1273 6 6 1273 8 6 1273 9 6 1273 10 6 2546 0 7 77 1 7 7 4 7 14 5 7 7 6 7 7 10 7 7 0 8 9 4 8 9 6 8 9 7 8 9 8 8 19 9 8 9 2 9 67 3 9 8 5 9 16 1 10 65 4 10 65 6 10 97 7 10 32
6 280803 1 1 1 8 6 76
7 284873 1 1 1 5 3 196
8 287803 1 1 1 6 5 623
9 290432 1 1 1 5 2 71
10 293067 1 1 1 2 10 663
11 293894 1 1 1 7 8 29
12 335340 10 2 7 7 0 91 9 0 91 7 2 862 9 2 431 9 4 15779 7 5 42 9 5 42 7 6 66 9 8 6326 7 10 106
13 337681 1 1 1 8 10 5
14 347349 2 2 1 1 3 1 3 3 2
15 347703 1 1 1 2 4 85
16 349667 1 1 1 8 5 5
17 353986 1 1 1 9 0 11739
18 357738 1 1 1 10 3 6566
19 421044 11 1 11 4 0 80 4 1 109 4 2 44 4 3 63 4 4 182 4 5 70 4 6 597 4 7 241 4 8 431 4 9 11 4 10 174
20 422477 1 1 1 7 7 1782
21 426197 4 4 1 3 7 8 7 7 28 8 7 4 9 7 24
22 551475 22 2 11 5 0 53 10 0 53 5 1 25 10 1 50 5 2 12 10 2 4 5 3 24 10 3 48 5 4 64 10 4 16 5 5 1 10 5 1 5 6 6718 10 6 11198 5 7 9 10 7 36 5 8 5785 10 8 14463 5 9 1437 10 9 1437 5 10 20 10 10 20
23 577504 4 4 1 2 9 63 3 9 127 7 9 191 9 9 63
24 582179 2 2 1 1 0 17 5 0 160
25 618229 11 1 11 5 0 148 5 1 231 5 2 173 5 3 16964 5 4 36 5 5 91 5 6 80 5 7 26 5 8 2040 5 9 4043 5 10 18
26 653187 8 4 3 0 0 10388 2 0 10388 4 0 20777 0 4 33 2 4 16 4 4 33 5 4 16 5 5 30096
27 658063 1 1 1 0 9 102
28 665669 2 2 1 4 7 871 5 7 871
29 674557 2 2 1 7 5 9809 8 5 9809
30 676337 1 1 1 7 9 2902
31 679511 1 1 1 6 10 200
32 679923 1 1 1 2 1 6390
33 699520 1 1 1 10 4 32
34 699653 1 1 1 4 8 92
35 705433 1 1 1 3 9 13
36 711853 1 1 1 2 6 16315
37 817462 22 2 11 3 0 175 5 0 29 3 1 24 5 1 49 3 2 133 5 2 133 3 3 426 5 3 6 3 4 3952 5 4 11857 3 5 52 5 5 6 3 6 16659 5 6 16659 3 7 45 5 7 45 3 8 223 5 8 223 3 9 734 5 9 16165 3 10 49 5 10 49
38 825287 2 2 1 4 10 1192 7 10 1192
39 827426 1 1 1 5 6 46
40 839505 1 1 1 0 3 1311
41 847506 1 1 1 10 0 9455
42 850204 1 1 1 5 3 37
43 853141 1 1 1 0 6 10141
44 896743 3 3 1 0 0 13 5 0 13 9 0 54
45 898277 1 1 1 8 1 9233
46 899050 2 2 2 9 1 2904 7 2 42
47 902936 1 1 1 10 3 614
48 905090 2 2 1 3 8 27 8 8 54
49 970362 11 1 11 9 0 167 9 1 1981 9 2 102 9 3 4 9 4 52 9 5 18 9 6 1889 9 7 63 9 8 113 9 9 33 9 10 9397
50 986133 2 2 1 5 4 44 7 4 44
51 987289 1 1 1 3 0 3568
52 988994 1 1 1 10 3 9624
53 993282 1 1 1 8 8 1047
54 994550 1 1 1 3 9 8530
55 1027577 4 4 2 9 1 119 10 1 119 1 8 48 6 8 48
56 1031814 3 3 1 0 7 17 5 7 4 10 7 4
57 1184857 33 3 11 2 0 3 6 0 3 8 0 3 2 1 27 6 1 5 8 1 27 2 2 11 6 2 11 8 2 5 2 3 34 6 3 11 8 3 11 2 4 979 6 4 7835 8 4 979 2 5 7803 6 5 2601 8 5 2601 2 6 59 6 6 3 8 6 3 2 7 14 6 7 14 8 7 29 2 8 2581 6 8 2581 8 8 2581 2 9 7556 6 9 419 8 9 5037 2 10 35 6 10 17 8 10 35
58 1188716 1 1 1 9 4 74
59 1191269 2 2 1 3 7 3284 4 7 3284
60 1193939 1 1 1 9 7 46
61 1206975 1 1 1 3 3 319
62 1219729 2 2 1 0 6 106 9 6 213
63 1380193 50 10 9 0 0 68 2 0 68 3 0 68 4 0 68 6 0 68 7 0 68 1 1 1 2 1 13 3 1 4 4 1 1 7 1 1 8 1 1 10 1 3 1 3 1 3 3 1 4 3 1 6 3 1 8 3 1 9 3 41 1 4 3 3 4 6 7 4 3 8 4 23 9 4 3 10 4 13 0 5 38 2 5 6 4 5 6 7 5 6 0 6 1185 1 6 592 6 6 592 7 6 3555 9 6 592 10 6 2962 1 7 557 2 7 278 3 7 278 6 7 557 0 8 5 2 8 12 4 8 1 6 8 16 8 8 1 9 8 1 10 8 2 0 10 48 8 10 4 9 10 4 10 10 43
64 1381832 1 1 1 6 4 70
65 1388042 2 2 1 2 6 38 4 6 347
66 1390653 1 1 1 8 0 34
67 1412870 3 3 2 1 0 7 8 1 229 10 1 57
68 1420226 1 1 1 10 6 14
69 1436376 6 6 1 2 8 6 3 8 6 4 8 57 5 8 6 6 8 12 10 8 6
70 1583229 33 3 11 4 0 14 5 0 43 9 0 29 4 1 33 5 1 401 9 1 803 4 2 103 5 2 103 9 2 103 4 3 1 5 3 1 9 3 1 4 4 7 5 4 23 9 4 7 4 5 3394 5 5 3394 9 5 3394 4 6 38 5 6 77 9 6 38 4 7 79 5 7 79 9 7 79 4 8 10 5 8 10 9 8 10 4 9 5 5 9 21 9 9 5 4 10 1 5 10 16 9 10 2
71 1587138 1 1 1 10 6 6359
72 1592772 2 2 1 1 7 93 8 7 31
73 1644865 11 1 11 8 0 15767 8 1 106 8 2 194 8 3 7650 8 4 19 8 5 6048 8 6 100 8 7 10 8 8 73 8 9 107 8 10 19449
74 1668976 4 4 1 1 8 441 2 8 441 3 8 441 4 8 441
75 1688278 6 3 3 0 6 3680 2 6 920 10 6 2760 0 8 9580 2 10 1 10 10 3
76 1707508 7 7 1 1 7 6 3 7 6 5 7 6 6 7 6 7 7 13 8 7 6 9 7 6
77 1724152 2 2 1 0 0 45 3 0 45
78 1729759 1 1 1 5 3 92
79 1733721 1 1 1 5 3 43
80 1742483 3 3 1 2 9 5 7 9 47 9 9 10
81 1748658 1 1 1 3 0 96
82 1750470 1 1 1 0 7 35
83 1770646 11 1 11 7 0 86 7 1 53 7 2 119 7 3 270 7 4 350 7 5 72 7 6 7 7 7 51 7 8 189 7 9 80 7 10 136
84 1777793 1 1 1 9 9 16
85 1829640 8 8 2 4 7 5 5 7 5 6 7 5 7 7 10 8 7 5 1 8 31 2 8 19 3 8 6
86 1831764 1 1 1 10 1 28
87 1832009 1 1 1 2 4 117055
88 1833176 1 1 1 9 7 5737
89 1836660 1 1 1 10 3 38
90 1852673 2 2 1 0 5 303 6 5 50
91 1931835 11 1 11 2 0 549 2 1 355 2 2 127 2 3 1351 2 4 4747 2 5 136 2 6 115 2 7 45 2 8 2049 2 9 189 2 10 96
92 1973348 8 4 3 3 0 274 6 0 548 4 5 386 6 5 386 8 5 772 3 9 48 4 9 48 8 9 48
93 1985794 2 2 1 6 0 31 10 0 7
94 1989590 1 1 1 9 7 193
95 1993936 1 1 1 1 6 156
96 2112947 22 11 4 0 3 230 1 3 230 2 3 230 3 3 460 6 3 230 8 3 920 9 3 230 2 4 3061 4 4 1020 5 4 2041 10 4 3061 3 7 3091 4 7 71115 5 7 9275 7 7 12367 8 7 18551 9 7 18551 0 8 2820 1 8 4231 6 8 1410 7 8 2820 10 8 2820
97 2115511 1 1 1 10 3 4036
98 2126378 1 1 1 6 6 155
99 2128221 1 1 1 3 0 255
100 2161333 6 6 1 0 10 6942 2 10 3471 4 10 3471 6 10 3471 9 10 3471 10 10 3471
101 2165321 1 1 1 7 4 4112
102 2176677 1 1 1 4 0 7308
103 2183650 2 2 1 2 1 4780 7 1 4780
104 2194076 3 3 1 3 5 6 8 5 110 9 5 3
105 2196382 1 1 1 7 7 82
106 2196951 1 1 1 4 4 1019
107 2224067 8 8 1 1 2 1 2 2 1 4 2 13 5 2 1 6 2 1 7 2 1 8 2 1 10 2 1
108 2232382 1 1 1 0 0 24
109 2267668 2 2 1 6 1 56 7 1 56
110 2269486 1 1 1 7 9 53
111 2282484 1 1 1 2 1 386
112 2293858 1 1 1 3 9 46
113 2296141 1 1 1 2 5 9
114 2374007 22 2 11 1 0 6 8 0 12 1 1 2038 8 1 1019 1 2 125 8 2 125 1 3 8 8 3 2 1 4 29 8 4 59 1 5 16607 8 5 16607 1 6 1249 8 6 1249 1 7 40 8 7 20 1 8 106 8 8 106 1 9 1 8 9 1 1 10 1 8 10 91
115 2374097 1 1 1 8 1 10
116 2374764 1 1 1 0 2 7248
117 2383622 1 1 1 5 0 25336
118 2387499 2 2 1 1 4 12 3 4 12
119 2966850 121 11 11 0 0 5 1 0 5 2 0 5 3 0 5 4 0 5 5 0 5 6 0 50 7 0 5 8 0 5 9 0 35 10 0 20 0 1 15 1 1 15 2 1 45 3 1 45 4 1 1052 5 1 15 6 1 105 7 1 15 8 1 15 9 1 30 10 1 90 0 2 3 1 2 3 2 2 3 3 2 9 4 2 9 5 2 22 6 2 3 7 2 3 8 2 3 9 2 6 10 2 3 0 3 5 1 3 180 2 3 5 3 3 5 4 3 11 5 3 5 6 3 11 7 3 11 8 3 11 9 3 69 10 3 5 0 4 5 1 4 17 2 4 5 3 4 5 4 4 11 5 4 5 6 4 5 7 4 87 8 4 5 9 4 5 10 4 11 0 5 1 1 5 1 2 5 1 3 5 1 4 5 1 5 5 1 6 5 1 7 5 1 8 5 1 9 5 3 10 5 1 0 6 4 1 6 24 2 6 4 3 6 4 4 6 36 5 6 8 6 6 4 7 6 4 8 6 4 9 6 4 10 6 4 0 7 2 1 7 7 2 7 75 3 7 2 4 7 2 5 7 2 6 7 2 7 7 2 8 7 5 9 7 2 10 7 2 0 8 24 1 8 8 2 8 24 3 8 8 4 8 16 5 8 8 6 8 8 7 8 8 8 8 8 9 8 8 10 8 8 0 9 6 1 9 19 2 9 32 3 9 6 4 9 6 5 9 6 6 9 6 7 9 6 8 9 6 9 9 38 10 9 6 0 10 1 1 10 1 2 10 1 3 10 1 4 10 1 5 10 6 6 10 1 7 10 1 8 10 1 9 10 1 10 10 2
120 2967353 1 1 1 4 3 179
121 2970800 2 2 1 4 6 1 5 6 10
122 3028682 11 1 11 4 0 5148 4 1 336 4 2 63 4 3 1 4 4 90 4 5 8937 4 6 1785 4 7 68 4 8 174 4 9 88 4 10 1205
123 3124697 18 6 6 2 0 52 3 0 17 7 1 1 8 1 1 0 2 2757 2 2 2757 8 2 2757 3 4 15 7 4 15 9 4 7 0 5 1708 3 5 854 7 5 2563 8 5 1708 9 5 854 0 9 31 2 9 1 9 9 1
124 3133137 2 2 1 2 5 138 6 5 69
125 3166719 11 1 11 10 0 15180 10 1 74 10 2 1 10 3 63 10 4 78 10 5 168 10 6 118 10 7 100 10 8 108 10 9 66 10 10 147
126 3170572 1 1 1 8 1 15214
127 3186122 2 2 1 0 1 73 1 1 73
128 3235926 20 10 4 3 2 1 4 2 1 6 2 4 7 2 1 8 2 1 9 2 1 10 2 1 1 4 1972 4 4 986 5 4 4930 6 4 986 7 4 986 0 5 19 5 5 57 10 5 173 0 9 62 1 9 31 3 9 31 8 9 31 9 9 31
129 3243939 1 1 1 1 4 11696
130 3250318 1 1 1 3 0 147
131 3260631 1 1 1 6 5 16285
132 3274992 1 1 1 2 9 23
133 3276032 1 1 1 3 9 78
134 3278868 1 1 1 3 0 5
135 3553063 66 11 11 1 0 1 2 0 1 3 0 114 10 0 1 2 1 158 3 1 317 4 1 635 6 1 158 7 1 158 9 1 158 7 2 76 8 2 50 9 2 25 10 2 76 0 3 28 1 3 11 2 3 5 3 3 5 4 3 5 6 3 34 7 3 5 8 3 11 0 4 3 1 4 3 4 4 3 5 4 3 6 4 3 7 4 10 8 4 3 9 4 26 1 5 2 4 5 2 5 5 2 7 5 2 9 5 8 10 5 2 5 6 16 6 6 49 8 6 16 9 6 16 0 7 20 2 7 1 3 7 7 4 7 1 5 7 2 8 7 1 0 8 5 1 8 36 2 8 10 4 8 25 5 8 5 7 8 5 10 8 5 0 9 1 1 9 1 2 9 1 3 9 3 5 9 1 6 9 8 8 9 1 10 9 18 0 10 16 3 10 49 6 10 16 9 10 16 10 10 16
136 3555029 1 1 1 3 7 21
137 3556500 1 1 1 3 8 66
138 3558106 1 1 1 3 4 21857
139 3867272 66 6 11 0 0 11 1 0 11 4 0 22 5 0 11 6 0 77 10 0 11 0 1 5 1 1 10 4 1 10 5 1 5 6 1 50 10 1 5 0 2 9647 1 2 556 4 2 55 5 2 27 6 2 139 10 2 889 0 3 14 1 3 44 4 3 14 5 3 14 6 3 14 10 3 73 0 4 4 1 4 13 4 4 4 5 4 4 6 4 4 10 4 62 0 5 29 1 5 14 4 5 14 5 5 29 6 5 14 10 5 14 0 6 1 1 6 1 4 6 1 5 6 1 6 6 1 10 6 1 0 7 19 1 7 9 4 7 28 5 7 28 6 7 9 10 7 19 0 8 11 1 8 1 4 8 1 5 8 1 6 8 2 10 8 2 0 9 22 1 9 177 4 9 22 5 9 22 6 9 22 10 9 44 0 10 1 1 10 1 4 10 1 5 10 6 6 10 1 10 10 49
140 3947908 21 7 5 2 0 3544 4 0 3544 6 0 3544 8 0 21267 10 0 7089 2 1 30 3 1 30 4 1 90 9 1 30 4 5 9 6 5 46 9 5 27 3 6 26 8 6 26 10 6 53 2 7 44 3 7 22 6 7 22 8 7 22 9 7 66 10 7 22
141 3958724 3 3 1 4 6 51 8 6 51 10 6 51
142 3966879 1 1 1 3 10 74
143 3967031 1 1 1 10 1 38
144 4072167 25 5 7 2 1 16 3 1 2 5 1 2 9 1 14 1 3 39 2 3 39 1 4 38 2 4 38 3 4 38 5 4 38 2 5 18 3 5 18 5 5 18 9 5 37 1 6 1954 2 6 5864 9 6 3909 1 7 16 3 7 16 5 7 16 9 7 16 1 8 85 3 8 5 5 8 15 9 8 5
145 4084071 1 1 1 0 2 77
146 4618135 121 11 11 0 0 8 1 0 8 2 0 17 3 0 8 4 0 8 5 0 8 6 0 26 7 0 8 8 0 8 9 0 17 10 0 8 0 1 1 1 1 1 2 1 1 3 1 1 4 1 1 5 1 3 6 1 1 7 1 1 8 1 1 9 1 1 10 1 1 0 2 1 1 2 1 2 2 1 3 2 2 4 2 1 5 2 1 6 2 1 7 2 1 8 2 1 9 2 3 10 2 1 0 3 1 1 3 1 2 3 1 3 3 1 4 3 15 5 3 1 6 3 1 7 3 1 8 3 1 9 3 1 10 3 1 0 4 105 1 4 423 2 4 635 3 4 105 4 4 635 5 4 105 6 4 105 7 4 105 8 4 211 9 4 105 10 4 105 0 5 9 1 5 9 2 5 9 3 5 9 4 5 9 5 5 19 6 5 9 7 5 9 8 5 9 9 5 9 10 5 19 0 6 856 1 6 8563 2 6 1712 3 6 856 4 6 10276 5 6 856 6 6 856 7 6 856 8 6 856 9 6 856 10 6 1712 0 7 2 1 7 1 2 7 1 3 7 1 4 7 1 5 7 1 6 7 1 7 7 1 8 7 1 9 7 1 10 7 3 0 8 4 1 8 2 2 8 2 3 8 2 4 8 4 5 8 2 6 8 2 7 8 2 8 8 4 9 8 2 10 8 2 0 9 2 1 9 20 2 9 2 3 9 5 4 9 2 5 9 2 6 9 8 7 9 2 8 9 2 9 9 2 10 9 20 0 10 12 1 10 25 2 10 100 3 10 376 4 10 12 5 10 12 6 10 25 7 10 25 8 10 12 9 10 37 10 10 12
147 4619613 1 1 1 3 7 44
148 4619963 1 1 1 7 4 1282
149 4620364 1 1 1 4 6 92
150 4628586 1 1 1 5 0 66664
151 4723806 15 5 5 2 2 54 3 2 54 0 4 31 1 4 5 2 4 10 4 4 10 0 5 52 3 5 26 4 5 26 1 6 12 2 6 24 3 6 36 0 7 51 1 7 102 4 7 51
152 4756960 11 1 11 8 0 708 8 1 6046 8 2 104 8 3 327 8 4 8 8 5 2 8 6 128 8 7 39155 8 8 82 8 9 64 8 10 176
153 4775389 4 4 1 0 8 31 2 8 155 4 8 31 10 8 31
154 4787369 2 2 1 4 8 8 7 8 8
155 4819938 11 1 11 10 0 127 10 1 9823 10 2 14788 10 3 3982 10 4 11833 10 5 295 10 6 132829 10 7 7368 10 8 133 10 9 58838 10 10 40
156 4832407 1 1 1 9 1 5913
157 4853038 5 5 1 0 9 30 2 9 30 4 9 30 6 9 30 9 9 91
158 4868573 2 1 2 6 5 107 6 10 71
159 4870367 1 1 1 2 6 100
160 4874468 2 2 1 5 9 363 8 9 2541
161 4879631 1 1 1 5 0 108
162 4913278 11 1 11 7 0 170 7 1 48 7 2 4695 7 3 40 7 4 6023 7 5 56 7 6 1326 7 7 66563 7 8 9 7 9 754 7 10 110
163 4945546 11 1 11 2 0 15 2 1 35877 2 2 52 2 3 49 2 4 121 2 5 14080 2 6 34 2 7 715 2 8 113 2 9 125 2 10 198
164 5036568 22 2 11 4 0 21 9 0 3 4 1 9132 9 1 507 4 2 72 9 2 18 4 3 36 9 3 180 4 4 732 9 4 732 4 5 1992 9 5 1992 4 6 8 9 6 44 4 7 128 9 7 42 4 8 3 9 8 6 4 9 62 9 9 31 4 10 95 9 10 6
165 5059253 11 11 1 0 8 3 1 8 10 2 8 3 3 8 10 4 8 7 5 8 7 6 8 7 7 8 7 8 8 3 9 8 7 10 8 3
166 5063016 1 1 1 5 4 60
167 5077918 2 2 1 0 4 20 10 4 71
168 5080276 2 2 1 7 6 23 10 6 11
169 5084575 1 1 1 0 3 60
170 5094955 3 3 2 1 1 6002 7 1 6002 8 5 44
171 5098294 1 1 1 0 1 17
172 5115018 1 1 1 5 1 62
173 5123868 1 1 1 8 8 9641
174 5161215 11 11 2 0 1 1 1 1 1 3 1 5 4 1 2 7 1 4 8 1 4 9 1 1 2 3 5 5 3 5 6 3 5 10 3 10
175 5164315 1 1 1 4 9 61
176 5198737 8 4 3 3 6 5 6 6 5 7 6 65 10 6 15 7 8 386 10 8 580 3 10 116 6 10 58
177 5203574 1 1 1 6 1 19024
178 5210736 1 1 1 10 7 94
179 5249870 8 4 3 1 0 6 3 0 1 7 0 1 1 6 574 6 6 5748 3 9 358 6 9 89 7 9 179
180 5252383 1 1 1 10 10 35
181 5363582 22 2 11 6 0 13 7 0 26 6 1 74 7 1 37 6 2 39 7 2 314 6 3 21 7 3 65 6 4 2012 7 4 2012 6 5 8 7 5 51 6 6 41 7 6 41 6 7 27 7 7 27 6 8 39 7 8 159 6 9 20 7 9 4 6 10 66 7 10 33
182 5370663 1 1 1 2 8 79
183 5377685 2 2 1 1 9 1 7 9 3
184 5381814 2 2 1 2 8 2586 4 8 431
185 5384951 1 1 1 10 0 132913
186 5639382 55 11 10 1 0 29428 2 0 795 3 0 2386 4 0 1590 7 0 3181 8 0 795 10 0 795 1 1 15 4 1 31 6 1 31 9 1 15 10 1 174 0 2 2 3 2 8 6 2 2 7 2 21 9 2 5 0 3 7 2 3 7 4 3 45 5 3 7 7 3 15 10 3 7 1 4 18 5 4 3 6 4 6 8 4 3 1 5 61 2 5 61 3 5 122 6 5 61 8 5 734 10 5 3857 1 6 1193 2 6 2386 4 6 1193 9 6 1193 0 7 42 3 7 126 5 7 2621 7 7 42 9 7 4397 0 8 23 3 8 4 4 8 27 5 8 4 7 8 27 8 8 115 9 8 4 10 8 4 0 9 428 2 9 428 5 9 1284 6 9 428 8 9 428
187 5660580 6 3 3 4 1 39099 6 1 39099 6 2 799 7 2 3999 4 10 54 7 10 54
188 5662184 1 1 1 4 2 21
189 5662946 1 1 1 6 2 130
190 5675545 2 2 1 6 1 108 9 1 108
191 5710681 6 6 1 0 2 4 1 2 4 2 2 4 3 2 8 7 2 26 9 2 21
192 5725900 4 1 4 9 1 114 9 2 95 9 4 73 9 8 2
193 5766982 11 1 11 1 0 233 1 1 2319 1 2 711 1 3 11 1 4 7351 1 5 333 1 6 2 1 7 41 1 8 231 1 9 79 1 10 47
194 5768898 1 1 1 4 0 1009
195 5769925 1 1 1 2 2 673
196 5861669 22 2 11 2 0 46 10 0 46 2 1 40 10 1 40 2 2 26 10 2 11730 2 3 92 10 3 46 2 4 4811 10 4 1202 2 5 522 10 5 522 2 6 6115 10 6 6115 2 7 53 10 7 47 2 8 132 10 8 66 2 9 10 10 9 10 2 10 29 10 10 14
197 5863010 1 1 1 6 2 207
198 5876106 3 3 1 4 3 610 6 3 610 7 3 1220
199 5879209 1 1 1 7 8 309
200 5882549 1 1 1 10 6 17020
201 5889067 1 1 1 7 7 91
202 5916914 8 4 4 4 0 44 10 0 44 9 4 177 4 8 515 6 8 515 6 10 7 9 10 7 10 10 7
203 5921779 3 3 1 4 10 1717 6 10 429 10 10 5582
204 5926255 1 1 1 0 6 1699
205 5941242 2 2 2 9 1 159 4 9 2353
206 5985292 11 1 11 2 0 4 2 1 66 2 2 72 2 3 71 2 4 8995 2 5 6174 2 6 6283 2 7 39148 2 8 66495 2 9 2447 2 10 27
207 5990109 1 1 1 6 3 325
208 6007950 1 1 1 1 4 6621
209 6057475 11 1 11 7 0 33442 7 1 21868 7 2 465 7 3 13096 7 4 74 7 5 2696 7 6 9 7 7 35311 7 8 84 7 9 19616 7 10 116
210 6109666 11 1 11 8 0 58424 8 1 202 8 2 711 8 3 12483 8 4 2311 8 5 237 8 6 15 8 7 302 8 8 2 8 9 14173 8 10 103
211 6115621 1 1 1 0 7 144
212 6116774 1 1 1 3 4 11776
213 6119612 1 1 1 8 3 11
214 6129158 2 2 1 2 10 50 4 10 50
215 6137778 3 3 1 1 10 1 7 10 3 9 10 1
216 6184925 11 11 1 0 10 1 1 10 1 2 10 1 3 10 3 4 10 3 5 10 3 6 10 1 7 10 1 8 10 14 9 10 1 10 10 1
217 6195721 1 1 1 2 5 188
218 6202101 3 3 1 1 9 14 2 9 56 5 9 42
219 6205297 1 1 1 8 9 108
220 6213418 3 3 1 3 1 1203 4 1 3609 5 1 1203
221 6225810 3 3 2 3 3 9386 8 3 4693 1 8 51
222 6240115 1 1 1 4 0 1362
223 6241558 2 2 1 1 1 78 10 1 78
224 6271807 11 1 11 2 0 96 2 1 36 2 2 188 2 3 1949 2 4 154 2 5 686 2 6 11702 2 7 185 2 8 14 2 9 1 2 10 25
225 6272291 1 1 1 8 0 73
226 6280277 3 3 1 4 10 40 8 10 11 9 10 5
227 6293303 7 7 1 0 1 22 1 1 22 3 1 44 4 1 22 6 1 22 7 1 44 8 1 22
228 6892794 121 11 11 0 0 2098 1 0 419 2 0 209 3 0 3776 4 0 209 5 0 209 6 0 209 7 0 209 8 0 1258 9 0 209 10 0 209 0 1 5 1 1 16 2 1 5 3 1 37 4 1 5 5 1 5 6 1 10 7 1 5 8 1 5 9 1 5 10 1 10 0 2 52 1 2 579 2 2 52 3 2 158 4 2 52 5 2 52 6 2 52 7 2 105 8 2 263 9 2 52 10 2 52 0 3 8 1 3 26 2 3 17 3 3 8 4 3 8 5 3 8 6 3 35 7 3 17 8 3 8 9 3 8 10 3 17 0 4 2 1 4 2 2 4 2 3 4 2 4 4 2 5 4 2 6 4 5 7 4 2 8 4 2 9 4 5 10 4 10 0 5 1 1 5 1 2 5 1 3 5 1 4 5 1 5 5 1 6 5 1 7 5 1 8 5 1 9 5 1 10 5 1 0 6 2 1 6 1 2 6 8 3 6 10 4 6 1 5 6 1 6 6 2 7 6 1 8 6 1 9 6 1 10 6 1 0 7 13 1 7 3 2 7 3 3 7 3 4 7 10 5 7 3 6 7 3 7 7 6 8 7 57 9 7 3 10 7 3 0 8 1 1 8 1 2 8 1 3 8 1 4 8 6 5 8 1 6 8 1 7 8 1 8 8 4 9 8 33 10 8 1 0 9 14 1 9 14 2 9 14 3 9 58 4 9 14 5 9 58 6 9 14 7 9 73 8 9 14 9 9 14 10 9 14 0 10 1 1 10 1 2 10 1 3 10 1 4 10 5 5 10 5 6 10 19 7 10 1 8 10 4 9 10 1 10 10 1
229 6893612 1 1 1 9 3 3
230 7000995 22 2 11 0 0 224 10 0 37 0 1 49 10 1 49 0 2 2466 10 2 17266 0 3 8 10 3 8 0 4 167 10 4 501 0 5 2211 10 5 4422 0 6 2 10 6 1 0 7 6356 10 7 3178 0 8 58 10 8 58 0 9 58 10 9 175 0 10 52 10 10 104
231 7012944 3 3 1 0 8 11 1 8 14 2 8 2
232 7014379 2 2 1 2 5 21 9 5 42
233 7015424 1 1 1 2 6 193
234 7053776 11 11 1 0 3 13 1 3 13 2 3 2 3 3 2 4 3 2 5 3 2 6 3 2 7 3 2 8 3 5 9 3 2 10 3 2
235 7056208 1 1 1 1 8 95
236 7363534 66 11 11 3 0 3 5 0 7 2 1 778 4 1 1557 5 1 2335 6 1 17906 9 1 1557 10 1 778 0 2 1 1 2 3 3 2 1 4 2 1 7 2 1 8 2 1 9 2 1 10 2 1 0 3 2735 1 3 2735 2 3 2735 4 3 2735 6 3 2735 7 3 10940 8 3 2735 9 3 2735 10 3 8205 1 4 269 3 4 539 4 4 269 7 4 539 8 4 809 0 5 418 2 5 418 4 5 209 6 5 627 7 5 209 8 5 209 10 5 209 2 6 11 5 6 11 6 6 22 9 6 11 10 6 34 1 7 25 2 7 25 3 7 25 5 7 25 6 7 25 8 7 25 9 7 25 10 7 25 0 8 5520 1 8 5520 2 8 5520 6 8 5520 7 8 5520 8 8 5520 0 9 34 1 9 34 3 9 171 5 9 34 7 9 34 0 10 8 3 10 69 4 10 8 5 10 8 9 10 8
237 7364997 1 1 1 4 4 39
238 7368599 1 1 1 9 3 82
239 7370574 1 1 1 9 9 2361
240 7420738 11 1 11 9 0 4707 9 1 40 9 2 30 9 3 201 9 4 1036 9 5 66521 9 6 65 9 7 112 9 8 99761 9 9 64 9 10 46
241 7423720 1 1 1 10 3 27696
242 7475034 11 1 11 9 0 6057 9 1 263 9 2 9572 9 3 41528 9 4 71 9 5 143 9 6 138 9 7 56 9 8 213 9 9 168 9 10 110
243 7482528 1 1 1 1 2 286
244 7491723 4 4 1 1 4 1 4 4 1 6 4 1 7 4 1
245 7500857 2 2 1 2 2 4286 7 2 1428
246 7649301 33 11 6 2 0 30 3 0 30 4 0 30 5 0 30 7 0 30 4 2 27 9 2 27 0 4 20 1 4 81 3 4 20 8 4 122 9 4 20 10 4 20 0 5 7 1 5 7 2 5 169 5 5 3 6 5 3 7 5 3 8 5 3 10 5 3 1 7 34 3 7 34 5 7 51 6 7 119 8 7 17 9 7 34 10 7 17 0 8 3 2 8 3 4 8 128 6 8 1 7 8 2
247 7652996 3 3 1 3 6 3 8 6 3 10 6 3
248 7967371 66 11 11 1 0 5 8 0 100 9 0 5 10 0 65 2 1 10 3 1 10 4 1 32 5 1 10 6 1 21 7 1 21 0 2 14 1 2 14 5 2 14 6 2 14 9 2 14 10 2 14 0 3 27 2 3 27 5 3 27 8 3 55 9 3 27 1 4 132 2 4 132 3 4 132 4 4 396 6 4 132 7 4 132 8 4 6084 9 4 264 10 4 264 1 5 16 3 5 5 5 5 5 7 5 5 8 5 96 9 5 5 0 6 2166 2 6 1083 3 6 1083 5 6 1083 6 6 7581 7 6 1083 8 6 1083 0 7 9727 2 7 9727 3 7 9727 4 7 9727 6 7 9727 10 7 9727 0 8 812 4 8 1015 7 8 203 1 9 3 4 9 3 5 9 36 6 9 3 7 9 3 10 9 6 0 10 53 1 10 13 2 10 13 3 10 13 4 10 26 8 10 66 9 10 13 10 10 13
249 7968756 1 1 1 0 9 116
250 7970071 1 1 1 2 10 2
251 7971355 1 1 1 9 0 37
252 7972381 1 1 1 6 0 4040
253 7982678 2 2 1 0 8 433 6 8 866
254 7985221 1 1 1 6 8 180
255 7988106 1 1 1 10 0 177
256 7999367 1 1 1 9 1 7639
257 8033690 8 4 4 7 3 4777 10 3 4777 5 7 23 3 8 10 5 8 10 7 8 10 10 8 43 3 9 187
258 8045388 1 1 1 9 2 116
259 8154758 22 2 11 9 0 203 10 0 8 9 1 172 10 1 172 9 2 4563 10 2 13690 9 3 65 10 3 48 9 4 282 10 4 282 9 5 57 10 5 57 9 6 56 10 6 56 9 7 44 10 7 11 9 8 8 10 8 17 9 9 121 10 9 60 9 10 296 10 10 296
260 8160608 1 1 1 1 4 179
261 8166835 1 1 1 4 2 603
262 8171477 1 1 1 9 7 349
263 8209921 11 11 3 0 0 170 2 0 512 5 0 170 8 0 170 4 5 564 7 5 282 9 5 282 10 5 282 1 8 1204 3 8 4818 6 8 6023
264 8289450 22 2 11 4 0 694 10 0 694 4 1 52 10 1 26 4 2 107 10 2 107 4 3 75 10 3 37 4 4 197 10 4 197 4 5 1437 10 5 479 4 6 759 10 6 506 4 7 36 10 7 18 4 8 2 10 8 88 4 9 40 10 9 160 4 10 110 10 10 18
265 8397687 22 2 11 0 0 9786 3 0 9786 0 1 41 3 1 41 0 2 1073 3 2 1073 0 3 1 3 3 33 0 4 60 3 4 15 0 5 12 3 5 12 0 6 12 3 6 48 0 7 11949 3 7 2389 0 8 37 3 8 37 0 9 1821 3 9 1821 0 10 94 3 10 21
266 8399685 1 1 1 3 0 170
267 8415130 4 4 1 4 5 1 5 5 18 7 5 1 9 5 1
268 8442889 11 11 2 0 3 1 1 3 1 2 3 1 3 3 1 5 3 1 7 3 1 8 3 142 4 7 4 6 7 8 9 7 4 10 7 4
269 8462318 11 11 1 0 3 23 1 3 87 2 3 3 3 3 3 4 3 63 5 3 16 6 3 6 7 3 3 8 3 3 9 3 3 10 3 13
270 8534513 15 5 5 9 0 6 10 0 12 3 3 1 10 3 12 0 6 340 8 6 340 9 6 680 10 6 1361 0 8 1979 3 8 1979 8 8 1979 9 8 1979 0 10 59 3 10 59 8 10 59
271 8538449 2 2 1 8 1 1827 9 1 34713
272 8539512 1 1 1 4 10 17
273 8559321 3 3 1 4 1 22 8 1 67 9 1 22
274 8561867 1 1 1 0 2 140
275 8884397 80 10 11 0 0 2 3 0 57 5 0 11 6 0 17 7 0 2 8 0 2 10 0 14 2 1 1 3 1 1 5 1 3 6 1 16 7 1 1 8 1 79 9 1 6 10 1 1 0 2 3 1 2 9 5 2 6 6 2 12 7 2 3 8 2 3 9 2 3 10 2 3 0 3 111 1 3 4 2 3 1 3 3 3 5 3 1 9 3 1 10 3 3 1 4 7 2 4 1 3 4 1 5 4 1 6 4 1 7 4 2 8 4 1 9 4 1 10 4 1 1 5 1 2 5 4 5 5 1 6 5 1 7 5 1 10 5 1 0 6 146 1 6 146 3 6 146 7 6 146 8 6 1023 9 6 146 0 7 47 2 7 47 6 7 47 9 7 47 10 7 95 0 8 34 1 8 23 2 8 2 3 8 2 5 8 2 7 8 5 8 8 5 9 8 8 10 8 11 0 9 8 1 9 8 2 9 17 3 9 17 6 9 8 7 9 17 8 9 8 0 10 56 1 10 56 2 10 56 3 10 507 5 10 1127 6 10 56 8 10 56 9 10 56
276 8993103 22 11 3 1 3 5 2 3 6 4 3 1 6 3 4 9 3 1 10 3 1 0 9 63 1 9 223 2 9 31 3 9 31 4 9 15 5 9 15 6 9 15 7 9 31 8 9 15 9 9 63 10 9 31 0 10 13 3 10 13 5 10 13 7 10 13 8 10 13
277 8999171 1 1 1 1 6 1001
278 9002692 1 1 1 3 8 107
279 9027272 3 1 3 3 4 17824 3 6 47 3 8 181
280 9027937 1 1 1 9 9 24
281 9204182 44 4 11 0 0 11 5 0 35 7 0 11 8 0 47 0 1 3 5 1 1 7 1 1 8 1 7 0 2 3 5 2 3 7 2 6 8 2 3 0 3 27 5 3 27 7 3 109 8 3 27 0 4 32 5 4 96 7 4 32 8 4 32 0 5 6049 5 5 1423 7 5 355 8 5 1779 0 6 3038 5 6 3038 7 6 9116 8 6 3038 0 7 33 5 7 33 7 7 33 8 7 3109 0 8 31 5 8 10 7 8 10 8 8 20 0 9 9 5 9 9 7 9 9 8 9 65 0 10 29 5 10 29 7 10 29 8 10 29
282 9206076 1 1 1 7 4 11349
283 9771658 121 11 11 0 0 2 1 0 2 2 0 4 3 0 2 4 0 4 5 0 2 6 0 11 7 0 4 8 0 2 9 0 2 10 0 2 0 1 2 1 1 5 2 1 2 3 1 2 4 1 2 5 1 13 6 1 5 7 1 2 8 1 2 9 1 13 10 1 2 0 2 13 1 2 39 2 2 6 3 2 6 4 2 13 5 2 6 6 2 19 7 2 209 8 2 6 9 2 6 10 2 13 0 3 5 1 3 10 2 3 5 3 3 21 4 3 5 5 3 5 6 3 5 7 3 15 8 3 15 9 3 5 10 3 10 0 4 1 1 4 1 2 4 1 3 4 2 4 4 6 5 4 1 6 4 1 7 4 1 8 4 1 9 4 1 10 4 1 0 5 1 1 5 1 2 5 1 3 5 1 4 5 3 5 5 3 6 5 1 7 5 3 8 5 22 9 5 9 10 5 1 0 6 5 1 6 5 2 6 10 3 6 81 4 6 10 5 6 5 6 6 5 7 6 10 8 6 20 9 6 70 10 6 10 0 7 1840 1 7 306 2 7 306 3 7 306 4 7 306 5 7 2146 6 7 306 7 7 4600 8 7 306 9 7 306 10 7 613 0 8 2 1 8 2 2 8 2 3 8 2 4 8 4 5 8 2 6 8 2 7 8 2 8 8 4 9 8 4 10 8 2 0 9 35 1 9 35 2 9 35 3 9 35 4 9 35 5 9 71 6 9 35 7 9 35 8 9 35 9 9 35 10 9 35 0 10 10 1 10 3 2 10 3 3 10 20 4 10 3 5 10 3 6 10 3 7 10 3 8 10 3 9 10 3 10 10 34
284 9776423 1 1 1 3 8 4843
285 9901769 22 11 5 0 0 55 1 0 166 3 0 333 4 0 55 8 0 55 0 1 352 1 1 1056 4 1 352 5 1 1760 10 1 2464 2 2 1 5 2 1 6 2 1 7 2 5 10 2 8 2 4 13 8 4 13 9 4 40 3 7 79 6 7 26 7 7 53 9 7 106
286 9915621 7 7 1 0 5 1824 1 5 1824 2 5 1824 3 5 7297 6 5 1824 7 5 5473 8 5 1824
287 9920573 2 2 1 5 0 6544 7 0 13088
288 9924307 3 3 1 2 3 1285 4 3 676 8 3 947
289 9925718 1 1 1 2 0 5824
290 9930197 1 1 1 5 5 148
291 9934549 1 1 1 8 6 617
292 9952880 5 5 2 1 0 12 10 0 8 0 10 3398 6 10 1699 9 10 10194
293 9995016 11 1 11 5 0 44 5 1 4882 5 2 246 5 3 165 5 4 6034 5 5 24 5 6 242 5 7 1 5 8 115 5 9 148 5 10 238
294 10003093 1 1 1 3 9 338
295 10009398 3 1 3 9 2 19677 9 6 253 9 10 48
296 10016314 2 2 1 4 6 156 9 6 78
297 10016524 1 1 1 4 10 19
298 10049772 11 1 11 5 0 256 5 1 73 5 2 110 5 3 2245 5 4 89 5 5 250 5 6 124 5 7 129 5 8 9590 5 9 2067 5 10 167
299 10050128 1 1 1 0 8 22768
300 10050624 1 1 1 2 1 4
301 10054779 1 1 1 6 3 76
302 10056009 1 1 1 10 7 334
303 10088203 8 4 4 9 2 86 1 3 192 2 3 192 8 3 192 1 5 6 8 5 18 9 5 18 2 7 117
304 10090592 1 1 1 1 6 51
305 10101707 5 5 2 3 6 1 4 6 1 5 6 87 2 9 13334 9 9 2963
306 10104900 1 1 1 5 0 7669
307 10106250 1 1 1 10 1 208
308 10118777 3 3 1 3 9 14 4 9 14 5 9 14
309 10139600 2 2 1 2 8 1 9 8 1
310 10141166 1 1 1 0 5 34
311 10189803 11 1 11 0 0 13 0 1 183 0 2 333 0 3 16424 0 4 114 0 5 624 0 6 142 0 7 1684 0 8 598 0 9 184 0 10 12103
312 10194448 2 2 1 3 3 3300 10 3 1650
313 10195514 1 1 1 8 3 231
314 10205728 1 1 1 10 5 1028
315 10321009 22 11 4 0 5 264 1 5 2913 3 5 529 4 5 264 5 5 529 8 5 794 10 5 1059 0 6 15 1 6 15 2 6 45 6 6 15 7 6 15 9 6 543 10 6 15 3 8 10 5 8 10 6 8 10 8 8 10 2 9 6 4 9 12 7 9 105 9 9 6
316 10779880 121 11 11 0 0 10 1 0 2 2 0 1 3 0 1 4 0 17 5 0 1 6 0 1 7 0 1 8 0 1 9 0 1 10 0 1 0 1 1 1 1 1 2 1 1 3 1 3 4 1 7 5 1 3 6 1 5 7 1 3 8 1 1 9 1 1 10 1 12 0 2 2 1 2 5 2 2 2 3 2 2 4 2 5 5 2 2 6 2 2 7 2 2 8 2 50 9 2 29 10 2 2 0 3 24 1 3 4 2 3 4 3 3 12 4 3 4 5 3 8 6 3 12 7 3 20 8 3 12 9 3 126 10 3 73 0 4 37 1 4 10 2 4 3 3 4 10 4 4 3 5 4 3 6 4 3 7 4 6 8 4 3 9 4 10 10 4 3 0 5 2 1 5 1 2 5 1 3 5 2 4 5 69 5 5 1 6 5 7 7 5 1 8 5 2 9 5 1 10 5 1 0 6 20 1 6 45 2 6 12 3 6 4 4 6 4 5 6 45 6 6 12 7 6 8 8 6 8 9 6 4 10 6 20 0 7 1451 1 7 207 2 7 414 3 7 207 4 7 207 5 7 207 6 7 207 7 7 2695 8 7 207 9 7 622 10 7 207 0 8 3 1 8 4 2 8 6 3 8 1 4 8 60 5 8 1 6 8 3 7 8 4 8 8 3 9 8 1 10 8 3 0 9 75 1 9 37 2 9 792 3 9 37 4 9 75 5 9 37 6 9 37 7 9 37 8 9 37 9 9 37 10 9 37 0 10 3 1 10 9 2 10 3 3 10 3 4 10 6 5 10 3 6 10 3 7 10 3 8 10 3 9 10 3 10 10 3
317 10781139 1 1 1 9 2 104
318 10830330 11 1 11 5 0 40 5 1 6 5 2 80 5 3 128 5 4 7958 5 5 37 5 6 36 5 7 230 5 8 15365 5 9 139 5 10 17818
319 10833554 1 1 1 8 6 4662
320 10833925 1 1 1 8 4 60
321 10838012 1 1 1 10 1 451
322 10887350 15 5 4 0 2 7 1 2 51 4 2 7 8 2 14 9 2 87 0 5 13 1 5 13 8 5 80 9 5 13 4 6 3982 9 6 7964 0 9 45 1 9 91 4 9 45 8 9 91
323 10897672 1 1 1 1 3 162
324 10938167 11 1 11 7 0 84 7 1 75 7 2 33 7 3 11915 7 4 45 7 5 185 7 6 92 7 7 33199 7 8 82 7 9 62 7 10 1359
325 10938377 1 1 1 2 5 2047
326 10940751 1 1 1 10 6 73
327 10949023 3 3 1 1 1 27 3 1 387 9 1 55
328 10967332 5 5 1 0 9 111 2 9 111 4 9 166 5 9 55 6 9 166
329 10967992 1 1 1 4 5 35313
330 10980733 4 4 1 5 1 67 7 1 22 8 1 45 9 1 22
331 11133919 30 5 10 5 0 134 6 0 38 8 0 19 3 1 12 5 1 112 6 1 12 3 2 291 5 2 291 6 2 1457 10 2 291 8 3 76 10 3 76 5 4 6002 10 4 7003 3 5 31 8 5 94 3 6 2 6 6 5 8 6 2 3 7 2831 10 7 5662 5 8 503 6 8 1007 8 8 503 10 8 2014 3 10 6515 5 10 6515 6 10 13030 8 10 6515 10 10 6515
332 11140330 1 1 1 4 1 122
333 11145098 1 1 1 5 0 66
334 11161092 1 1 1 2 2 52
335 11165760 1 1 1 2 0 692
336 11175135 1 1 1 8 7 7656
337 11177214 1 1 1 7 10 33
338 11182089 1 1 1 0 3 99595
339 11188580 2 2 1 2 5 3074 8 5 3074
340 11190042 1 1 1 2 8 5264
341 11194332 1 1 1 6 10 4780
342 11199651 1 1 1 10 0 8239
343 11205524 1 1 1 7 10 205
344 11349271 30 6 10 0 0 7 2 0 23 4 0 54 0 1 3086 2 1 3086 6 1 3086 1 2 5 2 2 79 4 2 5 6 3 7262 1 5 1 2 5 1 4 5 1 8 5 1 6 6 45 8 6 45 1 7 16648 8 7 16648 0 8 434 1 8 868 4 8 434 0 9 11 2 9 11 6 9 11 8 9 11 0 10 224 1 10 44 4 10 44 6 10 44 8 10 44
345 11349635 1 1 1 10 7 215
346 11351256 1 1 1 3 4 132809
347 11382365 11 11 2 0 3 24 2 3 12 9 3 6 1 8 12 3 8 12 4 8 12 5 8 12 6 8 12 7 8 12 8 8 12 10 8 12
348 11385317 1 1 1 8 0 214
349 11660319 66 11 11 0 0 13 2 0 27 7 0 13 8 0 13 10 0 41 0 1 102 1 1 20 2 1 61 3 1 20 4 1 20 5 1 20 6 1 20 9 1 20 10 1 20 1 2 14 2 2 14 3 2 44 4 2 29 7 2 29 10 2 29 1 3 8 4 3 172 5 3 129 7 3 8 8 3 8 9 3 8 6 4 28 7 4 71 8 4 14 9 4 14 10 4 14 0 5 113 3 5 227 4 5 113 5 5 113 6 5 113 8 5 569 9 5 113 0 6 381 2 6 381 8 6 381 9 6 381 10 6 762 1 7 23 3 7 138 5 7 1 6 7 1 7 7 1 0 8 1 2 8 14 3 8 13 6 8 1 8 8 1 9 8 1 1 9 2 4 9 2 5 9 2 7 9 2 10 9 2 0 10 9 1 10 14 2 10 4 3 10 4 4 10 4 5 10 4 6 10 4
350 11685965 8 8 2 0 0 7 1 0 14 3 0 7 6 0 37 10 0 14 2 9 9717 4 9 4858 7 9 4858
351 11690500 1 1 1 5 8 299
352 11709361 6 6 1 2 10 17 3 10 17 4 10 34 5 10 17 8 10 17 10 10 17
353 11714438 1 1 1 9 5 62
354 11714939 1 1 1 2 4 32
355 11757741 8 4 3 3 5 236 0 7 65 3 7 65 4 7 4681 7 7 65 0 9 1746 4 9 1746 7 9 1746
356 11773051 1 1 1 0 5 11319
357 11843511 15 5 5 0 5 2268 6 5 6804 8 5 2268 0 6 9 6 6 4 10 6 52 5 7 860 6 7 860 8 7 1720 0 8 56 5 8 56 10 8 56 5 9 31 8 9 31 10 9 31
358 11847006 1 1 1 1 1 992
359 11848581 1 1 1 8 3 300
360 11867821 2 2 1 4 0 1 10 0 9
361 11915038 15 5 5 1 0 6 5 0 2 6 0 1 2 2 11 5 2 22 9 2 11 6 4 23 9 4 23 1 7 188 2 7 755 5 7 188 6 7 755 9 7 1133 1 8 66 2 8 33
362 12198392 55 11 10 2 0 9 3 0 28 6 0 9 10 0 9 2 1 73 6 1 2 8 1 5 9 1 2 1 2 8 3 2 35 4 2 8 5 2 8 6 2 52 0 3 19 2 3 9 6 3 19 8 3 9 9 3 9 0 4 14 1 4 36 4 4 7 5 4 7 7 4 14 8 4 7 9 4 7 10 4 72 0 5 1453 1 5 1453 3 5 1453 4 5 2907 5 5 1453 7 5 1453 2 7 16 5 7 5 6 7 10 8 7 5 9 7 5 10 7 5 0 8 1 1 8 1 3 8 1 7 8 1 8 8 1 3 9 1 4 9 1 5 9 4 7 9 2 10 9 5 0 10 1313 1 10 187 2 10 187 4 10 187 7 10 375 9 10 187 10 10 187
363 12215050 6 3 3 0 3 119 0 5 1 5 5 12 10 5 1 5 8 3891 10 8 3891
364 12217308 2 2 1 1 6 997 2 6 997
365 12218008 1 1 1 7 8 653
366 12219362 1 1 1 5 5 15
367 12249447 11 11 1 0 2 8 1 2 4 2 2 4 3 2 4 4 2 21 5 2 47 6 2 4 7 2 4 8 2 4 9 2 4 10 2 4
368 12393255 36 4 11 1 0 17 2 0 17 8 0 411 9 0 17 8 1 56 9 1 56 1 2 58 2 2 29 9 2 29 1 3 41 2 3 20 8 3 20 9 3 124 1 4 34 2 4 138 8 4 34 1 5 6944 8 5 868 9 5 1736 1 6 15 2 6 15 9 6 78 1 7 10 2 7 42 8 7 10 9 7 10 1 8 117 2 8 2707 8 8 176 2 9 47 8 9 13 9 9 6 1 10 32 2 10 8 8 10 16 9 10 16
369 12397761 1 1 1 9 7 8919
370 12949402 121 11 11 0 0 3 1 0 3 2 0 28 3 0 3 4 0 3 5 0 3 6 0 6 7 0 187 8 0 6 9 0 15 10 0 12 0 1 15 1 1 7 2 1 7 3 1 7 4 1 15 5 1 7 6 1 7 7 1 15 8 1 95 9 1 7 10 1 31 0 2 25 1 2 6 2 2 76 3 2 12 4 2 12 5 2 12 6 2 6 7 2 128 8 2 6 9 2 76 10 2 6 0 3 4 1 3 4 2 3 4 3 3 4 4 3 25 5 3 4 6 3 4 7 3 4 8 3 8 9 3 4 10 3 4 0 4 18 1 4 9 2 4 9 3 4 4 4 4 4 5 4 4 6 4 22 7 4 4 8 4 9 9 4 9 10 4 9 0 5 1343 1 5 9405 2 5 1343 3 5 13436 4 5 2687 5 5 1343 6 5 2687 7 5 1343 8 5 1343 9 5 2687 10 5 1343 0 6 2 1 6 4 2 6 19 3 6 2 4 6 2 5 6 4 6 6 4 7 6 2 8 6 2 9 6 2 10 6 2 0 7 4 1 7 1 2 7 1 3 7 1 4 7 4 5 7 1 6 7 52 7 7 1 8 7 1 9 7 1 10 7 1 0 8 2968 1 8 109 2 8 109 3 8 659 4 8 109 5 8 109 6 8 219 7 8 109 8 8 6705 9 8 109 10 8 109 0 9 11 1 9 23 2 9 11 3 9 11 4 9 11 5 9 70 6 9 11 7 9 539 8 9 23 9 9 23 10 9 11 0 10 26 1 10 26 2 10 78 3 10 26 4 10 26 5 10 2626 6 10 26 7 10 52 8 10 52 9 10 26 10 10 26
371 12956549 1 1 1 10 7 11862
372 12958731 1 1 1 5 3 58
373 12971443 2 2 1 6 9 1062 7 9 1062
374 12987896 2 2 1 2 5 16433 7 5 1825
375 12998618 1 1 1 4 8 230
376 13003571 1 1 1 6 5 2338
377 13004753 1 1 1 6 1 12
378 13005121 1 1 1 6 0 291
379 13007693 1 1 1 9 5 3492
380 13007954 1 1 1 0 7 47
381 13013595 1 1 1 1 3 16
382 13013768 1 1 1 9 4 7700
383 13014239 1 1 1 6 5 322
384 13082678 18 6 6 8 1 15 9 1 7 2 2 1 4 2 1 6 2 13 2 3 3 4 3 3 6 3 3 8 3 3 9 3 203 10 3 3 8 7 14 9 7 14 10 7 14 2 9 269 4 10 2201 6 10 2201 10 10 2201
385 13096282 1 1 1 5 2 12670
386 13112279 5 5 1 3 3 84 5 3 42 6 3 42 8 3 42 10 3 42
387 13113722 1 1 1 8 6 4
388 13121383 1 1 1 4 5 1490
389 13132157 2 2 1 4 2 6 9 2 32
390 13154721 2 2 1 1 0 184 8 0 23
391 13418611 66 11 11 0 0 1 1 0 3 2 0 1 3 0 1 4 0 1 5 0 3 6 0 34 7 0 3 8 0 1 0 1 29 6 1 3 9 1 3 10 1 6 1 2 9 6 2 9 7 2 156 2 3 22 3 3 7 9 3 7 10 3 22 1 4 8 3 4 8 4 4 8 5 4 32 8 4 8 10 4 8 2 5 709 4 5 202 5 5 101 7 5 101 9 5 101 10 5 101 0 6 91 2 6 9 5 6 155 6 6 9 7 6 9 9 6 18 0 7 5 2 7 2 3 7 5 4 7 2 7 7 2 8 7 11 9 7 2 10 7 2 1 8 16 3 8 66 4 8 16 8 8 8 0 9 30 1 9 30 4 9 60 5 9 30 6 9 30 8 9 30 0 10 3 1 10 3 2 10 9 3 10 6 5 10 3 6 10 3 7 10 3 8 10 56 9 10 3 10 10 6
392 13420458 1 1 1 0 0 232
393 13459736 11 11 1 0 0 4 1 0 2 2 0 32 3 0 2 4 0 2 5 0 4 6 0 2 7 0 4 8 0 1866 9 0 2 10 0 2
394 13462383 2 2 1 5 8 41 6 8 41
395 13780014 66 6 11 2 0 41 3 0 20 4 0 41 5 0 20 7 0 20 9 0 144 2 1 1 3 1 1 4 1 1 5 1 1 7 1 1 9 1 1 2 2 1 3 2 1 4 2 1 5 2 1 7 2 1 9 2 1 2 3 5 3 3 10 4 3 10 5 3 5 7 3 5 9 3 21 2 4 25 3 4 25 4 4 25 5 4 25 7 4 25 9 4 311 2 5 37 3 5 25 4 5 12 5 5 37 7 5 37 9 5 12 2 6 16 3 6 32 4 6 16 5 6 16 7 6 48 9 6 32 2 7 144 3 7 288 4 7 432 5 7 432 7 7 1010 9 7 144 2 8 23 3 8 93 4 8 46 5 8 23 7 8 23 9 8 23 2 9 3 3 9 3 4 9 3 5 9 3 7 9 50 9 9 3 2 10 4367 3 10 2183 4 10 4367 5 10 2183 7 10 2183 9 10 4367
396 13800804 4 4 1 1 3 9 4 3 9 8 3 9 9 3 18
397 13805491 2 1 2 10 5 322 10 7 149
398 13811130 2 2 2 1 1 120 10 8 310
399 13818823 1 1 1 5 2 26
400 13828439 2 2 1 3 3 9 7 3 9
401 13844651 4 4 1 1 10 39 5 10 23 6 10 7 9 10 39
402 13845181 1 1 1 10 4 24
403 13845464 1 1 1 2 7 153
404 13880709 11 1 11 10 0 61 10 1 116 10 2 100 10 3 58480 10 4 12690 10 5 2672 10 6 97 10 7 94 10 8 659 10 9 7171 10 10 476
405 13898982 5 5 2 0 4 8 3 4 97 5 4 32 10 4 8 2 7 101
406 13901377 1 1 1 5 4 230
407 13908544 1 1 1 8 5 50
408 13912484 1 1 1 7 2 13
409 13913894 1 1 1 2 5 55
410 13914245 1 1 1 1 7 97
411 13915087 1 1 1 3 0 100
412 13922406 2 2 1 0 6 46 6 6 23
413 13927563 1 1 1 7 8 8942
414 13930569 1 1 1 4 4 95
415 13930831 1 1 1 7 10 311
416 13931104 1 1 1 9 3 168
417 13971779 11 1 11 9 0 8031 9 1 13010 9 2 77 9 3 17868 9 4 2388 9 5 57 9 6 25 9 7 24 9 8 150 9 9 115 9 10 375
418 13975801 1 1 1 3 5 1618
419 13985345 2 2 1 0 7 29 6 7 29
420 14254147 55 11 10 7 1 50 8 1 50 9 1 151 10 1 50 0 2 4 2 2 4 3 2 44 5 2 4 7 2 24 8 2 14 1 3 54 3 3 18 7 3 18 0 4 534 1 4 267 3 4 267 4 4 267 6 4 267 9 4 1068 10 4 267 0 5 1413 1 5 1413 2 5 1413 4 5 1413 7 5 1413 8 5 5652 0 6 67 4 6 16 10 6 16 1 7 4 2 7 4 4 7 4 5 7 54 6 7 4 7 7 8 8 7 8 9 7 12 2 8 385 5 8 1157 6 8 192 8 8 385 10 8 192 1 9 1731 2 9 865 3 9 865 4 9 865 5 9 4328 6 9 865 9 9 865 10 9 2596 0 10 337 3 10 337 5 10 337 6 10 1011 9 10 337
421 14255020 1 1 1 7 7 149
422 14338392 22 2 11 6 0 72 8 0 36 6 1 4 8 1 1 6 2 3 8 2 93 6 3 36 8 3 110 6 4 27 8 4 54 6 5 493 8 5 164 6 6 1345 8 6 672 6 7 90 8 7 3 6 8 33 8 8 1 6 9 26 8 9 53 6 10 2594 8 10 2594
423 14346460 2 2 2 3 3 33 0 5 10
424 14743950 88 8 11 1 0 715 2 0 1430 3 0 715 4 0 1430 6 0 715 7 0 715 8 0 715 9 0 1430 1 1 227 2 1 455 3 1 455 4 1 227 6 1 455 7 1 227 8 1 455 9 1 227 1 2 110 2 2 1103 3 2 1103 4 2 331 6 2 110 7 2 110 8 2 110 9 2 110 1 3 41 2 3 13 3 3 13 4 3 13 6 3 13 7 3 97 8 3 13 9 3 13 1 4 1 2 4 1 3 4 1 4 4 1 6 4 1 7 4 12 8 4 1 9 4 1 1 5 6 2 5 6 3 5 55 4 5 6 6 5 6 7 5 18 8 5 6 9 5 6 1 6 3052 2 6 1017 3 6 339 4 6 339 6 6 339 7 6 339 8 6 339 9 6 339 1 7 12 2 7 12 3 7 12 4 7 12 6 7 12 7 7 12 8 7 12 9 7 37 1 8 1189 2 8 198 3 8 297 4 8 99 6 8 99 7 8 99 8 8 297 9 8 99 1 9 997 2 9 997 3 9 997 4 9 6979 6 9 997 7 9 997 8 9 1994 9 9 997 1 10 11 2 10 11 3 10 11 4 10 44 6 10 11 7 10 11 8 10 11 9 10 66
425 14746070 2 2 1 8 1 26045 9 1 13022
426 14784421 11 11 1 0 1 1 1 1 1 2 1 1 3 1 1 4 1 1 5 1 1 6 1 1 7 1 1 8 1 1 9 1 103 10 1 1
427 14834800 11 1 11 9 0 11 9 1 117 9 2 15 9 3 4804 9 4 247 9 5 4706 9 6 38961 9 7 178 9 8 115 9 9 51 9 10 112
428 14841747 1 1 1 8 7 8122
429 14850546 1 1 1 4 6 56
430 15117136 66 11 11 0 0 1860 1 0 151 2 0 37 4 0 417 5 0 37 6 0 189 7 0 113 8 0 607 10 0 113 0 1 1 2 1 7 7 1 3 9 1 1 10 1 48 1 2 399 4 2 399 5 2 399 7 2 2394 8 2 3591 10 2 798 0 3 136 1 3 68 2 3 68 3 3 68 4 3 68 5 3 68 6 3 204 10 3 68 1 4 13 2 4 13 9 4 6 10 4 6 2 5 5 3 5 5 4 5 5 6 5 5 8 5 5 9 5 5 1 6 372 5 6 372 6 6 744 7 6 1116 8 6 372 9 6 1116 0 7 3454 2 7 345 3 7 1036 5 7 345 6 7 345 7 7 1381 9 7 1727 10 7 345 0 8 350 3 8 700 4 8 350 6 8 350 8 8 350 0 9 72 1 9 144 3 9 36 5 9 144 7 9 36 3 10 2 4 10 2 8 10 2 9 10 4
431 15125231 1 1 1 2 5 19482
432 15125365 1 1 1 10 1 80
433 15172962 11 1 11 3 0 602 3 1 181 3 2 190 3 3 1281 3 4 115 3 5 126 3 6 180 3 7 87 3 8 147 3 9 86 3 10 251
434 15192270 6 6 2 0 2 15 7 2 7 9 2 7 4 4 63 5 4 9 10 4 45
435 15196136 3 3 1 0 4 8 6 4 8 7 4 42
436 15198608 2 1 2 4 4 211 4 5 3
437 15247957 11 1 11 9 0 1317 9 1 191 9 2 75 9 3 3950 9 4 229 9 5 200 9 6 9797 9 7 98 9 8 27 9 9 66559 9 10 348
438 15249740 1 1 1 8 10 32
439 15292552 8 4 3 2 5 1 3 5 429 4 5 1 0 7 36 4 7 4 0 10 21 2 10 1 3 10 1
440 15293205 1 1 1 9 7 59
441 15341096 11 1 11 10 0 39 10 1 93 10 2 13 10 3 8567 10 4 38 10 5 2079 10 6 7 10 7 6082 10 8 112 10 9 42 10 10 420
442 15352864 1 1 1 8 9 2290
443 15361220 2 2 1 1 5 44 2 5 22
444 15368802 2 2 1 0 3 7 4 3 14
445 15383208 1 1 1 0 6 2392
446 15390219 1 1 1 1 6 81
447 15417300 8 8 1 0 9 10 1 9 30 2 9 70 3 9 40 5 9 10 8 9 10 9 9 10 10 9 40
448 15435192 3 3 1 0 1 37 1 1 37 3 1 37
449 15436250 1 1 1 1 3 161
450 15440412 1 1 1 6 0 56
451 15505038 11 11 3 0 4 22 6 4 22 10 4 22 3 9 1973 5 9 7894 7 9 1973 8 9 1973 9 9 5921 1 10 9 2 10 18 4 10 18
452 15505477 1 1 1 7 1 14
453 15518928 1 1 1 1 7 6
454 15578360 11 1 11 8 0 3940 8 1 67 8 2 3851 8 3 3978 8 4 4756 8 5 21 8 6 45 8 7 163 8 8 45 8 9 139 8 10 5
455 15584847 4 4 1 3 7 18 6 7 18 7 7 55 8 7 18
456 15592881 1 1 1 4 8 117
457 15616107 7 1 7 2 1 171 2 2 195 2 5 117 2 6 100 2 7 117 2 8 212 2 10 589
458 15621734 1 1 1 7 9 52
459 15641122 2 2 1 2 1 54 7 1 54
460 15644825 1 1 1 1 3 994
461 15650849 1 1 1 5 3 17
462 15657213 1 1 1 0 9 208
463 15670904 2 2 1 1 7 1050 2 7 350
464 15690747 11 1 11 1 0 58577 1 1 70 1 2 59 1 3 98 1 4 453 1 5 77 1 6 6 1 7 12626 1 8 40 1 9 39 1 10 47
465 15700250 1 1 1 9 6 11426
466 15701770 1 1 1 5 6 26
467 15715916 2 2 1 3 7 22 6 7 7
468 15727094 4 4 1 1 7 19 2 7 192 6 7 19 8 7 96
469 15733771 1 1 1 3 9 1585
470 15776334 11 1 11 9 0 236 9 1 10 9 2 8332 9 3 4817 9 4 972 9 5 94 9 6 9771 9 7 9807 9 8 22 9 9 215 9 10 59
471 15779103 1 1 1 10 7 7
472 16282012 121 11 11 0 0 44 1 0 22 2 0 111 3 0 468 4 0 66 5 0 22 6 0 22 7 0 714 8 0 22 9 0 22 10 0 22 0 1 1 1 1 1 2 1 1 3 1 1 4 1 1 5 1 1 6 1 1 7 1 1 8 1 1 9 1 1 10 1 10 0 2 2 1 2 5 2 2 5 3 2 2 4 2 2 5 2 2 6 2 2 7 2 20 8 2 14 9 2 2 10 2 2 0 3 1 1 3 1 2 3 1 3 3 1 4 3 1 5 3 1 6 3 1 7 3 1 8 3 1 9 3 1 10 3 1 0 4 4 1 4 4 2 4 4 3 4 4 4 4 17 5 4 22 6 4 4 7 4 4 8 4 4 9 4 13 10 4 8 0 5 17 1 5 1 2 5 2 3 5 2 4 5 1 5 5 43 6 5 1 7 5 1 8 5 1 9 5 1 10 5 1 0 6 1 1 6 1 2 6 1 3 6 1 4 6 1 5 6 1 6 6 48 7 6 1 8 6 1 9 6 1 10 6 1 0 7 10 1 7 65 2 7 10 3 7 21 4 7 10 5 7 10 6 7 21 7 7 10 8 7 10 9 7 32 10 7 10 0 8 10 1 8 1 2 8 1 3 8 1 4 8 1 5 8 1 6 8 1 7 8 22 8 8 1 9 8 1 10 8 3 0 9 16 1 9 16 2 9 16 3 9 16 4 9 32 5 9 423 6 9 16 7 9 32 8 9 228 9 9 16 10 9 16 0 10 2 1 10 1 2 10 1 3 10 1 4 10 1 5 10 1 6 10 4 7 10 1 8 10 1 9 10 3 10 10 1
473 16328038 11 1 11 7 0 51 7 1 15725 7 2 1757 7 3 606 7 4 30 7 5 18 7 6 19 7 7 760 7 8 14 7 9 18940 7 10 64
474 16329332 1 1 1 10 7 41
475 16335563 2 2 1 7 10 40 9 10 20
476 16360402 11 1 11 2 0 28 2 1 659 2 2 60 2 3 152 2 4 4 2 5 10 2 6 299 2 7 69 2 8 39029 2 9 228 2 10 215
477 16361288 1 1 1 10 6 174
478 16840161 121 11 11 0 0 186 1 0 186 2 0 186 3 0 931 4 0 372 5 0 186 6 0 186 7 0 186 8 0 186 9 0 186 10 0 186 0 1 1 1 1 8 2 1 1 3 1 4 4 1 1 5 1 1 6 1 5 7 1 1 8 1 18 9 1 1 10 1 1 0 2 402 1 2 2416 2 2 2013 3 2 402 4 2 805 5 2 1208 6 2 402 7 2 402 8 2 402 9 2 402 10 2 805 0 3 8 1 3 61 2 3 8 3 3 17 4 3 61 5 3 35 6 3 8 7 3 8 8 3 17 9 3 8 10 3 8 0 4 259 1 4 259 2 4 259 3 4 259 4 4 259 5 4 259 6 4 259 7 4 259 8 4 6993 9 4 259 10 4 518 0 5 155 1 5 155 2 5 311 3 5 311 4 5 155 5 5 155 6 5 155 7 5 155 8 5 155 9 5 3890 10 5 155 0 6 3 1 6 3 2 6 7 3 6 3 4 6 3 5 6 11 6 6 3 7 6 59 8 6 3 9 6 3 10 6 7 0 7 9 1 7 3 2 7 3 3 7 9 4 7 3 5 7 3 6 7 12 7 7 6 8 7 3 9 7 3 10 7 3 0 8 10 1 8 10 2 8 10 3 8 21 4 8 10 5 8 10 6 8 10 7 8 42 8 8 10 9 8 42 10 8 10 0 9 3 1 9 3 2 9 18 3 9 3 4 9 12 5 9 139 6 9 3 7 9 6 8 9 3 9 9 6 10 9 6 0 10 113 1 10 680 2 10 141 3 10 28 4 10 28 5 10 15478 6 10 28 7 10 28 8 10 28 9 10 113 10 10 56
479 16841842 1 1 1 3 8 28
480 16853935 2 2 1 5 6 20 8 6 71
481 16856672 1 1 1 1 4 13098
482 16889446 5 5 2 5 4 43 7 4 43 10 4 43 0 10 86 2 10 43
483 16891383 1 1 1 5 1 167
484 16912902 3 3 2 7 8 37 6 10 598 10 10 6580
485 16913572 1 1 1 10 9 12661
486 16913664 1 1 1 6 10 2
487 16914227 1 1 1 10 8 33150
488 17408705 121 11 11 0 0 2 1 0 2 2 0 2 3 0 2 4 0 2 5 0 2 6 0 2 7 0 11 8 0 2 9 0 35 10 0 2 0 1 1 1 1 1 2 1 1 3 1 1 4 1 1 5 1 9 6 1 1 7 1 1 8 1 1 9 1 2 10 1 6 0 2 12 1 2 6 2 2 6 3 2 19 4 2 6 5 2 57 6 2 88 7 2 6 8 2 6 9 2 6 10 2 12 0 3 3 1 3 3 2 3 13 3 3 1 4 3 1 5 3 1 6 3 1 7 3 3 8 3 7 9 3 1 10 3 1 0 4 7 1 4 7 2 4 7 3 4 7 4 4 23 5 4 55 6 4 15 7 4 7 8 4 31 9 4 7 10 4 23 0 5 7 1 5 14 2 5 58 3 5 14 4 5 7 5 5 21 6 5 7 7 5 7 8 5 7 9 5 14 10 5 7 0 6 4 1 6 4 2 6 4 3 6 4 4 6 9 5 6 4 6 6 69 7 6 4 8 6 4 9 6 4 10 6 4 0 7 43 1 7 86 2 7 172 3 7 43 4 7 43 5 7 43 6 7 86 7 7 43 8 7 86 9 7 1206 10 7 1076 0 8 8 1 8 8 2 8 8 3 8 16 4 8 16 5 8 8 6 8 8 7 8 8 8 8 16 9 8 8 10 8 16 0 9 202 1 9 202 2 9 101 3 9 50 4 9 50 5 9 456 6 9 50 7 9 50 8 9 101 9 9 354 10 9 50 0 10 126 1 10 126 2 10 1260 3 10 378 4 10 252 5 10 126 6 10 5670 7 10 252 8 10 126 9 10 126 10 10 126
489 17409535 1 1 1 5 1 98
490 17457272 15 5 5 0 0 1 6 0 6 7 0 1 0 1 902 5 1 150 7 1 300 5 4 10 6 4 10 10 4 10 7 6 168 10 6 168 0 8 48 5 8 16 6 8 16 10 8 16
491 17464821 1 1 1 5 3 114
492 17487786 6 6 2 0 5 11 6 5 11 1 10 10 4 10 20 8 10 10 10 10 20
493 17487866 1 1 1 3 9 1016
494 17493554 1 1 1 7 5 114
495 17601743 22 11 4 0 1 1 1 1 1 2 1 1 4 1 1 5 1 1 6 1 1 7 1 8 8 1 1 9 1 1 10 1 1 4 3 43 5 3 8 1 4 1938 3 4 1938 7 4 1938 0 7 67 2 7 67 3 7 135 6 7 67 8 7 473 9 7 135 10 7 5611
496 17618432 2 2 1 2 9 23 10 9 71
497 17624444 1 1 1 2 8 10
498 17626504 1 1 1 5 0 213
499 17626581 1 1 1 6 8 3
500 17627119 1 1 1 7 5 77
501 17630825 1 1 1 7 10 3
502 17639911 1 1 1 8 8 708
503 17771900 33 3 11 3 0 1 4 0 1 9 0 25 3 1 417 4 1 417 9 1 835 3 2 1 4 2 5 9 2 104 3 3 14 4 3 43 9 3 29 3 4 36 4 4 73 9 4 92 3 5 25 4 5 25 9 5 25 3 6 64 4 6 25 9 6 12 3 7 74 4 7 24 9 7 24 3 8 22169 4 8 11084 9 8 33254 3 9 5 4 9 1 9 9 1 3 10 18 4 10 148 9 10 167
504 17774292 1 1 1 3 2 82
505 17775368 1 1 1 9 6 167
506 17783423 1 1 1 5 5 68
507 17796091 3 3 1 1 9 11 4 9 11 6 9 11
508 17800002 2 2 1 3 1 4 7 1 4
509 17846135 11 1 11 2 0 121 2 1 39061 2 2 2419 2 3 46 2 4 20 2 5 161 2 6 103 2 7 19603 2 8 7709 2 9 36 2 10 19013
510 17852174 1 1 1 9 5 16
511 17854699 1 1 1 6 10 41
512 17855284 1 1 1 10 1 177
513 17861613 1 1 1 1 9 4788
514 17885898 6 3 3 4 3 806 6 3 806 3 4 138 4 4 46 3 10 3 6 10 1
515 17921395 6 6 1 1 2 19 4 2 6 6 2 39 8 2 6 9 2 19 10 2 6
516 18044587 33 3 11 1 0 1953 3 0 7812 7 0 1953 1 1 1 3 1 3 7 1 57 1 2 23 3 2 23 7 2 71 1 3 28 3 3 28 7 3 28 1 4 28 3 4 28 7 4 28 1 5 136 3 5 68 7 5 68 1 6 22 3 6 22 7 6 44 1 7 2643 3 7 3965 7 7 1321 1 8 2 3 8 1 7 8 8 1 9 50 3 9 25 7 9 126 1 10 28 3 10 142 7 10 85
517 18060630 2 2 2 3 1 47 1 6 87
518 18060747 1 1 1 2 3 33
519 18061520 1 1 1 2 4 166
520 18070016 4 4 1 6 8 29 7 8 29 8 8 29 9 8 29
521 18071815 1 1 1 4 6 115
522 18078487 1 1 1 7 8 28
523 18154626 11 1 11 9 0 8 9 1 1416 9 2 108 9 3 4723 9 4 12682 9 5 1950 9 6 140 9 7 101 9 8 4214 9 9 18 9 10 87
524 18202294 11 1 11 4 0 1426 4 1 2466 4 2 106 4 3 263 4 4 712 4 5 234 4 6 11 4 7 90 4 8 117 4 9 3103 4 10 17
525 18212473 2 2 2 8 2 37 10 4 27496
526 18259589 10 1 10 10 0 26 10 1 1286 10 2 178 10 3 6189 10 5 977 10 6 19032 10 7 60 10 8 9238 10 9 14977 10 10 704
527 18260748 1 1 1 7 2 2426
528 18299709 15 5 5 2 0 334 4 0 334 1 3 3952 2 3 1976 3 3 1976 6 3 1976 1 5 4926 3 5 4926 4 5 4926 1 8 1252 3 8 96 4 8 96 6 8 96 2 10 408 6 10 58
529 18299971 1 1 1 6 3 91
530 18304392 1 1 1 8 4 12050
531 18308566 1 1 1 8 8 79
532 18329896 3 3 1 6 9 49 7 9 56 9 9 6
533 18330846 1 1 1 7 5 82
534 18333322 1 1 1 1 1 72
535 18337995 1 1 1 6 9 4
536 18342249 1 1 1 1 7 81
537 18350901 2 2 2 0 3 202 2 8 9251
538 18356467 1 1 1 7 6 88
539 18413576 9 3 3 4 0 416 6 0 1666 7 0 833 4 1 17 6 1 23 7 1 5 4 2 1 6 2 1 7 2 8
540 18417970 1 1 1 2 5 24
541 18427984 2 2 1 3 3 42 5 3 42
542 18429516 1 1 1 2 9 241
543 18431236 1 1 1 0 10 17754
544 18438006 2 2 1 0 9 24 2 9 1
545 18670366 55 11 10 1 0 379 3 0 379 5 0 758 6 0 379 7 0 379 2 1 70 4 1 210 8 1 70 0 2 8 1 2 8 2 2 8 5 2 50 6 2 16 7 2 8 9 2 8 10 2 8 0 3 51 1 3 12 2 3 51 3 3 25 5 3 25 7 3 528 9 3 25 10 3 12 0 4 534 2 4 1068 4 4 133 5 4 133 9 4 267 2 6 842 3 6 1684 6 6 5895 7 6 842 8 6 2526 3 7 600 6 7 1200 7 7 600 0 8 20 1 8 20 4 8 20 8 8 62 9 8 20 10 8 20 4 9 7 5 9 15 6 9 7 8 9 22 9 9 7 10 9 7 0 10 14 1 10 14 3 10 14 4 10 14 8 10 28 10 10 42
546 18715002 11 1 11 2 0 201 2 1 7700 2 2 84 2 3 108 2 4 188 2 5 81 2 6 635 2 7 192 2 8 17341 2 9 7742 2 10 91
547 18752436 11 1 11 5 0 48 5 1 1174 5 2 2 5 3 304 5 4 96 5 5 230 5 6 93 5 7 10 5 8 2717 5 9 10 5 10 22
548 18759746 1 1 1 8 9 659
549 18763203 1 1 1 5 2 46
550 18765096 1 1 1 5 10 181
551 18838978 20 4 9 2 0 17 3 0 17 9 0 17 0 1 24 3 1 24 9 1 48 2 2 6931 9 2 20795 2 4 1 3 4 1 9 4 1 2 6 177 0 7 30 9 7 30 0 8 2537 3 8 7611 0 9 56 0 10 12 2 10 24 3 10 24
552 18853837 3 3 1 1 3 3 3 3 27 8 3 24
553 18857453 1 1 1 6 8 211
554 18878059 5 5 1 0 5 2224 1 5 6672 3 5 2224 5 5 2224 9 5 2224
555 18880736 1 1 1 3 7 800
556 18890162 3 3 1 1 6 382 9 6 382 10 6 1147
557 18892131 1 1 1 4 7 693
558 18896711 2 2 1 5 5 5801 10 5 1450
559 18912954 2 2 1 1 5 26 3 5 2
560 18929513 8 8 2 1 7 1 3 7 7 7 7 1 8 7 11 9 7 1 10 7 1 2 10 64 6 10 128
561 18950338 4 4 2 0 6 80 9 6 40 10 6 40 8 9 369
562 18951380 2 2 2 1 2 151 5 7 2690
563 18987539 11 1 11 6 0 1929 6 1 33118 6 2 6 6 3 5 6 4 63 6 5 142 6 6 119 6 7 4781 6 8 24 6 9 309 6 10 14249
564 18988629 1 1 1 6 7 2622
565 18990496 1 1 1 7 10 4002
566 18995513 1 1 1 6 9 150
567 19011086 5 5 2 7 0 4 10 0 19 0 10 102 2 10 51 8 10 154
568 19015906 2 2 1 3 5 24 7 5 6
569 19019121 2 2 1 3 10 16 9 10 16
570 19021797 1 1 1 5 5 82
571 19025041 1 1 1 4 9 190
572 19100531 16 8 4 2 1 7318 6 1 1568 7 1 522 1 3 6516 6 3 6516 8 3 6516 10 3 6516 1 8 3 2 8 7 4 8 3 5 8 3 7 8 3 8 8 7 4 9 15 5 9 7 10 9 22
573 19113038 2 2 2 1 3 32 2 10 3
574 19117291 2 2 2 0 3 36 9 4 87
575 19121286 1 1 1 10 1 64
576 19177200 11 1 11 1 0 55 1 1 22273 1 2 66 1 3 25447 1 4 315 1 5 172 1 6 38 1 7 388 1 8 55 1 9 117 1 10 9
577 19665743 99 11 11 0 0 23 1 0 11 2 0 11 3 0 11 4 0 11 6 0 23 7 0 11 8 0 59 9 0 11 10 0 11 1 1 1 2 1 42 4 1 1 5 1 1 6 1 1 7 1 1 8 1 1 9 1 1 10 1 1 0 2 15 1 2 3 2 2 3 3 2 3 4 2 3 5 2 15 6 2 15 9 2 3 10 2 11 0 3 1 2 3 1 3 3 1 4 3 2 5 3 2 6 3 7 7 3 2 8 3 1 9 3 1 0 4 119 1 4 119 2 4 359 3 4 479 4 4 1317 5 4 1556 6 4 119 7 4 119 8 4 119 9 4 4790 10 4 119 0 5 12 2 5 18 3 5 6 4 5 107 5 5 6 6 5 6 7 5 12 8 5 6 9 5 6 10 5 6 0 6 11 1 6 11 3 6 11 4 6 22 5 6 11 7 6 11 8 6 11 1 7 412 2 7 137 3 7 687 5 7 137 6 7 137 7 7 137 9 7 274 10 7 137 0 8 2 1 8 1 2 8 6 3 8 1 4 8 16 7 8 1 8 8 1 10 8 1 0 9 344 1 9 344 2 9 688 5 9 344 6 9 344 8 9 344 9 9 2064 10 9 2752 0 10 1 1 10 1 3 10 1 4 10 1 5 10 1 6 10 1 7 10 1 8 10 1 9 10 1 10 10 1
578 19666808 1 1 1 7 3 38969
579 19678774 3 3 1 1 4 2999 4 4 2999 6 4 2999
580 19918481 66 11 11 3 0 3045 4 0 3045 8 0 3045 10 0 18270 0 1 447 1 1 447 6 1 447 7 1 19679 9 1 447 10 1 447 3 2 224 4 2 37 8 2 18 9 2 18 10 2 18 1 3 301 2 3 1808 3 3 1507 5 3 602 7 3 301 8 3 602 9 3 904 0 4 2 2 4 10 4 4 2 5 4 2 6 4 2 3 5 4 4 5 4 6 5 9 7 5 4 8 5 9 9 5 4 2 6 2730 3 6 546 4 6 546 5 6 1638 6 6 546 7 6 546 9 6 546 10 6 2184 0 7 34 1 7 69 3 7 69 5 7 34 0 8 5 1 8 188 2 8 5 6 8 16 7 8 5 8 8 5 10 8 5 0 9 205 1 9 102 2 9 102 5 9 102 8 9 102 9 9 102 10 9 102 0 10 134 1 10 44 2 10 134 4 10 89 5 10 44 6 10 134 7 10 1797
581 19980334 16 8 4 6 0 2770 7 0 11080 9 0 16620 10 0 2770 0 2 16 1 2 16 6 2 16 8 2 32 10 2 32 0 6 534 2 6 178 8 6 356 9 6 178 1 10 6 2 10 39 7 10 45
582 19983398 1 1 1 2 3 12020
583 19999240 1 1 1 9 3 23712
584 20016292 1 1 1 6 9 12
585 20028722 2 2 1 7 10 143 9 10 143
586 20051878 6 6 1 3 3 3 4 3 31 5 3 3 7 3 15 8 3 3 9 3 3
587 20118699 11 1 11 9 0 5257 9 1 698 9 2 18 9 3 47 9 4 148 9 5 102 9 6 1344 9 7 42 9 8 25 9 9 84 9 10 198
588 20147946 6 3 3 4 5 2 6 5 235 4 7 173 6 7 2078 9 7 173 9 9 25
589 20148613 1 1 1 9 8 93
590 20149501 1 1 1 6 6 357
591 20185164 3 1 3 6 0 75 6 3 62 6 4 425
592 20261032 21 7 6 0 1 190 2 2 6 5 2 3 9 2 1415 0 3 19 2 3 9 6 3 9 8 3 9 9 3 19 3 4 5 5 4 265 6 4 1 8 4 7 0 5 5 2 5 36 3 5 5 5 5 5 8 5 42 3 8 50 6 8 50 9 8 25
593 20261082 1 1 1 3 7 83
594 20292591 11 1 11 1 0 225 1 1 344 1 2 76 1 3 114 1 4 652 1 5 1442 1 6 212 1 7 17 1 8 81 1 9 2 1 10 110
595 20293190 1 1 1 2 2 199
596 20320401 3 3 1 0 6 9 8 6 19 9 6 9
597 20344823 5 5 1 0 2 1929 2 2 643 5 2 643 9 2 1286 10 2 643
598 20352863 2 2 1 2 1 146 4 1 146
599 20356080 1 1 1 10 4 66
600 20360565 1 1 1 3 4 17
601 20368378 1 1 1 9 10 92
602 20372831 1 1 1 6 2 80
603 20377618 3 3 1 6 10 4 7 10 4 9 10 53
604 20382320 2 2 1 4 3 5 7 3 5
605 20385874 1 1 1 1 3 256
606 20388706 1 1 1 0 8 114
607 20649417 66 6 11 1 0 15 2 0 15 3 0 15 6 0 31 9 0 15 10 0 15 1 1 49 2 1 49 3 1 49 6 1 49 9 1 196 10 1 49 1 2 2 2 2 15 3 2 1 6 2 1 9 2 1 10 2 1 1 3 1208 2 3 604 3 3 604 6 3 604 9 3 2416 10 3 604 1 4 5 2 4 5 3 4 5 6 4 47 9 4 5 10 4 41 1 5 6 2 5 6 3 5 42 6 5 6 9 5 6 10 5 12 1 6 189 2 6 94 3 6 189 6 6 284 9 6 568 10 6 94 1 7 10 2 7 25 3 7 3 6 7 3 9 7 65 10 7 3 1 8 907 2 8 7258 3 8 907 6 8 907 9 8 1814 10 8 907 1 9 2 2 9 2 3 9 2 6 9 2 9 9 9 10 9 11 1 10 1 2 10 11 3 10 1 6 10 1 9 10 1 10 10 1
608 20649990 1 1 1 8 2 13
609 20652519 1 1 1 10 4 99
610 21277136 121 11 11 0 0 8 1 0 4 2 0 4 3 0 4 4 0 4 5 0 12 6 0 4 7 0 12 8 0 17 9 0 4 10 0 4 0 1 2 1 1 2 2 1 4 3 1 2 4 1 2 5 1 2 6 1 8 7 1 2 8 1 127 9 1 2 10 1 2 0 2 12 1 2 25 2 2 12 3 2 25 4 2 25 5 2 12 6 2 12 7 2 38 8 2 12 9 2 25 10 2 12 0 3 1 1 3 1 2 3 1 3 3 1 4 3 1 5 3 1 6 3 1 7 3 1 8 3 1 9 3 1 10 3 12 0 4 8 1 4 2 2 4 2 3 4 2 4 4 5 5 4 83 6 4 2 7 4 86 8 4 2 9 4 2 10 4 11 0 5 3 1 5 7 2 5 3 3 5 3 4 5 7 5 5 10 6 5 3 7 5 3 8 5 35 9 5 3 10 5 3 0 6 44 1 6 29 2 6 59 3 6 14 4 6 14 5 6 14 6 6 14 7 6 14 8 6 14 9 6 14 10 6 14 0 7 38 1 7 48 2 7 9 3 7 19 4 7 9 5 7 9 6 7 29 7 7 9 8 7 9 9 7 9 10 7 19 0 8 389 1 8 129 2 8 779 3 8 129 4 8 129 5 8 129 6 8 1168 7 8 129 8 8 649 9 8 129 10 8 129 0 9 1 1 9 1 2 9 1 3 9 1 4 9 1 5 9 1 6 9 1 7 9 1 8 9 1 9 9 1 10 9 1 0 10 39 1 10 9 2 10 29 3 10 9 4 10 19 5 10 9 6 10 9 7 10 9 8 10 9 9 10 9 10 10 49
611 21283483 1 1 1 3 9 66498
612 21596451 77 7 11 0 0 5 2 0 8 4 0 36 6 0 24 7 0 1 8 0 1 9 0 6 0 1 15 2 1 141 4 1 15 6 1 15 7 1 15 8 1 15 9 1 15 0 2 1 2 2 1 4 2 4 6 2 7 7 2 1 8 2 18 9 2 5 0 3 6 2 3 1 4 3 3 6 3 1 7 3 1 8 3 1 9 3 1 0 4 9 2 4 9 4 4 9 6 4 9 7 4 9 8 4 38 9 4 77 0 5 164 2 5 164 4 5 164 6 5 164 7 5 164 8 5 164 9 5 328 0 6 10 2 6 5 4 6 214 6 6 5 7 6 10 8 6 10 9 6 5 0 7 464 2 7 928 4 7 464 6 7 464 7 7 13932 8 7 464 9 7 2322 0 8 1031 2 8 1031 4 8 1031 6 8 1031 7 8 5157 8 8 1031 9 8 1031 0 9 1 2 9 30 4 9 4 6 9 1 7 9 8 8 9 1 9 9 20 0 10 1 2 10 1 4 10 5 6 10 7 7 10 1 8 10 5 9 10 5
613 21597469 2 2 1 1 9 6 9 9 6
614 21600799 1 1 1 9 9 144
615 21610441 2 2 1 3 9 678 7 9 1357
616 21630472 6 3 3 7 2 25 8 2 77 2 6 1309 2 8 4 7 8 29 8 8 4
617 21631162 1 1 1 7 2 5
618 21675044 10 5 4 1 0 622 3 0 1245 8 0 622 1 5 66 5 5 66 6 5 66 8 5 66 3 8 15163 5 9 3 6 9 3
619 21686456 1 1 1 4 9 150
620 21696506 2 2 1 1 6 40 5 6 20
621 21732227 11 1 11 6 0 3212 6 1 92 6 2 8985 6 3 1274 6 4 78 6 5 142 6 6 274 6 7 59 6 8 183 6 9 5644 6 10 102
622 21732986 1 1 1 4 3 467
623 21761824 5 5 1 1 5 1684 3 5 210 6 5 210 8 5 5053 9 5 210
624 21763563 1 1 1 7 2 209
625 21774654 2 2 1 5 2 26 9 2 26
626 21786943 5 5 1 0 8 7 2 8 5 3 8 2 4 8 2 8 8 2
627 21787615 1 1 1 6 9 37
628 21791229 1 1 1 5 1 111
629 22214767 88 11 11 0 0 31 1 0 12 2 0 6 4 0 6 6 0 6 7 0 6 8 0 6 9 0 12 0 1 13 1 1 13 3 1 6 5 1 6 6 1 6 7 1 6 8 1 6 10 1 20 0 2 1679 1 2 1 5 2 1 6 2 2 7 2 1 8 2 1 9 2 1 10 2 1 0 3 28 2 3 28 3 3 28 4 3 28 5 3 28 6 3 28 1 4 1 2 4 18 3 4 1 4 4 11 5 4 5 7 4 1 8 4 1 9 4 1 10 4 1 0 5 244 1 5 734 2 5 244 3 5 244 4 5 244 5 5 244 6 5 244 8 5 244 10 5 244 0 6 373 2 6 622 4 6 124 6 6 124 7 6 124 9 6 124 10 6 871 0 7 9 1 7 9 2 7 9 3 7 18 4 7 27 7 7 9 8 7 9 9 7 163 0 8 3 1 8 6 3 8 22 4 8 15 5 8 3 6 8 9 7 8 6 8 8 3 9 8 3 10 8 9 2 9 5 3 9 5 4 9 11 5 9 29 6 9 5 9 9 11 10 9 5 1 10 61 2 10 2 3 10 5 5 10 2 7 10 23 8 10 2 9 10 2 10 10 2
630 22215571 1 1 1 5 8 99807
631 22229786 2 2 1 1 5 1 7 5 4
632 22233304 1 1 1 4 10 1448
633 22240875 1 1 1 5 2 1408
634 22243669 1 1 1 4 1 195
635 22252061 1 1 1 3 9 8
636 22258387 1 1 1 0 5 76
637 22261184 1 1 1 1 1 99494
638 22295945 8 4 3 2 0 647 3 0 647 4 0 647 2 2 481 3 2 1926 7 2 481 4 3 3034 7 3 3034
639 22334814 7 1 7 0 0 37 0 3 30 0 4 96 0 5 129 0 6 16204 0 8 197 0 10 86
640 22639392 77 7 11 0 0 42 1 0 12 3 0 6 4 0 6 5 0 6 6 0 6 7 0 6 0 1 1007 1 1 2014 3 1 1007 4 1 1007 5 1 6044 6 1 1007 7 1 1007 0 2 89 1 2 44 3 2 44 4 2 44 5 2 89 6 2 267 7 2 222 0 3 1 1 3 1 3 3 1 4 3 1 5 3 1 6 3 2 7 3 16 0 4 24 1 4 24 3 4 24 4 4 24 5 4 24 6 4 24 7 4 24 0 5 1 1 5 1 3 5 1 4 5 1 5 5 1 6 5 5 7 5 1 0 6 6 1 6 6 3 6 19 4 6 6 5 6 6 6 6 13 7 6 73 0 7 779 1 7 389 3 7 389 4 7 389 5 7 389 6 7 6235 7 7 389 0 8 2391 1 8 597 3 8 1793 4 8 597 5 8 597 6 8 2988 7 8 597 0 9 60 1 9 763 3 9 20 4 9 20 5 9 40 6 9 60 7 9 20 0 10 16 1 10 16 3 10 16 4 10 16 5 10 99 6 10 16 7 10 16
641 22642954 1 1 1 2 9 90
642 22652743 3 3 1 0 2 70 4 2 70 6 2 70
643 22656239 2 2 1 0 2 75 10 2 226
644 22659335 1 1 1 5 1 3129
645 22670139 2 2 2 10 2 73 5 3 52
646 22703495 11 1 11 8 0 1986 8 1 1476 8 2 95 8 3 30 8 4 281 8 5 80 8 6 117 8 7 101 8 8 45 8 9 224 8 10 85
647 22710243 1 1 1 7 5 11
648 22715442 1 1 1 2 5 2962
649 22721808 2 2 1 1 3 223 10 3 446
650 22781171 11 1 11 2 0 17 2 1 347 2 2 19627 2 3 9779 2 4 19439 2 5 185 2 6 20254 2 7 12653 2 8 1032 2 9 56 2 10 51
651 22783325 1 1 1 10 3 1952
652 22783411 1 1 1 0 0 46
653 22786014 1 1 1 2 8 30
654 22788725 1 1 1 9 4 55
655 22793833 1 1 1 5 9 2
656 22795279 1 1 1 1 3 15807
657 22797564 1 1 1 0 0 45
658 22902626 18 6 5 3 1 3823 7 1 294 3 3 2284 6 3 4569 10 3 4569 1 4 15 3 4 15 5 4 15 6 4 31 7 4 79 1 8 1132 5 8 2264 7 8 1132 10 8 3396 1 9 41 5 9 27 6 9 27 10 9 6
659 22968826 11 1 11 5 0 1334 5 1 204 5 2 193 5 3 13 5 4 330 5 5 1924 5 6 226 5 7 90 5 8 143 5 9 40 5 10 9017
660 22970219 2 2 1 1 3 1 3 3 7
661 22970758 1 1 1 7 0 25
662 23038971 10 10 1 0 2 11 1 2 3 2 2 3 3 2 3 4 2 11 5 2 7 6 2 3 8 2 3 9 2 3 10 2 11
663 23044467 1 1 1 10 3 19
664 23050230 1 1 1 2 8 99
665 23054736 2 2 2 8 0 76 1 5 5757
666 23062891 6 3 3 3 2 9 10 2 27 2 4 72 3 4 54 2 6 119 10 6 119
667 23103680 11 1 11 7 0 188 7 1 121 7 2 74 7 3 9587 7 4 299 7 5 44 7 6 238 7 7 8871 7 8 51 7 9 42 7 10 201
668 23116334 1 1 1 10 5 52
669 23116357 1 1 1 5 6 21
670 23120198 2 2 1 2 6 8054 4 6 4027
671 23123953 1 1 1 3 1 137
672 23135888 2 2 1 3 7 2639 7 7 2639
673 23258731 44 4 11 0 0 1407 3 0 1407 7 0 1407 8 0 1407 0 1 21 3 1 21 7 1 21 8 1 21 0 2 4 3 2 1 7 2 1 8 2 1 0 3 46 3 3 1 7 3 1 8 3 1 0 4 38 3 4 38 7 4 115 8 4 38 0 5 6 3 5 6 7 5 6 8 5 26 0 6 6 3 6 20 7 6 6 8 6 6 0 7 11 3 7 69 7 7 23 8 7 23 0 8 7 3 8 31 7 8 3 8 8 3 0 9 1 3 9 8 7 9 2 8 9 29 0 10 57 3 10 19 7 10 19 8 10 19
674 23265210 1 1 1 5 1 132
675 23268966 1 1 1 3 9 88
676 23528830 66 11 11 3 0 720 6 0 240 7 0 480 8 0 720 10 0 120 2 1 23 3 1 92 4 1 23 6 1 23 8 1 23 9 1 46 0 2 4741 5 2 9483 10 2 4741 0 3 1079 3 3 179 7 3 539 8 3 179 9 3 719 0 4 7 1 4 1 2 4 2 4 4 1 8 4 1 9 4 7 10 4 1 1 5 3 2 5 3 3 5 21 4 5 3 5 5 3 6 5 80 7 5 3 0 6 131 1 6 790 2 6 526 3 6 1053 4 6 1712 5 6 131 9 6 1712 1 7 257 3 7 257 5 7 515 6 7 257 10 7 257 1 8 437 6 8 875 7 8 437 8 8 437 10 8 437 0 9 2013 1 9 4027 2 9 2013 4 9 44306 5 9 2013 7 9 2013 9 9 2013 0 10 204 2 10 102 4 10 102 5 10 1020 6 10 5408 7 10 204 8 10 102 9 10 510 10 10 102
677 23529209 1 1 1 1 1 43
678 23529638 1 1 1 6 8 8232
679 23560164 3 3 1 0 0 27 7 0 27 8 0 27
680 23562561 1 1 1 10 9 23
681 23563876 2 2 1 4 8 10 5 8 101
682 23565229 1 1 1 0 3 53
683 23666491 18 6 6 2 2 52 4 2 105 9 2 263 2 4 39 10 4 78 5 5 30 6 5 5 4 7 20 5 7 40 6 7 20 10 7 20 2 8 82 9 8 82 4 9 2 5 9 2 6 9 3 9 9 6 10 9 2
684 24048390 88 8 11 2 0 17 4 0 17 5 0 70 6 0 17 7 0 35 8 0 17 9 0 17 10 0 17 2 1 1 4 1 1 5 1 1 6 1 1 7 1 6 8 1 1 9 1 4 10 1 1 2 2 14 4 2 29 5 2 4 6 2 9 7 2 4 8 2 4 9 2 34 10 2 4 2 3 1 4 3 1 5 3 14 6 3 1 7 3 1 8 3 1 9 3 1 10 3 1 2 4 568 4 4 284 5 4 853 6 4 1137 7 4 1422 8 4 568 9 4 853 10 4 284 2 5 1658 4 5 1658 5 5 1658 6 5 14923 7 5 1658 8 5 829 9 5 4145 10 5 829 2 6 9 4 6 9 5 6 9 6 6 27 7 6 9 8 6 9 9 6 9 10 6 9 2 7 18 4 7 18 5 7 18 6 7 18 7 7 18 8 7 91 9 7 18 10 7 18 2 8 1 4 8 1 5 8 10 6 8 2 7 8 2 8 8 1 9 8 1 10 8 1 2 9 1 4 9 1 5 9 1 6 9 1 7 9 1 8 9 1 9 9 1 10 9 1 2 10 7 4 10 7 5 10 14 6 10 7 7 10 14 8 10 7 9 10 7 10 10 7
685 24093265 11 11 3 2 1 204 4 1 204 5 1 1224 8 1 9797 0 5 434 3 5 868 9 5 434 1 6 76 6 6 1 7 6 1 10 6 1
686 24094577 1 1 1 3 3 16238
687 24095445 1 1 1 10 6 27499
688 24097064 1 1 1 2 0 31
689 24101859 1 1 1 1 4 6463
690 24112987 1 1 1 9 3 70
691 24124029 2 2 1 0 6 3036 7 6 3036
692 24141360 2 2 1 1 9 8 6 9 4
693 24286951 36 9 8 2 0 4 7 0 4 8 0 9 10 0 4 1 2 476 2 2 1907 3 2 476 6 2 476 7 2 476 9 2 953 0 4 424 1 4 1484 3 4 636 6 4 212 7 4 212 8 4 212 0 5 14399 2 6 51 3 6 102 6 6 51 8 6 102 9 6 51 10 6 51 1 7 103 7 7 2788 9 7 103 0 8 58 1 8 58 10 8 58 0 9 1 2 9 1 3 9 1 6 9 1 8 9 2 9 9 3 10 9 49
694 24299904 1 1 1 7 4 2590
695 24311387 2 2 1 2 9 124 6 9 124
696 24353167 11 1 11 10 0 8989 10 1 4791 10 2 78 10 3 49 10 4 1947 10 5 85 10 6 27 10 7 38 10 8 69 10 9 104 10 10 76
697 24366567 1 1 1 9 10 215
698 24368233 1 1 1 8 8 45
699 24371339 1 1 1 2 1 64
700 24373945 2 2 1 4 9 76 9 9 38
701 24376315 1 1 1 4 0 66
702 24388653 1 1 1 2 6 38
703 24401071 1 1 1 1 8 426
704 24720834 77 7 11 0 0 59 1 0 2 3 0 2 4 0 2 6 0 4 7 0 11 10 0 1 0 1 19 1 1 39 3 1 19 4 1 19 6 1 19 7 1 39 10 1 39 0 2 13 1 2 13 3 2 13 4 2 13 6 2 26 7 2 13 10 2 92 0 3 915 1 3 1830 3 3 915 4 3 2746 6 3 1830 7 3 915 10 3 3661 0 4 14 1 4 14 3 4 14 4 4 14 6 4 28 7 4 14 10 4 14 0 5 2804 1 5 2804 3 5 2804 4 5 2804 6 5 2804 7 5 2804 10 5 2804 0 6 1477 1 6 6834 3 6 184 4 6 184 6 6 184 7 6 9974 10 6 738 0 7 8 1 7 4 3 7 4 4 7 8 6 7 4 7 7 8 10 7 8 0 8 158 1 8 8 3 8 8 4 8 8 6 8 8 7 8 8 10 8 8 0 9 6 1 9 2 3 9 2 4 9 2 6 9 6 7 9 2 10 9 26 0 10 6 1 10 3 3 10 27 4 10 6 6 10 6 7 10 13 10 10 3
705 24743660 11 11 2 0 2 23 1 2 2 7 2 4 9 2 44 10 2 10 2 6 1375 3 6 1375 4 6 1375 5 6 2750 6 6 1375 8 6 1375
706 24746398 1 1 1 7 8 22
707 24760352 1 1 1 6 2 8523
708 25026376 55 11 10 1 0 17 4 0 17 6 0 52 9 0 17 5 1 870 7 1 6090 10 1 2610 2 3 153 3 3 51 4 3 870 5 3 51 6 3 51 8 3 153 9 3 51 0 4 5 1 4 20 7 4 10 8 4 15 9 4 57 2 5 1546 3 5 1030 6 5 1030 8 5 1030 9 5 515 10 5 515 0 6 1 1 6 1 2 6 1 3 6 1 4 6 1 5 6 1 7 6 1 10 6 1 0 7 8 2 7 48 3 7 8 4 7 8 7 7 8 8 7 8 0 8 3940 2 8 7881 4 8 2627 5 8 1313 0 9 30 1 9 30 5 9 30 6 9 30 10 9 30 1 10 2 3 10 2 6 10 2 7 10 2 8 10 6 9 10 47 10 10 2
709 25027279 1 1 1 1 8 76
710 25030313 1 1 1 6 0 13
711 25067414 8 4 4 6 0 34 9 0 34 1 2 116 2 2 58 9 2 58 1 6 17 6 6 17 2 8 3
712 25614055 121 11 11 0 0 1 1 0 1 2 0 1 3 0 91 4 0 1 5 0 1 6 0 1 7 0 1 8 0 1 9 0 1 10 0 1 0 1 5 1 1 1 2 1 1 3 1 1 4 1 1 5 1 8 6 1 75 7 1 1 8 1 1 9 1 1 10 1 1 0 2 20 1 2 1 2 2 1 3 2 1 4 2 3 5 2 1 6 2 15 7 2 1 8 2 3 9 2 5 10 2 1 0 3 1 1 3 1 2 3 1 3 3 1 4 3 1 5 3 1 6 3 1 7 3 1 8 3 3 9 3 1 10 3 1 0 4 4 1 4 27 2 4 4 3 4 4 4 4 4 5 4 4 6 4 4 7 4 4 8 4 4 9 4 4 10 4 4 0 5 112 1 5 5172 2 5 2586 3 5 449 4 5 112 5 5 112 6 5 112 7 5 562 8 5 112 9 5 112 10 5 112 0 6 4748 1 6 1187 2 6 1187 3 6 3561 4 6 1187 5 6 1187 6 6 1187 7 6 1187 8 6 1187 9 6 1187 10 6 1187 0 7 3 1 7 15 2 7 3 3 7 68 4 7 3 5 7 3 6 7 3 7 7 3 8 7 46 9 7 3 10 7 24 0 8 11 1 8 11 2 8 22 3 8 33 4 8 11 5 8 11 6 8 11 7 8 11 8 8 11 9 8 11 10 8 11 0 9 1 1 9 1 2 9 1 3 9 1 4 9 98 5 9 1 6 9 1 7 9 1 8 9 1 9 9 1 10 9 1 0 10 193 1 10 193 2 10 1163 3 10 193 4 10 193 5 10 969 6 10 193 7 10 581 8 10 193 9 10 193 10 10 193
713 25653452 11 11 1 0 0 81 1 0 40 2 0 40 3 0 81 4 0 2688 5 0 40 6 0 40 7 0 81 8 0 40 9 0 81 10 0 40
714 25656807 1 1 1 8 7 117
715 25678994 3 3 1 3 6 7901 6 6 3950 9 6 3950
716 25725106 9 3 4 1 3 11846 5 3 23692 7 3 5923 1 7 15 7 7 15 5 9 222 1 10 2033 5 10 10169 7 10 4067
717 25725912 1 1 1 2 8 46928
718 25726553 1 1 1 7 2 5
719 25748971 8 4 4 1 1 60 2 1 2 8 1 2 1 2 50 3 2 100 8 3 6 2 9 28 3 9 56
720 25758281 1 1 1 1 9 348
721 25759019 1 1 1 7 3 238
722 25760821 1 1 1 0 1 18
723 25762393 1 1 1 0 5 113
724 25768955 3 3 2 4 4 2720 7 4 226 10 5 8495
725 25770044 1 1 1 1 0 43
726 25859980 15 5 5 3 3 8 7 3 4 10 3 4 3 4 14 4 4 21 6 4 35 10 4 7 3 6 12 4 6 12 6 6 48 7 6 12 7 9 4 10 9 2 4 10 2434 6 10 3651
727 25861827 1 1 1 4 8 43
728 25862101 1 1 1 3 5 81
729 25962063 22 11 4 0 1 12 1 1 6 2 1 6 4 1 12 5 1 44 7 1 6 8 1 6 3 4 29 4 4 29 5 4 29 6 4 29 10 4 29 0 5 7 1 5 31 2 5 15 3 5 7 7 5 31 9 5 7 10 5 7 6 10 6066 8 10 3033 9 10 3033
730 25967947 1 1 1 10 5 450
731 25968317 1 1 1 7 4 339
732 25969114 1 1 1 0 0 49
733 25980351 1 1 1 0 9 174
734 26102284 24 6 7 3 1 17 4 1 3 7 1 7 2 4 49 6 4 3 1 6 4 2 6 4 3 6 4 6 6 17 7 6 17 1 7 27 4 7 216 6 7 27 7 7 27 3 8 83 4 8 16 7 8 16 1 9 9 2 9 23 4 9 9 1 10 572 2 10 286 3 10 572 6 10 286
735 26156979 22 2 11 8 0 21 10 0 21 8 1 148 10 1 37 8 2 11 10 2 22 8 3 25 10 3 4 8 4 7 10 4 77 8 5 25 10 5 50 8 6 9031 10 6 3010 8 7 111 10 7 55 8 8 2204 10 8 1102 8 9 68 10 9 34 8 10 128 10 10 128
736 26187977 11 1 11 9 0 2923 9 1 6145 9 2 16 9 3 11 9 4 2 9 5 104 9 6 185 9 7 128 9 8 339 9 9 45 9 10 153
737 26222756 11 1 11 7 0 2349 7 1 53 7 2 95 7 3 627 7 4 22143 7 5 15837 7 6 198 7 7 68 7 8 102 7 9 14978 7 10 36
738 26223235 1 1 1 3 4 1720
739 26260713 11 1 11 8 0 12135 8 1 17 8 2 152 8 3 11873 8 4 72 8 5 45 8 6 148 8 7 9557 8 8 6 8 9 170 8 10 2685
740 26261761 1 1 1 2 2 1911
741 26265849 1 1 1 6 0 1983
742 26267575 1 1 1 9 6 12080
743 26273513 2 2 1 2 9 148 3 9 148
744 26273907 1 1 1 7 6 200
745 26275959 1 1 1 10 9 104
746 26286627 1 1 1 7 9 104
747 26301123 1 1 1 4 0 472
748 26309025 1 1 1 10 6 82
749 26392119 14 7 3 0 3 749 5 3 749 6 3 749 7 3 749 8 3 6744 9 3 5995 4 5 26 5 5 26 6 5 26 8 5 26 0 9 1 4 9 62 7 9 2 9 9 1
750 26399304 1 1 1 0 8 622
751 26399658 1 1 1 10 5 73
752 26676994 66 11 11 2 0 15 3 0 1 4 0 1 5 0 2 6 0 1 7 0 2 1 1 341 3 1 1195 6 1 85 9 1 341 10 1 85 0 2 4 1 2 4 5 2 4 6 2 8 7 2 4 9 2 4 10 2 4 1 3 4 2 3 8 5 3 8 8 3 8 0 4 6 4 4 79 9 4 24 1 5 86 2 5 86 3 5 86 4 5 172 6 5 86 7 5 86 8 5 604 9 5 345 10 5 517 0 6 2252 1 6 327 2 6 40 4 6 40 6 6 81 7 6 40 8 6 40 9 6 40 10 6 40 0 7 516 2 7 51 3 7 154 4 7 51 5 7 103 7 7 464 8 7 51 10 7 722 0 8 1438 3 8 110 4 8 110 5 8 110 10 8 4870 1 9 10 5 9 4 7 9 1 8 9 3 0 10 2 2 10 35 3 10 10 6 10 2 8 10 2 9 10 2
753 26677438 1 1 1 6 4 2700
754 26679141 1 1 1 10 5 229
755 26683725 1 1 1 4 1 17911
756 26684923 1 1 1 1 6 12
757 26686228 1 1 1 4 6 41274
758 26697354 2 2 1 4 1 2 8 1 114
759 26701812 1 1 1 8 2 184
760 26704186 1 1 1 5 9 112
761 26707604 1 1 1 10 8 52
762 26800070 32 8 7 6 0 11340 0 2 1356 2 2 84 4 2 84 6 2 1017 7 2 84 2 4 11 4 4 22 6 4 11 8 4 11 1 5 8 2 5 98 7 5 17 8 5 80 10 5 8 0 6 61 1 6 61 4 6 61 6 6 61 7 6 245 8 6 490 10 6 61 0 8 2 1 8 46 4 8 4 10 8 1 0 10 840 1 10 3990 2 10 1050 7 10 7561 8 10 210 10 10 630
763 26813675 5 5 1 0 6 11 1 6 22 2 6 22 6 6 34 7 6 79
764 26814605 1 1 1 8 6 11806
765 26821640 1 1 1 3 4 92
766 26904991 12 6 4 2 5 149 10 5 448 2 6 6 3 6 6 4 6 1 8 6 3 10 6 6 6 7 6416 3 9 258 4 9 1294 6 9 258 8 9 258
767 26940592 8 4 4 0 1 20758 6 1 20758 0 2 55 2 2 55 6 2 55 8 2 55 8 4 131 2 5 4875
768 26945921 1 1 1 1 3 257
769 26958651 2 2 1 4 0 124 5 0 124
770 26960762 1 1 1 0 2 119
771 27015880 11 1 11 4 0 5 4 1 103 4 2 49 4 3 2276 4 4 111 4 5 9779 4 6 24 4 7 43 4 8 9782 4 9 46 4 10 142
772 27016437 1 1 1 10 0 182
773 27022962 1 1 1 5 3 18
774 27060810 11 1 11 9 0 144 9 1 48 9 2 73 9 3 73 9 4 220 9 5 155 9 6 3010 9 7 287 9 8 32 9 9 100 9 10 108
775 27159117 22 2 11 3 0 9 6 0 43 3 1 75 6 1 37 3 2 23 6 2 94 3 3 56 6 3 56 3 4 47 6 4 141 3 5 7 6 5 7 3 6 78 6 6 78 3 7 67 6 7 67 3 8 614 6 8 614 3 9 56 6 9 28 3 10 30 6 10 30
776 27161081 2 2 2 7 2 30 9 3 96
777 27163557 1 1 1 0 5 3048
778 27181705 6 3 3 0 1 102 7 9 40 10 9 40 0 10 11708 7 10 40979 10 10 5854
779 27181845 1 1 1 5 9 10
780 27205515 11 1 11 9 0 2982 9 1 50 9 2 227 9 3 3 9 4 11934 9 5 69 9 6 192 9 7 9231 9 8 213 9 9 104 9 10 9
781 27206372 1 1 1 5 2 9020
782 27209662 1 1 1 1 6 78
783 27217535 1 1 1 3 9 107
784 27219460 1 1 1 9 5 234
785 27230284 3 1 3 5 0 22 5 5 59 5 10 8835
786 27273241 11 1 11 5 0 96 5 1 196 5 2 155 5 3 87 5 4 2299 5 5 204 5 6 121 5 7 27 5 8 56 5 9 63 5 10 18
787 27275829 1 1 1 7 2 50
788 27293835 11 1 11 9 0 11 9 1 594 9 2 2 9 3 134 9 4 235 9 5 21 9 6 37 9 7 607 9 8 168 9 9 1424 9 10 17
789 27385229 22 11 5 0 1 20 3 1 20 4 1 101 7 1 20 8 1 20 3 4 495 6 4 330 7 4 330 8 4 661 10 4 330 1 6 29 2 6 29 5 6 29 6 6 87 9 6 29 0 8 519 2 8 64 10 8 129 1 9 10 4 9 20 5 9 10 9 9 10
790 27390751 1 1 1 10 0 11851
791 27477197 18 6 5 1 1 159 4 1 53 6 1 106 1 5 18 2 5 18 3 5 18 5 5 18 2 6 34 5 6 10 6 6 1 3 8 39 4 8 9 5 8 9 6 8 49 1 9 364 2 9 364 3 9 364 4 9 364
792 27478540 1 1 1 8 0 40
793 27500095 7 7 1 0 1 63 1 1 25 2 1 12 3 1 4 5 1 4 6 1 4 7 1 4
794 27506092 1 1 1 8 0 3935
795 27750240 66 11 11 0 0 2206 1 0 735 2 0 1471 4 0 1471 6 0 1471 8 0 735 9 0 1471 10 0 2206 1 1 8 3 1 8 6 1 8 8 1 71 3 2 3 4 2 3 5 2 7 6 2 3 8 2 3 9 2 196 10 2 3 1 3 7 2 3 7 7 3 7 8 3 71 0 4 665 1 4 665 3 4 1995 4 4 1330 6 4 1330 7 4 665 9 4 665 10 4 665 0 5 31 4 5 31 5 5 62 10 5 31 0 6 4 2 6 4 3 6 100 5 6 4 7 6 8 8 6 8 9 6 8 10 6 4 0 7 3 2 7 3 3 7 3 5 7 6 6 7 20 7 7 10 9 7 3 10 7 36 1 8 2 2 8 5 3 8 5 4 8 5 5 8 2 7 8 19 9 8 36 0 9 1420 1 9 1420 5 9 1420 6 9 2840 7 9 1420 2 10 4 4 10 4 8 10 12
796 27803264 11 1 11 0 0 65 0 1 73 0 2 13042 0 3 8259 0 4 12063 0 5 191 0 6 9204 0 7 13014 0 8 103 0 9 5186 0 10 3143
797 28047223 55 11 10 0 0 854 1 0 100 2 0 351 3 0 754 4 0 50 5 0 150 7 0 50 9 0 301 1 1 6048 3 1 24195 5 1 6048 6 1 6048 7 1 6048 9 1 12097 10 1 6048 0 2 3964 3 2 3964 9 2 3964 1 3 3532 2 3 1766 4 3 1766 5 3 8831 7 3 1766 10 3 1766 4 5 218 5 5 218 6 5 436 7 5 218 8 5 218 10 5 436 0 6 1 1 6 1 8 6 12 9 6 1 10 6 1 1 7 5505 3 7 786 4 7 5505 5 7 786 8 7 786 9 7 1573 0 8 3 2 8 28 4 8 3 6 8 7 7 8 3 8 8 10 10 8 32 0 9 1 2 9 53 3 9 1 6 9 4 2 10 5 6 10 1 8 10 1
798 28161300 33 3 11 5 0 344 6 0 344 9 0 344 5 1 7803 6 1 2601 9 1 2601 5 2 16 6 2 16 9 2 48 5 3 2197 6 3 2197 9 3 2197 5 4 87 6 4 29 9 4 29 5 5 17 6 5 17 9 5 35 5 6 101 6 6 202 9 6 101 5 7 9 6 7 19 9 7 19 5 8 5 6 8 5 9 8 21 5 9 911 6 9 911 9 9 911 5 10 1220 6 10 1220 9 10 4882
799 28172569 1 1 1 5 0 2392
800 28186745 6 3 3 1 1 5 4 1 5 9 1 35 9 4 5739 1 8 78 4 8 26
801 28199702 2 2 1 0 9 76 9 9 76
802 28264198 18 9 3 1 1 11 2 1 11 3 1 11 4 1 11 6 1 11 7 1 11 8 1 11 9 1 11 3 2 52 5 2 17 6 2 35 1 5 34 2 5 1 4 5 2 5 5 1 7 5 1 8 5 2 9 5 2
803 28301945 6 6 1 2 1 23 3 1 1 4 1 1 5 1 1 7 1 1 8 1 1
804 28303036 1 1 1 0 5 198
805 28303622 1 1 1 8 10 33182
806 28304124 1 1 1 9 5 51
807 28307132 1 1 1 10 1 198
808 28311410 1 1 1 2 1 109
809 28312696 1 1 1 10 7 214
810 28318839 2 2 1 1 4 55 7 4 2
811 28329455 1 1 1 2 2 218
812 28330580 1 1 1 6 1 40
813 28363527 5 5 2 2 1 82 3 1 82 1 6 8437 8 6 2812 10 6 2812
814 28366093 1 1 1 0 8 26
815 28373239 1 1 1 8 0 19
816 28374847 1 1 1 1 3 66
817 28388683 2 2 1 2 7 39 5 7 79
818 28440052 11 1 11 5 0 178 5 1 12 5 2 130 5 3 119 5 4 143 5 5 218 5 6 48 5 7 210 5 8 28 5 9 12729 5 10 68
819 28454481 1 1 1 8 7 322
820 28457900 2 2 1 0 5 13 4 5 83
821 28493742 3 3 1 0 10 8 8 10 8 10 10 8
822 28497829 1 1 1 8 6 1016
823 28501986 1 1 1 4 7 5
824 28530491 7 7 2 9 0 125 10 0 41 0 6 2274 2 6 174 3 6 87 6 6 87 7 6 87
825 28612365 22 2 11 1 0 33 5 0 67 1 1 168 5 1 168 1 2 2934 5 2 8802 1 3 95 5 3 71 1 4 53 5 4 106 1 5 28 5 5 22 1 6 53 5 6 53 1 7 34 5 7 3 1 8 2218 5 8 4436 1 9 15 5 9 30 1 10 26 5 10 52
826 28685003 18 6 6 9 0 35 10 0 35 3 1 93 10 1 13 7 3 3174 8 3 15870 1 4 8 3 4 8 8 4 8 9 4 8 10 4 8 1 5 175 7 5 175 8 5 262 9 5 87 1 6 175 3 6 703 7 6 175
827 28695592 2 1 2 3 2 209 3 8 99
828 28696250 1 1 1 10 4 106
829 28914957 44 4 11 1 0 49 3 0 49 6 0 49 8 0 49 1 1 131 3 1 1 6 1 1 8 1 1 1 2 17 3 2 52 6 2 4 8 2 4 1 3 48 3 3 55 6 3 6 8 3 6 1 4 1051 3 4 175 6 4 525 8 4 175 1 5 60 3 5 1 6 5 1 8 5 3 1 6 11 3 6 11 6 6 23 8 6 46 1 7 193 3 7 193 6 7 193 8 7 193 1 8 18 3 8 18 6 8 54 8 8 18 1 9 15 3 9 61 6 9 15 8 9 15 1 10 1630 3 10 3261 6 10 4892 8 10 3261
830 28918733 1 1 1 4 9 49
831 28922290 1 1 1 6 5 45
832 29004513 22 2 11 6 0 570 8 0 1140 6 1 13 8 1 19 6 2 21 8 2 42 6 3 96 8 3 96 6 4 24 8 4 12 6 5 30 8 5 72 6 6 1064 8 6 7449 6 7 152 8 7 76 6 8 101 8 8 16 6 9 1 8 9 1 6 10 1 8 10 53
833 29005566 1 1 1 9 6 58393
834 29008379 1 1 1 7 5 84
835 29012411 2 2 2 0 0 72 5 2 7703
836 29013472 1 1 1 1 5 138
837 29019025 3 3 1 0 10 2174 5 10 543 7 10 543
838 29025389 2 2 1 7 3 22148 8 3 11074
839 29028206 1 1 1 6 10 130
840 29032451 1 1 1 2 7 56
841 29042124 3 3 1 4 4 52 6 4 52 9 4 52
842 29043841 1 1 1 4 6 73
843 29044534 1 1 1 7 10 56
844 29049917 1 1 1 10 3 1015
845 29185449 32 8 8 2 0 84 0 3 728 5 4 91 7 4 457 10 4 91 0 5 1032 2 5 258 3 5 516 5 5 258 8 5 774 9 5 258 0 6 8 3 6 8 5 6 26 7 6 26 9 6 8 10 6 8 2 8 2004 3 8 2004 5 8 2004 7 8 2004 8 8 2004 9 8 2004 3 9 13 7 9 13 8 9 27 9 9 13 10 9 13 0 10 148 2 10 1634 8 10 2079 10 10 148
846 29188693 1 1 1 4 7 15785
847 29189341 1 1 1 2 9 41
848 29190328 1 1 1 2 4 3831
849 29199840 5 5 1 0 10 2441 5 10 2441 7 10 2441 8 10 9764 9 10 2441
850 29204847 3 3 1 4 9 80 5 9 8 8 9 8
851 29384695 40 8 8 8 1 246 10 1 18474 0 2 31 5 2 31 9 2 31 10 2 31 1 3 1 4 3 1 5 3 1 7 3 2 8 3 23 9 3 1 0 5 9 4 5 54 7 5 4 8 5 18 9 5 4 10 5 4 0 7 27 1 7 13 4 7 13 5 7 176 8 7 13 9 7 81 10 7 27 1 8 635 4 8 211 7 8 423 0 9 215 1 9 215 5 9 3664 7 9 215 8 9 215 10 9 215 0 10 19 1 10 79 4 10 19 5 10 19 7 10 19 9 10 19
852 29386857 3 3 1 0 8 12 1 8 25 2 8 12
853 29433155 10 2 7 1 0 1321 7 0 2643 1 1 508 7 1 508 1 2 17906 7 4 181 1 5 128 7 6 210 1 9 121 7 9 60
854 29436222 1 1 1 10 10 154
855 29472605 3 3 2 5 3 4 8 3 44 1 7 96
856 29473005 1 1 1 3 0 2
857 29535164 11 1 11 10 0 46 10 1 33 10 2 101 10 3 220 10 4 2 10 5 59 10 6 352 10 7 304 10 8 969 10 9 2404 10 10 48
858 29757971 55 11 9 0 1 3 1 1 3 2 1 3 5 1 12 6 1 37 8 1 6 10 1 3 0 2 112 1 2 338 2 2 225 3 2 112 4 2 112 7 2 225 8 2 112 9 2 112 3 3 90 5 3 90 6 3 90 7 3 180 0 4 20 3 4 1 4 4 7 7 4 7 9 4 1 2 5 11 3 5 11 4 5 11 6 5 11 7 5 11 8 5 11 10 5 47 0 6 106 1 6 5303 2 6 106 3 6 106 4 6 106 5 6 106 9 6 212 4 7 2075 5 7 1037 7 7 2075 9 7 1037 10 7 1037 0 8 1 1 8 2 2 8 1 5 8 1 6 8 1 8 8 50 10 8 1 1 10 39 6 10 79 8 10 158 9 10 1069 10 10 39
859 29758686 1 1 1 6 8 38
860 29775682 3 3 1 0 10 435 2 10 435 8 10 435
861 29802195 9 3 4 8 0 80 1 1 2200 8 1 2200 9 1 2200 1 2 13 9 2 27 1 3 5 8 3 2 9 3 5
862 29842049 11 1 11 0 0 46 0 1 192 0 2 8 0 3 98 0 4 234 0 5 80 0 6 95 0 7 58 0 8 8945 0 9 24 0 10 202
863 29854027 1 1 1 3 0 18244
864 29875662 3 3 1 1 0 61 3 0 12 7 0 24
865 29882155 1 1 1 10 9 87
866 29895677 1 1 1 5 1 84
867 29897407 1 1 1 10 9 71
868 29898186 1 1 1 9 8 175
869 29943867 11 1 11 4 0 108 4 1 896 4 2 698 4 3 103 4 4 227 4 5 70 4 6 178 4 7 96 4 8 63 4 9 2373 4 10 7
870 29996123 18 6 5 2 2 78 1 4 321 2 4 160 3 4 3212 6 4 160 7 4 160 1 7 4 2 7 4 3 7 12 6 7 24 7 7 8 8 7 8 8 9 237 1 10 49 3 10 24 6 10 24 7 10 24 8 10 24
871 29996183 1 1 1 3 4 3077
872 30000706 2 2 1 5 5 273 10 5 68
873 30007741 3 3 1 2 9 11 4 9 23 5 9 23
874 30067842 11 1 11 6 0 16 6 1 101 6 2 207 6 3 29 6 4 1239 6 5 102 6 6 79 6 7 80 6 8 461 6 9 33 6 10 19645
875 30081776 1 1 1 3 6 15
876 30081787 1 1 1 9 9 107
877 30091296 6 3 3 2 1 55 5 1 4 8 4 1502 2 6 16 5 6 8 8 6 24
878 30134156 11 1 11 6 0 18342 6 1 247 6 2 62 6 3 73 6 4 205 6 5 53 6 6 20848 6 7 19581 6 8 300 6 9 114 6 10 45
879 30364323 55 11 10 1 0 18 2 0 4 5 0 18 6 0 9 7 0 13 10 0 4 1 1 287 2 1 861 3 1 287 4 1 861 5 1 574 6 1 287 7 1 6317 9 1 2010 10 1 287 0 2 226 2 2 2262 4 2 226 6 2 226 9 2 226 0 3 21 1 3 7 6 3 7 8 3 7 1 4 7 3 4 7 4 4 7 9 4 102 10 4 55 0 5 2 3 5 2 4 5 15 5 5 2 8 5 1 10 5 5 0 6 3 2 6 6 3 6 3 4 6 35 5 6 3 7 6 9 8 6 9 9 6 12 10 6 3 1 8 8 5 8 16 7 8 8 9 8 8 0 9 11 7 9 378 8 9 5 2 10 19 3 10 19 6 10 38 8 10 19
880 30366326 1 1 1 10 4 65
881 30377875 1 1 1 3 4 427
882 30414321 11 1 11 0 0 19546 0 1 9633 0 2 158 0 3 90 0 4 9250 0 5 53 0 6 21 0 7 19576 0 8 337 0 9 1593 0 10 16
883 30482586 10 5 3 2 1 1222 3 1 6111 4 1 407 6 1 814 10 1 3259 4 2 2774 6 2 5548 10 2 24966 2 10 12 3 10 24
884 30485575 2 2 1 7 8 1066 8 8 2133
885 30486116 1 1 1 10 3 331
886 30490967 2 2 1 4 10 35 6 10 17
887 30524367 8 4 4 1 5 20 3 5 20 7 5 41 5 7 14 7 7 84 3 8 45 1 10 46 5 10 46
888 30525874 1 1 1 9 6 25
889 30528261 1 1 1 2 1 1644
890 30532779 1 1 1 0 4 81
891 30535271 1 1 1 0 0 53
892 30544201 1 1 1 7 1 98
893 30549784 2 2 1 2 1 52 10 1 4
894 30550382 1 1 1 0 2 23
895 30550622 1 1 1 1 6 16307
896 30555829 1 1 1 3 4 1025
897 30556875 1 1 1 1 4 48
898 30575569 1 1 1 10 2 146
899 30575629 1 1 1 5 9 83
900 30604336 11 1 11 6 0 107 6 1 77 6 2 105 6 3 304 6 4 94 6 5 72 6 6 110 6 7 216 6 8 5868 6 9 132 6 10 9205
901 30616493 1 1 1 6 9 9
902 30631269 3 1 3 9 3 69 9 6 200 9 7 48
903 30633224 1 1 1 1 0 63
904 30633417 1 1 1 4 1 12663
905 30695500 6 6 1 3 9 8 4 9 12 6 9 8 7 9 12 9 9 4 10 9 8
906 30757744 11 1 11 10 0 64 10 1 46 10 2 998 10 3 5112 10 4 5 10 5 166 10 6 363 10 7 251 10 8 89 10 9 72 10 10 58
907 30758729 1 1 1 9 1 107
908 30778169 5 5 2 3 0 4779 9 0 2389 0 7 42 1 7 42 4 7 84
909 30783855 1 1 1 2 2 17
910 30784029 1 1 1 6 1 64
911 30835974 11 1 11 1 0 35 1 1 223 1 2 104 1 3 11930 1 4 49 1 5 16 1 6 3284 1 7 54 1 8 217 1 9 5992 1 10 233
912 30869892 8 4 3 1 2 1820 10 2 910 1 4 2409 2 4 2409 8 4 2409 2 8 4 8 8 9 10 8 4
913 30878979 1 1 1 0 4 82
914 30941150 11 1 11 3 0 57 3 1 108 3 2 1305 3 3 194 3 4 21902 3 5 77 3 6 120 3 7 104 3 8 178 3 9 10 3 10 89
915 30945810 1 1 1 5 2 163
916 30947314 1 1 1 8 1 2415
917 31173051 55 11 9 0 0 1 1 0 1 2 0 1 3 0 1 8 0 49 10 0 1 0 1 203 5 1 11 6 1 11 7 1 11 9 1 22 10 1 22 0 3 7 1 3 14 3 3 7 4 3 7 5 3 14 6 3 7 7 3 44 1 4 91 2 4 91 4 4 68 5 4 22 6 4 22 10 4 22 0 6 2 1 6 2 4 6 2 6 6 14 7 6 12 9 6 17 2 7 41 3 7 61 5 7 41 7 7 123 8 7 20 9 7 20 10 7 20 0 8 6692 2 8 2230 3 8 2230 4 8 4461 8 8 2230 9 8 13384 1 9 78 2 9 78 3 9 156 4 9 78 7 9 78 8 9 156 5 10 8 6 10 8 8 10 8 9 10 8 10 10 75
918 31175111 1 1 1 3 9 16
919 31175572 1 1 1 0 7 29
920 31175770 1 1 1 8 10 101
921 31239092 11 1 11 1 0 32 1 1 63 1 2 100 1 3 24 1 4 8004 1 5 2664 1 6 37 1 7 39 1 8 156 1 9 95 1 10 63
922 31526607 66 6 11 0 0 9 2 0 4 3 0 72 5 0 4 7 0 4 8 0 4 0 1 20 2 1 1 3 1 5 5 1 1 7 1 1 8 1 1 0 2 2165 2 2 2165 3 2 2165 5 2 2165 7 2 2165 8 2 2165 0 3 6 2 3 6 3 3 6 5 3 6 7 3 27 8 3 6 0 4 4439 2 4 1479 3 4 2959 5 4 2959 7 4 1479 8 4 1479 0 5 1 2 5 1 3 5 2 5 5 1 7 5 8 8 5 1 0 6 648 2 6 648 3 6 1296 5 6 648 7 6 1296 8 6 1296 0 7 4977 2 7 711 3 7 711 5 7 1422 7 7 2133 8 7 1422 0 8 2 2 8 99 3 8 2 5 8 2 7 8 2 8 8 4 0 9 6 2 9 36 3 9 48 5 9 6 7 9 6 8 9 6 0 10 402 2 10 402 3 10 1207 5 10 402 7 10 402 8 10 12079
923 31605500 11 11 1 0 8 3 1 8 3 2 8 3 3 8 3 4 8 3 5 8 13 6 8 3 7 8 3 8 8 3 9 8 3 10 8 6
924 31606903 1 1 1 2 0 29
925 31607277 1 1 1 2 6 454
926 31610507 2 1 2 7 5 356 7 8 285
927 31632136 1 1 1 7 2 11755
928 32189238 121 11 11 0 0 1 1 0 1 2 0 1 3 0 1 4 0 1 5 0 1 6 0 1 7 0 1 8 0 1 9 0 1 10 0 1 0 1 1 1 1 3 2 1 1 3 1 1 4 1 1 5 1 3 6 1 1 7 1 3 8 1 174 9 1 3 10 1 1 0 2 272 1 2 34 2 2 34 3 2 34 4 2 102 5 2 714 6 2 68 7 2 34 8 2 34 9 2 34 10 2 34 0 3 6 1 3 1 2 3 1 3 3 4 4 3 1 5 3 1 6 3 1 7 3 2 8 3 1 9 3 1 10 3 1 0 4 3 1 4 3 2 4 3 3 4 75 4 4 3 5 4 3 6 4 9 7 4 3 8 4 3 9 4 3 10 4 36 0 5 4149 1 5 16597 2 5 4149 3 5 4149 4 5 4149 5 5 4149 6 5 4149 7 5 4149 8 5 4149 9 5 4149 10 5 12447 0 6 1 1 6 1 2 6 1 3 6 1 4 6 1 5 6 1 6 6 1 7 6 1 8 6 1 9 6 1 10 6 1 0 7 1 1 7 1 2 7 1 3 7 2 4 7 4 5 7 2 6 7 4 7 7 2 8 7 1 9 7 2 10 7 13 0 8 1 1 8 1 2 8 1 3 8 1 4 8 7 5 8 1 6 8 1 7 8 1 8 8 1 9 8 1 10 8 1 0 9 360 1 9 1082 2 9 360 3 9 360 4 9 360 5 9 360 6 9 19844 7 9 360 8 9 360 9 9 721 10 9 721 0 10 15 1 10 6 2 10 3 3 10 3 4 10 3 5 10 6 6 10 25 7 10 12 8 10 3 9 10 3 10 10 3
929 32190780 2 2 1 0 8 1183 6 8 1183
930 32232581 11 11 1 0 2 655 1 2 655 2 2 1310 3 2 655 4 2 1310 5 2 655 6 2 655 7 2 655 8 2 1310 9 2 1310 10 2 655
931 32243428 1 1 1 2 8 32
932 32284707 8 4 4 0 0 30 4 0 30 4 4 18 5 4 36 10 4 18 5 9 13 10 9 65 0 10 32
933 32285810 1 1 1 6 5 13
934 32417284 33 3 11 3 0 24 6 0 24 8 0 24 3 1 139 6 1 69 8 1 69 3 2 11 6 2 33 8 2 11 3 3 24 6 3 60 8 3 36 3 4 22 6 4 132 8 4 44 3 5 33218 6 5 33218 8 5 33218 3 6 9 6 6 86 8 6 38 3 7 71 6 7 35 8 7 35 3 8 1248 6 8 138 8 8 138 3 9 15 6 9 1 8 9 18 3 10 35 6 10 7 8 10 7
935 32434626 7 1 7 2 0 31 2 1 94 2 2 18 2 3 64 2 4 118 2 5 15776 2 8 98
936 32439432 1 1 1 2 7 116
937 32442628 1 1 1 0 9 282
938 32446929 2 2 1 5 7 2296 8 7 765
939 32465472 2 2 2 1 1 636 10 7 1673
940 32473756 2 2 2 3 0 35 1 5 1695
941 32483783 1 1 1 9 7 27339
942 32525116 9 9 1 0 7 1047 1 7 523 2 7 523 3 7 523 4 7 523 6 7 523 8 7 523 9 7 523 10 7 523
943 32568418 11 1 11 8 0 769 8 1 297 8 2 26 8 3 212 8 4 317 8 5 6083 8 6 61 8 7 12742 8 8 201 8 9 41486 8 10 213
944 32571904 1 1 1 10 7 109
945 32609744 11 11 1 0 10 283 1 10 283 2 10 850 3 10 283 4 10 283 5 10 283 6 10 850 7 10 1985 8 10 567 9 10 283 10 10 1417
946 32628995 5 5 2 4 4 235 7 4 235 8 4 235 1 10 7 10 10 14
947 32638766 1 1 1 2 8 60
948 32641810 1 1 1 0 6 156
949 32657818 3 3 2 3 2 1 4 2 105 0 7 7659
950 32661762 1 1 1 4 6 12745
951 32663902 1 1 1 0 9 91
952 32664057 1 1 1 9 1 66
953 32672097 1 1 1 6 10 37
954 32680632 1 1 1 6 6 12066
955 32774581 18 6 6 0 0 36 2 0 72 3 0 36 4 0 36 5 0 72 0 1 39 2 1 1 3 1 1 4 1 3 9 1 1 5 3 4 9 3 2 0 7 341 2 8 1 3 8 1 5 8 1 9 8 5 4 10 20
956 32775311 1 1 1 3 5 67
957 32776237 1 1 1 9 9 329
958 32791993 4 2 2 5 3 84 9 3 84 5 4 355 9 4 710
959 32801712 1 1 1 4 1 40
960 32940460 18 6 6 3 0 18 5 0 36 1 3 4825 3 3 4825 5 3 4825 6 3 9650 8 3 28951 10 3 4825 1 4 4329 6 4 2164 8 4 6494 10 4 2164 6 5 35 3 6 2 5 6 177 8 6 2 10 6 5 1 10 703
961 32945238 1 1 1 6 6 48
962 32950666 1 1 1 10 3 49
963 32956369 2 2 1 0 4 57 7 4 57
964 33002179 11 1 11 2 0 74 2 1 10146 2 2 84 2 3 33193 2 4 90 2 5 108 2 6 607 2 7 85 2 8 20288 2 9 227 2 10 161
965 33005240 1 1 1 4 10 202
966 33045719 11 1 11 7 0 982 7 1 47 7 2 336 7 3 21 7 4 7 7 5 11709 7 6 525 7 7 66 7 8 136 7 9 295 7 10 96
967 33061860 1 1 1 3 9 38
968 33069653 1 1 1 7 0 1685
969 33075044 1 1 1 8 3 3
970 33078128 2 2 1 3 3 1043 10 3 23
971 33079893 1 1 1 2 4 49
972 33080422 1 1 1 2 10 83
973 33188882 33 3 11 1 0 540 2 0 270 10 0 720 1 1 17 2 1 17 10 1 51 1 2 7 2 2 97 10 2 7 1 3 9 2 3 39 10 3 9 1 4 2920 2 4 973 10 4 973 1 5 434 2 5 434 10 5 434 1 6 6313 2 6 3156 10 6 3156 1 7 1 2 7 6 10 7 1 1 8 601 2 8 200 10 8 401 1 9 1800 2 9 3600 10 9 1800 1 10 24 2 10 10 10 10 3
974 33197803 1 1 1 3 4 121
975 33221756 1 1 1 10 9 2422
976 33221959 1 1 1 5 9 71
977 33223256 1 1 1 1 8 1
978 33224404 1 1 1 6 0 213
979 33225947 1 1 1 6 3 29
980 33288165 11 11 1 0 6 9 1 6 9 2 6 9 3 6 9 4 6 9 5 6 9 6 6 9 7 6 18 8 6 9 9 6 9 10 6 9
981 33296492 2 2 1 5 2 801 10 2 3207
982 33495677 45 5 11 0 0 185 4 0 27 5 0 9 6 0 9 7 0 9 0 1 14236 4 1 14236 5 1 42710 7 1 28473 0 2 2213 4 2 2213 5 2 2213 0 3 31 5 3 31 6 3 31 7 3 31 0 4 879 4 4 879 6 4 11431 7 4 879 0 5 146 5 5 146 6 5 1174 7 5 146 4 6 10 5 6 10 6 6 31 0 7 1 4 7 1 5 7 73 6 7 1 7 7 5 0 8 22 4 8 66 5 8 7 6 8 7 7 8 7 4 9 23 6 9 23 7 9 23 0 10 2321 4 10 2321 5 10 2321 6 10 6965 7 10 2321
983 33498166 2 2 1 3 9 549 5 9 183
984 33511529 1 1 1 4 0 100
985 33525725 6 3 3 6 3 928 7 3 1857 8 3 13001 6 8 1514 7 8 1514 8 9 464
986 33842552 66 11 11 1 0 1 2 0 1 4 0 19 6 0 1 7 0 1 8 0 1 9 0 1 0 1 2 1 1 1 2 1 9 3 1 1 4 1 1 5 1 1 7 1 1 8 1 1 10 1 2 0 2 11 4 2 11 6 2 79 8 2 34 9 2 22 10 2 11 0 3 558 1 3 93 3 3 93 4 3 93 5 3 186 6 3 93 7 3 93 8 3 372 0 4 44 1 4 44 4 4 44 5 4 44 8 4 88 0 5 3 2 5 3 10 5 3 1 6 37 2 6 12 3 6 12 4 6 12 7 6 49 9 6 12 10 6 24 2 7 453 3 7 151 6 7 151 7 7 12251 2 8 19 3 8 38 5 8 19 9 8 19 10 8 19 3 9 64 5 9 32 6 9 32 8 9 32 9 9 32 0 10 4 1 10 6 5 10 25 6 10 2 7 10 6 9 10 2 10 10 2
987 33845245 1 1 1 3 6 200
988 33856670 3 3 1 4 6 1 8 6 1 9 6 1
989 33876414 5 5 2 7 2 4 8 2 28 10 2 28 4 9 8 6 9 85
990 33921231 11 11 2 0 1 2144 1 1 54 4 1 54 5 1 54 2 7 1 3 7 17 6 7 1 7 7 1 8 7 6 9 7 1 10 7 2
991 33929862 3 3 2 10 7 1271 6 10 94 8 10 31
992 34002400 10 5 4 0 0 48 3 0 48 5 0 48 6 0 97 10 0 390 0 1 17 5 1 17 10 1 17 6 2 133 3 5 238
993 34029772 5 5 1 4 6 116 7 6 58 8 6 58 9 6 58 10 6 58
994 34030364 1 1 1 5 4 106
995 34160714 33 3 11 7 0 42 9 0 63 10 0 42 7 1 3642 9 1 1821 10 1 16391 7 2 2619 9 2 2619 10 2 2619 7 3 4 9 3 4 10 3 28 7 4 11049 9 4 701 10 4 25 7 5 31 9 5 31 10 5 31 7 6 3 9 6 3 10 6 19 7 7 8 9 7 8 10 7 24 7 8 48 9 8 28 10 8 19 7 9 1 9 9 1 10 9 1 7 10 5 9 10 141 10 10 7
996 34224764 22 2 11 3 0 60 6 0 15 3 1 4027 6 1 8055 3 2 28 6 2 84 3 3 56 6 3 197 3 4 55 6 4 55 3 5 23 6 5 23 3 6 2533 6 6 7601 3 7 21 6 7 21 3 8 27 6 8 1 3 9 1412 6 9 706 3 10 1 6 10 2
997 34230531 1 1 1 5 2 8
998 34269357 11 1 11 10 0 105 10 1 111 10 2 9566 10 3 178 10 4 190 10 5 135 10 6 10 10 7 43 10 8 1055 10 9 2471 10 10 114
999 34272143 1 1 1 2 0 328
