11 1000
0 5382 1 1 1 2 9 2
1 5540 1 1 1 0 10 42
2 17758 11 1 11 5 0 39 5 1 118 5 2 163 5 3 4694 5 4 190 5 5 2 5 6 433 5 7 105 5 8 16333 5 9 101 5 10 4850
3 19448 1 1 1 5 7 40
4 20375 2 2 2 7 4 54 0 10 126
5 21865 1 1 1 9 5 295
6 22983 1 1 1 7 9 38
7 41196 18 6 5 2 0 1477 3 0 11816 4 0 1477 7 0 1477 2 3 6 10 3 6 2 5 49 9 5 24 10 5 24 3 7 6 4 7 5 7 7 1 9 7 1 10 7 1 3 8 61 4 8 12 7 8 12 9 8 12
8 41310 1 1 1 1 6 18
9 41392 1 1 1 0 3 15
10 42061 1 1 1 4 5 111
11 44302 2 2 1 3 6 2556 5 6 5113
12 79749 33 3 11 4 0 76 6 0 7 8 0 15 4 1 95 6 1 19 8 1 76 4 2 32 6 2 21 8 2 43 4 3 50 6 3 7 8 3 21 4 4 12341 6 4 4936 8 4 2468 4 5 1 6 5 1 8 5 2 4 6 3 6 6 1 8 6 1 4 7 4 6 7 4 8 7 22 4 8 7 6 8 21 8 8 35 4 9 6 6 9 2 8 9 2 4 10 12 6 10 6 8 10 12
13 82358 2 2 1 3 5 30 10 5 30
14 83708 1 1 1 4 2 58534
15 193945 121 11 11 0 0 9 1 0 19 2 0 19 3 0 87 4 0 9 5 0 9 6 0 19 7 0 19 8 0 19 9 0 19 10 0 9 0 1 9 1 1 4 2 1 4 3 1 4 4 1 4 5 1 4 6 1 4 7 1 4 8 1 4 9 1 4 10 1 4 0 2 3 1 2 2 2 2 1 3 2 1 4 2 3 5 2 3 6 2 1 7 2 3 8 2 6 9 2 1 10 2 2 0 3 1 1 3 1 2 3 1 3 3 1 4 3 4 5 3 1 6 3 1 7 3 1 8 3 1 9 3 1 10 3 1 0 4 5 1 4 20 2 4 5 3 4 5 4 4 15 5 4 10 6 4 15 7 4 5 8 4 5 9 4 5 10 4 10 0 5 659 1 5 1647 2 5 329 3 5 329 4 5 329 5 5 3954 6 5 988 7 5 329 8 5 329 9 5 329 10 5 329 0 6 1 1 6 1 2 6 1 3 6 19 4 6 1 5 6 1 6 6 1 7 6 1 8 6 1 9 6 7 10 6 1 0 7 1 1 7 5 2 7 1 3 7 1 4 7 1 5 7 1 6 7 1 7 7 1 8 7 1 9 7 8 10 7 1 0 8 643 1 8 1286 2 8 321 3 8 321 4 8 321 5 8 321 6 8 321 7 8 321 8 8 13825 9 8 321 10 8 1607 0 9 44 1 9 1 2 9 1 3 9 1 4 9 1 5 9 1 6 9 1 7 9 1 8 9 1 9 9 1 10 9 1 0 10 11 1 10 5 2 10 11 3 10 83 4 10 5 5 10 11 6 10 77 7 10 5 8 10 11 9 10 5 10 10 5
16 194929 1 1 1 1 1 162
17 205573 11 11 3 1 0 50 10 0 50 0 2 6055 2 2 288 7 2 576 8 2 865 9 2 2018 3 9 788 4 9 788 5 9 1576 6 9 788
18 206660 1 1 1 0 5 3836
19 208186 4 1 4 8 3 306 8 5 113 8 6 8978 8 7 8325
20 209493 1 1 1 0 10 104
21 209714 1 1 1 4 4 25
22 211262 1 1 1 8 3 1279
23 213315 1 1 1 1 2 51
24 214358 2 2 1 0 6 1144 7 6 4576
25 336290 121 11 11 0 0 1 1 0 9 2 0 1 3 0 1 4 0 2 5 0 1 6 0 62 7 0 16 8 0 4 9 0 1 10 0 17 0 1 3 1 1 16 2 1 9 3 1 9 4 1 12 5 1 3 6 1 3 7 1 3 8 1 3 9 1 3 10 1 3 0 2 2 1 2 1 2 2 1 3 2 1 4 2 116 5 2 1 6 2 3 7 2 1 8 2 2 9 2 1 10 2 3 0 3 38 1 3 76 2 3 1455 3 3 38 4 3 76 5 3 38 6 3 38 7 3 38 8 3 76 9 3 76 10 3 38 0 4 1 1 4 1 2 4 1 3 4 1 4 4 2 5 4 1 6 4 1 7 4 1 8 4 1 9 4 1 10 4 1 0 5 4 1 5 4 2 5 4 3 5 4 4 5 4 5 5 4 6 5 4 7 5 14 8 5 4 9 5 4 10 5 9 0 6 3756 1 6 417 2 6 417 3 6 417 4 6 417 5 6 1252 6 6 417 7 6 417 8 6 1252 9 6 417 10 6 417 0 7 24 1 7 24 2 7 24 3 7 24 4 7 24 5 7 24 6 7 24 7 7 24 8 7 196 9 7 270 10 7 24 0 8 3 1 8 3 2 8 3 3 8 6 4 8 3 5 8 3 6 8 3 7 8 6 8 8 3 9 8 3 10 8 3 0 9 20 1 9 31 2 9 10 3 9 20 4 9 10 5 9 10 6 9 20 7 9 10 8 9 10 9 9 10 10 9 10 0 10 208 1 10 1668 2 10 69 3 10 69 4 10 139 5 10 556 6 10 69 7 10 69 8 10 69 9 10 69 10 10 69
26 336968 1 1 1 0 6 98
27 337163 1 1 1 9 0 11812
28 377917 44 4 11 3 0 37 6 0 37 9 0 18 10 0 18 3 1 42 6 1 42 9 1 85 10 1 42 3 2 69 6 2 34 9 2 34 10 2 69 3 3 16 6 3 64 9 3 16 10 3 16 3 4 10 6 4 25 9 4 10 10 4 5 3 5 3 6 5 3 9 5 12 10 5 6 3 6 7 6 6 1 9 6 1 10 6 1 3 7 2797 6 7 5594 9 7 2797 10 7 8391 3 8 64 6 8 64 9 8 64 10 8 64 3 9 22 6 9 5 9 9 17 10 9 5 3 10 2 6 10 19 9 10 1 10 10 5
29 380768 1 1 1 10 7 1358
30 381924 1 1 1 8 0 159
31 385321 4 4 1 0 2 2 6 2 14 8 2 35 9 2 2
32 385378 1 1 1 9 1 15876
33 388503 1 1 1 7 7 16
34 391702 3 3 2 1 7 3305 0 8 35 2 8 35
35 397704 7 1 7 10 0 32 10 2 20 10 4 18051 10 5 199 10 7 15 10 8 94 10 9 246
36 398571 2 2 1 3 0 3009 9 0 6018
37 413541 11 1 11 3 0 82 3 1 493 3 2 991 3 3 97 3 4 115 3 5 1006 3 6 104 3 7 33128 3 8 35813 3 9 109 3 10 124
38 416059 2 2 1 3 7 976 6 7 88
39 420360 2 2 1 1 7 17 7 7 52
40 422548 3 3 1 5 1 3066 7 1 2044 10 1 1022
41 422590 1 1 1 10 7 33
42 427679 1 1 1 2 3 116
43 428396 1 1 1 0 6 190
44 430404 2 1 2 2 2 76 2 10 114
45 430450 1 1 1 0 8 2892
46 433988 3 3 1 3 6 1198 5 6 2396 8 6 5991
47 443924 11 1 11 4 0 95 4 1 168 4 2 59 4 3 80 4 4 6022 4 5 123 4 6 75 4 7 159 4 8 47 4 9 62 4 10 51
48 444696 1 1 1 6 9 84
49 446013 2 2 1 4 8 42 10 8 42
50 446120 1 1 1 4 2 118
51 447011 1 1 1 10 0 66454
52 450257 3 3 1 5 2 50 9 2 101 10 2 50
53 469045 12 4 5 4 0 13 8 0 13 3 2 42 9 2 21 3 5 27 8 5 27 4 6 7 8 6 29 9 6 7 3 7 134 4 7 13 9 7 13
54 470903 2 2 1 4 1 121 9 1 8
55 470929 2 2 2 3 6 80 7 9 101
56 471009 1 1 1 2 9 36
57 473349 1 1 1 1 9 9
58 473599 1 1 1 2 8 135
59 475074 2 2 1 8 0 41 9 0 41
60 476504 1 1 1 8 9 203
61 479380 3 3 1 7 6 1 8 6 2 10 6 1
62 479803 1 1 1 10 5 64
63 480522 2 2 1 2 0 32 10 0 32
64 481194 1 1 1 8 9 232
65 481236 1 1 1 5 4 50
66 483156 1 1 1 9 9 29
67 502694 21 7 6 2 0 427 5 0 3 6 0 21 9 0 12 10 0 3 4 2 1 8 2 1 9 2 1 4 3 1 5 3 5 6 3 10 10 3 1 4 4 230 2 7 3845 8 7 2884 9 7 2884 2 8 6 5 8 6 6 8 6 8 8 6 10 8 6
68 505344 1 1 1 3 4 155
69 512668 11 1 11 6 0 69 6 1 339 6 2 28 6 3 1224 6 4 3254 6 5 29 6 6 158 6 7 17706 6 8 732 6 9 81 6 10 4653
70 513275 2 2 1 3 4 122 8 4 612
71 513312 1 1 1 5 8 76
72 513453 1 1 1 2 2 29
73 534091 22 2 11 7 0 357 9 0 357 7 1 2990 9 1 2990 7 2 19465 9 2 38930 7 3 264 9 3 176 7 4 1733 9 4 12132 7 5 73 9 5 146 7 6 17 9 6 17 7 7 153 9 7 76 7 8 7581 9 8 7581 7 9 18 9 9 18 7 10 108 9 10 108
74 534219 1 1 1 8 2 113
75 534604 1 1 1 3 3 2383
76 536492 1 1 1 4 0 167
77 536945 1 1 1 7 7 15823
78 537490 1 1 1 3 5 49
79 538335 1 1 1 6 5 337
80 539040 1 1 1 1 9 60
81 539418 1 1 1 1 6 87
82 540631 3 3 1 2 9 23 3 9 23 6 9 23
83 540675 1 1 1 7 0 2018
84 541042 1 1 1 10 0 2888
85 542102 1 1 1 5 7 49
86 564443 22 2 11 7 0 6 10 0 6 7 1 4 10 1 1 7 2 1 10 2 1 7 3 32 10 3 32 7 4 39 10 4 13 7 5 48 10 5 48 7 6 3 10 6 54 7 7 59 10 7 59 7 8 3 10 8 16 7 9 16 10 9 16 7 10 145 10 10 145
87 565295 1 1 1 6 6 71
88 565498 1 1 1 7 2 20301
89 567719 1 1 1 8 4 101
90 578781 5 5 1 1 2 57 2 2 34 4 2 22 5 2 22 7 2 11
91 579266 1 1 1 6 9 46
92 632161 54 9 11 0 0 45 3 0 22 4 0 22 5 0 22 2 1 40 5 1 20 7 1 20 8 1 143 9 1 40 10 1 20 0 2 3 4 2 3 7 2 6 9 2 18 0 3 13 5 3 26 7 3 13 8 3 13 10 3 13 2 4 27 3 4 137 5 4 27 9 4 54 10 4 27 2 5 19 4 5 38 7 5 19 8 5 38 0 6 128 2 6 8 3 6 16 5 6 16 7 6 8 9 6 8 2 7 17 3 7 17 4 7 105 9 7 35 10 7 17 5 8 48 8 8 24 9 8 72 10 8 24 0 9 31 2 9 4 3 9 4 4 9 4 8 9 8 10 9 4 0 10 57 3 10 7 4 10 50 7 10 7 8 10 14
93 634929 4 4 1 5 7 1 6 7 1 8 7 1 10 7 76
94 640388 1 1 1 2 8 193
95 643348 1 1 1 3 3 2893
96 644988 2 2 1 4 1 44 8 1 44
97 646880 2 2 1 2 7 525 5 7 525
98 653267 4 4 1 3 8 8 4 8 8 5 8 2 7 8 60
99 654133 1 1 1 10 8 97
100 667449 11 1 11 3 0 1257 3 1 39100 3 2 6134 3 3 45 3 4 222 3 5 4667 3 6 228 3 7 5304 3 8 25 3 9 29 3 10 23
101 687920 18 9 4 1 1 3 2 1 1 3 1 1 5 1 1 6 1 2 7 1 1 8 1 1 2 4 13 4 4 13 5 4 55 0 5 17 6 5 17 7 5 17 8 5 35 0 7 606 1 7 606 3 7 606 4 7 606
102 688394 1 1 1 4 3 97
103 689671 1 1 1 3 8 15218
104 690013 1 1 1 6 4 101
105 690293 1 1 1 4 2 99
106 693774 3 1 3 1 1 87 1 9 133 1 10 70
107 715525 22 2 11 0 0 40 3 0 20 0 1 11 3 1 3 0 2 4411 3 2 4411 0 3 3955 3 3 3955 0 4 1 3 4 5 0 5 66480 3 5 66480 0 6 184 3 6 276 0 7 320 3 7 641 0 8 24 3 8 12 0 9 52 3 9 52 0 10 21 3 10 28
108 717187 1 1 1 2 2 180
109 729759 11 1 11 9 0 5928 9 1 3912 9 2 614 9 3 44 9 4 5827 9 5 1946 9 6 108 9 7 85 9 8 33257 9 9 72 9 10 138
110 730690 1 1 1 10 5 137
111 731789 2 2 1 2 2 776 10 2 2330
112 732521 1 1 1 8 0 98
113 732566 1 1 1 7 2 5627
114 734711 1 1 1 0 4 11959
115 734851 1 1 1 1 9 40
116 735179 1 1 1 7 4 86
117 737777 4 4 1 0 2 807 2 2 807 3 2 807 8 2 807
118 761209 33 3 11 4 0 1613 7 0 806 9 0 268 4 1 27 7 1 27 9 1 27 4 2 32 7 2 8 9 2 16 4 3 17 7 3 68 9 3 17 4 4 1 7 4 1 9 4 45 4 5 229 7 5 114 9 5 76 4 6 141 7 6 141 9 6 47 4 7 13 7 7 13 9 7 52 4 8 402 7 8 100 9 8 100 4 9 1919 7 9 1919 9 9 1919 4 10 32 7 10 32 9 10 19
119 782066 22 11 4 0 0 2 1 0 9 2 0 27 3 0 2 5 0 2 6 0 22 7 0 2 9 0 2 10 0 2 2 1 2572 3 1 2572 8 1 2572 1 2 10 4 2 10 5 2 21 6 2 32 7 2 10 10 2 10 0 8 346 4 8 346 8 8 346 9 8 1039
120 783365 3 3 1 0 4 211 3 4 211 8 4 211
121 784224 1 1 1 1 6 55
122 785178 1 1 1 10 9 111
123 789416 2 2 1 2 3 40 9 3 40
124 789445 2 2 1 1 9 5 8 9 5
125 790347 1 1 1 5 10 45
126 792045 1 1 1 5 2 176
127 792904 1 1 1 3 1 5
128 794796 1 1 1 2 5 904
129 795001 1 1 1 2 1 21
130 795810 1 1 1 7 8 77
131 801031 5 5 2 6 0 442 7 0 442 8 0 442 0 5 6138 2 5 4092
132 867377 66 11 11 0 0 2 1 0 8 2 0 2 4 0 2 5 0 2 7 0 2 9 0 2 2 1 13 5 1 54 6 1 54 7 1 13 10 1 13 0 2 1 2 2 1 4 2 4 6 2 2 8 2 46 10 2 1 0 3 96 2 3 96 3 3 193 4 3 193 5 3 96 6 3 387 8 3 871 9 3 193 3 4 11 4 4 11 5 4 11 8 4 11 10 4 59 0 5 1 1 5 10 3 5 1 10 5 1 1 6 1 2 6 1 3 6 4 4 6 4 7 6 1 9 6 9 10 6 6 1 7 3 3 7 26 4 7 7 6 7 3 7 7 26 8 7 3 9 7 7 1 8 1602 3 8 1602 6 8 1602 7 8 3204 9 8 1602 0 9 6 2 9 3 5 9 3 6 9 16 8 9 9 10 9 3 0 10 16 1 10 32 5 10 48 7 10 32 8 10 16 9 10 65
133 870467 1 1 1 5 4 6026
134 871135 2 2 1 1 2 24 3 2 48
135 871929 1 1 1 0 9 15
136 872551 2 1 2 2 4 63 2 10 14390
137 901122 28 7 7 0 0 11 1 0 1 5 0 1 8 0 1 0 3 691 8 3 345 9 3 691 10 3 345 0 4 6 1 4 3 3 4 3 10 4 3 3 6 1 5 6 1 9 6 1 1 7 1 3 7 1 5 7 1 8 7 1 9 7 7 10 7 2 1 9 10 3 9 10 5 9 60 9 9 40 10 9 30 0 10 52 8 10 26
138 904198 4 4 1 3 2 30 6 2 30 8 2 92 10 2 30
139 905272 2 1 2 9 1 16303 9 5 33564
140 907305 1 1 1 10 7 88
141 917042 11 1 11 7 0 14187 7 1 2490 7 2 9289 7 3 6 7 4 110 7 5 96 7 6 1373 7 7 2901 7 8 79 7 9 138 7 10 76
142 926054 11 1 11 10 0 625 10 1 193 10 2 3 10 3 72 10 4 21 10 5 6186 10 6 14199 10 7 12678 10 8 4806 10 9 3089 10 10 15310
143 928982 3 3 2 8 7 248 10 7 1860 7 8 21825
144 929997 1 1 1 10 1 84
145 937821 7 7 3 6 0 9254 1 2 92 2 2 37 10 2 18 4 3 4734 5 3 4734 8 3 4734
146 939403 1 1 1 4 5 56
147 940236 1 1 1 10 0 1772
148 941196 1 1 1 6 4 14
149 941298 1 1 1 4 3 152
150 947551 8 4 3 7 2 73 8 2 1 10 2 1 4 7 69 10 7 69 4 8 1 7 8 1 8 8 1
151 959486 24 8 6 1 1 118 0 3 1 1 3 1 3 3 1 6 3 1 7 3 8 10 3 1 0 4 6 3 4 1 5 4 1 8 4 1 3 5 194 5 5 582 6 5 194 7 5 194 10 5 194 0 9 13 6 9 13 8 9 13 10 9 79 1 10 2 5 10 14 7 10 2 8 10 2
152 976685 22 11 5 0 1 3 1 1 1 6 1 1 8 1 13 9 1 1 10 1 19 2 6 2 3 6 3 7 6 19 9 6 3 10 6 1 1 7 26 4 7 5 8 7 5 0 9 78 2 9 156 4 9 39 5 9 39 3 10 320 5 10 320 6 10 1281 7 10 4165
153 1016326 44 4 11 0 0 6 1 0 12 3 0 6 6 0 6 0 1 4389 1 1 2194 3 1 3291 6 1 2194 0 2 540 1 2 540 3 2 540 6 2 3242 0 3 6 1 3 2 3 3 2 6 3 2 0 4 28 1 4 28 3 4 28 6 4 28 0 5 7170 1 5 2390 3 5 2390 6 5 2390 0 6 416 1 6 416 3 6 416 6 6 416 0 7 721 1 7 721 3 7 721 6 7 721 0 8 458 1 8 152 3 8 152 6 8 1682 0 9 17 1 9 34 3 9 17 6 9 17 0 10 2 1 10 2 3 10 12 6 10 4
154 1018451 1 1 1 7 2 300
155 1021852 2 2 1 1 6 163 9 6 163
156 1024023 1 1 1 10 3 132485
157 1024393 2 2 1 3 9 89 4 9 178
158 1024719 1 1 1 9 4 39046
159 1054952 22 2 11 7 0 1676 10 0 2514 7 1 21 10 1 1 7 2 4 10 2 1 7 3 10 10 3 17 7 4 1 10 4 26 7 5 19 10 5 19 7 6 8 10 6 227 7 7 142 10 7 94 7 8 10 10 8 81 7 9 20 10 9 20 7 10 23 10 10 23
160 1056302 1 1 1 1 0 107
161 1057379 1 1 1 2 1 4771
162 1063863 11 1 11 2 0 118 2 1 1771 2 2 219 2 3 40 2 4 120 2 5 25 2 6 119 2 7 1005 2 8 1277 2 9 31 2 10 134
163 1066463 1 1 1 9 6 3915
164 1067236 1 1 1 10 2 109
165 1080976 11 11 2 1 2 1 4 2 1 5 2 1 7 2 1 9 2 1 10 2 1 0 10 1 2 10 1 3 10 2 6 10 14 8 10 1
166 1081413 1 1 1 6 4 3935
167 1082312 1 1 1 4 9 199
168 1082557 1 1 1 4 8 30
169 1084141 3 3 1 0 5 21 7 5 7 9 5 7
170 1084431 1 1 1 0 3 27
171 1086356 1 1 1 7 10 83
172 1086817 1 1 1 8 1 9475
173 1120185 33 3 11 0 0 24 5 0 24 7 0 24 0 1 408 5 1 204 7 1 4081 0 2 81501 5 2 9055 7 2 9055 0 3 23 5 3 7 7 3 23 0 4 26 5 4 26 7 4 13 0 5 2259 5 5 4519 7 5 2259 0 6 2 5 6 12 7 6 140 0 7 1 5 7 1 7 7 22 0 8 15 5 8 15 7 8 30 0 9 21 5 9 35 7 9 7 0 10 3889 5 10 7779 7 10 3889
174 1127507 11 1 11 2 0 320 2 1 8188 2 2 2062 2 3 11679 2 4 2871 2 5 7 2 6 54 2 7 75 2 8 189 2 9 333 2 10 59
175 1128263 1 1 1 0 7 77
176 1135293 6 6 2 2 0 15 5 0 3 6 0 3 9 0 3 10 0 3 0 4 1553
177 1135773 1 1 1 1 8 603
178 1140636 4 4 1 0 3 34 7 3 51 9 3 68 10 3 171
179 1143090 1 1 1 7 8 46
180 1144760 3 3 1 2 5 4234 3 5 4234 6 5 4234
181 1144765 1 1 1 4 8 105
182 1145064 1 1 1 0 0 164
183 1147389 1 1 1 4 4 100
184 1160125 11 1 11 2 0 97 2 1 291 2 2 24 2 3 72 2 4 19039 2 5 9179 2 6 3986 2 7 17 2 8 4 2 9 9037 2 10 25
185 1161244 1 1 1 8 3 2495
186 1163096 1 1 1 7 10 39012
187 1163377 1 1 1 9 7 323
188 1164933 4 4 1 4 5 4554 6 5 2277 8 5 2277 10 5 2277
189 1167182 1 1 1 5 5 57
190 1167346 1 1 1 6 2 94
191 1168570 1 1 1 4 6 34
192 1173092 3 3 1 0 5 13 2 5 6 8 5 55
193 1173366 1 1 1 0 6 151
194 1180757 11 1 11 1 0 213 1 1 137 1 2 3907 1 3 87 1 4 4 1 5 252 1 6 108 1 7 305 1 8 370 1 9 122 1 10 83
195 1181643 2 2 1 0 2 4 3 2 74
196 1183375 1 1 1 3 3 4854
197 1184052 2 2 1 3 10 13 5 10 20
198 1184191 1 1 1 6 0 133
199 1184223 1 1 1 4 5 232
200 1186096 1 1 1 0 6 69
201 1293990 121 11 11 0 0 3 1 0 3 2 0 3 3 0 3 4 0 3 5 0 3 6 0 9 7 0 3 8 0 3 9 0 3 10 0 3 0 1 750 1 1 125 2 1 125 3 1 250 4 1 125 5 1 125 6 1 125 7 1 250 8 1 125 9 1 750 10 1 250 0 2 24 1 2 4 2 2 19 3 2 4 4 2 4 5 2 4 6 2 9 7 2 14 8 2 4 9 2 4 10 2 4 0 3 9 1 3 2 2 3 2 3 3 4 4 3 2 5 3 43 6 3 4 7 3 2 8 3 2 9 3 216 10 3 15 0 4 4 1 4 4 2 4 18 3 4 4 4 4 45 5 4 22 6 4 4 7 4 4 8 4 4 9 4 13 10 4 4 0 5 14 1 5 14 2 5 14 3 5 14 4 5 14 5 5 29 6 5 29 7 5 29 8 5 14 9 5 14 10 5 29 0 6 37 1 6 9 2 6 18 3 6 9 4 6 9 5 6 9 6 6 9 7 6 18 8 6 9 9 6 28 10 6 9 0 7 167 1 7 167 2 7 167 3 7 335 4 7 335 5 7 167 6 7 11074 7 7 839 8 7 335 9 7 503 10 7 167 0 8 9 1 8 4 2 8 4 3 8 4 4 8 4 5 8 9 6 8 9 7 8 4 8 8 161 9 8 4 10 8 4 0 9 18 1 9 2 2 9 2 3 9 6 4 9 4 5 9 2 6 9 2 7 9 2 8 9 2 9 9 35 10 9 2 0 10 1 1 10 1 2 10 1 3 10 1 4 10 15 5 10 1 6 10 11 7 10 1 8 10 3 9 10 1 10 10 1
202 1294736 1 1 1 6 3 335
203 1296483 2 2 1 1 7 1010 7 7 2020
204 1297720 2 2 1 3 8 41 10 8 41
205 1297785 1 1 1 6 0 105
206 1301894 2 2 1 0 3 20 4 3 183
207 1307305 2 2 1 1 6 225 4 6 112
208 1308389 1 1 1 1 8 3206
209 1308857 1 1 1 5 5 320
210 1310479 2 2 1 6 1 65 8 1 65
211 1315808 6 3 3 8 1 1 9 1 2 2 4 31 8 4 31 2 7 7124 9 7 7124
212 1316006 1 1 1 9 10 6138
213 1319427 6 2 4 2 3 34 5 3 85 5 6 13091 2 7 35790 2 9 1606 5 9 3212
214 1319917 1 1 1 2 4 102
215 1320074 1 1 1 4 2 2097
216 1320461 1 1 1 3 8 324
217 1320941 1 1 1 0 10 30
218 1321619 1 1 1 5 4 2965
219 1321814 1 1 1 4 1 127
220 1329636 11 1 11 8 0 192 8 1 725 8 2 16244 8 3 223 8 4 85 8 5 18 8 6 8248 8 7 3306 8 8 7 8 9 7229 8 10 2252
221 1336126 7 1 7 9 0 56 9 2 8 9 4 179 9 5 129 9 7 1644 9 8 97 9 9 4845
222 1366398 33 3 11 1 0 66 6 0 33 7 0 33 1 1 7347 6 1 459 7 1 459 1 2 3 6 2 6 7 2 6 1 3 1 6 3 76 7 3 1 1 4 32 6 4 53 7 4 21 1 5 1323 6 5 1323 7 5 1323 1 6 140 6 6 140 7 6 140 1 7 24 6 7 24 7 7 48 1 8 11090 6 8 22180 7 8 33271 1 9 45 6 9 68 7 9 22 1 10 1 6 10 1 7 10 29
223 1369104 1 1 1 3 0 232
224 1369572 1 1 1 8 4 11795
225 1375641 11 11 3 0 0 23 2 0 7 4 0 76 6 0 7 7 0 7 10 0 15 1 5 1004 3 5 1004 9 5 1004 5 10 678 8 10 1356
226 1378764 1 1 1 0 0 55
227 1378870 1 1 1 8 10 44
228 1379531 1 1 1 3 8 217
229 1380725 1 1 1 6 8 122
230 1449295 66 11 11 1 0 6039 2 0 48315 3 0 18118 4 0 6039 5 0 6039 6 0 6039 7 0 6039 9 0 36236 0 1 240 1 1 8 5 1 61 8 1 4 9 1 4 0 2 1 3 2 1 7 2 1 8 2 1 10 2 1 2 3 26 3 3 26 4 3 26 1 4 32 6 4 32 8 4 32 9 4 65 10 4 32 0 5 32 2 5 32 3 5 32 4 5 130 8 5 32 10 5 32 0 6 3001 1 6 3001 4 6 1500 5 6 97550 6 6 1500 7 6 10505 0 7 2 2 7 1 5 7 1 6 7 15 9 7 1 10 7 2 1 8 1 2 8 16 4 8 2 6 8 1 7 8 1 8 8 1 9 8 3 10 8 1 3 9 3 4 9 3 5 9 3 6 9 3 7 9 3 8 9 3 9 9 3 10 9 6 0 10 14 1 10 29 2 10 14 3 10 14 5 10 59 7 10 29
231 1452367 2 2 1 5 9 30 8 9 12
232 1453536 2 2 1 1 1 100 6 1 100
233 1463354 11 11 3 2 5 89 3 5 1 8 5 4 1 8 46 4 8 139 5 8 372 10 8 46 0 10 1 6 10 8 7 10 1 9 10 2
234 1463972 1 1 1 3 9 54
235 1464706 1 1 1 1 7 16253
236 1466350 1 1 1 8 4 1743
237 1476694 11 11 1 0 2 12 1 2 60 2 2 72 3 2 12 4 2 12 5 2 12 6 2 12 7 2 97 8 2 121 9 2 24 10 2 182
238 1476747 1 1 1 6 7 636
239 1498594 22 11 5 1 0 1 3 0 1 4 0 1 5 0 1 7 0 1 8 0 1 2 4 8042 5 4 1340 7 4 1340 10 4 1340 0 6 2353 3 6 336 6 6 1344 9 6 672 2 9 45 8 9 45 0 10 14 1 10 7 4 10 14 6 10 7 9 10 14 10 10 7
240 1500554 3 3 1 3 9 101 4 9 101 7 9 405
241 1501519 1 1 1 6 8 115
242 1501589 1 1 1 7 0 180
243 1515454 11 1 11 8 0 83 8 1 211 8 2 60 8 3 29 8 4 233 8 5 39 8 6 618 8 7 33152 8 8 197 8 9 133 8 10 61
244 1518932 2 2 1 0 1 151 6 1 75
245 1521399 1 1 1 6 0 13
246 1531008 11 11 1 0 10 363 1 10 1815 2 10 1452 3 10 1452 4 10 363 5 10 363 6 10 2541 7 10 363 8 10 726 9 10 363 10 10 363
247 1637013 121 11 11 0 0 3 1 0 26 2 0 3 3 0 3 4 0 29 5 0 3 6 0 3 7 0 13 8 0 3 9 0 279 10 0 3 0 1 12 1 1 6 2 1 6 3 1 6 4 1 6 5 1 6 6 1 6 7 1 38 8 1 6 9 1 6 10 1 6 0 2 437 1 2 437 2 2 874 3 2 437 4 2 874 5 2 5247 6 2 874 7 2 437 8 2 874 9 2 437 10 2 1749 0 3 14 1 3 14 2 3 4 3 3 4 4 3 9 5 3 4 6 3 4 7 3 4 8 3 23 9 3 4 10 3 4 0 4 4 1 4 3 2 4 35 3 4 1 4 4 1 5 4 325 6 4 1 7 4 8 8 4 1 9 4 2 10 4 1 0 5 1 1 5 1 2 5 1 3 5 1 4 5 1 5 5 1 6 5 13 7 5 1 8 5 3 9 5 1 10 5 1 0 6 1 1 6 1 2 6 1 3 6 1 4 6 1 5 6 1 6 6 1 7 6 1 8 6 1 9 6 1 10 6 1 0 7 1 1 7 28 2 7 25 3 7 2 4 7 1 5 7 3 6 7 1 7 7 15 8 7 3 9 7 1 10 7 1 0 8 3 1 8 20 2 8 3 3 8 6 4 8 3 5 8 6 6 8 6 7 8 6 8 8 3 9 8 3 10 8 3 0 9 6 1 9 6 2 9 19 3 9 25 4 9 135 5 9 6 6 9 6 7 9 6 8 9 6 9 9 12 10 9 6 0 10 207 1 10 207 2 10 207 3 10 414 4 10 207 5 10 207 6 10 828 7 10 1242 8 10 207 9 10 1242 10 10 207
248 1637110 1 1 1 4 3 4012
249 1638389 1 1 1 0 7 58
250 1647525 11 11 1 0 3 1 1 3 5 2 3 1 3 3 5 4 3 69 5 3 3 6 3 3 7 3 59 8 3 9 9 3 5 10 3 7
251 1650482 1 1 1 5 1 9562
252 1651109 1 1 1 1 7 1307
253 1655928 2 2 1 5 7 6342 8 7 12685
254 1752723 121 11 11 0 0 1 1 0 1 2 0 1 3 0 1 4 0 1 5 0 1 6 0 1 7 0 1 8 0 1 9 0 8 10 0 1 0 1 8037 1 1 1148 2 1 1148 3 1 1148 4 1 1148 5 1 1148 6 1 2296 7 1 1148 8 1 1148 9 1 2296 10 1 1148 0 2 3 1 2 3 2 2 13 3 2 3 4 2 3 5 2 3 6 2 3 7 2 3 8 2 3 9 2 6 10 2 3 0 3 4 1 3 4 2 3 4 3 3 9 4 3 24 5 3 4 6 3 4 7 3 9 8 3 4 9 3 4 10 3 9 0 4 225 1 4 225 2 4 1800 3 4 225 4 4 1575 5 4 225 6 4 450 7 4 675 8 4 225 9 4 2701 10 4 225 0 5 6628 1 5 220 2 5 441 3 5 441 4 5 220 5 5 220 6 5 220 7 5 220 8 5 3977 9 5 220 10 5 220 0 6 764 1 6 764 2 6 764 3 6 3056 4 6 764 5 6 764 6 6 764 7 6 764 8 6 764 9 6 2292 10 6 764 0 7 88 1 7 88 2 7 88 3 7 88 4 7 621 5 7 88 6 7 88 7 7 266 8 7 88 9 7 443 10 7 709 0 8 310 1 8 621 2 8 310 3 8 621 4 8 10879 5 8 310 6 8 4662 7 8 932 8 8 310 9 8 310 10 8 310 0 9 6 1 9 6 2 9 6 3 9 6 4 9 6 5 9 6 6 9 24 7 9 6 8 9 6 9 9 6 10 9 6 0 10 5 1 10 5 2 10 5 3 10 5 4 10 5 5 10 92 6 10 30 7 10 5 8 10 5 9 10 5 10 10 5
255 1753590 1 1 1 7 3 40
256 1756268 2 2 1 3 10 56 6 10 170
257 1757153 1 1 1 1 4 124
258 1757492 1 1 1 2 9 112
259 1760674 4 4 1 1 9 471 5 9 471 6 9 471 10 9 942
260 1784689 22 2 11 5 0 25 10 0 25 5 1 158 10 1 79 5 2 6 10 2 48 5 3 10216 10 3 5108 5 4 45 10 4 55 5 5 109 10 5 109 5 6 33 10 6 33 5 7 75 10 7 150 5 8 25 10 8 25 5 9 793 10 9 3175 5 10 3954 10 10 11862
261 1785582 2 2 1 2 1 524 3 1 80
262 1824849 33 3 11 2 0 49 9 0 98 10 0 49 2 1 2 9 1 25 10 1 1 2 2 25 9 2 25 10 2 51 2 3 1 9 3 1 10 3 1 2 4 14799 9 4 643 10 4 1286 2 5 163 9 5 327 10 5 4262 2 6 914 9 6 665 10 6 41 2 7 47 9 7 286 10 7 23 2 8 27 9 8 27 10 8 27 2 9 27 9 9 6 10 9 6 2 10 2415 9 10 1207 10 10 1207
263 1827799 2 2 1 0 10 37 10 10 37
264 1843664 11 1 11 6 0 103 6 1 1940 6 2 92 6 3 255 6 4 74 6 5 25 6 6 197 6 7 4 6 8 1771 6 9 55 6 10 24
265 1852073 8 4 4 1 0 48 3 4 28 4 4 28 6 4 28 3 8 54 6 8 54 1 9 99 4 9 49
266 1862287 11 1 11 0 0 30 0 1 112 0 2 100 0 3 1778 0 4 29 0 5 211 0 6 11 0 7 419 0 8 305 0 9 76 0 10 178
267 1862567 1 1 1 3 4 380
268 1863121 1 1 1 2 4 216
269 1871024 4 4 1 3 8 11 4 8 44 6 8 11 10 8 11
270 1880252 11 1 11 10 0 8 10 1 5967 10 2 1337 10 3 58367 10 4 100 10 5 105 10 6 115 10 7 115 10 8 3130 10 9 2730 10 10 88
271 1880305 1 1 1 6 5 19536
272 1881993 1 1 1 7 2 153
273 1970424 99 9 11 1 0 49224 2 0 3786 3 0 7572 4 0 3786 5 0 3786 6 0 3786 8 0 3786 9 0 3786 10 0 53010 1 1 202 2 1 607 3 1 405 4 1 1418 5 1 1620 6 1 202 8 1 405 9 1 202 10 1 810 1 2 92 2 2 92 3 2 557 4 2 92 5 2 185 6 2 92 8 2 92 9 2 92 10 2 92 1 3 14 2 3 29 3 3 14 4 3 14 5 3 29 6 3 29 8 3 72 9 3 14 10 3 14 1 4 7 2 4 7 3 4 7 4 4 7 5 4 7 6 4 7 8 4 47 9 4 7 10 4 7 1 5 1 2 5 1 3 5 26 4 5 1 5 5 1 6 5 1 8 5 1 9 5 1 10 5 1 1 6 2 2 6 2 3 6 2 4 6 2 5 6 2 6 6 2 8 6 2 9 6 20 10 6 79 1 7 1 2 7 1 3 7 1 4 7 5 5 7 1 6 7 1 8 7 6 9 7 5 10 7 1 1 8 2 2 8 2 3 8 2 4 8 6 5 8 2 6 8 2 8 8 2 9 8 23 10 8 2 1 9 11 2 9 11 3 9 22 4 9 11 5 9 22 6 9 11 8 9 11 9 9 11 10 9 11 1 10 1388 2 10 694 3 10 694 4 10 1388 5 10 694 6 10 694 8 10 694 9 10 694 10 10 694
274 1982468 11 1 11 10 0 16 10 1 2 10 2 104 10 3 638 10 4 61 10 5 7953 10 6 18 10 7 54 10 8 238 10 9 77 10 10 86
275 1987851 6 3 3 5 3 1303 3 7 22088 5 7 22088 10 7 22088 3 10 2648 10 10 5296
276 2087666 99 11 11 0 0 560 1 0 560 3 0 2800 4 0 560 5 0 560 6 0 560 7 0 560 9 0 560 10 0 1120 0 1 1 2 1 3 3 1 1 4 1 1 5 1 1 6 1 1 7 1 1 8 1 1 9 1 1 10 1 1 0 2 84 1 2 56 3 2 28 4 2 226 5 2 28 6 2 28 8 2 28 9 2 28 10 2 84 0 3 12 1 3 76 2 3 12 3 3 25 4 3 63 5 3 12 6 3 12 7 3 25 8 3 38 9 3 38 10 3 12 0 4 486 1 4 486 2 4 486 3 4 972 4 4 4377 6 4 2918 7 4 486 8 4 972 9 4 972 10 4 486 0 5 1 1 5 1 2 5 1 3 5 1 5 5 1 6 5 3 7 5 6 8 5 1 9 5 1 10 5 1 1 6 38 2 6 5 6 6 5 7 6 16 8 6 33 10 6 11 1 7 44 2 7 14 3 7 14 4 7 29 5 7 14 6 7 14 7 7 14 8 7 29 9 7 14 10 7 14 0 8 2 2 8 1 4 8 4 5 8 1 6 8 1 7 8 4 8 8 1 9 8 1 10 8 7 0 9 87 1 9 43 2 9 43 3 9 43 4 9 87 5 9 307 0 10 1 1 10 5 2 10 1 3 10 7 4 10 3 5 10 1 7 10 1 8 10 114 9 10 1
277 2089255 1 1 1 4 9 92
278 2096498 8 4 3 1 2 5977 3 2 1992 5 2 1992 7 2 1992 1 4 8 3 4 8 5 7 423 7 7 846
279 2098155 1 1 1 6 4 47
280 2100326 1 1 1 1 3 143
281 2122229 22 11 4 0 0 1657 2 0 1657 7 0 1657 10 0 1657 1 2 303 2 2 303 3 2 910 4 2 303 5 2 3641 6 2 606 8 2 910 9 2 303 0 4 14 1 4 14 6 4 14 7 4 14 9 4 43 10 4 14 3 6 44 4 6 3 5 6 3 8 6 3
282 2129038 11 1 11 10 0 56 10 1 102 10 2 131 10 3 202 10 4 6 10 5 6327 10 6 65 10 7 19 10 8 7789 10 9 84 10 10 66
283 2129230 1 1 1 3 0 36
284 2129842 2 2 1 0 10 10840 2 10 2168
285 2139675 11 1 11 5 0 41 5 1 502 5 2 94 5 3 75 5 4 104 5 5 90 5 6 14245 5 7 15162 5 8 108 5 9 39 5 10 22
286 2142598 2 2 1 2 9 18 9 9 18
287 2144160 2 2 1 7 10 976 8 10 976
288 2145038 1 1 1 10 10 188
289 2145038 1 1 1 6 1 54
290 2145775 1 1 1 0 2 157
291 2145970 1 1 1 10 10 161
292 2146020 1 1 1 10 9 164
293 2161734 22 2 11 1 0 9 9 0 48 1 1 283 9 1 1135 1 2 57 9 2 57 1 3 29 9 3 58 1 4 1241 9 4 103 1 5 231 9 5 463 1 6 59 9 6 29 1 7 3902 9 7 62438 1 8 41 9 8 82 1 9 13 9 9 27 1 10 149 9 10 298
294 2276866 110 10 11 0 0 4 1 0 16 2 0 16 3 0 8 4 0 4 5 0 4 6 0 12 8 0 12 9 0 4 10 0 4 0 1 1 1 1 4 2 1 1 3 1 1 4 1 1 5 1 1 6 1 1 8 1 1 9 1 1 10 1 1 0 2 2 1 2 6 2 2 2 3 2 4 4 2 2 5 2 2 6 2 2 8 2 2 9 2 2 10 2 8 0 3 4 1 3 3 2 3 25 3 3 168 4 3 1 5 3 7 6 3 1 8 3 4 9 3 1 10 3 1 0 4 311 1 4 311 2 4 311 3 4 311 4 4 1558 5 4 311 6 4 623 8 4 311 9 4 311 10 4 311 0 5 2 1 5 2 2 5 23 3 5 2 4 5 2 5 5 10 6 5 7 8 5 10 9 5 2 10 5 26 0 6 5 1 6 10 2 6 5 3 6 10 4 6 5 5 6 15 6 6 20 8 6 15 9 6 5 10 6 5 0 7 7 1 7 7 2 7 7 3 7 15 4 7 7 5 7 7 6 7 7 8 7 15 9 7 7 10 7 7 0 8 617 1 8 2160 2 8 617 3 8 3086 4 8 617 5 8 1234 6 8 308 8 8 617 9 8 617 10 8 308 0 9 2 1 9 1 2 9 3 3 9 1 4 9 15 5 9 2 6 9 1 8 9 9 9 9 5 10 9 53 0 10 84 1 10 253 2 10 84 3 10 253 4 10 169 5 10 84 6 10 338 8 10 253 9 10 84 10 10 84
295 2291373 11 11 3 0 2 36 1 2 169 3 2 12 5 2 12 7 2 12 9 2 12 8 3 84 2 5 1 4 5 1 6 5 157 10 5 1
296 2292454 1 1 1 5 4 595
297 2294620 1 1 1 9 9 31
298 2294840 1 1 1 6 10 170
299 2305511 11 1 11 10 0 183 10 1 4033 10 2 184 10 3 5996 10 4 323 10 5 62 10 6 2278 10 7 1400 10 8 3068 10 9 227 10 10 222
300 2305538 1 1 1 3 4 28
301 2305775 1 1 1 8 8 11
302 2305975 1 1 1 4 6 131
303 2338194 33 3 11 3 0 81 5 0 40 7 0 40 3 1 10 5 1 10 7 1 20 3 2 18 5 2 18 7 2 56 3 3 5 5 3 5 7 3 33 3 4 1 5 4 1 7 4 15 3 5 368 5 5 184 7 5 184 3 6 92 5 6 2 7 6 1 3 7 64 5 7 64 7 7 128 3 8 23 5 8 23 7 8 23 3 9 2 5 9 141 7 9 22 3 10 8677 5 10 8677 7 10 8677
304 2338996 1 1 1 2 1 82
305 2385073 55 11 10 0 0 15 3 0 15 6 0 5 8 0 5 9 0 5 10 0 5 0 1 30 2 1 30 3 1 30 5 1 30 9 1 30 2 2 1 3 2 2 4 2 1 8 2 1 0 3 43 1 3 43 3 3 43 6 3 43 9 3 43 0 4 18 1 4 9 2 4 27 7 4 9 10 4 9 0 5 19 5 5 19 7 5 19 8 5 19 10 5 19 3 6 1388 4 6 1388 5 6 2777 6 6 1388 7 6 2777 8 6 1388 9 6 1388 1 7 1 4 7 1 6 7 1 7 7 1 1 8 36 2 8 18 4 8 18 5 8 18 7 8 18 8 8 18 9 8 72 10 8 18 1 10 10 2 10 10 4 10 10 5 10 31 6 10 10 10 10 10
306 2394119 8 4 4 0 4 13043 1 4 13043 9 4 13043 0 6 192 1 6 115 8 8 1976 9 8 3953 8 10 181
307 2510271 121 11 11 0 0 1 1 0 1 2 0 7 3 0 1 4 0 1 5 0 1 6 0 1 7 0 1 8 0 1 9 0 1 10 0 1 0 1 161 1 1 161 2 1 647 3 1 161 4 1 485 5 1 161 6 1 1294 7 1 161 8 1 161 9 1 323 10 1 323 0 2 1 1 2 1 2 2 1 3 2 1 4 2 1 5 2 3 6 2 1 7 2 1 8 2 1 9 2 8 10 2 1 0 3 3 1 3 3 2 3 6 3 3 3 4 3 6 5 3 40 6 3 63 7 3 3 8 3 3 9 3 3 10 3 3 0 4 95 1 4 1631 2 4 95 3 4 575 4 4 95 5 4 95 6 4 575 7 4 95 8 4 575 9 4 95 10 4 95 0 5 7 1 5 7 2 5 7 3 5 21 4 5 7 5 5 7 6 5 7 7 5 7 8 5 7 9 5 21 10 5 7 0 6 1160 1 6 1160 2 6 1160 3 6 1160 4 6 1160 5 6 1160 6 6 1160 7 6 4643 8 6 1160 9 6 1160 10 6 1160 0 7 241 1 7 241 2 7 724 3 7 1206 4 7 1689 5 7 241 6 7 241 7 7 241 8 7 241 9 7 482 10 7 482 0 8 1868 1 8 467 2 8 467 3 8 467 4 8 12612 5 8 467 6 8 467 7 8 467 8 8 467 9 8 467 10 8 1401 0 9 2768 1 9 125 2 9 377 3 9 251 4 9 125 5 9 880 6 9 125 7 9 125 8 9 125 9 9 125 10 9 125 0 10 3 1 10 3 2 10 3 3 10 38 4 10 3 5 10 10 6 10 6 7 10 3 8 10 3 9 10 3 10 10 3
308 2552505 55 11 10 0 0 1 1 0 1 3 0 1 4 0 5 5 0 1 6 0 1 7 0 1 1 1 701 3 1 701 4 1 701 8 1 701 9 1 701 0 2 12 4 2 77 7 2 12 8 2 12 10 2 154 0 3 9 2 3 9 3 3 4 5 3 22 6 3 9 0 4 13 2 4 26 8 4 13 1 5 579 3 5 289 4 5 289 5 5 3185 7 5 289 8 5 1158 10 5 1448 1 6 1942 2 6 1942 6 6 7769 9 6 1942 10 6 1942 2 7 1 4 7 1 5 7 11 6 7 1 7 7 2 9 7 1 1 9 21 6 9 21 7 9 21 9 9 21 10 9 42 0 10 846 2 10 846 3 10 423 5 10 423 8 10 4657 9 10 423 10 10 423
309 2552637 1 1 1 8 7 1921
310 2553563 1 1 1 2 10 48
311 2555868 2 2 1 3 3 91 10 3 91
312 2584424 22 2 11 2 0 8 5 0 8 2 1 26 5 1 156 2 2 89 5 2 89 2 3 19 5 3 58 2 4 227 5 4 455 2 5 47 5 5 5 2 6 34 5 6 17 2 7 38422 5 7 738 2 8 42 5 8 42 2 9 33 5 9 1324 2 10 64 5 10 64
313 2589553 8 4 4 5 1 82 7 1 20 4 2 250 9 3 87 4 7 55 5 7 55 7 7 390 9 7 111
314 2599797 11 1 11 9 0 83 9 1 1 9 2 67 9 3 233 9 4 45 9 5 461 9 6 80 9 7 151 9 8 39 9 9 205 9 10 106
315 2600124 2 2 1 3 5 21 6 5 21
316 2606758 8 4 3 1 2 26 4 2 26 7 2 26 1 3 3035 5 3 3035 4 4 6549 5 4 6549 7 4 6549
317 2607687 2 2 1 1 3 38 8 3 38
318 2609164 1 1 1 6 7 1
319 2609548 1 1 1 5 10 3963
320 2612012 1 1 1 0 3 16
321 2626887 21 7 6 8 0 476 0 3 10 3 3 10 5 3 10 7 3 20 0 5 18 1 5 36 3 5 18 4 5 18 0 6 24 4 6 12 5 6 12 8 6 60 1 8 14 3 8 43 7 8 14 8 8 14 1 9 6 4 9 6 5 9 6 7 9 19
322 2659276 32 8 8 3 0 5690 8 0 2133 10 0 1422 2 1 1 6 1 3 7 1 1 8 1 1 10 1 1 0 2 69 2 2 368 3 2 23 4 2 23 8 2 138 10 2 414 0 4 13 2 4 13 3 4 68 6 4 27 8 4 13 2 6 12 6 6 103 7 6 12 0 7 126 4 7 18 7 7 36 10 7 18 4 8 7484 6 8 7484 0 10 28 3 10 28 4 10 28 7 10 114
323 2663221 6 6 1 1 2 5 2 2 5 5 2 5 8 2 10 9 2 10 10 2 5
324 2663627 1 1 1 0 4 47
325 2664095 1 1 1 5 4 1990
326 2665983 1 1 1 8 9 15554
327 2669304 1 1 1 1 1 176
328 2699150 28 7 7 0 1 5 1 1 5 2 1 2 7 1 8 9 1 2 10 1 5 6 2 369 7 2 738 10 2 369 1 4 61 2 4 184 6 4 61 7 4 246 10 4 431 0 5 38 1 5 38 6 5 19 7 5 19 10 5 19 0 8 1 9 8 1 0 9 17 1 9 17 2 9 17 6 9 17 9 9 17 2 10 37 9 10 37
329 2699201 1 1 1 2 8 161
330 2699429 1 1 1 2 10 93
331 2706852 3 3 1 0 2 25 4 2 75 7 2 75
332 2712035 1 1 1 2 2 2909
333 2713397 1 1 1 7 2 44
334 2714073 1 1 1 1 5 5
335 2717293 2 2 1 6 6 5 7 6 63
336 2717909 1 1 1 4 4 4981
337 2718974 1 1 1 6 1 6024
338 2760937 44 4 11 0 0 7 1 0 7 7 0 7 10 0 14 0 1 322 1 1 322 7 1 1935 10 1 2258 0 2 221 1 2 1105 7 2 2210 10 2 442 0 3 2278 1 3 2278 7 3 4556 10 3 2278 0 4 16 1 4 50 7 4 16 10 4 33 0 5 6 1 5 25 7 5 6 10 5 12 0 6 15 1 6 30 7 6 15 10 6 90 0 7 120 1 7 240 7 7 120 10 7 120 0 8 1 1 8 1 7 8 9 10 8 2 0 9 12 1 9 4 7 9 2 10 9 2 0 10 11 1 10 11 7 10 35 10 10 59
339 2761189 1 1 1 9 3 299
340 2803798 45 9 9 2 0 8 3 0 4 5 0 4 7 0 8 9 0 21 1 1 10 3 1 51 6 1 20 8 1 10 1 3 6 2 3 3 4 3 30 5 3 3 7 3 3 1 4 28 3 4 19 6 4 19 8 4 9 9 4 9 4 5 3 5 5 3 6 5 1 8 5 1 9 5 1 1 6 12 3 6 12 5 6 25 6 6 12 8 6 38 1 7 11 2 7 11 3 7 116 4 7 11 6 7 23 7 7 34 2 8 25 4 8 12 5 8 12 7 8 12 8 8 25 9 8 25 2 10 118 4 10 29 7 10 14 9 10 14
341 2806739 3 3 1 1 7 22 2 7 89 9 7 44
342 2810705 1 1 1 4 2 349
343 2823001 10 1 10 1 0 102 1 1 103 1 2 2511 1 3 8 1 4 13 1 5 14176 1 6 146 1 7 71 1 8 11356 1 10 21
344 2830412 15 5 5 2 4 2364 5 4 1182 6 4 1182 10 4 1182 5 5 83 5 6 341 6 6 341 7 6 341 10 6 341 2 7 32 7 7 16 2 9 27 6 9 13 7 9 13 10 9 55
345 2837784 6 3 3 5 2 8 9 2 8 1 7 52 9 7 52 1 9 263 5 9 394
346 2838750 1 1 1 8 6 104
347 2838943 1 1 1 6 0 118
348 2840191 1 1 1 9 5 145
349 2863344 18 9 3 2 1 28 3 1 28 7 1 28 8 1 28 9 1 1384 1 5 250 2 5 250 3 5 250 4 5 250 6 5 250 7 5 250 9 5 250 10 5 500 1 8 1 4 8 3 6 8 15 8 8 1 10 8 2
350 2865451 1 1 1 4 2 74
351 2897937 32 8 8 3 1 6317 6 1 3032 10 1 252 0 2 12 2 2 12 9 2 25 1 3 25 3 3 8 6 3 8 8 3 8 10 3 291 0 5 1 1 5 2 8 5 5 9 5 2 1 6 1 2 6 3 8 6 1 10 6 1 6 7 17 8 7 51 9 7 17 0 9 9 2 9 9 3 9 29 6 9 9 0 10 1169 1 10 4677 2 10 1169 3 10 3507 9 10 3507 10 10 1169
352 2898658 1 1 1 7 10 69
353 2899392 1 1 1 4 0 69
354 2899428 1 1 1 4 9 339
355 2900090 1 1 1 4 1 9509
356 2900304 1 1 1 6 6 48
357 2928533 22 2 11 4 0 132 9 0 4 4 1 418 9 1 558 4 2 48 9 2 72 4 3 316 9 3 316 4 4 1971 9 4 13798 4 5 12 9 5 8 4 6 47 9 6 47 4 7 10 9 7 10 4 8 16 9 8 16 4 9 1788 9 9 894 4 10 32 9 10 65
358 2935955 6 6 1 1 7 15 2 7 23 4 7 7 5 7 146 7 7 15 10 7 7
359 2940178 8 4 4 4 1 513 3 5 6043 6 5 2014 2 9 10 4 9 80 2 10 138 3 10 30 6 10 46
360 2940544 1 1 1 9 2 11
361 2951794 11 1 11 10 0 65 10 1 25 10 2 62 10 3 195 10 4 6114 10 5 60 10 6 163 10 7 46 10 8 51 10 9 108 10 10 23
362 2951937 1 1 1 4 3 90
363 2952278 1 1 1 1 5 62
364 2953821 1 1 1 3 9 86
365 2962465 6 3 3 2 0 160 0 1 1 2 1 56 9 1 1 0 7 378 9 7 1894
366 2965216 5 5 1 1 2 25 3 2 12 4 2 25 6 2 127 8 2 51
367 2967169 1 1 1 0 0 77
368 2968582 1 1 1 9 6 1958
369 2972048 4 4 1 1 10 1 2 10 2 3 10 1 6 10 1
370 2976142 5 5 1 1 2 1 3 2 1 5 2 2 9 2 1 10 2 1
371 2979489 1 1 1 9 2 13050
372 2980202 3 3 1 7 0 7 8 0 7 9 0 36
373 2991623 11 1 11 9 0 86 9 1 226 9 2 93 9 3 112 9 4 33 9 5 70 9 6 200 9 7 216 9 8 116 9 9 2893 9 10 11715
374 2993307 3 3 1 0 4 12060 2 4 12060 4 4 108540
375 2993853 1 1 1 4 1 7680
376 2996164 2 2 1 3 4 26 4 4 13
377 3031541 33 11 6 4 1 14 5 1 14 6 1 57 7 1 28 0 3 29 1 3 7 4 3 7 5 3 14 6 3 14 8 3 21 10 3 7 0 4 3 2 4 3 3 4 1 6 4 1 8 4 4 9 4 4 1 6 24 3 6 48 5 6 120 7 6 24 8 6 24 9 6 24 10 6 24 2 7 4 4 7 8 10 7 92 0 10 24 1 10 24 2 10 1046 3 10 24 7 10 24 9 10 49
378 3031632 1 1 1 6 8 11822
379 3035707 2 2 1 4 5 564 7 5 1692
380 3036916 1 1 1 5 2 686
381 3040831 3 3 1 1 0 28 6 0 28 7 0 57
382 3043179 2 2 1 0 7 8 1 7 69
383 3044468 1 1 1 4 5 276
384 3044536 1 1 1 1 6 192
385 3069467 22 11 4 0 1 254 1 1 254 2 1 3048 7 1 254 9 1 254 2 4 5 3 4 5 4 4 5 5 4 5 6 4 15 7 4 5 8 4 5 10 4 10 1 8 680 4 8 6 6 8 6 10 8 18 0 10 38 3 10 77 5 10 38 8 10 154 9 10 38
386 3157220 99 11 11 0 0 97 1 0 777 2 0 97 3 0 194 4 0 97 5 0 194 6 0 97 7 0 97 8 0 194 9 0 194 1 1 60 2 1 60 3 1 788 4 1 667 5 1 60 6 1 181 7 1 60 8 1 121 9 1 60 10 1 242 0 2 2 1 2 2 3 2 14 4 2 2 5 2 2 6 2 4 7 2 4 9 2 2 10 2 2 0 3 1 1 3 3 3 3 1 4 3 1 5 3 61 6 3 1 8 3 1 9 3 1 10 3 1 0 4 986 1 4 986 2 4 5917 3 4 986 4 4 986 6 4 986 7 4 1972 8 4 986 9 4 986 10 4 986 1 5 8 2 5 8 4 5 16 5 5 8 6 5 8 7 5 48 9 5 8 10 5 8 0 6 11 2 6 11 3 6 11 5 6 22 7 6 11 8 6 11 0 7 17 1 7 8 2 7 2 4 7 2 5 7 23 6 7 2 7 7 2 8 7 5 9 7 2 10 7 14 0 8 1 1 8 1 2 8 207 3 8 1 4 8 1 8 8 1 9 8 1 10 8 1 0 9 1 1 9 1 2 9 1 3 9 1 5 9 1 6 9 1 7 9 1 8 9 1 9 9 67 10 9 1 0 10 7 2 10 3 3 10 7 4 10 3 5 10 3 6 10 3 7 10 3 8 10 3 10 10 3
387 3167021 8 4 4 0 1 62 1 1 124 10 4 8 0 7 34 1 7 34 7 7 34 7 10 23 10 10 23
388 3212342 45 9 9 1 0 39 3 0 13 4 0 13 5 0 13 6 0 13 9 0 13 10 0 13 0 2 1826 3 2 456 4 2 913 6 2 1369 7 2 913 9 2 5479 10 2 456 0 3 8 4 3 1 6 3 3 7 3 40 1 4 8 3 4 17 4 4 8 9 4 8 3 5 8 4 5 8 6 5 8 7 5 42 10 5 42 0 6 920 1 6 1150 5 6 115 6 6 115 9 6 115 10 6 230 0 8 252 5 8 504 7 8 252 10 8 252 1 9 149 3 9 49 5 9 49 9 9 499 0 10 6 1 10 6 5 10 112 7 10 6
389 3212437 1 1 1 0 0 33119
390 3271587 66 11 11 1 0 1 5 0 1 6 0 19 8 0 4 0 1 3 3 1 3 4 1 7 5 1 7 8 1 7 9 1 7 10 1 7 0 2 5463 2 2 546 5 2 546 10 2 1092 0 3 12 1 3 4 2 3 4 3 3 4 5 3 4 9 3 47 0 4 894 2 4 447 3 4 12516 4 4 447 7 4 447 10 4 447 4 5 4 6 5 4 7 5 4 8 5 4 9 5 4 1 6 48 2 6 16 4 6 16 6 6 16 7 6 32 9 6 16 10 6 146 0 7 1 6 7 1 7 7 1 9 7 1 0 8 14 1 8 42 2 8 28 3 8 28 4 8 154 5 8 14 8 8 14 10 8 14 1 9 17 2 9 17 3 9 17 5 9 34 6 9 34 7 9 68 8 9 17 10 9 17 1 10 5 3 10 5 4 10 22 6 10 55 7 10 5 8 10 5 9 10 5
391 3285514 11 1 11 1 0 36 1 1 116 1 2 32 1 3 229 1 4 213 1 5 152 1 6 9335 1 7 67 1 8 100 1 9 3838 1 10 121
392 3289005 1 1 1 0 10 66
393 3291518 2 2 1 2 4 116 6 4 8
394 3292265 2 2 1 3 1 1274 4 1 637
395 3292487 1 1 1 2 7 13068
396 3299036 5 5 1 1 9 1475 2 9 491 3 9 491 5 9 491 6 9 983
397 3300743 1 1 1 4 5 3991
398 3300791 1 1 1 2 6 9860
399 3325591 22 2 11 4 0 16760 10 0 16760 4 1 62 10 1 62 4 2 10 10 2 200 4 3 23 10 3 23 4 4 23 10 4 46 4 5 6 10 5 6 4 6 12 10 6 40 4 7 93 10 7 1212 4 8 9765 10 8 9765 4 9 20 10 9 20 4 10 906 10 10 453
400 3329021 1 1 1 2 8 17
401 3330781 1 1 1 6 9 65
402 3332084 1 1 1 3 0 81
403 3338680 11 1 11 1 0 344 1 1 197 1 2 114 1 3 22 1 4 406 1 5 61 1 6 148 1 7 7213 1 8 1684 1 9 2998 1 10 21
404 3354465 22 11 5 2 2 9034 4 2 2492 5 2 311 10 2 311 0 3 9192 2 3 4596 5 3 4596 7 3 4596 8 3 4596 0 4 12 3 4 12 4 4 12 6 4 117 7 4 12 8 4 6 1 5 314 3 5 78 6 5 26 9 5 52 1 10 1614 9 10 1614 10 10 807
405 3354520 1 1 1 0 6 78
406 3354905 1 1 1 6 5 79
407 3355681 2 2 1 3 3 120 7 3 20
408 3359646 4 4 1 4 6 47 6 6 28 7 6 28 8 6 9
409 3360033 1 1 1 10 9 7213
410 3365127 1 1 1 10 3 57
411 3367336 2 2 1 6 7 75 10 7 75
412 3367361 1 1 1 10 5 39182
413 3383951 22 11 4 2 3 10 3 3 1 6 3 1 7 3 1 8 3 1 9 3 1 0 5 6 1 5 6 4 5 12 5 5 25 6 5 77 10 5 12 2 6 273 3 6 2463 4 6 273 5 6 1916 7 6 273 8 6 547 0 8 13 1 8 13 9 8 13 10 8 13
414 3411936 22 2 11 2 0 5988 10 0 3592 2 1 52 10 1 26 2 2 80 10 2 80 2 3 353 10 3 353 2 4 56 10 4 56 2 5 12 10 5 12 2 6 898 10 6 449 2 7 2012 10 7 4024 2 8 270 10 8 72 2 9 126 10 9 189 2 10 55 10 10 55
415 3412062 1 1 1 7 1 23
416 3413081 1 1 1 4 6 331
417 3415281 2 1 2 2 7 75 2 9 49
418 3417759 2 1 2 10 1 212 10 7 1267
419 3444282 18 9 4 0 2 1041 7 2 5208 8 2 1041 9 2 1041 0 3 13 3 3 13 9 3 162 1 5 10 2 5 20 3 5 10 6 5 10 7 5 20 10 5 10 1 10 3 2 10 24 6 10 10 8 10 24 10 10 3
420 3447183 4 1 4 3 1 3 3 6 205 3 8 198 3 10 5997
421 3449227 1 1 1 0 4 52
422 3454644 9 9 2 0 4 19 4 4 19 5 4 19 6 4 38 9 4 38 1 6 104 2 6 52 8 6 52 10 6 26
423 3454925 1 1 1 8 6 71
424 3455874 1 1 1 9 0 371
425 3514017 66 11 11 0 0 22 1 0 29 3 0 14 5 0 7 6 0 7 8 0 7 9 0 7 10 0 14 1 1 21 2 1 21 5 1 21 7 1 42 8 1 148 9 1 21 10 1 42 0 2 46 2 2 23 5 2 23 6 2 23 8 2 23 0 3 51 1 3 51 2 3 51 4 3 51 5 3 51 6 3 103 7 3 51 9 3 51 0 4 2714 2 4 2714 4 4 5429 7 4 2714 9 4 2714 1 5 17 3 5 17 4 5 25 9 5 8 5 6 12 10 6 7858 1 7 384 3 7 192 6 7 384 7 7 5574 8 7 192 10 7 1345 0 8 2118 2 8 1059 3 8 1059 4 8 1059 5 8 1059 6 8 1059 10 8 1059 1 9 1 2 9 14 3 9 1 4 9 3 6 9 1 7 9 4 8 9 1 0 10 8 3 10 4 4 10 4 7 10 4 8 10 4 9 10 8 10 10 4
426 3514691 1 1 1 4 2 17865
427 3517254 2 2 1 0 9 28 3 9 18
428 3517285 1 1 1 7 10 4007
429 3529613 14 7 3 1 5 2177 2 5 21779 3 5 10889 8 5 2177 10 5 21779 0 6 1 1 6 1 2 6 8 3 6 2 8 6 1 9 6 1 10 6 1 0 9 1095 9 9 2190
430 3530278 2 2 1 2 3 111 7 3 111
431 3531790 1 1 1 2 4 92
432 3534291 1 1 1 6 6 2002
433 3540806 4 4 1 0 5 58 2 5 3 5 5 3 10 5 6
434 3552713 11 1 11 9 0 2180 9 1 172 9 2 71 9 3 4787 9 4 256 9 5 6614 9 6 187 9 7 12 9 8 115 9 9 62 9 10 15000
435 3564696 11 11 1 0 0 133 1 0 133 2 0 133 3 0 133 4 0 133 5 0 133 6 0 133 7 0 133 8 0 133 9 0 533 10 0 533
436 3568838 4 4 1 1 6 12 2 6 124 5 6 37 9 6 12
437 3616182 55 11 10 2 0 10 3 0 10 6 0 10 7 0 10 8 0 97 10 0 21 1 1 30 2 1 5 4 1 15 5 1 5 6 1 30 7 1 5 8 1 5 9 1 5 8 2 8879 0 3 272 1 3 545 5 3 272 7 3 545 9 3 818 10 3 272 0 5 1 1 5 1 4 5 1 5 5 53 8 5 1 9 5 1 10 5 1 1 6 57 3 6 57 5 6 57 8 6 173 9 6 57 10 6 57 0 7 613 2 7 204 6 7 204 7 7 408 10 7 204 2 8 887 3 8 221 4 8 443 5 8 221 6 8 221 0 9 26 3 9 1 4 9 5 6 9 1 0 10 6 1 10 12 2 10 60 3 10 12 4 10 12 7 10 6 9 10 6
438 3616509 1 1 1 2 9 160
439 3617053 1 1 1 1 8 223
440 3617943 2 2 1 0 7 17 1 7 17
441 3630608 11 1 11 2 0 55 2 1 266 2 2 42 2 3 11785 2 4 240 2 5 4686 2 6 195 2 7 59 2 8 29 2 9 78 2 10 314
442 3630867 1 1 1 7 8 5814
443 3649196 22 2 11 3 0 2 9 0 252 3 1 86 9 1 43 3 2 80 9 2 8 3 3 4 9 3 100 3 4 3071 9 4 3071 3 5 24 9 5 24 3 6 139 9 6 27 3 7 119 9 7 119 3 8 40 9 8 1 3 9 72 9 9 36 3 10 95 9 10 95
444 3652978 3 3 2 0 1 70 1 2 50 8 2 50
445 3653984 2 2 1 2 2 42 10 2 42
446 3654693 1 1 1 3 1 84
447 3656043 1 1 1 0 5 35
448 3656177 1 1 1 1 9 240
449 3658063 2 2 1 4 6 13 6 6 78
450 3670853 11 1 11 0 0 4 0 1 453 0 2 60 0 3 2425 0 4 458 0 5 119 0 6 66 0 7 319 0 8 997 0 9 53 0 10 92
451 3672037 1 1 1 0 0 9831
452 3682632 8 8 1 1 7 1 2 7 1 3 7 1 5 7 1 6 7 1 8 7 1 9 7 1 10 7 1
453 3691965 11 1 11 6 0 25 6 1 1718 6 2 27 6 3 23525 6 4 107 6 5 55 6 6 6317 6 7 142 6 8 58 6 9 106 6 10 215
454 3692847 1 1 1 9 10 23
455 3694058 1 1 1 3 10 10238
456 3694737 1 1 1 2 8 294
457 3694814 1 1 1 10 10 9
458 3696491 1 1 1 5 9 6146
459 3697355 1 1 1 1 8 316
460 3707780 6 3 3 5 5 155 8 5 155 0 7 70 5 7 70 0 10 78 8 10 39
461 3709401 1 1 1 3 4 9814
462 3709526 1 1 1 6 6 50
463 3716690 10 2 7 1 1 17 10 1 124 10 2 257 1 3 5218 1 4 35 1 5 49 10 5 49 1 7 99 10 7 297 10 10 248
464 3744821 33 3 11 3 0 17 5 0 17 8 0 17 3 1 17 5 1 59 8 1 8 3 2 136 5 2 410 8 2 136 3 3 806 5 3 4839 8 3 3226 3 4 197 5 4 28 8 4 56 3 5 21 5 5 42 8 5 21 3 6 32 5 6 32 8 6 32 3 7 6 5 7 25 8 7 6 3 8 5 5 8 1 8 8 37 3 9 41 5 9 20 8 9 20 3 10 11 5 10 27 8 10 5
465 3750289 7 7 3 3 0 38 4 0 19 6 0 19 9 0 19 0 3 2661 2 5 163 10 5 163
466 3785703 33 3 11 1 0 40 3 0 20 7 0 40 1 1 6 3 1 65 7 1 19 1 2 52 3 2 4 7 2 28 1 3 16 3 3 16 7 3 16 1 4 39 3 4 39 7 4 39 1 5 170 3 5 15 7 5 15 1 6 10 3 6 52 7 6 31 1 7 3 3 7 3 7 7 7 1 8 453 3 8 453 7 8 453 1 9 32 3 9 16 7 9 16 1 10 15 3 10 30 7 10 15
467 3787043 1 1 1 6 0 4796
468 3789947 1 1 1 3 10 60
469 3791547 1 1 1 7 6 1290
470 3793053 1 1 1 5 9 48
471 3793872 1 1 1 8 5 3186
472 3799718 5 5 1 0 9 1 1 9 67 6 9 1 7 9 1 8 9 1
473 3800771 1 1 1 7 10 75
474 3810364 11 1 11 5 0 780 5 1 83 5 2 2101 5 3 74 5 4 87 5 5 87 5 6 36 5 7 3092 5 8 11911 5 9 538 5 10 9
475 3816241 2 2 1 1 7 4 9 7 86
476 3820142 1 1 1 1 1 275
477 3823677 1 1 1 4 8 117
478 3824184 1 1 1 8 7 9553
479 3824353 1 1 1 9 7 48
480 3824902 2 2 1 5 8 44 7 8 132
481 3825450 1 1 1 6 8 13
482 3832459 11 1 11 9 0 32 9 1 1602 9 2 82 9 3 44 9 4 157 9 5 111 9 6 116 9 7 3025 9 8 8263 9 9 21 9 10 11390
483 3833556 2 2 1 2 3 3 4 3 39
484 3834550 1 1 1 8 8 7793
485 3853873 9 9 2 0 0 1 1 0 2 4 0 1 5 0 14 2 10 711 3 10 142 7 10 142 9 10 4839 10 10 142
486 3855840 1 1 1 9 3 154
487 3856898 3 3 1 1 10 20 3 10 4 6 10 8
488 3857623 1 1 1 1 6 159
489 3857866 1 1 1 4 3 94
490 3859942 1 1 1 8 5 197
491 3860301 1 1 1 10 1 39
492 3884551 22 2 11 0 0 17 7 0 70 0 1 3 7 1 1 0 2 681 7 2 681 0 3 17 7 3 69 0 4 6515 7 4 32575 0 5 41 7 5 13 0 6 20 7 6 20 0 7 5558 7 7 2779 0 8 56 7 8 56 0 9 13 7 9 13 0 10 514 7 10 514
493 3887909 1 1 1 7 7 3
494 3938094 32 8 8 2 1 8 3 1 8 4 1 40 8 1 24 9 1 8 0 2 8292 3 2 8292 4 2 8292 5 2 8292 4 3 44 6 3 122 8 3 11 9 3 11 2 4 55 4 4 5 5 4 5 6 4 33 9 4 5 6 5 24 0 6 58 2 6 58 5 6 58 6 6 58 0 8 11 2 8 47 3 8 23 8 8 11 9 8 23 0 10 31 3 10 6 5 10 18 8 10 6
495 3940553 1 1 1 2 1 4878
496 3940647 1 1 1 3 4 2949
497 3940954 1 1 1 2 3 53
498 3941388 1 1 1 6 4 79
499 3943220 1 1 1 0 8 66
500 3968853 33 3 11 1 0 4 2 0 4 8 0 4 1 1 11070 2 1 11070 8 1 11070 1 2 35 2 2 70 8 2 35 1 3 1767 2 3 1767 8 3 10603 1 4 833 2 4 166 8 4 500 1 5 82 2 5 5 8 5 131 1 6 15 2 6 31 8 6 47 1 7 27 2 7 54 8 7 27 1 8 1151 2 8 1151 8 8 1151 1 9 1218 2 9 13398 8 9 1218 1 10 1945 2 10 972 8 10 2918
501 3976806 11 1 11 6 0 198 6 1 1343 6 2 6015 6 3 19021 6 4 6615 6 5 11310 6 6 214 6 7 114 6 8 9838 6 9 107 6 10 57
502 3979147 3 3 1 1 1 24979 8 1 49959 10 1 24979
503 3979366 1 1 1 4 10 104
504 3980662 2 2 1 1 6 30 8 6 30
505 3981188 1 1 1 1 10 94
506 3981717 1 1 1 7 9 8270
507 3992432 3 3 1 0 4 11 4 4 5 10 4 5
508 3994844 1 1 1 1 1 83
509 3995015 1 1 1 6 2 66520
510 3995644 1 1 1 3 6 5992
511 4000879 11 1 11 5 0 26 5 1 229 5 2 56 5 3 11710 5 4 1506 5 5 7 5 6 11848 5 7 70 5 8 149 5 9 129 5 10 51
512 4001712 1 1 1 2 1 21
513 4002882 2 2 1 3 1 5 5 1 193
514 4005506 1 1 1 6 3 17
515 4121293 121 11 11 0 0 29 1 0 14 2 0 14 3 0 14 4 0 14 5 0 73 6 0 14 7 0 58 8 0 14 9 0 44 10 0 14 0 1 188 1 1 62 2 1 62 3 1 62 4 1 62 5 1 62 6 1 62 7 1 62 8 1 5023 9 1 62 10 1 62 0 2 1513 1 2 1513 2 2 1513 3 2 1513 4 2 1513 5 2 4539 6 2 1513 7 2 1513 8 2 3026 9 2 1513 10 2 1513 0 3 1 1 3 1 2 3 1 3 3 30 4 3 1 5 3 1 6 3 1 7 3 1 8 3 34 9 3 1 10 3 1 0 4 218 1 4 218 2 4 218 3 4 218 4 4 218 5 4 218 6 4 2186 7 4 218 8 4 218 9 4 2843 10 4 437 0 5 213 1 5 213 2 5 213 3 5 1491 4 5 426 5 5 213 6 5 213 7 5 213 8 5 213 9 5 213 10 5 426 0 6 10 1 6 10 2 6 10 3 6 10 4 6 10 5 6 10 6 6 10 7 6 10 8 6 94 9 6 20 10 6 20 0 7 905 1 7 452 2 7 452 3 7 452 4 7 452 5 7 452 6 7 2263 7 7 452 8 7 4074 9 7 15392 10 7 1358 0 8 419 1 8 419 2 8 1257 3 8 2514 4 8 419 5 8 419 6 8 838 7 8 419 8 8 838 9 8 419 10 8 1676 0 9 11 1 9 45 2 9 11 3 9 57 4 9 11 5 9 11 6 9 11 7 9 11 8 9 11 9 9 34 10 9 11 0 10 24 1 10 6 2 10 49 3 10 37 4 10 6 5 10 6 6 10 6 7 10 6 8 10 49 9 10 6 10 10 6
516 4122903 1 1 1 4 4 132
517 4125737 3 3 1 2 10 71 7 10 71 9 10 71
518 4128123 3 3 1 1 8 22 4 8 22 7 8 11
519 4129075 1 1 1 1 0 93
520 4129478 1 1 1 2 9 103
521 4130922 1 1 1 10 6 80
522 4132563 1 1 1 0 10 51
523 4133126 1 1 1 7 5 152
524 4133388 1 1 1 5 8 3073
525 4176952 33 3 11 0 0 115 8 0 57 10 0 28 0 1 7 8 1 54 10 1 7 0 2 5 8 2 5 10 2 22 0 3 66 8 3 16 10 3 16 0 4 320 8 4 320 10 4 320 0 5 5 8 5 107 10 5 11 0 6 15 8 6 15 10 6 15 0 7 29 8 7 29 10 7 29 0 8 52 8 8 1 10 8 1 0 9 16 8 9 16 10 9 64 0 10 13657 8 10 6828 10 10 6828
526 4189355 11 1 11 5 0 93 5 1 24 5 2 173 5 3 44 5 4 161 5 5 2 5 6 79 5 7 135 5 8 1684 5 9 5995 5 10 26775
527 4189465 1 1 1 5 10 3013
528 4194523 3 3 1 4 1 1334 5 1 2668 8 1 2668
529 4196246 1 1 1 0 0 311
530 4215346 22 11 4 2 2 1 3 2 3 6 2 1 7 2 4 8 2 1 0 3 5 1 3 5 4 3 77 5 3 5 7 3 5 8 3 5 9 3 5 2 6 632 4 6 737 5 6 105 9 6 105 10 6 105 0 10 33 1 10 33 3 10 33 6 10 33 10 10 66
531 4337488 121 11 11 0 0 1 1 0 1 2 0 1 3 0 1 4 0 1 5 0 69 6 0 1 7 0 1 8 0 2 9 0 1 10 0 1 0 1 8 1 1 8 2 1 8 3 1 42 4 1 8 5 1 25 6 1 8 7 1 8 8 1 16 9 1 143 10 1 8 0 2 10 1 2 10 2 2 10 3 2 20 4 2 173 5 2 10 6 2 10 7 2 10 8 2 10 9 2 10 10 2 10 0 3 524 1 3 524 2 3 2099 3 3 524 4 3 524 5 3 524 6 3 524 7 3 524 8 3 524 9 3 1049 10 3 7872 0 4 24 1 4 48 2 4 24 3 4 24 4 4 24 5 4 24 6 4 24 7 4 24 8 4 96 9 4 24 10 4 24 0 5 15 1 5 15 2 5 15 3 5 15 4 5 47 5 5 15 6 5 15 7 5 47 8 5 15 9 5 15 10 5 15 0 6 4 1 6 4 2 6 26 3 6 4 4 6 13 5 6 4 6 6 8 7 6 8 8 6 8 9 6 4 10 6 4 0 7 1 1 7 1 2 7 1 3 7 2 4 7 1 5 7 1 6 7 60 7 7 4 8 7 1 9 7 1 10 7 1 0 8 17 1 8 1 2 8 2 3 8 1 4 8 1 5 8 1 6 8 5 7 8 6 8 8 1 9 8 1 10 8 1 0 9 3255 1 9 9767 2 9 3255 3 9 3255 4 9 3255 5 9 3255 6 9 9767 7 9 32559 8 9 9767 9 9 3255 10 9 16279 0 10 3 1 10 3 2 10 3 3 10 3 4 10 3 5 10 3 6 10 32 7 10 3 8 10 42 9 10 9 10 10 3
532 4338999 2 1 2 0 3 305 0 10 50
533 4348344 6 6 2 2 1 87 1 5 4 5 5 14 6 5 4 7 5 14 8 5 4
534 4378562 33 3 11 0 0 60 3 0 37 7 0 2 0 1 15 3 1 124 7 1 62 0 2 68 3 2 136 7 2 817 0 3 5 3 3 5 7 3 5 0 4 29 3 4 59 7 4 29 0 5 21 3 5 42 7 5 148 0 6 1 3 6 2 7 6 1 0 7 2 3 7 2 7 7 42 0 8 2386 3 8 1193 7 8 2386 0 9 1 3 9 1 7 9 12 0 10 25 3 10 12 7 10 12
535 4378930 1 1 1 8 6 45
536 4437327 66 11 11 5 0 93 7 0 2 8 0 30 0 1 18 4 1 37 7 1 75 8 1 37 0 2 6319 1 2 712 2 2 89 4 2 89 9 2 89 0 3 20 1 3 5 2 3 5 3 3 10 5 3 5 6 3 5 7 3 10 8 3 5 10 3 5 2 4 17 3 4 5 4 4 39 5 4 5 6 4 22 8 4 5 9 4 34 10 4 5 2 5 52 3 5 12 4 5 4 5 5 8 6 5 12 8 5 4 9 5 4 0 6 22 1 6 72 2 6 1 6 6 33 7 6 5 8 6 1 10 6 3 9 7 66 1 8 30 2 8 45 3 8 15 4 8 30 5 8 60 6 8 15 7 8 15 10 8 15 0 9 16 1 9 32 3 9 48 6 9 16 7 9 48 9 9 16 10 9 16 0 10 5 1 10 5 3 10 5 4 10 5 5 10 21 9 10 15 10 10 5
537 4438560 2 2 1 2 7 8452 3 7 2817
538 4438666 1 1 1 1 2 5177
539 4439415 1 1 1 0 2 218
540 4442342 2 2 1 5 3 16771 6 3 16771
541 4443825 1 1 1 10 6 182
542 4444861 1 1 1 4 7 223
543 4446506 2 2 1 0 0 6347 10 0 2115
544 4446657 1 1 1 1 8 235
545 4446821 1 1 1 4 9 7128
546 4449033 1 1 1 10 0 24196
547 4452630 2 2 1 9 6 60 10 6 40
548 4495019 36 9 8 0 0 2468 2 0 2468 4 0 2468 8 0 1234 9 0 1234 1 1 1 3 1 1 4 1 1 0 2 204 3 2 204 4 2 614 5 2 204 8 2 1432 10 2 409 2 3 2 5 3 1 9 3 39 1 4 5 2 4 101 3 4 2 5 4 2 10 4 2 0 5 25 1 5 25 3 5 12 4 5 12 10 5 12 2 8 42 8 8 128 9 8 85 10 8 1024 0 9 5 1 9 1 5 9 3 8 9 7 9 9 26
549 4495212 1 1 1 7 7 263
550 4495791 1 1 1 9 3 101
551 4503347 11 11 1 0 4 1 1 4 1 2 4 2 3 4 1 4 4 1 5 4 1 6 4 3 7 4 1 8 4 1 9 4 1 10 4 1
552 4512407 11 11 1 0 5 4 1 5 9 2 5 4 3 5 23 4 5 9 5 5 4 6 5 4 7 5 4 8 5 28 9 5 150 10 5 719
553 4515216 2 2 1 4 4 70 9 4 70
554 4515964 2 2 1 1 10 19 7 10 19
555 4517717 2 2 1 0 9 31 6 9 126
556 4521541 2 2 1 1 8 236 2 8 236
557 4531165 7 1 7 7 1 16 7 2 6029 7 5 75 7 6 47 7 7 1 7 8 21 7 9 74
558 4531714 1 1 1 4 2 43
559 4531854 1 1 1 8 5 2
560 4559946 22 2 11 5 0 58 7 0 22 5 1 54 7 1 54 5 2 171 7 2 57 5 3 1518 7 3 1518 5 4 50 7 4 100 5 5 62 7 5 31 5 6 7882 7 6 84 5 7 72 7 7 9 5 8 55 7 8 27 5 9 2389 7 9 2389 5 10 212 7 10 106
561 4583297 11 1 11 1 0 99600 1 1 78 1 2 68 1 3 191 1 4 65 1 5 12 1 6 10155 1 7 33167 1 8 88 1 9 68 1 10 230
562 4583558 2 2 2 8 8 52 7 9 37
563 4584068 1 1 1 7 2 132680
564 4584120 1 1 1 6 10 202
565 4584261 1 1 1 7 4 216
566 4587142 2 2 1 2 0 3 9 0 3
567 4587274 1 1 1 7 0 10
568 4638884 55 11 10 0 0 1973 2 0 1973 4 0 1973 8 0 1973 9 0 7894 1 1 1 3 1 7 6 1 19 9 1 1 10 1 3 2 2 61 3 2 30 5 2 1820 7 2 30 8 2 30 1 3 8 2 3 29 3 3 68 6 3 8 10 3 4 4 4 16 5 4 82 7 4 16 1 5 84 4 5 84 5 5 336 7 5 84 8 5 336 9 5 84 0 6 153 1 6 153 2 6 230 6 6 307 10 6 153 0 7 58 3 7 2 5 7 5 6 7 2 7 7 26 8 7 5 9 7 2 0 8 5 2 8 5 4 8 5 5 8 5 10 8 5 0 10 195 1 10 195 3 10 195 4 10 587 6 10 391 7 10 195 8 10 7055 9 10 783 10 10 195
569 4639721 1 1 1 0 9 172
570 4640713 1 1 1 3 1 217
571 4645308 2 2 1 6 8 238 8 8 2143
572 4645631 1 1 1 5 6 39
573 4645978 1 1 1 5 7 49
574 4646183 1 1 1 6 1 48
575 4651032 1 1 1 6 1 171
576 4652456 2 2 1 0 4 5063 8 4 5063
577 4657031 1 1 1 4 1 6347
578 4708508 55 11 10 0 0 36 3 0 15 4 0 5 6 0 15 7 0 5 9 0 5 10 0 145 1 1 52 7 1 17 9 1 17 10 1 69 0 2 6 5 2 3 6 2 3 7 2 139 8 2 3 9 2 24 0 3 172 3 3 172 5 3 172 6 3 172 8 3 172 10 3 6912 1 5 1 3 5 3 4 5 11 6 5 22 0 6 1391 1 6 347 2 6 347 4 6 347 5 6 347 8 6 695 9 6 347 1 7 1 2 7 2 5 7 1 6 7 1 7 7 3 8 7 1 10 7 1 2 8 93 3 8 15 4 8 15 8 8 31 9 8 15 1 9 17 2 9 17 4 9 52 7 9 17 0 10 1 2 10 3 3 10 1 5 10 23 10 10 5
579 4709453 1 1 1 0 10 33
580 4776329 66 11 11 0 0 10 3 0 20 7 0 10 9 0 50 1 1 25 2 1 25 3 1 25 5 1 25 7 1 25 8 1 75 10 1 25 0 2 2 1 2 2 3 2 10 4 2 2 5 2 2 6 2 2 1 3 6 9 3 81 0 4 32 4 4 32 8 4 129 10 4 32 0 5 6 6 5 12 7 5 6 8 5 88 9 5 6 10 5 6 2 6 1 4 6 1 5 6 1 6 6 1 7 6 1 9 6 196 10 6 1 0 7 116 1 7 116 2 7 350 3 7 350 5 7 1519 6 7 116 9 7 116 10 7 350 1 8 13 2 8 13 3 8 13 4 8 13 5 8 40 6 8 13 8 8 13 10 8 13 0 9 2 1 9 1 2 9 2 3 9 1 4 9 1 5 9 1 7 9 1 8 9 1 2 10 3 4 10 3 6 10 3 7 10 48 8 10 3 9 10 3
581 4789322 8 4 4 8 0 76 3 3 12987 4 3 12987 5 3 12987 8 3 38963 3 5 215 4 6 3216 5 6 1608
582 4790011 1 1 1 4 7 186
583 4790774 1 1 1 1 6 3821
584 4792894 3 3 1 0 1 47 1 1 47 2 1 94
585 4793438 1 1 1 2 5 73
586 4836061 42 7 10 0 0 6 1 0 85 3 0 6 4 0 6 5 0 92 0 1 6 3 1 6 5 1 6 10 1 31 1 2 137 2 2 82 3 2 13 5 2 13 10 2 13 0 3 58 1 3 116 2 3 233 4 3 58 5 3 58 10 3 58 3 5 134 4 5 537 0 6 1 2 6 6 4 6 103 10 6 2 0 7 4 1 7 1 2 7 6 4 7 2 5 7 1 1 8 22 5 8 13 10 8 3 0 9 12 2 9 12 3 9 24 10 9 49 1 10 249 2 10 498 3 10 249 4 10 249
587 4837329 2 1 2 7 1 1011 7 10 91
588 4837889 1 1 1 0 6 32
589 4846319 7 1 7 6 0 3 6 1 3121 6 4 108 6 6 163 6 8 67 6 9 188 6 10 13
590 4881779 32 8 7 5 1 4 9 1 72 10 1 140 3 3 18 8 3 18 10 3 18 5 4 27 6 4 13 7 4 13 10 4 13 2 6 1 5 6 1 6 6 2 7 6 1 8 6 2 9 6 9 2 7 12 3 7 12 7 7 12 9 7 12 2 8 634 3 8 63 5 8 63 6 8 63 7 8 1141 8 8 63 2 9 11584 3 9 386 6 9 386 8 9 2316 9 9 386 10 9 772
591 4882011 1 1 1 1 0 1485
592 4885023 2 2 1 2 8 875 9 8 125
593 4885342 1 1 1 7 8 1
594 4885466 1 1 1 7 7 61
595 4885704 1 1 1 2 8 765
596 4890150 2 2 1 3 3 647 9 3 647
597 4891548 1 1 1 9 6 89
598 4926289 33 3 11 2 0 12 7 0 9 9 0 1 2 1 58 7 1 19 9 1 19 2 2 36 7 2 4 9 2 22 2 3 4661 7 3 4661 9 3 4661 2 4 45 7 4 45 9 4 22 2 5 7607 7 5 7607 9 5 7607 2 6 16 7 6 10 9 6 1 2 7 2 7 7 7 9 7 1 2 8 397 7 8 99 9 8 198 2 9 9 7 9 45 9 9 9 2 10 1499 7 10 749 9 10 749
599 4926835 1 1 1 9 9 43
600 4927427 1 1 1 4 4 192
601 4927936 1 1 1 1 9 24
602 4962247 33 3 11 2 0 586 8 0 586 10 0 586 2 1 2181 8 1 1454 10 1 363 2 2 18 8 2 2 10 2 2 2 3 16 8 3 64 10 3 32 2 4 318 8 4 636 10 4 318 2 5 1124 8 5 562 10 5 281 2 6 88 8 6 88 10 6 88 2 7 16 8 7 67 10 7 16 2 8 23 8 8 70 10 8 23 2 9 300 8 9 1504 10 9 300 2 10 13 8 10 13 10 10 40
603 4962930 2 2 1 3 6 7 8 6 1
604 4984103 33 3 11 1 0 25 5 0 103 6 0 25 1 1 97 5 1 228 6 1 32 1 2 33 5 2 1 6 2 4 1 3 3 5 3 3 6 3 3 1 4 1477 5 4 295 6 4 295 1 5 293 5 5 2347 6 5 293 1 6 19 5 6 78 6 6 19 1 7 29 5 7 14 6 7 14 1 8 3 5 8 45 6 8 3 1 9 107 5 9 538 6 9 646 1 10 4745 5 10 2372 6 10 2372
605 4985001 1 1 1 7 5 4650
606 4985827 1 1 1 2 7 8997
607 4987249 2 2 1 4 7 12 6 7 24
608 4988277 1 1 1 4 9 119
609 4988563 1 1 1 9 9 38960
610 5094366 121 11 11 0 0 43 1 0 1 2 0 2 3 0 1 4 0 28 5 0 1 6 0 1 7 0 1 8 0 1 9 0 1 10 0 1 0 1 87 1 1 1 2 1 2 3 1 1 4 1 1 5 1 1 6 1 1 7 1 1 8 1 1 9 1 1 10 1 1 0 2 4 1 2 4 2 2 4 3 2 4 4 2 9 5 2 4 6 2 4 7 2 4 8 2 4 9 2 62 10 2 19 0 3 26 1 3 3 2 3 6 3 3 3 4 3 3 5 3 3 6 3 3 7 3 13 8 3 3 9 3 6 10 3 6 0 4 1 1 4 1 2 4 1 3 4 1 4 4 2 5 4 1 6 4 10 7 4 10 8 4 1 9 4 1 10 4 8 0 5 244 1 5 489 2 5 1224 3 5 979 4 5 11754 5 5 489 6 5 734 7 5 489 8 5 244 9 5 244 10 5 244 0 6 2 1 6 2 2 6 24 3 6 5 4 6 2 5 6 11 6 6 2 7 6 2 8 6 2 9 6 13 10 6 5 0 7 326 1 7 1307 2 7 980 3 7 653 4 7 326 5 7 326 6 7 653 7 7 326 8 7 326 9 7 4574 10 7 653 0 8 14 1 8 14 2 8 104 3 8 14 4 8 14 5 8 14 6 8 14 7 8 14 8 8 14 9 8 14 10 8 59 0 9 7 1 9 1 2 9 1 3 9 4 4 9 1 5 9 1 6 9 1 7 9 1 8 9 1 9 9 1 10 9 1 0 10 4 1 10 8 2 10 4 3 10 4 4 10 8 5 10 4 6 10 16 7 10 8 8 10 32 9 10 4 10 10 12
611 5095727 1 1 1 10 2 51
612 5096224 1 1 1 3 0 2036
613 5098394 1 1 1 8 4 71
614 5100056 2 2 2 7 5 5 4 6 22
615 5112095 11 11 1 0 8 1 1 8 4 2 8 1 3 8 1 4 8 1 5 8 1 6 8 36 7 8 1 8 8 1 9 8 1 10 8 1
616 5126585 22 2 11 1 0 2 2 0 28 1 1 12 2 1 12 1 2 15 2 2 15 1 3 67 2 3 67 1 4 4934 2 4 4934 1 5 749 2 5 749 1 6 7721 2 6 13 1 7 160 2 7 160 1 8 3398 2 8 566 1 9 20 2 9 5 1 10 567 2 10 3407
617 5126884 1 1 1 5 8 103
618 5127399 1 1 1 5 10 27
619 5139874 11 1 11 10 0 50 10 1 9173 10 2 3 10 3 60 10 4 389 10 5 6 10 6 72 10 7 85 10 8 20 10 9 33 10 10 99224
620 5141524 2 2 1 2 0 1 9 0 3
621 5141655 1 1 1 3 10 36
622 5143331 2 2 2 4 2 233 10 4 157
623 5148637 2 2 1 5 6 2 9 6 19
624 5159271 11 1 11 6 0 66432 6 1 2019 6 2 301 6 3 90 6 4 39049 6 5 161 6 6 114 6 7 3524 6 8 99798 6 9 144 6 10 81
625 5160014 1 1 1 4 0 672
626 5163843 5 5 1 2 1 5 6 1 5 7 1 5 8 1 5 9 1 5
627 5163846 1 1 1 7 9 178
628 5174928 7 7 2 1 6 17 5 6 11 6 6 5 9 6 5 0 10 2031 8 10 10155 10 10 2031
629 5175096 1 1 1 1 7 18
630 5176002 1 1 1 10 1 339
631 5191216 11 11 2 2 4 187 3 4 17 5 4 34 6 4 8 10 4 8 0 7 11910 1 7 11910 4 7 11910 7 7 11910 8 7 11910 9 7 11910
632 5195303 4 4 1 0 7 1116 2 7 145 3 7 97 6 7 48
633 5197795 1 1 1 0 2 31
634 5205317 6 3 3 9 0 82 10 0 248 8 6 34 10 6 34 8 7 1032 9 7 1032
635 5205752 1 1 1 10 8 130
636 5240190 33 3 11 0 0 78 4 0 78 6 0 78 0 1 171 4 1 1 6 1 1 0 2 1 4 2 1 6 2 103 0 3 1 4 3 25 6 3 1 0 4 1 4 4 3 6 4 1 0 5 61 4 5 92 6 5 30 0 6 1 4 6 1 6 6 6 0 7 23 4 7 23 6 7 93 0 8 894 4 8 894 6 8 894 0 9 13 4 9 13 6 9 26 0 10 1 4 10 1 6 10 1
637 5241223 1 1 1 9 6 4875
638 5245944 6 6 2 2 2 6 6 2 13 7 2 6 3 3 24 4 3 24 9 3 24
639 5247011 1 1 1 9 7 73
640 5251488 2 2 1 0 6 51 6 6 204
641 5252733 1 1 1 7 2 1344
642 5253533 2 2 1 0 10 1 1 10 10
643 5255032 1 1 1 2 4 3193
644 5258446 1 1 1 4 9 42
645 5258518 1 1 1 8 1 1969
646 5259014 1 1 1 0 3 278
647 5261291 2 2 1 4 1 16 8 1 2
648 5262368 1 1 1 6 5 67
649 5262422 1 1 1 7 6 2411
650 5272330 11 1 11 8 0 1732 8 1 770 8 2 28 8 3 57 8 4 12071 8 5 109 8 6 3725 8 7 2173 8 8 66 8 9 11363 8 10 17
651 5273299 1 1 1 7 9 9608
652 5281349 6 3 3 3 1 87 1 5 303 3 5 606 8 5 303 1 7 30 8 7 15
653 5281574 1 1 1 8 10 32
654 5281948 1 1 1 9 6 259
655 5282754 1 1 1 9 3 43
656 5294329 11 1 11 0 0 127 0 1 429 0 2 225 0 3 332 0 4 14250 0 5 181 0 6 61 0 7 37 0 8 107 0 9 625 0 10 173
657 5303319 11 1 11 0 0 76 0 1 88 0 2 4075 0 3 68 0 4 114 0 5 1726 0 6 403 0 7 65 0 8 34 0 9 157 0 10 23
658 5303497 1 1 1 2 9 5977
659 5305163 2 2 1 8 9 112 10 9 1
660 5306643 2 2 1 7 4 4251 9 4 4251
661 5308183 2 2 1 1 0 10980 5 0 5490
662 5309273 1 1 1 3 0 89
663 5315904 7 7 1 0 1 6417 2 1 583 4 1 1750 5 1 4667 6 1 583 8 1 1166 10 1 583
664 5316896 1 1 1 10 9 287
665 5350846 28 7 7 1 1 1 2 1 1 3 1 1 7 1 1 8 1 4 2 2 509 5 2 509 8 2 509 1 3 653 2 3 3920 3 3 1306 4 3 653 5 3 653 4 6 56 5 6 56 8 6 56 1 7 1 3 7 1 4 7 1 7 7 1 3 8 2337 5 8 4674 7 8 4674 1 10 15 2 10 7 4 10 7 7 10 23 8 10 7
666 5350970 1 1 1 4 2 28
667 5387437 33 3 11 7 0 18 8 0 18 9 0 72 7 1 650 8 1 162 9 1 162 7 2 84 8 2 28 9 2 28 7 3 21 8 3 21 9 3 21 7 4 14 8 4 14 9 4 28 7 5 20 8 5 10 9 5 10 7 6 37 8 6 555 9 6 37 7 7 236 8 7 236 9 7 236 7 8 22 8 8 44 9 8 44 7 9 12 8 9 49 9 9 62 7 10 19 8 10 9 9 10 19
668 5393403 5 5 1 4 4 7 5 4 31 7 4 55 8 4 7 10 4 7
669 5502320 110 10 11 0 0 2 1 0 2 2 0 2 4 0 4 5 0 2 6 0 4 7 0 2 8 0 2 9 0 2 10 0 4 0 1 10 1 1 1 2 1 1 4 1 33 5 1 1 6 1 1 7 1 1 8 1 1 9 1 1 10 1 1 0 2 4 1 2 1 2 2 1 4 2 1 5 2 18 6 2 1 7 2 1 8 2 1 9 2 1 10 2 6 0 3 1223 1 3 47 2 3 94 4 3 706 5 3 47 6 3 847 7 3 282 8 3 188 9 3 282 10 3 282 0 4 379 1 4 379 2 4 379 4 4 379 5 4 3790 6 4 758 7 4 379 8 4 1137 9 4 379 10 4 379 0 5 115 1 5 115 2 5 115 4 5 115 5 5 231 6 5 1155 7 5 115 8 5 346 9 5 1155 10 5 577 0 6 6 1 6 6 2 6 24 4 6 12 5 6 6 6 6 6 7 6 6 8 6 6 9 6 12 10 6 6 0 7 2 1 7 2 2 7 2 4 7 2 5 7 2 6 7 2 7 7 2 8 7 4 9 7 2 10 7 198 0 8 17 1 8 4 2 8 21 4 8 4 5 8 8 6 8 4 7 8 4 8 8 4 9 8 4 10 8 4 0 9 33 1 9 33 2 9 16 4 9 49 5 9 16 6 9 1850 7 9 66 8 9 16 9 9 33 10 9 16 0 10 2 1 10 1 2 10 2 4 10 2 5 10 1 6 10 3 7 10 1 8 10 1 9 10 75 10 10 1
670 5503947 1 1 1 0 6 33197
671 5504299 1 1 1 9 0 58
672 5505874 2 2 2 9 6 39 3 8 61
673 5506589 1 1 1 1 5 107
674 5612046 121 11 11 0 0 4 1 0 1 2 0 1 3 0 1 4 0 1 5 0 3 6 0 1 7 0 1 8 0 1 9 0 1 10 0 1 0 1 9 1 1 160 2 1 6 3 1 3 4 1 16 5 1 3 6 1 3 7 1 6 8 1 6 9 1 3 10 1 6 0 2 1 1 2 1 2 2 1 3 2 1 4 2 1 5 2 1 6 2 1 7 2 6 8 2 1 9 2 1 10 2 1 0 3 2 1 3 1 2 3 1 3 3 1 4 3 1 5 3 1 6 3 1 7 3 1 8 3 1 9 3 1 10 3 1 0 4 508 1 4 508 2 4 1017 3 4 508 4 4 508 5 4 508 6 4 508 7 4 508 8 4 1017 9 4 508 10 4 508 0 5 485 1 5 485 2 5 485 3 5 7289 4 5 485 5 5 971 6 5 485 7 5 485 8 5 485 9 5 485 10 5 485 0 6 836 1 6 167 2 6 2676 3 6 167 4 6 501 5 6 167 6 6 167 7 6 167 8 6 167 9 6 334 10 6 3846 0 7 2 1 7 1 2 7 1 3 7 1 4 7 1 5 7 2 6 7 2 7 7 6 8 7 1 9 7 1 10 7 1 0 8 33 1 8 16 2 8 16 3 8 16 4 8 33 5 8 16 6 8 33 7 8 16 8 8 33 9 8 16 10 8 16 0 9 10 1 9 10 2 9 10 3 9 10 4 9 10 5 9 20 6 9 92 7 9 10 8 9 10 9 9 51 10 9 10 0 10 39 1 10 299 2 10 3 3 10 3 4 10 7 5 10 7 6 10 3 7 10 3 8 10 3 9 10 50 10 10 7
675 5634621 22 11 4 0 0 1 2 0 1 4 0 2 6 0 2 7 0 1 8 0 1 9 0 11 0 2 21 2 2 21 7 2 64 8 2 86 10 2 21 1 8 5026 3 8 1077 5 8 359 6 8 718 1 9 2 3 9 2 4 9 70 5 9 2 9 9 7 10 9 2
676 5634842 1 1 1 4 10 189
677 5635682 1 1 1 8 7 2
678 5646080 15 5 5 9 0 12 10 0 18 3 4 29257 6 4 29257 7 4 29257 9 4 29257 3 5 5425 6 5 1808 7 5 1808 6 9 1 10 9 29 3 10 51 7 10 51 9 10 336 10 10 155
679 5661392 22 11 5 0 2 1 4 2 1 7 2 1 9 2 1 0 4 2 5 4 30 1 5 13 2 5 6 3 5 6 4 5 52 7 5 13 9 5 6 10 5 85 6 8 94 8 8 47 10 8 94 1 9 1338 2 9 892 3 9 2677 5 9 8479 6 9 446 8 9 446
680 5742010 66 11 11 1 0 4 3 0 49 4 0 17 7 0 4 8 0 22 9 0 8 10 0 4 0 1 26 2 1 4 4 1 8 5 1 4 6 1 21 7 1 4 10 1 8 0 2 6 1 2 6 2 2 25 8 2 6 9 2 6 5 3 69 6 3 11 7 3 11 8 3 104 10 3 11 1 4 1 3 4 1 4 4 1 5 4 1 6 4 1 7 4 1 8 4 40 9 4 1 10 4 1 3 5 5 5 5 16 6 5 21 7 5 5 0 6 8 1 6 4 2 6 4 4 6 4 8 6 48 9 6 35 0 7 7 2 7 30 3 7 7 4 7 7 9 7 52 2 8 1503 3 8 1503 9 8 1503 10 8 1503 0 9 12 1 9 12 2 9 12 3 9 12 4 9 12 5 9 12 6 9 12 8 9 163 0 10 2163 1 10 4327 5 10 2163 6 10 6491 7 10 2163 10 10 2163
681 5744300 1 1 1 10 2 619
682 5747978 4 4 1 2 10 1959 6 10 1959 7 10 1959 9 10 1959
683 5755090 11 1 11 8 0 610 8 1 16248 8 2 74 8 3 28 8 4 73 8 5 467 8 6 230 8 7 66 8 8 46 8 9 19442 8 10 58571
684 5757072 2 2 1 5 0 10 6 0 10
685 5759631 1 1 1 7 0 61
686 5761109 1 1 1 5 6 61
687 5768057 11 1 11 3 0 9040 3 1 320 3 2 45 3 3 6086 3 4 45 3 5 6 3 6 142 3 7 9606 3 8 107 3 9 2168 3 10 1647
688 5768967 1 1 1 3 6 137
689 5769259 1 1 1 7 0 1911
690 5770032 2 2 1 3 3 586 9 3 1758
691 5786793 22 2 11 3 0 2733 8 0 5467 3 1 59 8 1 7 3 2 2 8 2 43 3 3 9 8 3 45 3 4 45 8 4 45 3 5 16 8 5 16 3 6 41 8 6 41 3 7 1 8 7 1 3 8 19 8 8 38 3 9 7 8 9 36 3 10 1 8 10 25
692 5801943 11 1 11 8 0 33065 8 1 19 8 2 26 8 3 215 8 4 43 8 5 84 8 6 87 8 7 4848 8 8 1646 8 9 149 8 10 62
693 5802215 1 1 1 4 7 66
694 5803903 3 3 1 2 7 129 3 7 1 10 7 1
695 5819024 11 1 11 3 0 66560 3 1 54 3 2 76 3 3 158 3 4 14842 3 5 209 3 6 94 3 7 177 3 8 72 3 9 36 3 10 124
696 5820773 1 1 1 1 6 650
697 5820995 1 1 1 1 4 9622
698 5826531 11 1 11 8 0 3064 8 1 11422 8 2 630 8 3 5965 8 4 9825 8 5 11709 8 6 1268 8 7 111 8 8 381 8 9 105 8 10 11
699 5841055 11 1 11 8 0 7 8 1 92 8 2 62 8 3 353 8 4 15 8 5 29 8 6 92 8 7 56 8 8 1372 8 9 98 8 10 1
700 5841686 1 1 1 9 1 38
701 5845426 2 2 1 0 3 1570 9 3 1570
702 5846478 1 1 1 7 6 88
703 5848250 1 1 1 10 4 69
704 5848317 1 1 1 10 1 661
705 5854858 11 1 11 0 0 132 0 1 2453 0 2 3 0 3 296 0 4 17845 0 5 41 0 6 7751 0 7 2626 0 8 9 0 9 65 0 10 9238
706 5855570 3 3 1 1 1 6 2 1 55 6 1 6
707 5865657 5 5 1 2 7 21 3 7 10 6 7 10 9 7 10 10 7 21
708 5865915 1 1 1 1 5 41249
709 5870685 1 1 1 7 0 345
710 5887323 18 6 5 0 2 56 2 2 28 6 2 336 7 2 28 9 5 18958 0 6 51 3 6 51 6 6 51 7 6 51 2 9 3 3 9 10 7 9 7 9 9 3 0 10 18 2 10 46 3 10 9 6 10 9 9 10 9
711 5887867 1 1 1 1 0 12
712 5999825 99 11 11 0 0 3 1 0 3 3 0 3 4 0 3 6 0 10 7 0 3 8 0 3 9 0 3 10 0 3 0 1 11 1 1 11 2 1 23 3 1 11 5 1 34 6 1 23 7 1 23 8 1 11 9 1 11 10 1 58 0 2 51 1 2 102 2 2 51 4 2 51 5 2 51 6 2 51 7 2 102 8 2 153 9 2 51 10 2 51 0 3 26 1 3 13 2 3 13 3 3 390 4 3 53 5 3 26 7 3 13 8 3 26 9 3 13 10 3 26 0 4 47 1 4 47 2 4 47 4 4 47 5 4 47 7 4 1385 8 4 47 10 4 429 1 5 3 2 5 3 3 5 7 4 5 3 5 5 54 6 5 43 7 5 3 8 5 3 9 5 7 10 5 19 0 6 18 1 6 9 3 6 9 4 6 18 5 6 9 6 6 18 9 6 131 0 7 5919 1 7 11839 2 7 11839 3 7 5919 4 7 5919 5 7 11839 6 7 5919 7 7 5919 8 7 23679 9 7 71037 10 7 5919 2 8 43 3 8 43 4 8 173 5 8 694 6 8 43 7 8 216 9 8 43 10 8 86 0 9 26 2 9 26 3 9 26 4 9 26 5 9 26 6 9 79 8 9 26 9 9 52 10 9 26 0 10 1142 1 10 234 2 10 29 3 10 29 6 10 58 7 10 29 8 10 58
713 6002140 1 1 1 7 9 49
714 6002994 1 1 1 10 8 212
715 6003119 1 1 1 4 3 43
716 6004497 1 1 1 3 1 24
717 6008596 4 4 1 0 2 11 2 2 11 6 2 59 7 2 35
718 6010236 2 2 1 1 1 422 4 1 1266
719 6010236 1 1 1 9 2 78
720 6011917 1 1 1 2 7 82
721 6013578 2 2 1 3 9 123 9 9 61
722 6014057 1 1 1 0 6 150
723 6016177 2 2 1 0 9 80 5 9 1147
724 6027744 2 2 1 2 9 28 3 9 67
725 6028554 1 1 1 5 8 59
726 6028837 1 1 1 6 6 19635
727 6029873 1 1 1 0 7 69
728 6032569 1 1 1 2 4 108
729 6032821 1 1 1 2 3 62
730 6037644 1 1 1 6 3 14983
731 6038752 1 1 1 8 5 2314
732 6039486 2 2 1 6 7 212 10 7 424
733 6053745 18 6 5 0 0 653 3 0 653 5 0 653 2 2 2060 5 2 2060 6 2 4121 10 2 2060 0 3 48 2 3 6 3 3 6 6 3 13 10 3 6 2 4 146 3 4 73 0 10 371 5 10 371 6 10 3715 10 10 371
734 6055861 2 2 1 1 10 63 8 10 63
735 6129006 77 7 11 0 0 84 2 0 84 3 0 84 4 0 254 5 0 84 7 0 84 9 0 339 0 1 5 2 1 5 3 1 42 4 1 5 5 1 21 7 1 5 9 1 5 0 2 223 2 2 223 3 2 223 4 2 447 5 2 223 7 2 447 9 2 223 0 3 12 2 3 1 3 3 1 4 3 1 5 3 2 7 3 1 9 3 1 0 4 529 2 4 264 3 4 264 4 4 3444 5 4 264 7 4 264 9 4 2119 0 5 51 2 5 102 3 5 51 4 5 51 5 5 51 7 5 51 9 5 51 0 6 160 2 6 2 3 6 12 4 6 14 5 6 2 7 6 4 9 6 4 0 7 1 2 7 1 3 7 7 4 7 12 5 7 1 7 7 1 9 7 1 0 8 6 2 8 6 3 8 12 4 8 12 5 8 12 7 8 38 9 8 12 0 9 2 2 9 2 3 9 2 4 9 8 5 9 2 7 9 2 9 9 11 0 10 2 2 10 2 3 10 2 4 10 2 5 10 2 7 10 2 9 10 2
736 6129788 1 1 1 0 2 1
737 6130472 1 1 1 6 1 64
738 6197765 66 11 11 1 0 714 2 0 714 3 0 1428 5 0 714 8 0 2142 9 0 1428 1 1 9373 2 1 4686 6 1 4686 7 1 4686 8 1 4686 0 2 3 3 2 12 6 2 1 9 2 31 10 2 1 1 3 3159 5 3 1579 7 3 1579 8 3 4739 10 3 3159 0 4 1 1 4 84 2 4 1 4 4 1 7 4 3 8 4 1 9 4 1 10 4 1 3 5 11 4 5 11 5 5 11 6 5 47 7 5 11 9 5 11 10 5 35 0 6 12 1 6 2 3 6 1 4 6 1 5 6 1 6 6 15 0 7 764 2 7 3059 5 7 764 8 7 3059 9 7 764 10 7 764 0 8 324 3 8 324 4 8 324 8 8 649 1 9 26 2 9 13 4 9 26 5 9 13 6 9 26 7 9 26 9 9 104 10 9 39 0 10 780 2 10 780 3 10 3122 4 10 1561 6 10 780 7 10 3122
739 6199462 3 3 1 3 5 4641 5 5 994 8 5 331
740 6199575 1 1 1 9 3 51
741 6199801 2 2 1 1 9 47 3 9 47
742 6204909 3 3 1 1 4 125 5 4 6 9 4 6
743 6216178 11 1 11 8 0 63 8 1 56 8 2 16410 8 3 9004 8 4 51 8 5 42 8 6 8047 8 7 140 8 8 103 8 9 75 8 10 2230
744 6216492 1 1 1 6 0 177
745 6217603 1 1 1 8 10 2121
746 6288237 55 11 10 0 0 27 1 0 54 3 0 54 6 0 27 10 0 27 0 1 9 1 1 1 2 1 1 3 1 1 6 1 1 7 1 26 0 2 31 2 2 31 5 2 93 8 2 31 1 3 190 2 3 27 4 3 27 5 3 27 6 3 27 8 3 81 9 3 54 10 3 27 0 5 899 1 5 27 2 5 27 3 5 27 4 5 272 7 5 109 10 5 54 1 6 13 4 6 13 5 6 26 9 6 65 10 6 91 5 7 48 8 7 145 9 7 24 4 8 83 5 8 4 7 8 11 2 9 5 3 9 5 6 9 11 7 9 5 8 9 11 9 9 5 0 10 14 3 10 7 4 10 7 6 10 56 7 10 7 8 10 7 9 10 7 10 10 7
747 6288401 1 1 1 4 5 15194
748 6300409 11 1 11 7 0 159 7 1 11879 7 2 7 7 3 57 7 4 14 7 5 94 7 6 14869 7 7 187 7 8 168 7 9 117 7 10 14
749 6301169 1 1 1 9 5 79
750 6302335 1 1 1 0 9 39
751 6302378 1 1 1 3 0 5135
752 6322125 22 11 5 1 0 29 4 0 9 7 0 48 10 0 19 6 1 55 9 1 55 0 4 163 1 4 490 4 4 163 9 4 1144 10 4 163 2 5 39 3 5 13 5 5 13 6 5 26 8 5 13 0 9 362 2 9 362 3 9 6525 5 9 725 7 9 362 8 9 1812
753 6323277 1 1 1 10 5 53
754 6338690 11 1 11 9 0 274 9 1 173 9 2 5956 9 3 220 9 4 1339 9 5 286 9 6 10 9 7 44 9 8 190 9 9 180 9 10 177
755 6342723 1 1 1 0 1 1286
756 6343146 1 1 1 10 4 5155
757 6359505 11 1 11 5 0 122 5 1 5981 5 2 71 5 3 1996 5 4 108 5 5 291 5 6 101 5 7 77 5 8 114 5 9 43 5 10 2014
758 6359830 1 1 1 3 10 59
759 6360311 1 1 1 6 2 1538
760 6360731 1 1 1 3 7 9844
761 6361597 1 1 1 6 6 1571
762 6371148 8 4 4 5 0 53 8 0 53 0 2 170 5 2 56 7 2 56 8 2 56 0 3 128 7 7 1230
763 6390722 22 2 11 4 0 46 7 0 31 4 1 195 7 1 292 4 2 102 7 2 5 4 3 54 7 3 1 4 4 25 7 4 25 4 5 4 7 5 13 4 6 19 7 6 154 4 7 196 7 7 98 4 8 20783 7 8 20783 4 9 165 7 9 331 4 10 44 7 10 11
764 6391035 1 1 1 3 1 19716
765 6421998 33 3 11 5 0 22 7 0 22 8 0 22 5 1 12 7 1 40 8 1 3 5 2 3851 7 2 3851 8 2 1925 5 3 15 7 3 58 8 3 2 5 4 40 7 4 40 8 4 40 5 5 21 7 5 63 8 5 21 5 6 40 7 6 20 8 6 20 5 7 115 7 7 57 8 7 57 5 8 10 7 8 131 8 8 10 5 9 2155 7 9 8623 8 9 1077 5 10 2 7 10 2 8 10 154
766 6553974 121 11 11 0 0 392 1 0 1570 2 0 785 3 0 392 4 0 2355 5 0 392 6 0 1962 7 0 392 8 0 785 9 0 392 10 0 392 0 1 19 1 1 19 2 1 19 3 1 19 4 1 19 5 1 39 6 1 19 7 1 19 8 1 19 9 1 19 10 1 78 0 2 485 1 2 97 2 2 97 3 2 97 4 2 3108 5 2 388 6 2 194 7 2 97 8 2 97 9 2 97 10 2 97 0 3 1 1 3 1 2 3 1 3 3 1 4 3 1 5 3 1 6 3 1 7 3 1 8 3 1 9 3 1 10 3 1 0 4 86 1 4 28 2 4 1679 3 4 28 4 4 28 5 4 86 6 4 28 7 4 28 8 4 57 9 4 173 10 4 144 0 5 7 1 5 1 2 5 1 3 5 1 4 5 1 5 5 1 6 5 1 7 5 1 8 5 22 9 5 1 10 5 14 0 6 8 1 6 4 2 6 4 3 6 4 4 6 4 5 6 4 6 6 4 7 6 4 8 6 31 9 6 4 10 6 4 0 7 37 1 7 18 2 7 18 3 7 243 4 7 37 5 7 18 6 7 18 7 7 2039 8 7 18 9 7 18 10 7 18 0 8 3 1 8 1 2 8 1 3 8 1 4 8 5 5 8 1 6 8 1 7 8 12 8 8 1 9 8 1 10 8 1 0 9 12 1 9 38 2 9 25 3 9 25 4 9 101 5 9 76 6 9 12 7 9 50 8 9 12 9 9 12 10 9 12 0 10 6 1 10 6 2 10 18 3 10 18 4 10 12 5 10 6 6 10 6 7 10 6 8 10 6 9 10 6 10 10 6
767 6555430 1 1 1 2 3 105
768 6590619 44 4 11 1 0 1216 7 0 1216 8 0 1216 9 0 2432 1 1 3 7 1 3 8 1 9 9 1 3 1 2 44 7 2 44 8 2 89 9 2 89 1 3 41 7 3 41 8 3 83 9 3 41 1 4 42 7 4 25 8 4 8 9 4 8 1 5 593 7 5 3562 8 5 296 9 5 296 1 6 1650 7 6 825 8 6 275 9 6 275 1 7 902 7 7 56 8 7 112 9 7 225 1 8 6 7 8 6 8 8 6 9 8 6 1 9 2517 7 9 2517 8 9 20138 9 9 2517 1 10 1 7 10 1 8 10 29 9 10 2
769 6591639 1 1 1 9 9 133
770 6595274 2 2 1 1 4 103 10 4 103
771 6596328 1 1 1 4 3 179
772 6598802 2 2 1 0 7 7874 9 7 7874
773 6600162 1 1 1 8 1 1561
774 6601766 1 1 1 2 4 7
775 6601915 1 1 1 4 7 356
776 6602081 1 1 1 7 8 56
777 6609737 11 1 11 1 0 13 1 1 9284 1 2 322 1 3 138 1 4 2523 1 5 191 1 6 92 1 7 36 1 8 271 1 9 47 1 10 396
778 6612237 2 2 1 0 8 1 4 8 1
779 6616231 3 3 1 3 10 12 4 10 12 7 10 25
780 6662977 45 9 9 0 0 1 1 0 3 5 0 1 7 0 1 0 2 1 1 2 2 2 2 2 5 2 1 7 2 1 8 2 1 9 2 1 1 3 4246 8 3 2831 0 4 89 2 4 22 3 4 89 5 4 22 7 4 22 9 4 200 10 4 22 3 6 12 5 6 12 8 6 51 10 6 25 0 7 2896 1 7 1448 5 7 1448 7 7 1448 9 7 1448 10 7 1448 1 8 15 2 8 7 3 8 7 9 8 15 10 8 55 2 9 46 3 9 23 7 9 23 8 9 23 0 10 9471 2 10 9471 3 10 18943 8 10 9471 9 10 9471 10 10 9471
781 6667017 4 4 1 1 2 29 2 2 7 3 2 3 10 2 44
782 6668124 1 1 1 4 0 54
783 6669729 2 2 1 0 8 9822 10 8 9822
784 6674628 6 3 3 7 0 23 10 0 30 4 1 3467 7 1 1386 4 6 10 10 6 50
785 6675089 2 2 1 5 0 1113 10 0 222
786 6678918 2 2 1 3 0 12420 8 0 1461
787 6690050 11 1 11 0 0 15738 0 1 2495 0 2 2348 0 3 111 0 4 44 0 5 185 0 6 245 0 7 169 0 8 3891 0 9 235 0 10 50
788 6690537 1 1 1 8 3 21
789 6690749 1 1 1 5 5 5959
790 6691330 2 2 1 1 2 29 8 2 59
791 6700970 9 9 3 3 1 282 7 1 17 9 1 17 4 8 66288 8 8 66288 0 9 1171 2 9 390 5 9 781 10 9 390
792 6704891 6 3 3 2 2 34 10 2 34 4 4 70 2 7 1 4 7 1 10 7 1
793 6704901 1 1 1 10 1 38970
794 6706445 2 2 1 3 2 1992 5 2 5976
795 6825341 121 11 11 0 0 130 1 0 130 2 0 130 3 0 130 4 0 130 5 0 130 6 0 261 7 0 3786 8 0 130 9 0 261 10 0 130 0 1 228 1 1 684 2 1 228 3 1 228 4 1 228 5 1 228 6 1 684 7 1 1597 8 1 228 9 1 228 10 1 228 0 2 17 1 2 1 2 2 1 3 2 8 4 2 1 5 2 1 6 2 1 7 2 1 8 2 1 9 2 1 10 2 1 0 3 13 1 3 13 2 3 27 3 3 55 4 3 13 5 3 13 6 3 41 7 3 41 8 3 13 9 3 13 10 3 41 0 4 6 1 4 19 2 4 6 3 4 6 4 4 6 5 4 26 6 4 13 7 4 13 8 4 6 9 4 6 10 4 6 0 5 558 1 5 3 2 5 15 3 5 19 4 5 3 5 5 3 6 5 3 7 5 3 8 5 3 9 5 3 10 5 3 0 6 1013 1 6 644 2 6 3040 3 6 184 4 6 92 5 6 368 6 6 92 7 6 276 8 6 368 9 6 92 10 6 92 0 7 1 1 7 1 2 7 1 3 7 4 4 7 1 5 7 2 6 7 1 7 7 1 8 7 1 9 7 1 10 7 1 0 8 1 1 8 1 2 8 1 3 8 1 4 8 5 5 8 1 6 8 1 7 8 3 8 8 123 9 8 1 10 8 16 0 9 343 1 9 343 2 9 343 3 9 343 4 9 343 5 9 1719 6 9 1375 7 9 343 8 9 343 9 9 343 10 9 343 0 10 367 1 10 192 2 10 24 3 10 6 4 10 6 5 10 6 6 10 6 7 10 6 8 10 12 9 10 6 10 10 6
796 6825932 1 1 1 7 5 60
797 6830798 2 2 1 5 3 41 9 3 41
798 6831935 1 1 1 6 8 16
799 6837507 6 3 2 3 2 9 8 2 19 10 2 19 3 4 85 8 4 42 10 4 42
800 6840466 3 3 1 4 8 5043 5 8 5043 6 8 5043
801 6841144 1 1 1 4 5 7241
802 6866896 22 11 3 0 2 26 1 2 26 3 2 53 7 2 26 8 2 26 9 2 26 10 2 26 0 9 8 2 9 16 3 9 8 4 9 16 5 9 8 6 9 33 7 9 25 9 9 8 1 10 12 2 10 6 4 10 12 5 10 6 6 10 6 8 10 32 10 10 6
803 6867464 1 1 1 1 5 134
804 6869159 1 1 1 7 2 67
805 6869529 1 1 1 8 4 19637
806 6870635 2 2 1 7 10 1214 9 10 1214
807 6872759 3 3 1 0 7 5 2 7 10 5 7 10
808 6873392 1 1 1 2 0 4811
809 6879487 11 1 11 6 0 52 6 1 35 6 2 3148 6 3 37 6 4 85 6 5 2890 6 6 30 6 7 192 6 8 14068 6 9 8 6 10 59
810 6880751 1 1 1 2 9 3958
811 6882316 3 3 1 1 3 200 6 3 2 7 3 1
812 6960893 66 11 11 0 0 2 1 0 2 2 0 2 3 0 48 8 0 4 0 1 160 2 1 481 5 1 481 6 1 160 7 1 1763 10 1 801 0 2 38 1 2 12 6 2 51 7 2 155 8 2 12 9 2 12 2 3 232 3 3 7905 7 3 465 8 3 1162 9 3 232 10 3 232 0 4 163 1 4 245 3 4 81 4 4 490 5 4 81 6 4 163 9 4 81 10 4 81 0 5 75 2 5 25 3 5 50 4 5 25 5 5 50 8 5 25 9 5 25 10 5 25 1 6 179 5 6 29 6 6 29 7 6 29 1 7 5 3 7 5 4 7 17 7 7 5 8 7 34 0 8 1952 2 8 976 4 8 976 5 8 7810 9 8 976 1 9 62 2 9 62 3 9 124 4 9 62 5 9 62 6 9 62 7 9 124 8 9 622 9 9 124 10 9 311 4 10 12 6 10 25 10 10 12
813 6961514 1 1 1 0 5 1942
814 6962461 1 1 1 6 3 24
815 6962867 2 2 1 5 1 40 6 1 20
816 6963312 2 2 2 4 0 13049 2 10 43
817 6963450 1 1 1 8 10 2463
818 6963469 1 1 1 5 7 56
819 6977141 11 1 11 3 0 341 3 1 113 3 2 15763 3 3 101 3 4 141 3 5 45 3 6 73 3 7 73 3 8 1703 3 9 10205 3 10 236
820 6977526 1 1 1 5 5 545
821 6980139 1 1 1 3 4 60
822 7031429 55 5 11 2 0 202 4 0 202 7 0 202 8 0 202 9 0 202 2 1 39 4 1 39 7 1 39 8 1 195 9 1 39 2 2 42 4 2 42 7 2 42 8 2 42 9 2 42 2 3 8 4 3 8 7 3 34 8 3 4 9 3 4 2 4 2129 4 4 1064 7 4 532 8 4 532 9 4 4259 2 5 1649 4 5 824 7 5 824 8 5 1649 9 5 1649 2 6 5 4 6 5 7 6 58 8 6 5 9 6 10 2 7 1 4 7 5 7 7 1 8 7 1 9 7 4 2 8 45 4 8 45 7 8 725 8 8 1314 9 8 135 2 9 10 4 9 21 7 9 31 8 9 10 9 9 10 2 10 13 4 10 6 7 10 6 8 10 6 9 10 13
823 7031543 1 1 1 0 1 35
824 7031770 1 1 1 10 8 69
825 7033458 2 2 1 6 0 11 8 0 11
826 7035341 1 1 1 10 0 44
827 7037693 1 1 1 1 8 11875
828 7051464 11 1 11 4 0 116 4 1 964 4 2 33174 4 3 14 4 4 135 4 5 6025 4 6 226 4 7 21 4 8 2990 4 9 81 4 10 239
829 7054008 2 2 1 0 8 11 9 8 33
830 7054329 1 1 1 1 9 9
831 7064433 11 1 11 0 0 470 0 1 12713 0 2 12730 0 3 99 0 4 128 0 5 3 0 6 26 0 7 98 0 8 16 0 9 215 0 10 29732
832 7064897 2 2 1 0 3 3836 6 3 3836
833 7065628 1 1 1 8 10 99
834 7066006 2 2 1 0 9 57 8 9 115
835 7073503 11 1 11 6 0 702 6 1 82 6 2 6145 6 3 4787 6 4 291 6 5 7175 6 6 1702 6 7 19 6 8 1314 6 9 29 6 10 41
836 7095856 22 2 11 4 0 70 5 0 17 4 1 2114 5 1 4228 4 2 8532 5 2 1706 4 3 110 5 3 110 4 4 24 5 4 24 4 5 2948 5 5 2948 4 6 48 5 6 48 4 7 151 5 7 37 4 8 16 5 8 16 4 9 1318 5 9 178 4 10 152 5 10 76
837 7097601 2 2 1 5 6 28 8 6 28
838 7098357 1 1 1 2 5 7
839 7098417 1 1 1 10 6 389
840 7098418 1 1 1 9 5 47
841 7100029 2 2 2 7 1 7937 8 8 29
842 7101412 1 1 1 6 3 1
843 7107992 2 2 2 8 1 65 7 7 15209
844 7108832 1 1 1 0 6 4898
845 7109296 1 1 1 8 5 33222
846 7111333 1 1 1 10 9 56
847 7112128 1 1 1 7 1 106
848 7112383 1 1 1 8 5 46
849 7113376 2 2 1 7 7 5209 8 7 13022
850 7113740 1 1 1 1 5 273
851 7113780 1 1 1 10 1 99651
852 7115049 6 6 2 1 4 49 8 4 87 4 10 26 5 10 8 7 10 17 9 10 26
853 7119249 1 1 1 6 6 43
854 7121319 2 2 1 0 10 3986 5 10 1993
855 7148549 32 8 8 6 0 6 7 0 6 8 0 6 9 0 72 4 2 3 7 2 31 8 2 3 0 4 2914 5 4 2914 0 5 753 3 5 3390 4 5 376 5 5 376 8 5 753 9 5 376 0 6 2 3 6 7 6 6 2 7 6 4 8 6 2 3 7 207 4 7 69 6 7 69 3 8 3 4 8 6 5 8 3 6 8 3 9 8 6 0 9 1 5 9 2 7 9 6 9 9 4
856 7148912 1 1 1 0 7 7
857 7155946 10 2 7 3 1 59 7 2 17073 3 4 63 7 4 42 3 5 1943 7 8 291 3 9 46 7 9 46 3 10 14 7 10 14
858 7157278 1 1 1 7 4 4
859 7157873 1 1 1 8 6 1332
860 7159986 2 2 1 7 3 299 8 3 24
861 7160339 1 1 1 2 4 13
862 7162240 2 2 2 9 1 74 8 6 12
863 7164294 1 1 1 5 0 1
864 7164679 2 2 1 6 1 1563 7 1 3126
865 7172581 11 1 11 0 0 44 0 1 56 0 2 195 0 3 14251 0 4 2993 0 5 235 0 6 120 0 7 355 0 8 93 0 9 117 0 10 20
866 7173229 1 1 1 2 4 9406
867 7174901 1 1 1 0 4 184
868 7175570 1 1 1 5 8 87
869 7179710 2 2 1 4 6 34 5 6 34
870 7181561 1 1 1 0 9 34
871 7207761 18 6 5 3 0 2995 0 2 5 2 2 2 3 2 2 5 2 10 7 2 2 0 3 14 1 3 538 2 3 85 7 3 326 0 4 11 1 4 47 2 4 11 5 4 11 7 4 58 1 10 16691 3 10 8345 5 10 8345
872 7208271 2 2 1 3 9 45 9 9 45
873 7214217 7 7 1 0 9 17 1 9 17 3 9 53 5 9 17 7 9 35 8 9 53 10 9 17
874 7215199 1 1 1 8 9 31
875 7217226 1 1 1 2 4 164
876 7218922 1 1 1 4 7 5
877 7220500 1 1 1 4 4 39035
878 7220609 1 1 1 5 3 12631
879 7222934 1 1 1 4 1 33
880 7223070 1 1 1 8 4 162
881 7223867 1 1 1 0 9 245
882 7226195 1 1 1 4 9 6665
883 7226653 1 1 1 6 6 27518
884 7228412 1 1 1 9 4 15835
885 7231394 4 4 1 0 5 13 3 5 4 7 5 4 9 5 4
886 7232365 1 1 1 0 2 14
887 7247223 10 2 6 6 0 39 7 0 1 6 2 149 7 2 1 6 6 5 6 7 235 7 7 235 7 8 10184 6 9 16 7 9 4
888 7248258 1 1 1 0 6 9289
889 7249715 1 1 1 3 2 30
890 7254206 3 3 1 2 7 3 6 7 1 7 7 1
891 7254716 1 1 1 7 3 789
892 7365313 99 9 11 0 0 12 1 0 12 2 0 12 4 0 12 5 0 12 6 0 12 7 0 12 8 0 12 10 0 24 0 1 2 1 1 2 2 1 24 4 1 2 5 1 5 6 1 2 7 1 2 8 1 2 10 1 5 0 2 1 1 2 1 2 2 1 4 2 1 5 2 18 6 2 7 7 2 2 8 2 1 10 2 2 0 3 625 1 3 1251 2 3 625 4 3 625 5 3 625 6 3 4381 7 3 625 8 3 1251 10 3 6259 0 4 6 1 4 6 2 4 6 4 4 13 5 4 20 6 4 13 7 4 13 8 4 6 10 4 6 0 5 4 1 5 4 2 5 4 4 5 4 5 5 4 6 5 17 7 5 17 8 5 4 10 5 4 0 6 1 1 6 1 2 6 1 4 6 1 5 6 10 6 6 1 7 6 1 8 6 1 10 6 1 0 7 50 1 7 3 2 7 1 4 7 1 5 7 6 6 7 1 7 7 6 8 7 3 10 7 6 0 8 5 1 8 11 2 8 50 4 8 33 5 8 11 6 8 5 7 8 16 8 8 5 10 8 5 0 9 3 1 9 3 2 9 3 4 9 3 5 9 3 6 9 3 7 9 3 8 9 3 10 9 3 0 10 65 1 10 65 2 10 65 4 10 131 5 10 65 6 10 65 7 10 131 8 10 65 10 10 5503
893 7367028 1 1 1 5 8 66473
894 7367306 1 1 1 6 1 22
895 7368204 2 2 1 7 6 6764 8 6 2705
896 7381301 15 5 5 4 0 10 6 0 62 8 0 36 1 1 43 6 1 57 10 1 3 4 4 245 6 4 245 8 4 736 1 6 4 4 6 1 8 6 25 10 6 25 1 8 6142 10 8 4095
897 7432753 55 5 11 0 0 7 1 0 7 3 0 7 7 0 7 9 0 7 0 1 28 1 1 14 3 1 14 7 1 14 9 1 14 0 2 21 1 2 43 3 2 65 7 2 21 9 2 174 0 3 8 1 3 8 3 3 25 7 3 8 9 3 8 0 4 35 1 4 5 3 4 35 7 4 5 9 4 5 0 5 2 1 5 2 3 5 2 7 5 2 9 5 8 0 6 19 1 6 19 3 6 98 7 6 19 9 6 59 0 7 809 1 7 5663 3 7 809 7 7 5663 9 7 20225 0 8 232 1 8 232 3 8 232 7 8 232 9 8 1163 0 9 5 1 9 1 3 9 2 7 9 1 9 9 1 0 10 72 1 10 8 3 10 4 7 10 4 9 10 12
898 7433054 1 1 1 4 5 175
899 7451980 22 2 11 2 0 12 8 0 37 2 1 16 8 1 16 2 2 203 8 2 50 2 3 498 8 3 249 2 4 75 8 4 25 2 5 8221 8 5 8221 2 6 25 8 6 25 2 7 12452 8 7 12452 2 8 217 8 8 434 2 9 2558 8 9 7674 2 10 325 8 10 325
900 7452255 1 1 1 0 1 25
901 7452276 1 1 1 4 6 49
902 7453324 1 1 1 9 4 4034
903 7463075 6 6 1 1 9 31 4 9 31 5 9 63 7 9 191 9 9 31 10 9 63
904 7463322 1 1 1 9 0 86
905 7463773 1 1 1 7 3 43
906 7463916 1 1 1 2 9 105
907 7468323 11 1 11 3 0 348 3 1 35 3 2 271 3 3 79 3 4 22 3 5 64 3 6 139 3 7 117 3 8 245 3 9 115 3 10 117
908 7468866 1 1 1 9 5 8241
909 7471189 1 1 1 6 6 50
910 7476477 5 5 1 2 0 1209 3 0 1209 4 0 2418 7 0 1209 10 0 2418
911 7494622 22 11 5 2 0 8 3 0 14 4 0 2 5 0 2 6 0 5 9 0 2 8 2 385 10 2 257 1 5 1564 5 5 1564 6 5 3128 8 5 1564 0 6 858 1 6 42 2 6 85 3 6 42 7 6 386 0 9 6 4 9 3 7 9 3 9 9 3 10 9 25
912 7505580 11 11 1 0 0 257 1 0 257 2 0 4643 3 0 773 4 0 1289 5 0 257 6 0 257 7 0 257 8 0 257 9 0 773 10 0 515
913 7505912 1 1 1 6 8 18
914 7513401 7 7 2 3 3 11046 8 3 11046 1 10 458 2 10 1833 4 10 1374 5 10 2749 10 10 916
915 7522503 8 4 3 5 2 50 7 2 50 9 2 152 0 3 2 9 3 21 0 8 21 5 8 43 7 8 21
916 7526080 2 2 1 3 10 21 5 10 21
917 7526899 1 1 1 7 6 53
918 7531386 6 6 2 1 1 169 5 1 84 6 1 42 10 1 42 4 9 290 7 9 145
919 7532777 2 2 1 2 4 7865 9 4 7865
920 7532891 2 2 1 0 10 41 9 10 41
921 7533175 1 1 1 4 3 10243
922 7554171 22 2 11 6 0 128950 10 0 103160 6 1 107 10 1 107 6 2 14 10 2 14 6 3 3 10 3 66 6 4 5414 10 4 1804 6 5 30 10 5 30 6 6 44 10 6 44 6 7 17 10 7 35 6 8 5 10 8 10 6 9 13 10 9 13 6 10 7894 10 10 7894
923 7575817 22 2 11 3 0 29 4 0 29 3 1 58 4 1 174 3 2 46 4 2 7 3 3 37 4 3 37 3 4 268 4 4 804 3 5 6 4 5 20 3 6 22 4 6 28 3 7 7 4 7 7 3 8 19 4 8 19 3 9 15 4 9 6 3 10 36 4 10 72
924 7584657 11 1 11 10 0 22 10 1 102 10 2 104 10 3 36 10 4 3566 10 5 454 10 6 10 10 7 64 10 8 272 10 9 132502 10 10 24465
925 7585130 1 1 1 3 7 6067
926 7588954 1 1 1 0 3 119
927 7589811 1 1 1 4 10 10227
928 7640907 60 10 11 1 0 1 2 0 1 4 0 1 7 0 1 8 0 17 9 0 3 10 0 1 1 1 1417 3 1 708 5 1 6377 6 1 1417 7 1 708 10 1 708 1 2 5 3 2 3 4 2 1 5 2 1 9 2 3 10 2 1 2 3 105 3 3 42 5 3 21 6 3 63 5 4 28 6 4 28 9 4 28 1 5 1 2 5 1 4 5 1 5 5 4 9 5 1 10 5 2 1 6 76 2 6 9 4 6 28 7 6 9 8 6 28 9 6 9 3 7 3 7 7 18 8 7 3 10 7 3 1 8 101 4 8 101 6 8 101 7 8 101 8 8 407 9 8 101 10 8 101 2 9 5 3 9 204 6 9 5 7 9 5 8 9 2 2 10 11 3 10 11 4 10 11 5 10 23 6 10 46 8 10 11
929 7641964 1 1 1 6 10 82
930 7645365 3 3 1 2 2 20 6 2 31 10 2 10
931 7646344 1 1 1 8 7 8559
932 7692730 44 4 11 0 0 19 4 0 138 7 0 19 8 0 19 0 1 53 4 1 53 7 1 53 8 1 53 0 2 21 4 2 42 7 2 21 8 2 21 0 3 6 4 3 6 7 3 48 8 3 24 0 4 5710 4 4 571 7 4 1142 8 4 571 0 5 13 4 5 27 7 5 13 8 5 54 0 6 108 4 6 72 7 6 36 8 6 36 0 7 8 4 7 44 7 7 8 8 7 26 0 8 70 4 8 1194 7 8 70 8 8 70 0 9 16 4 9 16 7 9 32 8 9 16 0 10 1 4 10 5 7 10 3 8 10 1
933 7694471 1 1 1 10 3 313
934 7694675 1 1 1 3 9 91
935 7695117 1 1 1 6 0 58
936 7718665 22 2 11 2 0 15 10 0 15 2 1 52 10 1 52 2 2 8713 10 2 4356 2 3 9 10 3 24 2 4 25 10 4 275 2 5 353 10 5 353 2 6 55 10 6 18 2 7 2824 10 7 1882 2 8 167 10 8 167 2 9 153 10 9 153 2 10 21 10 10 21
937 7785384 66 11 11 1 0 37 3 0 37 6 0 75 8 0 37 9 0 37 0 1 16620 1 1 8310 2 1 16620 4 1 8310 5 1 8310 6 1 8310 10 1 33241 1 2 6 2 2 12 4 2 6 7 2 6 8 2 6 0 3 210 1 3 70 2 3 70 3 3 350 4 3 70 5 3 210 7 3 70 8 3 70 9 3 70 10 3 140 0 4 29 1 4 9 2 4 19 4 4 9 8 4 9 9 4 9 10 4 29 0 5 1 4 5 9 5 5 1 6 5 2 7 5 6 9 5 2 10 5 61 0 6 100 1 6 14 3 6 14 6 6 28 8 6 28 2 7 2 5 7 1 6 7 37 7 7 4 10 7 1 2 8 2 3 8 13 4 8 122 7 8 2 9 8 13 3 9 9 5 9 33 0 10 105 3 10 211 5 10 105 6 10 105 7 10 317 8 10 211 9 10 211 10 10 105
938 7798711 22 2 11 6 0 2195 8 0 731 6 1 10 8 1 20 6 2 41 8 2 41 6 3 7 8 3 7 6 4 43 8 4 43 6 5 42 8 5 42 6 6 22 8 6 133 6 7 40 8 7 40 6 8 5122 8 8 5122 6 9 1 8 9 53 6 10 8 8 10 17
939 7800321 1 1 1 9 0 118
940 7800970 1 1 1 10 0 1669
941 7801027 1 1 1 6 4 113
942 7801142 1 1 1 9 1 104
943 7803436 2 2 1 4 8 20 10 8 40
944 7808829 6 6 2 8 2 4708 1 10 19 2 10 583 7 10 19 9 10 19 10 10 19
945 7810067 4 4 2 0 7 6 7 7 84 2 10 2 3 10 44
946 7810125 1 1 1 5 10 81
947 7812154 3 3 1 1 7 16 5 7 16 9 7 16
948 7812214 1 1 1 3 9 252
949 7816758 11 1 11 9 0 50 9 1 31 9 2 116938 9 3 232 9 4 14835 9 5 93 9 6 43 9 7 55 9 8 2287 9 9 85 9 10 259
950 7818655 1 1 1 0 10 351
951 7820355 1 1 1 0 7 207
952 7821992 1 1 1 2 2 56
953 7826347 5 5 1 0 3 15 4 3 15 5 3 5 7 3 35 10 3 5
954 7878454 55 11 10 0 0 1 2 0 1 6 0 1 7 0 12 8 0 1 9 0 1 1 1 1950 4 1 7801 6 1 5851 7 1 1950 8 1 1950 9 1 1950 10 1 17554 0 2 6 1 2 60 2 2 78 5 2 12 10 2 6 3 3 116 4 3 58 6 3 58 7 3 58 10 3 58 1 4 784 2 4 1569 3 4 784 5 4 1569 8 4 1569 0 5 1209 3 5 3628 4 5 1209 6 5 1209 9 5 1209 0 6 7 1 6 7 2 6 15 4 6 85 5 6 23 7 6 38 2 7 1 3 7 1 4 7 1 5 7 2 8 7 1 9 7 96 0 8 2 1 8 1 3 8 1 6 8 1 9 8 1 10 8 1 5 9 5 7 9 10 8 9 10 10 9 5
955 7879879 2 2 2 1 3 310 8 4 62
956 7880602 2 2 1 6 7 64 7 7 64
957 7894071 11 1 11 6 0 110 6 1 109 6 2 2357 6 3 20 6 4 29 6 5 2374 6 6 75 6 7 116 6 8 61 6 9 228 6 10 71
958 7896425 1 1 1 8 3 104
959 7896680 1 1 1 4 8 2222
960 7903518 8 8 1 0 5 34 2 5 34 3 5 34 4 5 34 5 5 34 7 5 68 9 5 68 10 5 34
961 7908984 2 2 1 0 4 4493 3 4 4493
962 7915586 6 3 3 1 0 1 9 0 14 0 4 640 0 7 173 1 7 7 9 7 7
963 7916965 1 1 1 9 7 275
964 7917804 1 1 1 5 6 3828
965 7919566 1 1 1 2 0 3990
966 7920836 1 1 1 7 6 28
967 7922012 3 3 1 2 1 6 8 1 30 9 1 6
968 7922373 1 1 1 3 0 34
969 7935898 15 5 5 0 0 25 2 1 1596 6 1 1596 10 1 6384 0 5 69 1 5 23 10 5 23 0 7 10 1 7 73 2 7 31 6 7 10 10 7 10 1 10 20 2 10 20 6 10 20
970 7945717 10 5 3 0 1 108 10 1 54 3 4 656 5 4 82 7 4 82 0 7 534 3 7 44 5 7 89 7 7 445 10 7 89
971 7946658 2 2 1 4 2 4 6 2 13
972 7948246 1 1 1 0 5 188
973 7948267 1 1 1 3 0 8
974 7948357 1 1 1 0 4 39
975 7948910 1 1 1 7 2 16900
976 7951419 3 3 1 2 3 21 3 3 21 4 3 21
977 7953223 2 2 1 6 4 2968 9 4 5936
978 7955055 1 1 1 3 10 12077
979 7955867 2 2 1 7 3 5 9 3 5
980 7960068 4 4 1 0 2 40 4 2 40 6 2 80 9 2 40
981 7961405 1 1 1 2 9 41
982 7962844 2 2 1 4 8 128 6 8 834
983 7972327 11 11 2 0 2 1 1 2 1 6 2 1 10 2 1 2 4 120 3 4 844 4 4 241 5 4 482 7 4 120 8 4 120 9 4 120
984 7979367 6 3 3 4 3 1 6 3 3 8 3 1 6 5 64 8 5 192 4 7 211
985 7980962 1 1 1 4 0 290
986 7981971 1 1 1 8 4 166
987 7983052 1 1 1 7 3 3237
988 7985321 1 1 1 9 9 76
989 7985792 1 1 1 8 8 52
990 7996967 7 7 1 1 8 2 2 8 2 5 8 13 6 8 2 8 8 2 9 8 2 10 8 2
991 7997983 1 1 1 8 2 8470
992 8000508 3 1 3 5 0 81 5 1 148 5 10 17
993 8002264 1 1 1 2 2 49464
994 8003862 3 3 1 0 9 2 6 9 16 9 9 1
995 8123153 121 11 11 0 0 9 1 0 9 2 0 9 3 0 9 4 0 9 5 0 9 6 0 9 7 0 19 8 0 9 9 0 9 10 0 9 0 1 7 1 1 15 2 1 7 3 1 7 4 1 7 5 1 23 6 1 7 7 1 15 8 1 7 9 1 7 10 1 7 0 2 3 1 2 3 2 2 3 3 2 3 4 2 3 5 2 9 6 2 3 7 2 6 8 2 29 9 2 3 10 2 3 0 3 1 1 3 1 2 3 1 3 3 1 4 3 1 5 3 1 6 3 1 7 3 3 8 3 1 9 3 1 10 3 104 0 4 1963 1 4 981 2 4 4908 3 4 981 4 4 981 5 4 981 6 4 981 7 4 3926 8 4 981 9 4 981 10 4 1963 0 5 1 1 5 1 2 5 20 3 5 2 4 5 1 5 5 1 6 5 137 7 5 1 8 5 1 9 5 1 10 5 1 0 6 1 1 6 3 2 6 1 3 6 1 4 6 1 5 6 1 6 6 1 7 6 1 8 6 1 9 6 1 10 6 1 0 7 68 1 7 11 2 7 11 3 7 11 4 7 22 5 7 11 6 7 22 7 7 11 8 7 34 9 7 22 10 7 22 0 8 1 1 8 5 2 8 1 3 8 1 4 8 1 5 8 1 6 8 8 7 8 1 8 8 1 9 8 1 10 8 1 0 9 2622 1 9 1311 2 9 1311 3 9 10490 4 9 1311 5 9 68188 6 9 1311 7 9 2622 8 9 2622 9 9 5245 10 9 2622 0 10 1 1 10 1 2 10 1 3 10 1 4 10 1 5 10 1 6 10 1 7 10 1 8 10 1 9 10 1 10 10 1
996 8123687 1 1 1 6 7 47
997 8137392 11 1 11 6 0 12739 6 1 184 6 2 7904 6 3 390 6 4 974 6 5 225 6 6 14180 6 7 256 6 8 415 6 9 55 6 10 5807
998 8139164 2 2 1 1 2 12 4 2 12
999 8139698 1 1 1 7 3 99662
