11 248 500
0 40173 0 1 3 195
1 153323 3 5 0 2396
2 280263 9 1 2 19
3 280263 9 1 3 74
4 301658 11 0 9 88
5 393441 13 1 1 265
6 394729 14 7 6 107
7 514725 17 1 5 16
8 514725 17 10 7 2
9 514725 17 3 5 16
10 514725 17 2 3 46
11 537049 18 1 2 19
12 604186 21 3 7 129
13 627997 26 0 8 2366
14 652409 27 7 0 130
15 711136 29 10 9 5
16 711136 29 2 6 2425
17 711136 29 10 2 2926
18 778664 37 3 8 6
19 778664 37 6 0 25
20 778664 37 3 9 6321
21 803551 38 2 1 190
22 852778 42 8 0 5
23 872073 45 1 6 1063
24 906472 50 9 0 44
25 906472 50 2 10 3160
26 1146922 51 3 3 15
27 1146922 51 0 1 15
28 1146922 51 0 2 10
29 1146922 51 10 0 64
30 1146922 51 2 0 10
31 1146922 51 10 1 30
32 1165719 56 5 6 86
33 1294154 59 1 3 5
34 1318149 61 7 2 24
35 1373070 68 2 4 1
36 1452511 72 6 5 28
37 1604362 75 5 1 5916
38 1604362 75 7 10 7
39 1624030 77 7 4 21
40 1624030 77 6 4 52
41 1844595 84 10 9 1
42 1844595 84 6 6 1
43 1844595 84 4 9 6
44 1844595 84 4 2 694
45 1844595 84 7 3 4
46 1894463 89 7 6 1461
47 1947526 94 2 5 756
48 1987506 97 9 9 1843
49 2289721 102 6 5 14
50 2289721 102 1 9 9
51 2487130 117 0 9 4276
52 2487130 117 0 5 160
53 2487130 117 0 10 1361
54 2539116 124 7 3 7
55 2595705 127 0 2 9547
56 2599373 129 4 10 22
57 2626707 132 8 1 6
58 2846988 137 9 8 4
59 2935019 146 8 4 11
60 2935019 146 6 4 5
61 2935019 146 4 8 333
62 2946186 148 0 10 87
63 2969178 150 2 0 219
64 3144252 154 0 7 642
65 3144252 154 0 9 11
66 3144252 154 0 0 4
67 3144252 154 4 0 4
68 3340975 160 6 9 4
69 3340975 160 6 7 1
70 3340975 160 0 0 35
71 3347677 161 0 8 17
72 3407790 162 5 0 1899
73 3439252 165 0 5 110
74 3476881 170 3 3 61
75 3493285 172 7 8 29
76 3525807 174 6 2 19
77 3591860 177 3 10 393
78 3594836 178 7 0 104
79 3600639 179 8 7 57
80 3832609 198 3 5 1
81 3832609 198 8 4 2
82 3832609 198 9 1 4
83 3832609 198 0 2 2
84 3848970 202 3 2 18
85 3902785 206 3 6 88
86 3969180 210 7 3 1
87 3982615 216 9 5 2
88 3997154 217 1 4 27
89 3997154 217 4 4 150
90 4029829 224 3 4 238
91 4035856 225 6 8 316
92 4114332 229 6 1 1
93 4114332 229 2 4 52
94 4114332 229 2 6 55
95 4114332 229 6 0 10
96 4114332 229 2 9 74
97 4114332 229 0 1 1
98 4361300 233 3 4 11532
99 4361300 233 1 1 8
100 4361300 233 0 5 1
101 4361300 233 1 6 6
102 4434337 237 4 10 82
103 4629627 241 9 0 9
104 4629627 241 3 5 8412
105 4756928 259 3 1 891
106 4756928 259 9 3 623
107 4756928 259 7 8 2025
108 4942045 262 4 9 15
109 5005080 269 4 2 8281
110 5005080 269 4 10 438
111 5024864 271 1 7 8
112 5068310 282 8 0 16296
113 5094785 285 4 8 94
114 5094785 285 4 10 220
115 5094785 285 4 6 319
116 5386722 287 4 5 2
117 5386722 287 5 7 807
118 5386722 287 2 2 3
119 5386722 287 5 6 170
120 5386722 287 6 8 5
121 5386722 287 4 10 7
122 5386722 287 4 4 2
123 5386722 287 3 9 1
124 5495558 291 5 7 111
125 5495558 291 5 3 9080
126 5495558 291 0 0 33
127 5495558 291 2 5 25
128 5495558 291 10 0 1
129 5495558 291 6 0 3
130 5495558 291 4 9 182
131 5595323 292 5 0 6
132 5595323 292 3 0 12
133 5595323 292 4 8 218
134 5664062 298 9 1 12
135 5788459 303 9 10 14
136 5788459 303 9 6 1193
137 5857139 304 2 5 23
138 5857139 304 3 1 7
139 5911001 310 0 7 73
140 5911001 310 0 1 221
141 5911001 310 10 7 73
142 6094541 317 5 5 5789
143 6169870 327 2 1 180
144 6239035 328 5 5 297
145 6285529 335 1 10 1509
146 6354196 339 10 2 2880
147 6424248 340 9 7 2998
148 6424248 340 2 2 3
149 6465749 347 8 9 74
150 6530533 359 6 9 55
151 6594087 366 0 5 1952
152 6594087 366 7 9 52
153 6634606 369 2 7 23
154 6702288 370 10 8 22
155 6702288 370 10 2 9
156 6783632 385 2 6 17811
157 6848124 388 0 10 199
158 7011140 390 5 7 3
159 7011140 390 4 3 596
160 7069256 392 9 2 352
161 7276795 395 10 3 10
162 7276795 395 0 4 1
163 7276795 395 4 9 2555
164 7276795 395 10 4 1
165 7276795 395 8 10 31
166 7291075 396 3 1 405
167 7291075 396 9 1 405
168 7307018 400 2 6 38920
169 7384449 402 9 6 88
170 7384449 402 2 5 49
171 7384449 402 2 3 65
172 7384449 402 9 5 65
173 7384449 402 9 10 117
174 7440064 407 2 0 54
175 7440064 407 2 7 98
176 7580094 409 10 10 10
177 7586629 410 6 3 1
178 7600810 412 7 1 86
179 7656233 413 2 2 3014
180 7670437 418 6 5 259
181 7717387 422 9 7 4
182 7996594 428 9 3 3
183 7996594 428 1 2 17
184 7996594 428 10 0 1
185 7996594 428 0 9 1
186 7996594 428 9 8 2
187 8136422 430 8 8 1
188 8136422 430 5 5 8
189 8136422 430 4 10 5
190 8136422 430 7 3 21
191 8170779 435 6 6 24
192 8188904 440 4 10 4
193 8203413 443 6 0 121
194 8243953 452 8 10 147
195 8253840 454 8 8 35
196 8366884 457 0 0 8
197 8366884 457 1 6 12
198 8366884 457 8 10 5
199 8398286 459 0 5 651
200 8419813 460 1 2 8
201 8419813 460 1 0 38977
202 8527943 461 5 5 163
203 8527943 461 2 2 5
204 8527943 461 0 7 1
205 8527943 461 0 2 5
206 8527943 461 0 6 245
207 8527943 461 9 4 42
208 8537293 463 2 0 60
209 8542782 465 0 0 7
210 8881632 466 8 2 150
211 8881632 466 3 2 100
212 8881632 466 1 3 3602
213 8881632 466 8 4 217
214 8881632 466 4 1 2
215 9131521 473 8 6 5
216 9131521 473 3 8 52
217 9131521 473 1 10 3
218 9131521 473 7 3 14
219 9131521 473 9 10 1
220 9425780 475 7 7 9
221 9425780 475 2 9 5
222 9425780 475 2 10 51
223 9425780 475 1 10 5
224 9425780 475 5 6 1
225 9425780 475 1 2 13
226 9425780 475 3 0 1
227 9457492 477 2 7 60
228 9573172 489 9 0 11786
229 9581886 491 10 10 39
230 9598499 496 10 3 2626
231 9871346 498 3 5 526
232 9871346 498 2 9 1
233 9871346 498 3 0 10
234 9871346 498 5 5 702
235 9871346 498 9 4 50
236 9871346 498 1 5 175
237 9871346 498 8 2 4
238 9871346 498 2 5 526
239 9871346 498 8 6 1
240 9871346 498 10 9 1
241 9871346 498 2 7 7
242 9871346 498 3 1 35
243 9894223 499 7 4 225
244 9905231 502 2 6 191
245 10075107 507 9 3 14
246 10075107 507 0 10 4631
247 10075107 507 0 0 12
248 10075107 507 4 2 120
249 10075107 507 6 10 89
250 10075107 507 10 2 11
251 10075107 507 10 7 72
252 10137493 510 6 6 71
253 10137493 510 6 5 3
254 10137493 510 7 2 20
255 10303694 513 1 0 1
256 10303694 513 5 2 6
257 10303694 513 1 2 6
258 10303694 513 9 7 5
259 10303694 513 0 0 5
260 10303694 513 5 6 80
261 10359889 526 3 2 56
262 10412820 535 3 7 31
263 10429673 540 7 7 98
264 10468304 546 4 7 78
265 10490720 547 4 8 25
266 10517918 550 6 6 6
267 10517918 550 2 6 6
268 10517918 550 0 6 31
269 10857461 555 5 9 2
270 10857461 555 10 5 1
271 10857461 555 0 9 2
272 10857461 555 2 0 2
273 10857461 555 10 10 2
274 10857461 555 3 0 2
275 10857461 555 0 10 5
276 10857461 555 6 4 829
277 10857461 555 0 6 47
278 11016322 558 1 3 9246
279 11027350 560 6 0 10
280 11063997 562 10 9 2695
281 11063997 562 10 2 37
282 11091805 563 10 4 100
283 11091805 563 10 8 1666
284 11113494 565 1 5 19648
285 11113494 565 1 9 136
286 11113494 565 1 4 1356
287 11228506 569 5 6 1
288 11256678 575 1 8 15
289 11342668 576 10 6 4
290 11358545 579 3 0 57
291 11461376 588 4 1 168
292 11481578 591 0 1 40
293 11489927 594 0 5 74
294 11597988 602 8 3 56
295 11597988 602 8 5 30
296 11923717 612 10 8 26
297 11923717 612 5 8 8
298 11923717 612 2 9 14
299 11923717 612 0 6 1
300 11923717 612 10 5 3603
301 11944924 613 3 7 12697
302 12187755 617 4 2 116
303 12301882 630 10 6 226
304 12323909 631 7 6 351
305 12394837 634 7 0 1249
306 12424754 637 7 10 8
307 12440855 638 4 6 40
308 12591165 644 1 10 1
309 12591165 644 0 3 10
310 12591165 644 0 9 136
311 12591165 644 2 0 8
312 12648647 666 9 3 2
313 12863405 671 10 7 2
314 12863405 671 3 0 3
315 12863405 671 7 7 1
316 12863405 671 3 6 8
317 12863405 671 3 9 8
318 12863405 671 4 7 1
319 12863405 671 4 8 5
320 12868028 672 8 2 85
321 12903472 675 2 3 19475
322 12924190 678 8 9 660
323 13106943 683 9 3 29
324 13106943 683 9 4 638
325 13121075 687 5 8 7
326 13121682 688 7 4 43
327 13235821 690 4 8 300
328 13235821 690 4 4 863
329 13235821 690 0 2 81
330 13235821 690 4 2 11
331 13235821 690 8 8 600
332 13235821 690 8 6 14
333 13305767 692 10 0 2
334 13305767 692 6 5 222
335 13305767 692 6 1 96
336 13305767 692 7 10 12
337 13643581 695 8 3 26
338 13643581 695 0 10 3
339 13643581 695 2 4 1
340 13643581 695 1 0 42
341 13643581 695 0 4 1
342 13643581 695 8 1 3
343 13643581 695 10 1 3
344 13656435 697 1 10 15
345 13656435 697 4 6 1569
346 13728341 698 10 1 12
347 13728341 698 10 7 2
348 13728341 698 10 3 1526
349 13766423 701 4 2 3
350 13828201 702 3 10 17
351 13828201 702 4 3 13
352 13890551 703 9 0 37
353 13890551 703 2 4 57
354 14107042 718 1 7 17
355 14107042 718 2 7 23
356 14162680 723 3 3 52
357 14183942 724 6 5 1502
358 14225664 731 3 10 2
359 14296617 732 7 6 7
360 14369308 735 9 9 40
361 14374293 736 2 6 1770
362 14420371 739 10 5 86
363 14587226 741 9 5 11
364 14587226 741 2 5 11
365 14587226 741 10 9 44
366 14587226 741 10 7 2
367 14619009 744 5 0 8
368 14800111 751 6 4 13
369 14800111 751 2 5 25
370 14800111 751 5 1 15
371 14800111 751 5 6 111
372 14826743 752 8 9 5
373 14864416 755 9 3 269
374 14864416 755 9 10 2193
375 14905194 757 9 1 38
376 14928115 761 6 5 45
377 14936873 765 9 0 12661
378 15023276 766 1 4 16
379 15023276 766 8 10 106
380 15023276 766 7 5 41
381 15023276 766 8 5 13
382 15029470 767 10 8 62
383 15087889 768 0 2 36
384 15118834 775 9 3 95
385 15129620 777 10 6 150
386 15146960 778 6 9 7
387 15146960 778 9 9 21
388 15198942 788 10 8 200
389 15210114 792 0 8 118
390 15241854 798 4 8 632
391 15252127 802 10 5 226
392 15275249 804 4 10 98
393 15345727 819 7 3 21
394 15353710 821 6 9 68
395 15635247 822 3 2 3
396 15635247 822 8 1 1
397 15635247 822 3 3 1
398 15635247 822 4 4 28
399 15635247 822 1 4 2
400 15635247 822 10 1 1
401 15635247 822 2 1 1
402 15635247 822 9 0 4
403 15864535 823 8 10 1
404 15864535 823 5 8 1
405 15864535 823 1 2 6
406 15870342 824 0 10 47
407 15937204 825 7 9 18
408 15937204 825 4 5 112
409 15937204 825 1 8 63
410 15978414 830 2 1 24
411 15978414 830 1 1 74
412 15978414 830 8 1 24
413 15980784 832 1 1 30673
414 16064828 834 1 9 51
415 16118407 842 1 1 148
416 16118407 842 1 3 757
417 16132252 844 7 9 283
418 16132252 844 2 9 283
419 16143216 845 10 7 4
420 16143216 845 2 7 4
421 16173750 851 0 6 15
422 16184994 855 2 0 234
423 16216644 857 9 1 1575
424 16289228 863 6 0 9
425 16444665 864 0 4 17
426 16444665 864 5 10 172
427 16444665 864 7 6 4
428 16453250 867 2 3 81
429 16526212 874 2 4 61
430 16549152 878 9 6 46
431 16568271 881 4 2 561
432 16568271 881 5 2 2247
433 16570712 883 1 6 102
434 16695714 886 6 4 1
435 16695714 886 3 1 5
436 16718242 888 10 3 87
437 16718242 888 10 9 16
438 16718242 888 10 1 119
439 16844396 894 0 9 35
440 16844396 894 4 2 5
441 16844396 894 5 2 128
442 16844396 894 10 1 194
443 16844396 894 9 2 35
444 16844396 894 10 3 6
445 16844396 894 8 5 30
446 16844396 894 6 2 5
447 16917308 896 9 3 1586
448 16926215 897 0 6 1763
449 16971769 901 6 2 30
450 16971769 901 10 3 7420
451 16971769 901 5 2 30
452 17084980 907 4 3 18
453 17084980 907 2 3 18
454 17109679 909 9 6 8913
455 17257148 924 1 6 1
456 17583066 929 1 4 878
457 17583066 929 6 6 54
458 17583066 929 1 1 3
459 17583066 929 0 2 4
460 17583066 929 9 2 12
461 17583066 929 3 6 109
462 17583066 929 6 2 42
463 17583066 929 4 1 2
464 17751930 930 10 10 683
465 17751930 930 10 9 71
466 17751930 930 0 7 10
467 17751930 930 7 6 13
468 17751930 930 4 4 13007
469 17751930 930 1 2 43
470 17904428 931 1 10 901
471 17904428 931 6 9 2119
472 17904428 931 8 6 8
473 18005337 932 8 0 2
474 18005337 932 5 0 2
475 18005337 932 9 2 902
476 18022647 935 0 1 1573
477 18028933 936 0 4 58
478 18337617 941 6 9 2610
479 18337617 941 9 8 1
480 18337617 941 4 6 2
481 18337617 941 10 4 1
482 18337617 941 7 2 5
483 18337617 941 1 1 1248
484 18337617 941 8 8 1
485 18374894 948 8 6 3958
486 18407242 950 0 8 29
487 18416960 954 10 1 315
488 18419739 956 4 1 1266
489 18469137 959 10 0 127
490 18497147 961 9 5 1719
491 18497147 961 0 5 343
492 18497147 961 8 5 343
493 18697348 967 0 6 9242
494 18697348 967 5 7 486
495 18722555 970 8 6 37
496 18808706 973 0 9 112
497 18808706 973 0 8 2624
498 18823616 977 7 2 1705
499 18860945 986 1 0 968
