11 242 500
0 17217 0 9 1 6
1 17217 0 1 6 24
2 65710 3 9 4 3213
3 65710 3 10 5 113
4 168617 13 7 10 99
5 168617 13 8 10 297
6 168617 13 10 5 13
7 169169 14 7 6 107
8 174347 16 4 4 11
9 220596 17 1 2 526
10 220596 17 1 10 1
11 230164 18 1 3 19564
12 258936 21 3 5 18
13 269141 26 0 8 2366
14 304772 29 2 4 83
15 333713 37 0 9 2107
16 333713 37 8 9 4214
17 344379 38 7 5 110
18 363714 41 10 7 58
19 373745 45 8 6 1063
20 388488 50 9 10 5268
21 491538 51 0 3 107
22 491538 51 0 10 1
23 491538 51 7 9 1
24 492315 52 9 4 249
25 494595 55 0 9 3923
26 503415 58 1 2 7830
27 554637 59 5 8 15
28 564921 61 10 2 24
29 583979 66 0 4 60
30 687583 75 1 5 231
31 687583 75 10 3 33
32 687583 75 9 5 115
33 687583 75 6 8 68
34 687583 75 7 5 115
35 696013 77 8 4 21
36 703342 81 0 6 119
37 790540 84 2 7 21
38 790540 84 10 5 4
39 790540 84 7 0 7
40 790540 84 6 5 4
41 790540 84 6 2 308
42 790540 84 2 6 2
43 811912 89 7 6 1461
44 811912 89 7 10 53
45 899510 99 0 6 10
46 899510 99 9 4 28
47 899510 99 9 3 63
48 981309 102 4 4 4
49 981309 102 1 7 2
50 981309 102 1 6 1
51 981309 102 10 1 3
52 981309 102 9 4 16
53 981309 102 10 5 57
54 981309 102 6 2 483
55 981309 102 6 3 5
56 1035680 108 7 2 1
57 1040674 110 3 3 4665
58 1065913 117 0 3 30
59 1065913 117 0 0 125
60 1077912 118 6 2 15
61 1080235 120 9 7 124
62 1088192 124 2 3 7
63 1125731 132 0 1 6
64 1154278 136 8 0 2006
65 1154278 136 8 6 21
66 1154278 136 8 1 94
67 1220138 137 3 9 2136
68 1221216 138 9 5 109
69 1226772 139 2 1 25
70 1226793 140 7 4 142
71 1240284 143 0 0 349
72 1242698 145 5 4 231
73 1272505 150 2 0 219
74 1273872 151 3 9 3
75 1282698 153 4 9 185
76 1347536 154 3 7 1284
77 1347536 154 9 2 6235
78 1347536 154 1 10 17
79 1347536 154 1 6 460
80 1347536 154 7 9 11
81 1347536 154 2 4 10
82 1431846 160 9 3 10
83 1431846 160 9 10 57
84 1431846 160 4 7 1
85 1431846 160 10 5 5
86 1460481 162 7 7 675
87 1460481 162 2 3 191
88 1460481 162 3 0 1899
89 1473965 165 0 5 110
90 1490092 170 3 3 61
91 1497122 172 6 8 29
92 1539368 177 0 0 89
93 1539368 177 3 6 172
94 1546810 183 4 0 35
95 1559120 187 4 2 24
96 1579651 194 3 3 63
97 1582243 196 9 4 86
98 1642546 198 7 2 6
99 1642546 198 5 0 5
100 1649558 202 3 6 222
101 1667315 203 7 0 49
102 1670866 205 0 3 62
103 1727069 224 3 4 238
104 1763285 229 2 8 118
105 1763285 229 0 2 616
106 1799305 230 3 7 226
107 1802169 231 4 6 2
108 1869128 233 3 1 141
109 1869128 233 1 3 4
110 1869128 233 1 6 6
111 1869128 233 3 5 1
112 1869128 233 2 5 1
113 1984125 241 7 2 3905
114 1984125 241 4 0 9
115 1984125 241 9 9 3679
116 1984125 241 1 6 48
117 2038683 259 9 1 891
118 2118019 262 9 8 7
119 2118019 262 0 8 21
120 2118019 262 3 8 14
121 2118019 262 3 7 1
122 2118019 262 9 2 6
123 2127941 263 10 10 1524
124 2133703 266 5 10 10
125 2145034 269 4 6 99
126 2146914 270 8 3 19537
127 2155711 273 6 9 4
128 2161737 280 5 2 647
129 2172133 282 8 1 106
130 2172133 282 8 4 326
131 2308595 287 0 8 11
132 2308595 287 5 8 5
133 2308595 287 4 1 3
134 2308595 287 0 2 6
135 2308595 287 4 10 7
136 2308595 287 0 9 1
137 2308595 287 6 3 11
138 2308595 287 10 9 1
139 2308595 287 2 2 3
140 2355239 291 8 0 6
141 2397995 292 6 10 1
142 2397995 292 10 9 529
143 2427455 298 1 9 8
144 2480768 303 8 8 324
145 2480768 303 4 8 324
146 2480768 303 9 10 14
147 2480768 303 2 1 25
148 2611946 317 6 5 3859
149 2611946 317 2 3 54
150 2611946 317 3 7 1004
151 2611946 317 2 0 4
152 2611946 317 1 4 32
153 2644230 327 3 1 60
154 2673872 328 9 9 2
155 2684820 330 0 5 91
156 2684820 330 0 0 683
157 2685639 333 3 5 304
158 2693933 336 9 4 663
159 2723227 339 7 5 95
160 2758661 343 6 4 129
161 2780762 352 9 10 104
162 2789848 353 0 8 90
163 2814141 362 6 3 357
164 2818667 364 4 6 40
165 2819567 365 1 3 670
166 2872409 370 8 2 1
167 2872409 370 10 5 1
168 2872409 370 10 8 22
169 2872409 370 4 2 1
170 2876520 371 1 8 116
171 2880114 379 1 3 2
172 2901443 380 10 6 315
173 2914997 387 0 9 1
174 2934910 388 7 3 3122
175 2934910 388 7 1 98
176 3004774 390 8 7 38
177 3004774 390 9 8 2301
178 3005441 391 5 3 356
179 3029681 392 5 5 1283
180 3029681 392 0 4 427
181 3118626 395 2 4 1
182 3118626 395 8 5 177
183 3118626 395 3 5 177
184 3118626 395 2 7 1
185 3118626 395 7 5 177
186 3166285 404 2 0 10
187 3176060 406 4 0 35
188 3248611 409 10 6 11
189 3248611 409 6 5 797
190 3281243 413 2 3 25
191 3293752 420 7 10 64
192 3320238 424 7 0 119
193 3322463 425 10 3 34
194 3323300 426 5 10 30
195 3427112 428 5 6 1
196 3427112 428 10 5 822
197 3427112 428 0 5 822
198 3427112 428 0 8 7
199 3427112 428 10 2 1
200 3487038 430 2 3 2
201 3487038 430 4 6 190
202 3487038 430 5 7 17
203 3491514 433 7 4 12730
204 3509530 440 0 0 29
205 3585807 457 8 7 1
206 3654832 461 0 7 1
207 3654832 461 2 7 147
208 3654832 461 2 1 11
209 3654832 461 7 8 9
210 3654832 461 1 7 1
211 3806414 466 10 10 4
212 3806414 466 2 8 1
213 3806414 466 5 1 2
214 3806414 466 3 5 1
215 3806414 466 10 0 7
216 3806414 466 2 0 7
217 3842367 467 10 9 8
218 3842367 467 0 3 4
219 3842367 467 0 9 8
220 3842367 467 0 1 1
221 3852236 468 7 9 22
222 3913509 473 10 2 7
223 3913509 473 7 5 68
224 3913509 473 6 8 52
225 4039620 475 6 3 1
226 4039620 475 9 4 1
227 4039620 475 2 8 2
228 4039620 475 7 7 9
229 4039620 475 2 4 8
230 4039620 475 5 5 15
231 4039620 475 9 8 2
232 4039620 475 10 10 5
233 4039620 475 3 10 5
234 4053211 477 2 2 17757
235 4086866 487 5 7 808
236 4086866 487 5 5 33572
237 4102788 489 0 1 222
238 4113642 496 10 3 2626
239 4230576 498 10 4 50
240 4230576 498 1 5 175
241 4230576 498 2 0 10
242 4230576 498 1 9 1
243 4230576 498 4 10 13
244 4230576 498 7 6 1
245 4240381 499 7 10 10
246 4240381 499 7 2 121
247 4249831 504 10 9 1333
248 4317903 507 5 1 2
249 4344640 510 7 8 7
250 4344640 510 6 6 71
251 4344640 510 7 10 87
252 4344640 510 6 8 7
253 4344640 510 7 3 4
254 4344640 510 6 0 189
255 4344640 510 6 7 383
256 4415869 513 10 3 26
257 4415869 513 2 9 20
258 4415869 513 6 10 6
259 4415869 513 9 7 5
260 4447004 529 4 9 374
261 4462637 535 9 1 238
262 4462637 535 4 7 6
263 4465703 537 2 10 22
264 4466691 538 4 8 3
265 4498582 549 8 5 792
266 4653197 555 7 0 1
267 4653197 555 8 8 7
268 4653197 555 3 9 4
269 4653197 555 8 0 4
270 4653197 555 1 10 1
271 4653197 555 3 2 876
272 4653197 555 6 4 829
273 4698172 556 8 0 1
274 4698172 556 9 1 1
275 4698172 556 8 1 1
276 4698172 556 3 0 1
277 4731589 561 2 10 28
278 4741713 562 10 0 17
279 4741713 562 10 7 2
280 4762926 565 1 2 99585
281 4812217 569 7 7 1
282 4812217 569 2 8 1
283 4812217 569 7 1 1
284 4861143 576 1 2 102
285 4861143 576 0 2 51
286 4862411 577 8 0 1169
287 4868886 580 3 8 25
288 4870974 581 6 9 62
289 4890018 582 4 9 88
290 4890018 582 4 4 50
291 4890018 582 4 8 66
292 4901066 583 6 8 46
293 4920676 591 10 1 1
294 4920676 591 0 1 40
295 4970566 602 6 0 4869
296 4970566 602 6 2 848
297 4970566 602 8 8 3636
298 4986833 606 10 10 996
299 4986833 606 10 9 101
300 4989678 609 9 8 117
301 5110164 612 0 9 1
302 5110164 612 1 0 71
303 5110164 612 9 8 8
304 5110164 612 3 3 1
305 5110164 612 2 7 2539
306 5110164 612 6 6 1
307 5110164 612 2 9 14
308 5110164 612 3 5 120
309 5110164 612 8 4 26
310 5110164 612 8 6 1
311 5221376 616 3 9 11
312 5221376 616 2 4 1
313 5221376 616 8 6 36
314 5221376 616 6 6 108
315 5221376 616 4 0 12359
316 5221376 616 1 10 3419
317 5221376 616 6 4 1
318 5221376 616 1 8 1
319 5221376 616 1 5 1227
320 5221376 616 9 1 1
321 5238992 621 2 8 37
322 5270718 628 1 10 95
323 5271316 629 5 8 164
324 5281675 631 7 5 232
325 5307209 633 5 0 4797
326 5312073 634 7 8 2395
327 5312073 634 7 5 82
328 5312073 634 7 3 109
329 5324894 637 2 10 16
330 5331795 638 4 1 10
331 5396213 644 9 1 6
332 5396213 644 7 5 10
333 5396213 644 2 7 92
334 5420848 666 9 3 2
335 5426858 668 5 3 3071
336 5512887 671 3 0 3
337 5512887 671 9 6 8
338 5512887 671 10 10 4
339 5512887 671 10 8 5
340 5512887 671 6 6 41
341 5512887 671 1 5 30
342 5548918 681 1 5 12
343 5548966 682 10 7 108
344 5617261 683 0 2 3054
345 5617261 683 0 7 3841
346 5617261 683 7 8 11
347 5617261 683 7 7 548
348 5623318 687 5 7 16
349 5623318 687 0 8 15
350 5702471 692 7 7 181
351 5702471 692 10 1 48
352 5712156 693 8 6 75
353 5712156 693 8 0 109
354 5712156 693 8 2 61
355 5712156 693 8 5 224
356 5847249 695 5 0 21
357 5847249 695 10 8 1
358 5847249 695 10 1 3
359 5847249 695 5 10 1
360 5847249 695 2 1 3
361 5847249 695 3 5 7
362 5847249 695 3 1 11
363 5847249 695 9 8 1
364 5847249 695 9 1 7
365 5847249 695 1 0 42
366 5847249 695 6 1 3
367 5847249 695 0 3 8
368 5847249 695 9 7 1
369 5847249 695 10 10 1
370 5852758 697 1 6 1569
371 5883575 698 2 2 153
372 5899895 701 8 9 1
373 5926372 702 0 2 28
374 5926372 702 0 10 1
375 5926372 702 3 7 81
376 5926372 702 3 5 112
377 5975627 710 3 10 1
378 5975627 710 3 0 36
379 6045875 718 5 9 11729
380 6069720 723 3 9 11
381 6090721 727 2 5 14
382 6127121 732 7 8 39
383 6158275 735 9 1 6
384 6180159 739 10 0 372
385 6251668 741 0 4 33
386 6251668 741 6 5 22
387 6251668 741 3 0 544
388 6265289 744 5 0 8
389 6266877 747 8 5 26
390 6280029 749 9 4 6
391 6280029 749 5 9 2
392 6342904 751 6 10 17
393 6342904 751 10 10 17
394 6342904 751 1 1 15
395 6342904 751 10 6 950
396 6342904 751 9 2 119
397 6491554 778 6 9 7
398 6499739 780 2 1 117
399 6499739 780 2 5 4
400 6512804 787 4 4 18
401 6512804 787 2 4 78
402 6536625 802 5 0 43
403 6551187 806 5 0 104
404 6700820 822 2 4 5
405 6700820 822 2 0 1
406 6700820 822 4 5 52
407 6700820 822 7 10 1
408 6700820 822 2 3 5
409 6700820 822 3 9 9
410 6700820 822 6 5 26
411 6700820 822 1 4 2
412 6799086 823 2 10 1
413 6799086 823 3 2 6
414 6799086 823 8 6 282
415 6799086 823 8 10 1
416 6801575 824 6 10 142
417 6830230 825 5 0 3
418 6833923 827 5 9 116
419 6847891 830 1 2 42
420 6847891 830 8 1 24
421 6847891 830 2 7 448
422 6847891 830 3 9 16
423 6847891 830 3 5 172
424 6870485 833 7 8 800
425 6907888 842 1 7 25
426 6907888 842 1 1 148
427 6949990 857 9 7 83
428 6949990 857 9 6 9641
429 6951841 858 4 2 1
430 6960776 860 9 6 11
431 6981098 863 2 9 264
432 6981098 863 6 0 9
433 7047713 864 4 4 5
434 7065532 871 10 8 8344
435 7069924 872 1 4 73
436 7088971 875 4 7 9
437 7155306 886 7 6 555
438 7155306 886 0 0 118
439 7155306 886 9 6 555
440 7219027 894 7 5 4
441 7219027 894 0 5 1
442 7219027 894 9 2 35
443 7219027 894 5 2 128
444 7250275 896 3 2 38
445 7250275 896 10 2 38
446 7265136 900 0 7 201
447 7289703 903 1 4 337
448 7322134 907 2 10 6
449 7322134 907 4 2 821
450 7332719 909 9 7 11407
451 7364267 916 0 3 49
452 7381046 920 6 10 8
453 7395920 924 0 6 1
454 7413478 928 7 10 102
455 7535600 929 10 0 10
456 7535600 929 2 3 13
457 7535600 929 6 0 655
458 7535600 929 2 1 1
459 7535600 929 8 1 1
460 7607970 930 3 5 22
461 7607970 930 5 1 43
462 7607970 930 2 0 2492
463 7673326 931 3 3 124
464 7673326 931 8 8 4
465 7673326 931 8 6 8
466 7673326 931 3 5 4188
467 7716573 932 1 7 3
468 7716573 932 6 10 47
469 7723991 935 3 1 1573
470 7743090 940 0 0 266
471 7858979 941 10 10 36
472 7858979 941 10 0 5
473 7858979 941 8 7 1
474 7858979 941 6 6 24
475 7858979 941 3 0 5
476 7858979 941 3 2 2
477 7858979 941 2 7 1
478 7858979 941 7 8 6
479 7858979 941 10 3 1
480 7858979 941 5 5 13
481 7860697 943 4 0 2
482 7874954 948 8 4 5
483 7877996 949 10 4 3132
484 7892983 954 10 1 315
485 7915344 959 10 8 1670
486 8013149 967 4 0 9
487 8013149 967 4 7 243
488 8013149 967 5 4 14
489 8013149 967 7 5 7
490 8013149 967 4 3 16
491 8016400 968 1 3 51
492 8060874 973 2 8 1312
493 8065761 976 3 10 11971
494 8074998 979 0 8 1268
495 8074998 979 4 7 105
496 8103636 993 4 1 115
497 8103636 993 4 0 4812
498 8103636 993 4 6 32
499 8121559 994 4 5 64
