11 247 500
0 120519 0 9 5 6
1 459971 3 10 3 252
2 459971 3 9 3 2654
3 459971 3 9 1 84
4 459971 3 5 10 935
5 459971 3 10 8 592
6 580149 7 1 4 57
7 608713 8 10 0 624
8 840790 9 7 8 2
9 840790 9 1 4 2
10 1180324 13 10 5 13
11 1220430 16 2 4 209
12 1544175 17 6 5 184
13 1544175 17 7 9 658
14 1544175 17 5 10 1
15 1544175 17 7 7 2
16 1544175 17 0 9 5269
17 1544175 17 10 7 2
18 1812558 21 3 8 86
19 1960826 28 0 8 53
20 2133408 29 10 9 5
21 2149833 30 6 6 11
22 2335994 37 0 9 2107
23 2335994 37 3 9 6321
24 2410654 38 8 5 55
25 2447067 39 0 5 34
26 2635215 49 5 3 10203
27 3440766 51 7 7 5
28 3440766 51 3 10 1
29 3440766 51 5 0 10
30 3440766 51 3 2 5
31 3440766 51 0 9 5
32 3497157 56 5 6 86
33 3882463 59 1 8 1
34 3954449 61 7 4 126
35 4087854 66 0 7 227
36 4249357 70 8 8 21
37 4357533 72 6 2 8
38 4813086 75 9 10 7
39 4813086 75 5 7 10
40 4813086 75 3 5 115
41 4813086 75 2 8 1
42 4813086 75 4 4 7
43 5533786 84 2 8 1
44 5533786 84 6 10 10
45 5533786 84 10 2 77
46 5533786 84 3 8 1
47 5749695 91 9 2 4953
48 5749695 91 0 2 550
49 5962518 97 5 9 3687
50 6296576 99 0 10 3070
51 6296576 99 7 3 63
52 6296576 99 9 9 85
53 6296576 99 9 10 3070
54 6296576 99 7 2 19
55 6869164 102 2 3 17
56 6869164 102 10 5 57
57 6969148 104 4 8 216
58 7249761 108 7 2 1
59 7249761 108 5 4 34
60 7390194 116 2 4 113
61 7461392 117 0 2 132816
62 8079951 136 8 7 14
63 8540966 137 3 1 38
64 8540966 137 4 10 222
65 8540966 137 3 0 8
66 8540966 137 5 1 12
67 8540966 137 9 1 12
68 8681991 143 0 3 45
69 8805059 146 3 4 5
70 8907536 150 2 5 126
71 8907536 150 2 7 5692
72 9432758 154 6 5 69
73 9432758 154 3 2 249
74 9432758 154 4 6 460
75 9432758 154 1 0 2
76 10022927 160 3 5 46
77 10022927 160 0 9 9
78 10223372 162 7 6 44
79 10350258 168 2 2 15
80 10357069 169 3 4 102
81 10479857 172 4 2 54
82 10577421 174 9 10 9
83 10577421 174 5 2 9
84 10577421 174 2 3 36
85 10775582 177 0 9 9
86 10775582 177 0 2 189
87 10929199 189 1 7 16203
88 10965591 190 8 10 8155
89 11043103 192 3 4 9
90 11043103 192 3 10 87
91 11497828 198 2 6 334
92 11497828 198 8 0 5
93 11497828 198 4 10 7
94 11546911 202 3 4 167
95 11671207 203 8 3 1767
96 12038600 222 0 7 28
97 12134308 228 3 2 31
98 12342996 229 6 10 5
99 12595136 230 8 0 12
100 12595136 230 0 3 136
101 12595136 230 8 7 2487
102 13083901 233 0 7 1
103 13083901 233 4 2 8
104 13303011 237 4 0 72
105 13303011 237 4 7 51
106 13303011 237 4 3 1
107 13303011 237 10 8 53
108 13888881 241 3 1 18
109 13888881 241 6 4 14
110 13888881 241 7 4 14
111 13918083 244 4 1 1
112 13977251 251 2 5 87
113 14270784 259 1 0 14
114 14270784 259 8 0 89
115 14826136 262 9 9 15
116 14826136 262 9 7 1
117 14826136 262 0 10 12
118 14826136 262 3 4 1
119 14826136 262 8 1 30
120 14826136 262 3 10 6
121 14895592 263 6 10 1524
122 15204931 282 8 4 326
123 16160168 287 0 8 11
124 16160168 287 9 5 2
125 16160168 287 6 7 807
126 16160168 287 8 3 11
127 16160168 287 2 7 12118
128 16160168 287 1 6 48
129 16160168 287 9 2 3
130 16160168 287 2 2 3
131 16160168 287 1 3 5
132 16160168 287 7 5 2
133 16160168 287 9 8 5
134 16160168 287 6 1 15
135 16160168 287 10 0 1
136 16486675 291 3 6 409
137 16486675 291 1 8 35
138 16486675 291 2 2 6871
139 16486675 291 7 1 1536
140 16486675 291 4 6 2047
141 16785971 292 8 6 13
142 16833218 295 5 4 1
143 16992187 298 1 8 2839
144 17365377 303 8 1 25
145 17365377 303 8 10 14
146 17365377 303 10 9 613
147 17365377 303 8 9 204
148 17571418 304 2 9 58
149 17571418 304 3 9 58
150 17571418 304 3 6 1731
151 17630269 307 5 4 3332
152 17733005 310 7 6 6
153 18283624 317 4 5 964
154 18283624 317 9 1 14
155 18316418 319 7 10 78
156 18331091 322 7 5 121
157 18717105 328 10 5 297
158 18717105 328 1 8 44
159 18717105 328 5 8 267
160 18856587 335 1 6 179
161 18928211 338 1 5 37
162 19062589 339 0 5 190
163 19272744 340 3 2 3
164 19422402 349 8 6 1136
165 19446355 350 8 6 14
166 19587663 358 0 4 7138
167 19591600 359 6 9 55
168 19736971 365 1 3 670
169 19806606 368 0 7 1327
170 20106864 370 0 5 1
171 20310107 380 10 1 100
172 20331775 382 1 0 15
173 20331775 382 4 0 30
174 20544374 388 7 7 30
175 20544374 388 0 9 4765
176 21033420 390 0 10 1
177 21033420 390 4 3 596
178 21207769 392 0 5 3851
179 21830385 395 7 2 1
180 21830385 395 0 4 1
181 21830385 395 9 9 2555
182 21830385 395 1 3 52
183 21830385 395 7 5 177
184 21830385 395 4 9 2555
185 21880421 397 3 10 99
186 21888731 398 9 9 103
187 21943908 401 5 3 2385
188 22153347 402 9 4 6
189 22153347 402 2 10 13
190 22192802 405 2 5 15
191 22740283 409 5 5 797
192 22740283 409 6 2 3
193 22968701 413 9 4 9414
194 23056270 420 7 10 64
195 23152161 422 5 3 54
196 23152161 422 2 7 9
197 23241667 424 7 7 63
198 23989784 428 9 5 822
199 23989784 428 9 3 3
200 23989784 428 3 10 4
201 23989784 428 7 3 3
202 23989784 428 1 0 2
203 23989784 428 3 8 2
204 23989784 428 8 5 822
205 23989784 428 5 4 1
206 24409266 430 8 6 190
207 24409266 430 9 10 15
208 24409266 430 3 1 3154
209 24530063 437 8 1 4733
210 24566714 440 0 0 29
211 24566714 440 4 2 100
212 24701038 450 9 4 2471
213 24761520 454 8 8 35
214 24768451 456 6 5 8547
215 25100653 457 1 0 25
216 25100653 457 8 9 13
217 25100653 457 0 9 13
218 25583830 461 7 1 11
219 25583830 461 4 8 9
220 25583830 461 9 7 1
221 25585805 462 10 3 3197
222 26644898 466 1 6 4
223 26644898 466 2 5 1
224 26644898 466 10 6 16
225 26644898 466 0 7 1
226 26896574 467 1 6 6
227 26965657 468 7 4 34
228 27394563 473 7 9 2
229 27394563 473 5 3 14
230 27394563 473 5 7 3
231 27394563 473 7 3 14
232 28277340 475 1 6 11
233 28277340 475 0 5 2
234 28277340 475 0 8 7
235 28277340 475 2 10 51
236 28277340 475 0 7 4
237 28277340 475 6 10 10
238 28277340 475 10 6 1
239 28277340 475 10 2 3
240 28277340 475 4 9 5
241 28277340 475 4 10 5
242 28372478 477 2 3 89
243 28439657 479 3 9 2
244 28608066 487 5 7 808
245 28608066 487 5 3 3411
246 28719518 489 0 4 48
247 29614038 498 0 2 4
248 29614038 498 3 5 526
249 29614038 498 2 3 1
250 29614038 498 10 10 13
251 29614038 498 0 4 50
252 29614038 498 9 7 44
253 29614038 498 4 10 13
254 29614038 498 3 10 13
255 29614038 498 9 4 50
256 29614038 498 2 5 526
257 29614038 498 8 0 10
258 29614038 498 5 10 13
259 29682670 499 7 4 225
260 30225322 507 0 0 12
261 30225322 507 0 10 4631
262 30225322 507 5 3 2
263 30225322 507 3 7 72
264 30412481 510 7 0 47
265 30911084 513 1 1 5
266 30911084 513 5 4 300
267 30911084 513 0 6 80
268 31013592 516 8 3 12
269 31013592 516 3 3 1
270 31129030 529 4 9 374
271 31129030 529 2 9 374
272 31134597 530 3 10 50
273 31238462 535 8 7 12
274 31259921 537 10 10 11
275 31392505 542 1 0 34
276 31392505 542 1 3 210
277 31472160 547 4 10 15
278 31553754 550 6 6 6
279 32572384 555 0 1 95
280 32572384 555 3 0 2
281 32572384 555 5 6 23
282 32572384 555 6 8 7
283 32572384 555 6 2 876
284 32572384 555 4 10 197
285 32572384 555 9 2 1752
286 32572384 555 4 1 191
287 32572384 555 9 7 3
288 32887204 556 8 0 1
289 32887204 556 8 8 765
290 32887204 556 0 5 3164
291 33048966 558 1 6 81
292 33048966 558 1 1 97
293 33275417 563 10 8 1666
294 33340482 565 1 10 1219
295 33685520 569 0 7 1
296 33685520 569 4 2 52
297 33685520 569 7 7 1
298 33685520 569 0 0 52
299 34028004 576 10 1 1
300 34073642 578 3 0 66
301 34230126 582 4 10 93
302 34384129 588 4 7 10
303 34385433 589 4 5 342
304 34444734 591 10 1 1
305 34496154 595 5 9 1
306 34511568 598 4 6 39008
307 34793966 602 8 9 57
308 34793966 602 6 9 19
309 34800155 603 2 10 133
310 34808529 605 4 6 53
311 35014393 611 7 6 205
312 35771153 612 7 8 8
313 35771153 612 5 1 6
314 35771153 612 5 2 448
315 35771153 612 1 2 897
316 35771153 612 3 8 8
317 35771153 612 6 3 1
318 35771153 612 10 2 448
319 35834773 613 3 7 12697
320 35836649 614 6 5 252
321 36549632 616 4 6 72
322 36549632 616 3 4 1
323 36549632 616 4 10 6839
324 36549632 616 5 10 854
325 36549632 616 3 6 36
326 36549632 616 10 3 20
327 36549632 616 8 0 6921
328 36549632 616 0 0 1977
329 36793720 626 2 6 1690
330 36793720 626 2 4 100
331 36994427 632 7 1 1214
332 37150463 633 5 6 85
333 37150463 633 5 7 3
334 37150463 633 5 3 85
335 37228617 635 5 8 1373
336 37228617 635 5 6 96
337 37228617 635 5 1 1250
338 37274263 637 0 10 8
339 37325115 639 2 3 55
340 37773497 644 6 8 1817
341 37773497 644 0 2 152
342 37773497 644 10 9 27
343 37773497 644 5 10 11
344 37773497 644 10 3 10
345 37773497 644 2 1 20
346 37773497 644 9 10 2
347 37841190 656 0 0 126
348 38590215 671 7 4 671
349 38590215 671 3 9 8
350 38590215 671 8 1 238
351 38590215 671 1 0 1
352 38590215 671 4 7 1
353 38590215 671 6 0 1
354 38604084 672 8 5 20
355 38710416 675 2 10 205
356 38727799 676 8 4 41
357 38842426 681 6 5 12
358 39320831 683 0 9 15
359 39363226 687 10 2 32
360 39707464 690 8 1 1
361 39917303 692 2 1 48
362 39917303 692 2 10 12
363 39985096 693 8 5 224
364 40930743 695 10 1 3
365 40930743 695 3 8 1
366 40930743 695 2 10 1
367 40930743 695 10 9 214
368 41185025 698 5 7 21
369 41185025 698 5 8 43
370 41185025 698 5 2 25
371 41185025 698 5 3 7885
372 41484605 702 3 7 81
373 41671654 703 2 4 57
374 41829395 710 3 5 9637
375 41829395 710 3 4 1221
376 41829395 710 3 8 105
377 41938950 714 2 8 105
378 42321128 718 6 1 6
379 42321128 718 0 7 5
380 42488041 723 6 10 11
381 42488041 723 6 9 23
382 42488041 723 6 4 174
383 42635047 727 10 0 769
384 42889853 732 4 9 138
385 42889853 732 4 3 39
386 42889853 732 4 5 13
387 42889853 732 9 6 4
388 43107925 735 9 2 1
389 43261114 739 10 5 86
390 43761680 741 5 1 40583
391 43761680 741 0 0 15797
392 43960209 749 9 4 6
393 44400333 751 5 5 12
394 44400333 751 5 3 727
395 44400333 751 3 6 55
396 44400333 751 6 10 17
397 44715584 757 7 5 578
398 44784347 761 6 5 45
399 44807041 764 3 2 84
400 45069829 766 7 5 41
401 45263667 768 0 3 102
402 45263667 768 8 2 620
403 45327115 773 4 10 87
404 45629077 791 8 1 1
405 45725564 798 4 0 65
406 45734565 801 9 6 20
407 45756381 802 5 0 43
408 45756565 803 8 3 11335
409 45846425 805 1 6 154
410 45882060 807 2 10 55
411 45893074 811 6 2 58
412 45966925 815 4 7 813
413 46905743 822 5 0 16
414 46905743 822 0 9 1
415 46905743 822 6 1 1
416 46905743 822 0 3 1
417 46905743 822 2 6 8
418 46905743 822 1 4 2
419 46905743 822 6 2 3
420 46905743 822 9 5 26
421 46905743 822 7 4 1
422 46905743 822 10 4 25
423 47593607 823 1 3 13
424 47593607 823 10 0 8
425 47593607 823 10 1 969
426 47593607 823 5 9 1
427 48093399 833 7 8 800
428 48093399 833 7 6 12731
429 48194485 834 1 9 51
430 48355222 842 1 7 25
431 48488607 846 5 0 54
432 48500655 849 9 10 39
433 48548695 854 6 10 67
434 48573303 856 3 4 30
435 48649934 857 9 0 2932
436 48867686 863 6 0 9
437 49333997 864 5 10 172
438 49333997 864 7 5 30
439 49578636 874 2 3 32
440 49704815 881 1 2 561
441 50087144 886 2 6 1111
442 50087144 886 9 7 4
443 50087144 886 9 6 555
444 50087144 886 8 0 29
445 50533190 894 6 9 71
446 50533190 894 7 7 1
447 50533190 894 2 8 1
448 51254942 907 2 7 3009
449 51254942 907 2 8 156
450 51329039 909 9 5 138
451 51329039 909 9 1 6168
452 51329039 909 9 6 8913
453 51403693 911 3 0 682
454 51486732 913 4 2 19
455 51549875 916 10 3 99
456 51667323 920 6 9 28
457 51771445 924 1 6 1
458 51878409 926 7 8 20
459 52749200 929 3 1 1
460 52749200 929 1 2 12
461 52749200 929 0 8 4
462 52749200 929 2 4 2635
463 52749200 929 8 3 169
464 52749200 929 8 7 6
465 52749200 929 5 6 54
466 53255791 930 8 6 13
467 53255791 930 7 6 13
468 53255791 930 4 10 683
469 53255791 930 10 9 71
470 53713284 931 2 0 11622
471 53713284 931 4 5 349
472 53713284 931 2 6 8
473 54016013 932 0 4 6
474 54016013 932 7 2 3611
475 54067943 935 0 1 1573
476 54201634 940 0 1 55
477 55012853 941 9 8 1
478 55012853 941 1 10 36
479 55012853 941 2 6 5
480 55012853 941 2 2 5
481 55012853 941 3 5 13
482 55012853 941 5 7 1
483 55024885 943 4 0 2
484 55051490 947 10 10 71
485 55491441 961 5 5 343
486 55524746 965 9 8 9024
487 56092044 967 1 8 44
488 56092044 967 0 5 43
489 56092044 967 0 6 9242
490 56092044 967 5 4 14
491 56092044 967 4 10 13
492 56092044 967 6 5 7
493 56092044 967 4 9 9
494 56114802 968 1 3 51
495 56426118 973 2 7 85545
496 56426118 973 0 5 2131
497 56426118 973 2 10 26
498 56460332 976 3 10 11971
499 56850919 994 8 4 38
