11 244 500
0 40173 0 1 10 471
1 153323 3 9 6 284
2 177471 4 2 0 15
3 280263 9 7 10 1
4 280263 9 4 10 25
5 280263 9 4 0 7
6 393441 13 8 1 265
7 393441 13 10 9 18555
8 394729 14 7 6 107
9 514725 17 0 8 1
10 514725 17 2 3 46
11 537049 18 1 4 20
12 543086 19 1 0 84
13 604186 21 3 0 51960
14 711136 29 10 2 2926
15 742589 35 7 10 74
16 778664 37 0 9 2107
17 803551 38 10 5 110
18 803551 38 8 8 11723
19 848666 41 10 8 44
20 852888 43 5 8 154
21 868286 44 1 3 43
22 872073 45 8 6 1063
23 906472 50 9 3 14
24 1146922 51 3 7 11
25 1153623 54 0 10 4501
26 1174636 58 1 2 7830
27 1294154 59 2 9 18
28 1294154 59 8 1 22
29 1362618 66 0 10 2896
30 1362618 66 0 1 84
31 1416604 71 8 0 65
32 1604362 75 6 5 231
33 1604362 75 2 9 1
34 1604362 75 3 1 591
35 1604362 75 7 10 7
36 1604362 75 5 1 5916
37 1604362 75 2 5 577
38 1604362 75 7 3 168
39 1844595 84 3 7 21
40 1844595 84 4 9 6
41 1844595 84 7 8 1
42 1916565 91 9 2 4953
43 1916565 91 8 2 550
44 1947526 94 9 5 756
45 1987506 97 3 9 3687
46 2098858 99 7 1 40
47 2098858 99 9 8 1
48 2289721 102 4 6 1
49 2289721 102 2 7 1
50 2289721 102 8 2 967
51 2323049 104 4 1 18
52 2418002 109 6 0 101
53 2435320 112 9 1 2
54 2487130 117 0 4 101
55 2539116 124 1 3 7
56 2595705 127 0 8 19017
57 2693317 136 1 9 1
58 2693317 136 8 1 94
59 2846988 137 10 8 34
60 2846988 137 2 3 9
61 2846988 137 7 4 99
62 2862469 139 8 1 504
63 2893997 143 0 9 7
64 2935019 146 7 9 50
65 2935019 146 8 8 999
66 2969178 150 2 10 10
67 3144252 154 1 9 11
68 3144252 154 10 8 87
69 3144252 154 2 0 2
70 3162343 158 5 2 59
71 3340975 160 8 1 17
72 3340975 160 6 7 1
73 3340975 160 8 5 11
74 3340975 160 6 9 4
75 3340975 160 9 10 57
76 3407790 162 8 7 225
77 3439252 165 6 5 220
78 3493285 172 6 8 29
79 3525807 174 6 10 9
80 3525807 174 0 7 14
81 3832609 198 9 4 4
82 3832609 198 8 0 5
83 3832609 198 1 8 11
84 3848970 202 3 10 415
85 3890402 203 8 0 228
86 3890402 203 7 9 14
87 3911858 207 7 0 68
88 3997154 217 9 5 39
89 4198378 230 8 3 136
90 4198378 230 0 3 136
91 4361300 233 2 2 4
92 4361300 233 2 7 1
93 4361300 233 6 10 47
94 4361300 233 7 10 160
95 4361300 233 9 2 4
96 4364635 234 1 7 11379
97 4434337 237 4 2 27
98 4434337 237 10 7 51
99 4434337 237 10 3 224
100 4629627 241 1 9 1226
101 4629627 241 4 9 1226
102 4629627 241 4 4 14
103 4629627 241 4 2 1952
104 4629627 241 9 8 23
105 4663594 253 2 6 83
106 4671640 256 4 0 18
107 4756928 259 7 8 2025
108 4942045 262 8 1 30
109 4942045 262 8 2 6
110 4942045 262 4 2 13
111 4942045 262 2 3 1
112 4942045 262 4 0 69
113 4942045 262 2 5 1
114 5044053 280 5 2 647
115 5094785 285 4 4 168
116 5094785 285 4 5 15527
117 5386722 287 0 7 1615
118 5386722 287 5 4 1
119 5386722 287 9 8 5
120 5386722 287 0 2 6
121 5386722 287 4 0 1
122 5495558 291 1 0 1
123 5495558 291 0 2 3435
124 5495558 291 2 6 1228
125 5495558 291 8 0 6
126 5595323 292 9 8 218
127 5595323 292 10 6 39
128 5664062 298 1 7 60
129 5664062 298 9 5 37
130 5664062 298 1 8 2839
131 5673051 300 10 1 1505
132 5788459 303 0 10 14
133 5788459 303 3 9 204
134 5857139 304 3 0 17
135 5857139 304 3 3 9291
136 5899662 308 6 8 78
137 5899662 308 6 9 224
138 5911001 310 0 7 73
139 5911001 310 10 6 6
140 5930173 311 9 4 3
141 6094541 317 4 5 964
142 6094541 317 9 1 14
143 6094541 317 6 2 565
144 6094541 317 7 3 54
145 6150967 324 8 5 7
146 6150967 324 7 9 95
147 6150967 324 5 10 48
148 6239035 328 10 0 312
149 6264581 330 0 4 194
150 6285529 335 1 6 179
151 6285529 335 1 3 1
152 6285529 335 1 9 28
153 6307992 337 4 5 11902
154 6354196 339 3 7 31
155 6354196 339 8 5 95
156 6424248 340 2 2 3
157 6424248 340 0 2 3
158 6474134 349 5 6 568
159 6482118 350 9 6 38
160 6486402 351 8 1 221
161 6488445 352 9 10 104
162 6566331 362 0 2 1
163 6594087 366 0 2 23
164 6702288 370 3 5 8
165 6702288 370 9 2 1
166 6702288 370 6 9 23
167 6702288 370 6 5 4
168 6770035 380 10 10 14
169 6770035 380 10 4 157
170 6779101 384 6 2 220
171 6792128 386 9 3 488
172 6848124 388 7 10 17
173 7011140 390 2 4 27
174 7011140 390 4 3 596
175 7011140 390 6 6 114
176 7011140 390 2 9 6824
177 7276795 395 9 9 2555
178 7276795 395 6 8 33
179 7276795 395 10 7 1
180 7276795 395 5 5 177
181 7410808 406 8 0 35
182 7410808 406 1 10 204
183 7580094 409 10 1 542
184 7656233 413 9 10 29
185 7717387 422 10 3 54
186 7747222 424 7 3 5146
187 7747222 424 7 6 113
188 7996594 428 6 8 7
189 7996594 428 10 2 1
190 7996594 428 4 0 1
191 7996594 428 4 1 2673
192 7996594 428 10 4 1
193 7996594 428 3 4 28
194 8136422 430 8 3 8
195 8136422 430 2 10 2
196 8222049 446 8 4 28
197 8366884 457 10 10 5
198 8366884 457 10 1 3
199 8366884 457 6 9 40
200 8527943 461 8 7 1
201 8537293 463 2 0 60
202 8881632 466 2 2 50
203 8881632 466 5 0 7
204 8881632 466 7 5 1
205 8881632 466 1 5 2
206 8881632 466 3 2 100
207 8881632 466 3 1 11
208 8881632 466 9 3 1801
209 8965524 467 9 0 3875
210 8965524 467 0 9 8
211 9012985 471 6 10 923
212 9012985 471 5 10 923
213 9036497 472 9 0 7
214 9036497 472 0 0 7
215 9036497 472 3 0 7
216 9036497 472 8 0 14
217 9131521 473 9 3 14
218 9131521 473 10 3 59
219 9131521 473 8 8 104
220 9425780 475 1 10 5
221 9425780 475 0 9 5
222 9425780 475 0 8 7
223 9425780 475 4 5 5
224 9425780 475 2 7 4
225 9425780 475 6 1 13
226 9425780 475 5 2 1
227 9457492 477 2 7 60
228 9457492 477 2 0 196
229 9479885 479 5 9 1
230 9493957 482 4 2 222
231 9500214 483 10 10 8
232 9502049 485 2 0 117
233 9573172 489 8 10 15052
234 9871346 498 2 2 23
235 9871346 498 3 7 7
236 9871346 498 6 6 1
237 9871346 498 5 9 1
238 9871346 498 1 1 17
239 9871346 498 7 4 50
240 9871346 498 9 3 1
241 9871346 498 0 3 1
242 9871346 498 0 8 1028
243 10075107 507 4 2 120
244 10075107 507 8 3 2
245 10075107 507 10 2 11
246 10075107 507 3 9 21
247 10075107 507 0 10 4631
248 10081057 508 1 8 38
249 10137493 510 6 5 3
250 10303694 513 5 1 21
251 10303694 513 4 3 5
252 10303694 513 9 7 5
253 10303694 513 5 2 6
254 10303694 513 7 1 58
255 10419973 537 7 10 11
256 10517918 550 6 6 6
257 10857461 555 6 5 1
258 10857461 555 1 10 1
259 10857461 555 6 9 35
260 10857461 555 7 1 95
261 10857461 555 5 0 1
262 10962401 556 5 7 31
263 10962401 556 0 5 3164
264 10986467 557 3 5 64
265 11063997 562 10 10 8302
266 11113494 565 1 9 136
267 11228506 569 8 6 1
268 11228506 569 2 1 1
269 11229006 570 1 9 106
270 11342668 576 6 6 9
271 11360734 580 0 8 233
272 11410042 582 4 6 282
273 11435822 583 6 9 208
274 11498718 595 0 9 1
275 11498718 595 5 9 1
276 11597988 602 8 0 1082
277 11597988 602 8 9 57
278 11597988 602 8 5 30
279 11635943 606 10 3 161
280 11923717 612 6 1 13
281 11923717 612 3 7 5079
282 12183210 616 9 9 8
283 12183210 616 0 0 1977
284 12183210 616 2 1 1
285 12183210 616 2 2 1
286 12183210 616 8 6 36
287 12183210 616 1 8 1
288 12183210 616 1 10 3419
289 12183210 616 10 4 1
290 12183210 616 4 8 1
291 12183210 616 3 3 62
292 12187755 617 3 9 85
293 12231093 624 2 5 2839
294 12323909 631 9 5 232
295 12394837 634 7 10 105
296 12409539 635 5 8 1373
297 12409539 635 5 6 96
298 12424754 637 6 10 40
299 12440855 638 4 1 10
300 12591165 644 4 4 647
301 12591165 644 8 6 1
302 12591165 644 3 1 748
303 12598266 646 5 9 12
304 12863405 671 6 7 1
305 12863405 671 5 4 1342
306 12903472 675 2 3 19475
307 12903472 675 2 0 55
308 12925331 680 10 8 3319
309 13106943 683 4 10 16
310 13106943 683 5 3 29
311 13106943 683 1 5 4
312 13106943 683 1 4 638
313 13121075 687 2 8 23
314 13235821 690 4 7 527
315 13328365 693 8 10 1001
316 13643581 695 3 2 793
317 13643581 695 1 0 42
318 13643581 695 0 8 1
319 13643581 695 5 2 793
320 13643581 695 7 5 28
321 13643581 695 9 5 7
322 13643581 695 9 0 64
323 13728341 698 2 7 2
324 13728341 698 2 10 32
325 13766423 701 9 2 76
326 13897231 705 0 5 52
327 13905240 708 7 4 12039
328 13979650 714 5 2 19516
329 14107042 718 8 5 263
330 14107042 718 7 5 3430
331 14183942 724 6 9 286
332 14211682 727 6 7 2
333 14215891 729 1 6 6073
334 14296617 732 7 2 240
335 14369308 735 6 5 36
336 14369308 735 6 8 280
337 14369308 735 6 9 10
338 14369308 735 9 4 153
339 14420371 739 10 7 96
340 14587226 741 10 7 2
341 14587226 741 1 4 3198
342 14587226 741 4 10 8
343 14587226 741 3 5 17
344 14587226 741 9 6 5
345 14587226 741 2 2 3
346 14587226 741 4 9 14
347 14587226 741 3 2 9
348 14589257 742 9 10 31
349 14619009 744 6 3 1
350 14800111 751 3 1 15
351 14800111 751 1 2 119
352 14800111 751 6 9 15
353 14800111 751 4 7 10
354 14800111 751 2 2 119
355 14864416 755 9 0 195
356 14905194 757 8 5 578
357 14928115 761 6 5 45
358 15023276 766 8 10 106
359 15087889 768 0 10 47
360 15109038 773 10 10 34
361 15129620 777 10 6 150
362 15176163 782 3 4 21
363 15178576 784 4 10 191
364 15196544 787 6 4 33
365 15208061 790 7 8 37
366 15241904 799 2 10 54
367 15252127 802 5 2 4521
368 15345727 819 7 3 21
369 15635247 822 7 5 52
370 15635247 822 1 9 5
371 15635247 822 1 2 9
372 15635247 822 6 6 4
373 15635247 822 2 4 5
374 15635247 822 0 5 26
375 15635247 822 8 7 138
376 15635247 822 9 6 4
377 15635247 822 0 3 1
378 15635247 822 6 9 5
379 15635247 822 0 9 1
380 15635247 822 7 9 3
381 15864535 823 2 5 1797
382 15864535 823 9 3 13
383 15864535 823 1 1 969
384 15937204 825 0 0 3
385 15937204 825 10 4 62
386 15937204 825 4 2 27
387 16064828 834 1 9 51
388 16084631 840 10 1 81
389 16087087 841 10 5 4815
390 16118407 842 1 3 757
391 16162869 846 5 6 89
392 16175754 852 3 9 48
393 16182898 854 3 10 1
394 16216644 857 9 2 15741
395 16216644 857 9 10 21849
396 16444665 864 5 7 1
397 16444665 864 1 7 4
398 16444665 864 5 10 172
399 16453250 867 2 3 81
400 16486243 871 5 9 3
401 16496491 872 2 4 147
402 16549652 879 1 5 24
403 16569131 882 9 2 223
404 16695714 886 7 6 555
405 16844396 894 9 1 4
406 16844396 894 7 7 1
407 16844396 894 3 9 35
408 16844396 894 6 3 6
409 16844396 894 0 10 33
410 16844396 894 3 3 6
411 16844396 894 8 10 133
412 16844396 894 2 3 6
413 16844396 894 4 8 1
414 16852864 895 7 9 9
415 16917308 896 8 9 10
416 16926215 897 0 6 1763
417 16951983 899 6 3 108
418 16971769 901 10 3 7420
419 17027782 905 0 8 95
420 17084980 907 2 2 1642
421 17109679 909 9 10 26
422 17183291 916 10 3 99
423 17183291 916 7 3 49
424 17216524 919 1 1 1
425 17222441 920 2 8 655
426 17257148 924 1 6 1
427 17257990 925 8 0 184
428 17257990 925 1 0 92
429 17583066 929 0 9 8
430 17583066 929 4 3 3
431 17583066 929 8 0 25
432 17583066 929 5 8 4
433 17583066 929 3 7 2
434 17583066 929 9 5 227
435 17751930 930 10 0 7476
436 17751930 930 7 6 13
437 17751930 930 6 8 928
438 17751930 930 1 6 13
439 17751930 930 4 4 13007
440 17751930 930 2 7 21
441 17751930 930 3 7 10
442 17751930 930 8 6 13
443 17751930 930 8 3 15
444 17904428 931 2 4 909
445 17904428 931 4 0 3169
446 17904428 931 10 9 2119
447 17904428 931 2 6 8
448 17904428 931 5 1 10
449 17904428 931 8 1 84
450 17904428 931 10 8 16
451 18005337 932 4 6 4
452 18005337 932 1 1 779
453 18005337 932 4 2 902
454 18005337 932 1 7 3
455 18005337 932 5 6 69
456 18005337 932 4 9 4
457 18005337 932 7 1 6232
458 18015649 934 8 7 122
459 18029550 937 4 6 76
460 18032564 938 9 5 48
461 18050925 939 2 8 14263
462 18337617 941 2 7 1
463 18337617 941 2 1 96
464 18337617 941 3 8 2
465 18337617 941 3 2 2
466 18337617 941 4 0 22
467 18337617 941 5 4 1
468 18337617 941 7 1 96
469 18337617 941 0 7 1
470 18337617 941 10 3 1
471 18337617 941 6 6 24
472 18337617 941 4 6 2
473 18337617 941 10 5 13
474 18337617 941 2 9 1305
475 18337617 941 8 4 11
476 18337617 941 1 0 5
477 18337617 941 2 8 2
478 18415829 952 4 4 55
479 18469137 959 10 4 73
480 18469137 959 10 0 127
481 18497147 961 9 5 1719
482 18497147 961 0 5 343
483 18497147 961 8 5 343
484 18497147 961 1 5 343
485 18697348 967 5 7 486
486 18697348 967 5 9 2
487 18697348 967 0 3 4
488 18697348 967 6 9 2
489 18697348 967 6 3 8
490 18697348 967 7 6 3080
491 18697348 967 1 8 44
492 18757351 972 10 6 244
493 18808706 973 0 9 112
494 18816597 975 2 8 3
495 18820110 976 2 8 113
496 18823616 977 7 2 1705
497 18854849 982 3 10 41
498 18882669 992 0 10 8980
499 18908484 993 4 8 12709
