11 235 500
0 60259 0 1 2 152
1 229985 3 9 8 18952
2 229985 3 9 2 11041
3 229985 3 10 0 2396
4 420395 9 1 1 4
5 420395 9 4 2 98
6 446073 10 8 1 870
7 590162 13 8 8 1
8 772087 17 7 7 2
9 1066704 29 10 0 33
10 1167997 37 6 0 25
11 1205327 38 7 1 190
12 1359708 50 2 0 44
13 1720383 51 0 2 10
14 1720383 51 0 5 33
15 1720383 51 2 6 1
16 1941231 59 1 4 1
17 1977224 61 2 1 230
18 2043927 66 0 9 82
19 2043927 66 0 3 61
20 2124678 70 4 7 3
21 2124678 70 8 7 1
22 2406543 75 4 8 1
23 2406543 75 0 9 1
24 2406543 75 7 5 115
25 2406543 75 7 9 1
26 2454922 79 10 3 38
27 2766893 84 10 0 7
28 2766893 84 2 0 15
29 2766893 84 7 1 8
30 2766893 84 6 2 308
31 2930194 95 3 1 49
32 3148288 99 7 3 63
33 3148288 99 7 2 19
34 3148288 99 9 3 63
35 3148288 99 0 0 203
36 3434582 102 7 10 21
37 3434582 102 4 0 35
38 3434582 102 0 1 3
39 3434582 102 2 4 4
40 3624880 108 0 7 4
41 3642359 110 3 7 345
42 3652980 112 9 1 2
43 3793576 123 10 10 32
44 3940061 132 0 1 6
45 4039975 136 1 8 15
46 4039975 136 1 7 22
47 4039975 136 8 2 59
48 4270483 137 6 6 2
49 4270483 137 7 3 9
50 4270483 137 0 10 222
51 4270483 137 1 6 2
52 4270483 137 3 9 2136
53 4274259 138 4 5 109
54 4340995 143 0 3 45
55 4340995 143 0 5 3991
56 4347465 144 0 4 125
57 4716379 154 7 3 56
58 4716379 154 9 7 1284
59 4716379 154 6 5 69
60 4716379 154 8 8 21
61 4716379 154 3 4 10
62 4716379 154 1 9 11
63 5011463 160 3 2 843
64 5011463 160 1 0 23
65 5011463 160 5 9 4
66 5011463 160 10 7 293
67 5011463 160 0 0 35
68 5011463 160 2 5 5
69 5011463 160 7 6 19
70 5111686 162 10 4 15
71 5111686 162 8 6 14
72 5111686 162 6 4 92
73 5121919 164 6 8 11399
74 5164366 167 2 5 23577
75 5175129 168 6 2 30
76 5288710 174 5 2 9
77 5288710 174 2 3 36
78 5288710 174 9 2 9
79 5293713 175 8 6 39
80 5293713 175 5 6 13
81 5482795 190 8 10 8155
82 5521551 192 3 1 640
83 5528780 194 3 3 63
84 5748914 198 4 3 10
85 5748914 198 0 3 2
86 5748914 198 4 5 9
87 5748914 198 7 2 6
88 5748914 198 8 9 31
89 5773455 202 3 10 415
90 5773455 202 3 6 222
91 5773455 202 3 4 167
92 5835603 203 7 6 48
93 5953770 210 8 3 299
94 5968832 214 0 7 47
95 6171498 229 6 2 1233
96 6297568 230 3 3 136
97 6297568 230 3 2 1
98 6297568 230 0 2 1
99 6307593 231 8 6 2
100 6541950 233 7 7 85
101 6541950 233 3 2 4
102 6651505 237 4 8 53
103 6651505 237 10 5 107
104 6651505 237 10 6 47
105 6944440 241 4 10 1014
106 6944440 241 9 0 9
107 6944440 241 3 1 18
108 6944440 241 7 4 14
109 6944440 241 6 2 3905
110 6985197 250 3 9 15
111 6995392 253 2 6 83
112 7135392 259 5 3 1246
113 7135392 259 4 1 891
114 7135392 259 2 7 25
115 7135392 259 6 0 14
116 7413068 262 8 5 8
117 7413068 262 3 2 6
118 7413068 262 0 5 2
119 7413068 262 0 7 1
120 7507620 269 4 10 438
121 7566890 281 1 7 651
122 7602465 282 8 2 74
123 7642178 285 4 7 350
124 8080084 287 2 1 3
125 8080084 287 8 0 13
126 8080084 287 1 9 3
127 8080084 287 6 2 3
128 8080084 287 9 3 5
129 8080084 287 6 8 5
130 8243337 291 10 3 211
131 8496093 298 9 7 60
132 8496093 298 1 6 844
133 8496093 298 9 9 5
134 8682688 303 1 1 75
135 8682688 303 1 2 1892
136 8682688 303 3 6 5173
137 8682688 303 0 9 3069
138 8785709 304 3 3 9291
139 8849494 308 6 7 58523
140 8905756 315 2 10 1706
141 9254806 327 3 1 60
142 9358552 328 9 9 2
143 9358552 328 7 8 44
144 9396872 330 0 0 683
145 9399738 333 3 5 304
146 9428293 335 1 5 7886
147 9428293 335 1 10 1509
148 9461988 337 4 2 67
149 9636372 340 3 2 3
150 9636372 340 0 2 3
151 9636372 340 8 7 2998
152 9636372 340 5 3 126
153 9636372 340 2 2 3
154 9711201 349 1 6 568
155 9793831 358 0 4 7138
156 9793831 358 0 8 24
157 9825167 361 6 9 119
158 9865320 363 8 4 62
159 9891131 366 7 2 23
160 9951910 369 6 0 34
161 10080400 379 1 3 2
162 10155053 380 10 5 64
163 10175448 385 2 6 17811
164 10188192 386 8 3 1952
165 10188192 386 0 3 488
166 10516710 390 5 10 1
167 10516710 390 3 9 174
168 10516710 390 5 6 10335
169 10516710 390 9 0 14
170 10603884 392 10 4 1281
171 10603884 392 10 2 117
172 10915192 395 3 7 1
173 10915192 395 9 10 10
174 10915192 395 2 5 1065
175 10940210 397 3 10 99
176 11076673 402 2 6 88
177 11080725 403 4 8 15143
178 11096401 405 9 5 62
179 11160097 407 2 4 49
180 11370141 409 2 3 3
181 11370141 409 5 7 1
182 11370141 409 1 4 2
183 11370141 409 8 2 3
184 11370141 409 6 2 3
185 11484350 413 9 5 300
186 11493282 415 6 1 12637
187 11576080 422 0 7 62
188 11576080 422 6 2 4553
189 11620833 424 7 3 5146
190 11994892 428 5 3 3
191 11994892 428 3 1 1336
192 11994892 428 3 0 1
193 11994892 428 5 10 4
194 11994892 428 7 10 4
195 11994892 428 3 4 28
196 11994892 428 0 3 3
197 11994892 428 2 0 1
198 11994892 428 4 8 2
199 12204633 430 3 5 16
200 12204633 430 10 1 1051
201 12204633 430 0 10 2
202 12204633 430 4 6 190
203 12204633 430 5 3 2
204 12256168 435 7 6 24
205 12265031 437 8 1 4733
206 12288036 441 7 3 52
207 12305120 443 6 3 83
208 12550326 457 4 4 1
209 12550326 457 2 10 5
210 12550326 457 1 0 25
211 12550326 457 8 9 13
212 12629720 460 1 3 39
213 12629720 460 1 5 102
214 12629720 460 1 9 91
215 12629720 460 1 10 64
216 12791915 461 7 10 1
217 12791915 461 1 2 11
218 12791915 461 3 7 1
219 13322449 466 9 8 1
220 13322449 466 0 4 2609
221 13322449 466 1 5 2
222 13322449 466 8 6 4
223 13322449 466 5 4 217
224 13448287 467 5 6 60
225 13448287 467 5 0 430
226 13448287 467 1 8 7
227 13554746 472 4 0 7
228 13554746 472 6 0 14
229 13697281 473 5 9 2
230 13697281 473 8 8 104
231 13697281 473 0 2 7
232 13697281 473 0 10 1
233 14138670 475 9 7 9
234 14138670 475 2 3 1
235 14138670 475 0 6 1
236 14138670 475 8 1 3
237 14138670 475 0 8 7
238 14138670 475 5 8 2
239 14138670 475 4 10 5
240 14138670 475 5 0 8
241 14138670 475 0 10 10
242 14138670 475 4 4 1
243 14138670 475 9 3 1
244 14138670 475 1 0 6
245 14138670 475 2 4 8
246 14138670 475 5 10 25
247 14186239 477 2 8 74
248 14186239 477 2 0 196
249 14372829 491 10 10 39
250 14807019 498 6 5 175
251 14807019 498 0 7 7
252 14807019 498 8 4 50
253 14807019 498 7 6 1
254 14807019 498 1 0 10
255 14845499 501 4 8 5123
256 15112661 507 2 2 28
257 15112661 507 4 3 2
258 15112661 507 6 4 2858
259 15112661 507 5 0 12
260 15112661 507 10 6 3
261 15112661 507 4 4 1429
262 15112661 507 4 1 1
263 15206240 510 6 2 40
264 15206240 510 7 3 4
265 15206240 510 6 8 7
266 15206240 510 6 10 29
267 15455542 513 1 1 5
268 15506796 516 3 3 1
269 15619231 535 10 7 6
270 15629960 537 10 10 11
271 15696252 542 1 0 34
272 15702457 546 4 7 78
273 15834018 551 7 9 4879
274 16286192 555 1 3 202
275 16286192 555 9 1 95
276 16286192 555 9 3 202
277 16286192 555 9 4 829
278 16286192 555 9 8 7
279 16443602 556 5 7 31
280 16443602 556 9 7 110
281 16443602 556 0 8 655
282 16479701 557 3 3 26
283 16637708 563 10 1 192
284 16842760 569 5 10 6
285 16842760 569 9 9 2
286 16842760 569 0 0 52
287 16842760 569 3 6 1
288 17014002 576 10 1 1
289 17014002 576 10 5 2438
290 17153733 583 6 0 11861
291 17159140 585 10 3 1425
292 17192064 588 4 3 51
293 17222367 591 4 1 2
294 17885576 612 3 2 448
295 17885576 612 2 9 14
296 17885576 612 9 6 3
297 17885576 612 7 4 26
298 17885576 612 1 6 1
299 17885576 612 3 3 1
300 17885576 612 6 8 17
301 17885576 612 8 7 2539
302 17885576 612 0 7 2539
303 17885576 612 1 8 17
304 17917386 613 3 3 19596
305 17917386 613 3 2 20
306 17917386 613 3 5 22
307 18274816 616 0 1 1
308 18274816 616 8 3 20
309 18274816 616 8 6 36
310 18274816 616 6 9 11
311 18447515 628 1 2 47
312 18614308 635 5 10 15796
313 18661283 638 2 7 203
314 18886748 644 2 1 20
315 18886748 644 6 5 15
316 18886748 644 7 8 908
317 18886748 644 5 4 647
318 18886748 644 8 9 27
319 18886748 644 8 4 4530
320 18907643 651 5 8 25
321 18924868 658 0 3 6037
322 18927666 659 10 5 113
323 18972971 666 4 3 2
324 18994006 668 5 9 34
325 18994006 668 5 4 33132
326 18994006 668 5 2 183
327 19295107 671 4 2 13
328 19295107 671 3 2 6
329 19295107 671 4 7 1
330 19295107 671 1 0 1
331 19302042 672 10 0 82
332 19363899 676 8 4 41
333 19421213 681 5 4 1319
334 19660415 683 9 1 25
335 19660415 683 5 5 82
336 19660415 683 4 9 123
337 19660415 683 8 1 50
338 19660415 683 8 8 5
339 19660415 683 4 6 10
340 19660415 683 8 7 548
341 19681613 687 7 2 16
342 19731150 689 9 10 4
343 19853732 690 8 4 1727
344 19853732 690 0 3 90
345 19958651 692 2 5 10
346 19958651 692 7 7 181
347 19992548 693 8 5 224
348 20465371 695 5 4 1
349 20465371 695 7 8 1
350 20465371 695 9 4 2
351 20465371 695 7 4 1
352 20465371 695 0 1 3
353 20465371 695 10 9 214
354 20465371 695 2 1 3
355 20465371 695 7 3 4
356 20465371 695 2 7 1
357 20465371 695 6 2 1587
358 20484653 697 6 6 3138
359 20592512 698 10 1 12
360 20592512 698 10 3 1526
361 20649635 701 2 9 1
362 20649635 701 0 9 1
363 20742302 702 4 1 5
364 20742302 702 3 9 43
365 20835827 703 2 2 4702
366 20857860 708 7 4 12039
367 20914697 710 3 6 32
368 20969475 714 2 8 105
369 20969475 714 2 2 9758
370 20970604 715 8 7 12
371 21160564 718 2 10 21
372 21160564 718 3 3 31
373 21244020 723 3 4 523
374 21244020 723 3 1 113
375 21275913 724 6 8 63
376 21444926 732 4 3 39
377 21444926 732 9 3 7
378 21553962 735 6 4 76
379 21553962 735 6 7 1348
380 21630557 739 10 10 132
381 21880840 741 5 7 2
382 21880840 741 6 7 14
383 21880840 741 6 5 22
384 21928514 744 6 8 1133
385 21980104 749 4 7 20
386 22200166 751 6 9 15
387 22200166 751 0 10 17
388 22200166 751 10 2 15409
389 22200166 751 8 6 55
390 22296624 755 9 6 4
391 22357792 757 1 0 7
392 22534914 766 3 4 16
393 22534914 766 10 7 7
394 22534914 766 0 3 1
395 22544206 767 10 8 62
396 22631833 768 0 7 2
397 22720441 778 9 9 21
398 22720441 778 2 9 7
399 22720441 778 8 9 7
400 22752740 781 0 3 77
401 22826415 797 3 10 18
402 22862782 798 4 4 100
403 22862782 798 4 3 11778
404 22878190 802 5 0 43
405 22923212 805 1 6 154
406 22985354 816 2 8 132
407 23452871 822 3 1 1
408 23452871 822 4 6 8
409 23452871 822 3 8 239
410 23452871 822 10 9 1
411 23452871 822 7 1 1
412 23452871 822 6 4 1
413 23452871 822 3 4 1
414 23452871 822 3 7 414
415 23452871 822 7 6 13
416 23796803 823 1 5 4195
417 23905806 825 6 1 171
418 23967621 830 8 5 5
419 23967621 830 8 2 21
420 24046699 833 7 9 12629
421 24097242 834 9 9 14
422 24097242 834 7 9 2
423 24123223 839 8 3 4
424 24198379 844 1 9 851
425 24263631 852 3 9 48
426 24399508 861 3 10 7689
427 24433843 863 2 4 116
428 24666998 864 8 9 141
429 24667645 865 4 2 165
430 24679875 867 7 3 60
431 24688539 869 6 9 164
432 24697703 870 3 3 6
433 24729365 871 1 9 3
434 24789318 874 2 9 31
435 25043572 886 9 0 14
436 25043572 886 3 1 5
437 25043572 886 7 2 41
438 25266595 894 7 5 4
439 25266595 894 2 3 6
440 25266595 894 10 10 33
441 25266595 894 9 3 12
442 25266595 894 3 2 11
443 25266595 894 0 10 33
444 25266595 894 0 9 35
445 25375963 896 4 3 1586
446 25427975 899 6 3 108
447 25427975 899 6 9 33179
448 25427976 900 0 7 201
449 25627471 907 2 4 4
450 25774937 916 7 3 49
451 25833661 920 2 8 655
452 25885722 924 8 6 3
453 26374600 929 6 4 878
454 26374600 929 2 1 1
455 26374600 929 0 8 4
456 26374600 929 0 6 54
457 26627895 930 8 6 13
458 26627895 930 5 7 10
459 26627895 930 2 8 1548
460 26627895 930 7 10 683
461 26627895 930 7 1 14
462 26627895 930 6 8 928
463 26627895 930 3 0 2492
464 26856642 931 4 0 3169
465 26856642 931 1 4 909
466 26856642 931 0 8 4
467 26856642 931 10 2 1607
468 26856642 931 0 2 6431
469 27008006 932 6 7 3
470 27008006 932 8 0 2
471 27048846 938 9 5 48
472 27100817 940 0 1 55
473 27506426 941 3 5 13
474 27506426 941 9 4 1
475 27506426 941 4 0 22
476 27506426 941 6 0 5
477 27506426 941 6 3 1
478 27506426 941 0 8 5
479 27506426 941 0 10 18
480 27506426 941 10 4 1
481 27506426 941 5 7 1
482 27506426 941 4 2 10
483 27506426 941 8 9 1305
484 27562342 948 6 7 18
485 27610863 950 2 8 14
486 27703706 959 10 5 196
487 27745720 961 2 5 687
488 28046022 967 7 0 29
489 28046022 967 5 2 15
490 28046022 967 0 1 369
491 28213059 973 0 2 17
492 28213059 973 2 7 85545
493 28262496 979 0 1 41
494 28285025 984 10 4 10212
495 28362726 993 4 6 32
496 28425459 994 1 1 1
497 28425459 994 8 0 3
498 28476508 998 5 3 1030
499 28489762 999 8 2 26
