11 234 500
0 13391 0 9 5 6
1 13391 0 9 4 103
2 51107 3 5 1 14
3 51107 3 9 3 2654
4 51107 3 10 9 40
5 93421 9 7 1 19
6 93421 9 4 9 7
7 93421 9 7 0 7
8 101416 12 3 2 8
9 131147 13 10 9 18555
10 131147 13 5 5 13
11 131147 13 10 4 340
12 171575 17 1 8 1
13 171575 17 5 4 12
14 171575 17 1 10 1
15 201395 21 4 0 25980
16 243481 31 3 6 1
17 246125 32 6 4 72
18 267850 38 2 5 55
19 267850 38 7 5 110
20 282888 41 10 0 90
21 289428 44 1 10 3951
22 290691 45 1 6 1063
23 302157 50 10 8 1
24 302157 50 1 3 14
25 382307 51 9 5 24
26 382307 51 8 6 51
27 382307 51 7 3 15
28 383379 53 4 10 10
29 431384 59 1 1 67
30 431384 59 2 8 1
31 431384 59 2 6 19
32 431384 59 5 4 3
33 431384 59 2 4 8
34 439383 61 10 2 24
35 457690 68 3 4 3
36 534787 75 0 5 115
37 534787 75 4 7 4
38 534787 75 7 8 1
39 534787 75 7 9 1
40 614865 84 10 5 4
41 614865 84 3 8 1
42 638855 91 6 2 2201
43 649175 94 7 5 2270
44 652542 96 10 5 88
45 699619 99 9 2 19
46 763240 102 1 9 9
47 763240 102 7 9 9
48 763240 102 2 0 70
49 763240 102 10 5 57
50 763240 102 8 6 31
51 763240 102 1 3 5
52 774349 104 4 10 38979
53 776477 107 6 2 1524
54 805529 108 6 6 7
55 809413 110 3 9 116
56 821132 116 2 6 106
57 821132 116 2 1 6
58 829043 117 0 3 30
59 838376 118 8 5 16
60 866457 129 4 10 22
61 867550 131 1 3 226
62 881739 134 8 3 3
63 897772 136 1 4 6084
64 897772 136 1 8 15
65 948996 137 4 0 56
66 948996 137 6 6 2
67 978339 146 10 4 11
68 1048084 154 7 0 21
69 1048084 154 4 10 2
70 1048084 154 6 9 23
71 1048603 155 1 7 3
72 1051480 156 2 8 23
73 1113658 160 10 3 7
74 1113658 160 6 1 1
75 1113658 160 6 9 4
76 1113658 160 5 6 2
77 1113658 160 9 3 10
78 1135930 162 5 0 1899
79 1146417 165 4 4 14
80 1146417 165 10 4 73
81 1175269 174 6 6 96
82 1175269 174 0 4 18
83 1176380 175 2 6 13
84 1197286 177 0 10 393
85 1198278 178 7 0 104
86 1207271 185 10 10 36
87 1228617 194 3 3 63
88 1277536 198 2 4 2
89 1277536 198 9 2 2
90 1277536 198 2 1 18
91 1282990 202 3 10 415
92 1309127 209 4 5 39
93 1325510 213 8 4 106
94 1326407 214 0 7 47
95 1371444 229 0 8 118
96 1371444 229 0 3 28
97 1371444 229 6 6 27
98 1399459 230 3 7 226
99 1399459 230 0 1 46
100 1401687 231 7 6 2
101 1453766 233 7 7 85
102 1453766 233 3 5 1
103 1453766 233 6 10 47
104 1453766 233 2 2 4
105 1453766 233 2 7 1
106 1543209 241 7 10 1014
107 1543209 241 3 9 1226
108 1543209 241 4 7 12
109 1543209 241 9 0 9
110 1552266 250 3 9 15
111 1558378 258 3 0 83
112 1585642 259 1 0 14
113 1585642 259 3 8 4050
114 1585642 259 1 10 622
115 1585757 260 0 8 471
116 1647348 262 8 10 55
117 1647348 262 2 3 1
118 1647348 262 3 6 51
119 1647348 262 2 6 8
120 1647348 262 4 7 1
121 1647348 262 3 5 2
122 1655065 263 2 10 1524
123 1661478 268 9 0 17
124 1669822 270 8 3 19537
125 1689476 283 5 1 81
126 1698261 285 4 10 220
127 1795574 287 8 0 13
128 1795574 287 9 6 24
129 1795574 287 2 4 1
130 1795574 287 5 3 5
131 1795574 287 2 2 3
132 1795574 287 8 6 24
133 1795574 287 9 5 2
134 1831852 291 3 7 111
135 1831852 291 5 7 111
136 1831852 291 7 2 3435
137 1831852 291 5 2 3435
138 1831852 291 0 1 128
139 1865107 292 9 1 197
140 1865107 292 6 8 218
141 1888020 298 1 5 75
142 1929486 303 10 9 613
143 1929486 303 4 7 3
144 1929486 303 3 7 1
145 1929486 303 9 8 649
146 1952379 304 3 7 25
147 1952379 304 2 1 7
148 1970333 310 7 6 6
149 2031513 317 2 9 16
150 2031513 317 0 10 55
151 2031513 317 0 4 10
152 2031513 317 0 7 3013
153 2031513 317 6 4 10
154 2031513 317 0 5 1929
155 2079678 328 7 3 2
156 2079678 328 1 5 297
157 2118065 339 10 7 31
158 2118065 339 2 3 645
159 2118065 339 8 5 95
160 2141416 340 2 8 1806
161 2141416 340 6 0 20
162 2155249 347 8 7 80
163 2158044 349 6 6 8522
164 2158044 349 2 6 2272
165 2160706 350 9 6 38
166 2169881 353 0 10 3133
167 2192996 365 3 3 670
168 2198029 366 0 2 23
169 2237293 371 1 8 116
170 2239502 378 10 6 120
171 2256678 380 10 1 100
172 2256678 380 10 5 64
173 2264042 386 0 3 488
174 2267220 387 5 9 1
175 2337046 390 8 8 767
176 2337046 390 2 9 6824
177 2337046 390 10 3 596
178 2356418 392 7 5 1283
179 2425598 395 3 0 440
180 2425598 395 0 7 1
181 2425598 395 4 1 1
182 2425598 395 2 3 10
183 2425598 395 3 3 21
184 2461483 402 2 0 126
185 2526698 409 10 9 30
186 2526698 409 1 6 1
187 2526698 409 2 9 45
188 2526698 409 5 5 797
189 2526698 409 6 0 528
190 2526698 409 2 2 23
191 2526698 409 10 6 11
192 2526698 409 5 2 7
193 2533603 412 7 1 86
194 2572462 422 7 2 569
195 2582407 424 7 0 119
196 2665531 428 1 5 822
197 2665531 428 5 10 4
198 2665531 428 5 4 1
199 2665531 428 2 5 822
200 2665531 428 0 6 1
201 2712140 430 5 5 8
202 2712140 430 0 7 17
203 2712140 430 10 5 33
204 2712140 430 7 0 2
205 2712140 430 2 10 2
206 2712140 430 5 8 4
207 2712140 430 7 5 16
208 2740245 445 8 6 2
209 2744323 449 9 6 39058
210 2788961 457 6 5 32
211 2788961 457 6 6 6
212 2806604 460 1 4 4695
213 2806604 460 1 7 335
214 2842647 461 1 7 1
215 2960544 466 2 4 652
216 2960544 466 10 8 1
217 2960544 466 9 5 1
218 2960544 466 0 2 50
219 2960544 466 5 10 4
220 2988508 467 6 7 5
221 2988508 467 10 9 8
222 3012165 472 3 0 7
223 3012165 472 5 0 7
224 3043840 473 9 3 14
225 3043840 473 1 9 12
226 3043840 473 10 10 1
227 3141926 475 0 1 6
228 3141926 475 10 7 4
229 3141926 475 3 6 1
230 3141926 475 1 1 3
231 3141926 475 10 8 5
232 3141926 475 7 1 10
233 3141926 475 10 9 10
234 3141926 475 4 8 2
235 3163471 480 5 8 224
236 3173223 486 6 1 461
237 3178674 487 5 1 65
238 3191057 489 3 7 5
239 3193962 491 2 10 39
240 3198169 494 7 2 10
241 3290448 498 1 6 1
242 3290448 498 10 1 35
243 3290448 498 8 5 175
244 3290448 498 5 10 13
245 3290448 498 3 0 10
246 3290448 498 1 2 56
247 3358369 507 2 1 1
248 3358369 507 6 10 89
249 3358369 507 2 9 7
250 3358369 507 6 3 7
251 3358369 507 3 1 1
252 3358369 507 2 10 89
253 3360352 508 5 8 38
254 3379164 510 6 10 29
255 3379164 510 7 0 47
256 3434564 513 5 7 35
257 3434564 513 0 5 345
258 3434564 513 3 1 10
259 3434564 513 1 0 1
260 3461664 533 9 4 779
261 3463149 534 3 4 114
262 3473324 537 4 10 11
263 3488056 542 1 0 34
264 3496906 547 4 1 2357
265 3505972 550 6 6 6
266 3619153 555 10 8 7
267 3619153 555 10 0 4
268 3619153 555 6 4 829
269 3619153 555 4 10 197
270 3619153 555 2 4 829
271 3654133 556 8 10 335
272 3654133 556 5 8 109
273 3654133 556 5 4 4
274 3654133 556 5 7 31
275 3654133 556 10 3 92
276 3654133 556 0 5 3164
277 3662155 557 3 0 5258
278 3672107 558 1 3 9246
279 3672107 558 1 4 2269
280 3672107 558 1 7 123
281 3742835 569 7 0 26
282 3742835 569 6 2 170
283 3742835 569 5 3 1
284 3742835 569 4 10 73
285 3742835 569 9 9 2
286 3785960 578 7 9 11
287 3785960 578 7 8 467
288 3786181 579 3 0 57
289 3786911 580 0 8 233
290 3811940 583 6 5 15734
291 3820458 588 4 9 111
292 3827192 591 1 10 5
293 3832906 595 2 9 194
294 3834618 598 4 6 39008
295 3865996 602 8 6 12
296 3878647 606 10 2 49
297 3878647 606 10 6 184
298 3974572 612 4 7 2539
299 3974572 612 8 10 5
300 3974572 612 6 1 13
301 3974572 612 10 6 3
302 3974572 612 0 0 142
303 4061070 616 9 7 200
304 4061070 616 0 10 12823
305 4061070 616 10 1 1
306 4061070 616 5 7 200
307 4061070 616 7 7 200
308 4061070 616 10 3 20
309 4061070 616 3 9 11
310 4061070 616 0 8 1
311 4061070 616 4 7 25228
312 4061070 616 0 4 1
313 4061070 616 8 5 11051
314 4066463 618 7 8 12
315 4074772 621 10 8 18
316 4107969 631 5 1 1
317 4131612 634 7 9 19581
318 4136513 635 5 5 334
319 4136513 635 5 7 192
320 4147235 639 2 3 55
321 4197055 644 1 4 647
322 4197055 644 8 4 4530
323 4197055 644 0 3 10
324 4197055 644 3 0 8
325 4213219 661 9 0 13
326 4287801 671 9 7 1
327 4287801 671 7 6 8
328 4287801 671 8 2 6
329 4301157 675 2 1 64
330 4301157 675 2 4 30
331 4301157 675 2 5 29
332 4315825 681 8 4 1319
333 4368981 683 4 9 123
334 4368981 683 1 10 32
335 4368981 683 2 7 548
336 4368981 683 5 8 11
337 4368981 683 2 2 1527
338 4368981 683 6 10 16
339 4368981 683 0 9 15
340 4411940 690 4 5 4
341 4411940 690 4 2 11
342 4411940 690 0 1 12
343 4411940 690 4 9 17
344 4413101 691 10 2 74
345 4442788 693 8 0 109
346 4547860 695 0 6 38
347 4547860 695 3 0 21
348 4547860 695 1 4 1
349 4547860 695 1 10 1
350 4547860 695 1 7 1
351 4576113 698 2 4 268
352 4588807 701 0 9 1
353 4609400 702 0 10 1
354 4609400 702 0 0 2375
355 4630183 703 9 7 548
356 4630183 703 9 3 37
357 4638378 709 2 9 9272
358 4660134 715 8 7 12
359 4702347 718 7 1 13
360 4702347 718 2 4 27
361 4702347 718 2 7 23
362 4702347 718 5 9 11729
363 4702347 718 2 8 1455
364 4703940 721 4 10 231
365 4720893 723 3 1 113
366 4720893 723 3 7 32
367 4720893 723 3 2 3584
368 4727980 724 6 7 124
369 4741888 731 2 10 8
370 4765539 732 6 3 7
371 4765539 732 9 6 4
372 4765539 732 0 1 103
373 4765539 732 7 0 1
374 4789769 735 9 5 36
375 4806790 739 10 9 6031
376 4862408 741 9 6 5
377 4864087 743 2 8 31
378 4884467 749 4 7 20
379 4885119 750 0 3 82
380 4933370 751 9 2 119
381 4933370 751 5 1 15
382 4933370 751 1 6 167
383 4933370 751 1 0 23
384 4933370 751 8 9 15
385 4954805 755 9 6 4
386 4954805 755 9 4 137
387 4968398 757 7 5 578
388 4976038 761 4 5 45
389 5007758 766 4 10 7
390 5007758 766 2 4 48
391 5007758 766 7 5 41
392 5029296 768 0 7 2
393 5048986 778 6 9 7
394 5048986 778 8 9 7
395 5049839 779 2 1 1518
396 5063051 786 6 0 54
397 5107856 816 2 8 132
398 5211749 822 6 1 1
399 5211749 822 4 2 9
400 5211749 822 10 0 1
401 5211749 822 8 10 3
402 5211749 822 9 3 1
403 5211749 822 7 6 13
404 5211749 822 4 0 3
405 5211749 822 9 8 239
406 5211749 822 6 4 1
407 5211749 822 6 10 1
408 5288178 823 2 8 5
409 5288178 823 2 7 751
410 5288178 823 8 8 2
411 5288178 823 2 6 282
412 5288178 823 3 8 10
413 5288178 823 10 10 1
414 5288178 823 9 4 7107
415 5312401 825 10 9 56
416 5312401 825 5 0 3
417 5312401 825 4 9 18
418 5315273 827 5 9 116
419 5354942 834 8 5 908
420 5354942 834 1 0 15
421 5354942 834 2 0 15
422 5397033 856 4 4 30
423 5405548 857 9 6 9641
424 5406987 858 10 2 1
425 5422112 861 3 5 2029
426 5422112 861 3 1 145
427 5481555 864 5 8 113
428 5481555 864 6 8 339
429 5481555 864 3 2 954
430 5481555 864 10 8 113
431 5485724 868 10 6 201
432 5498830 872 2 6 11
433 5508737 874 2 9 31
434 5516384 878 9 6 46
435 5522757 881 0 2 561
436 5565238 886 1 7 1
437 5565238 886 0 1 11
438 5565238 886 7 0 14
439 5565238 886 2 2 1476
440 5572747 888 10 3 87
441 5614798 894 8 5 30
442 5614798 894 0 9 35
443 5614798 894 9 1 4
444 5614798 894 9 10 33
445 5614798 894 3 7 3
446 5639102 896 2 0 1968
447 5639102 896 1 10 33
448 5650661 899 6 1 58
449 5669769 903 1 9 9
450 5694993 907 2 10 6
451 5711521 911 4 0 682
452 5720748 913 10 2 38
453 5741540 921 8 1 88
454 5861022 929 7 4 878
455 5861022 929 10 10 1
456 5861022 929 10 2 4
457 5861022 929 9 7 4
458 5861022 929 7 2 8
459 5861022 929 1 8 4
460 5917310 930 2 8 1548
461 5917310 930 4 4 13007
462 5917310 930 3 7 10
463 5917310 930 8 8 309
464 5917310 930 2 1 28
465 5917310 930 10 2 14
466 5917310 930 1 10 683
467 5917310 930 4 2 7
468 5968142 931 0 0 1056
469 5968142 931 7 6 8
470 5968142 931 10 8 16
471 6001779 932 5 4 6
472 6001779 932 3 0 2
473 6009644 936 3 4 58
474 6022403 940 0 7 99809
475 6112539 941 3 6 2
476 6112539 941 2 4 1
477 6112539 941 0 0 5
478 6112539 941 2 8 2
479 6112539 941 3 5 13
480 6112539 941 7 4 3
481 6115860 945 9 1 9558
482 6169416 965 9 8 9024
483 6232449 967 0 4 14
484 6232449 967 0 6 9242
485 6232449 967 4 8 44
486 6232449 967 5 4 14
487 6232449 967 4 2 15
488 6232449 967 7 5 7
489 6232449 967 4 4 14
490 6232449 967 1 3 4
491 6240851 970 8 4 16
492 6240851 970 10 6 74
493 6252450 972 10 8 28
494 6269568 973 2 2 3
495 6270466 974 2 10 4704
496 6280554 979 0 8 1268
497 6319312 995 6 6 518
498 6320658 996 1 5 37
499 6322459 997 0 3 22
