11 231 500
0 17217 0 9 8 56
1 17217 0 9 3 1560
2 17217 0 1 3 195
3 65710 3 5 10 935
4 65710 3 9 1 84
5 65710 3 5 1 14
6 120112 9 1 5 35
7 120112 9 1 8 2
8 127449 10 5 1 870
9 174347 16 2 4 209
10 220596 17 7 7 2
11 220596 17 6 8 1
12 220596 17 2 4 12
13 220596 17 1 5 16
14 236614 20 4 8 333
15 258936 21 4 6 290
16 269090 25 3 0 5933
17 269141 26 0 8 2366
18 279604 27 2 0 1300
19 279604 27 1 0 130
20 304772 29 2 2 8778
21 304772 29 2 6 2425
22 304772 29 10 6 2425
23 304772 29 2 9 94
24 307119 30 2 6 11
25 313047 31 4 7 4140
26 316906 33 8 7 56
27 333713 37 6 8 61
28 373745 45 5 6 2127
29 376459 49 5 3 10203
30 491538 51 0 5 33
31 554637 59 2 6 19
32 554637 59 2 10 3
33 565392 62 8 5 5726
34 622826 73 6 6 58
35 687583 75 10 3 33
36 687583 75 1 8 1
37 687583 75 1 5 231
38 687583 75 6 8 68
39 790540 84 6 6 1
40 790540 84 6 1 8
41 790540 84 6 9 6
42 821385 91 3 2 550
43 834654 94 1 5 756
44 851788 97 2 9 3687
45 981309 102 8 6 31
46 981309 102 4 4 4
47 981309 102 8 3 17
48 981309 102 2 7 1
49 981309 102 4 6 1
50 981309 102 5 2 483
51 989123 103 0 5 6
52 1055742 116 2 10 8305
53 1055742 116 2 4 113
54 1065913 117 0 9 4276
55 1065913 117 0 6 1374
56 1080643 121 4 1 48
57 1088192 124 7 3 7
58 1088517 125 0 2 16
59 1154278 136 8 3 215
60 1220138 137 4 0 56
61 1220138 137 7 4 99
62 1220138 137 3 1 38
63 1220138 137 4 1 25
64 1220138 137 1 0 4
65 1240284 143 0 2 200
66 1242698 145 5 4 231
67 1272505 150 2 0 219
68 1347536 154 8 0 6
69 1347536 154 10 5 139
70 1347536 154 10 8 87
71 1347536 154 4 5 69
72 1347536 154 0 6 115
73 1355290 158 5 2 59
74 1431846 160 8 1 17
75 1431846 160 3 10 17
76 1431846 160 5 2 210
77 1431846 160 3 2 843
78 1460481 162 6 0 1899
79 1460481 162 10 10 5
80 1460481 162 7 3 382
81 1460481 162 0 7 1351
82 1473965 165 8 3 93
83 1490092 170 3 4 341
84 1490092 170 3 10 19
85 1490332 171 4 8 604
86 1511060 174 1 7 14
87 1511060 174 1 2 9
88 1511060 174 9 10 9
89 1511060 174 7 7 14
90 1511060 174 6 6 96
91 1543131 179 8 7 57
92 1550372 184 0 5 54
93 1550372 184 3 5 54
94 1552206 185 10 10 36
95 1559120 187 4 9 35
96 1559120 187 9 1 15
97 1642546 198 7 4 2
98 1642546 198 9 5 1
99 1642546 198 0 2 2
100 1642546 198 7 0 20
101 1642546 198 4 1 4
102 1643492 200 5 5 18
103 1649558 202 3 1 8
104 1649558 202 3 2 18
105 1670866 205 0 3 62
106 1705380 214 0 7 47
107 1718516 220 0 5 2340
108 1726113 223 2 2 68
109 1726113 223 3 9 2
110 1763285 229 6 6 27
111 1869128 233 10 10 9
112 1869128 233 3 1 141
113 1869128 233 10 7 1
114 1984125 241 9 8 23
115 1984125 241 6 8 1
116 1984125 241 4 1 6
117 1984125 241 7 0 9
118 1984125 241 1 0 9
119 1984125 241 3 5 8412
120 1995770 250 2 9 38
121 2038683 259 6 1 1783
122 2038683 259 8 8 8101
123 2038683 259 0 7 51
124 2038683 259 7 8 2025
125 2118019 262 8 5 8
126 2118019 262 4 7 1
127 2118019 262 9 5 7
128 2127941 263 10 10 1524
129 2129432 264 4 4 5132
130 2129971 265 1 3 69
131 2157878 276 8 5 169
132 2172133 282 8 0 16296
133 2172133 282 8 1 106
134 2308595 287 2 10 30
135 2308595 287 6 1 15
136 2308595 287 8 7 1615
137 2308595 287 4 4 2
138 2308595 287 4 0 1
139 2308595 287 1 2 3
140 2308595 287 1 10 7
141 2308595 287 7 8 5
142 2308595 287 7 7 807
143 2308595 287 1 0 5
144 2355239 291 1 8 35
145 2397995 292 6 8 218
146 2397995 292 3 0 12
147 2427455 298 1 0 21
148 2427455 298 9 3 134
149 2427455 298 1 8 2839
150 2432378 301 1 6 4864
151 2480768 303 3 7 1
152 2480768 303 0 2 1892
153 2480768 303 4 0 158
154 2480768 303 0 0 3
155 2480768 303 1 1 75
156 2480768 303 10 6 397
157 2510202 304 2 0 206
158 2518609 307 8 4 476
159 2528426 308 6 0 160
160 2528426 308 6 4 147
161 2611946 317 0 7 3013
162 2611946 317 4 7 3013
163 2618134 321 1 5 3080
164 2636128 324 8 5 7
165 2673872 328 4 0 1
166 2673872 328 2 0 3
167 2673872 328 9 0 4
168 2685639 333 3 5 304
169 2703425 337 4 3 98
170 2723227 339 8 5 95
171 2723227 339 3 2 288
172 2753249 340 7 7 2998
173 2758378 342 7 4 33
174 2789848 353 0 7 193
175 2789848 353 0 6 5
176 2818667 364 4 6 40
177 2826037 366 9 5 2928
178 2843402 369 9 7 1
179 2872409 370 2 10 11
180 2872409 370 9 2 1
181 3004774 390 4 3 596
182 3004774 390 3 1 10
183 3118626 395 8 10 31
184 3118626 395 3 5 177
185 3118626 395 2 3 10
186 3118626 395 7 0 440
187 3118626 395 3 7 1
188 3118626 395 10 7 1
189 3118626 395 2 7 1
190 3118626 395 7 1 1
191 3118626 395 9 10 10
192 3248611 409 5 6 1
193 3248611 409 8 4 782
194 3248611 409 10 7 1
195 3248611 409 1 3 7
196 3248611 409 2 5 3188
197 3248611 409 6 8 40
198 3248611 409 8 0 1056
199 3248611 409 8 6 1
200 3281243 413 2 1 168
201 3293752 420 6 10 64
202 3427112 428 4 10 38
203 3427112 428 9 3 3
204 3427112 428 7 3 3
205 3427112 428 1 8 2
206 3427112 428 7 0 1
207 3427112 428 5 2 1
208 3427112 428 2 5 822
209 3487038 430 7 5 16
210 3487038 430 3 2 18
211 3487038 430 0 3 2
212 3487038 430 3 6 190
213 3501762 435 6 0 163
214 3585807 457 0 0 8
215 3585807 457 4 4 1
216 3585807 457 2 10 5
217 3585807 457 7 3 1
218 3585807 457 8 9 13
219 3585807 457 5 4 1
220 3654832 461 1 8 9
221 3658839 463 2 0 60
222 3806414 466 1 10 2
223 3806414 466 8 9 4
224 3806414 466 5 4 217
225 3806414 466 6 5 1
226 3806414 466 5 6 8
227 3806414 466 5 7 1
228 3806414 466 6 0 7
229 3806414 466 7 3 3602
230 3806414 466 9 10 12
231 3842367 467 1 1 2
232 3842367 467 9 1 1
233 3842367 467 6 0 430
234 3854636 469 6 1 4673
235 3872784 472 0 0 7
236 3913509 473 8 8 104
237 3913509 473 4 8 52
238 3913509 473 6 6 5
239 3913509 473 1 7 66
240 3913509 473 10 8 52
241 3913509 473 4 9 2
242 4039620 475 5 7 9
243 4039620 475 7 2 1
244 4039620 475 5 10 25
245 4039620 475 5 1 3
246 4039620 475 8 2 3
247 4039620 475 2 6 1
248 4053211 477 2 4 41
249 4086866 487 5 8 1304
250 4086866 487 5 4 344
251 4102788 489 3 7 5
252 4102788 489 8 8 98
253 4113642 496 10 3 2626
254 4230576 498 7 3 9
255 4230576 498 4 0 10
256 4230576 498 9 3 1
257 4230576 498 1 7 14
258 4230576 498 7 8 514
259 4230576 498 0 8 1028
260 4230576 498 2 1 17
261 4240381 499 7 2 121
262 4317903 507 2 6 3
263 4317903 507 8 3 2
264 4317903 507 4 4 1429
265 4317903 507 8 4 1429
266 4344640 510 7 9 1
267 4344640 510 7 10 87
268 4415869 513 9 10 2
269 4415869 513 3 8 1009
270 4415869 513 7 7 11
271 4416336 514 9 9 87
272 4430513 516 5 3 1
273 4432874 519 10 10 44
274 4435681 522 4 9 174
275 4496022 547 4 3 33039
276 4496022 547 4 7 18
277 4496022 547 4 1 2357
278 4507679 550 4 6 31
279 4524005 551 0 1 26
280 4528274 552 10 0 76
281 4653197 555 3 8 22
282 4653197 555 7 2 876
283 4653197 555 2 4 829
284 4653197 555 6 7 3
285 4653197 555 4 0 3
286 4653197 555 4 4 829
287 4698172 556 8 0 1
288 4698172 556 5 4 4
289 4721280 558 1 7 123
290 4721280 558 1 8 329
291 4721280 558 1 3 9246
292 4763491 566 3 6 39
293 4812217 569 10 7 1
294 4812217 569 6 10 12
295 4812217 569 7 0 26
296 4812217 569 4 5 1
297 4817942 573 10 5 50
298 4861143 576 6 1 1
299 4861143 576 1 4 37
300 4862411 577 0 0 2339
301 4867663 578 6 8 233
302 4890018 582 4 9 88
303 4912018 588 4 5 688
304 4912018 588 4 4 244
305 4920676 591 10 1 1
306 4920676 591 2 1 1
307 4929385 597 0 4 14
308 4970566 602 6 2 848
309 4970566 602 8 10 2547
310 4986833 606 10 6 184
311 5110164 612 7 4 26
312 5110164 612 10 7 2539
313 5110164 612 1 2 897
314 5110164 612 2 4 80
315 5110164 612 10 8 26
316 5110164 612 5 8 8
317 5119253 613 3 8 94
318 5119253 613 3 6 58
319 5119253 613 3 2 20
320 5221376 616 4 10 6839
321 5221376 616 1 0 1483
322 5221376 616 10 9 2
323 5221376 616 1 1 18
324 5221376 616 1 2 1
325 5221376 616 7 7 200
326 5221376 616 5 2 1
327 5221376 616 5 4 3
328 5221376 616 3 5 1227
329 5221376 616 10 8 6
330 5256245 626 2 6 1690
331 5270718 628 1 4 81
332 5270718 628 1 1 107
333 5281675 631 9 6 70
334 5307209 633 5 3 85
335 5312073 634 7 9 19581
336 5312073 634 7 1 38
337 5324894 637 4 10 24
338 5332159 639 2 3 55
339 5396213 644 2 0 8
340 5396213 644 0 2 152
341 5396213 644 4 10 1
342 5400520 647 3 3 1338
343 5409781 660 10 7 16605
344 5416996 661 6 0 13
345 5512887 671 5 9 8
346 5512887 671 1 5 30
347 5512887 671 2 1 476
348 5512887 671 10 10 4
349 5512887 671 2 0 3
350 5538938 678 7 6 409
351 5548918 681 1 5 12
352 5617261 683 9 3 29
353 5617261 683 4 9 123
354 5623318 687 7 2 16
355 5623318 687 10 7 98
356 5637471 689 6 4 636
357 5672494 690 4 2 11
358 5672494 690 4 8 300
359 5847249 695 8 7 8
360 5847249 695 10 7 1
361 5847249 695 8 2 793
362 5847249 695 5 4 1
363 5847249 695 3 8 1
364 5852758 697 2 1 77
365 5883575 698 5 6 48
366 5899895 701 0 9 1
367 5926372 702 3 6 22
368 5926372 702 4 4 649
369 5926372 702 4 9 6
370 5953093 703 2 6 38
371 5963629 709 2 9 9272
372 5975627 710 3 8 105
373 5976554 711 9 10 28
374 5991278 714 2 2 9758
375 6045875 718 5 9 11729
376 6045875 718 0 7 5
377 6045875 718 7 1 13
378 6069720 723 6 3 13
379 6069720 723 6 5 29
380 6069720 723 6 2 3584
381 6069720 723 3 7 32
382 6078832 724 6 8 63
383 6090721 727 10 10 104
384 6095332 730 8 2 34
385 6127121 732 5 6 2
386 6127121 732 6 9 46
387 6158275 735 9 10 136
388 6158275 735 9 9 40
389 6158275 735 6 6 3
390 6251668 741 3 0 544
391 6251668 741 10 2 3
392 6265289 744 5 0 8
393 6342904 751 1 10 51
394 6342904 751 4 7 10
395 6342904 751 7 3 970
396 6342904 751 10 8 1
397 6342904 751 5 0 23
398 6342904 751 6 1 15
399 6342904 751 10 6 950
400 6387940 757 5 5 578
401 6438547 766 2 7 7
402 6438547 766 10 3 1
403 6466238 768 0 7 2
404 6482254 776 6 10 137
405 6504070 782 8 4 1
406 6512804 787 2 4 78
407 6513832 788 10 8 200
408 6518439 791 0 1 26
409 6700820 822 6 10 1
410 6700820 822 5 8 479
411 6700820 822 9 10 1
412 6700820 822 10 8 239
413 6700820 822 8 9 9
414 6700820 822 8 6 4
415 6700820 822 1 4 2
416 6700820 822 3 8 239
417 6799086 823 1 3 13
418 6799086 823 2 0 8
419 6799086 823 2 10 1
420 6799086 823 5 10 1
421 6799086 823 9 5 599
422 6799086 823 5 2 6
423 6847891 830 1 5 5
424 6847891 830 1 1 74
425 6847891 830 8 2 21
426 6870485 833 7 1 62
427 6870485 833 7 5 22
428 6884926 834 1 0 15
429 6884926 834 7 0 177
430 6951841 858 5 2 5
431 6971288 861 3 0 984
432 6971288 861 3 3 2378
433 7047713 864 2 7 1
434 7047713 864 0 10 517
435 7047713 864 3 6 4
436 7047713 864 0 6 8
437 7047713 864 3 8 113
438 7047713 864 9 1 4
439 7056486 870 8 10 22
440 7056486 870 7 3 46
441 7082662 874 2 0 171
442 7094895 880 1 7 27314
443 7101056 882 9 2 223
444 7155306 886 10 4 19
445 7155306 886 1 6 1111
446 7155306 886 9 7 4
447 7167760 889 6 2 173
448 7219027 894 2 4 56
449 7219027 894 10 9 35
450 7219027 894 8 3 6
451 7222656 895 3 9 18
452 7322134 907 4 5 207
453 7355247 913 0 2 19
454 7357661 914 4 3 171
455 7378510 919 6 1 1
456 7395920 924 5 6 11
457 7535600 929 10 1 1
458 7535600 929 9 10 2
459 7535600 929 5 2 8
460 7535600 929 1 6 54
461 7535600 929 6 3 3
462 7535600 929 8 7 6
463 7535600 929 6 2 42
464 7607970 930 7 1 14
465 7607970 930 4 6 79
466 7607970 930 5 1 43
467 7607970 930 0 7 10
468 7607970 930 6 4 15609
469 7673326 931 3 5 4188
470 7673326 931 1 1 10
471 7673326 931 8 6 8
472 7673326 931 10 2 1607
473 7673326 931 2 4 909
474 7673326 931 3 3 124
475 7716573 932 10 6 4
476 7716573 932 2 3 3
477 7716573 932 8 3 9
478 7716573 932 1 1 779
479 7716573 932 7 10 23
480 7716573 932 9 2 902
481 7717639 933 9 6 7857
482 7858979 941 3 2 2
483 7858979 941 1 1 1248
484 7863779 946 8 9 37
485 7877996 949 10 4 3132
486 7892834 953 1 3 14
487 7894109 955 9 4 12686
488 7915344 959 10 10 18
489 8013149 967 0 8 44
490 8013149 967 5 10 13
491 8013149 967 7 4 14
492 8038865 972 10 9 152
493 8060874 973 2 3 1
494 8065761 976 3 10 11971
495 8067264 977 7 2 1705
496 8079216 980 2 10 102
497 8089814 989 8 5 56
498 8103636 993 4 4 210
499 8128876 997 0 3 22
