11 241 500
0 60259 0 1 1 3
1 229985 3 9 8 18952
2 229985 3 5 6 284
3 266207 4 5 8 14
4 304356 8 10 0 624
5 420395 9 4 3 74
6 590162 13 1 8 1
7 590162 13 10 4 340
8 772087 17 3 5 16
9 772087 17 6 5 184
10 805574 18 1 4 20
11 805574 18 1 7 209
12 828152 20 4 8 333
13 906279 21 4 5 18
14 978614 27 7 0 130
15 1066704 29 10 4 20
16 1095667 31 1 6 46
17 1113884 35 7 10 74
18 1205327 38 8 5 55
19 1205327 38 8 8 11723
20 1272999 41 10 4 238
21 1359708 50 2 10 3160
22 1720383 51 9 10 1
23 1720383 51 9 1 15
24 1720383 51 5 4 15
25 1720383 51 0 3 107
26 1730435 54 9 10 4501
27 1941231 59 1 6 19
28 2043927 66 0 6 59
29 2059605 68 10 4 23
30 2178766 72 6 1 5
31 2178766 72 6 10 83
32 2406543 75 10 9 1
33 2406543 75 10 4 3
34 2406543 75 1 6 163
35 2406543 75 2 9 1
36 2406543 75 8 7 3
37 2406543 75 9 9 33
38 2406543 75 9 7 1
39 2454922 79 10 3 38
40 2766893 84 7 8 1
41 2766893 84 3 8 1
42 2766893 84 6 0 15
43 2766893 84 4 4 5
44 2766893 84 7 6 1
45 2766893 84 10 9 1
46 2874847 91 8 2 550
47 2921290 94 9 5 756
48 2936442 96 0 5 44
49 3148288 99 7 1 40
50 3148288 99 9 6 70
51 3148288 99 7 4 28
52 3434582 102 1 3 5
53 3484574 104 4 4 19491
54 3624880 108 6 5 8
55 3624880 108 2 5 16
56 3624880 108 3 10 3
57 3643128 111 4 0 2184
58 3652980 112 3 1 5
59 3730696 117 0 0 125
60 3821079 126 0 0 119
61 3893558 127 0 2 9547
62 3940061 132 6 0 21
63 4039975 136 1 9 1
64 4039975 136 8 7 14
65 4039975 136 1 8 15
66 4039975 136 8 3 215
67 4270483 137 10 10 222
68 4270483 137 5 8 4
69 4293704 139 10 1 50
70 4716379 154 4 0 4
71 4716379 154 3 3 28
72 4716379 154 4 5 69
73 4716379 154 2 7 642
74 4716379 154 9 8 21
75 4716379 154 7 7 642
76 5011463 160 7 0 11
77 5011463 160 6 3 2
78 5011463 160 2 8 613
79 5011463 160 4 3 2
80 5011463 160 7 6 19
81 5111686 162 3 4 15
82 5111686 162 6 0 1899
83 5158878 165 3 3 93
84 5158878 165 9 5 110
85 5387791 177 0 5 42
86 5387791 177 3 2 1
87 5387791 177 3 10 393
88 5387791 177 3 8 268
89 5392254 178 7 0 104
90 5392254 178 9 0 104
91 5482795 190 8 10 8155
92 5482795 190 10 0 36
93 5521551 192 3 9 1320
94 5748914 198 3 6 1002
95 5748914 198 10 6 111
96 5748914 198 6 4 2
97 5748914 198 8 4 2
98 5773455 202 3 0 194
99 5773455 202 3 5 21864
100 5835603 203 8 2 64
101 5953770 210 0 3 1
102 5953770 210 10 3 1
103 6019300 222 7 7 112
104 6019300 222 0 7 28
105 6044744 224 3 5 91
106 6171498 229 6 1 1
107 6171498 229 2 4 52
108 6171498 229 0 0 10
109 6317554 232 10 5 1
110 6541950 233 5 7 1
111 6541950 233 2 7 1
112 6541950 233 7 7 85
113 6541950 233 6 7 1
114 6541950 233 1 2 4
115 6651505 237 4 6 47
116 6692941 239 0 1 9
117 6944440 241 6 0 9
118 6944440 241 3 0 9
119 6944440 241 4 0 9
120 6944440 241 7 2 3905
121 6944440 241 1 2 1952
122 6944440 241 7 5 5047
123 6944440 241 3 7 55
124 6969888 245 10 8 40
125 7135392 259 5 7 25
126 7413068 262 9 9 15
127 7413068 262 8 1 30
128 7454899 265 1 3 69
129 7476652 268 9 0 17
130 7507620 269 4 6 99
131 7514201 270 8 3 19537
132 7642178 285 4 3 17
133 8080084 287 4 6 24
134 8080084 287 0 4 1
135 8080084 287 7 2 3
136 8080084 287 8 0 13
137 8080084 287 7 3 17
138 8080084 287 7 1 47
139 8080084 287 10 1 3
140 8080084 287 3 7 807
141 8243337 291 6 0 3
142 8243337 291 9 5 25
143 8243337 291 1 8 35
144 8392985 292 5 8 218
145 8496093 298 1 4 9674
146 8496093 298 1 7 60
147 8518518 302 2 8 113
148 8682688 303 2 7 1
149 8785709 304 2 9 58
150 8785709 304 3 3 9291
151 8849494 308 6 7 58523
152 8850903 309 3 0 37
153 9141812 317 9 10 55
154 9141812 317 10 8 83
155 9141812 317 5 2 565
156 9141812 317 2 9 16
157 9141812 317 6 4 10
158 9161724 320 5 0 8093
159 9358552 328 3 3 1
160 9358552 328 8 3 2
161 9358552 328 2 0 3
162 9358552 328 0 0 1
163 9461988 337 4 7 86
164 9531294 339 5 5 951
165 9531294 339 1 5 856
166 9531294 339 6 3 215
167 9531294 339 8 3 215
168 9531294 339 4 7 15
169 9636372 340 3 2 3
170 9636372 340 2 4 1
171 9891131 366 7 9 52
172 9951910 369 3 8 28
173 10053432 370 4 2 1
174 10053432 370 8 3 10
175 10053432 370 1 10 35
176 10155053 380 10 4 157
177 10188192 386 0 3 488
178 10516710 390 3 1 10
179 10516710 390 8 7 38
180 10516710 390 5 3 2686
181 10516710 390 3 10 26
182 10516710 390 5 0 14
183 10516710 390 9 1 110
184 10516710 390 1 6 229
185 10603884 392 1 4 854
186 10603884 392 0 5 3851
187 10915192 395 3 0 440
188 10915192 395 0 7 1
189 10915192 395 7 8 33
190 10915192 395 5 0 2203
191 10971954 401 10 3 1192
192 11076673 402 9 8 34
193 11076673 402 2 1 907
194 11160814 408 2 8 119
195 11370141 409 1 1 1084
196 11370141 409 8 9 15
197 11370141 409 6 0 528
198 11370141 409 10 1 542
199 11370141 409 1 9 30
200 11370141 409 2 10 15
201 11379944 410 6 3 1
202 11508449 419 10 1 7
203 11528135 420 7 8 9
204 11620833 424 7 9 6021
205 11994892 428 5 7 1
206 11994892 428 6 2 1
207 11994892 428 0 9 1
208 11994892 428 5 0 1
209 11994892 428 10 7 1
210 11994892 428 10 3 14
211 11994892 428 8 10 8
212 11994892 428 0 1 668
213 11994892 428 4 4 4
214 12204633 430 5 8 4
215 12204633 430 5 4 3
216 12204633 430 0 1 1051
217 12204633 430 0 3 2
218 12204633 430 1 3 4
219 12204633 430 8 8 1
220 12215901 431 6 0 184
221 12220301 433 7 4 12730
222 12256168 435 7 1 108
223 12265031 437 8 1 4733
224 12283357 440 6 10 20
225 12305120 443 6 1 15
226 12331103 445 8 0 52
227 12350519 450 9 4 2471
228 12550326 457 10 7 10
229 12550326 457 7 9 27
230 12791915 461 4 6 122
231 12791915 461 2 8 9
232 12791915 461 1 2 11
233 12791915 461 10 4 5
234 13322449 466 3 8 1
235 13322449 466 1 5 2
236 13322449 466 8 4 217
237 13322449 466 7 4 652
238 13322449 466 2 10 2
239 13322449 466 10 4 217
240 13322449 466 2 9 28
241 13322449 466 1 6 4
242 13322449 466 1 8 1
243 13448287 467 9 0 3875
244 13482828 468 7 3 165
245 13482828 468 7 10 33231
246 13554746 472 7 0 7
247 13697281 473 0 3 14
248 13697281 473 0 2 7
249 13697281 473 6 9 2
250 14138670 475 1 7 9
251 14138670 475 4 6 6
252 14138670 475 1 0 6
253 14138670 475 7 4 1
254 14138670 475 0 0 2
255 14138670 475 2 0 1
256 14138670 475 5 8 2
257 14250321 483 2 10 40
258 14365405 490 10 2 27
259 14807019 498 3 4 50
260 14807019 498 2 9 1
261 14807019 498 7 8 514
262 14807019 498 5 5 702
263 14877532 505 0 7 64
264 15112661 507 0 0 12
265 15206240 510 7 7 2681
266 15206240 510 7 3 4
267 15455542 513 3 6 80
268 15455542 513 0 0 5
269 15455542 513 7 1 58
270 15455542 513 1 4 300
271 15457179 514 9 9 87
272 15517023 520 0 2 1008
273 15619231 535 10 7 6
274 15696252 542 1 4 16
275 15696252 542 1 9 38
276 15736080 547 4 3 33039
277 15776877 550 7 6 6
278 15834018 551 1 9 9759
279 16286192 555 7 10 4
280 16286192 555 4 10 197
281 16286192 555 9 5 1
282 16286192 555 10 7 7
283 16286192 555 7 1 95
284 16286192 555 6 10 1
285 16286192 555 2 6 94
286 16443602 556 3 3 23
287 16479701 557 3 9 238
288 16530595 559 1 0 608
289 16637708 563 10 2 11
290 16842760 569 8 7 1
291 16842760 569 10 3 1
292 16842760 569 3 7 8
293 16842760 569 8 2 26
294 16842760 569 0 6 5
295 16867934 574 8 5 178
296 17014002 576 0 4 74
297 17037818 579 3 0 57
298 17041102 580 3 8 25
299 17048410 581 6 9 62
300 17115063 582 4 9 88
301 17115063 582 4 8 66
302 17153733 583 6 0 11861
303 17248077 595 2 9 194
304 17396983 602 6 5 30
305 17400077 603 2 10 133
306 17453915 606 10 10 996
307 17885576 612 5 0 214
308 17885576 612 7 10 5
309 17885576 612 3 4 26
310 17885576 612 10 3 19
311 17885576 612 7 6 4
312 17885576 612 7 0 71
313 17917386 613 3 8 94
314 17924630 615 2 7 39103
315 18274816 616 1 4 1
316 18274816 616 1 3 20
317 18274816 616 4 5 1227
318 18274816 616 8 5 11051
319 18274816 616 3 1 1
320 18274816 616 0 8 1
321 18274816 616 6 6 108
322 18274816 616 4 4 78
323 18306040 620 10 8 40
324 18346639 624 0 5 2839
325 18346639 624 9 5 2839
326 18349701 625 4 0 34
327 18485863 631 9 6 70
328 18592255 634 7 0 1249
329 18637131 637 10 10 8
330 18670327 643 1 4 19
331 18886748 644 1 8 1817
332 18886748 644 10 4 647
333 18886748 644 4 3 21
334 18886748 644 8 10 22
335 18886748 644 9 1 6
336 18886748 644 6 8 1817
337 18904224 649 4 1 3092
338 18994006 668 5 7 18
339 18994006 668 5 4 33132
340 18994006 668 5 2 183
341 18994006 668 5 3 3071
342 19295107 671 9 6 8
343 19295107 671 2 1 476
344 19355208 675 2 8 300
345 19355208 675 2 1 64
346 19355208 675 2 6 44
347 19660415 683 10 9 30
348 19660415 683 10 6 135
349 19681613 687 2 8 23
350 19853732 690 0 8 150
351 19853732 690 8 6 14
352 19853732 690 0 2 81
353 19858958 691 10 2 74
354 19958651 692 10 0 2
355 20465371 695 3 6 1
356 20465371 695 6 5 49
357 20465371 695 1 4 1
358 20465371 695 1 7 1
359 20465371 695 10 3 35
360 20465371 695 0 3 8
361 20465371 695 9 10 1
362 20465371 695 8 10 1
363 20742302 702 0 9 6
364 20742302 702 4 3 13
365 20742302 702 0 6 22
366 20742302 702 3 4 649
367 20742302 702 0 2 28
368 20742302 702 0 8 88
369 20835827 703 2 0 74
370 20835827 703 9 7 548
371 20840257 704 5 6 1995
372 20851414 706 5 7 40
373 20853180 707 6 1 13
374 21160564 718 5 0 1
375 21160564 718 1 3 15
376 21160564 718 7 5 3430
377 21160564 718 8 1 39
378 21160564 718 2 10 21
379 21317523 727 6 5 7
380 21323837 729 1 6 6073
381 21444926 732 7 5 26
382 21444926 732 0 1 103
383 21444926 732 4 3 39
384 21447634 734 2 0 38
385 21553962 735 9 7 1348
386 21553962 735 6 8 280
387 21553962 735 9 3 20
388 21553962 735 6 0 70
389 21630557 739 10 0 372
390 21880840 741 4 10 8
391 21880840 741 2 8 6
392 21880840 741 4 8 1
393 21880840 741 0 5 147
394 21928514 744 7 0 8
395 22200166 751 4 8 5
396 22200166 751 5 0 23
397 22301324 756 7 0 152
398 22534914 766 8 5 13
399 22534914 766 1 6 172
400 22631833 768 8 5 373
401 22631833 768 8 6 2
402 22631833 768 8 1 41
403 22749087 780 3 1 117
404 22749087 780 2 1 117
405 22824990 796 0 10 90
406 22862782 798 4 7 28
407 22862856 799 2 10 54
408 22878190 802 4 5 18
409 22912873 804 4 8 8560
410 22912873 804 4 6 21
411 23452871 822 0 5 26
412 23452871 822 3 0 7
413 23452871 822 4 4 28
414 23452871 822 3 10 9
415 23452871 822 2 9 1
416 23796803 823 2 1 969
417 23796803 823 2 2 12
418 23796803 823 9 0 8
419 23796803 823 8 5 1198
420 23796803 823 9 7 751
421 23796803 823 10 1 969
422 23905806 825 4 5 112
423 24046699 833 7 9 12629
424 24097242 834 8 4 9
425 24244303 846 5 2 142
426 24244303 846 5 1 9
427 24244303 846 5 8 80
428 24244303 846 5 5 11850
429 24263631 852 3 9 48
430 24324967 857 9 10 21849
431 24433843 863 2 7 8
432 24666998 864 7 0 3618
433 24666998 864 1 4 5
434 24666998 864 6 7 2
435 24729365 871 10 9 7
436 24729365 871 5 8 758
437 24744737 872 2 6 11
438 24852407 881 6 2 1685
439 24852407 881 5 2 2247
440 24859831 885 10 5 37
441 25043572 886 6 5 25
442 25043572 886 10 0 29
443 25043572 886 2 2 1476
444 25043572 886 0 1 11
445 25087160 889 9 2 34
446 25266595 894 10 9 35
447 25266595 894 2 5 30
448 25375963 896 3 0 1968
449 25389323 897 0 6 1763
450 25427975 899 6 0 1733
451 25514117 904 5 6 59
452 25541673 905 0 8 95
453 25774937 916 7 3 49
454 25787966 917 9 9 199
455 25790104 918 0 1 124
456 25824786 919 5 1 1
457 25885722 924 6 6 3
458 25886986 925 8 0 184
459 26374600 929 6 7 4
460 26374600 929 8 8 9
461 26374600 929 8 6 272
462 26374600 929 1 5 227
463 26374600 929 1 6 54
464 26374600 929 7 8 14
465 26374600 929 9 1 2
466 26627895 930 8 7 10
467 26627895 930 8 3 15
468 26627895 930 9 0 9968
469 26627895 930 5 1 43
470 26627895 930 7 2 7
471 26856642 931 1 6 8
472 26856642 931 3 4 2727
473 26856642 931 2 6 8
474 27008006 932 5 8 6
475 27008006 932 10 2 1805
476 27008006 932 0 6 9
477 27008006 932 6 3 3
478 27008006 932 4 1 2337
479 27023473 934 8 7 122
480 27044326 937 4 6 76
481 27100817 940 0 10 1313
482 27100817 940 0 8 217
483 27506426 941 5 10 18
484 27506426 941 2 10 18
485 27506426 941 7 9 1305
486 27506426 941 2 2 5
487 27523228 946 7 9 37
488 27610863 950 9 8 7
489 27703706 959 10 0 127
490 28046022 967 5 2 15
491 28046022 967 5 9 2
492 28046022 967 0 5 43
493 28046022 967 1 8 44
494 28099164 971 0 8 30
495 28213059 973 2 6 19
496 28262496 979 6 8 3805
497 28314350 989 8 5 56
498 28425459 994 4 4 38
499 28425459 994 9 1 1
