11 227 500
0 60259 0 1 7 23
1 61345 1 9 1 33309
2 420395 9 4 4 2
3 420395 9 4 9 7
4 420395 9 4 10 25
5 420395 9 4 2 98
6 446073 10 4 1 8702
7 590162 13 5 4 340
8 590162 13 6 2 70
9 610215 16 1 4 7
10 772087 17 5 8 30
11 772087 17 5 7 2
12 772087 17 1 7 17
13 772087 17 0 8 1
14 805574 18 1 0 61
15 805574 18 1 4 20
16 805574 18 1 3 19564
17 906279 21 3 10 68
18 978614 27 0 0 1040
19 1066704 29 2 4 83
20 1066704 29 2 9 94
21 1066704 29 2 6 2425
22 1272999 41 10 8 44
23 1272999 41 10 5 3030
24 1272999 41 10 0 90
25 1308109 45 6 6 1063
26 1720383 51 10 3 15
27 1720383 51 5 6 1
28 1720383 51 2 4 15
29 1720383 51 10 1 30
30 1720383 51 9 6 5
31 1941231 59 1 1 67
32 1941231 59 8 5 14
33 1941231 59 8 3 10
34 1941231 59 5 6 19
35 1941231 59 2 10 3
36 1941231 59 8 7 6
37 1977224 61 10 2 24
38 2043927 66 0 0 2
39 2187366 74 10 7 17
40 2406543 75 4 1 1183
41 2406543 75 0 5 115
42 2406543 75 5 10 3
43 2406543 75 5 1 5916
44 2443600 78 6 1 47
45 2766893 84 7 6 1
46 2766893 84 10 9 1
47 2766893 84 7 3 4
48 2766893 84 3 6 1
49 2921290 94 8 5 756
50 3148288 99 7 1 40
51 3148288 99 9 5 5
52 3148288 99 7 0 1829
53 3148288 99 9 7 12
54 3148288 99 0 6 10
55 3148288 99 0 4 28
56 3434582 102 5 5 14
57 3434582 102 4 7 1
58 3461933 103 8 5 6
59 3484574 104 4 4 19491
60 3484574 104 4 2 54
61 3624880 108 0 0 226
62 3627003 109 6 0 101
63 3642359 110 3 9 116
64 3695097 116 2 3 15961
65 3730696 117 0 0 125
66 3730696 117 0 10 1361
67 3772694 118 4 2 2
68 3782250 121 4 1 48
69 3967829 134 1 9 76
70 3967829 134 6 3 3
71 4039975 136 8 6 21
72 4270483 137 9 1 12
73 4270483 137 0 10 222
74 4270483 137 0 8 14
75 4270483 137 10 10 222
76 4270483 137 6 7 198
77 4270483 137 10 4 896
78 4340995 143 0 0 349
79 4340995 143 0 9 7
80 4349444 145 5 4 231
81 4402529 146 8 8 999
82 4402529 146 6 3 72
83 4419279 148 2 10 21
84 4453768 150 2 7 5692
85 4489444 153 8 9 37
86 4716379 154 3 8 261
87 4716379 154 6 6 690
88 5011463 160 4 7 1
89 5011463 160 1 7 1
90 5011463 160 5 6 2
91 5111686 162 2 10 75
92 5111686 162 8 10 5
93 5111686 162 6 10 5
94 5111686 162 8 0 1899
95 5111686 162 0 1 1445
96 5121919 164 6 8 11399
97 5215322 170 3 9 3937
98 5288710 174 7 2 9
99 5387791 177 0 3 10858
100 5387791 177 3 3 2171
101 5387791 177 3 7 17
102 5405966 182 5 6 2663
103 5456921 187 9 9 71
104 5521551 192 3 4 9
105 5748914 198 7 4 2
106 5868722 208 10 7 217
107 5891073 209 8 5 39
108 5995731 217 9 5 39
109 6063546 226 3 9 222
110 6064885 227 5 7 1033
111 6171498 229 2 10 5
112 6171498 229 6 7 9
113 6541950 233 7 10 160
114 6541950 233 6 1 4
115 6541950 233 4 2 8
116 6541950 233 2 8 5
117 6944440 241 7 6 1
118 6944440 241 4 8 1
119 6944440 241 4 1 6
120 6944440 241 1 10 1014
121 6959041 244 2 1 1
122 7135392 259 1 0 14
123 7135392 259 5 3 1246
124 7136826 261 2 6 94
125 7413068 262 2 9 15
126 7413068 262 3 7 1
127 7413068 262 9 0 19
128 7447796 263 10 10 1524
129 7447796 263 8 10 3048
130 7507620 269 4 2 8281
131 7537296 271 7 7 34
132 7602465 282 8 2 74
133 7642178 285 4 9 314
134 7642178 285 4 3 17
135 8080084 287 2 5 6
136 8080084 287 4 1 3
137 8080084 287 10 10 61
138 8080084 287 1 2 3
139 8080084 287 2 2 3
140 8080084 287 1 5 2
141 8080084 287 6 2 3
142 8080084 287 0 5 17
143 8080084 287 10 0 1
144 8243337 291 7 0 3
145 8243337 291 9 1 256
146 8243337 291 10 6 1228
147 8243337 291 1 0 1
148 8243337 291 1 9 1096
149 8243337 291 10 0 1
150 8243337 291 4 9 182
151 8392985 292 10 6 39
152 8416609 295 5 4 1
153 8424782 296 4 7 61
154 8496093 298 9 0 21
155 8496093 298 1 0 21
156 8496093 298 9 9 5
157 8513325 301 2 5 59
158 8682688 303 8 0 1
159 8682688 303 1 1 75
160 8682688 303 0 9 3069
161 8785709 304 2 9 58
162 8785709 304 2 3 929
163 8785709 304 2 0 206
164 8815134 307 5 4 3332
165 8815134 307 4 4 476
166 8849494 308 6 4 147
167 8900041 312 6 10 391
168 8905756 315 2 10 1706
169 9141812 317 9 1 14
170 9141812 317 10 4 10
171 9141812 317 8 5 964
172 9141812 317 3 1 14
173 9141812 317 6 9 10
174 9150051 318 2 7 11
175 9403485 334 6 9 105
176 9428293 335 1 3 1
177 9428293 335 1 8 44
178 9428293 335 1 5 7886
179 9461988 337 4 6 86
180 9461988 337 4 0 12758
181 9531294 339 8 3 215
182 9636372 340 2 3 126
183 9636372 340 8 7 2998
184 9636372 340 0 0 20
185 9698623 347 8 9 74
186 9764468 353 0 2 34
187 9793831 358 0 4 7138
188 9903303 368 0 7 1327
189 10072057 374 7 10 23
190 10272187 388 7 1 98
191 10272187 388 7 9 4765
192 10516710 390 7 0 14
193 10516710 390 4 9 174
194 10516710 390 0 10 1
195 10603884 392 10 2 117
196 10603884 392 0 5 3851
197 10915192 395 8 3 10
198 10915192 395 7 3 10
199 10915192 395 7 5 177
200 10915192 395 5 7 3
201 10936612 396 9 1 405
202 10936612 396 8 1 405
203 11370141 409 10 9 30
204 11370141 409 6 5 797
205 11370141 409 5 10 10
206 11528135 420 5 1 59
207 11577393 423 3 1 4754
208 11620833 424 7 2 215
209 11994892 428 8 9 1
210 11994892 428 10 10 4
211 11994892 428 9 4 1
212 11994892 428 1 10 12
213 12204633 430 9 10 15
214 12204633 430 4 6 190
215 12204633 430 8 6 190
216 12204633 430 0 1 1051
217 12204633 430 10 0 9
218 12256168 435 2 6 24
219 12550326 457 5 9 13
220 12550326 457 2 4 1
221 12791915 461 9 7 1
222 12791915 461 0 8 9
223 12814174 465 0 0 7
224 13322449 466 8 1 5
225 13448287 467 4 3 45
226 13697281 473 6 9 2
227 13697281 473 6 8 52
228 14138670 475 2 0 1
229 14138670 475 3 8 2
230 14138670 475 1 10 5
231 14138670 475 9 8 2
232 14138670 475 6 7 85
233 14138670 475 4 5 5
234 14138670 475 4 10 5
235 14138670 475 7 2 1
236 14138670 475 9 0 1
237 14219828 479 3 9 2
238 14304033 487 5 7 808
239 14359759 489 3 8 69
240 14372829 491 10 10 39
241 14391761 494 7 2 10
242 14807019 498 2 2 23
243 14807019 498 0 5 1579
244 14807019 498 3 3 1
245 14807019 498 2 5 526
246 14807019 498 4 2 4
247 14841335 499 7 3 51
248 14841335 499 7 7 71
249 14841335 499 7 1 3309
250 14841335 499 7 6 4848
251 15112661 507 4 3 2
252 15112661 507 6 3 7
253 15112661 507 0 2 17
254 15112661 507 6 4 2858
255 15455542 513 3 2 6
256 15455542 513 8 1 5
257 15455542 513 6 10 6
258 15584174 534 3 4 114
259 15696252 542 1 3 210
260 16286192 555 2 10 32
261 16286192 555 0 0 1
262 16286192 555 3 3 202
263 16286192 555 2 5 1
264 16286192 555 9 8 7
265 16286192 555 10 1 95
266 16286192 555 6 5 1
267 16286192 555 8 3 1620
268 16286192 555 7 8 102
269 16286192 555 3 8 22
270 16286192 555 6 8 7
271 16286192 555 3 4 829
272 16443602 556 9 5 3164
273 16443602 556 8 10 335
274 16443602 556 0 8 655
275 16524483 558 1 8 329
276 16842760 569 10 3 1
277 16842760 569 7 2 26
278 16842760 569 1 6 1
279 16842760 569 2 9 2
280 16846945 572 8 0 9018
281 17014002 576 0 6 27
282 17014002 576 1 1 1
283 17014002 576 10 10 989
284 17018439 577 8 0 1169
285 17036821 578 7 8 467
286 17153733 583 6 1 2272
287 17222367 591 9 1 1
288 17252848 597 3 4 14
289 17252848 597 7 4 43
290 17255784 598 4 6 39008
291 17396983 602 8 7 111
292 17396983 602 6 2 848
293 17455537 607 10 9 5247
294 17507196 611 2 2 8
295 17885576 612 10 4 133
296 17885576 612 6 2 448
297 17885576 612 3 10 5
298 17885576 612 4 2 448
299 17885576 612 9 6 3
300 17885576 612 6 0 71
301 17885576 612 3 8 8
302 17885576 612 4 10 5
303 17885576 612 4 3 1
304 17917386 613 3 3 19596
305 17917386 613 3 1 10
306 17918324 614 6 5 252
307 18274816 616 2 1 1
308 18274816 616 1 5 1227
309 18274816 616 3 5 1227
310 18274816 616 3 3 62
311 18274816 616 8 6 36
312 18274816 616 4 2 11
313 18274816 616 6 5 1227
314 18274816 616 2 0 1483
315 18274816 616 5 8 1
316 18274816 616 7 1 1
317 18274816 616 1 9 5
318 18336475 621 10 8 18
319 18346639 624 4 5 2839
320 18346639 624 3 5 14198
321 18346639 624 2 5 2839
322 18349701 625 2 0 34
323 18396860 626 2 4 100
324 18396860 626 2 1 8
325 18406759 627 1 4 258
326 18485863 631 7 6 351
327 18575231 633 5 10 15
328 18592255 634 7 0 1249
329 18886748 644 4 0 8
330 18886748 644 2 0 8
331 18886748 644 6 7 370
332 18886748 644 0 2 152
333 18886748 644 3 7 648
334 18886748 644 1 10 1
335 18974398 667 2 7 77
336 19295107 671 10 5 30
337 19302042 672 8 2 85
338 19310695 674 4 2 83
339 19660415 683 9 7 548
340 19660415 683 10 7 1097
341 19660415 683 6 4 638
342 19660415 683 9 8 35
343 19660415 683 1 10 32
344 19853732 690 0 8 150
345 19853732 690 8 6 14
346 19853732 690 0 5 4
347 19958651 692 2 5 10
348 19992548 693 8 4 80
349 19992548 693 8 5 224
350 19992548 693 8 9 102
351 20465371 695 0 6 38
352 20465371 695 9 9 214
353 20465371 695 7 2 793
354 20465371 695 6 7 1
355 20465371 695 2 2 793
356 20465371 695 0 5 14
357 20465371 695 4 1 41
358 20465371 695 0 9 2791
359 20465371 695 4 0 21
360 20592512 698 5 4 89
361 20592512 698 5 10 32
362 20592512 698 10 6 20
363 20592512 698 5 9 66
364 20592512 698 5 5 6
365 20649635 701 8 9 1
366 20742302 702 4 9 6
367 20835827 703 2 0 74
368 20835827 703 2 8 52
369 20872702 709 2 9 9272
370 20914697 710 3 5 9637
371 21160564 718 8 10 2
372 21553962 735 6 5 36
373 21553962 735 6 1 62
374 21553962 735 9 9 40
375 21630557 739 10 8 67
376 21630557 739 10 1 78
377 21880840 741 10 2 3
378 21880840 741 7 4 33
379 21880840 741 6 7 14
380 21880840 741 4 9 14
381 21980104 749 4 9 1
382 22200166 751 5 1 15
383 22200166 751 0 9 15
384 22200166 751 5 3 727
385 22200166 751 1 6 167
386 22200166 751 6 3 242
387 22200166 751 2 9 31
388 22357792 757 8 1 38
389 22534914 766 10 6 14
390 22534914 766 4 3 1
391 22534914 766 6 10 15
392 22534914 766 6 7 3
393 22631833 768 8 9 704
394 22631833 768 0 10 47
395 22631833 768 0 9 352
396 22631833 768 8 0 103
397 22694430 777 1 6 75
398 22720441 778 2 9 7
399 22720441 778 9 9 21
400 22724277 779 2 1 1518
401 22749087 780 3 5 4
402 22767864 784 4 10 191
403 22815171 792 0 8 118
404 22862782 798 4 8 632
405 22929156 806 5 0 104
406 22952809 813 10 8 83
407 23452871 822 3 4 1
408 23452871 822 4 8 239
409 23452871 822 8 4 1
410 23452871 822 4 0 3
411 23452871 822 5 6 4
412 23452871 822 0 8 1679
413 23452871 822 2 3 5
414 23452871 822 9 7 138
415 23452871 822 2 10 1
416 23452871 822 9 0 4
417 23452871 822 5 4 1
418 23796803 823 9 5 599
419 23796803 823 10 1 969
420 23796803 823 8 3 9
421 23796803 823 3 6 282
422 23796803 823 10 0 8
423 23796803 823 9 6 1414
424 23906637 826 9 8 28
425 23967621 830 1 1 74
426 24046699 833 7 10 8
427 24097242 834 2 0 15
428 24097242 834 9 4 61
429 24177611 842 1 9 9530
430 24244303 846 5 10 165
431 24252203 850 9 6 662
432 24274347 854 6 10 67
433 24277491 855 2 0 234
434 24666998 864 6 7 2
435 24666998 864 9 5 15
436 24666998 864 8 4 5
437 24697703 870 7 3 46
438 24697703 870 2 3 6
439 24789318 874 2 6 213
440 24789318 874 2 4 61
441 24852407 881 5 2 2247
442 24852407 881 0 2 561
443 25043572 886 2 7 4
444 25043572 886 3 6 8888
445 25043572 886 8 9 751
446 25077363 888 10 5 109
447 25077363 888 10 8 196
448 25087160 889 9 2 34
449 25266595 894 5 1 19
450 25266595 894 6 2 5
451 25375963 896 8 9 10
452 25375963 896 9 9 30
453 25457654 901 3 2 517
454 25664519 909 9 1 6168
455 25701846 911 10 0 682
456 25760768 915 5 10 65
457 25836931 921 8 1 88
458 25836931 921 3 9 79
459 25847870 923 10 7 1223
460 25942817 927 7 0 85
461 26374600 929 5 3 3
462 26374600 929 2 3 13
463 26374600 929 9 2 12
464 26374600 929 1 3 6
465 26374600 929 6 10 1
466 26374600 929 3 9 4
467 26374600 929 3 7 2
468 26374600 929 0 9 8
469 26374600 929 10 8 4
470 26374600 929 10 6 54
471 26627895 930 8 7 10
472 27023473 934 3 7 45
473 27100817 940 0 7 99809
474 27506426 941 3 7 2
475 27506426 941 4 7 1
476 27506426 941 1 2 2
477 27506426 941 10 5 13
478 27506426 941 7 9 1305
479 27506426 941 8 4 11
480 27506426 941 10 8 1
481 27506426 941 4 1 192
482 27506426 941 4 2 10
483 27512442 943 6 0 1
484 27610863 950 9 8 7
485 28046022 967 5 4 14
486 28046022 967 6 10 27
487 28046022 967 5 3 4
488 28046022 967 1 1 369
489 28046022 967 7 1 1476
490 28046022 967 0 7 243
491 28046022 967 7 4 14
492 28099164 971 10 8 30
493 28136027 972 10 9 152
494 28213059 973 2 0 8
495 28213059 973 0 1 24
496 28213059 973 2 1 4
497 28217098 974 2 10 4704
498 28362726 993 4 2 94
499 28425459 994 0 5 16
