11 239 500
0 91994 3 5 2 11041
1 91994 3 5 3 126
2 168158 9 1 10 7
3 236064 13 5 4 340
4 236064 13 10 1 1591
5 236064 13 6 4 340
6 236064 13 6 10 99
7 308835 17 10 7 2
8 322229 18 1 8 1476
9 362511 21 3 3 9711
10 362511 21 3 0 51960
11 369854 23 10 10 4218
12 370094 24 7 4 6073
13 482130 38 2 5 55
14 520972 44 1 8 59
15 523243 45 5 6 2127
16 543883 50 7 0 44
17 543883 50 1 3 14
18 543883 50 2 3 14
19 688153 51 5 0 10
20 688153 51 8 3 15
21 688153 51 10 1 30
22 688153 51 2 6 1
23 776492 59 2 4 8
24 776492 59 5 3 63
25 817570 66 0 2 233
26 871506 72 6 7 60
27 962617 75 4 1 1183
28 962617 75 0 1 591
29 962617 75 8 8 1
30 962617 75 1 7 1
31 962617 75 9 9 33
32 974418 77 6 4 52
33 1106757 84 3 6 1
34 1106757 84 10 8 6
35 1106757 84 2 10 6
36 1106757 84 4 9 6
37 1136677 89 7 5 6
38 1149939 91 0 2 550
39 1149939 91 4 2 550
40 1150190 92 9 0 133
41 1259315 99 9 1 40
42 1259315 99 0 9 42
43 1259315 99 7 7 12
44 1373832 102 6 8 14609
45 1373832 102 0 8 14609
46 1373832 102 1 7 2
47 1393829 104 4 6 5599
48 1393829 104 4 8 216
49 1393829 104 4 2 54
50 1449952 108 4 0 226
51 1456943 110 3 8 100
52 1461192 112 9 1 2
53 1465189 115 10 6 95
54 1478038 116 2 4 113
55 1478038 116 2 0 61
56 1478038 116 2 7 208
57 1509077 118 4 2 2
58 1517430 123 10 10 32
59 1557423 127 0 0 130
60 1587131 134 0 3 7
61 1615990 136 8 10 32
62 1708193 137 4 10 222
63 1708193 137 6 6 2
64 1708193 137 6 8 39
65 1708193 137 9 8 4
66 1708193 137 7 3 9
67 1717510 140 7 4 142
68 1736398 143 0 10 7810
69 1736398 143 0 4 78
70 1761011 146 8 4 11
71 1795777 153 4 9 185
72 1886551 154 3 4 10
73 1886551 154 5 2 498
74 2004585 160 1 9 48
75 2004585 160 7 3 137
76 2044674 162 6 3 191
77 2044674 162 3 4 15
78 2044674 162 10 4 15
79 2044674 162 0 1 1445
80 2048767 164 6 8 11399
81 2086128 170 3 10 19
82 2086128 170 3 2 1368
83 2115484 174 7 6 24
84 2115484 174 6 10 9
85 2117485 175 8 6 39
86 2160383 179 8 7 57
87 2165534 183 4 0 35
88 2185839 189 1 7 16203
89 2211512 194 5 3 4
90 2299565 198 8 0 5
91 2299565 198 2 6 334
92 2299565 198 8 5 1
93 2299565 198 10 6 111
94 2299565 198 1 0 10
95 2334241 203 8 9 59
96 2334241 203 7 5 4342
97 2356429 209 3 5 39
98 2403897 219 4 5 7677
99 2468599 229 2 3 28
100 2519027 230 0 10 8
101 2616780 233 10 5 4
102 2616780 233 8 0 7
103 2660602 237 4 4 4
104 2777776 241 7 6 1
105 2777776 241 3 5 8412
106 2777776 241 6 6 1
107 2777776 241 6 4 14
108 2777776 241 1 1 18
109 2783616 244 4 1 1
110 2791287 248 1 4 194
111 2854156 259 7 8 2025
112 2854156 259 3 0 14
113 2854156 259 8 5 600
114 2854156 259 10 7 25
115 2854156 259 6 3 623
116 2987185 266 3 10 42
117 3003048 269 4 8 138
118 3014918 271 1 7 8
119 3024864 279 6 1 37
120 3026431 280 5 2 647
121 3040986 282 8 3 286
122 3041286 284 7 1 30
123 3056871 285 4 6 319
124 3056871 285 4 3 17
125 3232033 287 0 8 11
126 3232033 287 2 1 3
127 3232033 287 5 9 1
128 3232033 287 4 10 7
129 3232033 287 9 4 10
130 3232033 287 9 9 1
131 3232033 287 10 1 3
132 3232033 287 10 7 807
133 3232033 287 2 7 12118
134 3234282 289 10 10 47
135 3297335 291 8 6 409
136 3357194 292 9 0 6
137 3357194 292 5 0 6
138 3357194 292 3 0 12
139 3357194 292 5 6 13
140 3366643 295 5 4 1
141 3473075 303 10 0 1
142 3473075 303 1 7 3
143 3473075 303 9 6 1193
144 3514283 304 3 6 1731
145 3539797 308 6 10 9873
146 3546601 310 7 6 6
147 3558103 311 9 4 3
148 3560238 314 9 1 54
149 3656724 317 4 5 964
150 3656724 317 10 5 964
151 3665388 321 1 5 3080
152 3701922 327 3 1 60
153 3743421 328 5 0 1
154 3746084 329 4 7 6
155 3758748 330 0 5 91
156 3771317 335 1 8 44
157 3784795 337 4 3 98
158 3812517 339 0 5 190
159 3812517 339 7 5 95
160 3854548 340 8 7 2998
161 3854548 340 5 3 126
162 3854548 340 5 4 1
163 3854548 340 2 4 1
164 3861729 342 9 4 133
165 3905787 353 0 5 7115
166 3906397 354 2 5 5284
167 4021372 370 3 8 3
168 4021372 370 9 3 10
169 4062021 380 10 7 110
170 4066355 382 8 0 15
171 4067461 384 6 2 220
172 4108874 388 7 0 709
173 4206684 390 1 3 298
174 4206684 390 1 0 29
175 4206684 390 0 3 1193
176 4206684 390 4 7 3
177 4206684 390 5 6 10335
178 4366077 395 1 3 52
179 4366077 395 6 9 17890
180 4366077 395 10 2 2
181 4366077 395 1 1 24
182 4366077 395 6 5 177
183 4374645 396 3 1 405
184 4430669 402 2 6 88
185 4430669 402 2 3 65
186 4464038 407 2 4 49
187 4548056 409 8 4 782
188 4548056 409 8 0 1056
189 4548056 409 2 2 23
190 4548056 409 8 7 1
191 4593740 413 9 0 144
192 4603379 419 10 1 7
193 4603379 419 3 8 77
194 4611254 420 6 1 29
195 4630432 422 7 2 569
196 4630957 423 3 1 4754
197 4651449 425 10 3 34
198 4797956 428 6 6 1
199 4797956 428 7 8 2
200 4797956 428 3 10 4
201 4797956 428 10 7 1
202 4797956 428 0 2 2
203 4797956 428 1 0 2
204 4797956 428 3 7 97
205 4797956 428 6 5 822
206 4797956 428 1 5 822
207 4881853 430 2 0 2
208 4881853 430 4 1 7361
209 4881853 430 7 3 21
210 4881853 430 10 5 33
211 4881853 430 9 1 1051
212 4881853 430 5 8 4
213 4913342 440 5 0 14
214 4913342 440 0 3 120
215 4922048 443 6 9 43
216 4940207 450 9 4 2471
217 5020130 457 8 6 12
218 5020130 457 10 10 5
219 5038972 459 0 5 651
220 5051888 460 1 1 356
221 5116766 461 4 9 7
222 5116766 461 2 1 11
223 5116766 461 5 5 163
224 5116766 461 10 4 5
225 5116766 461 0 8 9
226 5328979 466 4 7 1
227 5328979 466 1 4 217
228 5328979 466 4 2 50
229 5328979 466 9 3 1801
230 5328979 466 3 3 7204
231 5328979 466 5 10 4
232 5328979 466 8 1 5
233 5328979 466 7 6 28
234 5328979 466 1 1 2
235 5393131 468 7 8 13074
236 5407791 471 5 10 923
237 5421898 472 6 0 14
238 5478912 473 5 2 23
239 5478912 473 2 5 68
240 5655468 475 8 9 5
241 5655468 475 3 6 1
242 5655468 475 4 9 5
243 5655468 475 1 3 23
244 5655468 475 0 3 1
245 5655468 475 4 0 1
246 5655468 475 7 0 1
247 5655468 475 2 4 8
248 5655468 475 10 6 1
249 5655468 475 1 4 1
250 5655468 475 5 8 2
251 5655468 475 4 1 6
252 5694248 480 8 5 25
253 5743903 489 8 4 48
254 5922807 498 9 7 44
255 5922807 498 0 1 53
256 5922807 498 10 0 21
257 5922807 498 9 5 175
258 5922807 498 0 7 7
259 5922807 498 0 9 1
260 5922807 498 7 6 1
261 5922807 498 2 7 7
262 5922807 498 10 5 175
263 5936534 499 7 8 324
264 5936534 499 7 3 51
265 6045064 507 5 6 3
266 6045064 507 0 10 4631
267 6045064 507 1 3 2
268 6045064 507 8 9 7
269 6045064 507 6 10 89
270 6045064 507 10 6 3
271 6048634 508 1 8 38
272 6082496 510 7 3 4
273 6082496 510 6 8 7
274 6082496 510 6 6 71
275 6082496 510 6 7 383
276 6182216 513 0 0 5
277 6182216 513 2 7 5
278 6182216 513 1 0 1
279 6182216 513 9 0 1
280 6225806 529 3 9 374
281 6247692 535 0 7 12
282 6294432 547 4 8 25
283 6294432 547 4 7 18
284 6333607 551 7 9 4879
285 6333607 551 10 6 30
286 6514476 555 5 5 1
287 6514476 555 5 7 7
288 6514476 555 0 5 3
289 6514476 555 7 10 4
290 6514476 555 1 0 1
291 6514476 555 7 5 11
292 6514476 555 3 6 47
293 6514476 555 4 9 2
294 6514476 555 2 2 2628
295 6514476 555 9 3 202
296 6514476 555 5 4 3318
297 6591880 557 3 5 64
298 6609793 558 1 4 2269
299 6609793 558 1 7 123
300 6616410 560 7 0 10
301 6737104 569 6 7 1
302 6737104 569 10 2 78
303 6737104 569 9 10 6
304 6737104 569 2 9 2
305 6805600 576 10 0 51
306 6805600 576 6 5 2438
307 6805600 576 0 7 9
308 6861493 583 6 8 46
309 6882303 590 3 6 136
310 6900316 596 9 1 190
311 6901139 597 7 4 43
312 6910599 600 3 8 66
313 6958793 602 6 3 169
314 6958793 602 6 7 74
315 7002878 611 10 6 205
316 7002878 611 2 4 117
317 7002878 611 3 6 410
318 7154230 612 1 5 120
319 7154230 612 2 2 448
320 7154230 612 6 3 1
321 7154230 612 7 10 5
322 7154230 612 6 10 5
323 7154230 612 3 7 5079
324 7309926 616 9 8 1
325 7309926 616 10 9 2
326 7309926 616 8 3 20
327 7309926 616 10 8 6
328 7309926 616 8 1 1
329 7309926 616 6 5 1227
330 7309926 616 2 9 5
331 7309926 616 7 0 494
332 7379006 628 1 1 107
333 7436902 634 7 1 38
334 7554699 644 1 10 1
335 7554699 644 6 1 6
336 7554699 644 2 1 20
337 7554699 644 2 6 1
338 7560728 647 3 3 1338
339 7568238 656 0 0 126
340 7586732 665 8 8 45
341 7718043 671 2 1 476
342 7718043 671 9 7 1
343 7718043 671 6 7 1
344 7718043 671 5 1 715
345 7722303 673 9 1 956
346 7754514 678 6 4 18
347 7768485 681 3 4 2639
348 7864166 683 7 3 29
349 7864166 683 10 5 1
350 7864166 683 4 10 16
351 7864166 683 4 3 29
352 7864166 683 7 8 11
353 7872645 687 5 7 16
354 7941492 690 0 6 14
355 7941492 690 4 5 4
356 7997019 693 8 8 33
357 8186148 695 10 5 7
358 8186148 695 7 5 28
359 8186148 695 3 2 793
360 8186148 695 4 7 1
361 8186148 695 5 6 1
362 8193861 697 4 6 1569
363 8237005 698 2 9 33
364 8237005 698 5 6 48
365 8237005 698 10 2 25
366 8237005 698 2 2 153
367 8259854 701 0 9 1
368 8296921 702 3 0 1187
369 8296921 702 0 6 22
370 8296921 702 3 7 81
371 8336102 704 9 6 3990
372 8387790 714 5 4 563
373 8464225 718 10 3 15
374 8464225 718 1 7 17
375 8464225 718 2 4 27
376 8464225 718 1 5 87
377 8464225 718 0 1 39
378 8464225 718 8 10 2
379 8464225 718 10 4 275
380 8464225 718 6 5 175
381 8497608 723 3 7 32
382 8529534 729 1 6 6073
383 8535398 731 2 10 8
384 8577970 732 7 8 39
385 8577970 732 0 5 132
386 8621585 735 9 5 36
387 8624576 736 2 6 1770
388 8652222 739 10 5 86
389 8752336 741 5 1 40583
390 8752336 741 2 7 2
391 8752336 741 9 7 2
392 8771405 744 6 3 1
393 8792041 749 9 7 41
394 8880066 751 8 2 2628
395 8880066 751 3 8 1
396 8880066 751 7 7 3
397 8880066 751 9 6 55
398 8880066 751 4 2 597
399 8880066 751 0 2 119
400 8880066 751 10 10 17
401 8896046 752 3 8 42
402 8918649 755 9 0 195
403 8920529 756 7 0 152
404 9013965 766 6 10 15
405 9052733 768 0 3 102
406 9053004 769 5 3 363
407 9053414 770 1 5 68
408 9070565 774 7 5 98
409 9089710 779 4 1 18222
410 9099635 780 9 8 6604
411 9145112 798 4 9 293
412 9145112 798 4 0 65
413 9151276 802 4 0 8
414 9165149 804 4 0 117
415 9381148 822 3 4 1
416 9381148 822 0 4 1
417 9381148 822 3 9 9
418 9381148 822 9 3 1
419 9381148 822 9 7 138
420 9381148 822 4 2 9
421 9518721 823 5 1 969
422 9518721 823 8 3 9
423 9518721 823 10 0 8
424 9562322 825 0 8 63
425 9562322 825 0 0 3
426 9562322 825 7 9 18
427 9562322 825 1 8 63
428 9562322 825 6 1 171
429 9587048 830 8 2 21
430 9588470 832 1 1 30673
431 9618679 833 7 3 83
432 9649289 839 8 3 4
433 9685929 845 3 7 4
434 9697721 846 5 1 9
435 9706906 853 9 0 60
436 9729986 857 9 9 69
437 9732578 858 7 2 1
438 9759803 861 3 0 984
439 9866799 864 3 8 113
440 9866799 864 1 4 5
441 9866799 864 8 9 141
442 9866799 864 6 6 17
443 9879081 870 0 3 6
444 9897894 872 1 6 11
445 9915727 874 2 8 183
446 9924559 875 4 7 9
447 9929491 878 9 6 46
448 9940963 881 0 2 561
449 10106638 894 0 10 33
450 10106638 894 9 8 1
451 10106638 894 9 2 35
452 10106638 894 6 3 6
453 10150385 896 10 3 3173
454 10150385 896 9 9 30
455 10150385 896 2 3 4760
456 10250988 907 2 5 23
457 10250988 907 4 4 22
458 10250988 907 4 9 76
459 10251860 908 1 0 165
460 10281259 912 8 1 71
461 10354289 924 5 6 11
462 10354289 924 0 6 1
463 10549840 929 0 7 2
464 10549840 929 6 8 4
465 10549840 929 1 1 3
466 10549840 929 0 2 4
467 10549840 929 10 2 4
468 10549840 929 1 3 6
469 10549840 929 6 4 878
470 10549840 929 7 10 1
471 10549840 929 3 9 4
472 10549840 929 6 9 28
473 10549840 929 6 5 227
474 10549840 929 2 7 2
475 10549840 929 6 2 42
476 10651158 930 5 4 2601
477 10651158 930 10 3 15
478 10651158 930 6 0 4984
479 10651158 930 7 1 14
480 10742656 931 10 9 2119
481 10742656 931 5 10 225
482 10742656 931 6 3 24
483 10742656 931 6 2 1607
484 10742656 931 5 2 4823
485 10803202 932 7 9 9
486 11002570 941 3 10 18
487 11002570 941 5 0 5
488 11029194 949 10 4 3132
489 11218408 967 5 5 7
490 11218408 967 7 2 30
491 11218408 967 5 2 15
492 11218408 967 6 5 7
493 11233533 970 10 4 16
494 11254411 972 10 1 225
495 11254411 972 10 5 263
496 11285223 973 2 0 8
497 11322575 987 9 9 42
498 11370183 994 8 0 3
499 11390603 998 5 3 1030
