11 240 500
0 15064 0 1 0 2
1 15064 0 1 9 151
2 15064 0 9 5 6
3 15336 1 9 1 33309
4 57496 3 5 5 113
5 57496 3 9 9 20
6 57496 3 10 1 14
7 57496 3 10 7 31
8 66551 4 5 8 14
9 105098 9 7 0 7
10 105098 9 4 7 39
11 105098 9 1 6 23
12 147540 13 3 9 2319
13 152553 16 4 4 11
14 193021 17 10 3 93
15 193021 17 0 8 1
16 193021 17 3 10 26
17 193021 17 1 5 16
18 193021 17 0 10 1
19 193021 17 6 1 88
20 193021 17 6 5 184
21 201393 18 1 4 20
22 244653 27 7 0 130
23 266676 29 2 6 2425
24 266676 29 2 7 377
25 291999 37 0 8 6
26 305883 39 10 5 6
27 319792 42 8 0 5
28 339927 50 2 0 44
29 430095 51 2 2 5
30 430095 51 3 6 1
31 430095 51 10 8 21
32 430095 51 10 1 30
33 430095 51 0 1 15
34 485307 59 1 7 13
35 601635 75 1 8 1
36 601635 75 0 5 115
37 601635 75 8 7 3
38 609011 77 4 4 10
39 609011 77 10 4 31
40 613730 79 10 3 38
41 619545 83 0 2 165
42 691723 84 6 7 65
43 691723 84 6 2 308
44 691723 84 4 1 120
45 691723 84 6 1 8
46 787072 99 7 0 1829
47 858645 102 4 10 21
48 858645 102 8 3 17
49 858645 102 5 1 3
50 858645 102 8 6 31
51 858645 102 9 2 967
52 858645 102 1 6 1
53 858645 102 0 2 483
54 865483 103 8 5 6
55 906220 108 6 5 8
56 906220 108 3 0 226
57 910589 110 3 2 330
58 913299 113 10 6 349
59 955269 126 3 0 39
60 1009993 136 8 7 14
61 1009993 136 8 8 31
62 1009993 136 1 6 153
63 1067620 137 5 0 8
64 1067620 137 5 6 2
65 1067620 137 7 4 99
66 1085248 143 0 6 85
67 1085248 143 0 4 78
68 1101292 147 6 2 182
69 1104819 148 2 10 21
70 1179094 154 1 6 460
71 1179094 154 5 8 21
72 1179094 154 1 10 17
73 1179094 154 3 8 261
74 1179678 155 1 7 3
75 1252865 160 3 10 17
76 1252865 160 2 8 613
77 1277921 162 3 4 15
78 1277921 162 7 6 44
79 1293782 168 6 2 30
80 1293782 168 7 2 30
81 1294633 169 3 4 102
82 1303830 170 3 2 1368
83 1322177 174 7 2 9
84 1322177 174 2 10 174
85 1322177 174 5 2 9
86 1322177 174 0 4 18
87 1346947 177 0 6 344
88 1346947 177 0 9 9
89 1364230 187 9 1 15
90 1364230 187 7 2 8
91 1364885 188 4 10 27
92 1380387 192 3 2 14
93 1437228 198 4 5 9
94 1437228 198 5 0 5
95 1437228 198 5 9 31
96 1437228 198 5 4 4
97 1437228 198 2 10 7
98 1438056 200 5 5 18
99 1472768 209 8 5 39
100 1488442 210 8 3 299
101 1542874 229 6 8 118
102 1574392 230 3 3 136
103 1576898 231 4 6 2
104 1635487 233 8 3 1
105 1635487 233 0 2 13
106 1635487 233 8 10 9
107 1662876 237 10 8 53
108 1662876 237 4 3 1
109 1662876 237 10 2 55
110 1662876 237 10 1 11
111 1673235 239 5 1 9
112 1736110 241 4 4 14
113 1736110 241 9 8 23
114 1783848 259 0 1 891
115 1783848 259 2 7 25
116 1783976 260 0 8 471
117 1784206 261 2 6 94
118 1853267 262 3 2 6
119 1853267 262 4 2 13
120 1861949 263 2 10 1524
121 1876905 269 4 2 8281
122 1891519 280 5 2 647
123 1910544 285 4 5 15527
124 2020021 287 7 8 5
125 2020021 287 0 0 3
126 2020021 287 9 9 1
127 2020021 287 9 0 1
128 2020021 287 10 6 24
129 2020021 287 4 10 7
130 2020021 287 4 5 2
131 2020021 287 1 3 5
132 2020021 287 1 5 2
133 2060834 291 8 2 34357
134 2060834 291 7 2 3435
135 2060834 291 2 2 6871
136 2060834 291 3 7 111
137 2098246 292 0 8 218
138 2124023 298 9 5 37
139 2124023 298 9 7 60
140 2170672 303 8 1 25
141 2196427 304 3 1 7
142 2196427 304 3 9 58
143 2223814 311 0 10 19
144 2285453 317 3 7 1004
145 2285453 317 0 4 10
146 2285453 317 2 1 14
147 2285453 317 8 7 2009
148 2306612 324 2 5 510
149 2313701 327 2 1 180
150 2339638 328 10 5 297
151 2349218 330 0 4 194
152 2349218 330 0 1 1349
153 2382823 339 10 2 2880
154 2382823 339 4 10 8843
155 2423167 346 3 5 489
156 2424689 348 4 1 2240
157 2427800 349 5 6 568
158 2441117 353 0 2 34
159 2441117 353 0 8 90
160 2453406 360 9 5 19696
161 2467121 365 1 3 670
162 2513358 370 1 3 30
163 2513358 370 2 5 1
164 2520100 379 1 3 2
165 2541471 382 8 0 15
166 2542163 384 6 2 220
167 2629177 390 9 5 6
168 2629177 390 6 7 6
169 2629177 390 7 6 114
170 2629177 390 4 3 596
171 2650971 392 5 5 1283
172 2650971 392 3 9 3
173 2728798 395 8 1 33
174 2728798 395 4 0 881
175 2736091 398 9 9 103
176 2742988 401 10 3 1192
177 2769168 402 9 7 35
178 2842535 409 5 9 15
179 2842535 409 2 2 23
180 2842535 409 10 3 1
181 2842535 409 6 4 2
182 2842535 409 5 2 7
183 2871087 413 9 5 300
184 2882033 420 9 1 29
185 2905208 424 7 0 119
186 2905208 424 7 7 63
187 2998723 428 7 6 2
188 2998723 428 10 0 1
189 2998723 428 4 9 3
190 2998723 428 5 10 4
191 2998723 428 5 5 822
192 2998723 428 3 3 3
193 2998723 428 8 1 7352
194 2998723 428 8 9 1
195 2998723 428 5 7 1
196 3051158 430 1 3 4
197 3051158 430 10 3 29
198 3051158 430 2 5 8
199 3051158 430 0 3 2
200 3051158 430 0 1 1051
201 3064042 435 6 0 163
202 3082775 445 7 0 52
203 3086294 448 6 1 2
204 3137581 457 2 10 5
205 3137581 457 6 5 32
206 3137581 457 2 0 8
207 3137581 457 8 10 5
208 3137581 457 4 3 14
209 3149357 459 0 5 651
210 3197978 461 8 7 1
211 3197978 461 9 5 1
212 3197978 461 10 9 7
213 3330612 466 9 4 217
214 3330612 466 4 4 434
215 3330612 466 1 0 7
216 3330612 466 5 7 1
217 3330612 466 10 5 1
218 3330612 466 4 10 2
219 3362071 467 10 7 23
220 3370707 468 7 2 226
221 3424320 473 3 5 204
222 3534667 475 1 4 1
223 3534667 475 6 5 2
224 3534667 475 10 8 5
225 3534667 475 9 5 2
226 3534667 475 2 8 2
227 3534667 475 0 3 1
228 3534667 475 6 3 1
229 3535799 476 6 10 30
230 3559702 481 5 10 87
231 3589939 489 8 9 31
232 3589939 489 2 4 48
233 3591351 490 10 2 27
234 3599437 496 10 3 2626
235 3701754 498 5 8 514
236 3701754 498 7 5 8250
237 3701754 498 4 3 1
238 3701754 498 0 6 1
239 3701754 498 1 5 175
240 3701754 498 6 2 9
241 3701754 498 7 3 9
242 3701754 498 6 4 50
243 3701754 498 6 3 1
244 3710333 499 7 6 4848
245 3778165 507 10 6 3
246 3778165 507 9 4 1429
247 3778165 507 10 0 3
248 3778165 507 9 2 5
249 3778165 507 4 7 72
250 3778165 507 4 0 6
251 3863885 513 5 2 6
252 3863885 513 2 5 862
253 3863885 513 1 8 5049
254 3863885 513 10 3 26
255 3863885 513 7 7 11
256 3863885 513 0 5 345
257 3882160 524 1 8 1009
258 3904807 535 10 7 6
259 3907490 537 4 10 11
260 3944219 550 2 6 6
261 4071548 555 0 4 829
262 4071548 555 7 4 829
263 4071548 555 7 7 3
264 4071548 555 1 1 95
265 4071548 555 1 8 7
266 4071548 555 6 1 191
267 4071548 555 5 8 7
268 4110900 556 5 4 4
269 4119925 557 3 8 1648
270 4131120 558 1 2 194
271 4135256 560 6 0 10
272 4140140 561 2 10 28
273 4159427 563 10 3 653
274 4159427 563 10 2 11
275 4210690 569 6 7 1
276 4210690 569 5 5 1
277 4210690 569 6 2 170
278 4211720 571 1 7 32
279 4215699 573 1 5 19
280 4221254 575 10 8 15
281 4253500 576 0 6 27
282 4253500 576 6 1 1
283 4259205 578 7 8 467
284 4259205 578 6 8 233
285 4288433 583 6 5 15734
286 4289455 584 10 5 3971
287 4312019 595 0 9 1
288 4349245 602 8 3 56
289 4376799 611 5 6 4930
290 4471394 612 7 9 1
291 4471394 612 1 1 3
292 4471394 612 3 2 448
293 4471394 612 9 10 5
294 4471394 612 0 10 5
295 4471394 612 2 8 8
296 4471394 612 2 1 16
297 4471394 612 10 0 142
298 4471394 612 9 5 120
299 4568704 616 5 2 1
300 4568704 616 1 4 1
301 4568704 616 3 5 1227
302 4568704 616 8 3 20
303 4568704 616 2 3 83
304 4568704 616 1 6 36
305 4568704 616 1 8 1
306 4568704 616 9 3 20
307 4568704 616 7 5 3683
308 4568704 616 8 4 1
309 4568704 616 6 3 145
310 4568704 616 1 0 1483
311 4576095 619 8 6 91
312 4584118 621 6 8 18
313 4599215 626 2 7 117
314 4599215 626 2 6 1690
315 4601689 627 1 4 258
316 4611878 628 1 4 81
317 4611878 628 1 0 118
318 4621465 631 9 6 70
319 4648063 634 7 3 109
320 4648063 634 7 0 1249
321 4653577 635 5 5 334
322 4659282 637 0 10 8
323 4659282 637 10 10 8
324 4665320 638 2 7 203
325 4721687 644 7 10 1
326 4721687 644 4 6 1
327 4721687 644 8 3 10
328 4728145 653 7 10 4838
329 4733559 660 7 7 16605
330 4743242 666 1 3 75
331 4743599 667 2 7 77
332 4823776 671 4 6 8
333 4823776 671 3 2 6
334 4823776 671 6 0 1
335 4841477 677 6 8 67
336 4846571 678 6 6 409
337 4846571 678 6 4 18
338 4855345 682 10 7 108
339 4915103 683 2 1 25
340 4915103 683 2 7 548
341 4915103 683 9 7 548
342 4915103 683 5 1 25
343 4915103 683 10 7 1097
344 4915103 683 8 1 50
345 4915103 683 10 6 135
346 4915103 683 3 0 1
347 4915103 683 3 4 638
348 4915103 683 0 0 1
349 4963433 690 8 6 14
350 4964739 691 10 2 74
351 5116342 695 1 1 3
352 5116342 695 0 9 2791
353 5116342 695 0 4 1
354 5116342 695 5 2 793
355 5116342 695 9 4 2
356 5116342 695 6 9 1503
357 5116342 695 3 7 5
358 5116342 695 10 6 2
359 5116342 695 1 7 1
360 5116342 695 6 10 1
361 5116342 695 5 4 1
362 5121163 697 6 6 3138
363 5121163 697 2 2 466
364 5148128 698 2 3 127
365 5185575 702 3 1 61
366 5185575 702 4 2 28
367 5185575 702 4 5 112
368 5228674 710 3 5 9637
369 5228674 710 3 10 1
370 5242368 714 2 8 105
371 5290141 718 2 8 1455
372 5290141 718 7 4 27
373 5290141 718 8 10 2
374 5294110 722 5 1 2439
375 5311005 723 6 6 66
376 5311005 723 6 5 29
377 5311005 723 3 0 39
378 5311005 723 3 4 523
379 5318978 724 6 7 124
380 5330959 729 1 6 6073
381 5334624 731 3 10 2
382 5361231 732 5 5 26
383 5361231 732 0 2 722
384 5361231 732 6 5 66
385 5361908 734 2 0 38
386 5388490 735 6 7 1348
387 5388490 735 6 5 36
388 5397472 738 5 1 213
389 5407639 739 10 8 67
390 5470210 741 0 0 15797
391 5470210 741 8 2 3
392 5470210 741 0 10 110
393 5470210 741 10 2 3
394 5482128 744 1 3 64
395 5495026 749 4 9 1
396 5550041 751 4 8 5
397 5550041 751 5 3 727
398 5550041 751 6 4 13
399 5561098 754 0 1 40
400 5574156 755 9 2 84
401 5593346 759 9 3 11
402 5633728 766 4 3 1
403 5687271 780 2 5 4
404 5715695 798 4 8 632
405 5738202 813 10 8 83
406 5738331 814 1 3 170
407 5745865 815 6 10 1677
408 5757641 821 7 9 36
409 5863217 822 4 5 52
410 5863217 822 3 4 1
411 5863217 822 1 1 1
412 5863217 822 1 4 2
413 5863217 822 5 3 1
414 5863217 822 10 9 1
415 5863217 822 3 7 414
416 5863217 822 2 8 3838
417 5863217 822 1 5 26
418 5949200 823 8 10 1
419 5949200 823 5 6 282
420 5949200 823 8 5 1198
421 5949200 823 10 5 599
422 5949200 823 9 3 13
423 5949200 823 1 5 4195
424 5976451 825 4 9 18
425 5991905 830 2 2 63
426 5991905 830 0 1 24
427 6011674 833 7 3 83
428 6032657 841 10 5 4815
429 6061075 846 5 2 142
430 6082861 858 10 2 1
431 6099877 861 3 10 7689
432 6108460 863 6 0 9
433 6108460 863 6 7 8
434 6166749 864 6 6 17
435 6171439 868 10 6 201
436 6174425 870 7 3 46
437 6202849 875 2 7 9
438 6214957 885 10 5 37
439 6260893 886 4 7 1
440 6260893 886 2 2 1476
441 6260893 886 1 4 1
442 6260893 886 10 3 12
443 6316648 894 0 10 33
444 6343990 896 9 3 1586
445 6356993 899 6 9 33179
446 6425461 911 2 0 682
447 6435841 913 6 2 19
448 6456196 919 9 1 16
449 6456196 919 3 1 1
450 6456196 919 2 1 1
451 6471430 924 6 6 3
452 6471430 924 0 6 1
453 6484801 926 7 4 65
454 6485704 927 7 0 85
455 6593650 929 5 5 682
456 6593650 929 3 4 878
457 6593650 929 1 8 4
458 6593650 929 2 1 1
459 6593650 929 4 4 2635
460 6593650 929 1 6 54
461 6593650 929 2 0 2
462 6593650 929 9 4 878
463 6593650 929 3 0 2
464 6656973 930 8 3 15
465 6656973 930 8 6 13
466 6656973 930 1 6 13
467 6752001 932 7 9 9
468 6752001 932 9 0 2
469 6752001 932 9 10 23
470 6752001 932 10 8 6
471 6752001 932 8 8 6
472 6752001 932 2 8 6
473 6752001 932 1 10 23
474 6758492 935 5 1 1573
475 6769096 939 9 9 59
476 6775204 940 0 5 111
477 6775204 940 0 7 99809
478 6876606 941 1 6 5
479 6876606 941 1 5 13
480 6876606 941 7 10 36
481 6876606 941 5 6 2
482 6905935 952 4 4 55
483 6906230 953 1 3 14
484 6906360 954 10 1 315
485 6925926 959 10 2 32
486 6938426 963 0 8 229
487 6940593 965 10 8 564
488 7011505 967 7 5 7
489 7011505 967 0 0 9
490 7011505 967 7 6 3080
491 7011505 967 7 8 44
492 7014350 968 1 3 51
493 7034006 972 10 10 169
494 7034006 972 10 7 53
495 7053264 973 2 1 4
496 7053264 973 0 6 19
497 7106364 994 8 0 3
498 7106364 994 2 0 3
499 7106364 994 10 5 81
