11 246 500
0 40173 0 1 2 152
1 153323 3 5 3 126
2 153323 3 10 10 1871
3 280263 9 1 9 7
4 514725 17 6 1 88
5 514725 17 10 7 2
6 537049 18 1 1 13067
7 604186 21 4 2 6055
8 604186 21 4 9 47
9 652409 27 10 0 130
10 711136 29 2 3 99
11 730444 31 5 7 2070
12 803551 38 7 1 190
13 815689 39 3 5 6
14 815689 39 0 5 34
15 848666 41 10 5 3030
16 868286 44 1 10 3951
17 1146922 51 7 9 1
18 1146922 51 5 8 1
19 1146922 51 9 4 31
20 1146922 51 0 10 1
21 1146922 51 8 6 51
22 1146922 51 9 0 10
23 1146922 51 0 6 1
24 1165719 56 5 0 1
25 1165719 56 5 2 461
26 1294154 59 2 8 1
27 1294154 59 8 0 4
28 1294154 59 1 8 1
29 1294154 59 8 4 6
30 1373070 68 5 4 1
31 1416452 70 10 6 45
32 1452511 72 6 7 60
33 1452511 72 6 8 12198
34 1453262 73 6 6 58
35 1604362 75 10 3 33
36 1604362 75 6 5 231
37 1604362 75 5 6 14
38 1604362 75 4 2 7002
39 1604362 75 2 4 1
40 1604362 75 0 0 5
41 1844595 84 6 3 17
42 1844595 84 7 5 716
43 1844595 84 3 5 4
44 1844595 84 6 8 1
45 1844595 84 6 6 1
46 1844595 84 7 4 5
47 1846134 86 7 5 3487
48 1894463 89 7 2 266
49 1897941 90 8 3 184
50 1916565 91 4 2 550
51 1929998 93 9 10 67
52 1947526 94 5 5 756
53 1953462 95 3 1 49
54 1987506 97 3 9 3687
55 2098858 99 9 7 12
56 2098858 99 7 10 3070
57 2098858 99 7 6 5
58 2289721 102 5 2 483
59 2289721 102 0 1 3
60 2289721 102 8 2 967
61 2289721 102 0 0 35
62 2416587 108 0 0 226
63 2416587 108 5 3 13
64 2416587 108 6 2 1
65 2416587 108 5 7 4
66 2418002 109 6 0 101
67 2428752 111 4 0 2184
68 2441982 115 3 6 95
69 2463398 116 2 9 68
70 2487130 117 0 10 1361
71 2515129 118 5 7 55
72 2539116 124 1 3 7
73 2539116 124 2 3 7
74 2595705 127 0 5 244
75 2626707 132 0 7 7571
76 2693317 136 8 5 496
77 2693317 136 8 10 32
78 2693317 136 8 1 94
79 2846988 137 0 6 9
80 2846988 137 5 2 21
81 2846988 137 9 4 99
82 2846988 137 9 1 12
83 2846988 137 1 10 222
84 2846988 137 9 0 4
85 2893997 143 0 3 45
86 2935019 146 7 8 1332
87 2975539 152 4 1 1312
88 3144252 154 7 9 11
89 3144252 154 3 7 1284
90 3144252 154 7 7 642
91 3144252 154 5 0 2
92 3340975 160 7 5 5
93 3340975 160 3 2 843
94 3340975 160 10 2 843
95 3340975 160 7 6 19
96 3407790 162 10 4 15
97 3439252 165 8 3 93
98 3441070 166 10 4 13
99 3450086 168 6 2 30
100 3450086 168 8 2 30
101 3476881 170 3 7 102
102 3525807 174 9 2 9
103 3591860 177 3 4 23
104 3617534 184 1 6 21
105 3681034 192 3 8 53
106 3685853 194 5 3 4
107 3691902 196 9 4 86
108 3832609 198 7 2 6
109 3832609 198 3 8 46
110 3848970 202 3 0 194
111 3969180 210 1 3 1
112 3982615 216 9 5 2
113 4114332 229 6 9 74
114 4114332 229 2 4 52
115 4198378 230 3 5 3
116 4198378 230 3 6 6
117 4211703 232 10 5 1
118 4361300 233 0 2 13
119 4361300 233 9 5 1
120 4361300 233 0 6 26
121 4361300 233 3 7 1
122 4434337 237 4 6 47
123 4434337 237 10 4 215
124 4434337 237 4 0 72
125 4629627 241 1 5 3364
126 4629627 241 9 7 12
127 4646592 245 0 8 20
128 4675136 258 3 0 83
129 4756928 259 2 1 1783
130 4942045 262 9 4 1
131 4942045 262 2 1 30
132 5009467 270 8 3 19537
133 5024864 271 2 7 8
134 5041441 279 0 10 162
135 5068310 282 8 3 286
136 5068310 282 8 4 326
137 5094785 285 4 7 350
138 5094785 285 4 0 5994
139 5386722 287 2 2 3
140 5386722 287 10 10 61
141 5386722 287 6 10 7
142 5386722 287 9 8 5
143 5386722 287 7 3 17
144 5386722 287 8 5 2
145 5495558 291 7 7 333
146 5495558 291 9 3 211
147 5495558 291 4 9 182
148 5495558 291 4 6 2047
149 5602896 293 8 1 87
150 5611072 295 6 4 6
151 5664062 298 9 4 483
152 5788459 303 10 6 397
153 5788459 303 4 2 1892
154 5857139 304 3 7 25
155 5899662 308 6 6 76
156 5911001 310 10 6 6
157 5933730 314 9 1 54
158 6094541 317 8 7 2009
159 6094541 317 4 2 565
160 6094541 317 2 3 54
161 6094541 317 0 4 10
162 6094541 317 0 1 14
163 6110363 322 7 5 121
164 6156633 326 7 7 118
165 6169870 327 1 10 1020
166 6239035 328 1 5 297
167 6239035 328 7 3 2
168 6239035 328 5 0 1
169 6239035 328 2 9 2
170 6239035 328 6 3 1
171 6264581 330 0 7 67
172 6354196 339 1 7 15
173 6354196 339 4 7 15
174 6424248 340 2 2 3
175 6424248 340 3 0 20
176 6424248 340 0 2 3
177 6465749 347 8 9 74
178 6510663 354 2 5 5284
179 6529221 358 0 8 24
180 6702288 370 2 10 11
181 6702288 370 10 8 22
182 6718367 377 9 8 86
183 6848124 388 0 6 202
184 6848124 388 7 4 84
185 6848124 388 0 10 199
186 6848124 388 0 1 16
187 7011140 390 10 6 459
188 7011140 390 9 10 1
189 7069256 392 6 5 3851
190 7069256 392 2 2 58
191 7069256 392 0 5 3851
192 7076775 393 8 1 46
193 7276795 395 6 4 94
194 7276795 395 8 1 33
195 7296243 398 9 9 103
196 7388000 404 5 0 21
197 7410808 406 7 10 612
198 7580094 409 6 6 1
199 7580094 409 10 10 10
200 7580094 409 2 2 23
201 7580094 409 2 5 3188
202 7580094 409 6 8 40
203 7593744 411 9 4 206
204 7600810 412 7 1 86
205 7996594 428 4 9 3
206 7996594 428 10 9 1
207 7996594 428 2 5 822
208 7996594 428 8 3 7
209 7996594 428 3 5 822
210 7996594 428 5 8 2
211 7996594 428 9 8 2
212 7996594 428 4 4 4
213 7996594 428 5 4 1
214 8136422 430 2 0 2
215 8136422 430 8 3 8
216 8136422 430 9 1 1051
217 8192024 441 7 3 52
218 8192766 442 6 1 1280
219 8203413 443 6 2 42
220 8220735 445 10 6 2
221 8366884 457 4 5 32
222 8378686 458 4 4 1978
223 8419813 460 1 6 9
224 8527943 461 0 6 245
225 8527943 461 7 8 9
226 8527943 461 9 6 122
227 8537293 463 0 0 22
228 8881632 466 8 8 1
229 8881632 466 0 5 6
230 8965524 467 4 5 5
231 9036497 472 6 0 14
232 9131521 473 1 7 66
233 9425780 475 7 6 37
234 9425780 475 5 7 9
235 9425780 475 5 0 8
236 9425780 475 7 7 9
237 9425780 475 5 5 15
238 9425780 475 2 8 2
239 9425780 475 6 4 1
240 9425780 475 7 8 5
241 9425780 475 3 9 5
242 9425780 475 6 0 2
243 9425780 475 0 6 1
244 9457492 477 2 7 60
245 9479885 479 7 9 1
246 9537232 488 10 4 7643
247 9573172 489 3 7 5
248 9573172 489 9 0 11786
249 9573172 489 9 8 8
250 9573172 489 2 10 7526
251 9871346 498 9 4 50
252 9871346 498 10 10 13
253 9871346 498 7 10 39
254 9871346 498 8 9 1
255 9871346 498 1 6 1
256 9871346 498 5 7 14
257 9871346 498 4 0 10
258 9871346 498 10 9 1
259 9871346 498 2 10 13
260 9894223 499 7 8 324
261 9916273 504 3 9 1629
262 10075107 507 2 6 3
263 10075107 507 4 3 2
264 10075107 507 8 3 2
265 10075107 507 5 0 12
266 10075107 507 3 1 1
267 10081057 508 5 8 38
268 10303694 513 10 9 20
269 10303694 513 4 0 1
270 10303694 513 4 7 11
271 10303694 513 2 7 5
272 10303694 513 5 1 21
273 10303694 513 7 2 42
274 10303694 513 3 6 80
275 10338183 517 3 10 33396
276 10352372 523 8 2 3
277 10373201 527 5 0 238
278 10376343 529 4 9 374
279 10419973 537 4 10 11
280 10490720 547 4 3 33039
281 10517918 550 6 6 6
282 10517918 550 1 6 6
283 10556012 551 2 9 4879
284 10857461 555 2 6 94
285 10857461 555 2 7 3
286 10857461 555 3 3 202
287 10857461 555 8 6 23
288 10857461 555 6 8 7
289 10857461 555 1 7 14
290 10857461 555 1 5 1
291 10857461 555 7 10 4
292 10962401 556 5 4 4
293 10962401 556 9 5 3164
294 10962401 556 8 7 15
295 10962401 556 8 1 1
296 10986467 557 3 2 52
297 11063997 562 10 8 7631
298 11113494 565 1 3 65
299 11228506 569 7 0 26
300 11228506 569 3 0 26
301 11228506 569 6 10 12
302 11228506 569 3 9 2
303 11256678 575 1 8 15
304 11256678 575 10 8 15
305 11342668 576 6 9 146
306 11342668 576 6 6 9
307 11357880 578 6 0 132
308 11435822 583 6 6 89
309 11439427 585 10 3 1425
310 11461376 588 4 0 70
311 11597988 602 8 8 3636
312 11597988 602 6 10 509
313 11671464 611 3 6 410
314 11671464 611 3 4 39
315 11671464 611 7 6 205
316 11923717 612 0 2 897
317 11923717 612 5 9 1
318 11923717 612 2 10 5
319 11923717 612 8 1 13
320 11923717 612 1 1 3
321 11923717 612 7 5 120
322 11923717 612 0 4 26
323 11923717 612 9 8 8
324 11944924 613 3 2 20
325 11945549 614 6 5 252
326 12183210 616 2 4 1
327 12183210 616 0 2 11
328 12183210 616 5 5 8595
329 12183210 616 1 6 36
330 12183210 616 5 6 72
331 12183210 616 3 2 3
332 12199391 618 2 8 38
333 12264573 626 2 9 226
334 12264573 626 2 7 117
335 12298343 628 1 5 389
336 12323909 631 7 6 351
337 12331475 632 7 1 1214
338 12383487 633 5 8 159
339 12394837 634 7 7 20
340 12409539 635 5 7 192
341 12440855 638 4 1 10
342 12442083 640 1 0 113
343 12591165 644 1 6 1
344 12591165 644 4 0 8
345 12591165 644 2 8 1817
346 12591165 644 7 5 10
347 12591165 644 0 3 10
348 12616231 657 7 3 56
349 12863405 671 10 0 1
350 12863405 671 8 2 6
351 12863405 671 10 8 5
352 12863405 671 7 5 30
353 12924190 678 6 6 409
354 13106943 683 10 7 1097
355 13106943 683 6 5 1
356 13106943 683 9 1 25
357 13106943 683 3 8 23
358 13106943 683 6 1 50
359 13106943 683 1 4 638
360 13106943 683 1 6 20
361 13121075 687 10 7 98
362 13235821 690 4 0 1925
363 13235821 690 0 3 90
364 13239305 691 2 2 49
365 13643581 695 10 8 1
366 13643581 695 6 4 8
367 13643581 695 6 8 1
368 13643581 695 4 4 1
369 13656435 697 1 10 15
370 13728341 698 10 9 66
371 13828201 702 0 8 88
372 13828201 702 4 9 6
373 13890551 703 2 1 49
374 13967626 713 0 6 9483
375 13979650 714 5 2 19516
376 13980402 715 8 7 12
377 14107042 718 2 4 27
378 14107042 718 6 0 1
379 14107042 718 8 10 2
380 14107042 718 8 9 31
381 14162680 723 6 3 13
382 14183942 724 6 5 1502
383 14183942 724 6 6 2
384 14298027 733 9 8 3956
385 14369308 735 9 1 6
386 14420371 739 10 0 372
387 14587226 741 2 2 3
388 14587226 741 4 10 8
389 14587226 741 8 10 2
390 14589257 742 7 10 31
391 14653403 749 2 0 33
392 14800111 751 7 6 55
393 14800111 751 9 2 119
394 14800111 751 0 9 15
395 14800111 751 8 3 485
396 14800111 751 10 7 7
397 14800111 751 3 10 17
398 14800111 751 5 6 111
399 14864416 755 9 1 352
400 15023276 766 6 7 3
401 15023276 766 10 7 7
402 15087889 768 8 4 59
403 15109038 773 4 10 87
404 15117609 774 7 5 98
405 15125261 776 6 10 137
406 15176163 782 3 4 21
407 15241854 798 4 6 33
408 15275249 804 4 10 98
409 15275249 804 4 8 8560
410 15275249 804 4 9 9
411 15339396 817 9 3 1577
412 15635247 822 7 8 479
413 15635247 822 4 2 9
414 15635247 822 9 6 4
415 15635247 822 10 6 8
416 15635247 822 3 6 4
417 15635247 822 2 10 1
418 15635247 822 10 10 1
419 15864535 823 3 2 6
420 15864535 823 8 9 3
421 15864535 823 9 8 1
422 15864535 823 9 3 13
423 15864535 823 8 6 282
424 15937204 825 5 2 27
425 15937204 825 1 8 63
426 15937204 825 4 5 112
427 15952763 829 9 6 347
428 15978414 830 2 7 448
429 16031133 833 7 1 62
430 16118407 842 1 0 94
431 16143216 845 4 7 9
432 16168135 850 5 2 5
433 16220963 858 10 2 1
434 16220963 858 7 2 1
435 16266338 861 3 6 1409
436 16289228 863 6 10 99
437 16444665 864 4 6 26
438 16444665 864 8 4 5
439 16695714 886 3 1 5
440 16718242 888 10 9 16
441 16844396 894 9 10 33
442 16844396 894 4 5 8
443 16844396 894 4 7 10
444 16844396 894 7 8 1
445 16971769 901 4 2 30
446 17084980 907 2 9 153
447 17084980 907 2 2 1642
448 17109679 909 9 4 1528
449 17162244 913 7 2 19
450 17583066 929 2 8 4
451 17583066 929 1 2 12
452 17583066 929 0 5 454
453 17583066 929 8 8 9
454 17583066 929 5 10 1
455 17583066 929 6 3 3
456 17583066 929 3 2 21
457 17583066 929 0 9 8
458 17583066 929 7 1 18
459 17583066 929 8 4 1756
460 17583066 929 8 3 169
461 17583066 929 1 8 4
462 17751930 930 9 0 9968
463 17751930 930 1 9 71
464 17751930 930 3 7 10
465 17751930 930 1 6 13
466 17904428 931 1 9 2119
467 18005337 932 4 1 2337
468 18005337 932 3 1 779
469 18005337 932 5 8 6
470 18005337 932 9 0 2
471 18005337 932 8 0 2
472 18005337 932 5 0 2
473 18050925 939 8 8 28526
474 18067211 940 0 9 5
475 18067211 940 0 7 99809
476 18337617 941 0 7 1
477 18337617 941 4 6 2
478 18337617 941 7 8 6
479 18337617 941 8 5 13
480 18337617 941 10 0 5
481 18337617 941 8 2 2
482 18337617 941 10 7 2
483 18337617 941 9 6 8
484 18337617 941 2 3 1
485 18337617 941 5 4 1
486 18337617 941 10 6 10
487 18337617 941 6 6 24
488 18348818 946 7 9 37
489 18470968 960 7 1 1039
490 18697348 967 7 7 243
491 18697348 967 4 5 7
492 18697348 967 5 3 4
493 18808706 973 0 7 14257
494 18808706 973 2 6 19
495 18870959 987 9 9 42
496 18870959 987 7 9 42
497 18882233 991 9 10 233
498 18908484 993 4 1 115
499 18950306 994 7 1 8
