11 240 500
0 229985 3 10 5 113
1 270316 5 9 8 2075
2 290074 7 1 4 57
3 420395 9 4 7 39
4 420395 9 4 4 2
5 420395 9 1 7 39
6 446073 10 5 1 870
7 590162 13 6 10 99
8 772087 17 9 8 1
9 805574 18 1 7 209
10 805574 18 1 0 61
11 978614 27 0 0 1040
12 1066704 29 10 6 2425
13 1066704 29 2 1 11
14 1167997 37 6 10 4
15 1272999 41 10 2 50
16 1317607 49 5 3 10203
17 1720383 51 2 6 1
18 1720383 51 10 0 64
19 1720383 51 9 0 10
20 1720383 51 0 5 33
21 1941231 59 2 7 6
22 1941231 59 2 5 14
23 1941231 59 1 5 14
24 1941231 59 5 7 26
25 1941231 59 2 3 5
26 1941231 59 2 1 67
27 1941231 59 2 4 8
28 1995903 64 2 6 218
29 2043927 66 0 9 82
30 2043927 66 0 6 59
31 2406543 75 4 7 4
32 2406543 75 7 5 115
33 2406543 75 3 9 1
34 2406543 75 9 4 1
35 2406543 75 7 8 1
36 2406543 75 1 5 231
37 2478183 83 0 2 165
38 2766893 84 2 3 4
39 2766893 84 6 1 8
40 2766893 84 10 2 77
41 2766893 84 4 6 1
42 2766893 84 6 7 65
43 2766893 84 10 9 1
44 2788358 88 1 6 30
45 2841694 89 7 10 53
46 2875476 92 4 0 66
47 3148288 99 0 9 42
48 3434582 102 3 6 1
49 3434582 102 9 6 7
50 3461933 103 9 5 13
51 3461933 103 3 5 87
52 3484574 104 4 8 216
53 3624880 108 2 2 1
54 3695097 116 2 8 217
55 3730696 117 0 2 132816
56 3772694 118 6 2 15
57 3893558 127 0 8 19017
58 3893558 127 0 4 115
59 3897811 128 2 0 5
60 3902389 130 7 10 226
61 3940061 132 5 0 21
62 4039975 136 8 2 59
63 4270483 137 0 10 222
64 4270483 137 1 10 222
65 4270483 137 8 6 2
66 4270483 137 5 1 12
67 4270483 137 4 2 21
68 4296288 141 5 8 67
69 4402529 146 10 4 11
70 4402529 146 6 4 5
71 4453768 150 2 4 17932
72 4716379 154 5 2 498
73 5011463 160 8 10 5
74 5111686 162 6 0 1899
75 5175129 168 2 2 15
76 5288710 174 5 6 24
77 5392254 178 7 0 104
78 5400959 179 8 7 57
79 5456921 187 7 1 15
80 5459541 188 4 10 27
81 5748914 198 6 4 2
82 5773455 202 3 1 8
83 5835603 203 7 8 150
84 5835603 203 7 6 48
85 5835603 203 8 1 5
86 5953770 210 1 3 1
87 6041396 223 7 9 1
88 6171498 229 2 4 52
89 6171498 229 2 10 5
90 6171498 229 0 0 10
91 6171498 229 0 5 4
92 6297568 230 0 1 46
93 6297568 230 0 10 8
94 6297568 230 3 4 78
95 6541950 233 0 5 1
96 6541950 233 8 2 4
97 6541950 233 3 4 11532
98 6541950 233 5 7 1
99 6651505 237 4 10 82
100 6944440 241 6 6 1
101 6944440 241 4 7 12
102 6944440 241 7 2 3905
103 6944440 241 4 2 1952
104 6944440 241 1 3 1
105 6969888 245 0 8 20
106 7135392 259 10 3 623
107 7135392 259 4 1 891
108 7135392 259 0 7 51
109 7413068 262 3 6 51
110 7413068 262 9 7 1
111 7413068 262 2 1 30
112 7413068 262 3 5 2
113 7447796 263 9 10 1524
114 7447796 263 1 10 4572
115 7447796 263 10 10 1524
116 7566890 281 1 7 651
117 7602465 282 8 4 326
118 8080084 287 7 3 17
119 8080084 287 0 3 11
120 8080084 287 2 9 1
121 8080084 287 9 1 53
122 8243337 291 5 0 3
123 8243337 291 6 7 333
124 8243337 291 4 9 182
125 8243337 291 7 1 1536
126 8243337 291 6 8 8
127 8392985 292 0 0 6
128 8392985 292 3 8 654
129 8404345 293 8 1 87
130 8496093 298 9 10 40
131 8682688 303 3 7 1
132 8849494 308 6 9 224
133 8866502 310 0 7 73
134 9141812 317 5 5 5789
135 9169983 323 5 9 187
136 9226451 324 8 5 7
137 9358552 328 7 0 11
138 9358552 328 1 5 297
139 9358552 328 5 8 267
140 9358552 328 10 5 297
141 9358552 328 8 9 2
142 9428293 335 1 10 1509
143 9461988 337 4 1 95
144 9531294 339 8 5 95
145 9531294 339 0 3 215
146 9531294 339 8 3 215
147 9793831 358 1 4 2379
148 10053432 370 1 10 35
149 10053432 370 0 8 6
150 10155053 380 10 3 238
151 10188192 386 7 3 976
152 10202490 387 3 9 1
153 10272187 388 0 8 3
154 10272187 388 0 0 709
155 10516710 390 2 9 6824
156 10516710 390 7 9 1924
157 10516710 390 6 10 1
158 10516710 390 0 5 6
159 10603884 392 1 5 5135
160 10603884 392 5 0 19
161 10615163 393 2 1 46
162 10915192 395 0 1 6
163 10915192 395 6 4 94
164 10915192 395 10 7 1
165 10915192 395 0 9 2555
166 10915192 395 8 1 33
167 10915192 395 3 6 54
168 10915192 395 7 3 10
169 10915192 395 10 4 1
170 10915192 395 1 7 41
171 10915192 395 7 1 1
172 10971954 401 0 3 1192
173 11076673 402 2 9 21
174 11076673 402 9 0 2920
175 11096401 405 2 5 15
176 11160097 407 2 7 98
177 11160097 407 2 3 139
178 11370141 409 1 1 1084
179 11370141 409 2 2 23
180 11370141 409 2 8 120
181 11370141 409 8 0 1056
182 11370141 409 10 4 4
183 11370141 409 5 4 2
184 11370141 409 5 2 7
185 11401215 412 7 1 86
186 11484350 413 2 7 32
187 11484350 413 9 5 300
188 11484350 413 2 3 25
189 11620833 424 7 5 282
190 11620833 424 7 4 84
191 11994892 428 2 1 668
192 11994892 428 7 7 1
193 11994892 428 0 0 9
194 11994892 428 0 5 822
195 11994892 428 3 4 28
196 11994892 428 4 7 1
197 11994892 428 0 6 1
198 12204633 430 5 6 190
199 12204633 430 5 3 2
200 12204633 430 9 3 8
201 12204633 430 8 0 40
202 12267581 438 8 4 10191
203 12283357 440 6 10 20
204 12331103 445 7 6 2
205 12331103 445 10 6 2
206 12384225 456 6 5 8547
207 12550326 457 0 9 13
208 12550326 457 7 7 1
209 12568029 458 2 4 1978
210 12629720 460 1 2 8
211 12791915 461 3 0 16
212 12791915 461 4 7 1
213 12791915 461 5 2 55
214 12811264 464 9 0 17
215 12814174 465 0 0 7
216 13322449 466 4 6 4
217 13322449 466 8 6 4
218 13322449 466 3 9 4
219 13322449 466 1 1 2
220 13322449 466 9 6 4
221 13448287 467 0 3 4
222 13448287 467 5 0 430
223 13448287 467 0 9 8
224 13482828 468 7 9 22
225 13491229 469 6 3 3988
226 13554746 472 6 0 14
227 13697281 473 5 2 23
228 13697281 473 9 3 14
229 14138670 475 8 9 5
230 14138670 475 3 8 2
231 14138670 475 6 10 10
232 14138670 475 6 1 13
233 14138670 475 5 3 1
234 14138670 475 4 4 1
235 14138670 475 5 4 1
236 14138670 475 6 6 1
237 14138670 475 5 2 1
238 14186239 477 2 0 196
239 14807019 498 9 3 1
240 14807019 498 5 3 1
241 14807019 498 9 8 514
242 14874410 504 10 3 26
243 15112661 507 10 6 3
244 15112661 507 3 7 72
245 15112661 507 0 2 17
246 15112661 507 1 0 6
247 15112661 507 2 2 28
248 15112661 507 6 3 7
249 15112661 507 0 0 12
250 15206240 510 7 1 5
251 15455542 513 6 9 20
252 15455542 513 8 5 172
253 15455542 513 10 3 26
254 15455542 513 6 3 21
255 15455542 513 10 9 20
256 15455542 513 3 9 20
257 15564515 529 9 9 374
258 15564515 529 4 9 374
259 15619231 535 2 1 59
260 15629960 537 5 10 11
261 15776877 550 5 6 6
262 16286192 555 0 0 1
263 16286192 555 6 0 1
264 16286192 555 10 4 829
265 16286192 555 0 8 7
266 16286192 555 3 0 2
267 16286192 555 10 1 95
268 16286192 555 9 0 1
269 16443602 556 10 1 1
270 16443602 556 3 0 1
271 16524483 558 1 7 123
272 16670241 565 1 7 39
273 16672221 566 3 6 39
274 16842760 569 9 0 26
275 16842760 569 8 0 26
276 16842760 569 5 7 1
277 17014002 576 1 4 37
278 17014002 576 0 7 9
279 17014002 576 10 10 989
280 17036821 578 3 0 66
281 17041102 580 3 8 25
282 17115063 582 4 5 179
283 17115063 582 4 7 3007
284 17153733 583 6 8 46
285 17232987 593 9 9 1350
286 17396983 602 6 6 1
287 17396983 602 6 2 848
288 17396983 602 8 5 30
289 17396983 602 8 9 57
290 17453915 606 10 0 183
291 17507196 611 5 6 4930
292 17885576 612 3 10 5
293 17885576 612 10 5 3603
294 17885576 612 7 1 3
295 17885576 612 0 3 1
296 17885576 612 4 8 17
297 17885576 612 1 7 2539
298 17885576 612 1 2 897
299 17885576 612 2 9 14
300 17917386 613 3 4 36562
301 18274816 616 5 4 3
302 18274816 616 5 0 494
303 18274816 616 4 5 1227
304 18274816 616 8 6 36
305 18274816 616 4 7 25228
306 18274816 616 9 4 1
307 18274816 616 4 9 2
308 18274816 616 0 5 1227
309 18274816 616 9 0 494
310 18336475 621 2 8 37
311 18346639 624 3 5 14198
312 18575231 633 5 4 225
313 18592255 634 7 8 2395
314 18592255 634 7 7 20
315 18619031 636 6 5 1003
316 18662557 639 2 3 55
317 18667292 642 9 1 5170
318 18886748 644 7 3 21
319 18886748 644 8 6 1
320 18886748 644 10 6 1
321 18886748 644 5 4 647
322 18886748 644 1 0 8
323 18904224 649 4 1 3092
324 18907378 650 7 10 29
325 18961799 664 5 3 26
326 19295107 671 5 2 6
327 19295107 671 6 5 270
328 19295107 671 7 5 30
329 19302042 672 10 5 10
330 19386285 678 7 4 9
331 19660415 683 5 9 15
332 19660415 683 2 1 25
333 19660415 683 1 1 50
334 19664275 684 9 2 1039
335 19731150 689 6 4 636
336 19853732 690 4 8 300
337 19958651 692 6 10 51
338 19958651 692 7 10 12
339 20465371 695 4 9 429
340 20465371 695 0 2 793
341 20465371 695 5 3 4
342 20465371 695 2 7 1
343 20465371 695 7 3 4
344 20465371 695 1 7 1
345 20484653 697 4 10 15
346 20592512 698 10 3 1526
347 20592512 698 2 5 3
348 20592512 698 10 8 312
349 20592512 698 2 10 32
350 20649635 701 6 9 1
351 20742302 702 3 0 1187
352 20742302 702 4 5 112
353 20914697 710 3 10 1
354 20914697 710 3 7 220
355 20969475 714 2 2 9758
356 20982958 716 3 10 175
357 21160564 718 5 1 6
358 21160564 718 7 9 31
359 21160564 718 5 0 1
360 21244020 723 3 7 32
361 21275913 724 6 7 124
362 21333663 730 8 2 34
363 21444926 732 0 5 132
364 21444926 732 5 5 26
365 21553962 735 6 10 8
366 21553962 735 6 2 5
367 21553962 735 6 0 70
368 21589891 738 5 1 213
369 21630557 739 10 5 86
370 21880840 741 1 1 989
371 21880840 741 0 4 33
372 21880840 741 9 7 2
373 22200166 751 7 7 3
374 22200166 751 10 8 1
375 22200166 751 7 3 970
376 22200166 751 5 1 15
377 22200166 751 8 6 55
378 22200166 751 10 6 950
379 22240115 752 8 9 5
380 22296624 755 9 10 2193
381 22534914 766 3 5 13
382 22534914 766 6 7 3
383 22638941 772 1 1 94
384 22720441 778 6 9 7
385 22749087 780 3 1 117
386 22749087 780 2 5 4
387 22764245 782 0 4 1
388 22767864 784 4 10 191
389 22826415 797 3 10 18
390 22862782 798 4 1 2953
391 22862782 798 4 0 65
392 22878190 802 10 5 226
393 22923212 805 1 6 154
394 22952809 813 10 8 83
395 22983462 815 6 9 32
396 23452871 822 7 4 1
397 23452871 822 0 8 1679
398 23452871 822 1 10 1
399 23452871 822 9 3 1
400 23452871 822 4 9 1
401 23452871 822 8 10 3
402 23452871 822 5 1 1
403 23452871 822 3 10 9
404 23452871 822 1 9 5
405 23796803 823 8 2 6
406 23796803 823 8 9 3
407 23796803 823 8 7 751
408 23796803 823 3 2 6
409 23905806 825 6 1 171
410 23905806 825 0 0 3
411 23905806 825 7 9 18
412 23905806 825 4 9 18
413 24046699 833 7 3 83
414 24097242 834 2 0 15
415 24097242 834 7 9 2
416 24244303 846 5 4 14
417 24260626 851 0 6 15
418 24263631 852 3 9 48
419 24274347 854 6 10 67
420 24324967 857 9 4 62
421 24362527 859 6 3 63
422 24406160 862 9 9 70
423 24666998 864 9 5 15
424 24666998 864 9 4 5
425 24666998 864 0 10 517
426 24666998 864 1 7 4
427 24666998 864 9 1 4
428 24697703 870 0 3 6
429 24789318 874 2 2 46
430 24811399 875 4 7 9
431 24852407 881 5 2 2247
432 25043572 886 6 0 14
433 25043572 886 4 8 20
434 25077363 888 10 10 10210
435 25087160 889 9 2 34
436 25266595 894 6 5 2
437 25266595 894 3 3 6
438 25266595 894 4 8 1
439 25375963 896 3 2 38
440 25375963 896 8 2 38
441 25375963 896 8 9 10
442 25375963 896 10 3 3173
443 25427975 899 6 10 114
444 25427975 899 6 0 1733
445 25457654 901 10 3 7420
446 25513961 903 1 9 9
447 25541673 905 10 8 95
448 25627471 907 2 6 68
449 25627471 907 4 2 821
450 25627471 907 2 3 18
451 25824786 919 1 1 1
452 25939204 926 7 10 8973
453 26374600 929 6 2 42
454 26374600 929 3 1 1
455 26374600 929 4 3 3
456 26374600 929 6 9 28
457 26374600 929 10 7 2
458 26374600 929 7 6 54
459 26374600 929 4 10 1
460 26627895 930 1 10 683
461 26627895 930 2 1 28
462 26627895 930 6 7 10
463 26856642 931 6 6 8
464 26856642 931 3 2 81995
465 26856642 931 4 3 49
466 26856642 931 4 0 3169
467 26856642 931 0 4 909
468 26856642 931 2 6 8
469 26856642 931 0 2 6431
470 26856642 931 6 3 24
471 26856642 931 2 0 11622
472 26856642 931 0 6 17
473 27008006 932 9 10 23
474 27008006 932 3 3 3
475 27008006 932 9 2 902
476 27023473 934 8 7 122
477 27100817 940 0 4 44
478 27100817 940 0 6 15144
479 27506426 941 3 7 2
480 27506426 941 4 1 192
481 27506426 941 0 1 96
482 27506426 941 10 0 5
483 27506426 941 7 3 1
484 27506426 941 1 6 5
485 27506426 941 10 8 1
486 27523228 946 1 9 112
487 27523228 946 7 9 37
488 27610863 950 7 8 44
489 27703706 959 10 0 127
490 27746159 962 1 9 174
491 28046022 967 5 8 44
492 28046022 967 0 0 9
493 28046022 967 5 9 2
494 28046022 967 4 7 243
495 28046022 967 0 8 44
496 28213059 973 0 7 14257
497 28213059 973 0 9 112
498 28277257 980 2 10 102
499 28451068 997 0 3 22
