11 240 500
0 24103 0 1 2 152
1 24103 0 9 7 46
2 24103 0 1 6 24
3 24103 0 1 4 103
4 168158 9 1 8 2
5 168158 9 4 0 7
6 168158 9 4 8 2
7 178429 10 8 1 870
8 236064 13 3 9 2319
9 308835 17 10 1 44
10 308835 17 6 8 1
11 308835 17 2 2 8942
12 322229 18 1 0 61
13 362511 21 4 6 290
14 362511 21 4 4 22
15 362511 21 3 10 68
16 364869 22 6 5 14781
17 391445 27 0 0 1040
18 426681 29 2 5 28
19 426681 29 10 6 2425
20 438266 31 1 7 4140
21 443025 32 7 4 14
22 467198 37 6 10 4
23 489413 39 4 5 6
24 509199 41 10 7 58
25 520972 44 1 6 217
26 523243 45 6 6 1063
27 526717 48 8 8 26
28 543883 50 9 0 44
29 543883 50 9 10 5268
30 688153 51 0 2 10
31 688153 51 3 10 1
32 688153 51 3 2 5
33 688153 51 2 9 1
34 688153 51 0 8 6
35 790889 61 10 2 24
36 817570 66 0 8 966
37 849871 70 4 7 3
38 871957 73 6 6 58
39 962617 75 4 2 7002
40 962617 75 6 5 231
41 962617 75 2 8 1
42 962617 75 3 4 1
43 1106757 84 2 1 8
44 1106757 84 7 7 21
45 1106757 84 2 10 6
46 1106757 84 3 8 1
47 1106757 84 4 10 2
48 1373832 102 0 2 483
49 1373832 102 4 5 14
50 1373832 102 5 1 3
51 1373832 102 2 0 70
52 1373832 102 5 2 483
53 1373832 102 3 2 1451
54 1373832 102 9 10 21
55 1449952 108 5 3 13
56 1449952 108 3 0 226
57 1456943 110 3 1 64
58 1478038 116 2 6 106
59 1478038 116 2 5 254
60 1492278 117 0 2 132816
61 1492278 117 0 3 30
62 1509077 118 2 2 2
63 1514472 122 0 1 98
64 1517430 123 10 10 32
65 1615990 136 1 2 59
66 1615990 136 1 4 6084
67 1708193 137 9 8 4
68 1708193 137 5 2 21
69 1708193 137 1 9 2136
70 1717481 139 8 1 504
71 1736398 143 0 5 3991
72 1767711 148 0 10 87
73 1767711 148 2 10 21
74 1767711 148 1 10 43
75 1785323 152 4 1 1312
76 1886551 154 2 10 2
77 1886551 154 7 1 33
78 1886551 154 0 8 196
79 1886551 154 3 3 28
80 2004585 160 0 9 9
81 2004585 160 4 10 11
82 2004585 160 10 3 7
83 2004585 160 3 9 4
84 2044674 162 5 0 1899
85 2044674 162 7 3 382
86 2064642 166 10 4 13
87 2086128 170 3 8 83
88 2095971 172 7 8 29
89 2115484 174 5 4 18
90 2115484 174 6 10 9
91 2156901 178 7 0 104
92 2299565 198 2 10 7
93 2299565 198 7 4 2
94 2299565 198 9 4 4
95 2339212 205 3 2 11780
96 2381508 210 0 3 1
97 2389569 216 9 5 2
98 2416558 223 3 9 2
99 2426861 228 3 2 31
100 2468599 229 2 10 5
101 2468599 229 2 0 31
102 2468599 229 0 8 118
103 2519027 230 8 10 2
104 2519027 230 8 2 48
105 2616780 233 5 7 1
106 2616780 233 1 3 4
107 2616780 233 3 5 1
108 2616780 233 2 5 1
109 2616780 233 0 2 13
110 2660602 237 4 3 1
111 2660602 237 4 7 51
112 2677176 239 5 1 9
113 2777776 241 4 3 1
114 2793153 249 5 5 21
115 2801614 255 1 1 42
116 2854156 259 1 0 14
117 2854362 260 0 8 471
118 2965227 262 9 2 6
119 2965227 262 0 9 30
120 2965227 262 8 9 15
121 2979118 263 8 10 3048
122 3024864 279 0 10 162
123 3040986 282 8 6 237
124 3232033 287 3 10 15
125 3232033 287 0 4 1
126 3232033 287 0 1 6
127 3232033 287 3 2 3
128 3232033 287 0 7 1615
129 3232033 287 4 9 1
130 3232033 287 0 2 6
131 3232033 287 6 2 3
132 3232033 287 10 1 3
133 3232033 287 6 10 7
134 3232033 287 0 5 17
135 3297335 291 1 9 1096
136 3297335 291 5 0 3
137 3357194 292 3 0 12
138 3357194 292 10 8 3054
139 3357194 292 2 1 197
140 3357194 292 4 8 218
141 3357194 292 0 1 197
142 3473075 303 3 7 1
143 3473075 303 10 7 33
144 3473075 303 1 7 3
145 3473075 303 8 10 14
146 3522236 305 4 7 38
147 3539797 308 6 0 160
148 3656724 317 6 9 10
149 3656724 317 9 0 4
150 3656724 317 1 7 2009
151 3656724 317 10 7 1004
152 3656724 317 4 7 3013
153 3690580 324 0 10 24
154 3743421 328 10 9 14
155 3758748 330 0 2 201
156 3784795 337 4 3 98
157 3812517 339 0 3 215
158 3854548 340 5 2 3
159 3854548 340 7 0 20
160 3854548 340 2 4 1
161 3854548 340 0 0 20
162 3891841 351 8 1 221
163 3917532 358 1 8 49
164 3939798 362 3 2 2
165 3946134 364 4 6 40
166 3980764 369 10 3 6
167 4021372 370 6 9 23
168 4021372 370 4 2 1
169 4021372 370 3 8 3
170 4021372 370 1 3 30
171 4021372 370 8 8 3
172 4027549 372 3 0 349
173 4108874 388 7 10 17
174 4108874 388 7 8 88
175 4108874 388 7 3 3122
176 4108874 388 7 7 30
177 4206684 390 7 5 20
178 4206684 390 1 6 229
179 4206684 390 5 3 2686
180 4206684 390 2 8 767
181 4241553 392 0 5 3851
182 4241553 392 8 5 2567
183 4366077 395 3 5 177
184 4430669 402 2 6 88
185 4430669 402 9 10 117
186 4464038 407 2 2 73
187 4548056 409 5 8 13
188 4548056 409 2 2 23
189 4593740 413 9 0 144
190 4593740 413 2 2 3014
191 4602035 417 6 2 58
192 4797956 428 0 3 3
193 4797956 428 6 5 822
194 4797956 428 2 2 1
195 4797956 428 7 0 1
196 4797956 428 7 6 2
197 4797956 428 1 4 1
198 4797956 428 7 3 3
199 4797956 428 0 9 1
200 4797956 428 7 9 1
201 4797956 428 1 2 17
202 4797956 428 2 10 25
203 4881853 430 8 0 40
204 4881853 430 4 6 190
205 4881853 430 10 0 9
206 4888099 432 7 7 22
207 4892085 434 9 2 74
208 4913342 440 4 10 4
209 4922048 443 6 4 108
210 4922048 443 6 5 69
211 4922048 443 6 2 42
212 4938071 448 6 1 2
213 4953690 456 6 5 8547
214 5020130 457 8 9 13
215 5020130 457 10 0 8
216 5020130 457 8 7 1
217 5020130 457 6 6 6
218 5020130 457 5 9 13
219 5020130 457 10 10 5
220 5038972 459 0 5 651
221 5116766 461 1 7 1
222 5116766 461 6 6 122
223 5116766 461 7 5 1
224 5328979 466 5 10 4
225 5328979 466 10 3 1801
226 5328979 466 7 1 8
227 5328979 466 8 1 5
228 5328979 466 8 7 1
229 5328979 466 4 6 4
230 5328979 466 10 1 2
231 5328979 466 5 9 4
232 5328979 466 4 3 1801
233 5407791 471 7 10 923
234 5421898 472 7 0 7
235 5478912 473 7 5 68
236 5478912 473 10 3 59
237 5478912 473 8 2 15
238 5655468 475 5 0 8
239 5655468 475 9 7 9
240 5655468 475 5 6 1
241 5655468 475 1 1 3
242 5655468 475 3 10 5
243 5655468 475 8 7 4
244 5655468 475 0 0 2
245 5655468 475 6 9 5
246 5655468 475 7 10 5
247 5655468 475 1 4 1
248 5655468 475 10 6 1
249 5655468 475 8 5 2
250 5674495 477 2 4 41
251 5674495 477 2 10 99647
252 5694248 480 8 5 25
253 5721613 487 5 9 2682
254 5721613 487 5 7 808
255 5743903 489 2 5 94
256 5743903 489 9 0 11786
257 5743903 489 3 0 785
258 5743903 489 9 10 7526
259 5922807 498 5 8 514
260 5922807 498 9 1 319
261 5922807 498 8 6 1
262 5922807 498 7 9 18
263 5922807 498 2 10 13
264 5922807 498 7 10 39
265 5922807 498 10 2 4
266 5922807 498 9 8 514
267 5922807 498 8 4 50
268 5922807 498 8 0 10
269 5922807 498 9 6 1
270 5922807 498 10 8 514
271 5936534 499 7 4 225
272 6045064 507 2 10 89
273 6045064 507 3 1 1
274 6045064 507 1 7 72
275 6045064 507 5 3 2
276 6045064 507 10 1 1
277 6045064 507 2 1 1
278 6045064 507 8 9 7
279 6048634 508 5 8 38
280 6082496 510 7 3 4
281 6082496 510 6 5 3
282 6083316 511 8 2 14390
283 6182216 513 1 8 5049
284 6182216 513 0 0 5
285 6182216 513 7 1 58
286 6182216 513 6 3 21
287 6202718 516 7 3 1
288 6247692 535 9 1 238
289 6253368 538 4 8 3
290 6278501 542 1 5 33196
291 6294432 547 4 9 79
292 6298015 549 8 5 792
293 6514476 555 8 2 876
294 6514476 555 1 2 876
295 6514476 555 3 0 2
296 6514476 555 7 6 47
297 6514476 555 2 1 191
298 6514476 555 10 10 2
299 6514476 555 7 10 4
300 6577440 556 5 5 3164
301 6577440 556 10 7 15
302 6577440 556 3 10 335
303 6591880 557 3 5 64
304 6655083 563 10 3 653
305 6737104 569 4 8 1
306 6737104 569 5 3 1
307 6754007 575 1 8 15
308 6805600 576 6 1 1
309 6807375 577 8 0 1169
310 6846025 582 4 0 2716
311 6861493 583 6 1 2272
312 6876825 588 4 5 688
313 6888946 591 8 10 2
314 6901139 597 0 4 14
315 6981566 606 10 5 1333
316 6985107 608 8 4 11
317 6986570 610 1 3 27
318 7002878 611 5 6 4930
319 7154230 612 6 4 26
320 7154230 612 7 1 3
321 7154230 612 8 2 897
322 7154230 612 2 2 448
323 7154230 612 7 3 1
324 7166954 613 3 4 36562
325 7309926 616 5 9 14
326 7309926 616 7 8 3
327 7309926 616 8 6 36
328 7309926 616 8 10 854
329 7309926 616 9 1 1
330 7309926 616 1 4 1
331 7309926 616 7 1 1
332 7358744 626 2 3 6058
333 7430092 633 5 2 6
334 7464513 638 0 6 40
335 7554699 644 9 9 54
336 7554699 644 3 1 748
337 7554699 644 2 7 92
338 7554699 644 6 10 1
339 7554699 644 0 0 25
340 7558959 646 2 9 12
341 7718043 671 10 1 238
342 7718043 671 5 9 8
343 7720816 672 8 5 20
344 7720816 672 8 2 85
345 7742083 675 2 7 2702
346 7768485 681 4 4 1319
347 7892460 689 6 4 636
348 7941492 690 0 1 12
349 7983460 692 6 5 222
350 7983460 692 2 10 12
351 7983460 692 10 1 48
352 7997019 693 8 3 1542
353 8186148 695 2 9 1503
354 8186148 695 0 2 793
355 8186148 695 8 1 3
356 8186148 695 8 2 793
357 8186148 695 0 7 2
358 8186148 695 1 10 1
359 8186148 695 1 4 1
360 8186148 695 5 1 3
361 8186148 695 0 10 3
362 8237005 698 2 10 32
363 8237005 698 10 2 25
364 8259854 701 3 9 1
365 8259854 701 7 2 15
366 8296921 702 4 8 11
367 8334330 703 9 3 37
368 8334330 703 9 7 548
369 8365879 710 3 1 44
370 8387790 714 5 2 19516
371 8464225 718 5 9 11729
372 8464225 718 7 4 27
373 8464225 718 5 7 5
374 8464225 718 0 9 31
375 8464225 718 7 3 15
376 8470577 722 10 1 2439
377 8497608 723 6 2 3584
378 8510365 724 6 4 24
379 8510365 724 6 9 286
380 8577970 732 9 8 39
381 8577970 732 7 2 240
382 8577970 732 6 5 66
383 8578816 733 9 8 3956
384 8635451 737 0 0 44
385 8652222 739 10 3 809
386 8752336 741 1 0 1089
387 8771405 744 5 8 302
388 8771774 745 3 10 118
389 8792041 749 9 4 6
390 8792041 749 2 9 1
391 8792041 749 10 0 33
392 8880066 751 5 6 111
393 8880066 751 9 7 3
394 8880066 751 7 7 3
395 8896046 752 0 0 717
396 8943116 757 5 5 578
397 8943116 757 9 1 38
398 9013965 766 10 7 7
399 9013965 766 1 4 16
400 9013965 766 1 6 172
401 9052733 768 0 8 21
402 9065423 773 6 10 17
403 9065423 773 10 10 34
404 9088176 778 7 9 14
405 9099635 780 1 5 14
406 9105698 782 0 4 1
407 9176412 807 3 10 55
408 9181330 814 1 3 170
409 9212226 821 6 9 68
410 9381148 822 10 2 3
411 9381148 822 6 1 1
412 9381148 822 7 8 479
413 9381148 822 9 9 1
414 9381148 822 2 6 8
415 9381148 822 4 7 138
416 9518721 823 8 6 282
417 9518721 823 5 3 6
418 9522205 824 0 10 47
419 9562322 825 5 2 27
420 9562322 825 7 1 19
421 9562322 825 6 9 56
422 9568894 828 6 0 60
423 9587048 830 8 2 21
424 9587048 830 2 7 448
425 9618679 833 7 4 24511
426 9671044 842 1 7 25
427 9759803 861 3 6 1409
428 9866799 864 4 5 15
429 9866799 864 6 6 17
430 9866799 864 0 0 7236
431 9866799 864 4 8 113
432 9866799 864 7 5 30
433 9868568 866 10 3 552
434 9879081 870 3 3 6
435 9879081 870 8 10 22
436 9891746 871 10 9 7
437 9891746 871 6 8 758
438 9897894 872 1 6 11
439 9915727 874 2 4 61
440 9915727 874 2 1 40
441 10017428 886 10 3 12
442 10017428 886 3 4 1
443 10030945 888 10 9 16
444 10106638 894 9 2 35
445 10106638 894 8 3 6
446 10150385 896 1 10 33
447 10150385 896 9 10 16
448 10171190 899 6 3 108
449 10183061 901 10 3 7420
450 10205646 904 5 6 59
451 10216669 905 2 8 95
452 10216669 905 6 8 95
453 10250988 907 2 5 23
454 10265807 909 9 6 8913
455 10280738 911 8 0 1365
456 10297346 913 0 2 19
457 10316041 918 1 8 100
458 10329914 919 6 1 1
459 10375681 926 7 0 37
460 10375681 926 7 4 65
461 10549840 929 6 6 54
462 10549840 929 8 10 2
463 10549840 929 5 3 3
464 10549840 929 3 3 3
465 10549840 929 7 9 4
466 10549840 929 7 7 231
467 10549840 929 8 8 9
468 10549840 929 1 3 6
469 10549840 929 6 4 878
470 10651158 930 4 2 7
471 10651158 930 1 0 2492
472 10651158 930 7 6 13
473 10651158 930 7 2 7
474 10651158 930 2 0 2492
475 10742656 931 1 4 909
476 10742656 931 5 10 225
477 10742656 931 4 10 225
478 10803202 932 10 9 4
479 10803202 932 9 0 2
480 10840326 940 0 7 99809
481 11002570 941 1 6 5
482 11002570 941 6 1 96
483 11002570 941 1 7 1
484 11002570 941 3 8 2
485 11002570 941 0 2 2
486 11004977 943 2 8 4884
487 11009291 946 1 9 112
488 11081482 959 10 2 32
489 11098288 961 0 5 343
490 11218408 967 0 4 14
491 11218408 967 6 6 3080
492 11218408 967 4 8 44
493 11218408 967 7 1 1476
494 11218408 967 6 9 2
495 11285223 973 0 0 2
496 11345090 993 4 3 13014
497 11374762 995 5 6 518
498 11380427 997 0 3 22
499 11395905 999 8 2 26
