11 227 500
0 229985 3 10 5 113
1 229985 3 9 5 5552
2 420395 9 4 6 70
3 420395 9 4 4 2
4 456375 12 3 2 8
5 590162 13 8 4 340
6 590162 13 8 8 1
7 590162 13 6 4 340
8 610215 16 1 4 7
9 772087 17 7 4 12
10 772087 17 5 10 1
11 772087 17 7 8 1
12 772087 17 2 2 8942
13 772087 17 9 9 658
14 906279 21 3 6 41
15 1114537 36 3 4 53
16 1167997 37 3 8 6
17 1302430 44 1 6 217
18 1359708 50 7 0 44
19 1720383 51 9 9 1
20 1720383 51 2 0 10
21 1720383 51 3 10 1
22 1720383 51 9 10 1
23 1720383 51 10 7 5
24 1720383 51 0 10 1
25 1941231 59 8 6 19
26 1941231 59 8 9 18
27 2124678 70 4 7 3
28 2124678 70 8 7 1
29 2124906 71 8 0 65
30 2187366 74 7 7 25
31 2406543 75 7 6 14
32 2406543 75 0 0 5
33 2406543 75 7 3 168
34 2406543 75 4 7 4
35 2406543 75 10 4 3
36 2766893 84 4 1 120
37 2766893 84 6 6 1
38 2767711 85 9 6 404
39 2769201 86 7 5 3487
40 2841694 89 7 3 43
41 2874847 91 9 2 4953
42 2874847 91 3 2 550
43 2921290 94 4 5 1513
44 3148288 99 9 3 63
45 3148288 99 7 8 5
46 3434582 102 3 6 1
47 3434582 102 2 10 21
48 3492076 105 1 5 326
49 3624880 108 5 4 34
50 3624880 108 8 3 27
51 3624880 108 2 0 226
52 3624880 108 7 7 76
53 3624880 108 0 2 1
54 3624880 108 6 5 8
55 3627003 109 6 0 101
56 3730696 117 0 9 4276
57 3772694 118 6 2 15
58 3780824 120 9 7 124
59 3782250 121 4 1 48
60 3893558 127 0 0 130
61 3902389 130 7 10 226
62 3940061 132 0 7 7571
63 4270483 137 3 8 9
64 4293704 139 2 1 25
65 4402529 146 6 4 5
66 4716379 154 10 8 87
67 4716379 154 4 5 69
68 4716379 154 4 10 2
69 4716379 154 7 7 642
70 4716379 154 3 4 10
71 5011463 160 2 0 11
72 5011463 160 0 4 19
73 5011463 160 6 1 1
74 5011463 160 9 10 57
75 5111686 162 8 6 14
76 5111686 162 2 10 75
77 5158878 165 0 5 110
78 5161606 166 10 4 13
79 5164366 167 2 5 23577
80 5288710 174 6 6 96
81 5387791 177 3 7 17
82 5521551 192 3 8 53
83 5748914 198 6 0 5
84 5773455 202 3 4 167
85 5773455 202 3 7 44
86 5835603 203 8 8 45
87 5835603 203 7 5 4342
88 5867787 207 7 0 68
89 6297568 230 0 0 2
90 6297568 230 0 1 46
91 6297568 230 8 1 46
92 6307593 231 8 6 2
93 6541950 233 7 10 160
94 6541950 233 1 3 4
95 6541950 233 10 5 4
96 6541950 233 2 2 4
97 6541950 233 10 10 9
98 6541950 233 7 4 1153
99 6541950 233 4 0 7
100 6651505 237 4 10 82
101 6651505 237 10 9 11
102 6651505 237 10 8 53
103 6651505 237 10 10 82
104 6692941 239 8 1 9
105 6944440 241 6 0 9
106 6944440 241 6 4 14
107 6944440 241 4 9 1226
108 6944440 241 1 0 9
109 7135392 259 7 1 2675
110 7135392 259 8 8 8101
111 7135392 259 10 7 25
112 7413068 262 0 4 1
113 7413068 262 0 5 2
114 7413068 262 0 6 8
115 7413068 262 9 3 1
116 7413068 262 0 8 21
117 7413068 262 9 7 1
118 7413068 262 8 10 55
119 7413068 262 9 4 1
120 7413068 262 3 4 1
121 7413068 262 0 0 19
122 7554385 277 2 7 3263
123 7602465 282 8 4 326
124 7602465 282 8 10 44
125 7602465 282 8 0 16296
126 7642178 285 4 1 297
127 7642178 285 4 5 15527
128 8080084 287 8 2 9
129 8080084 287 5 5 70
130 8080084 287 1 3 5
131 8080084 287 10 9 1
132 8080084 287 3 2 3
133 8080084 287 1 10 7
134 8243337 291 3 0 6
135 8392985 292 6 8 218
136 8424782 296 4 7 61
137 8496093 298 9 0 21
138 8785709 304 2 5 23
139 8785709 304 2 10 977
140 8849494 308 6 8 78
141 8849494 308 6 2 3
142 9141812 317 5 9 21
143 9141812 317 4 1 14
144 9141812 317 6 5 3859
145 9226451 324 6 5 7
146 9226451 324 5 10 48
147 9226451 324 8 5 7
148 9254806 327 1 3 3434
149 9358552 328 10 0 312
150 9358552 328 8 9 2
151 9428293 335 1 3 1
152 9461988 337 4 1 95
153 9464105 338 7 5 18
154 9531294 339 6 5 190
155 9636372 340 0 4 1
156 9723177 350 9 6 38
157 9865337 364 4 6 40
158 9951910 369 10 7 1
159 9951910 369 10 9 168
160 10077760 378 10 6 120
161 10155053 380 10 9 703
162 10188192 386 10 3 976
163 10272187 388 7 0 709
164 10272187 388 0 1 16
165 10516710 390 6 8 767
166 10516710 390 10 8 767
167 10516710 390 10 3 596
168 10516710 390 2 6 114
169 10603884 392 5 0 19
170 10915192 395 9 4 1
171 10915192 395 8 3 10
172 10915192 395 7 8 33
173 10915192 395 5 8 66
174 10915192 395 9 10 10
175 11076673 402 9 0 2920
176 11076673 402 9 9 42
177 11080725 403 4 8 15143
178 11160097 407 2 9 3032
179 11370141 409 6 1 1627
180 11370141 409 5 5 797
181 11370141 409 2 5 3188
182 11401215 412 7 1 86
183 11484350 413 2 10 7
184 11528135 420 5 8 36
185 11528135 420 6 10 64
186 11576080 422 5 3 54
187 11620833 424 7 9 6021
188 11994892 428 3 1 1336
189 11994892 428 3 7 97
190 11994892 428 10 1 668
191 11994892 428 3 9 1
192 11994892 428 3 6 1
193 11994892 428 6 8 7
194 12204633 430 10 5 33
195 12204633 430 10 1 1051
196 12204633 430 1 5 16
197 12204633 430 10 0 9
198 12215901 431 6 0 184
199 12230212 434 2 2 37
200 12230212 434 8 2 37
201 12283357 440 5 10 4
202 12283357 440 5 0 14
203 12283357 440 6 3 60
204 12289149 442 6 1 1280
205 12331103 445 7 6 2
206 12350519 450 9 4 2471
207 12381379 455 5 0 30
208 12550326 457 8 10 5
209 12550326 457 5 6 6
210 12629720 460 1 0 38977
211 12629720 460 1 10 64
212 12791915 461 9 5 1
213 12791915 461 9 7 1
214 12791915 461 7 6 614
215 12791915 461 0 2 5
216 12791915 461 0 8 9
217 12811264 464 9 0 17
218 13322449 466 2 6 20
219 13322449 466 5 6 8
220 13322449 466 6 8 1
221 13322449 466 9 6 4
222 13322449 466 1 2 804
223 13322449 466 5 5 1
224 13322449 466 5 8 1
225 13322449 466 5 4 217
226 13448287 467 10 7 23
227 13482828 468 7 3 165
228 13697281 473 7 10 5
229 13697281 473 10 3 59
230 13697281 473 0 10 1
231 14138670 475 9 10 15
232 14138670 475 7 2 1
233 14138670 475 8 6 4
234 14138670 475 8 2 3
235 14138670 475 0 6 1
236 14138670 475 6 0 2
237 14138670 475 2 2 1
238 14138670 475 9 5 2
239 14219828 479 8 9 1
240 14359759 489 0 0 785
241 14807019 498 6 0 10
242 14807019 498 5 7 14
243 14807019 498 9 4 50
244 14807019 498 5 5 702
245 14807019 498 4 10 13
246 14807019 498 10 9 1
247 14807019 498 0 4 50
248 15112661 507 4 7 72
249 15112661 507 1 8 52
250 15206240 510 6 9 1
251 15206240 510 7 2 20
252 15206240 510 6 5 3
253 15455542 513 8 3 5
254 15455542 513 8 10 2
255 15455542 513 9 9 40
256 15455542 513 0 0 5
257 15524884 522 4 9 174
258 15528643 524 1 8 1009
259 15564515 529 3 9 374
260 15619231 535 1 7 6
261 15647679 541 4 3 230
262 15696252 542 1 10 78241
263 15702457 546 4 7 78
264 15834018 551 8 1 3
265 16286192 555 0 8 7
266 16286192 555 0 0 1
267 16286192 555 6 5 1
268 16286192 555 1 10 1
269 16286192 555 8 8 7
270 16286192 555 10 8 7
271 16286192 555 1 3 202
272 16286192 555 7 10 4
273 16286192 555 4 1 191
274 16286192 555 7 0 1
275 16286192 555 8 4 829
276 16286192 555 9 0 1
277 16286192 555 6 10 1
278 16286192 555 2 0 2
279 16286192 555 10 1 95
280 16443602 556 10 0 11
281 16443602 556 5 4 4
282 16443602 556 5 1 2
283 16443602 556 8 0 1
284 16443602 556 9 10 335
285 16443602 556 9 7 110
286 16443602 556 5 8 109
287 16670241 565 1 0 14
288 16670241 565 1 6 430
289 16842760 569 0 10 6
290 16842760 569 10 7 1
291 16842760 569 5 6 1
292 16842760 569 6 2 170
293 16842760 569 8 0 26
294 16842760 569 9 0 26
295 17014002 576 10 3 30
296 17014002 576 0 7 9
297 17192064 588 4 6 76
298 17192064 588 4 4 244
299 17396983 602 6 8 259
300 17453915 606 10 2 49
301 17466425 610 1 3 27
302 17885576 612 5 3 1
303 17885576 612 5 6 1
304 17885576 612 8 7 2539
305 17885576 612 6 4 26
306 17885576 612 5 4 80
307 17885576 612 8 2 897
308 17917386 613 3 3 19596
309 18274816 616 9 6 36
310 18274816 616 9 1 1
311 18274816 616 10 7 200
312 18274816 616 7 6 36
313 18274816 616 1 0 1483
314 18274816 616 8 1 1
315 18274816 616 2 10 854
316 18281633 617 4 2 116
317 18346639 624 3 5 14198
318 18406759 627 1 7 2270
319 18497213 632 7 1 1214
320 18575231 633 5 1 368
321 18575231 633 5 4 225
322 18614308 635 5 10 15796
323 18661283 638 4 6 40
324 18670327 643 0 4 19
325 18886748 644 3 0 8
326 18886748 644 4 4 647
327 18897399 646 5 9 12
328 18901822 647 3 3 1338
329 18924868 658 0 3 6037
330 18959486 661 7 0 13
331 18959502 662 4 4 2
332 18994006 668 5 7 18
333 19295107 671 6 5 270
334 19295107 671 2 3 123
335 19295107 671 7 4 671
336 19305758 673 0 1 956
337 19355208 675 2 2 222
338 19363899 676 8 4 41
339 19421213 681 5 4 1319
340 19660415 683 3 6 31
341 19660415 683 9 1 25
342 19660415 683 7 2 1527
343 19660415 683 3 2 4582
344 19660415 683 10 5 1
345 19681613 687 10 2 32
346 19681613 687 0 2 16
347 19853732 690 8 3 45
348 19853732 690 8 9 17
349 19853732 690 0 10 48
350 19853732 690 8 0 3850
351 19958651 692 2 5 10
352 19958651 692 10 7 4345
353 20465371 695 9 4 2
354 20465371 695 3 3 4
355 20465371 695 0 9 2791
356 20465371 695 2 3 13
357 20465371 695 5 6 1
358 20465371 695 8 1 3
359 20465371 695 10 3 35
360 20742302 702 4 5 112
361 20835827 703 9 0 37
362 20835827 703 9 5 40
363 20835827 703 9 6 38
364 20835827 703 2 4 57
365 20835827 703 2 2 4702
366 20914697 710 3 10 1
367 20914697 710 3 8 105
368 20969475 714 5 4 563
369 20969475 714 10 4 1126
370 20970604 715 8 7 12
371 21160564 718 0 7 5
372 21160564 718 2 10 21
373 21244020 723 3 10 11
374 21244020 723 3 8 7
375 21244020 723 6 1 1
376 21317523 727 10 10 104
377 21444926 732 5 9 46
378 21553962 735 6 7 1348
379 21553962 735 9 7 1348
380 21553962 735 9 8 70
381 21880840 741 6 7 14
382 21880840 741 9 5 11
383 21880840 741 8 9 44
384 21880840 741 1 0 1089
385 21880840 741 2 7 2
386 21928514 744 7 0 8
387 21980104 749 10 5 24
388 22200166 751 8 4 13
389 22200166 751 5 3 727
390 22200166 751 7 2 477
391 22200166 751 4 7 10
392 22200166 751 9 2 119
393 22357792 757 9 5 1734
394 22397202 762 9 1 36
395 22405310 765 9 0 12661
396 22534914 766 6 3 1
397 22631833 768 0 1 41
398 22635016 771 0 3 264
399 22663557 773 4 10 87
400 22720441 778 1 1 837
401 22720441 778 3 1 279
402 22749087 780 1 5 14
403 22749087 780 9 8 6604
404 22749087 780 9 5 34
405 22794817 787 7 4 3
406 22814538 791 7 1 1
407 22912873 804 4 0 117
408 22953326 814 1 3 170
409 22985354 816 2 8 132
410 23030565 821 7 9 36
411 23452871 822 8 5 156
412 23452871 822 10 7 138
413 23452871 822 9 5 26
414 23452871 822 1 0 1
415 23452871 822 1 5 26
416 23452871 822 5 2 3
417 23796803 823 3 2 6
418 23796803 823 10 3 2
419 23796803 823 10 1 969
420 23796803 823 3 1 969
421 23796803 823 2 0 8
422 23796803 823 5 0 8
423 23796803 823 8 3 9
424 23796803 823 5 7 751
425 23905806 825 1 8 63
426 23905806 825 4 9 18
427 23905806 825 6 0 115
428 23905806 825 4 5 112
429 23905806 825 10 4 62
430 23905806 825 4 2 27
431 24046699 833 7 4 24511
432 24097242 834 7 4 4
433 24097242 834 1 0 15
434 24244303 846 5 2 142
435 24244303 846 5 10 165
436 24246869 847 6 6 38995
437 24250327 849 9 10 39
438 24250327 849 7 10 39
439 24362527 859 6 1 2
440 24406160 862 9 9 70
441 24666998 864 1 9 35
442 24666998 864 0 5 30
443 24666998 864 0 4 17
444 24666998 864 8 1 4
445 24852407 881 6 2 1685
446 25043572 886 8 4 1
447 25043572 886 5 9 751
448 25043572 886 3 4 1
449 25043572 886 9 6 555
450 25102606 892 10 7 320
451 25266595 894 7 5 4
452 25266595 894 8 4 18
453 25266595 894 4 7 10
454 25266595 894 6 3 6
455 25266595 894 10 3 6
456 25266595 894 9 1 4
457 25375963 896 10 10 16
458 25375963 896 10 2 38
459 25375963 896 1 0 15751
460 25375963 896 3 0 1968
461 25375963 896 4 3 1586
462 25427975 899 6 5 249
463 25664519 909 9 10 26
464 26374600 929 2 8 4
465 26374600 929 2 0 2
466 26374600 929 6 0 655
467 26374600 929 7 1 18
468 26374600 929 2 7 2
469 26374600 929 1 2 12
470 26627895 930 8 6 13
471 26856642 931 10 9 2119
472 26856642 931 4 4 909
473 26856642 931 0 7 6
474 26856642 931 6 3 24
475 27008006 932 0 4 6
476 27008006 932 0 10 23
477 27008006 932 1 10 23
478 27008006 932 3 1 779
479 27008006 932 10 2 1805
480 27008006 932 9 9 9
481 27506426 941 10 10 36
482 27506426 941 6 6 24
483 27506426 941 6 2 5
484 27562342 948 8 4 5
485 27572986 949 2 4 3132
486 27572986 949 10 4 3132
487 27745720 961 2 5 687
488 28046022 967 7 2 30
489 28046022 967 0 4 14
490 28046022 967 1 9 9
491 28046022 967 5 3 4
492 28046022 967 6 4 14
493 28046022 967 7 1 1476
494 28136027 972 10 10 169
495 28213059 973 0 2 17
496 28314350 989 8 5 56
497 28362726 993 4 4 210
498 28425459 994 4 5 64
499 28425459 994 6 5 97
