11 250 500
0 120519 0 9 5 6
1 120519 0 9 8 56
2 122691 1 9 1 33309
3 459971 3 5 1 14
4 459971 3 5 4 3213
5 459971 3 5 2 11041
6 459971 3 10 2 11041
7 840790 9 4 6 70
8 912750 12 3 2 8
9 1180324 13 10 1 1591
10 1544175 17 5 4 12
11 1544175 17 10 1 44
12 1611148 18 1 4 20
13 1812558 21 4 6 290
14 1957229 27 0 0 1040
15 1957229 27 2 0 1300
16 2191334 31 4 7 4140
17 2227769 35 7 5 100
18 2558664 43 5 8 154
19 2604860 44 1 2 89
20 2719417 50 7 10 526
21 3440766 51 9 1 15
22 3440766 51 0 5 33
23 3440766 51 8 10 1
24 3460870 54 0 10 4501
25 3497157 56 5 2 461
26 3882463 59 8 1 22
27 3954449 61 10 4 63
28 3991807 64 2 6 218
29 4357533 72 6 4 12101
30 4813086 75 8 9 1
31 4813086 75 7 5 115
32 4872092 77 4 4 10
33 4887201 78 6 1 47
34 5533786 84 6 0 15
35 5533786 84 10 1 16
36 5749695 91 6 2 2201
37 5842580 94 8 5 756
38 5842580 94 3 5 756
39 5842580 94 1 5 756
40 5872884 96 10 5 88
41 5962518 97 4 9 1843
42 6296576 99 7 7 12
43 6296576 99 9 2 19
44 6296576 99 7 10 3070
45 6296576 99 7 2 19
46 6305554 100 7 2 57
47 6869164 102 10 3 5
48 6869164 102 3 9 9
49 6869164 102 5 7 2
50 6869164 102 2 0 70
51 6869164 102 3 8 29219
52 6869164 102 1 3 5
53 7249761 108 4 0 226
54 7284718 110 3 6 59
55 7286257 111 4 0 2184
56 7325947 115 10 6 95
57 7390194 116 2 7 208
58 7461392 117 0 3 30
59 7545388 118 6 2 15
60 7564501 121 4 1 48
61 7880122 132 0 7 7571
62 8540966 137 3 8 9
63 8540966 137 3 0 8
64 8540966 137 1 9 2136
65 8540966 137 8 9 6410
66 8540966 137 6 6 2
67 8587408 139 10 1 50
68 9432758 154 5 8 21
69 9432758 154 10 8 87
70 10022927 160 7 5 5
71 10022927 160 6 1 1
72 10022927 160 10 1 1
73 10022927 160 7 2 421
74 10022927 160 3 2 843
75 10223372 162 0 10 15
76 10223372 162 6 0 1899
77 10587427 175 5 6 13
78 10775582 177 0 9 9
79 10775582 177 3 5 42
80 11046718 193 5 3 108
81 11089027 197 1 1 1245
82 11497828 198 6 10 86
83 11497828 198 1 1 4
84 11546911 202 3 9 290
85 11671207 203 8 7 7494
86 11671207 203 8 0 228
87 11671207 203 7 8 150
88 12089488 224 3 2 49443
89 12595136 230 8 5 3
90 13083901 233 6 0 44
91 13083901 233 8 2 4
92 13111694 235 2 7 17
93 13152559 236 9 6 55
94 13303011 237 4 0 72
95 13385883 239 10 1 9
96 13888881 241 6 7 6
97 13888881 241 9 8 23
98 13888881 241 1 4 14
99 13888881 241 3 5 8412
100 13918083 244 10 9 11740
101 13918083 244 1 1 1
102 13944420 246 7 0 7
103 13970394 250 2 9 38
104 14008070 255 1 1 42
105 14270784 259 0 1 891
106 14270784 259 4 7 25
107 14826136 262 3 4 1
108 14826136 262 9 10 6
109 14826136 262 0 2 13
110 14826136 262 2 8 7
111 14826136 262 0 1 30
112 14826136 262 0 7 1
113 14935926 266 5 10 10
114 15105149 276 8 5 169
115 15108771 277 2 7 3263
116 15284357 285 4 10 220
117 16160168 287 3 5 2
118 16160168 287 1 10 7
119 16160168 287 9 5 2
120 16160168 287 10 1 3
121 16160168 287 10 9 1
122 16160168 287 5 4 1
123 16486675 291 7 3 211
124 16486675 291 5 0 3
125 16785971 292 2 1 197
126 16808690 293 8 1 87
127 16992187 298 1 4 9674
128 16992187 298 1 8 2839
129 16992187 298 9 5 37
130 17019153 300 10 1 1505
131 17365377 303 8 0 1
132 17365377 303 0 2 1892
133 18283624 317 3 1 14
134 18283624 317 1 4 32
135 18283624 317 8 7 2009
136 18452902 324 6 5 7
137 18717105 328 8 9 2
138 18717105 328 9 9 2
139 18717105 328 2 0 3
140 18793744 330 0 5 91
141 18795363 332 2 8 19
142 18923976 337 4 3 98
143 19062589 339 1 7 15
144 19272744 340 2 3 126
145 19272744 340 7 9 15
146 19272744 340 2 2 3
147 19397247 347 8 9 74
148 19422402 349 8 6 1136
149 19422402 349 1 6 568
150 19782263 366 0 5 1952
151 19804873 367 6 10 6
152 19903820 369 2 0 17
153 19903820 369 3 3 18
154 20106864 370 1 10 35
155 20106864 370 0 8 6
156 20404980 387 9 9 1
157 21033420 390 9 0 14
158 21033420 390 0 3 1193
159 21033420 390 10 6 459
160 21033420 390 1 4 27
161 21830385 395 1 10 10
162 21830385 395 8 3 10
163 21830385 395 5 4 1
164 21873225 396 3 1 405
165 22153347 402 9 1 1815
166 22153347 402 9 4 6
167 22153347 402 9 6 88
168 22740283 409 2 0 528
169 22740283 409 1 7 15
170 22759888 410 6 3 1
171 22802431 412 7 1 86
172 22968701 413 9 0 144
173 23011311 418 6 5 259
174 23056270 420 5 1 59
175 23152161 422 3 2 3415
176 23241667 424 7 8 143
177 23275113 427 10 2 48
178 23989784 428 3 3 3
179 23989784 428 7 4 1
180 23989784 428 7 1 110959
181 23989784 428 2 1 668
182 23989784 428 5 3 3
183 23989784 428 4 3 3
184 24409266 430 1 1 2103
185 24409266 430 9 3 8
186 24512980 436 0 3 109
187 24610241 443 6 4 108
188 25100653 457 6 5 32
189 25100653 457 7 9 27
190 25100653 457 0 1 1
191 25100653 457 2 10 5
192 25100653 457 8 4 1
193 25100653 457 1 6 12
194 25585805 462 10 3 3197
195 26644898 466 0 10 6
196 26644898 466 5 0 7
197 26644898 466 6 5 1
198 26644898 466 0 8 1
199 26644898 466 10 10 4
200 26644898 466 6 8 1
201 26644898 466 7 5 1
202 26644898 466 1 0 7
203 26896574 467 2 7 5
204 26896574 467 9 0 3875
205 26896574 467 1 7 5
206 26896574 467 2 5 86
207 26965657 468 7 5 422
208 27394563 473 1 2 15
209 27394563 473 10 10 1
210 27394563 473 5 3 14
211 27397768 474 4 9 211
212 28277340 475 2 3 1
213 28277340 475 10 2 3
214 28277340 475 6 5 2
215 28277340 475 2 2 1
216 28277340 475 3 5 5
217 28500642 483 7 10 8
218 28559009 486 6 1 461
219 28608066 487 5 9 2682
220 29614038 498 6 5 175
221 29614038 498 2 9 1
222 29614038 498 2 0 10
223 29614038 498 4 2 4
224 29614038 498 10 1 35
225 29614038 498 0 9 1
226 29614038 498 2 2 23
227 29684490 500 3 0 227
228 29748821 504 10 3 26
229 30225322 507 7 2 5
230 30225322 507 3 6 3
231 30225322 507 2 2 28
232 30225322 507 1 3 2
233 30225322 507 5 6 3
234 30225322 507 6 7 800
235 30225322 507 6 3 7
236 30225322 507 4 7 72
237 30225322 507 8 7 145
238 30243172 508 5 8 38
239 30412481 510 7 3 4
240 30911084 513 9 10 2
241 30911084 513 1 6 240
242 30911084 513 0 6 80
243 30911084 513 5 1 21
244 30911084 513 3 6 80
245 30911084 513 2 2 30
246 31238462 535 7 1 59
247 31289020 540 7 7 98
248 31392505 542 1 6 65
249 31472160 547 4 8 25
250 31472160 547 4 0 5771
251 31553754 550 1 6 6
252 31553754 550 4 6 31
253 32572384 555 6 0 1
254 32572384 555 1 5 1
255 32572384 555 10 6 47
256 32572384 555 3 5 1
257 32572384 555 5 9 2
258 32572384 555 2 0 2
259 32572384 555 0 5 3
260 32572384 555 6 7 3
261 32572384 555 6 3 202
262 32887204 556 10 3 92
263 32887204 556 3 5 3164
264 32887204 556 0 4 4
265 32959402 557 3 1 215
266 33048966 558 1 4 2269
267 33061191 559 1 0 608
268 33082052 560 2 2 8
269 33275417 563 10 7 235
270 33685520 569 8 6 1
271 33685520 569 10 3 1
272 33685520 569 6 3 21
273 33685520 569 7 2 26
274 33685520 569 10 2 78
275 33725598 573 2 5 6
276 34230126 582 4 3 49
277 34307467 583 6 1 2272
278 34384129 588 4 7 10
279 34496154 595 2 9 194
280 34793966 602 8 6 12
281 34793966 602 8 0 1082
282 34793966 602 8 1 81
283 34793966 602 8 10 2547
284 35014393 611 3 4 39
285 35771153 612 1 0 71
286 35771153 612 4 2 448
287 35771153 612 7 4 26
288 35771153 612 8 1 13
289 35771153 612 4 0 71
290 35771153 612 2 3 1
291 35771153 612 1 3 1
292 35771153 612 10 8 26
293 35771153 612 5 5 360
294 35834773 613 3 10 14831
295 36549632 616 2 7 200
296 36549632 616 6 2 1
297 36549632 616 0 6 72
298 36549632 616 8 0 6921
299 36549632 616 10 8 6
300 36549632 616 9 1 1
301 36549632 616 2 1 1
302 36549632 616 9 7 200
303 36549632 616 2 0 1483
304 36549632 616 7 6 36
305 36549632 616 10 10 1709
306 36549632 616 5 5 8595
307 36598175 618 7 8 12
308 36793720 626 2 8 103
309 36793720 626 2 2 106
310 36895030 628 1 9 181
311 37228617 635 5 3 16
312 37238062 636 6 5 1003
313 37274263 637 6 10 40
314 37773497 644 3 3 21
315 37815287 651 5 8 25
316 37841190 656 0 0 126
317 38590215 671 8 8 5
318 38590215 671 5 4 1342
319 38590215 671 8 2 6
320 38590215 671 7 4 671
321 38710416 675 2 6 44
322 38710416 675 2 1 64
323 38842426 681 6 5 12
324 38842426 681 10 5 12
325 38842765 682 10 7 108
326 39320831 683 3 6 31
327 39320831 683 7 2 1527
328 39320831 683 6 4 638
329 39328551 684 9 2 1039
330 39363226 687 10 2 32
331 39462300 689 5 10 2
332 39462300 689 8 10 1
333 39707464 690 4 9 17
334 39707464 690 4 8 300
335 39707464 690 4 0 1925
336 39917303 692 10 7 4345
337 40930743 695 0 4 1
338 40930743 695 7 0 149
339 40930743 695 1 9 214
340 40930743 695 2 10 1
341 40930743 695 1 4 1
342 40930743 695 10 5 7
343 40930743 695 4 8 1
344 40930743 695 9 10 1
345 40969306 697 6 6 3138
346 41185025 698 2 4 268
347 41185025 698 2 0 22
348 41185025 698 10 1 12
349 41185025 698 2 9 33
350 41299270 701 6 9 1
351 41299270 701 3 9 1
352 41484605 702 3 3 1
353 41484605 702 3 2 56
354 41484605 702 0 1 25
355 41671654 703 2 5 40
356 41671654 703 9 10 81
357 41965917 716 3 10 175
358 42488041 723 6 2 3584
359 42488041 723 3 1 113
360 42889853 732 5 0 4
361 42889853 732 0 3 15
362 42889853 732 5 3 31
363 42895269 734 2 0 38
364 43107925 735 9 3 20
365 43177259 737 9 0 44
366 43261114 739 10 0 372
367 43261114 739 10 5 86
368 43261114 739 10 6 35
369 43761680 741 5 7 2
370 43761680 741 0 0 15797
371 44400333 751 0 10 17
372 44400333 751 4 7 10
373 44400333 751 6 4 13
374 44715584 757 9 5 1734
375 45069829 766 0 10 30
376 45263667 768 0 3 102
377 45263667 768 8 0 103
378 45263667 768 8 3 102
379 45327115 773 4 10 87
380 45440882 778 9 9 21
381 45440882 778 8 9 7
382 45528490 782 3 4 21
383 45589634 787 2 4 78
384 45624184 790 7 8 37
385 45636355 794 4 6 74
386 45652830 797 3 10 18
387 45725713 799 2 10 54
388 45970708 816 7 10 175
389 46018190 817 7 3 1577
390 46905743 822 4 3 1
391 46905743 822 10 7 138
392 46905743 822 5 2 3
393 46905743 822 5 5 26
394 46905743 822 9 7 138
395 46905743 822 3 9 9
396 46905743 822 3 0 7
397 46905743 822 5 1 1
398 46905743 822 6 1 1
399 46905743 822 8 9 9
400 46905743 822 6 9 5
401 47593607 823 5 7 751
402 47593607 823 8 3 9
403 47593607 823 3 6 282
404 47593607 823 2 7 751
405 47593607 823 10 8 30
406 47811612 825 4 5 112
407 47811612 825 6 0 115
408 47837462 827 0 9 116
409 47935243 830 3 5 172
410 47935243 830 2 2 63
411 48243448 838 5 0 8530
412 48355222 842 1 6 11325
413 48355222 842 1 10 21
414 48429648 845 3 7 4
415 48488607 846 5 9 17114
416 48493739 847 6 6 38995
417 48504407 850 5 2 5
418 48725055 859 6 6 60
419 48799016 861 3 9 59
420 49333997 864 2 0 1809
421 49333997 864 9 4 5
422 49335291 865 4 2 165
423 49395406 870 3 3 6
424 49458730 871 10 9 7
425 49578636 874 2 9 31
426 49638703 876 9 3 18
427 50087144 886 1 6 1111
428 50087144 886 0 0 118
429 50087144 886 7 7 8
430 50087144 886 10 3 12
431 50154726 888 10 9 16
432 50154726 888 10 4 103
433 50533190 894 8 5 30
434 50533190 894 7 5 4
435 51027923 903 1 10 49
436 51083346 905 1 8 95
437 51254942 907 2 0 36
438 51254942 907 2 3 18
439 51254942 907 4 0 36
440 51254942 907 2 2 1642
441 51329039 909 9 7 11407
442 51403693 911 1 0 682
443 51403693 911 5 0 682
444 51486732 913 4 2 19
445 51649573 919 1 1 1
446 51771445 924 5 6 11
447 51771445 924 0 6 1
448 51878409 926 7 2 58
449 52749200 929 9 2 12
450 52749200 929 6 4 878
451 52749200 929 9 10 2
452 52749200 929 4 7 2
453 52749200 929 2 2 8
454 52749200 929 8 2 21
455 52749200 929 6 7 4
456 52749200 929 10 7 2
457 53255791 930 3 2 29
458 53255791 930 5 4 2601
459 53255791 930 3 5 22
460 53255791 930 10 0 7476
461 53255791 930 10 10 683
462 53713284 931 0 4 909
463 53713284 931 4 5 349
464 53713284 931 0 6 17
465 54016013 932 5 4 6
466 54016013 932 3 9 4
467 54016013 932 10 7 10
468 54016013 932 0 4 6
469 54016013 932 5 8 6
470 54016013 932 6 3 3
471 54046947 934 1 7 15
472 54201634 940 0 2 131
473 55012853 941 0 3 1
474 55012853 941 2 8 2
475 55012853 941 10 10 36
476 55012853 941 6 7 18
477 55012853 941 10 4 1
478 55012853 941 9 0 22
479 55012853 941 10 2 2
480 55012853 941 8 8 1
481 55024885 943 2 8 4884
482 55124684 948 0 7 18
483 55292850 957 7 9 35
484 55407412 959 10 9 43
485 55492319 962 1 9 174
486 56092044 967 7 9 4
487 56092044 967 5 10 13
488 56092044 967 1 5 7
489 56092044 967 6 2 15
490 56092044 967 4 0 9
491 56167665 970 8 6 37
492 56272055 972 10 5 263
493 56426118 973 2 2 3
494 56470848 977 2 2 5970
495 56725452 993 4 8 12709
496 56725452 993 4 2 94
497 56850919 994 9 0 3
498 56850919 994 2 1 1
499 56873810 995 6 6 518
