11 236 500
0 24103 0 1 2 152
1 24103 0 9 7 46
2 91994 3 9 2 11041
3 91994 3 5 3 126
4 168158 9 4 5 248
5 168158 9 7 6 23
6 168158 9 4 7 39
7 308835 17 2 2 8942
8 308835 17 0 8 1
9 322229 18 1 5 253
10 322229 18 1 4 20
11 362511 21 3 4 45
12 362511 21 3 8 86
13 426681 29 10 8 170
14 438266 31 1 6 46
15 443669 33 8 7 56
16 444196 34 3 5 1261
17 467198 37 0 10 4
18 467198 37 8 10 4
19 482130 38 8 8 11723
20 489413 39 0 5 34
21 520972 44 1 3 43
22 520972 44 1 1 36
23 523243 45 4 6 1063
24 543883 50 10 0 44
25 543883 50 9 0 44
26 688153 51 0 9 5
27 688153 51 10 0 64
28 688153 51 0 2 10
29 776492 59 2 6 19
30 790889 61 10 4 63
31 849871 70 10 6 45
32 871506 72 6 0 6120
33 874946 74 7 7 25
34 962617 75 8 1 4733
35 962617 75 7 8 1
36 962617 75 9 9 33
37 962617 75 2 9 1
38 962617 75 2 8 1
39 1106757 84 4 6 1
40 1106757 84 2 10 6
41 1108976 87 5 7 210
42 1149939 91 8 2 550
43 1168516 94 2 5 756
44 1259315 99 7 8 5
45 1259315 99 7 10 3070
46 1259315 99 0 0 203
47 1259315 99 0 9 42
48 1259315 99 9 5 5
49 1259315 99 9 2 19
50 1373832 102 6 0 35
51 1373832 102 8 7 78
52 1373832 102 5 6 1
53 1373832 102 2 0 70
54 1373832 102 8 2 967
55 1373832 102 9 2 967
56 1373832 102 6 8 14609
57 1373832 102 5 2 483
58 1397101 106 4 9 39149
59 1449952 108 6 6 7
60 1456943 110 3 7 345
61 1478038 116 2 6 106
62 1509077 118 10 5 16
63 1557423 127 0 2 9547
64 1615990 136 1 4 6084
65 1708193 137 2 10 890
66 1708193 137 7 4 99
67 1708193 137 5 2 21
68 1708193 137 6 6 2
69 1761011 146 4 3 36
70 1767711 148 9 10 21
71 1767711 148 0 10 87
72 1795777 153 4 9 185
73 1886551 154 2 10 2
74 1886551 154 4 5 69
75 1886551 154 1 4 10
76 1886551 154 0 7 642
77 1886551 154 8 0 6
78 1886551 154 9 2 6235
79 1886551 154 9 3 28
80 1886551 154 7 6 115
81 1886551 154 1 10 17
82 2004585 160 5 8 306
83 2004585 160 1 0 23
84 2044674 162 7 3 382
85 2044674 162 8 7 225
86 2044674 162 5 10 5
87 2044674 162 8 6 14
88 2044674 162 2 10 75
89 2048767 164 6 8 11399
90 2070051 168 7 2 30
91 2086128 170 3 6 163
92 2086128 170 3 0 97
93 2086465 171 4 8 604
94 2095971 172 6 8 29
95 2115484 174 0 3 36
96 2115484 174 6 10 9
97 2155116 177 0 9 9
98 2155116 177 3 9 9
99 2155116 177 0 1 12993
100 2155116 177 3 3 2171
101 2155116 177 3 7 17
102 2182768 187 4 2 24
103 2193118 190 8 10 8155
104 2208620 192 3 8 53
105 2299565 198 5 1 9
106 2299565 198 10 6 111
107 2299565 198 0 1 4
108 2299565 198 8 3 2
109 2299565 198 6 3 20
110 2309382 202 3 10 415
111 2334241 203 7 9 14
112 2334241 203 8 8 45
113 2388032 215 7 4 8130
114 2417897 224 3 4 238
115 2468599 229 6 5 19
116 2468599 229 0 8 118
117 2519027 230 3 5 3
118 2519027 230 0 0 2
119 2616780 233 7 5 3
120 2616780 233 8 2 4
121 2616780 233 8 0 7
122 2616780 233 8 5 9
123 2616780 233 2 2 4
124 2777776 241 3 7 55
125 2777776 241 1 9 1226
126 2783616 244 2 1 1
127 2793153 249 5 5 21
128 2854156 259 6 0 14
129 2854156 259 4 7 25
130 2965227 262 9 10 6
131 2965227 262 3 0 9
132 2965227 262 8 4 11
133 2981205 264 4 4 5132
134 3014918 271 7 7 34
135 3021754 277 2 7 3263
136 3026756 281 1 7 651
137 3056871 285 4 4 168
138 3058263 286 10 1 210
139 3232033 287 7 3 17
140 3232033 287 4 9 1
141 3232033 287 8 7 1615
142 3232033 287 3 6 24
143 3232033 287 0 4 1
144 3232033 287 0 2 6
145 3232033 287 1 5 2
146 3233119 288 8 10 108
147 3297335 291 7 3 211
148 3297335 291 8 3 1267
149 3357194 292 5 0 6
150 3357194 292 1 8 1090
151 3362016 294 0 5 99583
152 3398437 298 1 4 9674
153 3398437 298 9 1 12
154 3473075 303 9 0 1
155 3473075 303 4 7 3
156 3473075 303 4 2 1892
157 3473075 303 9 9 409
158 3514283 304 3 3 9291
159 3514283 304 3 1 7
160 3546601 310 10 6 6
161 3656724 317 5 5 5789
162 3656724 317 7 1 42
163 3656724 317 0 10 55
164 3665388 321 1 5 3080
165 3693088 325 9 9 165
166 3693979 326 7 7 118
167 3701922 327 1 3 3434
168 3743421 328 4 0 1
169 3743421 328 7 3 2
170 3743421 328 3 3 1
171 3784795 337 4 7 86
172 3812517 339 9 5 95
173 3812517 339 8 5 95
174 3854548 340 3 4 5
175 3854548 340 3 2 3
176 3877067 346 3 5 489
177 3917532 358 0 4 7138
178 4021372 370 5 5 5
179 4080996 387 5 9 1
180 4080996 387 9 9 1
181 4206684 390 0 5 6
182 4206684 390 5 6 10335
183 4206684 390 4 5 20
184 4206684 390 3 9 174
185 4241553 392 6 4 427
186 4241553 392 10 2 117
187 4246065 393 2 1 46
188 4246065 393 8 1 46
189 4366077 395 1 1 24
190 4366077 395 8 2 1
191 4366077 395 4 0 881
192 4366077 395 8 10 31
193 4366077 395 1 3 52
194 4366077 395 5 5 177
195 4366077 395 10 1 3
196 4366077 395 5 4 1
197 4366077 395 3 9 10223
198 4366077 395 2 7 1
199 4430669 402 9 6 88
200 4464038 407 2 8 611
201 4548056 409 10 3 1
202 4548056 409 2 1 542
203 4548056 409 6 8 40
204 4797956 428 10 8 2
205 4797956 428 9 9 1
206 4797956 428 7 4 1
207 4797956 428 9 3 3
208 4797956 428 1 0 2
209 4797956 428 5 8 2
210 4797956 428 9 7 1
211 4797956 428 7 6 2
212 4797956 428 0 3 3
213 4797956 428 6 7 1
214 4797956 428 7 5 822
215 4797956 428 1 5 822
216 4797956 428 8 10 8
217 4881853 430 9 10 15
218 4881853 430 0 7 17
219 4881853 430 1 0 2
220 4881853 430 8 3 8
221 4881853 430 1 8 4
222 4902467 435 7 1 108
223 4907617 439 6 7 114
224 4932441 445 7 6 2
225 4940207 450 9 4 2471
226 5020130 457 2 0 8
227 5020130 457 6 6 6
228 5020130 457 4 3 14
229 5020130 457 7 3 1
230 5051888 460 1 2 8
231 5116766 461 6 10 1
232 5116766 461 9 5 1
233 5116766 461 5 1 22
234 5116766 461 3 6 614
235 5116766 461 8 8 9
236 5328979 466 4 0 15
237 5328979 466 2 6 20
238 5328979 466 9 5 1
239 5328979 466 2 5 1
240 5328979 466 5 8 1
241 5328979 466 1 1 2
242 5328979 466 5 1 2
243 5379314 467 6 8 7
244 5379314 467 4 6 6
245 5393131 468 7 10 33231
246 5478912 473 7 3 14
247 5478912 473 5 3 14
248 5655468 475 10 2 3
249 5655468 475 2 10 51
250 5655468 475 7 10 5
251 5655468 475 3 6 1
252 5655468 475 3 8 2
253 5655468 475 10 1 13
254 5655468 475 9 2 6
255 5674495 477 2 4 41
256 5722339 488 10 4 7643
257 5743903 489 2 4 48
258 5743903 489 3 0 785
259 5759099 496 10 3 2626
260 5922807 498 7 3 9
261 5922807 498 3 9 1
262 5922807 498 5 3 1
263 5922807 498 10 10 13
264 5922807 498 9 3 1
265 5922807 498 6 6 1
266 5922807 498 10 6 1
267 5922807 498 4 4 100
268 5922807 498 7 6 1
269 5936534 499 7 4 225
270 5949764 504 10 3 26
271 6045064 507 1 8 52
272 6045064 507 3 6 3
273 6082496 510 6 4 1991
274 6082496 510 7 8 7
275 6182216 513 7 10 4
276 6182216 513 0 3 5
277 6182216 513 8 5 172
278 6182216 513 3 8 1009
279 6182216 513 7 4 200
280 6203960 518 9 8 52
281 6333607 551 4 1 3
282 6347218 554 10 7 2037
283 6514476 555 7 3 202
284 6514476 555 0 10 5
285 6514476 555 0 2 876
286 6514476 555 9 8 7
287 6514476 555 1 0 1
288 6514476 555 1 9 2
289 6514476 555 8 1 478
290 6514476 555 0 1 95
291 6514476 555 8 2 876
292 6514476 555 10 6 47
293 6514476 555 0 0 1
294 6514476 555 10 5 1
295 6577440 556 10 0 11
296 6609793 558 1 3 9246
297 6616410 560 5 0 81
298 6638398 562 10 6 12990
299 6655083 563 10 10 127
300 6668096 565 1 6 430
301 6668096 565 1 9 136
302 6737104 569 5 6 1
303 6737104 569 3 7 8
304 6737104 569 7 0 26
305 6737104 569 8 2 26
306 6737104 569 9 6 87
307 6738753 571 7 7 16
308 6805600 576 6 5 2438
309 6805600 576 1 2 102
310 6846025 582 4 6 282
311 6846025 582 4 2 114
312 6861493 583 6 7 1421
313 6882303 590 3 9 2305
314 6882303 590 3 6 136
315 6911163 601 6 10 6424
316 6958793 602 6 0 4869
317 6958793 602 6 8 259
318 6960812 604 9 6 322
319 7154230 612 9 5 120
320 7154230 612 6 3 1
321 7154230 612 0 5 240
322 7154230 612 4 4 2485
323 7154230 612 7 8 8
324 7154230 612 1 10 55
325 7154230 612 5 1 6
326 7309926 616 3 7 200
327 7309926 616 9 6 36
328 7309926 616 2 3 83
329 7309926 616 0 2 11
330 7309926 616 10 3 20
331 7312653 617 4 2 116
332 7358744 626 2 6 1690
333 7362703 627 1 4 258
334 7454852 637 2 10 16
335 7454852 637 4 10 24
336 7466742 641 5 6 2
337 7554699 644 1 4 647
338 7554699 644 5 9 27
339 7554699 644 2 1 20
340 7554699 644 8 7 92
341 7554699 644 9 2 101
342 7558959 646 2 9 12
343 7573694 660 7 7 16605
344 7589188 666 9 3 2
345 7597602 668 5 1 200
346 7598813 670 5 9 92
347 7718043 671 10 8 5
348 7718043 671 6 5 270
349 7718043 671 10 5 30
350 7718043 671 10 1 238
351 7718043 671 9 7 1
352 7718043 671 2 7 1
353 7718043 671 5 2 6
354 7718043 671 3 9 8
355 7768485 681 6 5 12
356 7768553 682 10 7 108
357 7864166 683 0 9 15
358 7864166 683 9 3 29
359 7941492 690 8 8 600
360 7943583 691 8 2 24
361 7983460 692 6 1 96
362 7997019 693 8 1 66
363 7997019 693 8 4 80
364 8186148 695 6 1 3
365 8186148 695 6 3 4
366 8186148 695 9 10 1
367 8186148 695 2 6 1
368 8186148 695 3 4 1
369 8193861 697 4 10 15
370 8296921 702 4 10 74
371 8296921 702 4 5 112
372 8334330 703 2 2 4702
373 8343144 708 7 4 12039
374 8365879 710 3 3 119
375 8464225 718 3 8 2911
376 8497608 723 3 5 29
377 8510365 724 6 4 24
378 8577970 732 4 3 39
379 8577970 732 5 9 46
380 8577970 732 5 6 2
381 8578816 733 10 8 12
382 8621585 735 6 10 8
383 8621585 735 9 10 136
384 8652222 739 10 3 809
385 8752336 741 0 5 147
386 8752336 741 8 5 28
387 8752336 741 3 7 2
388 8752336 741 5 9 14
389 8771405 744 1 3 64
390 8793214 750 0 3 82
391 8880066 751 1 8 1
392 8918649 755 9 4 137
393 8943116 757 7 0 7
394 8950517 760 5 0 1472
395 8958881 762 4 1 36
396 9013965 766 10 7 7
397 9053414 770 1 5 68
398 9088176 778 0 1 279
399 9105698 782 0 4 1
400 9145112 798 4 10 193
401 9381148 822 1 7 276
402 9381148 822 9 6 4
403 9381148 822 2 3 5
404 9381148 822 8 2 3
405 9381148 822 1 6 4
406 9381148 822 3 10 9
407 9518721 823 3 9 1
408 9518721 823 2 1 969
409 9518721 823 1 2 6
410 9518721 823 5 7 751
411 9518721 823 9 8 1
412 9518721 823 8 0 26
413 9518721 823 5 6 282
414 9518721 823 3 0 8
415 9562322 825 1 8 63
416 9562322 825 4 9 18
417 9562322 825 5 2 27
418 9587048 830 3 2 42
419 9618679 833 7 10 8
420 9671044 842 1 3 757
421 9671044 842 1 10 21
422 9729986 857 9 6 9641
423 9732578 858 10 2 1
424 9732578 858 7 2 1
425 9745087 860 9 6 11
426 9866799 864 2 9 35
427 9871950 867 2 3 81
428 9891746 871 1 9 3
429 9891746 871 10 8 8344
430 9897894 872 1 6 11
431 9924559 875 2 7 9
432 10017428 886 8 8 20
433 10017428 886 6 2 82
434 10017428 886 7 6 555
435 10017428 886 7 5 25
436 10017428 886 4 5 25
437 10030945 888 10 7 651
438 10030945 888 10 9 16
439 10106638 894 8 3 6
440 10150385 896 2 3 4760
441 10150385 896 8 9 10
442 10183061 901 0 3 1484
443 10183061 901 1 3 1484
444 10183061 901 7 2 30
445 10205584 903 1 7 111
446 10216669 905 9 8 95
447 10280738 911 5 0 682
448 10297346 913 4 2 19
449 10329914 919 9 1 16
450 10333464 920 6 9 28
451 10333464 920 8 10 8
452 10335517 922 1 4 99
453 10375681 926 7 3 71
454 10549840 929 1 2 12
455 10549840 929 0 7 2
456 10549840 929 4 6 54
457 10549840 929 8 9 4
458 10549840 929 2 6 218
459 10549840 929 0 0 5
460 10651158 930 2 10 683
461 10651158 930 1 6 13
462 10651158 930 3 7 10
463 10651158 930 5 9 71
464 10651158 930 6 2 7
465 10651158 930 8 0 69778
466 10742656 931 3 4 2727
467 10742656 931 5 5 349
468 10742656 931 10 5 349
469 10742656 931 1 5 349
470 10742656 931 1 1 10
471 10803202 932 10 7 10
472 10803202 932 3 9 4
473 10803202 932 4 6 4
474 10813588 935 1 1 1573
475 10830555 939 4 8 42789
476 10840326 940 0 3 11398
477 11002570 941 4 1 192
478 11002570 941 10 0 5
479 11002570 941 4 3 4
480 11002570 941 2 8 2
481 11002570 941 0 4 3
482 11002570 941 2 7 1
483 11002570 941 4 0 22
484 11002570 941 9 3 1
485 11050176 954 10 1 315
486 11081482 959 10 10 18
487 11081482 959 10 7 35
488 11218408 967 0 6 9242
489 11218408 967 7 1 1476
490 11218408 967 0 10 13
491 11218408 967 4 3 16
492 11254411 972 10 7 53
493 11285223 973 0 7 14257
494 11304998 979 0 8 1268
495 11315321 985 5 10 2635
496 11329601 992 0 10 8980
497 11370183 994 9 1 1
498 11370183 994 2 1 1
499 11390603 998 5 3 1030
