11 230 500
0 17217 0 9 9 1
1 17217 0 9 2 76
2 65710 3 10 7 31
3 65710 3 5 0 2396
4 65710 3 5 6 284
5 120112 9 1 1 4
6 120112 9 7 0 7
7 120112 9 7 9 45
8 168617 13 6 4 340
9 168617 13 1 9 30152
10 168617 13 8 1 265
11 168617 13 5 4 340
12 220596 17 0 8 1
13 230164 18 1 10 164
14 258936 21 3 10 68
15 279604 27 3 0 130
16 304772 29 10 1 11
17 313047 31 1 7 4140
18 318252 35 7 10 74
19 333713 37 4 6 62
20 333713 37 8 0 25
21 344379 38 7 1 190
22 344379 38 8 5 55
23 363714 41 10 3 35
24 372122 44 1 4 29
25 373745 45 8 6 1063
26 491538 51 3 5 8
27 491538 51 7 6 9
28 491538 51 7 10 1
29 494595 55 0 9 3923
30 554637 59 2 8 1
31 554637 59 8 5 14
32 554637 59 5 4 3
33 571510 65 7 7 118
34 583979 66 0 2 233
35 588458 68 4 4 13
36 607051 70 4 8 43
37 622504 72 6 9 16
38 687583 75 0 5 115
39 687583 75 5 7 10
40 687583 75 1 6 163
41 687583 75 3 1 591
42 790540 84 10 6 1
43 790540 84 4 0 7
44 790540 84 4 10 2
45 790540 84 3 10 6
46 790540 84 7 7 21
47 790540 84 10 5 4
48 790540 84 6 7 65
49 790540 84 2 0 15
50 790540 84 10 8 6
51 827142 93 9 10 67
52 834654 94 6 5 756
53 851788 97 4 9 1843
54 851788 97 0 9 1843
55 899510 99 0 9 42
56 899510 99 9 9 85
57 981309 102 2 10 21
58 981309 102 5 1 3
59 981309 102 7 9 9
60 981309 102 3 9 9
61 981309 102 7 7 1
62 981309 102 0 7 3
63 989123 103 8 5 6
64 998328 107 6 2 1524
65 1035680 108 4 5 90
66 1036286 109 6 0 101
67 1065913 117 0 6 1374
68 1065913 117 0 5 160
69 1065913 117 0 10 1361
70 1133665 134 8 3 3
71 1220138 137 5 2 21
72 1220138 137 9 1 12
73 1220138 137 8 8 9
74 1226772 139 7 1 25
75 1257865 146 3 8 333
76 1262651 148 2 10 21
77 1347536 154 7 0 21
78 1431846 160 7 0 11
79 1431846 160 7 3 137
80 1431846 160 3 1 1
81 1431846 160 1 3 2
82 1431846 160 0 9 9
83 1431846 160 6 9 4
84 1431846 160 2 4 4
85 1460481 162 7 0 3799
86 1463405 164 6 8 11399
87 1473965 165 4 4 14
88 1473965 165 10 4 73
89 1497122 172 7 2 54
90 1497122 172 6 8 29
91 1497122 172 6 10 36
92 1511060 174 6 2 19
93 1539368 177 0 7 35
94 1539368 177 3 7 17
95 1539368 177 3 5 42
96 1539368 177 0 4 47
97 1544561 182 5 6 2663
98 1559120 187 4 2 24
99 1559120 187 9 9 71
100 1577586 192 3 6 110
101 1577586 192 3 9 1320
102 1642546 198 2 6 334
103 1643492 200 5 5 18
104 1649558 202 3 1 8
105 1667315 203 8 3 1767
106 1683163 209 7 5 39
107 1683163 209 3 5 39
108 1713066 217 7 4 13
109 1726113 223 7 9 1
110 1729652 225 6 8 316
111 1763285 229 6 3 14
112 1799305 230 8 9 29
113 1802169 231 0 6 2
114 1869128 233 6 3 5
115 1869128 233 10 8 26
116 1869128 233 6 1 4
117 1900430 237 10 2 55
118 1984125 241 1 4 14
119 1984125 241 4 8 1
120 1984125 241 9 7 12
121 1984125 241 7 2 3905
122 1984125 241 9 4 28
123 1984674 243 10 1 22
124 1996750 251 2 5 87
125 2038683 259 5 5 85
126 2118019 262 2 7 5
127 2118019 262 4 4 12
128 2118019 262 9 9 15
129 2118019 262 4 6 17
130 2118019 262 0 7 1
131 2118019 262 0 4 1
132 2118019 262 4 9 15
133 2118019 262 8 6 43
134 2127941 263 8 10 3048
135 2129432 264 4 4 5132
136 2145034 269 4 0 22
137 2183479 285 4 6 319
138 2308595 287 0 4 1
139 2308595 287 1 9 3
140 2308595 287 5 1 6
141 2308595 287 9 4 10
142 2308595 287 2 8 5
143 2308595 287 2 3 5
144 2308595 287 6 3 11
145 2308595 287 3 1 3
146 2308595 287 4 5 2
147 2355239 291 6 6 409
148 2355239 291 4 9 182
149 2355239 291 8 6 409
150 2355239 291 4 1 128
151 2355239 291 1 2 3435
152 2397995 292 1 0 6
153 2397995 292 10 6 39
154 2431307 300 10 1 1505
155 2480768 303 8 0 1
156 2480768 303 10 6 397
157 2480768 303 4 2 1892
158 2510202 304 3 5 23
159 2510202 304 2 4 11
160 2510202 304 2 10 977
161 2515883 305 4 7 38
162 2528426 308 6 3 284
163 2542869 312 6 10 391
164 2611946 317 8 7 2009
165 2611946 317 9 2 565
166 2611946 317 4 9 5
167 2673872 328 4 0 1
168 2673872 328 4 3 1
169 2693798 335 1 7 96
170 2693798 335 1 6 179
171 2723227 339 9 3 1290
172 2753249 340 9 4 1
173 2753249 340 7 9 15
174 2789848 353 0 9 9
175 2789848 353 0 0 27082
176 2814141 362 0 2 1
177 2814141 362 1 2 1
178 2826037 366 0 5 1952
179 2872409 370 5 9 23
180 2872409 370 0 8 6
181 2904539 382 1 0 15
182 2910912 386 10 3 976
183 2934910 388 0 7 60
184 3004774 390 2 6 114
185 3004774 390 10 3 596
186 3004774 390 1 3 298
187 3004774 390 8 8 767
188 3029681 392 9 0 19
189 3118626 395 1 6 27
190 3118626 395 3 9 10223
191 3118626 395 3 3 21
192 3118626 395 7 8 33
193 3118626 395 1 7 41
194 3126961 398 9 9 103
195 3164763 402 9 10 117
196 3164763 402 9 4 6
197 3164763 402 9 0 2920
198 3248611 409 2 6 1
199 3248611 409 5 1 542
200 3248611 409 10 5 797
201 3248611 409 2 2 23
202 3248611 409 2 7 2
203 3281243 413 2 9 66
204 3288128 419 6 1 60
205 3320238 424 7 9 6021
206 3320238 424 7 10 493
207 3427112 428 2 8 2
208 3427112 428 5 0 1
209 3427112 428 2 10 25
210 3427112 428 1 8 2
211 3427112 428 9 2 2
212 3427112 428 10 0 1
213 3487038 430 2 10 2
214 3487038 430 8 0 40
215 3487038 430 8 4 3
216 3487038 430 9 1 1051
217 3487038 430 10 0 9
218 3491499 432 7 7 22
219 3501762 435 0 6 24
220 3523172 445 10 0 208
221 3533122 452 8 10 147
222 3585807 457 4 3 14
223 3585807 457 4 10 25
224 3585807 457 10 10 5
225 3608491 460 1 8 47
226 3654832 461 10 4 5
227 3654832 461 6 9 85
228 3654832 461 6 6 122
229 3654832 461 5 5 163
230 3806414 466 10 1 2
231 3806414 466 0 2 50
232 3806414 466 7 10 2
233 3806414 466 7 2 50
234 3806414 466 0 8 1
235 3854636 469 6 1 4673
236 3862707 471 4 10 7385
237 3872784 472 9 0 7
238 3913509 473 0 10 1
239 4039620 475 2 10 51
240 4039620 475 4 4 1
241 4039620 475 9 4 1
242 4039620 475 8 9 5
243 4039620 475 7 2 1
244 4039620 475 1 2 13
245 4062808 479 9 9 1
246 4086866 487 5 0 66373
247 4102788 489 3 8 69
248 4102788 489 3 0 785
249 4106522 491 10 10 39
250 4230576 498 8 9 1
251 4230576 498 1 2 56
252 4230576 498 4 1 17
253 4230576 498 2 6 1
254 4230576 498 8 10 26
255 4230576 498 4 8 1028
256 4230576 498 2 7 7
257 4230576 498 0 1 53
258 4230576 498 9 4 50
259 4240381 499 7 10 10
260 4240381 499 7 2 121
261 4240641 500 3 0 227
262 4249831 504 3 10 30
263 4249831 504 6 9 296
264 4251365 506 7 10 2637
265 4317903 507 2 1 1
266 4317903 507 0 0 12
267 4317903 507 6 1 1
268 4317903 507 3 9 21
269 4317903 507 9 1 1
270 4317903 507 6 8 26
271 4317903 507 7 10 178
272 4317903 507 3 0 15
273 4317903 507 7 7 72
274 4344640 510 7 1 5
275 4344640 510 6 1 5
276 4415869 513 0 3 5
277 4415869 513 2 4 200
278 4415869 513 7 2 42
279 4415869 513 1 2 6
280 4415869 513 1 4 300
281 4416336 514 9 9 87
282 4431400 518 9 8 52
283 4436755 524 1 8 1009
284 4450712 533 4 4 779
285 4466691 538 0 8 23
286 4484643 542 1 6 65
287 4484643 542 1 7 28344
288 4484643 542 1 0 34
289 4484643 542 1 4 16
290 4486416 546 4 7 78
291 4496022 547 4 7 18
292 4524005 551 3 6 60
293 4653197 555 2 8 7
294 4653197 555 9 6 71
295 4653197 555 9 10 1
296 4653197 555 10 0 4
297 4653197 555 4 1 191
298 4653197 555 10 8 7
299 4653197 555 2 1 191
300 4698172 556 3 3 23
301 4698172 556 8 10 335
302 4698172 556 9 7 110
303 4698172 556 3 1 1
304 4708486 557 3 2 52
305 4708486 557 3 10 162
306 4741713 562 10 4 31234
307 4762926 565 1 8 222
308 4812217 569 1 6 1
309 4812217 569 8 7 1
310 4861143 576 0 2 51
311 4901066 583 6 3 83
312 4924254 594 0 5 74
313 4936142 600 3 8 66
314 4970566 602 8 1 81
315 4970566 602 6 8 259
316 4970566 602 8 3 56
317 4986833 606 10 6 184
318 4986833 606 10 7 327
319 4989678 609 9 8 117
320 5002056 611 2 2 8
321 5002056 611 5 6 4930
322 5002056 611 0 2 43
323 5110164 612 3 10 5
324 5110164 612 7 10 5
325 5110164 612 6 5 240
326 5110164 612 0 5 240
327 5110164 612 5 7 2539
328 5110164 612 8 1 13
329 5110164 612 1 1 3
330 5110164 612 10 6 3
331 5110164 612 0 3 1
332 5110164 612 3 7 5079
333 5110164 612 7 0 71
334 5110164 612 1 7 2539
335 5110164 612 0 2 897
336 5110164 612 5 9 1
337 5221376 616 8 6 36
338 5221376 616 3 6 36
339 5221376 616 6 6 108
340 5221376 616 5 2 1
341 5221376 616 10 10 1709
342 5221376 616 5 4 3
343 5221376 616 10 1 1
344 5239790 623 5 1 96
345 5242771 625 7 0 104
346 5256245 626 2 6 1690
347 5272235 630 10 6 226
348 5312073 634 7 1 38
349 5324894 637 4 10 24
350 5324894 637 0 10 8
351 5324894 637 6 10 40
352 5324894 637 7 10 8
353 5396213 644 2 7 92
354 5396213 644 9 3 64
355 5396213 644 0 0 25
356 5396213 644 9 9 54
357 5405884 656 0 0 126
358 5420848 666 1 3 75
359 5421256 667 2 7 77
360 5512887 671 6 6 41
361 5514869 672 8 2 85
362 5530059 675 2 2 222
363 5538938 678 6 6 409
364 5548918 681 4 4 1319
365 5617261 683 8 2 3054
366 5623318 687 0 2 16
367 5623318 687 5 8 7
368 5672494 690 4 1 1
369 5847249 695 4 0 21
370 5847249 695 9 2 793
371 5847249 695 9 0 64
372 5847249 695 5 0 21
373 5847249 695 3 6 1
374 5847249 695 7 1 3
375 5847249 695 3 4 1
376 5847249 695 1 1 3
377 5847249 695 4 2 1587
378 5847249 695 2 7 1
379 5847249 695 2 9 1503
380 5883575 698 2 8 8
381 5883575 698 5 5 6
382 5926372 702 3 6 22
383 5963629 709 2 9 9272
384 5991278 714 10 4 1126
385 5991601 715 8 7 12
386 6045875 718 1 3 15
387 6069720 723 6 3 13
388 6090721 727 2 5 14
389 6090721 727 8 7 2
390 6090721 727 6 7 2
391 6127121 732 0 0 3
392 6158275 735 6 5 36
393 6251668 741 2 7 2
394 6251668 741 1 0 1089
395 6251668 741 7 2 3
396 6251668 741 9 5 11
397 6265289 744 5 0 8
398 6280029 749 4 9 1
399 6342904 751 3 10 17
400 6342904 751 4 4 54
401 6342904 751 0 10 17
402 6342904 751 7 4 13
403 6342904 751 10 7 7
404 6342904 751 2 2 119
405 6342904 751 2 5 25
406 6342904 751 2 0 47
407 6397763 761 8 5 91
408 6397763 761 5 5 45
409 6397763 761 4 5 45
410 6504070 782 0 4 1
411 6532223 798 4 2 46
412 6536625 802 4 0 8
413 6536625 802 5 2 4521
414 6700820 822 2 5 26
415 6700820 822 7 2 12
416 6700820 822 8 10 3
417 6799086 823 3 1 969
418 6799086 823 9 9 1
419 6799086 823 2 7 751
420 6830230 825 7 9 18
421 6830230 825 10 2 54
422 6870485 833 7 9 12629
423 6884926 834 8 4 9
424 6893413 840 10 1 81
425 6907888 842 1 9 9530
426 6913822 844 1 9 851
427 6939043 856 4 4 30
428 6971288 861 3 10 7689
429 7047713 864 3 4 5
430 7047713 864 1 4 5
431 7047713 864 9 5 15
432 7047713 864 10 9 35
433 7047713 864 10 5 15
434 7047713 864 4 6 26
435 7051393 867 7 3 60
436 7155306 886 1 6 1111
437 7167760 889 6 2 173
438 7167760 889 9 2 34
439 7219027 894 5 7 1
440 7219027 894 4 2 5
441 7219027 894 5 9 71
442 7219027 894 2 4 56
443 7265135 899 6 1 58
444 7289703 903 1 5 36
445 7322134 907 2 0 36
446 7322134 907 4 8 14
447 7357661 914 4 3 171
448 7364267 916 0 3 49
449 7378510 919 6 1 1
450 7381046 920 6 10 8
451 7381046 920 6 9 28
452 7381980 921 3 9 79
453 7396281 925 1 0 92
454 7411201 926 7 2 58
455 7535600 929 2 6 218
456 7535600 929 10 8 4
457 7535600 929 1 8 4
458 7535600 929 8 1 1
459 7535600 929 6 6 54
460 7535600 929 4 2 4
461 7535600 929 0 8 4
462 7535600 929 5 1 2
463 7535600 929 2 8 4
464 7535600 929 4 7 2
465 7535600 929 2 9 4
466 7607970 930 4 7 10
467 7607970 930 0 6 26
468 7607970 930 1 5 22
469 7607970 930 6 0 4984
470 7607970 930 3 7 10
471 7607970 930 9 8 309
472 7673326 931 2 4 909
473 7673326 931 10 0 3169
474 7716573 932 3 9 4
475 7716573 932 3 1 779
476 7716573 932 2 10 23
477 7716573 932 0 10 23
478 7716573 932 0 4 6
479 7716573 932 5 6 69
480 7858979 941 6 0 5
481 7858979 941 10 4 1
482 7858979 941 8 7 1
483 7858979 941 0 8 5
484 7858979 941 3 1 384
485 7858979 941 8 8 1
486 7858979 941 10 3 1
487 7858979 941 8 9 1305
488 7858979 941 5 2 2
489 7858979 941 5 8 1
490 7874954 948 1 6 11083
491 7888818 950 2 8 14
492 7888818 950 0 8 29
493 7915344 959 10 5 196
494 8013149 967 5 8 44
495 8013149 967 7 7 243
496 8013149 967 5 1 1846
497 8038865 972 10 0 323
498 8121559 994 10 0 3
499 8124830 995 6 6 518
