11 234 500
0 30129 0 1 5 6
1 114992 3 9 5 5552
2 114992 3 5 0 2396
3 133103 4 6 8 9
4 210197 9 4 9 7
5 210197 9 7 7 39
6 210197 9 1 10 7
7 386043 17 10 1 44
8 386043 17 6 1 88
9 386043 17 3 1 44
10 386043 17 3 8 6
11 386043 17 6 8 1
12 556942 35 7 10 74
13 583998 37 3 8 6
14 583998 37 8 10 4
15 611766 39 0 5 34
16 636499 41 10 1 3192
17 860191 51 9 6 5
18 860191 51 9 0 10
19 860191 51 10 9 1
20 860191 51 8 6 51
21 970615 59 2 3 5
22 972704 60 6 6 322
23 1000143 65 7 7 118
24 1029802 68 8 4 1
25 1089383 72 6 2 8
26 1089383 72 6 5 28
27 1089383 72 6 7 60
28 1203271 75 4 8 1
29 1203271 75 6 8 68
30 1203271 75 10 3 33
31 1383446 84 2 7 21
32 1383446 84 6 10 10
33 1383446 84 10 9 1
34 1437423 91 4 2 550
35 1437423 91 1 2 10456
36 1437423 91 8 2 550
37 1447498 93 9 10 67
38 1490629 97 4 9 1843
39 1490629 97 5 9 3687
40 1574144 99 7 7 12
41 1574144 99 9 9 85
42 1574144 99 7 6 5
43 1717291 102 5 7 2
44 1717291 102 3 9 9
45 1717291 102 5 10 21
46 1717291 102 1 9 9
47 1717291 102 4 10 21
48 1742287 104 4 8 216
49 1812440 108 6 5 8
50 1821179 110 3 1 64
51 1831486 115 10 6 95
52 1847548 116 2 5 254
53 1865348 117 0 8 56
54 1948905 128 2 0 5
55 1983914 134 6 3 3
56 2019987 136 8 5 496
57 2019987 136 8 4 6084
58 2019987 136 1 3 16
59 2019987 136 1 4 6084
60 2135241 137 0 6 9
61 2135241 137 2 0 4
62 2135241 137 9 4 99
63 2135241 137 4 2 21
64 2135241 137 6 3 9
65 2170497 143 0 9 7
66 2226884 150 2 3 66
67 2358189 154 5 10 2
68 2358189 154 5 8 21
69 2358189 154 6 5 69
70 2358189 154 9 4 10
71 2505731 160 2 5 5
72 2505731 160 0 5 35
73 2505731 160 5 6 2
74 2505731 160 2 0 11
75 2505731 160 1 9 48
76 2505731 160 9 6 2
77 2555843 162 3 4 15
78 2555843 162 10 10 5
79 2555843 162 0 10 15
80 2579439 165 7 4 29
81 2587564 168 6 2 30
82 2693895 177 0 4 47
83 2693895 177 3 9 9
84 2706918 183 4 0 35
85 2728460 187 9 9 71
86 2732299 189 1 7 16203
87 2768926 196 9 4 86
88 2874457 198 7 9 7
89 2874457 198 5 1 9
90 2874457 198 2 2 6
91 2886727 202 3 6 222
92 2976885 210 3 3 1
93 3020698 223 2 2 68
94 3085749 229 0 4 17
95 3148784 230 0 5 11
96 3148784 230 0 8 16
97 3148784 230 8 7 2487
98 3148784 230 3 5 3
99 3148784 230 3 4 78
100 3153796 231 8 6 2
101 3270975 233 9 1 8
102 3325752 237 10 4 215
103 3346470 239 5 1 9
104 3472220 241 9 7 12
105 3472220 241 3 3 1
106 3472220 241 6 7 6
107 3472220 241 9 0 9
108 3472220 241 1 2 1952
109 3472220 241 3 5 8412
110 3706534 262 8 2 6
111 3706534 262 8 0 9
112 3706534 262 9 6 8
113 3706534 262 0 8 21
114 3706534 262 3 6 51
115 3723898 263 10 10 1524
116 3753810 269 4 3 93
117 3773480 274 8 9 85
118 4040042 287 8 0 13
119 4040042 287 9 1 53
120 4040042 287 3 3 23
121 4040042 287 10 9 1
122 4040042 287 10 0 1
123 4121668 291 5 2 3435
124 4121668 291 4 8 8
125 4121668 291 2 5 25
126 4121668 291 4 5 25
127 4121668 291 0 2 3435
128 4196492 292 10 6 39
129 4248046 298 1 1 12
130 4248046 298 1 6 844
131 4248046 298 1 10 121
132 4248046 298 1 2 37
133 4341344 303 9 9 409
134 4341344 303 4 2 1892
135 4392854 304 2 1 7
136 4392854 304 3 2 24
137 4392854 304 3 3 9291
138 4402795 305 7 7 38
139 4424747 308 6 3 284
140 4570906 317 9 1 14
141 4570906 317 2 0 4
142 4570906 317 5 2 565
143 4584991 323 5 9 187
144 4679276 328 9 5 4162
145 4679276 328 5 0 1
146 4682606 329 4 7 6
147 4698436 330 0 3 9862
148 4698439 331 3 3 56
149 4701742 334 1 9 1536
150 4714146 335 1 6 179
151 4765647 339 0 5 190
152 4765647 339 10 2 2880
153 4818186 340 3 0 20
154 4818186 340 2 8 1806
155 4818186 340 8 3 126
156 4818186 340 8 1 3
157 4896915 358 1 4 2379
158 4934242 365 1 3 670
159 4945565 366 9 5 2928
160 4975955 369 1 9 476
161 4975955 369 3 9 224
162 5026716 370 9 5 1
163 5036841 375 9 0 228
164 5077526 380 10 3 238
165 5101245 387 9 9 1
166 5258355 390 9 5 6
167 5258355 390 7 0 14
168 5258355 390 3 4 27
169 5301942 392 3 9 3
170 5301942 392 4 4 427
171 5457596 395 9 9 2555
172 5457596 395 3 9 10223
173 5457596 395 1 8 33
174 5457596 395 6 5 177
175 5457596 395 8 3 10
176 5468306 396 9 1 405
177 5538336 402 9 3 65
178 5538336 402 2 10 13
179 5538336 402 2 8 69
180 5538336 402 9 4 6
181 5548200 405 2 5 15
182 5548200 405 9 5 62
183 5685070 409 10 2 3
184 5685070 409 1 6 1
185 5685070 409 1 8 13
186 5788040 422 7 2 569
187 5810416 424 7 10 493
188 5997446 428 3 2 2
189 5997446 428 8 9 1
190 5997446 428 2 5 822
191 5997446 428 10 5 822
192 5997446 428 10 8 2
193 6102316 430 2 0 2
194 6102316 430 7 5 16
195 6128084 435 2 6 24
196 6152560 443 6 10 95
197 6182965 452 5 10 36
198 6275163 457 6 5 32
199 6275163 457 8 4 1
200 6284014 458 4 4 1978
201 6284014 458 3 6 11201
202 6314860 460 1 10 64
203 6395957 461 10 10 1
204 6395957 461 2 1 11
205 6407087 465 0 0 7
206 6661224 466 1 4 217
207 6661224 466 5 1 2
208 6661224 466 8 6 4
209 6661224 466 4 4 434
210 6661224 466 6 7 1
211 6661224 466 8 9 4
212 6661224 466 3 3 7204
213 6661224 466 9 6 4
214 6661224 466 5 4 217
215 6661224 466 4 5 1
216 6661224 466 1 1 2
217 6724143 467 9 5 5
218 6724143 467 5 6 60
219 6848640 473 1 7 66
220 6848640 473 4 8 52
221 7069335 475 7 8 5
222 7069335 475 6 3 1
223 7069335 475 1 2 13
224 7069335 475 5 6 1
225 7069335 475 3 3 1
226 7069335 475 0 10 10
227 7069335 475 4 7 4
228 7069335 475 7 2 1
229 7152924 488 10 4 7643
230 7179879 489 8 10 15052
231 7403509 498 4 8 1028
232 7403509 498 1 1 17
233 7403509 498 5 8 514
234 7403509 498 9 1 319
235 7403509 498 3 8 514
236 7403509 498 10 7 7
237 7403509 498 6 9 1
238 7420667 499 7 6 4848
239 7420667 499 7 10 10
240 7420667 499 7 5 7680
241 7438766 505 0 7 64
242 7556330 507 5 1 2
243 7556330 507 7 9 43
244 7556330 507 2 5 199
245 7556330 507 9 2 5
246 7556330 507 10 6 3
247 7556330 507 5 2 40
248 7556330 507 7 2 5
249 7560793 508 1 8 38
250 7603120 510 6 5 3
251 7603120 510 6 10 29
252 7727771 513 3 1 10
253 7727771 513 3 7 5
254 7727771 513 9 10 2
255 7782257 529 4 9 374
256 7786638 532 9 9 7164
257 7811831 536 3 6 467
258 7888438 550 2 6 6
259 7927702 553 0 2 3
260 8143096 555 8 8 7
261 8143096 555 3 10 1
262 8143096 555 3 4 829
263 8143096 555 2 7 3
264 8143096 555 10 7 7
265 8143096 555 3 5 1
266 8143096 555 0 0 1
267 8221801 556 8 0 1
268 8221801 556 8 7 15
269 8221801 556 0 4 4
270 8262241 558 1 1 97
271 8262241 558 1 6 81
272 8265297 559 1 0 608
273 8270513 560 5 0 81
274 8297998 562 10 10 8302
275 8318854 563 10 7 235
276 8318854 563 10 6 1067
277 8335120 565 1 1 233
278 8335120 565 1 8 222
279 8421380 569 6 5 1
280 8421380 569 6 2 170
281 8421380 569 9 1 1
282 8421380 569 3 6 1
283 8421380 569 4 10 73
284 8423472 572 8 0 9018
285 8431399 573 2 5 6
286 8507001 576 10 3 30
287 8596032 588 4 8 19655
288 8596032 588 4 10 9
289 8596032 588 4 6 76
290 8596032 588 4 5 688
291 8698491 602 6 9 19
292 8698491 602 8 7 111
293 8698491 602 6 6 1
294 8726957 606 10 1 70
295 8726957 606 10 6 184
296 8753598 611 0 2 43
297 8942788 612 9 1 13
298 8942788 612 1 2 897
299 8942788 612 5 8 8
300 8942788 612 10 3 19
301 8942788 612 3 7 5079
302 8942788 612 3 1 6
303 8942788 612 7 6 4
304 8942788 612 5 1 6
305 9137408 616 4 7 25228
306 9137408 616 9 6 36
307 9137408 616 6 1 2
308 9137408 616 1 6 36
309 9137408 616 1 0 1483
310 9137408 616 3 5 1227
311 9137408 616 9 3 20
312 9137408 616 4 4 78
313 9137408 616 5 6 72
314 9137408 616 7 3 20
315 9140816 617 4 2 116
316 9173319 624 1 5 2839
317 9307154 635 5 6 96
318 9330641 638 0 6 40
319 9443374 644 6 5 15
320 9443374 644 8 9 27
321 9443374 644 0 9 136
322 9443374 644 10 6 1
323 9443374 644 2 9 27
324 9443374 644 7 8 908
325 9443374 644 0 3 10
326 9443374 644 6 1 6
327 9443374 644 7 3 21
328 9443374 644 4 6 1
329 9443374 644 5 9 27
330 9443374 644 4 4 647
331 9452112 649 4 1 3092
332 9479743 661 7 0 13
333 9647553 671 6 4 3355
334 9647553 671 6 6 41
335 9647553 671 2 0 3
336 9647553 671 0 10 24
337 9647553 671 5 1 715
338 9647553 671 9 6 8
339 9647553 671 4 7 1
340 9647553 671 3 6 8
341 9647553 671 3 4 1342
342 9647553 671 10 1 238
343 9652879 673 0 1 956
344 9677604 675 2 9 21
345 9830207 683 3 8 23
346 9830207 683 6 8 5
347 9841261 688 7 4 43
348 9926866 690 0 1 12
349 9926866 690 8 4 1727
350 9979325 692 6 5 222
351 9979325 692 6 4 38
352 9996274 693 8 9 102
353 9996274 693 8 7 220
354 10232685 695 2 10 1
355 10232685 695 3 2 793
356 10232685 695 5 4 1
357 10296256 698 2 2 153
358 10296256 698 10 7 2
359 10324817 701 5 2 11
360 10371151 702 3 4 649
361 10417913 703 9 9 325
362 10420128 704 5 6 1995
363 10428930 708 7 4 12039
364 10457348 710 3 3 119
365 10484737 714 10 4 1126
366 10580282 718 3 8 2911
367 10583866 721 4 10 231
368 10622010 723 6 8 7
369 10622010 723 6 9 23
370 10637956 724 6 4 24
371 10639996 726 3 9 3974
372 10776981 735 9 6 47
373 10776981 735 9 0 35
374 10815278 739 10 4 84
375 10815278 739 10 1 78
376 10940420 741 2 8 6
377 10940420 741 10 2 3
378 10940420 741 8 9 44
379 10940420 741 6 8 1
380 10940420 741 1 9 119
381 10964257 744 1 3 64
382 10991518 750 0 3 82
383 11100083 751 7 7 3
384 11121417 753 9 4 9625
385 11188147 760 5 0 1472
386 11331778 773 6 10 17
387 11343946 776 6 10 137
388 11360220 778 2 9 7
389 11360220 778 8 9 7
390 11374543 780 2 5 4
391 11374543 780 9 8 6604
392 11397408 787 7 4 3
393 11431391 798 4 5 6106
394 11431428 799 2 10 54
395 11473268 811 6 2 58
396 11491731 815 4 9 128
397 11504547 817 8 3 1577
398 11506154 818 9 4 82
399 11726435 822 4 8 239
400 11726435 822 6 0 4
401 11726435 822 6 9 5
402 11726435 822 2 3 5
403 11726435 822 3 6 4
404 11726435 822 7 6 13
405 11726435 822 7 9 3
406 11726435 822 0 0 1
407 11726435 822 2 0 1
408 11726435 822 5 9 3
409 11898401 823 10 8 30
410 11898401 823 8 4 3553
411 11898401 823 2 8 5
412 11898401 823 8 8 2
413 11902756 824 0 10 47
414 11952903 825 6 5 16
415 11952903 825 6 0 115
416 11952903 825 7 9 18
417 12048621 834 9 4 61
418 12048621 834 1 5 908
419 12057846 837 8 9 19
420 12065315 841 10 5 4815
421 12088805 842 1 3 757
422 12123588 848 8 4 118
423 12126101 850 9 6 662
424 12181263 859 6 8 506
425 12203080 862 9 9 70
426 12333499 864 1 7 4
427 12333499 864 4 1 14
428 12372368 872 1 4 73
429 12426203 881 6 2 1685
430 12428034 883 1 6 102
431 12521786 886 3 0 14
432 12521786 886 6 0 14
433 12521786 886 3 8 20
434 12521786 886 2 7 4
435 12521786 886 5 6 555
436 12521786 886 5 4 25
437 12538681 888 10 4 103
438 12538681 888 10 7 651
439 12633297 894 9 3 12
440 12633297 894 8 4 18
441 12633297 894 4 8 1
442 12633297 894 0 2 11
443 12633297 894 2 4 56
444 12633297 894 7 7 1
445 12713987 899 6 7 61
446 12729050 902 5 10 39173
447 12770836 905 4 8 95
448 12813735 907 4 8 14
449 12850923 911 4 0 682
450 12871683 913 2 2 19
451 12871683 913 7 2 19
452 12871683 913 4 2 19
453 12871683 913 0 2 19
454 12912393 919 1 1 1
455 12912393 919 7 1 9
456 13187300 929 10 2 4
457 13187300 929 1 4 878
458 13187300 929 3 7 2
459 13187300 929 3 3 3
460 13187300 929 3 10 1
461 13313947 930 0 1 28
462 13313947 930 0 7 10
463 13428321 931 8 0 1056
464 13504003 932 1 1 779
465 13504003 932 9 2 902
466 13516985 935 1 1 1573
467 13753213 941 7 1 96
468 13753213 941 2 1 96
469 13753213 941 1 6 5
470 13753213 941 10 4 1
471 13753213 941 6 9 2610
472 13753213 941 7 9 1305
473 13753213 941 8 5 13
474 13753213 941 1 3 1
475 13753213 941 5 1 192
476 13753213 941 8 0 5
477 13753917 942 10 5 700
478 13781171 948 1 4 16
479 13823212 957 4 9 17
480 13851853 959 10 7 35
481 13872860 961 3 5 343
482 13872860 961 1 5 343
483 13872860 961 2 5 687
484 13881186 965 9 8 9024
485 13881186 965 10 8 564
486 14023011 967 0 8 44
487 14023011 967 7 0 29
488 14023011 967 7 2 30
489 14023011 967 4 6 6161
490 14023011 967 5 8 44
491 14049582 971 1 8 30
492 14068013 972 10 2 558
493 14138628 980 6 10 204
494 14138692 981 1 6 406
495 14157175 989 7 5 56
496 14157175 989 8 5 56
497 14212729 994 1 0 3
498 14212729 994 4 5 64
499 14238254 998 5 3 1030
