11 234 500
0 459971 3 5 10 935
1 459971 3 10 0 2396
2 459971 3 5 9 20
3 459971 3 9 0 4792
4 840790 9 1 0 14
5 840790 9 1 1 4
6 1180324 13 1 8 1
7 1180324 13 8 8 1
8 1180324 13 8 4 340
9 1180324 13 7 4 3064
10 1544175 17 2 4 12
11 1611148 18 1 4 20
12 1957229 27 1 0 130
13 2335994 37 0 9 2107
14 2545999 41 10 10 49
15 2545999 41 10 7 58
16 2604860 44 1 8 59
17 2616219 45 0 6 3190
18 3440766 51 8 9 1
19 3440766 51 10 6 1
20 3440766 51 10 1 30
21 3440766 51 10 9 1
22 3497157 56 5 6 86
23 3882463 59 1 9 128
24 3882463 59 8 6 19
25 4087854 66 0 5 116
26 4357533 72 6 2 8
27 4374733 74 3 7 8
28 4813086 75 0 8 1
29 4813086 75 4 1 1183
30 4813086 75 8 9 1
31 4813086 75 7 3 168
32 4813086 75 6 0 11
33 4813086 75 10 4 3
34 4813086 75 0 9 1
35 4813086 75 8 5 115
36 4872092 77 0 4 105
37 5533786 84 10 6 1
38 5533786 84 3 9 1
39 5535423 85 8 6 404
40 5538402 86 7 5 3487
41 5749695 91 3 2 550
42 5842580 94 7 5 2270
43 6296576 99 9 10 3070
44 6296576 99 7 4 28
45 6296576 99 7 10 3070
46 6305554 100 7 2 57
47 6869164 102 9 2 967
48 6869164 102 9 10 21
49 6869164 102 3 7 1
50 7249761 108 6 5 8
51 7249761 108 8 10 3
52 7284718 110 3 5 196
53 7306394 113 10 6 349
54 7619621 125 0 2 16
55 7787117 127 0 1 237
56 7787117 127 0 2 9547
57 7935659 134 6 7 32
58 8079951 136 1 4 6084
59 8540966 137 0 4 199
60 8587408 139 7 1 25
61 8681991 143 0 7 238
62 8694931 144 0 4 125
63 8805059 146 10 8 333
64 8805059 146 4 3 36
65 8805059 146 8 8 999
66 8838558 148 9 10 21
67 9432758 154 8 8 21
68 9432758 154 0 0 4
69 9432758 154 8 9 11
70 9432758 154 6 5 69
71 9432758 154 2 0 2
72 9432758 154 2 4 10
73 9432758 154 10 8 87
74 9437428 155 1 7 3
75 10022927 160 8 3 10
76 10022927 160 4 6 5
77 10223372 162 2 3 191
78 10223372 162 8 10 5
79 10317756 165 0 5 110
80 10430644 170 3 7 102
81 10577421 174 1 2 9
82 10775582 177 3 9 9
83 10775582 177 3 3 2171
84 10811932 182 5 6 2663
85 11497828 198 4 5 9
86 11497828 198 8 9 31
87 11497828 198 1 4 4
88 11546911 202 3 9 290
89 11696063 205 3 2 11780
90 12082792 223 2 7 68
91 12342996 229 2 5 133
92 12342996 229 0 4 17
93 12342996 229 2 4 52
94 12342996 229 2 1 1
95 12595136 230 0 7 226
96 12615187 231 0 6 2
97 13083901 233 8 10 9
98 13083901 233 3 7 1
99 13083901 233 0 1 4
100 13083901 233 6 7 1
101 13083901 233 0 7 1
102 13083901 233 8 3 1
103 13083901 233 9 2 4
104 13303011 237 4 6 47
105 13888881 241 3 0 9
106 13888881 241 7 3 1
107 13888881 241 6 3 1
108 13888881 241 1 4 14
109 13890199 242 8 3 104
110 13944420 246 10 0 30
111 13993613 254 2 4 52
112 14270784 259 5 5 85
113 14270784 259 6 3 623
114 14271814 260 0 8 471
115 14826136 262 0 10 12
116 14826136 262 3 9 15
117 14826136 262 9 0 19
118 14826136 262 2 4 9
119 14826136 262 4 7 1
120 14826136 262 3 10 6
121 14826136 262 9 5 7
122 14895592 263 10 10 1524
123 15015241 269 4 1 4881
124 15204931 282 8 1 106
125 15284357 285 4 10 220
126 15284357 285 4 8 94
127 16160168 287 4 8 5
128 16160168 287 6 2 3
129 16160168 287 2 6 24
130 16160168 287 5 8 5
131 16160168 287 7 6 24
132 16160168 287 4 3 11
133 16486675 291 4 1 128
134 16486675 291 10 0 1
135 16486675 291 2 7 111
136 16486675 291 10 1 2688
137 16486675 291 3 7 111
138 16486675 291 8 3 1267
139 16486675 291 4 6 2047
140 16785971 292 8 0 6
141 16992187 298 1 9 8
142 16992187 298 1 8 2839
143 17365377 303 4 8 324
144 17365377 303 10 6 397
145 17571418 304 3 5 23
146 17571418 304 2 8 40
147 17630269 307 5 4 3332
148 17733005 310 0 1 221
149 17800083 312 6 10 391
150 17801191 314 9 1 54
151 18283624 317 3 7 1004
152 18283624 317 3 9 5
153 18283624 317 10 7 1004
154 18283624 317 7 3 54
155 18283624 317 4 9 5
156 18283624 317 6 2 565
157 18283624 317 2 0 4
158 18283624 317 6 4 10
159 18339967 323 5 9 187
160 18452902 324 5 10 48
161 18452902 324 7 9 95
162 18717105 328 5 5 297
163 18717105 328 3 0 1
164 18856587 335 1 4 11349
165 19272744 340 5 3 126
166 19272744 340 6 1 3
167 19272744 340 5 4 1
168 19272744 340 2 3 126
169 19293391 341 10 2 91
170 19385336 346 6 5 978
171 19422402 349 8 6 1136
172 19528936 353 0 6 5
173 19542845 355 6 6 29
174 19804873 367 6 10 6
175 19903820 369 6 3 6
176 20544374 388 0 9 4765
177 21033420 390 0 5 6
178 21033420 390 4 7 3
179 21830385 395 8 3 10
180 21830385 395 8 5 177
181 21830385 395 8 10 31
182 22153347 402 2 5 49
183 22153347 402 2 2 7
184 22153347 402 9 2 1
185 22153347 402 2 10 13
186 22320194 407 2 7 98
187 22740283 409 5 3 3
188 22740283 409 1 2 11
189 22740283 409 5 5 797
190 22968701 413 9 0 144
191 22968701 413 9 8 10548
192 23056270 420 5 8 36
193 23152161 422 1 7 4
194 23989784 428 3 9 1
195 23989784 428 4 0 1
196 23989784 428 7 0 1
197 23989784 428 0 3 3
198 23989784 428 5 1 6684
199 23989784 428 6 6 1
200 23989784 428 4 4 4
201 23989784 428 7 1 110959
202 23990648 429 0 6 415
203 24409266 430 5 6 190
204 24409266 430 4 4 3
205 24409266 430 7 6 381
206 24409266 430 1 3 4
207 24409266 430 3 5 16
208 24512337 435 6 6 24
209 24566714 440 6 10 20
210 24578299 442 6 1 1280
211 24662207 445 7 0 52
212 25100653 457 7 0 8
213 25100653 457 4 10 25
214 25100653 457 10 7 10
215 25100653 457 6 9 40
216 25583830 461 2 1 11
217 25583830 461 1 8 9
218 26644898 466 1 0 7
219 26644898 466 10 1 2
220 26644898 466 9 1 2
221 26644898 466 1 9 4
222 27109492 472 6 0 14
223 27394563 473 3 8 52
224 27394563 473 10 8 52
225 27394563 473 1 2 15
226 27394563 473 10 10 1
227 28277340 475 9 9 5
228 28277340 475 9 4 1
229 28277340 475 1 2 13
230 28277340 475 0 9 5
231 28277340 475 4 8 2
232 28277340 475 8 4 1
233 28277340 475 6 6 1
234 28372478 477 2 6 69
235 28439657 479 9 9 1
236 28471242 480 5 8 224
237 28608066 487 5 5 33572
238 28719518 489 9 0 11786
239 28719518 489 8 10 15052
240 28719518 489 3 5 94
241 28719518 489 3 0 785
242 28795499 496 10 3 2626
243 29614038 498 9 3 1
244 29614038 498 3 9 1
245 29614038 498 2 9 1
246 29614038 498 4 10 13
247 29614038 498 8 9 1
248 29614038 498 9 0 64
249 29614038 498 3 0 10
250 29682670 499 7 5 7680
251 29748821 504 10 9 1333
252 30225322 507 10 6 3
253 30225322 507 5 3 2
254 30225322 507 3 0 15
255 30225322 507 4 4 1429
256 30911084 513 7 1 58
257 30911084 513 5 7 35
258 30911084 513 2 9 20
259 30911084 513 3 9 20
260 31013592 516 2 3 1
261 31019804 518 9 8 52
262 31124050 528 3 7 128
263 31134597 530 3 10 50
264 31238462 535 0 7 12
265 31247325 536 3 6 467
266 31392505 542 1 9 38
267 31553754 550 1 6 6
268 31697924 552 5 0 76
269 32572384 555 2 0 2
270 32572384 555 7 2 876
271 32572384 555 9 2 1752
272 32572384 555 5 9 2
273 32572384 555 7 9 2
274 32572384 555 6 2 876
275 32572384 555 10 3 607
276 32572384 555 1 0 1
277 32572384 555 3 10 1
278 32572384 555 6 8 7
279 32887204 556 5 7 31
280 32887204 556 0 5 3164
281 33048966 558 1 9 64
282 33191993 562 10 0 17
283 33340482 565 1 6 430
284 33340482 565 1 5 19648
285 33346429 568 8 2 137
286 33685520 569 9 6 87
287 33685520 569 4 2 52
288 33685520 569 4 8 1
289 33685520 569 3 7 8
290 34028004 576 10 1 1
291 34082204 580 0 8 233
292 34230126 582 4 4 50
293 34230126 582 4 9 88
294 34307467 583 6 4 5985
295 34444734 591 7 1 1
296 34444734 591 6 10 2
297 34793966 602 6 7 74
298 34793966 602 8 6 12
299 34793966 602 6 4 453
300 34793966 602 6 6 1
301 35014393 611 1 2 8
302 35771153 612 4 3 1
303 35771153 612 1 0 71
304 35771153 612 9 5 120
305 35771153 612 6 1 13
306 35771153 612 2 4 80
307 35771153 612 6 6 1
308 35771153 612 7 6 4
309 35771153 612 7 1 3
310 36549632 616 9 10 1709
311 36549632 616 7 3 20
312 36549632 616 8 2 1
313 36549632 616 4 5 1227
314 36549632 616 9 8 1
315 36549632 616 0 4 1
316 36549632 616 3 10 854
317 36612080 620 10 8 40
318 36895030 628 1 6 127
319 36971727 631 5 6 491
320 37150463 633 5 10 15
321 37184511 634 7 3 109
322 37184511 634 7 4 53
323 37326250 640 1 0 113
324 37773497 644 7 5 10
325 37773497 644 7 8 908
326 37848693 657 7 3 56
327 37855332 659 10 5 113
328 37919004 662 4 4 2
329 38590215 671 1 9 17
330 38590215 671 5 2 6
331 38590215 671 10 7 2
332 38590215 671 1 6 16
333 38710416 675 2 4 30
334 38710416 675 2 8 300
335 38772571 678 6 6 409
336 38842426 681 0 4 2639
337 39320831 683 8 8 5
338 39320831 683 6 4 638
339 39320831 683 1 10 32
340 39320831 683 3 6 31
341 39707464 690 0 7 11086
342 39707464 690 0 3 90
343 39707464 690 8 3 45
344 39707464 690 8 6 14
345 40930743 695 9 3 4
346 40930743 695 5 4 1
347 40930743 695 5 10 1
348 40930743 695 9 10 1
349 40930743 695 3 7 5
350 40930743 695 3 0 21
351 40930743 695 4 7 1
352 41185025 698 5 1 3
353 41299270 701 2 9 1
354 41299270 701 1 2 3
355 41484605 702 4 3 13
356 41484605 702 4 7 81
357 41484605 702 4 8 11
358 41484605 702 3 10 17
359 41484605 702 3 8 11
360 41671654 703 2 10 81
361 41671654 703 2 5 40
362 41671654 703 9 4 57
363 41671654 703 2 0 74
364 41706361 707 6 1 13
365 41835878 711 9 10 28
366 42321128 718 0 0 1
367 42352887 722 10 1 2439
368 42488041 723 3 6 66
369 42488041 723 6 5 29
370 42635047 727 2 5 14
371 42889853 732 9 5 52
372 42889853 732 7 6 7
373 42889853 732 5 9 46
374 43107925 735 6 7 1348
375 43107925 735 9 5 36
376 43107925 735 6 4 76
377 43261114 739 10 6 35
378 43761680 741 5 9 14
379 43761680 741 3 6 2
380 43761680 741 3 7 2
381 43857029 744 6 8 1133
382 43877308 748 7 8 28
383 43960209 749 5 0 33
384 43960209 749 10 7 20
385 44400333 751 10 2 15409
386 44400333 751 9 7 3
387 44400333 751 6 7 3
388 44480231 752 3 8 42
389 44593249 755 9 2 84
390 44715584 757 3 0 7
391 44746768 759 10 3 11
392 45088412 767 10 8 62
393 45356504 775 9 3 95
394 45498175 780 0 5 4
395 45652830 797 3 10 18
396 45902248 812 1 5 1916
397 46018190 817 9 3 1577
398 46905743 822 4 2 9
399 46905743 822 5 3 1
400 46905743 822 10 1 1
401 46905743 822 10 3 3
402 46905743 822 7 7 691
403 46905743 822 9 3 1
404 46905743 822 7 1 1
405 46905743 822 5 4 1
406 46905743 822 2 1 1
407 47593607 823 10 8 30
408 47593607 823 1 10 1
409 47593607 823 10 6 7637
410 47593607 823 8 0 26
411 47593607 823 2 2 12
412 47811612 825 10 0 17
413 47811612 825 6 9 56
414 47811612 825 4 4 187
415 47935243 830 3 2 42
416 48093399 833 7 10 8
417 48093399 833 7 5 22
418 48093399 833 7 3 83
419 48093399 833 7 8 800
420 48194485 834 2 0 15
421 48355222 842 1 9 9530
422 48396758 844 7 9 283
423 48396758 844 1 9 851
424 48429648 845 5 7 51
425 48488607 846 5 10 165
426 48554982 855 2 0 234
427 48573303 856 4 4 30
428 48799016 861 3 7 1201
429 49333997 864 10 8 113
430 49333997 864 6 7 2
431 49333997 864 8 4 5
432 49333997 864 5 9 35
433 49333997 864 1 9 35
434 49458730 871 6 8 758
435 49458730 871 1 3 1534
436 49638703 876 1 3 18
437 49704815 881 2 2 561
438 50087144 886 3 6 8888
439 50087144 886 2 2 1476
440 50087144 886 1 6 1111
441 50533190 894 8 4 18
442 50533190 894 9 10 33
443 50533190 894 9 1 4
444 50533190 894 7 5 4
445 50798235 898 1 1 158
446 50855950 899 6 8 4891
447 51254942 907 2 1 116
448 51254942 907 2 10 6
449 51254942 907 2 3 18
450 51329039 909 9 7 11407
451 51406297 912 8 1 71
452 51486732 913 2 2 19
453 51894351 928 7 10 102
454 52749200 929 1 5 227
455 52749200 929 2 7 2
456 52749200 929 3 4 878
457 52749200 929 8 2 21
458 52749200 929 8 3 169
459 53255791 930 0 8 309
460 53255791 930 9 6 172
461 53255791 930 7 10 683
462 53255791 930 0 1 28
463 53255791 930 9 7 31
464 53255791 930 8 6 13
465 53255791 930 3 4 7804
466 53255791 930 4 7 10
467 53713284 931 10 1 10
468 53713284 931 5 1 10
469 53713284 931 7 5 2443
470 53713284 931 7 1 10
471 54016013 932 8 0 2
472 54016013 932 6 10 47
473 54016013 932 6 3 3
474 54086799 936 3 4 58
475 55012853 941 3 4 1
476 55012853 941 3 3 2
477 55012853 941 2 5 27
478 55012853 941 6 2 5
479 55012853 941 5 7 1
480 55012853 941 4 7 1
481 55012853 941 8 4 11
482 55012853 941 3 10 18
483 55247487 952 4 4 55
484 55292850 957 4 9 17
485 55407412 959 10 6 11
486 55524746 965 10 8 564
487 56092044 967 1 2 15
488 56092044 967 0 5 43
489 56092044 967 7 4 14
490 56092044 967 1 0 9
491 56092044 967 7 8 44
492 56092044 967 7 6 3080
493 56426118 973 2 2 3
494 56628701 989 7 5 56
495 56850919 994 9 1 1
496 56850919 994 6 1 1
497 56850919 994 0 5 16
498 56850919 994 10 0 3
499 56850919 994 4 5 64
