11 256 500
0 60259 0 9 10 942
1 60259 0 1 9 151
2 64146 2 0 10 1004
3 229985 3 9 7 63
4 229985 3 10 0 2396
5 278592 6 3 9 2025
6 420395 9 1 10 7
7 420395 9 4 5 248
8 590162 13 10 9 18555
9 590162 13 7 4 3064
10 590162 13 7 8 3
11 772087 17 5 10 1
12 772087 17 1 10 1
13 906279 21 3 0 51960
14 906279 21 3 9 94
15 912174 22 6 5 14781
16 924637 23 8 10 4218
17 1272999 41 10 9 75
18 1302430 44 1 5 455
19 1308109 45 6 6 1063
20 1720383 51 0 1 15
21 1720383 51 8 4 15
22 1720383 51 5 1 15
23 1720383 51 2 9 1
24 1761954 58 1 2 7830
25 1941231 59 5 0 2
26 1941231 59 2 7 6
27 1941231 59 2 9 18
28 1941231 59 1 9 128
29 2059605 68 10 4 23
30 2124678 70 4 7 3
31 2406543 75 9 7 1
32 2406543 75 7 5 115
33 2406543 75 8 5 115
34 2406543 75 5 10 3
35 2406543 75 1 7 1
36 2436046 77 0 4 105
37 2454922 79 3 3 38
38 2766893 84 10 6 1
39 2766893 84 10 1 16
40 2766893 84 10 10 2
41 2766893 84 3 0 7
42 2766893 84 3 5 4
43 2766893 84 2 7 21
44 2766893 84 10 3 8
45 2766893 84 10 8 6
46 2874847 91 7 2 550
47 2921290 94 5 5 756
48 2936442 96 10 5 88
49 2981259 97 8 9 1843
50 3148288 99 7 3 63
51 3434582 102 0 7 3
52 3434582 102 8 7 78
53 3434582 102 7 7 1
54 3461933 103 3 5 87
55 3624880 108 5 3 13
56 3624880 108 2 2 1
57 3624880 108 5 10 3
58 3642359 110 3 5 196
59 3772694 118 8 5 16
60 3809810 125 0 2 16
61 3893558 127 0 3 27
62 3893558 127 0 4 115
63 3903976 131 1 3 226
64 4270483 137 4 10 222
65 4270483 137 9 1 12
66 4293704 139 8 1 504
67 4340995 143 0 2 200
68 4402529 146 6 4 5
69 4402529 146 4 3 36
70 4402529 146 7 8 1332
71 4419279 148 9 10 21
72 4419279 148 1 10 43
73 4453768 150 2 8 12718
74 4716379 154 0 1 5
75 4716379 154 3 4 10
76 5011463 160 9 10 57
77 5011463 160 3 10 17
78 5011463 160 8 6 5
79 5011463 160 6 7 1
80 5011463 160 0 0 35
81 5011463 160 10 1 1
82 5011463 160 1 3 2
83 5011463 160 10 8 306
84 5011463 160 0 5 35
85 5111686 162 8 6 14
86 5158878 165 2 3 372
87 5215322 170 3 10 19
88 5288710 174 1 3 36
89 5288710 174 0 7 14
90 5288710 174 9 7 14
91 5293713 175 8 6 39
92 5387791 177 0 10 393
93 5400959 179 8 7 57
94 5482795 190 10 0 36
95 5521551 192 3 3 5872
96 5521551 192 3 8 53
97 5748914 198 8 5 1
98 5748914 198 9 5 1
99 5748914 198 2 10 7
100 5748914 198 6 4 2
101 5748914 198 2 2 6
102 5748914 198 4 9 7
103 5748914 198 3 4 2
104 5748914 198 2 6 334
105 5748914 198 2 4 2
106 5773455 202 3 8 120
107 5835603 203 7 4 4534
108 5835603 203 7 9 14
109 5835603 203 8 2 64
110 5839090 204 9 0 97
111 5970082 215 7 4 8130
112 5995731 217 1 4 27
113 6041396 223 7 2 68
114 6171498 229 0 7 28
115 6297568 230 0 8 16
116 6297568 230 8 0 12
117 6541950 233 0 5 1
118 6541950 233 3 1 141
119 6541950 233 6 1 4
120 6576279 236 9 6 55
121 6651505 237 4 8 53
122 6651505 237 10 10 82
123 6692941 239 8 1 9
124 6944440 241 9 8 23
125 6944440 241 9 1 6
126 6944440 241 6 2 3905
127 6944440 241 1 1 18
128 6944440 241 7 2 3905
129 6972766 247 9 7 2966
130 6995392 253 0 6 55
131 7007461 256 4 0 18
132 7135392 259 8 5 600
133 7135392 259 3 1 891
134 7413068 262 3 5 2
135 7413068 262 9 8 7
136 7413068 262 2 2 6
137 7413068 262 2 9 15
138 7471123 267 8 9 312
139 7507620 269 4 6 99
140 7537296 271 2 7 8
141 7537296 271 1 7 8
142 8080084 287 5 0 3
143 8080084 287 3 1 3
144 8080084 287 5 4 1
145 8080084 287 9 0 1
146 8080084 287 4 3 11
147 8080084 287 10 2 3
148 8392985 292 9 8 218
149 8496093 298 1 7 60
150 8513325 301 2 5 59
151 8682688 303 0 10 14
152 8805591 305 7 7 38
153 8850903 309 3 0 37
154 8909982 316 0 4 43
155 9141812 317 3 7 1004
156 9141812 317 1 4 32
157 9141812 317 0 7 3013
158 9169983 323 5 9 187
159 9226451 324 10 5 7
160 9226451 324 7 9 95
161 9358552 328 7 3 2
162 9365212 329 0 7 2
163 9396872 330 0 7 67
164 9531294 339 10 7 31
165 9636372 340 9 4 1
166 9636372 340 6 0 20
167 9636372 340 7 7 2998
168 9646695 341 10 2 91
169 9692668 346 6 5 978
170 9711201 349 8 6 1136
171 9764468 353 0 9 9
172 9764468 353 0 10 3133
173 9793831 358 1 8 49
174 9825167 361 6 9 119
175 9849496 362 0 2 1
176 9849496 362 1 2 1
177 9868485 365 3 3 670
178 9868485 365 2 3 670
179 9951910 369 1 8 28
180 10053432 370 1 3 30
181 10053432 370 1 10 35
182 10053432 370 2 8 3
183 10077760 378 10 6 120
184 10155053 380 10 9 703
185 10272187 388 7 8 88
186 10279434 389 6 2 16284
187 10516710 390 8 6 459
188 10516710 390 8 1 2
189 10516710 390 1 6 229
190 10516710 390 9 1 110
191 10516710 390 8 8 767
192 10516710 390 10 3 596
193 10516710 390 7 6 114
194 10516710 390 3 9 174
195 10603884 392 5 0 19
196 10915192 395 8 8 33
197 10915192 395 4 0 881
198 10915192 395 6 4 94
199 10915192 395 0 7 1
200 10915192 395 5 4 1
201 10915192 395 5 0 2203
202 10915192 395 7 8 33
203 10971954 401 1 3 1192
204 11076673 402 9 5 65
205 11116213 406 1 10 204
206 11370141 409 5 1 542
207 11370141 409 10 7 1
208 11370141 409 2 6 1
209 11370141 409 1 10 10
210 11528135 420 7 10 64
211 11576080 422 9 7 4
212 11994892 428 1 5 822
213 11994892 428 1 6 1
214 11994892 428 5 0 1
215 11994892 428 3 6 1
216 11994892 428 10 8 2
217 11994892 428 1 9 1
218 11994892 428 9 1 668
219 11994892 428 9 0 1
220 12204633 430 8 3 8
221 12204633 430 7 0 2
222 12204633 430 4 10 5
223 12256168 435 6 6 24
224 12256168 435 7 1 108
225 12269043 439 6 7 114
226 12331103 445 10 0 208
227 12366493 453 8 2 53
228 12629720 460 1 6 9
229 12629720 460 1 4 4695
230 12629720 460 1 1 356
231 12791915 461 7 8 9
232 12791915 461 6 10 1
233 12791915 461 10 8 9
234 13322449 466 5 7 1
235 13322449 466 6 7 1
236 13322449 466 8 4 217
237 13322449 466 9 3 1801
238 13448287 467 1 1 2
239 13448287 467 10 1 1
240 13448287 467 5 8 7
241 13448287 467 9 1 1
242 13482828 468 7 0 6237
243 13482828 468 7 9 22
244 13519477 471 4 10 7385
245 13697281 473 8 8 104
246 13697281 473 10 10 1
247 14138670 475 10 6 1
248 14138670 475 6 0 2
249 14138670 475 0 9 5
250 14138670 475 2 5 2
251 14138670 475 4 3 1
252 14138670 475 2 8 2
253 14138670 475 7 3 1
254 14186239 477 2 8 74
255 14186239 477 2 6 69
256 14279504 486 6 8 21916
257 14279504 486 6 1 461
258 14304033 487 5 2 306
259 14304033 487 5 7 808
260 14304033 487 5 10 202
261 14304033 487 5 5 33572
262 14359759 489 8 8 98
263 14359759 489 9 8 8
264 14391761 494 7 2 10
265 14398408 497 9 7 51
266 14807019 498 9 10 261
267 14807019 498 4 9 1
268 14807019 498 3 9 1
269 14807019 498 4 1 17
270 14807019 498 0 8 1028
271 14807019 498 6 9 1
272 14841335 499 7 2 121
273 15112661 507 9 3 14
274 15206240 510 7 5 3
275 15455542 513 6 6 80
276 15455542 513 4 8 1009
277 15455542 513 5 7 35
278 15506796 516 2 3 1
279 15619231 535 8 7 12
280 15696252 542 1 1 3993
281 15697899 544 7 5 54
282 15701877 545 0 6 7157
283 15736080 547 4 9 79
284 15776877 550 4 6 31
285 15776877 550 0 6 31
286 16286192 555 5 4 3318
287 16286192 555 10 7 7
288 16286192 555 3 5 1
289 16286192 555 4 5 3
290 16286192 555 6 2 876
291 16443602 556 5 8 109
292 16443602 556 3 1 1
293 16443602 556 9 1 1
294 16524483 558 1 6 81
295 16541026 560 5 0 81
296 16595996 562 10 6 12990
297 16595996 562 10 5 78
298 16595996 562 10 2 37
299 16637708 563 10 1 192
300 16842760 569 0 6 5
301 16842760 569 8 0 26
302 16842760 569 3 7 8
303 16842760 569 8 6 1
304 16885018 575 0 8 15
305 17014002 576 0 3 30
306 17014002 576 10 3 30
307 17153733 583 6 7 1421
308 17192064 588 4 0 70
309 17192064 588 4 9 111
310 17205758 590 3 6 136
311 17222367 591 10 1 1
312 17222367 591 0 1 40
313 17402030 604 9 6 322
314 17507196 611 8 8 990
315 17885576 612 1 5 120
316 17885576 612 6 4 26
317 17885576 612 2 9 14
318 17885576 612 4 9 1
319 17885576 612 4 2 448
320 17885576 612 5 4 80
321 17885576 612 3 1 6
322 17917386 613 3 0 119
323 18274816 616 1 4 1
324 18274816 616 3 6 36
325 18274816 616 9 5 1227
326 18274816 616 7 5 3683
327 18274816 616 5 10 854
328 18274816 616 6 0 494
329 18336854 622 7 6 13081
330 18346639 624 4 5 2839
331 18396860 626 2 10 96
332 18485863 631 5 6 491
333 18575231 633 5 6 85
334 18575231 633 5 9 17
335 18592255 634 7 2 95
336 18592255 634 7 10 105
337 18661283 638 2 6 40
338 18886748 644 2 9 27
339 18886748 644 3 3 21
340 18889663 645 4 8 20
341 18901822 647 3 3 1338
342 18920595 656 0 0 126
343 18924868 658 0 3 6037
344 18972971 666 9 3 2
345 18994006 668 5 1 200
346 19295107 671 10 10 4
347 19295107 671 7 6 8
348 19295107 671 7 5 30
349 19295107 671 10 7 2
350 19302042 672 10 5 10
351 19421213 681 5 4 1319
352 19421213 681 2 4 1319
353 19421382 682 10 7 108
354 19660415 683 0 8 5
355 19660415 683 8 1 50
356 19660415 683 0 0 1
357 19660415 683 9 7 548
358 19853732 690 0 5 4
359 19853732 690 0 6 14
360 19853732 690 8 3 45
361 19853732 690 8 7 6335
362 19958651 692 6 4 38
363 19958651 692 10 10 12
364 19992548 693 8 3 1542
365 20465371 695 2 6 1
366 20465371 695 6 6 1
367 20465371 695 5 4 1
368 20465371 695 6 9 1503
369 20465371 695 7 5 28
370 20592512 698 2 1 3
371 20592512 698 10 0 4
372 20592512 698 2 8 8
373 20592512 698 5 5 6
374 20742302 702 3 0 1187
375 20742302 702 3 9 43
376 20835827 703 9 1 49
377 20835827 703 9 5 40
378 20982958 716 3 10 175
379 21160564 718 2 10 21
380 21160564 718 7 4 27
381 21160564 718 6 1 6
382 21160564 718 8 10 2
383 21160564 718 3 1 85
384 21244020 723 3 7 32
385 21244020 723 6 0 79
386 21275913 724 6 5 1502
387 21275913 724 6 6 2
388 21275913 724 6 9 286
389 21317523 727 8 0 769
390 21444926 732 5 0 4
391 21444926 732 6 3 7
392 21447634 734 2 0 38
393 21553962 735 6 9 10
394 21588629 737 5 0 44
395 21630557 739 10 7 96
396 21880840 741 4 10 8
397 21880840 741 3 0 544
398 21880840 741 9 4 33
399 21980104 749 10 5 24
400 22200166 751 5 1 15
401 22200166 751 0 5 12
402 22403520 764 3 2 84
403 22534914 766 3 5 13
404 22534914 766 3 3 1
405 22534914 766 7 5 41
406 22720441 778 3 1 279
407 22767079 783 7 10 8
408 22781038 785 8 2 7
409 22798413 788 10 8 200
410 22814538 791 7 1 1
411 22862782 798 4 10 193
412 22862782 798 4 5 6106
413 22878190 802 5 0 43
414 22944842 809 0 8 54
415 23452871 822 9 7 138
416 23452871 822 8 1 1
417 23452871 822 7 4 1
418 23452871 822 2 10 1
419 23452871 822 5 9 3
420 23452871 822 5 2 3
421 23796803 823 8 5 1198
422 23796803 823 8 0 26
423 23796803 823 8 4 3553
424 23905806 825 4 9 18
425 23905806 825 1 9 18
426 24097242 834 1 5 908
427 24198379 844 2 9 283
428 24267265 853 9 0 60
429 24324967 857 9 2 15741
430 24362527 859 6 1 2
431 24362527 859 6 9 148
432 24399508 861 3 3 2378
433 24666998 864 4 6 26
434 24666998 864 10 5 15
435 24666998 864 9 4 5
436 24666998 864 2 0 1809
437 24697703 870 0 3 6
438 24729365 871 5 9 3
439 25043572 886 0 1 11
440 25077363 888 10 2 136
441 25266595 894 4 2 5
442 25266595 894 9 2 35
443 25266595 894 8 9 35
444 25266595 894 4 7 10
445 25266595 894 0 9 35
446 25266595 894 9 1 4
447 25375963 896 3 9 10
448 25375963 896 3 2 38
449 25375963 896 10 2 38
450 25427975 899 6 6 12658
451 25513961 903 1 9 9
452 25541673 905 3 8 95
453 25627471 907 2 9 153
454 25627471 907 2 2 1642
455 25701846 911 1 0 682
456 25833661 920 8 9 28
457 25885722 924 1 6 1
458 25886986 925 8 0 184
459 25939204 926 7 8 20
460 25939204 926 7 4 65
461 26374600 929 2 1 1
462 26374600 929 7 7 231
463 26374600 929 9 3 3
464 26374600 929 4 1 2
465 26374600 929 9 8 14
466 26627895 930 1 2 43
467 26627895 930 1 5 22
468 26627895 930 7 3 15
469 26627895 930 8 3 15
470 26856642 931 1 9 2119
471 26856642 931 6 2 1607
472 27008006 932 9 2 902
473 27008006 932 10 7 10
474 27008006 932 3 7 3
475 27008006 932 5 0 2
476 27033971 935 5 1 1573
477 27506426 941 8 5 13
478 27506426 941 6 6 24
479 27506426 941 10 9 1305
480 27506426 941 8 8 1
481 27506426 941 2 3 1
482 27506426 941 0 4 3
483 27506426 941 4 0 22
484 27506426 941 2 6 5
485 27506426 941 5 1 192
486 27562342 948 1 4 16
487 27562342 948 0 1 107
488 27610863 950 7 8 44
489 27629382 955 7 4 6343
490 27745720 961 2 5 687
491 27753705 963 0 8 229
492 27762373 965 10 8 564
493 28213059 973 2 5 1938
494 28262496 979 6 1 290
495 28282274 982 3 10 41
496 28291418 986 1 0 968
497 28306439 987 7 9 42
498 28323033 990 4 1 2
499 28362726 993 4 10 91
