11 242 500
0 15064 0 1 5 6
1 15064 0 1 1 3
2 57496 3 10 5 113
3 57496 3 5 4 3213
4 76089 8 10 0 624
5 105098 9 7 8 2
6 105098 9 4 0 7
7 152553 16 1 4 7
8 193021 17 1 2 526
9 193021 17 6 5 184
10 193021 17 0 2 526
11 193021 17 1 7 17
12 226569 21 4 4 22
13 266676 29 10 7 2267
14 266676 29 10 5 56
15 266676 29 10 4 20
16 266676 29 2 8 170
17 273916 31 3 6 1
18 278471 35 7 10 74
19 291999 37 3 0 25
20 325607 44 1 3 43
21 339927 50 2 3 14
22 430095 51 9 2 5
23 430095 51 8 10 1
24 430095 51 3 10 1
25 437144 56 5 0 1
26 485307 59 5 3 63
27 485307 59 5 1 22
28 485307 59 5 6 19
29 485307 59 2 10 3
30 485307 59 5 0 2
31 531169 70 8 8 21
32 544691 72 6 4 12101
33 601635 75 0 7 1
34 601635 75 1 5 231
35 601635 75 1 6 163
36 609011 77 9 4 42
37 691723 84 2 8 1
38 691723 84 6 8 1
39 691723 84 3 6 1
40 691723 84 6 4 5
41 697089 88 1 6 30
42 710423 89 7 3 43
43 718711 91 1 2 10456
44 718869 92 9 0 133
45 723749 93 9 10 67
46 730322 94 4 5 1513
47 730322 94 0 5 1513
48 734110 96 0 5 44
49 745314 97 9 9 1843
50 745314 97 3 9 3687
51 745314 97 6 9 1843
52 787072 99 9 1 40
53 858645 102 6 3 5
54 858645 102 7 10 21
55 858645 102 0 2 483
56 858645 102 2 10 21
57 858645 102 4 5 14
58 865483 103 8 5 6
59 873019 105 1 5 326
60 906220 108 3 6 15
61 906220 108 5 7 4
62 910589 110 3 8 100
63 923774 116 2 8 217
64 932674 117 0 6 1374
65 973389 127 0 9 22699
66 991957 134 6 3 3
67 1009993 136 8 1 94
68 1067620 137 2 10 890
69 1067620 137 3 0 8
70 1067620 137 5 8 4
71 1067620 137 9 8 4
72 1067620 137 10 8 34
73 1085248 143 0 10 7810
74 1179094 154 8 6 230
75 1179094 154 10 8 87
76 1179094 154 6 2 748
77 1179094 154 4 5 69
78 1179094 154 1 4 10
79 1179094 154 8 1 5
80 1182915 156 2 8 23
81 1252865 160 9 2 210
82 1252865 160 2 2 210
83 1252865 160 6 9 4
84 1277921 162 5 10 5
85 1277921 162 6 10 5
86 1289719 165 8 3 93
87 1289719 165 2 3 372
88 1294633 169 3 4 102
89 1303830 170 3 4 341
90 1309982 172 7 8 29
91 1353459 183 4 0 35
92 1437228 198 4 9 7
93 1437228 198 3 8 46
94 1437228 198 6 6 111
95 1458900 203 7 7 7494
96 1458900 203 7 9 14
97 1458900 203 8 7 7494
98 1488442 210 8 3 299
99 1488442 210 2 3 1
100 1491198 213 8 4 106
101 1498932 217 7 4 13
102 1510349 223 7 9 1
103 1542874 229 6 8 118
104 1542874 229 2 7 9
105 1576898 231 7 6 2
106 1635487 233 6 3 5
107 1635487 233 1 3 4
108 1635487 233 9 1 8
109 1638961 235 2 7 17
110 1662876 237 10 1 11
111 1662876 237 10 8 53
112 1736110 241 7 5 5047
113 1736110 241 7 4 14
114 1736110 241 6 0 9
115 1742472 245 0 8 20
116 1783848 259 4 7 25
117 1783848 259 1 7 25
118 1783976 260 0 8 471
119 1853267 262 4 5 1
120 1853267 262 0 6 8
121 1853267 262 8 0 9
122 1861949 263 10 10 1524
123 1863724 265 1 3 69
124 1910544 285 4 6 319
125 1910544 285 4 2 275
126 2020021 287 8 1 28
127 2020021 287 4 9 1
128 2020021 287 6 1 15
129 2020021 287 8 9 1
130 2020021 287 0 8 11
131 2020021 287 6 10 7
132 2020021 287 9 1 53
133 2060834 291 6 0 3
134 2060834 291 4 6 2047
135 2060834 291 5 7 111
136 2060834 291 0 8 26
137 2098246 292 2 1 197
138 2098246 292 1 0 6
139 2098246 292 2 10 1
140 2098246 292 3 8 654
141 2101260 294 0 5 99583
142 2107451 297 1 10 64
143 2125550 299 9 6 1644
144 2170672 303 0 0 3
145 2170672 303 4 7 3
146 2196427 304 2 3 929
147 2196427 304 3 0 17
148 2212373 308 6 1 147
149 2216625 310 7 6 6
150 2216625 310 10 7 73
151 2223814 311 2 10 76
152 2285453 317 0 10 55
153 2285453 317 9 8 167
154 2339638 328 6 5 594
155 2341303 329 4 7 6
156 2349218 330 0 6 47
157 2349219 331 3 3 56
158 2365497 337 4 6 86
159 2365497 337 4 9 42
160 2382823 339 1 7 15
161 2409093 340 5 3 126
162 2413581 342 7 4 33
163 2427800 349 8 6 1136
164 2445614 357 2 8 157
165 2448950 359 6 9 55
166 2487977 369 3 9 224
167 2487977 369 1 7 2
168 2513358 370 0 5 1
169 2568046 388 0 4 28
170 2568046 388 7 3 3122
171 2629177 390 6 6 114
172 2629177 390 2 4 27
173 2629177 390 3 1 10
174 2650971 392 9 0 19
175 2650971 392 7 4 427
176 2650971 392 1 5 5135
177 2728798 395 10 4 1
178 2728798 395 3 7 1
179 2728798 395 0 5 177
180 2728798 395 6 8 33
181 2728798 395 1 7 41
182 2728798 395 0 9 2555
183 2734153 396 3 1 405
184 2769168 402 9 3 65
185 2769168 402 2 8 69
186 2769168 402 9 7 35
187 2769168 402 9 0 2920
188 2769168 402 2 4 6
189 2842535 409 10 1 542
190 2842535 409 8 0 1056
191 2842535 409 6 6 1
192 2844986 410 6 3 1
193 2871087 413 9 3 3
194 2871087 413 2 8 5274
195 2877112 419 10 1 7
196 2882033 420 9 10 64
197 2905208 424 7 7 63
198 2998723 428 2 8 2
199 2998723 428 7 5 822
200 2998723 428 7 2 2
201 2998723 428 9 8 2
202 2998723 428 7 4 1
203 2998723 428 8 6 1
204 2998723 428 6 5 822
205 2998723 428 2 1 668
206 2998723 428 2 0 1
207 2998723 428 8 10 8
208 2998723 428 3 8 2
209 2998723 428 9 9 1
210 3051158 430 3 6 190
211 3051158 430 3 8 1
212 3051158 430 9 8 1
213 3070839 440 0 0 29
214 3072009 441 7 3 52
215 3076280 443 6 3 83
216 3085148 447 3 1 17
217 3086294 448 10 1 2
218 3137581 457 1 6 12
219 3137581 457 8 4 1
220 3137581 457 6 6 6
221 3137581 457 5 10 5
222 3137581 457 8 7 1
223 3137581 457 2 0 8
224 3137581 457 2 6 6
225 3197978 461 1 7 1
226 3197978 461 9 5 1
227 3197978 461 2 7 147
228 3330612 466 3 6 8
229 3330612 466 10 3 1801
230 3330612 466 0 2 50
231 3330612 466 8 5 1
232 3330612 466 6 10 2
233 3330612 466 4 0 15
234 3330612 466 1 8 1
235 3330612 466 6 7 1
236 3330612 466 7 4 652
237 3330612 466 0 8 1
238 3330612 466 10 8 1
239 3362071 467 1 8 7
240 3362071 467 5 0 430
241 3362071 467 6 7 5
242 3362071 467 0 1 1
243 3370707 468 7 1 79
244 3370707 468 7 5 422
245 3370707 468 7 8 13074
246 3370707 468 7 10 33231
247 3379869 471 6 10 923
248 3379869 471 10 10 2769
249 3388686 472 6 0 14
250 3424721 474 4 9 211
251 3534667 475 8 2 3
252 3534667 475 6 10 10
253 3534667 475 0 10 10
254 3534667 475 4 7 4
255 3534667 475 5 9 5
256 3534667 475 10 4 2
257 3534667 475 5 4 1
258 3546559 477 2 3 89
259 3546559 477 2 9 103
260 3554957 479 6 9 1
261 3562580 483 10 10 8
262 3589939 489 9 0 11786
263 3589939 489 0 5 94
264 3701754 498 6 8 514
265 3701754 498 0 0 43
266 3701754 498 9 2 4
267 3701754 498 3 9 1
268 3701754 498 0 6 1
269 3778165 507 2 10 89
270 3778165 507 3 3 26
271 3778165 507 10 1 1
272 3778165 507 9 3 14
273 3801560 510 7 6 71
274 3863885 513 3 9 20
275 3863885 513 10 3 26
276 3863885 513 1 8 5049
277 3863885 513 1 6 240
278 3866040 515 10 1 15
279 3884958 526 3 2 56
280 3904807 535 3 7 31
281 3907490 537 4 10 11
282 3907490 537 5 10 11
283 3907490 537 10 10 11
284 3924063 542 1 8 84
285 3924063 542 1 2 138
286 3944219 550 2 6 6
287 4071548 555 6 10 1
288 4071548 555 4 2 4380
289 4071548 555 6 4 829
290 4071548 555 10 6 47
291 4071548 555 5 3 202
292 4071548 555 6 1 191
293 4071548 555 1 7 14
294 4071548 555 3 1 95
295 4071548 555 4 10 197
296 4071548 555 10 9 2
297 4110900 556 3 10 335
298 4110900 556 9 1 1
299 4110900 556 5 5 3164
300 4131120 558 1 10 174
301 4131120 558 1 9 64
302 4140140 561 8 10 28
303 4148999 562 10 10 8302
304 4210690 569 9 0 26
305 4210690 569 0 1 65
306 4210690 569 1 0 52
307 4210690 569 7 1 1
308 4210877 570 1 9 106
309 4215699 573 1 5 19
310 4260275 580 0 8 233
311 4288433 583 6 1 2272
312 4291445 587 2 1 6
313 4291445 587 4 1 12
314 4298016 588 4 1 168
315 4298016 588 4 8 19655
316 4305591 591 5 10 34
317 4305591 591 10 1 1
318 4313212 597 3 4 14
319 4363478 606 10 5 1333
320 4471394 612 2 4 80
321 4471394 612 9 8 8
322 4471394 612 8 8 8
323 4471394 612 10 2 448
324 4471394 612 9 9 8
325 4471394 612 3 1 6
326 4471394 612 4 6 1
327 4471394 612 10 5 3603
328 4471394 612 2 0 71
329 4568704 616 5 9 14
330 4568704 616 7 7 200
331 4568704 616 6 3 145
332 4568704 616 10 0 494
333 4568704 616 6 4 1
334 4568704 616 7 3 20
335 4568704 616 2 4 1
336 4601689 627 1 7 2270
337 4648063 634 7 2 95
338 4653577 635 5 9 102
339 4721687 644 4 7 834
340 4721687 644 0 0 25
341 4721687 644 0 2 152
342 4721687 644 8 6 1
343 4721687 644 4 0 8
344 4721687 644 2 8 1817
345 4724349 646 2 9 12
346 4733559 660 7 7 16605
347 4739871 661 4 0 26
348 4823776 671 1 0 1
349 4823776 671 4 8 5
350 4823776 671 9 2 6
351 4823776 671 6 7 1
352 4823776 671 2 6 8
353 4823776 671 2 1 476
354 4823776 671 7 2 19
355 4838802 675 2 6 44
356 4846571 678 6 6 409
357 4855303 681 9 4 1319
358 4855303 681 8 4 1319
359 4855303 681 0 4 2639
360 4855345 682 10 7 108
361 4915103 683 6 7 548
362 4915103 683 2 9 30
363 4915103 683 6 4 638
364 4920630 688 7 4 43
365 4932787 689 9 4 318
366 4963433 690 4 7 527
367 4963433 690 0 9 34
368 4989662 692 6 4 38
369 5116342 695 6 7 1
370 5116342 695 0 5 14
371 5116342 695 4 1 41
372 5116342 695 0 4 1
373 5116342 695 3 9 214
374 5116342 695 1 4 1
375 5116342 695 1 0 42
376 5148128 698 5 2 25
377 5148863 699 8 8 218
378 5162408 701 8 9 1
379 5208956 703 2 8 52
380 5210064 704 5 6 1995
381 5228674 710 3 3 119
382 5290141 718 5 1 6
383 5290141 718 10 8 1455
384 5290141 718 7 4 27
385 5329380 727 2 5 14
386 5361231 732 0 0 3
387 5397157 737 10 0 88
388 5397157 737 9 0 44
389 5407639 739 10 9 6031
390 5407639 739 10 8 67
391 5470210 741 8 2 3
392 5482358 745 3 10 118
393 5495026 749 2 0 33
394 5495026 749 9 7 41
395 5495026 749 5 9 2
396 5495759 750 0 3 82
397 5550041 751 2 5 25
398 5550041 751 7 4 13
399 5550041 751 9 4 27
400 5561098 754 0 1 40
401 5574156 755 9 0 195
402 5574156 755 9 7 346
403 5589448 757 7 5 578
404 5633728 766 7 7 3
405 5657958 768 8 2 620
406 5657958 768 0 10 47
407 5665889 773 10 10 34
408 5680110 778 4 9 7
409 5680110 778 10 1 279
410 5688185 781 0 3 77
411 5691061 782 8 4 1
412 5703634 791 8 1 1
413 5703792 792 0 8 118
414 5706247 796 0 10 90
415 5719547 802 10 2 4521
416 5728218 804 4 10 98
417 5757641 821 6 9 68
418 5863217 822 10 5 78
419 5863217 822 10 6 8
420 5863217 822 9 3 1
421 5863217 822 7 8 479
422 5863217 822 4 3 1
423 5863217 822 2 7 1244
424 5863217 822 8 10 3
425 5863217 822 1 3 3
426 5863217 822 7 4 1
427 5863217 822 0 10 3
428 5863217 822 1 10 1
429 5976451 825 0 1 19
430 5976451 825 1 8 63
431 5991905 830 3 9 16
432 6011674 833 7 0 119
433 6011674 833 7 8 800
434 6030805 839 8 3 4
435 6053706 845 4 7 9
436 6082861 858 7 2 1
437 6166749 864 7 0 3618
438 6166749 864 3 6 4
439 6166749 864 6 9 70
440 6166749 864 2 9 35
441 6167855 866 10 3 552
442 6174425 870 3 3 6
443 6182341 871 5 8 758
444 6260893 886 3 1 5
445 6260893 886 8 1 11
446 6316648 894 9 1 4
447 6316648 894 5 9 71
448 6316648 894 3 2 11
449 6316648 894 0 2 11
450 6356993 899 6 9 33179
451 6356993 899 6 5 249
452 6364413 901 9 2 30
453 6378490 903 1 4 337
454 6407413 908 1 0 165
455 6456196 919 9 1 16
456 6486793 928 0 10 51
457 6593650 929 1 0 2
458 6593650 929 4 5 227
459 6593650 929 8 0 25
460 6593650 929 9 9 4
461 6593650 929 0 2 4
462 6714160 931 5 10 225
463 6714160 931 5 9 4239
464 6714160 931 6 3 24
465 6714160 931 0 6 17
466 6752001 932 8 4 43
467 6752001 932 3 9 4
468 6769096 939 9 9 59
469 6775204 940 0 5 111
470 6876606 941 0 3 1
471 6876606 941 10 10 36
472 6876606 941 7 7 2
473 6876606 941 7 5 55
474 6876606 941 7 10 36
475 6876606 941 10 5 13
476 6876606 941 4 8 1
477 6880343 945 9 1 9558
478 6881436 947 10 10 71
479 6890585 948 1 6 11083
480 6893246 949 10 4 3132
481 6925926 959 10 5 196
482 6925926 959 10 6 11
483 7011505 967 1 5 7
484 7011505 967 4 4 14
485 7011505 967 1 3 4
486 7011505 967 6 1 369
487 7011505 967 0 10 13
488 7011505 967 1 1 369
489 7020958 970 10 6 74
490 7053264 973 2 5 1938
491 7053264 973 0 9 112
492 7058856 977 7 2 1705
493 7069314 980 1 10 102
494 7076609 987 9 9 42
495 7090681 993 4 9 48
496 7090681 993 4 6 32
497 7090681 993 4 0 4812
498 7106364 994 8 0 3
499 7112767 997 0 3 22
