11 233 500
0 24103 0 1 9 151
1 24103 0 1 8 28
2 24538 1 9 1 33309
3 91994 3 10 2 11041
4 91994 3 9 6 284
5 91994 3 5 9 20
6 106483 4 9 8 4
7 168158 9 1 3 74
8 182550 12 6 2 40
9 236064 13 3 1 265
10 236064 13 10 5 13
11 236064 13 5 10 495
12 308835 17 0 2 526
13 308835 17 6 9 1976
14 308835 17 10 7 2
15 322229 18 1 9 179
16 369854 23 10 10 4218
17 376726 25 3 0 5933
18 467198 37 6 8 61
19 467198 37 0 10 4
20 489413 39 6 5 20
21 494360 40 0 1 119
22 520972 44 1 4 29
23 526717 48 10 8 53
24 688153 51 2 2 5
25 688153 51 8 3 15
26 688153 51 10 8 21
27 688153 51 8 6 51
28 688153 51 0 9 5
29 688153 51 2 9 1
30 688153 51 10 10 1
31 688153 51 0 10 1
32 776492 59 8 3 10
33 817570 66 0 2 233
34 849871 70 8 8 21
35 849871 70 4 7 3
36 874946 74 7 7 25
37 962617 75 9 6 14
38 962617 75 4 8 1
39 962617 75 6 8 68
40 974418 77 0 4 105
41 1106757 84 6 5 4
42 1106757 84 3 10 6
43 1106757 84 3 8 1
44 1106757 84 2 10 6
45 1106757 84 7 0 7
46 1107084 85 9 6 404
47 1168516 94 5 5 756
48 1259315 99 0 1 40
49 1373832 102 9 2 967
50 1384773 103 9 5 13
51 1449952 108 6 2 1
52 1449952 108 4 5 90
53 1449952 108 3 0 226
54 1456943 110 3 5 196
55 1456943 110 3 3 4665
56 1456943 110 3 10 47
57 1492278 117 0 10 1361
58 1708193 137 1 0 4
59 1768048 149 7 7 229
60 1783422 151 3 9 3
61 1886551 154 5 2 498
62 1886551 154 5 1 33
63 1886551 154 1 4 10
64 1886551 154 7 7 642
65 1886551 154 3 8 261
66 2004585 160 9 10 57
67 2004585 160 7 6 19
68 2004585 160 10 2 843
69 2044674 162 3 4 15
70 2044674 162 8 0 1899
71 2044674 162 10 10 5
72 2086128 170 3 10 19
73 2095971 172 7 2 54
74 2115484 174 5 2 9
75 2115484 174 7 7 14
76 2155116 177 3 2 1
77 2155116 177 3 0 359
78 2155116 177 3 5 42
79 2211512 194 5 3 4
80 2299565 198 10 10 7
81 2302039 201 5 5 64
82 2309382 202 3 9 290
83 2309382 202 3 3 146
84 2334241 203 7 1 21
85 2334241 203 8 1 5
86 2398292 217 4 4 150
87 2398292 217 9 5 39
88 2519027 230 8 4 78
89 2519027 230 8 5 3
90 2519027 230 0 7 226
91 2527021 232 10 5 1
92 2616780 233 2 0 22
93 2616780 233 6 3 5
94 2616780 233 5 4 5766
95 2616780 233 8 2 4
96 2660602 237 10 2 55
97 2660602 237 4 8 53
98 2660602 237 10 8 53
99 2660602 237 4 9 11
100 2677176 239 7 1 18
101 2677176 239 8 1 9
102 2777776 241 4 2 1952
103 2777776 241 6 8 1
104 2777776 241 1 7 12
105 2783616 244 1 1 1
106 2798156 253 2 6 83
107 2854156 259 0 8 2025
108 2987185 266 5 10 10
109 3026431 280 5 2 647
110 3041058 283 5 1 81
111 3232033 287 5 8 5
112 3232033 287 8 5 2
113 3232033 287 7 2 3
114 3232033 287 10 3 5
115 3232033 287 9 4 10
116 3232033 287 8 0 13
117 3232033 287 1 0 5
118 3232033 287 9 9 1
119 3232033 287 5 1 6
120 3232033 287 6 1 15
121 3232033 287 3 2 3
122 3297335 291 10 9 365
123 3297335 291 1 7 111
124 3357194 292 1 10 2
125 3398437 298 9 8 8519
126 3473075 303 4 2 1892
127 3473075 303 8 10 14
128 3473075 303 8 0 1
129 3473075 303 4 0 158
130 3473075 303 3 6 5173
131 3473075 303 9 10 14
132 3514283 304 2 8 40
133 3514283 304 3 6 1731
134 3526053 307 4 4 476
135 3540361 309 3 0 37
136 3546601 310 10 7 73
137 3656724 317 3 8 167
138 3656724 317 3 4 10
139 3656724 317 10 4 10
140 3656724 317 8 3 382
141 3656724 317 10 7 1004
142 3656724 317 3 9 5
143 3656724 317 8 10 110
144 3656724 317 7 5 964
145 3761394 334 1 9 1536
146 3771317 335 1 2 44
147 3784795 337 4 2 67
148 3812517 339 3 7 31
149 3812517 339 6 3 215
150 3812517 339 10 2 2880
151 3812517 339 3 2 288
152 3854548 340 7 1 11
153 3854548 340 7 7 2998
154 3854548 340 9 7 2998
155 3854548 340 3 2 3
156 3854548 340 2 2 3
157 3854548 340 9 1 3
158 3862126 343 6 4 129
159 3884480 349 2 6 2272
160 3905787 353 0 3 163
161 3906397 354 2 5 5284
162 3947394 365 9 3 670
163 3961321 368 0 7 1327
164 3980764 369 6 3 6
165 4021372 370 4 2 1
166 4075276 386 7 3 976
167 4206684 390 8 6 459
168 4206684 390 8 7 38
169 4206684 390 3 5 6
170 4246065 393 2 1 46
171 4366077 395 3 3 21
172 4366077 395 7 8 33
173 4366077 395 2 3 10
174 4366077 395 6 5 177
175 4366077 395 3 6 54
176 4366077 395 4 6 13
177 4366077 395 5 4 1
178 4374645 396 8 1 405
179 4430669 402 9 8 34
180 4430669 402 9 0 2920
181 4430669 402 2 6 88
182 4430669 402 2 9 21
183 4430669 402 2 7 17
184 4464038 407 2 9 3032
185 4548056 409 5 7 1
186 4548056 409 8 1 542
187 4597313 415 6 1 12637
188 4630432 422 9 7 4
189 4630432 422 0 7 62
190 4648333 424 7 5 282
191 4797956 428 10 1 668
192 4797956 428 6 9 1
193 4797956 428 2 3 3
194 4797956 428 1 10 12
195 4797956 428 4 5 822
196 4797956 428 9 0 1
197 4881853 430 7 8 5
198 4881853 430 8 0 40
199 4902467 435 2 6 24
200 4915214 441 7 3 52
201 4952304 454 8 8 35
202 5020130 457 0 0 8
203 5020130 457 7 7 1
204 5020130 457 8 9 13
205 5020130 457 2 0 8
206 5020130 457 5 1 53
207 5020130 457 2 6 6
208 5020130 457 1 4 1
209 5027211 458 2 4 1978
210 5116766 461 8 0 1
211 5116766 461 7 5 1
212 5116766 461 4 0 1
213 5116766 461 2 2 5
214 5125669 465 0 0 7
215 5328979 466 3 5 1
216 5328979 466 8 10 2
217 5328979 466 4 2 50
218 5328979 466 5 0 7
219 5328979 466 10 0 7
220 5379314 467 4 0 1291
221 5379314 467 5 6 60
222 5396491 469 6 1 4673
223 5478912 473 6 8 52
224 5478912 473 4 5 68
225 5655468 475 6 7 85
226 5655468 475 10 3 4
227 5655468 475 1 10 5
228 5655468 475 3 8 2
229 5655468 475 8 1 3
230 5655468 475 8 0 1
231 5655468 475 9 5 2
232 5655468 475 0 0 2
233 5655468 475 4 2 3
234 5655468 475 9 4 1
235 5655468 475 2 10 51
236 5655468 475 0 1 6
237 5655468 475 1 3 23
238 5655468 475 8 2 3
239 5674495 477 2 8 74
240 5722339 488 10 4 7643
241 5755102 493 8 7 18
242 5922807 498 6 8 514
243 5922807 498 5 9 1
244 5922807 498 2 2 23
245 5922807 498 6 1 35
246 5922807 498 2 4 50
247 5922807 498 5 4 50
248 5922807 498 0 4 50
249 5922807 498 6 3 1
250 5922807 498 3 7 7
251 5922807 498 9 8 514
252 5922807 498 4 6 1
253 5922807 498 5 7 14
254 5943138 502 2 6 191
255 5949764 504 10 3 26
256 5949764 504 10 9 1333
257 6045064 507 3 0 15
258 6045064 507 9 1 1
259 6045064 507 5 1 2
260 6082496 510 6 1 5
261 6083802 512 2 3 5300
262 6182216 513 5 7 35
263 6182216 513 4 7 11
264 6182216 513 10 10 2
265 6182216 513 3 2 6
266 6182216 513 8 3 5
267 6202718 516 2 3 1
268 6202718 516 8 3 12
269 6202718 516 10 3 54
270 6209006 521 1 4 152
271 6215933 526 3 2 56
272 6251984 537 9 10 88
273 6255883 539 9 1 15
274 6255883 539 10 1 6
275 6278501 542 1 3 210
276 6294432 547 4 0 5771
277 6294432 547 4 9 79
278 6333607 551 1 9 9759
279 6514476 555 6 0 1
280 6514476 555 4 1 191
281 6514476 555 6 10 1
282 6514476 555 4 8 7
283 6514476 555 7 10 4
284 6514476 555 3 7 3
285 6577440 556 9 7 110
286 6616410 560 2 2 8
287 6668096 565 1 0 14
288 6668096 565 1 6 430
289 6737104 569 6 2 170
290 6754007 575 10 8 15
291 6805600 576 0 4 74
292 6805600 576 10 10 989
293 6814728 578 3 9 11
294 6861493 583 6 0 11861
295 6861493 583 6 6 89
296 6866313 587 4 1 12
297 6876825 588 4 0 70
298 6882303 590 3 9 2305
299 6910599 600 3 8 66
300 6911163 601 6 10 6424
301 6958793 602 6 10 509
302 6958793 602 8 9 57
303 6958793 602 8 2 848
304 7002878 611 10 2 8
305 7154230 612 8 10 5
306 7154230 612 0 7 2539
307 7154230 612 9 10 5
308 7154230 612 5 6 1
309 7154230 612 7 6 4
310 7154230 612 2 5 120
311 7154230 612 4 3 1
312 7166954 613 3 1 10
313 7166954 613 3 7 12697
314 7309926 616 8 7 200
315 7309926 616 2 6 72
316 7309926 616 6 2 1
317 7309926 616 7 10 854
318 7309926 616 4 5 1227
319 7309926 616 6 5 1227
320 7309926 616 0 5 1227
321 7309926 616 2 10 854
322 7319635 618 7 8 12
323 7358744 626 2 10 96
324 7394345 631 9 6 70
325 7445723 635 5 7 192
326 7454852 637 4 10 24
327 7554699 644 3 0 8
328 7554699 644 3 8 908
329 7554699 644 1 6 1
330 7554699 644 6 8 1817
331 7554699 644 1 8 1817
332 7562951 650 7 10 29
333 7563057 651 5 8 25
334 7571066 659 9 5 5
335 7598813 670 5 9 92
336 7718043 671 1 0 1
337 7718043 671 3 1 4531
338 7718043 671 2 6 8
339 7718043 671 7 6 8
340 7718043 671 10 7 2
341 7718043 671 6 6 41
342 7742083 675 2 5 29
343 7754514 678 6 4 18
344 7864166 683 0 2 3054
345 7864166 683 2 7 548
346 7864166 683 10 3 59
347 7866184 685 1 4 41
348 7872645 687 7 2 16
349 7873009 688 7 4 43
350 7941492 690 4 6 73
351 7941492 690 8 9 17
352 7943583 691 8 2 24
353 7983460 692 7 4 19
354 7983460 692 2 1 48
355 7983460 692 2 5 10
356 8186148 695 2 10 1
357 8186148 695 6 3 4
358 8186148 695 1 10 1
359 8186148 695 5 5 7
360 8186148 695 9 3 4
361 8186148 695 6 0 64
362 8186148 695 3 3 4
363 8186148 695 4 9 429
364 8186148 695 7 8 1
365 8186148 695 8 3 26
366 8237005 698 5 3 7885
367 8237005 698 2 8 8
368 8296921 702 3 9 43
369 8296921 702 4 7 81
370 8296921 702 0 8 88
371 8365879 710 3 4 1221
372 8379748 712 4 4 99
373 8387790 714 10 2 29274
374 8394767 717 0 7 4
375 8466961 720 10 8 8567
376 8497608 723 3 3 52
377 8527009 727 8 7 2
378 8577970 732 9 5 52
379 8577970 732 6 6 2
380 8577970 732 9 0 2
381 8621585 735 6 9 10
382 8752336 741 5 6 5
383 8752336 741 6 7 14
384 8752336 741 8 2 3
385 8771405 744 8 8 75
386 8771405 744 6 8 1133
387 8880066 751 7 7 3
388 8880066 751 10 7 7
389 8880066 751 5 0 23
390 8880066 751 2 9 31
391 8880066 751 6 4 13
392 8880066 751 3 1 15
393 8880066 751 0 7 3
394 8896046 752 8 9 5
395 8943116 757 5 1 77
396 8956869 761 5 5 45
397 9013965 766 3 4 16
398 9013965 766 8 5 13
399 9013965 766 3 3 1
400 9013965 766 0 5 13
401 9052733 768 8 7 6
402 9052733 768 8 8 1321
403 9052733 768 0 5 373
404 9052733 768 0 1 41
405 9099635 780 9 8 6604
406 9099635 780 2 1 117
407 9145221 800 8 7 69
408 9151276 802 4 0 8
409 9180449 812 7 5 958
410 9194141 816 2 8 132
411 9381148 822 5 3 1
412 9381148 822 0 0 1
413 9381148 822 2 5 26
414 9381148 822 3 8 239
415 9381148 822 0 5 26
416 9381148 822 9 7 138
417 9381148 822 7 7 691
418 9518721 823 3 10 1
419 9518721 823 10 9 1
420 9518721 823 9 6 1414
421 9518721 823 1 3 13
422 9522205 824 0 10 47
423 9562322 825 5 0 3
424 9562322 825 5 2 27
425 9562322 825 10 2 54
426 9568894 828 6 0 60
427 9587048 830 8 2 21
428 9638897 834 8 4 9
429 9697721 846 5 3 96
430 9729986 857 9 1 1575
431 9729986 857 9 9 69
432 9729986 857 9 0 2932
433 9745011 859 6 6 60
434 9773537 863 6 0 9
435 9866799 864 2 6 4
436 9866799 864 1 1 4
437 9866799 864 9 6 8
438 9866799 864 2 8 113
439 9891746 871 6 3 767
440 9915727 874 2 3 32
441 9927740 876 1 3 18
442 9929791 879 1 5 24
443 10017428 886 8 9 751
444 10017428 886 4 1 5
445 10017428 886 0 2 82
446 10017428 886 10 3 12
447 10017428 886 7 7 8
448 10106638 894 3 1 19
449 10106638 894 9 2 35
450 10106638 894 6 9 71
451 10106638 894 3 7 3
452 10106638 894 7 10 33
453 10150385 896 3 2 38
454 10150385 896 10 3 3173
455 10250988 907 4 2 821
456 10265807 909 9 1 6168
457 10267006 910 10 5 3
458 10280738 911 2 0 682
459 10281259 912 8 1 71
460 10297346 913 7 2 19
461 10304307 915 5 10 65
462 10315186 917 6 9 3
463 10333464 920 8 9 28
464 10375681 926 7 6 104
465 10549840 929 4 7 2
466 10549840 929 9 9 4
467 10549840 929 9 1 2
468 10549840 929 3 1 1
469 10651158 930 7 6 13
470 10651158 930 8 6 13
471 10651158 930 4 4 13007
472 10651158 930 3 3 15
473 10742656 931 5 1 10
474 10742656 931 5 2 4823
475 10742656 931 3 5 4188
476 10803202 932 7 2 3611
477 10803202 932 6 0 2
478 10803202 932 5 6 69
479 10809389 934 3 7 45
480 10830555 939 9 9 59
481 11002570 941 10 3 1
482 11002570 941 8 5 13
483 11002570 941 1 8 1
484 11002570 941 8 10 18
485 11002570 941 2 6 5
486 11002570 941 0 9 1305
487 11002570 941 0 2 2
488 11002570 941 6 7 18
489 11029194 949 10 4 3132
490 11051753 955 9 4 12686
491 11081482 959 10 4 73
492 11081482 959 10 1 1320
493 11218408 967 7 1 1476
494 11218408 967 7 10 40
495 11218408 967 1 8 44
496 11218408 967 6 2 15
497 11239665 971 1 8 30
498 11254411 972 10 1 225
499 11285223 973 2 1 4
