11 238 500
0 20086 0 9 2 76
1 76661 3 5 1 14
2 76661 3 9 3 2654
3 76661 3 5 9 20
4 140131 9 4 4 2
5 140131 9 4 0 7
6 148691 10 4 1 8702
7 196720 13 7 9 48707
8 196720 13 6 5 13
9 196720 13 8 8 1
10 257362 17 5 4 12
11 257362 17 2 2 8942
12 302093 21 4 3 9711
13 308212 23 10 10 4218
14 326804 28 0 8 53
15 365222 31 1 6 46
16 389332 37 8 10 4
17 389332 37 3 8 6
18 401775 38 7 1 190
19 401775 38 2 1 190
20 434143 44 1 2 89
21 573461 51 7 4 15
22 573461 51 2 5 8
23 573461 51 5 7 5
24 573461 51 3 2 5
25 573461 51 0 4 15
26 573461 51 8 8 1
27 573461 51 0 9 5
28 647077 59 8 10 27
29 647077 59 2 1 67
30 647077 59 5 1 22
31 647077 59 8 3 10
32 647077 59 2 0 6
33 647077 59 5 2 102
34 686535 68 3 4 3
35 686889 69 5 1 15911
36 802181 75 3 3 33
37 802181 75 1 5 231
38 922297 84 4 1 120
39 922297 84 2 0 15
40 922570 85 8 6 404
41 947231 89 7 9 100
42 973763 94 7 5 2270
43 1049429 99 0 0 203
44 1049429 99 9 3 63
45 1050925 100 7 2 57
46 1144860 102 9 3 11
47 1144860 102 1 5 14
48 1144860 102 5 1 3
49 1144860 102 5 7 2
50 1144860 102 0 2 483
51 1161524 104 4 1 18
52 1161524 104 4 5 74
53 1208293 108 7 7 76
54 1208293 108 5 10 3
55 1208293 108 6 6 7
56 1214119 110 3 9 116
57 1214119 110 3 10 47
58 1217660 112 9 1 2
59 1323228 135 1 8 667
60 1346658 136 8 8 31
61 1423494 137 2 0 4
62 1446998 143 0 9 7
63 1484589 150 2 6 229
64 1484589 150 2 8 12718
65 1487769 152 4 1 1312
66 1572126 154 6 7 3210
67 1572126 154 0 9 11
68 1572126 154 0 6 115
69 1577220 156 1 8 23
70 1670487 160 3 9 4
71 1670487 160 10 1 1
72 1670487 160 1 9 48
73 1670487 160 1 3 2
74 1670487 160 2 3 2
75 1670487 160 6 3 2
76 1703895 162 2 1 2890
77 1707306 164 6 8 11399
78 1720535 166 7 4 13
79 1725043 168 6 2 30
80 1764571 175 2 6 13
81 1800319 179 8 7 57
82 1818973 187 4 2 24
83 1916304 198 8 3 2
84 1916304 198 5 5 1
85 1916304 198 3 8 46
86 1916304 198 2 1 18
87 1916304 198 3 10 14
88 1945201 203 7 1 21
89 1949343 205 0 3 62
90 1963691 209 7 5 39
91 1984590 210 1 3 1
92 1984590 210 9 3 1
93 1988265 213 8 4 106
94 1990027 215 7 4 8130
95 2022384 228 3 2 31
96 2057166 229 2 6 55
97 2057166 229 6 4 17
98 2057166 229 2 0 31
99 2099189 230 0 7 226
100 2102531 231 5 6 6
101 2180650 233 8 0 7
102 2180650 233 7 2 17
103 2180650 233 0 5 1
104 2180650 233 1 1 8
105 2180650 233 5 5 4
106 2180650 233 3 4 11532
107 2180650 233 0 2 13
108 2217168 237 4 6 47
109 2217168 237 10 3 224
110 2231534 240 1 6 190
111 2314813 241 1 5 3364
112 2314813 241 1 6 48
113 2314813 241 7 6 1
114 2319680 244 4 1 1
115 2323296 245 10 8 40
116 2378464 259 2 10 622
117 2378464 259 7 0 14
118 2471022 262 4 2 13
119 2471022 262 4 1 30
120 2490374 267 8 9 312
121 2502540 269 4 9 210
122 2502540 269 4 8 138
123 2502540 269 4 6 99
124 2502540 269 4 10 438
125 2518128 277 2 7 3263
126 2534155 282 8 7 200
127 2693361 287 10 0 1
128 2693361 287 5 8 5
129 2693361 287 6 2 3
130 2693361 287 3 10 15
131 2693361 287 5 6 170
132 2693361 287 7 2 3
133 2693361 287 9 9 1
134 2693361 287 6 3 11
135 2693361 287 8 4 1
136 2693361 287 8 0 13
137 2747779 291 5 3 9080
138 2747779 291 8 2 34357
139 2747779 291 8 3 1267
140 2747779 291 10 3 211
141 2747779 291 8 6 409
142 2747779 291 7 0 3
143 2894229 303 3 6 5173
144 2894229 303 9 6 1193
145 2928569 304 3 10 1954
146 2965086 311 6 4 133
147 3047270 317 1 9 27
148 3047270 317 10 7 1004
149 3047270 317 4 1 14
150 3119517 328 7 8 44
151 3119517 328 3 3 1
152 3132290 330 0 7 67
153 3153996 337 4 1 95
154 3154701 338 4 5 18
155 3154701 338 1 5 37
156 3177098 339 0 3 215
157 3212124 340 0 4 1
158 3212124 340 5 8 451
159 3212124 340 7 7 2998
160 3212124 340 6 9 153
161 3212124 340 5 3 126
162 3232874 347 8 9 74
163 3237067 349 8 6 1136
164 3254822 353 0 9 9
165 3254822 353 0 4 219
166 3254822 353 0 5 7115
167 3283165 362 0 2 1
168 3288445 364 4 6 40
169 3289495 365 9 3 670
170 3317303 369 10 3 6
171 3351144 370 4 8 3
172 3351144 370 8 3 10
173 3357894 375 9 0 228
174 3389550 384 6 2 220
175 3396064 386 6 3 976
176 3424062 388 7 2 3
177 3424062 388 0 4 28
178 3505570 390 5 7 3
179 3505570 390 7 0 14
180 3505570 390 6 6 114
181 3534628 392 3 0 19
182 3638397 395 6 8 33
183 3638397 395 1 8 33
184 3648121 398 3 9 12
185 3650771 399 5 7 15502
186 3692224 402 2 1 907
187 3705404 406 1 10 204
188 3790047 409 2 2 23
189 3790047 409 5 4 2
190 3790047 409 1 5 797
191 3790047 409 8 9 15
192 3790047 409 10 10 10
193 3828116 413 2 2 3014
194 3828116 413 9 7 32
195 3842711 420 9 1 29
196 3873611 424 7 8 143
197 3873611 424 7 1 86
198 3873611 424 7 10 493
199 3998297 428 0 10 4
200 3998297 428 2 1 668
201 3998297 428 0 0 9
202 3998297 428 1 2 17
203 3998297 428 8 7 1
204 3998297 428 10 10 4
205 3998297 428 9 4 1
206 3998297 428 5 0 1
207 3998297 428 6 9 1
208 4068211 430 7 5 16
209 4068211 430 7 4 3
210 4068211 430 5 8 4
211 4068211 430 2 2 18
212 4068211 430 10 3 29
213 4068211 430 9 4 67
214 4076737 434 2 2 37
215 4085389 435 2 0 163
216 4094452 440 0 0 29
217 4110367 445 8 0 52
218 4127126 455 5 0 30
219 4183442 457 6 4 33
220 4189343 458 2 4 1978
221 4209906 460 1 3 39
222 4263971 461 9 7 1
223 4263971 461 4 6 122
224 4263971 461 0 2 5
225 4440816 466 8 2 150
226 4440816 466 3 1 11
227 4440816 466 4 8 1
228 4440816 466 8 3 1801
229 4440816 466 5 2 50
230 4440816 466 3 5 1
231 4440816 466 2 9 28
232 4440816 466 9 7 1
233 4440816 466 1 0 7
234 4440816 466 7 7 1
235 4482762 467 10 1 1
236 4482762 467 1 1 2
237 4712890 475 10 3 4
238 4712890 475 5 6 1
239 4712890 475 3 9 5
240 4712890 475 7 5 2
241 4712890 475 9 2 6
242 4712890 475 2 4 8
243 4739942 479 5 9 1
244 4746270 481 5 10 87
245 4750107 483 2 10 40
246 4759834 486 6 1 461
247 4768011 487 5 7 808
248 4786586 489 8 10 15052
249 4790943 491 2 10 39
250 4799469 497 9 7 51
251 4935673 498 2 10 13
252 4935673 498 6 2 9
253 4935673 498 5 6 1
254 4935673 498 0 1 53
255 4935673 498 8 8 514
256 4935673 498 2 3 1
257 4935673 498 10 3 4
258 4935673 498 1 6 1
259 5037553 507 1 0 6
260 5037553 507 0 0 12
261 5037553 507 3 3 26
262 5037553 507 2 10 89
263 5068746 510 7 0 47
264 5068746 510 6 7 383
265 5151847 513 7 0 1
266 5151847 513 8 8 1009
267 5151847 513 6 10 6
268 5151847 513 0 3 5
269 5151847 513 1 6 240
270 5151847 513 4 3 5
271 5151847 513 5 1 21
272 5151847 513 4 10 102
273 5207887 536 3 6 467
274 5232084 542 1 9 38
275 5258959 550 3 6 6
276 5278006 551 6 1 7
277 5428730 555 4 9 2
278 5428730 555 9 6 71
279 5428730 555 9 8 7
280 5428730 555 6 2 876
281 5428730 555 6 4 829
282 5428730 555 5 4 3318
283 5428730 555 0 8 7
284 5428730 555 0 9 2
285 5428730 555 2 8 7
286 5428730 555 8 2 876
287 5481200 556 8 8 765
288 5481200 556 8 10 335
289 5513675 560 2 2 8
290 5531998 562 10 6 12990
291 5614253 569 6 2 170
292 5671334 576 6 6 9
293 5671334 576 10 3 30
294 5679272 579 3 0 57
295 5682803 581 6 9 62
296 5719273 584 10 5 3971
297 5750949 597 7 4 43
298 5798994 602 8 9 57
299 5798994 602 8 4 906
300 5835732 611 8 2 17
301 5835732 611 0 2 43
302 5961858 612 4 10 5
303 5961858 612 10 3 19
304 5961858 612 9 4 26
305 5961858 612 3 7 5079
306 5961858 612 8 9 1
307 5961858 612 1 1 3
308 5961858 612 0 0 142
309 5961858 612 2 7 2539
310 5961858 612 7 3 1
311 5961858 612 1 3 1
312 5961858 612 9 3 1
313 5961858 612 3 10 5
314 5961858 612 2 3 1
315 5961858 612 8 1 13
316 5961858 612 5 6 1
317 5972462 613 3 9 4062
318 6091605 616 6 4 1
319 6091605 616 10 0 494
320 6091605 616 5 7 200
321 6091605 616 2 10 854
322 6091605 616 3 7 200
323 6091605 616 4 3 20
324 6091605 616 7 7 200
325 6091605 616 3 10 854
326 6091605 616 0 6 72
327 6091605 616 6 3 145
328 6091605 616 2 7 200
329 6091605 616 5 0 494
330 6091605 616 4 7 25228
331 6116567 625 7 0 104
332 6132286 626 2 1 8
333 6135586 627 1 4 258
334 6149171 628 1 0 118
335 6161954 631 7 6 351
336 6161954 631 7 5 232
337 6161954 631 5 6 491
338 6212377 637 7 10 8
339 6221041 640 1 0 113
340 6295582 644 5 0 8
341 6300607 647 3 3 1338
342 6311412 660 7 7 16605
343 6331684 669 1 5 24
344 6451736 675 2 1 64
345 6454633 676 8 4 41
346 6473737 681 8 4 1319
347 6553471 683 2 5 1
348 6553471 683 5 8 11
349 6555153 685 1 4 41
350 6577050 689 6 10 48
351 6617910 690 8 1 1
352 6617910 690 0 10 48
353 6617910 690 0 9 34
354 6617910 690 4 0 1925
355 6652883 692 10 4 19
356 6652883 692 6 4 38
357 6821790 695 10 4 1
358 6821790 695 2 4 1
359 6821790 695 3 8 1
360 6821790 695 2 9 1503
361 6864170 698 5 1 3
362 6864170 698 5 10 32
363 6864170 698 5 8 43
364 6864170 698 10 0 4
365 6883211 701 4 2 3
366 6914100 702 0 9 6
367 6914100 702 0 3 1
368 6914100 702 4 10 74
369 6914100 702 4 2 28
370 6914100 702 0 10 1
371 6945275 703 2 3 37
372 6948615 705 5 5 263
373 6971565 710 3 8 105
374 6995639 717 9 7 35
375 7053521 718 3 8 2911
376 7053521 718 8 1 39
377 7053521 718 3 1 85
378 7081340 723 3 0 39
379 7091971 724 6 5 1502
380 7105841 727 10 10 104
381 7105841 727 6 5 7
382 7105841 727 8 7 2
383 7148308 732 9 5 52
384 7184654 735 6 2 5
385 7184654 735 6 1 62
386 7184654 735 6 10 8
387 7187146 736 2 6 1770
388 7196209 737 9 0 44
389 7293613 741 10 4 33
390 7293613 741 7 7 2
391 7312884 748 5 8 56
392 7326701 749 10 7 20
393 7400055 751 9 7 3
394 7400055 751 9 2 119
395 7400055 751 9 9 15
396 7400055 751 1 1 15
397 7400055 751 2 8 1
398 7400055 751 0 7 3
399 7400055 751 2 2 119
400 7400055 751 7 2 477
401 7400055 751 1 6 167
402 7432208 755 9 1 352
403 7432208 755 9 6 4
404 7452597 757 5 5 578
405 7452597 757 3 0 7
406 7464057 761 4 5 45
407 7511638 766 7 5 41
408 7514735 767 10 8 62
409 7543944 768 8 5 373
410 7543944 768 0 8 21
411 7543944 768 0 7 2
412 7543944 768 0 9 352
413 7573480 778 9 9 21
414 7574759 779 4 1 18222
415 7588081 782 8 4 1
416 7593679 785 8 2 7
417 7620927 798 4 10 193
418 7637624 804 4 10 98
419 7643052 806 5 0 104
420 7672863 819 7 3 21
421 7817623 822 6 7 8297
422 7817623 822 2 6 8
423 7817623 822 4 1 1
424 7817623 822 10 10 1
425 7817623 822 2 8 3838
426 7817623 822 6 1 1
427 7817623 822 8 0 1
428 7817623 822 6 3 1
429 7817623 822 9 2 3
430 7817623 822 1 1 1
431 7932267 823 2 6 282
432 7932267 823 5 10 1
433 7932267 823 5 9 1
434 7932267 823 1 0 8
435 7932267 823 9 7 751
436 7968602 825 0 8 63
437 7968602 825 5 8 63
438 7989207 830 3 2 42
439 8015566 833 7 3 83
440 8015566 833 7 5 22
441 8032414 834 2 10 700
442 8081434 846 5 4 14
443 8084067 850 5 2 5
444 8120842 859 6 6 60
445 8133169 861 3 3 2378
446 8222332 864 0 5 30
447 8222332 864 7 2 954
448 8222332 864 9 6 8
449 8222332 864 3 6 4
450 8222332 864 7 0 3618
451 8226625 867 2 3 81
452 8226625 867 7 3 60
453 8243121 871 1 3 1534
454 8274576 878 9 6 46
455 8284135 881 10 2 1685
456 8367535 892 10 7 320
457 8422198 894 3 9 35
458 8463107 897 0 6 1763
459 8475991 899 6 1 58
460 8475991 899 6 9 33179
461 8542490 907 4 3 18
462 8542490 907 4 2 821
463 8542490 907 2 9 153
464 8554839 909 9 7 11407
465 8554839 909 9 3 21
466 8581122 913 7 2 19
467 8591645 916 10 3 99
468 8595988 917 9 9 199
469 8612310 921 8 1 88
470 8791533 929 2 2 8
471 8791533 929 1 6 54
472 8791533 929 10 8 4
473 8791533 929 7 0 2
474 8791533 929 10 10 1
475 8791533 929 7 4 878
476 8875965 930 6 7 10
477 8952214 931 1 9 2119
478 8952214 931 1 4 909
479 8952214 931 5 2 4823
480 9002668 932 1 6 4
481 9002668 932 9 4 6
482 9002668 932 10 2 1805
483 9002668 932 2 10 23
484 9168808 941 4 10 18
485 9168808 941 10 10 36
486 9168808 941 2 3 1
487 9168808 941 0 0 5
488 9168808 941 7 4 3
489 9168808 941 8 6 2
490 9215475 957 4 9 17
491 9248573 961 4 5 343
492 9248573 961 9 5 1719
493 9254124 965 9 8 9024
494 9348674 967 7 9 4
495 9348674 967 0 1 369
496 9404353 973 0 3 3
497 9404353 973 2 10 26
498 9441116 991 9 10 233
499 9475153 994 7 1 8
