11 242 500
0 91994 3 9 0 4792
1 91994 3 10 1 14
2 168158 9 4 0 7
3 168158 9 1 3 74
4 168158 9 4 6 70
5 168158 9 4 3 74
6 178429 10 8 1 870
7 236064 13 7 8 3
8 244086 16 2 4 209
9 308835 17 9 3 46
10 308835 17 1 2 526
11 308835 17 6 9 1976
12 308835 17 7 7 2
13 322229 18 1 4 20
14 362511 21 3 0 51960
15 362511 21 3 7 129
16 369854 23 8 10 4218
17 426681 29 10 4 20
18 426681 29 2 8 170
19 426681 29 10 5 56
20 429966 30 6 6 11
21 438266 31 1 6 46
22 438266 31 1 7 4140
23 443025 32 7 4 14
24 489413 39 6 5 20
25 509199 41 10 3 35
26 520972 44 1 4 29
27 543883 50 7 8 1
28 688153 51 8 2 26
29 688153 51 9 0 10
30 688153 51 8 6 51
31 688153 51 2 7 5
32 688153 51 8 3 15
33 688153 51 8 10 1
34 776492 59 8 5 14
35 776492 59 5 6 19
36 776492 59 5 4 3
37 776492 59 2 8 1
38 776492 59 2 0 6
39 776492 59 1 8 1
40 790889 61 2 1 230
41 817570 66 0 4 60
42 817570 66 0 9 82
43 874946 74 3 7 8
44 962617 75 3 3 33
45 962617 75 1 10 3
46 962617 75 4 8 1
47 977440 78 6 1 47
48 989344 82 1 8 76
49 1106757 84 10 7 43
50 1106757 84 4 5 4
51 1108976 87 5 7 210
52 1136677 89 7 0 56
53 1149939 91 1 2 10456
54 1157998 93 7 10 67
55 1157998 93 9 7 13
56 1259315 99 0 5 5
57 1259315 99 9 9 85
58 1261110 100 7 2 57
59 1373832 102 8 6 31
60 1373832 102 3 6 1
61 1373832 102 10 10 21
62 1393829 104 4 2 54
63 1393829 104 4 5 74
64 1449952 108 2 0 226
65 1449952 108 4 0 226
66 1449952 108 4 6 7
67 1478038 116 2 8 217
68 1492278 117 0 5 160
69 1509077 118 5 7 55
70 1523924 125 0 2 16
71 1587131 134 0 3 7
72 1615990 136 8 3 215
73 1708193 137 4 0 56
74 1708193 137 8 8 9
75 1708193 137 5 0 8
76 1708193 137 9 7 3
77 1736398 143 0 3 45
78 1761011 146 6 3 72
79 1762067 147 6 2 182
80 1781507 150 2 4 17932
81 1886551 154 10 6 575
82 1886551 154 1 0 2
83 1886551 154 5 7 642
84 1898218 159 1 4 95
85 2004585 160 3 10 17
86 2004585 160 4 6 5
87 2004585 160 2 0 11
88 2004585 160 9 1 1
89 2004585 160 2 5 5
90 2004585 160 6 7 1
91 2044674 162 3 1 1445
92 2044674 162 0 4 30
93 2065746 167 2 5 23577
94 2070051 168 1 2 15
95 2086128 170 3 5 103
96 2086128 170 3 3 61
97 2115484 174 1 2 9
98 2117485 175 5 6 13
99 2155116 177 3 4 23
100 2208620 192 3 1 640
101 2209343 193 5 3 108
102 2299565 198 10 5 1
103 2299565 198 7 0 20
104 2299565 198 6 4 2
105 2299565 198 5 1 9
106 2299565 198 2 2 6
107 2334241 203 8 1 5
108 2334241 203 7 3 353
109 2334241 203 8 7 7494
110 2398292 217 7 4 13
111 2403100 218 1 2 17074
112 2425954 227 5 7 1033
113 2468599 229 6 2 1233
114 2468599 229 2 7 9
115 2468599 229 0 8 118
116 2519027 230 0 3 136
117 2519027 230 8 4 78
118 2616780 233 8 2 4
119 2616780 233 5 5 4
120 2616780 233 7 10 160
121 2616780 233 3 1 141
122 2618781 234 1 7 11379
123 2660602 237 4 0 72
124 2777776 241 9 9 3679
125 2777776 241 9 10 1014
126 2777776 241 9 6 1
127 2777776 241 7 5 5047
128 2777776 241 4 6 1
129 2777776 241 9 5 1682
130 2854156 259 8 5 600
131 2854156 259 9 7 25
132 2965227 262 0 2 13
133 2965227 262 9 2 6
134 2965227 262 0 0 19
135 3022159 278 7 6 166
136 3040986 282 8 1 106
137 3058263 286 10 1 210
138 3232033 287 0 2 6
139 3232033 287 5 6 170
140 3232033 287 4 4 2
141 3232033 287 0 9 1
142 3232033 287 2 6 24
143 3232033 287 1 7 807
144 3232033 287 1 9 3
145 3297335 291 4 9 182
146 3297335 291 2 6 1228
147 3297335 291 7 1 1536
148 3398437 298 1 5 75
149 3398437 298 9 9 5
150 3400880 299 9 6 1644
151 3473075 303 8 8 324
152 3473075 303 9 10 14
153 3473075 303 3 9 204
154 3473075 303 9 6 1193
155 3514283 304 2 10 977
156 3514283 304 2 4 11
157 3526053 307 8 4 476
158 3539797 308 6 5 6089
159 3546601 310 10 7 73
160 3558103 311 2 10 76
161 3656724 317 6 0 4
162 3656724 317 7 5 964
163 3690580 324 5 10 48
164 3690580 324 0 10 24
165 3743421 328 9 0 4
166 3758751 331 3 3 56
167 3771317 335 1 6 179
168 3785642 338 4 5 18
169 3812517 339 4 7 15
170 3812517 339 7 3 430
171 3854548 340 5 2 3
172 3939798 362 1 2 1
173 3939798 362 5 2 1
174 3980764 369 10 3 6
175 4021372 370 0 10 11
176 4021372 370 3 5 8
177 4021372 370 5 10 11
178 4021372 370 5 5 5
179 4028202 373 6 3 66
180 4108874 388 7 8 88
181 4206684 390 4 1 2
182 4206684 390 5 6 10335
183 4206684 390 10 4 27
184 4206684 390 3 5 6
185 4366077 395 3 6 54
186 4366077 395 0 9 2555
187 4366077 395 9 9 2555
188 4366077 395 0 5 177
189 4366077 395 1 10 10
190 4366077 395 4 6 13
191 4366077 395 3 3 21
192 4366077 395 1 3 52
193 4366077 395 10 1 3
194 4430669 402 2 8 69
195 4464038 407 2 10 6135
196 4548056 409 1 5 797
197 4548056 409 5 2 7
198 4548056 409 5 9 15
199 4593740 413 9 3 3
200 4797956 428 8 3 7
201 4797956 428 1 2 17
202 4881853 430 1 8 4
203 4881853 430 4 8 1
204 4886360 431 6 0 184
205 4902467 435 0 1 108
206 4907032 438 8 4 10191
207 4913342 440 0 3 120
208 4913342 440 5 10 4
209 4913342 440 0 0 29
210 4915214 441 7 3 52
211 4946372 452 1 10 36
212 5020130 457 5 10 5
213 5020130 457 7 0 8
214 5051888 460 1 4 4695
215 5116766 461 2 2 5
216 5116766 461 5 7 1
217 5116766 461 4 9 7
218 5116766 461 6 9 85
219 5122375 463 0 0 22
220 5328979 466 3 8 1
221 5328979 466 6 4 217
222 5328979 466 5 10 4
223 5328979 466 6 7 1
224 5328979 466 10 1 2
225 5328979 466 8 1 5
226 5328979 466 1 6 4
227 5328979 466 10 9 4
228 5379314 467 4 0 1291
229 5379314 467 2 1 1
230 5478912 473 8 6 5
231 5478912 473 10 8 52
232 5655468 475 2 7 4
233 5655468 475 6 5 2
234 5655468 475 8 8 60
235 5655468 475 0 2 1
236 5655468 475 1 6 11
237 5655468 475 6 9 5
238 5655468 475 2 4 8
239 5655468 475 0 9 5
240 5657279 476 6 10 30
241 5674495 477 2 4 41
242 5674495 477 2 2 17757
243 5701229 485 2 0 117
244 5721613 487 5 4 344
245 5743903 489 9 8 8
246 5743903 489 8 10 15052
247 5922807 498 1 4 50
248 5922807 498 7 8 514
249 5922807 498 10 4 50
250 5922807 498 3 3 1
251 5936534 499 7 1 3309
252 5936898 500 3 0 227
253 5949764 504 3 10 30
254 6045064 507 4 1 1
255 6045064 507 7 2 5
256 6045064 507 5 5 49
257 6045064 507 4 0 6
258 6048634 508 1 8 38
259 6082496 510 7 6 71
260 6182216 513 8 10 2
261 6182216 513 0 5 345
262 6182216 513 1 6 240
263 6182216 513 7 1 58
264 6182216 513 5 1 21
265 6182216 513 7 2 42
266 6206024 519 5 10 44
267 6247692 535 7 1 59
268 6253368 538 0 8 23
269 6310750 550 1 6 6
270 6514476 555 8 7 7
271 6514476 555 9 3 202
272 6514476 555 7 1 95
273 6514476 555 3 6 47
274 6514476 555 0 1 95
275 6514476 555 10 10 2
276 6514476 555 3 8 22
277 6591880 557 3 9 238
278 6591880 557 3 1 215
279 6609793 558 1 2 194
280 6638398 562 10 8 7631
281 6655083 563 10 4 100
282 6805600 576 1 9 73
283 6807375 577 0 0 2339
284 6846025 582 4 6 282
285 6876825 588 4 9 111
286 6876825 588 4 10 9
287 6958793 602 8 1 81
288 6958793 602 6 3 169
289 6958793 602 8 8 3636
290 6960812 604 9 6 322
291 6985549 609 9 8 117
292 7002878 611 5 8 990
293 7154230 612 0 4 26
294 7154230 612 5 5 360
295 7154230 612 7 7 5079
296 7154230 612 9 4 26
297 7154230 612 6 4 26
298 7154230 612 10 2 448
299 7154230 612 1 4 26
300 7154230 612 5 6 1
301 7166954 613 3 9 4062
302 7309926 616 0 10 12823
303 7309926 616 10 1 1
304 7309926 616 9 2 1
305 7309926 616 9 7 200
306 7309926 616 10 3 20
307 7309926 616 10 0 494
308 7334590 621 2 8 37
309 7334741 622 7 6 13081
310 7339880 625 9 0 34
311 7339880 625 2 0 34
312 7358744 626 2 1 8
313 7358744 626 2 0 55
314 7379006 628 1 2 47
315 7398885 632 7 1 1214
316 7430092 633 5 10 15
317 7454852 637 4 10 24
318 7554699 644 9 8 3635
319 7554699 644 6 10 1
320 7554699 644 8 3 10
321 7554699 644 5 10 11
322 7586732 665 8 8 45
323 7718043 671 2 3 123
324 7718043 671 1 0 1
325 7718043 671 7 6 8
326 7718043 671 4 6 8
327 7718043 671 5 9 8
328 7724278 674 4 2 83
329 7742083 675 2 5 29
330 7864166 683 5 5 82
331 7864166 683 6 10 16
332 7864166 683 4 4 3833
333 7864166 683 5 2 1527
334 7864166 683 7 3 29
335 7864166 683 5 8 11
336 7864166 683 0 8 5
337 7864166 683 10 6 135
338 7892460 689 9 10 4
339 7892460 689 8 10 1
340 7941492 690 8 10 16
341 7941492 690 0 9 34
342 8186148 695 5 7 8
343 8186148 695 3 3 4
344 8186148 695 9 3 4
345 8186148 695 8 10 1
346 8186148 695 9 1 7
347 8186148 695 10 7 1
348 8237005 698 5 5 6
349 8237005 698 10 9 66
350 8237005 698 10 5 51
351 8259854 701 2 9 1
352 8296921 702 0 10 1
353 8296921 702 3 8 11
354 8334330 703 2 6 38
355 8336102 704 5 6 1995
356 8338338 705 0 5 52
357 8338338 705 5 5 263
358 8343144 708 7 4 12039
359 8464225 718 6 0 1
360 8464225 718 0 1 39
361 8464225 718 1 1 6
362 8497608 723 6 0 79
363 8510365 724 6 8 63
364 8535398 731 2 10 8
365 8577970 732 4 2 240
366 8577970 732 6 5 66
367 8577970 732 5 0 4
368 8621585 735 9 4 153
369 8621585 735 9 5 36
370 8624576 736 2 6 1770
371 8752336 741 3 5 17
372 8752336 741 10 4 33
373 8752336 741 5 7 2
374 8771405 744 8 8 75
375 8771405 744 6 3 1
376 8880066 751 2 9 31
377 8880066 751 10 10 17
378 8880066 751 4 7 10
379 8896046 752 3 0 42
380 8943116 757 9 5 1734
381 9013965 766 7 10 7
382 9013965 766 3 4 16
383 9052733 768 0 1 41
384 9052733 768 8 2 620
385 9071300 775 9 3 95
386 9099635 780 3 5 4
387 9117926 787 4 4 18
388 9117926 787 6 4 33
389 9165149 804 4 6 21
390 9177394 808 1 3 14
391 9203638 817 9 3 1577
392 9381148 822 10 3 3
393 9381148 822 9 4 1
394 9381148 822 10 0 1
395 9381148 822 6 0 4
396 9381148 822 7 8 479
397 9381148 822 8 6 4
398 9381148 822 6 6 4
399 9381148 822 8 2 3
400 9381148 822 3 9 9
401 9381148 822 1 10 1
402 9381148 822 2 3 5
403 9518721 823 9 0 8
404 9518721 823 10 2 12
405 9518721 823 5 5 2996
406 9518721 823 1 3 13
407 9562322 825 1 2 27
408 9562322 825 4 4 187
409 9562322 825 7 1 19
410 9562322 825 1 8 63
411 9587048 830 2 2 63
412 9587048 830 1 5 5
413 9587048 830 2 7 448
414 9618679 833 7 6 12731
415 9700881 850 5 2 5
416 9705452 852 3 9 48
417 9759803 861 3 0 984
418 9759803 861 3 9 59
419 9773537 863 2 9 264
420 9866799 864 7 5 30
421 9897894 872 1 4 73
422 9915727 874 2 6 213
423 9924559 875 2 7 9
424 9942460 884 0 6 33
425 10017428 886 5 9 751
426 10017428 886 2 6 1111
427 10017428 886 9 9 1503
428 10017428 886 2 0 14
429 10017428 886 0 1 11
430 10017428 886 1 7 1
431 10017428 886 6 4 1
432 10017428 886 1 3 48
433 10106638 894 6 2 5
434 10106638 894 2 8 1
435 10150385 896 8 2 38
436 10171190 899 6 0 1733
437 10205584 903 1 7 111
438 10205584 903 1 2 22
439 10216669 905 5 8 95
440 10250988 907 4 7 6019
441 10265807 909 9 7 11407
442 10280738 911 4 0 682
443 10280738 911 0 0 682
444 10297346 913 4 2 19
445 10315186 917 9 9 199
446 10333464 920 2 8 655
447 10334772 921 8 1 88
448 10354289 924 0 6 1
449 10354794 925 8 0 184
450 10377127 927 7 0 85
451 10549840 929 1 5 227
452 10549840 929 7 5 4774
453 10549840 929 10 0 10
454 10549840 929 3 3 3
455 10651158 930 6 10 1367
456 10651158 930 0 2 7
457 10651158 930 4 2 7
458 10651158 930 4 6 79
459 10742656 931 1 9 2119
460 10742656 931 3 2 81995
461 10742656 931 3 3 124
462 10742656 931 6 6 8
463 10742656 931 10 2 1607
464 10742656 931 1 10 901
465 10742656 931 7 8 4
466 10742656 931 2 2 1607
467 10742656 931 7 6 8
468 10803202 932 0 10 23
469 10803202 932 8 4 43
470 10803202 932 6 10 47
471 10803202 932 3 0 2
472 10803202 932 6 7 3
473 10830555 939 9 9 59
474 11002570 941 10 4 1
475 11002570 941 6 7 18
476 11002570 941 1 5 13
477 11002570 941 5 4 1
478 11002570 941 10 2 2
479 11002570 941 8 1 96
480 11002570 941 5 1 192
481 11002570 941 5 5 13
482 11002570 941 6 8 1
483 11002570 941 5 6 2
484 11004977 943 2 8 4884
485 11008548 945 9 1 9558
486 11010298 947 10 10 71
487 11024936 948 5 7 73
488 11024936 948 6 6 791
489 11098288 961 1 5 343
490 11098288 961 7 5 2407
491 11098288 961 8 5 343
492 11098288 961 6 5 2407
493 11098288 961 10 5 343
494 11218408 967 0 0 9
495 11285223 973 2 7 85545
496 11285223 973 2 2 3
497 11294615 978 5 5 281
498 11370183 994 2 0 3
499 11395905 999 8 2 26
