11 236 500
0 24103 0 1 2 152
1 24103 0 1 9 151
2 24103 0 9 1 6
3 24103 0 9 0 1
4 24103 0 1 5 6
5 91994 3 9 5 5552
6 168158 9 7 6 23
7 236064 13 8 8 1
8 236064 13 6 4 340
9 244086 16 1 4 7
10 308835 17 7 9 658
11 308835 17 3 7 19
12 308835 17 9 7 5
13 308835 17 9 8 1
14 322229 18 1 5 253
15 322229 18 1 4 20
16 426681 29 10 5 56
17 445553 35 7 10 74
18 467198 37 4 0 25
19 509199 41 10 8 44
20 511667 42 8 0 5
21 543883 50 9 10 5268
22 543883 50 7 10 526
23 543883 50 1 4 745
24 688153 51 8 3 15
25 688153 51 0 5 33
26 688153 51 10 4 15
27 776492 59 8 1 22
28 817570 66 0 5 116
29 962617 75 9 6 14
30 962617 75 9 5 115
31 991273 83 0 2 165
32 1106757 84 2 0 15
33 1106757 84 2 6 2
34 1106757 84 10 10 2
35 1106757 84 10 2 77
36 1106757 84 2 8 1
37 1107084 85 8 6 404
38 1168516 94 7 5 2270
39 1259315 99 9 7 12
40 1373832 102 4 4 4
41 1373832 102 2 2 483
42 1373832 102 0 7 3
43 1373832 102 7 7 1
44 1373832 102 1 4 4
45 1449952 108 5 7 4
46 1456943 110 3 10 47
47 1457251 111 4 0 2184
48 1478038 116 2 7 208
49 1478038 116 2 1 6
50 1492278 117 0 5 160
51 1512329 120 0 7 124
52 1514472 122 0 1 98
53 1523469 124 9 3 28
54 1557423 127 0 2 9547
55 1557423 127 0 4 115
56 1557423 127 0 10 2474
57 1615990 136 1 5 496
58 1615990 136 1 8 15
59 1708193 137 4 0 56
60 1708193 137 10 4 896
61 1708193 137 6 0 4
62 1708193 137 6 6 2
63 1708193 137 0 6 9
64 1736398 143 0 4 78
65 1761011 146 3 8 333
66 1781507 150 2 5 126
67 1886551 154 4 0 4
68 1886551 154 4 10 2
69 1886551 154 7 1 33
70 2004585 160 2 4 4
71 2004585 160 4 0 11
72 2044674 162 5 7 225
73 2044674 162 0 1 1445
74 2044674 162 10 6 14
75 2044674 162 10 3 382
76 2063551 165 2 3 372
77 2115484 174 5 4 18
78 2155116 177 3 4 23
79 2182768 187 7 1 15
80 2208620 192 3 9 1320
81 2208620 192 3 4 9
82 2299565 198 3 6 1002
83 2299565 198 9 2 2
84 2299565 198 3 4 2
85 2334241 203 8 8 45
86 2398292 217 8 5 78
87 2468599 229 0 9 74
88 2468599 229 2 6 55
89 2519027 230 0 3 136
90 2616780 233 4 4 1153
91 2616780 233 6 10 47
92 2616780 233 1 2 4
93 2616780 233 9 8 94
94 2616780 233 1 1 8
95 2616780 233 4 8 5
96 2616780 233 3 7 1
97 2660602 237 10 7 51
98 2677176 239 7 1 18
99 2777776 241 3 0 9
100 2777776 241 4 9 1226
101 2777776 241 6 2 3905
102 2777776 241 3 8 1
103 2777776 241 7 7 6
104 2777776 241 6 0 9
105 2777776 241 6 7 6
106 2777776 241 7 10 1014
107 2777776 241 9 4 28
108 2783616 244 10 9 11740
109 2783616 244 4 1 1
110 2854156 259 10 3 623
111 2854156 259 5 7 25
112 2854156 259 1 0 14
113 2965227 262 9 5 7
114 2965227 262 2 0 9
115 2965227 262 8 6 43
116 2965227 262 9 2 6
117 2965227 262 9 6 8
118 2965227 262 4 5 1
119 2965227 262 2 9 15
120 2979118 263 10 10 1524
121 3017167 272 1 5 106
122 3022159 278 7 6 166
123 3056871 285 4 1 297
124 3232033 287 4 9 1
125 3232033 287 0 0 3
126 3232033 287 2 0 3
127 3232033 287 10 4 1
128 3297335 291 5 2 3435
129 3297335 291 2 7 111
130 3366643 295 5 4 1
131 3369912 296 4 7 61
132 3400880 299 9 6 1644
133 3473075 303 0 0 3
134 3473075 303 4 7 3
135 3473075 303 2 2 1892
136 3514283 304 3 8 10
137 3539797 308 6 9 224
138 3546601 310 0 1 221
139 3656724 317 1 9 27
140 3656724 317 8 3 382
141 3656724 317 4 7 3013
142 3664689 320 5 0 8093
143 3743421 328 10 5 297
144 3743421 328 2 0 3
145 3743421 328 1 5 297
146 3812517 339 7 3 430
147 3812517 339 9 3 1290
148 3854548 340 7 9 15
149 3858678 341 10 2 91
150 3861729 342 7 4 33
151 3879449 347 8 9 74
152 3891841 351 8 1 221
153 3893067 352 9 10 104
154 3905787 353 0 2 34
155 3939798 362 8 2 2
156 3946134 364 4 6 40
157 3947394 365 2 3 670
158 3956452 366 0 5 1952
159 3980764 369 9 0 34
160 3980764 369 3 3 18
161 4021372 370 0 8 6
162 4021372 370 6 9 23
163 4021372 370 7 3 10
164 4021372 370 7 2 9
165 4032160 379 1 3 2
166 4070179 385 2 6 17811
167 4108874 388 7 9 4765
168 4108874 388 0 4 28
169 4206684 390 3 4 27
170 4206684 390 8 7 38
171 4206684 390 1 0 29
172 4241553 392 3 9 3
173 4241553 392 8 4 427
174 4366077 395 0 9 2555
175 4366077 395 4 7 1
176 4366077 395 2 7 1
177 4366077 395 10 1 3
178 4374645 396 3 1 405
179 4430669 402 2 10 13
180 4430669 402 2 6 88
181 4432800 404 2 0 10
182 4446485 406 1 10 204
183 4548056 409 2 5 3188
184 4548056 409 8 4 782
185 4548056 409 2 4 2
186 4548056 409 2 8 120
187 4548056 409 2 9 45
188 4548056 409 5 8 13
189 4548056 409 6 6 1
190 4593740 413 9 6 10095
191 4593740 413 2 6 214
192 4630432 422 5 3 54
193 4648333 424 7 7 63
194 4797956 428 9 10 4
195 4797956 428 8 8 2
196 4797956 428 7 9 1
197 4881853 430 0 2 18
198 4881853 430 5 6 190
199 4881853 430 8 4 3
200 4881853 430 3 6 190
201 4881853 430 3 1 3154
202 4881853 430 10 5 33
203 4881853 430 10 0 9
204 4913342 440 4 2 100
205 4922048 443 6 2 42
206 5027211 458 2 4 1978
207 5051888 460 1 1 356
208 5051888 460 1 0 38977
209 5051888 460 1 8 47
210 5116766 461 0 6 245
211 5116766 461 9 6 122
212 5328979 466 7 1 8
213 5328979 466 3 2 100
214 5328979 466 7 0 15
215 5328979 466 2 2 50
216 5328979 466 7 6 28
217 5328979 466 0 0 7
218 5328979 466 2 7 10
219 5328979 466 7 7 1
220 5328979 466 1 2 804
221 5328979 466 1 6 4
222 5379314 467 10 9 8
223 5393131 468 7 6 61
224 5396491 469 6 4 541
225 5407791 471 5 10 923
226 5421898 472 3 0 7
227 5478912 473 1 9 12
228 5478912 473 2 9 4
229 5478912 473 8 6 5
230 5655468 475 1 10 5
231 5655468 475 5 10 25
232 5655468 475 0 6 1
233 5655468 475 8 9 5
234 5655468 475 8 7 4
235 5655468 475 4 8 2
236 5655468 475 0 5 2
237 5655468 475 9 0 1
238 5655468 475 3 8 2
239 5687931 479 5 9 1
240 5687931 479 10 9 1
241 5753390 492 8 7 3095
242 5922807 498 5 8 514
243 5922807 498 2 10 13
244 5922807 498 10 10 13
245 5922807 498 9 7 44
246 5922807 498 8 4 50
247 5922807 498 5 3 1
248 5922807 498 9 0 64
249 5922807 498 3 2 28
250 5922807 498 1 7 14
251 5922807 498 1 8 5658
252 5936534 499 7 3 51
253 5949764 504 3 10 30
254 5949764 504 0 9 148
255 6045064 507 6 7 800
256 6045064 507 2 5 199
257 6045064 507 5 6 3
258 6045064 507 7 10 178
259 6045064 507 5 5 49
260 6048634 508 5 8 38
261 6082496 510 7 0 47
262 6082496 510 7 10 87
263 6182216 513 8 5 172
264 6182216 513 5 4 300
265 6182216 513 9 7 5
266 6182216 513 3 1 10
267 6182871 514 9 9 87
268 6209953 522 4 9 174
269 6209953 522 5 9 21
270 6225806 529 4 9 374
271 6247692 535 4 7 6
272 6257804 540 7 7 98
273 6294432 547 4 1 2357
274 6310750 550 0 6 31
275 6333607 551 7 9 4879
276 6333607 551 10 6 30
277 6514476 555 8 0 4
278 6514476 555 5 3 202
279 6514476 555 8 2 876
280 6514476 555 7 5 11
281 6514476 555 2 2 2628
282 6514476 555 2 10 32
283 6514476 555 7 7 3
284 6514476 555 6 0 1
285 6514476 555 2 5 1
286 6577440 556 8 7 15
287 6577440 556 8 0 1
288 6616410 560 6 0 10
289 6638398 562 10 3 1378
290 6655083 563 10 5 318
291 6655083 563 10 2 11
292 6737104 569 3 9 2
293 6737104 569 5 10 6
294 6737104 569 5 6 1
295 6861493 583 6 7 1421
296 6882303 590 3 9 2305
297 6888946 591 10 1 1
298 6911163 601 6 10 6424
299 6958793 602 6 8 259
300 6958793 602 8 9 57
301 6985549 609 9 8 117
302 7154230 612 9 3 1
303 7154230 612 9 0 1427
304 7154230 612 1 8 17
305 7154230 612 5 7 2539
306 7154230 612 3 4 26
307 7166954 613 3 7 12697
308 7166954 613 3 3 19596
309 7309926 616 8 10 854
310 7309926 616 10 3 20
311 7309926 616 0 7 200
312 7309926 616 4 1 1
313 7338655 624 1 5 2839
314 7339880 625 4 0 34
315 7379006 628 1 4 81
316 7430092 633 5 0 4797
317 7430092 633 5 2 6
318 7436902 634 7 2 95
319 7554699 644 5 3 10
320 7554699 644 7 0 8
321 7554699 644 10 9 27
322 7554699 644 3 1 748
323 7583794 661 6 0 13
324 7583794 661 4 0 26
325 7718043 671 7 7 1
326 7718043 671 4 6 8
327 7718043 671 4 8 5
328 7718043 671 3 6 8
329 7718043 671 10 1 238
330 7742083 675 2 1 64
331 7864166 683 9 7 548
332 7864166 683 10 5 1
333 7864166 683 9 1 25
334 7864166 683 4 3 29
335 7872645 687 0 2 16
336 7943583 691 8 2 24
337 7997019 693 8 9 102
338 7997019 693 8 7 220
339 7997019 693 8 2 61
340 8186148 695 0 10 3
341 8186148 695 9 2 793
342 8186148 695 2 5 7
343 8186148 695 5 4 1
344 8237005 698 5 3 7885
345 8237005 698 2 5 3
346 8237005 698 2 7 2
347 8259854 701 2 9 1
348 8259854 701 3 9 1
349 8296921 702 4 2 28
350 8296921 702 0 3 1
351 8334330 703 9 4 57
352 8334330 703 9 3 37
353 8393183 716 3 10 175
354 8464225 718 8 10 2
355 8464225 718 5 9 11729
356 8497608 723 3 4 523
357 8497608 723 3 2 3584
358 8497608 723 6 4 174
359 8510365 724 6 6 2
360 8577970 732 6 8 79
361 8577970 732 4 2 240
362 8621585 735 6 1 62
363 8652222 739 10 6 35
364 8652222 739 10 7 96
365 8652222 739 10 9 6031
366 8752336 741 8 9 44
367 8752336 741 0 4 33
368 8752336 741 2 4 66
369 8752336 741 7 7 2
370 8752336 741 6 7 14
371 8752336 741 8 2 3
372 8771405 744 8 7 169
373 8771774 745 3 10 118
374 8792041 749 2 0 33
375 8880066 751 6 1 15
376 8880066 751 1 6 167
377 8918649 755 9 6 4
378 8918649 755 9 1 352
379 8943116 757 7 0 7
380 8943116 757 7 5 578
381 8961408 764 3 2 84
382 9013965 766 6 3 1
383 9013965 766 4 4 32
384 9017682 767 6 8 67
385 9052733 768 8 9 704
386 9052733 768 8 1 41
387 9052733 768 8 6 2
388 9055576 772 1 1 94
389 9088176 778 2 9 7
390 9119365 788 10 8 200
391 9165149 804 4 6 21
392 9194141 816 7 10 175
393 9203638 817 9 3 1577
394 9381148 822 7 7 691
395 9381148 822 2 8 3838
396 9381148 822 2 0 1
397 9381148 822 0 5 26
398 9381148 822 1 2 9
399 9381148 822 6 0 4
400 9381148 822 0 9 1
401 9381148 822 10 5 78
402 9518721 823 9 9 1
403 9518721 823 3 6 282
404 9518721 823 9 6 1414
405 9518721 823 10 9 1
406 9518721 823 5 0 8
407 9518721 823 8 2 6
408 9518721 823 3 1 969
409 9518721 823 10 1 969
410 9518721 823 10 0 8
411 9518721 823 3 2 6
412 9562322 825 6 9 56
413 9562322 825 10 9 56
414 9638897 834 7 0 177
415 9639670 835 3 1 125
416 9640373 836 1 3 86
417 9697721 846 5 5 11850
418 9698747 847 6 6 38995
419 9729986 857 9 9 69
420 9729986 857 9 4 62
421 9729986 857 9 6 9641
422 9866799 864 8 1 4
423 9866799 864 9 9 105
424 9871950 867 7 3 60
425 9874303 868 10 6 201
426 9897894 872 2 4 147
427 9915727 874 2 4 61
428 9924559 875 2 7 9
429 9927740 876 9 3 18
430 9927740 876 10 3 37
431 9940963 881 10 2 1685
432 9940963 881 1 2 561
433 10017428 886 5 6 555
434 10017428 886 9 5 77
435 10017428 886 1 6 1111
436 10017428 886 7 7 8
437 10030945 888 10 2 136
438 10106638 894 9 8 1
439 10106638 894 2 1 4
440 10106638 894 6 2 5
441 10106638 894 10 3 6
442 10106638 894 3 9 35
443 10106638 894 6 9 71
444 10106638 894 5 1 19
445 10150385 896 8 9 10
446 10205584 903 1 1 7
447 10216669 905 3 8 95
448 10250988 907 2 4 4
449 10265807 909 9 6 8913
450 10265807 909 9 3 21
451 10265807 909 9 2 801
452 10280738 911 0 0 682
453 10333464 920 6 9 28
454 10333464 920 2 8 655
455 10334772 921 8 1 88
456 10339148 923 10 7 1223
457 10549840 929 5 2 8
458 10549840 929 2 6 218
459 10549840 929 9 5 227
460 10549840 929 10 0 10
461 10549840 929 3 8 4
462 10549840 929 3 9 4
463 10549840 929 7 6 54
464 10549840 929 0 4 878
465 10651158 930 8 6 13
466 10651158 930 9 7 31
467 10651158 930 1 10 683
468 10651158 930 10 5 22
469 10651158 930 0 7 10
470 10742656 931 0 0 1056
471 10742656 931 6 10 225
472 10742656 931 10 8 16
473 10803202 932 10 6 4
474 10803202 932 9 2 902
475 10803202 932 4 6 4
476 10803202 932 3 1 779
477 10803202 932 5 4 6
478 10813588 935 3 1 1573
479 11002570 941 5 10 18
480 11002570 941 6 7 18
481 11002570 941 4 4 32
482 11002570 941 5 4 1
483 11002570 941 2 9 1305
484 11002570 941 7 8 6
485 11002570 941 4 3 4
486 11002570 941 4 5 41
487 11024936 948 1 6 11083
488 11029194 949 6 4 3132
489 11044345 950 7 8 44
490 11051753 955 7 4 6343
491 11218408 967 7 0 29
492 11218408 967 6 6 3080
493 11218408 967 4 10 13
494 11222960 968 1 3 51
495 11233533 970 8 4 16
496 11285223 973 0 6 19
497 11304998 979 4 8 1268
498 11314010 984 10 4 10212
499 11329340 991 9 10 233
