11 230 500
0 20086 0 1 4 103
1 20086 0 9 7 46
2 20086 0 1 6 24
3 88735 4 7 5 43
4 90105 5 9 8 2075
5 92864 6 3 9 2025
6 140131 9 7 4 2
7 196720 13 7 10 99
8 196720 13 3 5 41
9 196720 13 7 4 3064
10 203405 16 1 4 7
11 257362 17 7 9 658
12 257362 17 5 8 30
13 257362 17 1 2 526
14 257362 17 0 2 526
15 268524 18 1 7 209
16 302093 21 3 10 68
17 302093 21 3 4 45
18 326204 27 1 0 130
19 355568 29 10 4 20
20 355568 29 2 0 72
21 369188 32 7 4 14
22 389332 37 8 9 4214
23 401775 38 7 1 190
24 434143 44 1 4 29
25 453236 50 9 3 14
26 573461 51 8 6 51
27 573461 51 5 6 1
28 577027 55 0 9 3923
29 587318 58 8 2 1566
30 647077 59 1 10 3
31 647077 59 1 8 1
32 659624 62 8 5 5726
33 681309 66 0 9 82
34 681309 66 0 3 61
35 708226 70 4 8 43
36 726255 72 6 9 16
37 726255 72 6 8 12198
38 802181 75 2 9 1
39 812015 77 8 4 21
40 922297 84 3 10 6
41 922297 84 2 3 4
42 922297 84 7 5 716
43 922297 84 3 2 308
44 922297 84 6 4 5
45 922297 84 7 6 1
46 929452 88 9 6 10
47 993753 97 9 9 1843
48 1049429 99 0 5 5
49 1049429 99 9 10 3070
50 1049429 99 9 6 70
51 1049429 99 0 2 19
52 1049429 99 9 2 19
53 1144860 102 2 0 70
54 1144860 102 3 10 21
55 1144860 102 8 7 78
56 1208293 108 3 0 226
57 1208293 108 5 3 13
58 1208293 108 4 10 21
59 1214119 110 3 5 196
60 1214119 110 3 6 59
61 1231699 116 2 1 6
62 1243565 117 0 6 1374
63 1243565 117 0 4 101
64 1297852 127 0 8 19017
65 1297852 127 0 3 27
66 1313353 132 6 0 21
67 1313359 133 5 1 154
68 1346658 136 1 10 32
69 1346658 136 1 5 496
70 1346658 136 8 0 2006
71 1473093 148 1 10 43
72 1484589 150 2 8 12718
73 1572126 154 4 5 69
74 1572126 154 5 10 2
75 1572904 155 1 7 3
76 1670487 160 10 8 306
77 1670487 160 4 10 11
78 1670487 160 1 3 2
79 1670487 160 4 0 11
80 1703895 162 8 10 5
81 1738440 170 3 7 102
82 1762903 174 7 7 14
83 1762903 174 7 2 9
84 1812476 186 8 0 11839
85 1840517 192 3 7 6128
86 1916304 198 1 2 2
87 1916304 198 5 4 4
88 1916304 198 9 4 4
89 1916304 198 6 6 111
90 1916304 198 8 5 1
91 1916304 198 2 2 6
92 1916304 198 5 9 31
93 1916304 198 4 9 7
94 1916304 198 10 6 111
95 1916304 198 0 2 2
96 1918366 201 5 5 64
97 1924485 202 3 4 167
98 1963691 209 8 5 39
99 1984590 210 2 3 1
100 1984590 210 8 3 299
101 2013798 223 3 9 2
102 2022384 228 3 2 31
103 2057166 229 2 1 1
104 2057166 229 0 0 10
105 2057166 229 2 2 616
106 2180650 233 5 1 8
107 2180650 233 10 5 4
108 2180650 233 5 4 5766
109 2180650 233 9 6 6
110 2217168 237 10 6 47
111 2217168 237 4 1 55
112 2230980 239 8 1 9
113 2314813 241 3 8 1
114 2314813 241 3 6 1
115 2314813 241 4 10 1014
116 2331797 253 2 6 83
117 2331797 253 0 6 55
118 2378464 259 7 8 2025
119 2378464 259 0 8 2025
120 2378464 259 4 1 891
121 2378464 259 10 3 623
122 2378464 259 3 8 4050
123 2378464 259 9 3 623
124 2471022 262 0 0 19
125 2482598 263 1 10 4572
126 2482598 263 2 10 1524
127 2484337 264 4 4 5132
128 2534155 282 8 5 23
129 2693361 287 7 10 15
130 2693361 287 6 10 7
131 2693361 287 4 6 24
132 2693361 287 4 4 2
133 2693361 287 4 1 3
134 2693361 287 8 9 1
135 2693361 287 2 5 6
136 2693361 287 9 5 2
137 2693361 287 6 3 11
138 2693361 287 10 7 807
139 2693361 287 3 2 3
140 2747779 291 3 2 3435
141 2747779 291 8 6 409
142 2797661 292 5 6 13
143 2797661 292 6 9 1235
144 2797661 292 7 6 106
145 2797661 292 9 8 218
146 2837775 301 2 5 59
147 2894229 303 8 1 25
148 2894229 303 10 7 33
149 2928569 304 2 8 40
150 2935197 305 6 7 116
151 2949831 308 6 4 147
152 3047270 317 6 5 3859
153 3047270 317 4 7 3013
154 3047270 317 6 0 4
155 3119517 328 3 9 2
156 3119517 328 7 0 11
157 3119517 328 9 0 4
158 3132290 330 0 6 47
159 3142764 335 1 8 44
160 3153996 337 4 6 86
161 3177098 339 3 2 288
162 3177098 339 4 7 15
163 3177098 339 3 7 31
164 3212124 340 7 7 2998
165 3241059 350 9 6 38
166 3244222 352 9 10 104
167 3271208 360 9 5 19696
168 3317303 369 9 8 28
169 3317303 369 1 8 28
170 3317303 369 9 7 1
171 3351144 370 1 9 162
172 3389550 384 6 2 220
173 3400830 387 9 9 1
174 3505570 390 3 10 26
175 3505570 390 0 5 6
176 3538387 393 2 1 46
177 3638397 395 3 5 177
178 3638397 395 7 8 33
179 3638397 395 9 10 10
180 3657318 401 1 3 1192
181 3692224 402 2 1 907
182 3692224 402 2 4 6
183 3790047 409 1 5 797
184 3790047 409 8 4 782
185 3790047 409 8 9 15
186 3790047 409 1 6 1
187 3790047 409 6 10 15
188 3790047 409 10 9 30
189 3790047 409 1 9 30
190 3793314 410 6 3 1
191 3800405 412 7 1 86
192 3828116 413 9 6 10095
193 3998297 428 10 6 1
194 3998297 428 7 10 4
195 3998297 428 4 5 822
196 3998297 428 0 7 1
197 3998297 428 4 10 38
198 3998297 428 7 6 2
199 3998297 428 3 6 1
200 4068211 430 3 2 18
201 4068211 430 5 7 17
202 4068211 430 9 4 67
203 4068211 430 7 4 3
204 4068211 430 1 5 16
205 4094452 440 4 2 100
206 4101706 443 6 7 3945
207 4110367 445 8 0 52
208 4183442 457 2 6 6
209 4183442 457 7 3 1
210 4263971 461 0 7 1
211 4263971 461 4 0 1
212 4263971 461 9 6 122
213 4263971 461 1 7 1
214 4263971 461 3 6 614
215 4271391 465 3 0 20
216 4440816 466 10 2 50
217 4440816 466 2 9 28
218 4440816 466 3 2 100
219 4440816 466 7 10 2
220 4440816 466 8 6 4
221 4440816 466 2 3 1801
222 4482762 467 1 7 5
223 4482762 467 5 6 60
224 4494276 468 7 6 61
225 4494276 468 7 3 165
226 4565760 473 7 10 5
227 4565760 473 10 2 7
228 4565760 473 3 8 52
229 4565760 473 0 10 1
230 4565760 473 2 2 23
231 4712890 475 5 1 3
232 4712890 475 8 2 3
233 4712890 475 6 6 1
234 4712890 475 7 9 5
235 4712890 475 4 9 5
236 4712890 475 5 8 2
237 4712890 475 2 5 2
238 4712890 475 7 10 5
239 4712890 475 3 8 2
240 4712890 475 7 0 1
241 4714399 476 6 10 30
242 4935673 498 2 2 23
243 4935673 498 1 2 56
244 4935673 498 9 7 44
245 4935673 498 0 0 43
246 4935673 498 3 6 1
247 4947111 499 7 1 3309
248 4958136 504 1 3 52
249 5037553 507 9 7 72
250 5037553 507 4 2 120
251 5037553 507 8 2 17
252 5068746 510 7 8 7
253 5068746 510 6 7 383
254 5151847 513 9 10 2
255 5151847 513 5 4 300
256 5151847 513 9 9 40
257 5151847 513 5 6 80
258 5151847 513 5 2 6
259 5151847 513 5 1 21
260 5151847 513 3 8 1009
261 5168932 516 5 3 1
262 5188171 529 3 9 374
263 5189099 530 3 10 50
264 5194724 534 3 4 114
265 5232084 542 1 9 38
266 5232084 542 1 6 65
267 5278006 551 10 6 30
268 5428730 555 6 5 1
269 5428730 555 5 6 23
270 5428730 555 0 4 829
271 5428730 555 10 1 95
272 5428730 555 7 4 829
273 5428730 555 0 7 3
274 5428730 555 2 6 94
275 5428730 555 9 10 1
276 5428730 555 6 8 7
277 5428730 555 9 8 7
278 5481200 556 5 1 2
279 5481200 556 5 7 31
280 5481200 556 8 8 765
281 5520187 561 2 10 28
282 5531998 562 10 9 2695
283 5545902 563 10 6 1067
284 5556747 565 1 9 136
285 5556747 565 1 5 19648
286 5556747 565 1 8 222
287 5614253 569 1 1 16
288 5614253 569 8 6 1
289 5614253 569 3 0 26
290 5671334 576 6 6 9
291 5705021 582 4 1 20340
292 5740789 591 0 1 40
293 5744329 593 9 9 1350
294 5798994 602 6 10 509
295 5817971 606 10 7 327
296 5821291 609 9 8 117
297 5835732 611 1 2 8
298 5835732 611 3 4 39
299 5835732 611 1 4 39
300 5961858 612 9 7 2539
301 5961858 612 8 6 1
302 5961858 612 4 0 71
303 5961858 612 10 4 133
304 5961858 612 7 9 1
305 5961858 612 4 2 448
306 5961858 612 7 3 1
307 5961858 612 10 2 448
308 6091605 616 6 9 11
309 6091605 616 6 7 5205
310 6091605 616 6 10 2564
311 6091605 616 4 5 1227
312 6091605 616 3 4 1
313 6091605 616 0 9 5
314 6091605 616 8 6 36
315 6091605 616 7 5 3683
316 6091605 616 1 7 1201
317 6091605 616 4 7 25228
318 6091605 616 3 0 988
319 6091605 616 5 6 72
320 6091605 616 8 8 1
321 6149171 628 1 4 81
322 6197418 634 7 1 38
323 6221041 640 1 0 113
324 6295582 644 2 9 27
325 6295582 644 5 8 908
326 6295582 644 6 7 370
327 6295582 644 7 10 1
328 6295582 644 3 7 648
329 6306865 656 0 0 126
330 6331335 668 5 5 82
331 6431702 671 10 7 2
332 6431702 671 7 0 14
333 6431702 671 9 6 8
334 6431702 671 0 8 5
335 6431702 671 4 6 8
336 6431702 671 5 4 1342
337 6435252 673 9 1 956
338 6436898 674 4 2 83
339 6462095 678 8 6 409
340 6473737 681 7 5 12
341 6553471 683 2 9 30
342 6553471 683 7 7 548
343 6553471 683 9 1 25
344 6553471 683 2 7 548
345 6560537 687 2 7 41
346 6577050 689 8 4 318
347 6617910 690 4 8 300
348 6617910 690 0 3 90
349 6617910 690 8 7 6335
350 6617910 690 0 7 11086
351 6652883 692 6 5 222
352 6652883 692 7 10 12
353 6664182 693 8 8 33
354 6821790 695 4 9 429
355 6821790 695 6 4 8
356 6821790 695 3 2 793
357 6821790 695 1 4 1
358 6821790 695 9 5 7
359 6821790 695 5 1 3
360 6821790 695 8 2 793
361 6864170 698 5 1 3
362 6883211 701 8 9 1
363 6914100 702 3 3 1
364 6914100 702 0 0 2375
365 6914100 702 0 2 28
366 6914100 702 0 9 6
367 6945275 703 2 4 57
368 6989825 714 5 4 563
369 6995639 717 0 7 4
370 7053521 718 3 8 2911
371 7105841 727 8 7 2
372 7112832 731 2 10 8
373 7184654 735 9 4 153
374 7293613 741 10 2 3
375 7293613 741 8 5 28
376 7293613 741 1 10 2
377 7293613 741 7 2 3
378 7326701 749 2 9 1
379 7326701 749 4 9 1
380 7327678 750 9 3 49
381 7400055 751 2 9 31
382 7400055 751 0 10 17
383 7400055 751 0 7 3
384 7400055 751 8 3 485
385 7400055 751 10 7 7
386 7400055 751 3 9 108
387 7457794 759 10 3 11
388 7511638 766 2 6 14
389 7511638 766 3 3 1
390 7511638 766 10 7 7
391 7514735 767 10 8 62
392 7543944 768 8 7 6
393 7543944 768 8 2 620
394 7545005 771 0 3 264
395 7554519 773 6 10 17
396 7558804 774 7 5 98
397 7598272 787 1 4 3
398 7620927 798 4 3 11778
399 7622427 801 9 6 20
400 7647010 807 3 10 55
401 7647829 808 1 3 14
402 7651108 814 1 3 170
403 7672863 819 4 3 21
404 7817623 822 7 2 12
405 7817623 822 3 4 1
406 7817623 822 10 3 3
407 7817623 822 8 10 3
408 7817623 822 10 2 3
409 7817623 822 0 4 1
410 7817623 822 6 1 1
411 7817623 822 9 5 26
412 7817623 822 2 5 26
413 7932267 823 9 6 1414
414 7932267 823 5 1 969
415 7968602 825 5 0 3
416 7968602 825 0 1 19
417 7989207 830 1 5 5
418 7989207 830 3 5 172
419 8059203 842 1 10 21
420 8071608 845 4 7 9
421 8071608 845 2 7 4
422 8087877 852 2 9 48
423 8133169 861 3 10 7689
424 8144614 863 2 0 9
425 8222332 864 10 7 1
426 8222332 864 3 6 4
427 8222332 864 4 6 26
428 8243121 871 6 8 758
429 8263106 874 2 6 213
430 8274576 878 9 6 46
431 8274826 879 1 5 24
432 8285356 883 1 6 102
433 8347857 886 8 9 751
434 8364549 891 2 8 118
435 8422198 894 10 1 194
436 8422198 894 5 2 128
437 8422198 894 6 3 6
438 8458654 896 8 9 10
439 8458654 896 4 3 1586
440 8458654 896 3 0 1968
441 8485884 901 2 3 1484
442 8485884 901 10 3 7420
443 8504653 903 1 7 111
444 8513891 905 9 8 95
445 8513891 905 5 8 95
446 8542490 907 4 0 36
447 8542490 907 4 1 233
448 8542490 907 4 4 22
449 8554839 909 9 1 6168
450 8554839 909 9 9 226
451 8596701 918 0 1 124
452 8608262 919 1 1 1
453 8646401 926 7 4 65
454 8791533 929 1 7 2
455 8791533 929 5 5 682
456 8791533 929 5 9 4
457 8791533 929 3 1 1
458 8791533 929 1 1 3
459 8791533 929 0 10 1
460 8791533 929 9 2 12
461 8791533 929 9 0 5
462 8791533 929 2 1 1
463 8875965 930 3 4 7804
464 8875965 930 6 8 928
465 8875965 930 9 0 9968
466 8875965 930 8 8 309
467 8952214 931 6 2 1607
468 8952214 931 6 10 225
469 8952214 931 8 1 84
470 8952214 931 5 10 225
471 8952214 931 3 9 2119
472 8952214 931 4 4 909
473 9002668 932 0 4 6
474 9002668 932 2 0 4
475 9002668 932 2 3 3
476 9002668 932 9 9 9
477 9014466 936 3 4 58
478 9025462 939 8 8 28526
479 9033605 940 0 1 55
480 9168808 941 0 6 34
481 9168808 941 2 10 18
482 9168808 941 2 1 96
483 9168808 941 4 5 41
484 9168808 941 8 10 18
485 9168808 941 5 5 13
486 9168808 941 4 9 3916
487 9168808 941 9 2 8
488 9168808 941 9 0 22
489 9168808 941 6 5 388
490 9187447 948 0 1 107
491 9203621 950 2 8 14
492 9234568 959 10 2 32
493 9348674 967 5 0 9
494 9348674 967 1 7 243
495 9348674 967 5 7 486
496 9378675 972 10 2 558
497 9378675 972 10 0 323
498 9427424 982 3 10 41
499 9438116 989 8 5 56
