11 243 500
0 540632 5 9 8 2075
1 840790 9 7 10 1
2 904974 11 0 9 88
3 1180324 13 6 4 340
4 1180324 13 6 10 99
5 1180324 13 7 10 99
6 1180324 13 3 1 265
7 1544175 17 10 3 93
8 1544175 17 1 7 17
9 1544175 17 1 5 16
10 1812558 21 3 0 51960
11 1849274 23 10 10 4218
12 1960826 28 0 8 53
13 2191334 31 5 7 2070
14 2335994 37 8 0 25
15 2335994 37 6 10 4
16 2410654 38 2 5 55
17 2545999 41 10 4 238
18 3440766 51 8 4 15
19 3440766 51 0 1 15
20 3440766 51 3 7 11
21 3440766 51 0 6 1
22 3446210 52 9 4 249
23 3882463 59 1 6 19
24 3954449 61 7 2 24
25 4119210 68 5 4 1
26 4357533 72 6 4 12101
27 4813086 75 6 0 11
28 4813086 75 7 6 14
29 5533786 84 2 5 71
30 5533786 84 7 0 7
31 5544881 87 5 7 210
32 5683389 89 7 6 1461
33 5693825 90 8 3 184
34 5749695 91 8 2 550
35 5842580 94 2 5 756
36 5842580 94 8 5 756
37 5872884 96 0 5 44
38 5962518 97 5 9 3687
39 5962518 97 9 9 1843
40 6296576 99 7 6 5
41 6296576 99 7 5 5
42 6296576 99 9 8 1
43 6869164 102 1 5 14
44 6869164 102 9 3 11
45 6869164 102 5 7 2
46 6869164 102 4 10 21
47 6869164 102 4 6 1
48 6869164 102 10 1 3
49 6969148 104 4 7 132
50 6969148 104 4 9 60
51 7249761 108 2 0 226
52 7249761 108 3 6 15
53 7284718 110 3 0 197
54 7390194 116 2 7 208
55 7461392 117 0 7 29
56 7545388 118 5 7 55
57 7880122 132 6 7 7571
58 7880156 133 5 1 154
59 7935659 134 1 9 76
60 7939372 135 1 6 8481
61 8079951 136 8 2 59
62 8079951 136 8 5 496
63 8540966 137 4 0 56
64 8540966 137 1 10 222
65 8540966 137 8 10 668
66 8540966 137 10 10 222
67 8540966 137 0 8 14
68 8540966 137 9 0 4
69 8587551 140 7 4 142
70 8805059 146 4 3 36
71 8907536 150 2 5 126
72 9432758 154 0 0 4
73 9432758 154 1 10 17
74 9432758 154 2 0 2
75 9432758 154 6 5 69
76 9432758 154 7 0 21
77 10022927 160 6 1 1
78 10022927 160 3 7 1
79 10223372 162 8 0 1899
80 10223372 162 3 0 1899
81 10223372 162 3 6 14
82 10317756 165 8 3 93
83 10317756 165 6 5 220
84 10350258 168 1 2 15
85 10479857 172 7 2 54
86 10775582 177 0 7 35
87 10913843 187 9 9 71
88 11043103 192 3 1 640
89 11497828 198 2 1 18
90 11497828 198 7 0 20
91 11497828 198 6 4 2
92 11510197 201 5 5 64
93 12089488 224 3 5 91
94 12342996 229 0 1 1
95 12342996 229 6 1 1
96 12595136 230 0 10 8
97 13083901 233 5 1 8
98 13083901 233 4 2 8
99 13083901 233 0 6 26
100 13083901 233 2 8 5
101 13303011 237 4 5 53
102 13314325 238 3 7 58456
103 13888881 241 9 0 9
104 13888881 241 7 0 9
105 13888881 241 3 7 55
106 13888881 241 3 6 1
107 13888881 241 4 9 1226
108 13956436 248 1 4 194
109 13965768 249 7 5 43
110 13970394 250 3 9 15
111 13978184 252 1 10 17
112 14270784 259 4 7 25
113 14826136 262 0 6 8
114 14826136 262 9 6 8
115 14826136 262 9 5 7
116 14826136 262 9 3 1
117 14826136 262 4 8 7
118 14826136 262 2 9 15
119 15204931 282 8 5 23
120 16160168 287 1 6 48
121 16160168 287 10 8 35
122 16160168 287 0 10 7
123 16160168 287 0 5 17
124 16160168 287 1 5 2
125 16160168 287 2 2 3
126 16160168 287 6 7 807
127 16175915 290 5 7 223
128 16486675 291 10 9 365
129 16486675 291 3 2 3435
130 16486675 291 7 1 1536
131 16486675 291 1 9 1096
132 16785971 292 5 6 13
133 16785971 292 5 8 218
134 16785971 292 9 0 6
135 16785971 292 8 6 13
136 16992187 298 9 2 37
137 16992187 298 1 2 37
138 17365377 303 9 8 649
139 17571418 304 3 8 10
140 17571418 304 2 8 40
141 17698988 308 6 3 284
142 17698988 308 6 7 58523
143 18283624 317 1 4 32
144 18316418 319 6 10 78
145 18452902 324 5 10 48
146 18793744 330 0 8 10328
147 18793744 330 0 3 9862
148 18856587 335 1 7 96
149 18856587 335 1 0 231
150 18856587 335 1 2 44
151 18923976 337 4 6 86
152 18923976 337 4 4 1536
153 18923976 337 4 9 42
154 19062589 339 10 2 2880
155 19272744 340 9 4 1
156 19272744 340 6 2 7
157 19310631 343 6 4 129
158 19528936 353 0 10 3133
159 19564914 357 2 8 157
160 19730640 363 8 4 62
161 19806606 368 0 7 1327
162 20106864 370 2 5 1
163 20106864 370 1 9 162
164 20106864 370 10 5 1
165 20106864 370 6 8 3
166 20321437 381 9 6 9029
167 20331775 382 4 0 30
168 20544374 388 0 6 202
169 20544374 388 0 3 9366
170 20544374 388 7 0 709
171 21033420 390 2 3 596
172 21033420 390 1 6 229
173 21033420 390 5 0 14
174 21033420 390 8 6 459
175 21033420 390 4 1 2
176 21207769 392 4 4 427
177 21830385 395 2 5 1065
178 21830385 395 6 8 33
179 21830385 395 0 4 1
180 21830385 395 8 3 10
181 22153347 402 2 2 7
182 22320194 407 2 5 310
183 22320194 407 2 7 98
184 22320194 407 2 2 73
185 22320194 407 2 10 6135
186 22740283 409 1 1 1084
187 22740283 409 8 5 797
188 22740283 409 8 2 3
189 22968701 413 9 10 29
190 23056270 420 9 10 64
191 23152161 422 6 2 4553
192 23989784 428 4 4 4
193 23989784 428 6 5 822
194 23989784 428 10 2 1
195 23989784 428 8 5 822
196 23989784 428 7 7 1
197 23989784 428 1 7 1
198 23989784 428 5 9 3
199 23989784 428 6 8 7
200 23989784 428 2 0 1
201 24409266 430 4 1 7361
202 24409266 430 10 3 29
203 24409266 430 5 8 4
204 24409266 430 7 5 16
205 24409266 430 0 10 2
206 24512980 436 0 3 109
207 24566714 440 0 0 29
208 24566714 440 5 0 14
209 24610241 443 6 9 43
210 24681191 447 3 1 17
211 24701184 451 10 10 11840
212 25100653 457 1 0 25
213 25100653 457 4 1 1
214 25100653 457 0 0 8
215 25100653 457 10 0 8
216 25100653 457 8 10 5
217 25259441 460 1 4 4695
218 25259441 460 1 5 102
219 25583830 461 7 5 1
220 25583830 461 7 8 9
221 26644898 466 1 7 1
222 26644898 466 7 6 28
223 26644898 466 2 10 2
224 26644898 466 1 4 217
225 26644898 466 4 9 8
226 26644898 466 10 0 7
227 26644898 466 8 3 1801
228 26644898 466 10 3 1801
229 26644898 466 0 10 6
230 26644898 466 5 4 217
231 26644898 466 0 8 1
232 26896574 467 9 5 5
233 27109492 472 3 0 7
234 27394563 473 10 10 1
235 27394563 473 1 9 12
236 28277340 475 3 0 1
237 28277340 475 6 5 2
238 28277340 475 6 1 13
239 28277340 475 4 0 1
240 28277340 475 9 7 9
241 28277340 475 2 1 3
242 28277340 475 4 1 6
243 28277340 475 7 4 1
244 28286397 476 8 10 15
245 28372478 477 2 6 69
246 28471242 480 8 5 25
247 28481872 482 10 0 122
248 28719518 489 2 10 7526
249 28719518 489 0 5 94
250 28745659 491 2 10 39
251 28783522 494 7 2 10
252 29614038 498 5 9 1
253 29614038 498 2 2 23
254 29614038 498 1 6 1
255 29614038 498 10 2 4
256 29614038 498 6 0 10
257 29614038 498 0 2 4
258 29614038 498 3 10 13
259 29682670 499 7 7 71
260 29715694 502 2 6 191
261 29748821 504 6 9 296
262 29748821 504 10 9 1333
263 29748821 504 6 8 77
264 30225322 507 3 1 1
265 30225322 507 0 10 4631
266 30225322 507 8 9 7
267 30225322 507 0 2 17
268 30412481 510 6 2 40
269 30911084 513 1 4 300
270 30911084 513 1 2 6
271 30911084 513 9 9 40
272 31013592 516 2 3 1
273 31168348 534 3 4 114
274 31259921 537 10 10 11
275 31259921 537 7 10 11
276 31392505 542 1 8 84
277 31490079 549 8 5 792
278 31553754 550 7 6 6
279 32572384 555 5 4 3318
280 32572384 555 0 0 1
281 32572384 555 9 3 202
282 32572384 555 0 5 3
283 32572384 555 3 0 2
284 32887204 556 10 0 11
285 32887204 556 0 5 3164
286 33191993 562 10 6 12990
287 33340482 565 1 0 14
288 33685520 569 0 1 65
289 33685520 569 4 5 1
290 33685520 569 8 0 26
291 34028004 576 6 5 2438
292 34036878 577 8 0 1169
293 34096821 581 6 9 62
294 34230126 582 4 0 2716
295 34230126 582 4 6 282
296 34384129 588 4 10 9
297 34444734 591 10 1 1
298 34496154 595 2 9 194
299 34501580 596 9 1 190
300 34907831 606 10 8 31
301 34907831 606 10 10 996
302 35014393 611 0 2 43
303 35771153 612 10 4 133
304 35771153 612 8 6 1
305 35771153 612 2 9 14
306 35771153 612 10 8 26
307 35771153 612 6 2 448
308 35771153 612 0 7 2539
309 35771153 612 4 4 2485
310 35834773 613 3 9 4062
311 36549632 616 1 1 18
312 36549632 616 3 3 62
313 36549632 616 6 0 494
314 36549632 616 3 5 1227
315 36549632 616 10 5 1227
316 36549632 616 7 2 1
317 36549632 616 10 0 494
318 36549632 616 10 1 1
319 36699402 625 4 0 34
320 36793720 626 2 5 2333
321 36793720 626 2 3 6058
322 37150463 633 5 8 159
323 37228617 635 5 8 1373
324 37333713 641 5 6 2
325 37773497 644 1 10 1
326 37773497 644 2 7 92
327 37773497 644 1 3 10
328 37773497 644 5 3 10
329 37773497 644 4 10 1
330 37773497 644 6 8 1817
331 37830986 655 8 3 82
332 37994068 670 5 9 92
333 38590215 671 10 0 1
334 38590215 671 9 6 8
335 38590215 671 10 8 5
336 38590215 671 2 1 476
337 39320831 683 7 8 11
338 39320831 683 4 4 3833
339 39320831 683 10 5 1
340 39320831 683 4 3 29
341 39320831 683 8 6 10
342 39320831 683 1 1 50
343 39707464 690 0 3 90
344 39707464 690 0 0 5775
345 39917303 692 7 4 19
346 39917303 692 10 0 2
347 39985096 693 8 3 1542
348 40930743 695 5 4 1
349 40930743 695 2 3 13
350 40930743 695 2 6 1
351 40930743 695 2 0 128
352 40930743 695 3 9 214
353 40930743 695 5 3 4
354 40930743 695 0 5 14
355 40930743 695 10 0 21
356 40930743 695 0 6 38
357 40930743 695 4 1 41
358 41185025 698 2 7 2
359 41299270 701 10 2 7
360 41299270 701 7 2 15
361 41484605 702 3 0 1187
362 41484605 702 4 10 74
363 41671654 703 9 8 52
364 41671654 703 2 2 4702
365 42321128 718 10 10 10
366 42321128 718 1 3 15
367 42321128 718 10 8 1455
368 42335464 721 4 10 231
369 42352887 722 5 1 2439
370 42488041 723 3 7 32
371 42488041 723 6 5 29
372 42635047 727 10 0 769
373 42889853 732 6 8 79
374 42889853 732 6 5 66
375 42889853 732 4 3 39
376 42889853 732 9 6 4
377 42889853 732 0 5 132
378 43122881 736 2 6 1770
379 43177259 737 0 0 44
380 43761680 741 3 5 17
381 43761680 741 7 1 989
382 43761680 741 9 7 2
383 44400333 751 9 2 119
384 44400333 751 0 10 17
385 44400333 751 3 10 17
386 44400333 751 10 8 1
387 44480231 752 0 1 8
388 44480231 752 7 1 168
389 44752589 760 5 0 1472
390 45069829 766 10 3 1
391 45263667 768 0 7 2
392 45267073 770 1 5 68
393 45589634 787 2 4 78
394 45613214 789 3 2 30
395 45725564 798 4 3 11778
396 45725564 798 4 8 632
397 45756381 802 4 5 18
398 45756565 803 8 3 11335
399 45858312 806 3 0 10
400 46905743 822 8 5 156
401 46905743 822 4 1 1
402 46905743 822 0 4 1
403 46905743 822 3 5 338
404 46905743 822 1 1 1
405 46905743 822 6 1 1
406 46905743 822 8 9 9
407 46905743 822 4 5 52
408 46905743 822 4 0 3
409 46905743 822 0 10 3
410 47593607 823 9 6 1414
411 47593607 823 3 9 1
412 47593607 823 3 7 3756
413 47593607 823 9 9 1
414 47593607 823 2 10 1
415 47811612 825 1 2 27
416 47811612 825 6 5 16
417 47811612 825 0 1 19
418 47811612 825 0 0 3
419 47811612 825 7 9 18
420 47938893 831 1 10 1198
421 48194485 834 8 10 1400
422 48355222 842 1 3 757
423 48355222 842 1 4 6007
424 48488607 846 5 10 165
425 48488607 846 5 6 89
426 48521252 851 0 6 15
427 48725055 859 6 6 60
428 48799016 861 3 2 309
429 48867686 863 2 9 264
430 49333997 864 4 1 14
431 49333997 864 5 9 35
432 49333997 864 2 8 113
433 49333997 864 2 7 1
434 49333997 864 10 1 14
435 49333997 864 4 4 5
436 49395406 870 8 10 22
437 49395406 870 7 3 46
438 49622799 875 2 7 9
439 49647458 878 9 6 46
440 50087144 886 0 0 118
441 50087144 886 6 4 1
442 50087144 886 4 8 20
443 50087144 886 0 5 25
444 50087144 886 1 6 1111
445 50154726 888 10 7 651
446 50751926 896 3 0 1968
447 50855950 899 6 5 249
448 50855950 899 6 0 1733
449 50915309 901 0 3 1484
450 50915309 901 2 3 1484
451 51027923 903 1 7 111
452 51254942 907 2 6 68
453 51254942 907 2 2 1642
454 51329039 909 9 9 226
455 51335033 910 10 5 3
456 51403693 911 1 0 682
457 51503631 914 4 3 171
458 51649573 919 3 1 1
459 51667323 920 8 10 8
460 51695741 923 10 7 1223
461 51878409 926 7 0 37
462 51878409 926 7 6 104
463 52749200 929 8 1 1
464 52749200 929 3 6 109
465 52749200 929 0 6 54
466 52749200 929 4 10 1
467 52749200 929 9 0 5
468 53255791 930 4 7 10
469 53255791 930 0 6 26
470 53255791 930 2 8 1548
471 53255791 930 1 6 13
472 53713284 931 2 0 11622
473 53713284 931 1 6 8
474 54016013 932 8 0 2
475 54067943 935 6 1 1573
476 54067943 935 3 1 1573
477 55012853 941 0 4 3
478 55012853 941 7 2 5
479 55012853 941 10 6 10
480 55012853 941 9 9 2610
481 55012853 941 5 8 1
482 55012853 941 1 1 1248
483 55051490 947 10 10 71
484 55221727 950 7 8 44
485 55407412 959 10 1 1320
486 55491441 961 10 5 343
487 56092044 967 7 8 44
488 56092044 967 1 4 29
489 56092044 967 6 4 14
490 56092044 967 7 7 243
491 56198328 971 10 8 30
492 56426118 973 0 7 14257
493 56426118 973 2 9 112
494 56426118 973 0 0 2
495 56473075 978 5 5 281
496 56554515 980 10 10 306
497 56612879 987 7 9 42
498 56725452 993 4 9 48
499 56850919 994 2 0 3
