11 227 500
0 24103 0 1 4 103
1 24103 0 1 8 28
2 91994 3 5 0 2396
3 91994 3 9 2 11041
4 91994 3 9 6 284
5 106483 4 6 8 9
6 168158 9 1 9 7
7 236064 13 10 1 1591
8 308835 17 0 7 2
9 308835 17 9 10 1
10 308835 17 5 10 1
11 308835 17 7 9 658
12 308835 17 2 4 12
13 369854 23 5 10 4218
14 429966 30 0 6 11
15 467198 37 8 10 4
16 467198 37 8 0 25
17 509199 41 10 0 90
18 520972 44 1 2 89
19 520972 44 1 6 217
20 526717 48 10 8 53
21 543883 50 2 0 44
22 543883 50 1 4 745
23 688153 51 2 8 3
24 688153 51 10 0 64
25 688153 51 10 6 1
26 688153 51 8 0 21
27 688153 51 2 5 8
28 688153 51 2 7 5
29 688153 51 7 8 1
30 776492 59 8 2 204
31 776492 59 5 6 19
32 776492 59 8 10 27
33 776492 59 2 6 19
34 798361 64 2 6 218
35 817570 66 0 3 61
36 823842 68 5 4 1
37 823842 68 3 4 3
38 871506 72 6 9 16
39 962617 75 2 9 1
40 962617 75 7 10 7
41 962617 75 8 5 115
42 962617 75 9 4 1
43 974418 77 10 4 31
44 981968 79 3 3 38
45 1106757 84 7 1 8
46 1106757 84 2 3 4
47 1106757 84 7 2 154
48 1149939 91 7 2 550
49 1174576 96 10 5 88
50 1192503 97 4 9 1843
51 1259315 99 7 3 63
52 1373832 102 2 2 483
53 1373832 102 6 8 14609
54 1373832 102 9 6 7
55 1373832 102 5 2 483
56 1393829 104 4 8 216
57 1449952 108 3 6 15
58 1449952 108 5 7 4
59 1449952 108 8 4 17
60 1478038 116 2 5 254
61 1557423 127 0 5 244
62 1587131 134 1 9 76
63 1615990 136 1 9 1
64 1708193 137 6 7 198
65 1708193 137 4 8 4
66 1708193 137 2 2 63
67 1708193 137 9 7 3
68 1708193 137 2 10 890
69 1708193 137 5 6 2
70 1717481 139 8 1 504
71 1739777 145 5 4 231
72 1761011 146 3 4 5
73 1886551 154 10 4 91
74 1886551 154 5 0 2
75 1886551 154 4 1 16
76 1886551 154 10 0 2
77 1886551 154 0 6 115
78 1886551 154 4 10 2
79 1887485 155 1 7 3
80 2004585 160 10 7 293
81 2004585 160 4 3 2
82 2004585 160 7 2 421
83 2004585 160 3 7 1
84 2004585 160 0 9 9
85 2004585 160 4 6 5
86 2004585 160 10 5 5
87 2004585 160 5 8 306
88 2004585 160 9 2 210
89 2004585 160 8 4 9
90 2008606 161 0 8 17
91 2044674 162 6 4 92
92 2044674 162 8 0 1899
93 2044674 162 8 10 5
94 2155116 177 3 2 1
95 2182768 187 7 1 15
96 2209343 193 5 3 108
97 2299565 198 1 4 4
98 2299565 198 7 2 6
99 2299565 198 6 6 111
100 2309382 202 3 10 415
101 2334241 203 8 4 1511
102 2385775 211 9 6 59
103 2398292 217 6 4 13
104 2407720 222 0 7 28
105 2416558 223 3 9 2
106 2417897 224 3 5 91
107 2519027 230 8 2 48
108 2519027 230 8 6 13
109 2523037 231 8 6 2
110 2616780 233 5 7 1
111 2616780 233 1 8 5
112 2630511 236 9 6 55
113 2777776 241 1 6 48
114 2777776 241 1 5 3364
115 2777776 241 3 6 1
116 2783616 244 2 1 1
117 2793153 249 7 5 43
118 2854156 259 5 7 25
119 2854156 259 10 7 25
120 2965227 262 0 5 2
121 2965227 262 9 3 1
122 2965227 262 9 7 1
123 2965227 262 3 1 30
124 2965227 262 4 7 1
125 2987185 266 5 10 10
126 3003048 269 4 8 138
127 3014918 271 7 7 34
128 3017167 272 1 5 106
129 3040986 282 8 2 74
130 3040986 282 8 6 237
131 3041286 284 7 1 30
132 3232033 287 6 8 5
133 3232033 287 5 6 170
134 3232033 287 7 3 17
135 3232033 287 4 0 1
136 3232033 287 7 5 2
137 3232033 287 4 4 2
138 3232033 287 3 4 1
139 3232033 287 8 7 1615
140 3232033 287 5 0 3
141 3232033 287 0 7 1615
142 3232033 287 10 2 3
143 3234282 289 10 10 47
144 3297335 291 5 0 3
145 3297335 291 2 0 8
146 3297335 291 3 0 6
147 3297335 291 4 1 128
148 3297335 291 9 4 89
149 3297335 291 3 7 111
150 3357194 292 3 10 3
151 3357194 292 0 1 197
152 3398437 298 9 4 483
153 3398437 298 9 3 134
154 3398437 298 1 7 60
155 3407407 302 2 8 113
156 3473075 303 10 6 397
157 3473075 303 1 2 1892
158 3473075 303 9 6 1193
159 3473075 303 4 2 1892
160 3514283 304 2 8 40
161 3514283 304 2 1 7
162 3514283 304 3 2 24
163 3656724 317 9 8 167
164 3656724 317 9 2 565
165 3656724 317 6 5 3859
166 3758748 330 0 3 9862
167 3771506 336 9 4 663
168 3854548 340 5 4 1
169 3854548 340 2 8 1806
170 3854548 340 5 8 451
171 3854548 340 8 1 3
172 3877067 346 0 5 489
173 3905787 353 0 8 90
174 3905787 353 0 0 27082
175 3947394 365 2 3 670
176 3980764 369 3 8 28
177 4021372 370 7 2 9
178 4021372 370 5 9 23
179 4032160 379 3 3 2
180 4075276 386 6 3 976
181 4206684 390 8 1 2
182 4206684 390 10 4 27
183 4206684 390 1 4 27
184 4241553 392 0 4 427
185 4430669 402 2 3 65
186 4430669 402 9 6 88
187 4430669 402 9 1 1815
188 4438560 405 8 5 15
189 4548056 409 5 8 13
190 4548056 409 5 3 3
191 4602262 418 6 5 259
192 4612209 421 5 9 27455
193 4630432 422 6 2 4553
194 4630432 422 10 3 54
195 4648333 424 7 10 493
196 4648333 424 7 6 113
197 4797956 428 10 1 668
198 4797956 428 1 8 2
199 4797956 428 0 0 9
200 4797956 428 8 1 7352
201 4797956 428 0 8 7
202 4797956 428 8 7 1
203 4797956 428 2 6 1
204 4797956 428 0 9 1
205 4797956 428 5 2 1
206 4881853 430 8 0 40
207 4881853 430 8 2 36
208 4881853 430 0 3 2
209 4881853 430 3 5 16
210 4892085 434 3 2 37
211 4922048 443 6 3 83
212 4932441 445 10 0 208
213 5020130 457 2 0 8
214 5020130 457 1 5 64
215 5051888 460 1 1 356
216 5116766 461 1 0 1
217 5116766 461 7 1 11
218 5328979 466 8 6 4
219 5328979 466 9 1 2
220 5328979 466 3 1 11
221 5328979 466 7 3 3602
222 5328979 466 2 0 7
223 5328979 466 10 2 50
224 5328979 466 10 6 16
225 5396491 469 6 3 3988
226 5407791 471 10 10 2769
227 5478912 473 2 5 68
228 5478912 473 7 10 5
229 5478912 473 4 5 68
230 5655468 475 4 9 5
231 5655468 475 4 2 3
232 5655468 475 4 5 5
233 5655468 475 2 0 1
234 5655468 475 10 9 10
235 5655468 475 6 2 1
236 5655468 475 2 9 5
237 5655468 475 6 5 2
238 5655468 475 4 3 1
239 5674495 477 2 0 196
240 5674549 478 8 2 76
241 5700128 483 7 10 8
242 5922807 498 0 0 43
243 5922807 498 5 4 50
244 5922807 498 8 0 10
245 5922807 498 10 6 1
246 5922807 498 1 10 13
247 5922807 498 0 4 50
248 5922807 498 9 4 50
249 5922807 498 6 1 35
250 5922807 498 9 5 175
251 5922807 498 6 8 514
252 5922807 498 10 7 7
253 5922807 498 1 5 175
254 5936534 499 7 5 7680
255 6045064 507 0 2 17
256 6045064 507 3 7 72
257 6045064 507 0 10 4631
258 6045064 507 5 3 2
259 6082496 510 7 0 47
260 6082496 510 7 5 3
261 6082496 510 7 8 7
262 6182216 513 9 7 5
263 6182216 513 6 9 20
264 6182216 513 1 4 300
265 6182216 513 0 6 80
266 6182216 513 8 6 80
267 6182216 513 0 4 200
268 6202718 516 2 3 1
269 6206809 520 0 2 1008
270 6209006 521 1 4 152
271 6224810 528 3 7 128
272 6225806 529 4 9 374
273 6233669 534 3 4 114
274 6280751 545 0 6 7157
275 6294432 547 4 2 327
276 6294432 547 4 10 15
277 6310750 550 1 6 6
278 6333607 551 6 1 7
279 6514476 555 8 3 1620
280 6514476 555 6 3 202
281 6514476 555 0 9 2
282 6514476 555 9 7 3
283 6514476 555 7 1 95
284 6514476 555 4 2 4380
285 6514476 555 0 7 3
286 6514476 555 1 1 95
287 6514476 555 8 9 11
288 6577440 556 0 0 1
289 6577440 556 8 7 15
290 6577440 556 3 10 335
291 6609793 558 1 4 2269
292 6612238 559 1 0 608
293 6655083 563 10 1 192
294 6655083 563 10 6 1067
295 6655083 563 10 2 11
296 6668096 565 1 7 39
297 6737104 569 2 8 1
298 6738753 571 1 7 32
299 6754007 575 6 8 15
300 6814728 578 3 0 66
301 6846025 582 4 5 179
302 6863128 584 10 5 3971
303 6876825 588 4 0 70
304 6876825 588 4 3 51
305 6888946 591 5 10 34
306 6888946 591 8 10 2
307 6888946 591 4 1 2
308 6902313 598 4 6 39008
309 6985107 608 8 4 11
310 7154230 612 3 6 6
311 7154230 612 9 10 5
312 7154230 612 9 9 8
313 7154230 612 2 4 80
314 7154230 612 1 2 897
315 7154230 612 8 3 1
316 7154230 612 0 7 2539
317 7154230 612 4 2 448
318 7154230 612 5 3 1
319 7166954 613 3 6 58
320 7309926 616 10 7 200
321 7309926 616 6 1 2
322 7309926 616 2 10 854
323 7309926 616 6 2 1
324 7309926 616 10 3 20
325 7309926 616 6 0 494
326 7309926 616 6 5 1227
327 7309926 616 4 4 78
328 7309926 616 9 7 200
329 7309926 616 8 4 1
330 7309926 616 9 4 1
331 7309926 616 3 0 988
332 7335706 623 5 1 96
333 7358744 626 2 7 117
334 7379006 628 1 7 2415
335 7445723 635 5 3 16
336 7447612 636 6 5 1003
337 7454852 637 6 10 40
338 7554699 644 5 0 8
339 7554699 644 3 8 908
340 7554699 644 1 0 8
341 7554699 644 2 6 1
342 7554699 644 0 7 92
343 7554699 644 9 1 6
344 7554699 644 7 10 1
345 7554699 644 7 0 8
346 7554699 644 4 7 834
347 7560728 647 1 3 1338
348 7589759 667 2 7 77
349 7718043 671 0 7 1
350 7718043 671 1 3 61
351 7718043 671 2 1 476
352 7718043 671 6 4 3355
353 7718043 671 1 0 1
354 7720816 672 10 5 10
355 7720816 672 8 2 85
356 7742083 675 2 8 300
357 7746363 677 6 8 67
358 7754514 678 6 6 409
359 7754514 678 7 6 409
360 7768485 681 0 4 2639
361 7864166 683 2 2 1527
362 7892460 689 5 4 1591
363 7892460 689 6 10 48
364 7941492 690 0 2 81
365 7983460 692 7 7 181
366 7983460 692 7 4 19
367 7997019 693 8 8 33
368 8186148 695 1 10 1
369 8186148 695 6 10 1
370 8186148 695 10 7 1
371 8186148 695 6 9 1503
372 8186148 695 8 10 1
373 8186148 695 3 8 1
374 8186148 695 1 8 1
375 8186148 695 0 7 2
376 8186148 695 10 6 2
377 8186148 695 1 3 4
378 8237005 698 2 4 268
379 8237005 698 10 7 2
380 8296921 702 4 9 6
381 8296921 702 0 4 649
382 8296921 702 0 7 163
383 8334330 703 2 9 325
384 8387790 714 5 2 19516
385 8464225 718 2 8 1455
386 8464225 718 5 0 1
387 8464225 718 3 8 2911
388 8464225 718 10 10 10
389 8464225 718 5 1 6
390 8464225 718 1 9 31
391 8467092 721 4 10 231
392 8577970 732 7 2 240
393 8578816 733 9 8 3956
394 8579053 734 2 0 38
395 8621585 735 9 4 153
396 8621585 735 9 5 36
397 8880066 751 4 7 10
398 8880066 751 8 6 55
399 8896046 752 8 9 5
400 8918649 755 9 7 346
401 8943116 757 5 1 77
402 8943116 757 1 0 7
403 8956869 761 2 5 45
404 9013965 766 5 7 7
405 9052733 768 0 7 2
406 9125815 791 7 1 1
407 9151313 803 8 3 11335
408 9177394 808 1 3 14
409 9381148 822 6 3 1
410 9381148 822 2 5 26
411 9381148 822 10 2 3
412 9381148 822 1 4 2
413 9381148 822 3 7 414
414 9381148 822 10 7 138
415 9381148 822 9 6 4
416 9381148 822 1 9 5
417 9381148 822 3 1 1
418 9518721 823 2 8 5
419 9518721 823 1 9 1
420 9522205 824 0 10 47
421 9562322 825 6 5 16
422 9562322 825 4 9 18
423 9587048 830 3 9 16
424 9618679 833 7 7 1338
425 9618679 833 7 2 89
426 9652252 841 10 5 4815
427 9700881 850 5 2 5
428 9700881 850 7 2 15
429 9729986 857 9 0 2932
430 9745011 859 6 6 60
431 9745011 859 6 5 14093
432 9762464 862 9 9 70
433 9866799 864 9 5 15
434 9866799 864 0 5 30
435 9874303 868 10 6 201
436 9915727 874 2 6 213
437 9929491 878 9 6 46
438 10017428 886 9 0 14
439 10017428 886 5 0 59
440 10106638 894 3 3 6
441 10171190 899 6 5 249
442 10216669 905 8 8 95
443 10297346 913 1 2 19
444 10309975 916 7 3 49
445 10329914 919 5 1 1
446 10329914 919 8 1 1
447 10333464 920 2 10 8
448 10335517 922 1 4 99
449 10375681 926 7 6 104
450 10549840 929 8 0 25
451 10549840 929 10 5 227
452 10549840 929 6 7 4
453 10549840 929 6 6 54
454 10549840 929 2 8 4
455 10549840 929 0 4 878
456 10549840 929 10 2 4
457 10549840 929 4 8 4
458 10549840 929 2 9 4
459 10651158 930 9 3 15
460 10651158 930 2 6 13
461 10651158 930 1 2 43
462 10651158 930 2 8 1548
463 10651158 930 9 7 31
464 10651158 930 4 4 13007
465 10742656 931 2 6 8
466 10742656 931 8 8 4
467 10742656 931 0 8 4
468 10742656 931 1 1 10
469 10742656 931 3 10 2703
470 10742656 931 3 9 2119
471 10742656 931 5 1 10
472 10742656 931 8 1 84
473 10742656 931 7 8 4
474 10803202 932 2 3 3
475 10803202 932 1 0 4
476 10803202 932 0 10 23
477 10803202 932 5 3 13
478 10830555 939 8 8 28526
479 10830555 939 4 8 42789
480 10840326 940 0 2 131
481 11002570 941 4 1 192
482 11002570 941 10 7 2
483 11002570 941 9 4 1
484 11002570 941 5 7 1
485 11002570 941 4 2 10
486 11002570 941 10 5 13
487 11058570 957 7 9 35
488 11218408 967 0 8 44
489 11218408 967 1 2 15
490 11218408 967 4 3 16
491 11218408 967 1 7 243
492 11218408 967 5 0 9
493 11254411 972 10 6 244
494 11285223 973 0 3 3
495 11304998 979 6 8 3805
496 11310903 980 10 10 306
497 11370183 994 3 1 1
498 11370183 994 4 5 64
499 11370183 994 8 0 3
