11 228 500
0 40173 0 9 7 46
1 40173 0 9 8 56
2 153323 3 10 5 113
3 280263 9 1 5 35
4 280263 9 4 8 2
5 280263 9 7 7 39
6 297382 10 8 1 870
7 304250 12 3 2 8
8 393441 13 8 1 265
9 393441 13 1 8 1
10 396639 15 3 6 109
11 514725 17 0 2 526
12 514725 17 6 2 526
13 514725 17 7 9 658
14 604186 21 3 4 45
15 604186 21 4 4 22
16 616424 23 8 10 4218
17 738376 32 7 4 14
18 778664 37 6 10 4
19 778664 37 6 8 61
20 815689 39 4 5 6
21 906472 50 10 8 1
22 1146922 51 7 7 5
23 1146922 51 8 10 1
24 1146922 51 9 4 31
25 1146922 51 10 4 15
26 1146922 51 10 3 15
27 1146922 51 7 2 5
28 1294154 59 2 0 6
29 1294154 59 2 10 3
30 1294154 59 5 9 36
31 1294154 59 5 1 22
32 1296939 60 6 6 322
33 1318149 61 10 2 24
34 1333525 65 7 7 118
35 1452511 72 6 2 8
36 1458244 74 7 7 25
37 1604362 75 4 8 1
38 1844595 84 2 3 4
39 1844595 84 4 9 6
40 1844595 84 3 4 5
41 1844595 84 6 2 308
42 1844595 84 7 1 8
43 1916984 92 4 0 66
44 1929998 93 9 7 13
45 1987506 97 8 9 1843
46 1987506 97 9 9 1843
47 2098858 99 9 0 203
48 2098858 99 0 7 38
49 2289721 102 0 2 483
50 2289721 102 1 3 5
51 2289721 102 5 1 3
52 2289721 102 10 3 5
53 2323049 104 4 7 132
54 2323049 104 4 3 2306
55 2323049 104 4 2 54
56 2416587 108 4 6 7
57 2416587 108 3 10 3
58 2416587 108 0 6 7
59 2416587 108 4 10 21
60 2438364 114 6 9 34
61 2463398 116 2 10 8305
62 2487130 117 0 1 35
63 2601592 130 7 10 226
64 2693317 136 8 8 31
65 2693317 136 1 4 6084
66 2846988 137 5 0 8
67 2846988 137 2 3 9
68 2846988 137 1 6 2
69 2846988 137 3 1 38
70 2969178 150 2 4 17932
71 3144252 154 5 0 2
72 3144252 154 5 10 2
73 3144252 154 1 0 2
74 3144252 154 9 8 21
75 3144252 154 7 3 56
76 3154441 156 1 8 23
77 3340975 160 0 4 19
78 3340975 160 8 5 11
79 3340975 160 0 10 5
80 3340975 160 9 0 11
81 3340975 160 1 2 210
82 3340975 160 9 1 1
83 3407790 162 6 0 1899
84 3407790 162 5 0 1899
85 3407790 162 7 7 675
86 3408434 163 4 3 297
87 3439252 165 10 4 73
88 3494833 173 4 2 87
89 3525807 174 5 6 24
90 3591860 177 3 0 359
91 3591860 177 0 9 9
92 3602894 181 9 0 206
93 3603977 182 5 6 2663
94 3655197 190 10 10 8155
95 3681034 192 3 3 5872
96 3685853 194 3 3 63
97 3832609 198 0 3 2
98 3832609 198 10 0 5
99 3832609 198 1 1 4
100 3832609 198 5 1 9
101 3890402 203 7 10 2495
102 3982615 216 6 5 29
103 4009872 220 0 5 2340
104 4114332 229 6 1 1
105 4198378 230 8 9 29
106 4198378 230 8 3 136
107 4198378 230 3 9 29
108 4361300 233 6 1 4
109 4361300 233 8 5 9
110 4361300 233 10 5 4
111 4361300 233 10 3 12
112 4370564 235 2 7 17
113 4434337 237 4 3 1
114 4434337 237 4 4 4
115 4629627 241 7 1 6
116 4629627 241 4 5 1682
117 4629627 241 7 7 6
118 4629627 241 9 0 9
119 4639361 244 2 1 1
120 4639361 244 4 1 1
121 4756928 259 0 7 51
122 4756928 259 8 5 600
123 4942045 262 4 6 17
124 4942045 262 4 0 69
125 4942045 262 4 10 18
126 4942045 262 0 7 1
127 4942045 262 8 1 30
128 4965197 263 9 10 1524
129 5005080 269 4 9 210
130 5041441 279 0 10 162
131 5068310 282 8 5 23
132 5094785 285 4 6 319
133 5386722 287 10 1 3
134 5386722 287 1 7 807
135 5386722 287 10 9 1
136 5386722 287 7 6 24
137 5386722 287 6 10 7
138 5386722 287 6 1 15
139 5495558 291 6 6 409
140 5495558 291 3 3 844
141 5495558 291 1 0 1
142 5495558 291 0 0 33
143 5595323 292 1 10 2
144 5675550 301 1 6 4864
145 5788459 303 10 0 1
146 5788459 303 2 7 1
147 5857139 304 3 7 25
148 5870394 305 7 7 38
149 5930173 311 6 4 133
150 5930173 311 3 10 57
151 5939988 316 0 4 43
152 6094541 317 1 4 32
153 6094541 317 7 2 1697
154 6094541 317 6 2 565
155 6094541 317 6 4 10
156 6094541 317 8 8 83
157 6094541 317 3 7 1004
158 6150967 324 7 9 95
159 6150967 324 10 5 7
160 6169870 327 3 3 686
161 6239035 328 1 8 44
162 6239035 328 0 3 1
163 6239035 328 3 0 1
164 6239035 328 2 5 297
165 6264581 330 0 9 26
166 6285529 335 1 8 44
167 6424248 340 9 1 3
168 6424248 340 0 4 1
169 6436216 342 7 4 33
170 6436877 343 6 4 129
171 6474134 349 5 6 568
172 6578990 365 3 3 670
173 6702288 370 5 9 23
174 6702288 370 0 8 6
175 6702288 370 6 9 23
176 6715788 375 9 0 228
177 6770035 380 10 4 157
178 6773812 381 9 6 9029
179 7011140 390 1 4 27
180 7011140 390 0 0 14
181 7011140 390 6 7 6
182 7011140 390 9 1 110
183 7011140 390 3 10 26
184 7069256 392 2 2 58
185 7069256 392 7 5 1283
186 7069256 392 4 4 427
187 7276795 395 8 8 33
188 7276795 395 3 5 177
189 7276795 395 4 0 881
190 7276795 395 2 3 10
191 7276795 395 0 4 1
192 7384449 402 9 9 42
193 7384449 402 2 9 21
194 7384449 402 9 1 1815
195 7384449 402 9 7 35
196 7384449 402 9 2 1
197 7410808 406 1 10 204
198 7440064 407 2 6 71
199 7580094 409 6 0 528
200 7580094 409 8 0 1056
201 7656233 413 9 8 10548
202 7656233 413 2 8 5274
203 7656233 413 9 0 144
204 7672299 419 3 8 77
205 7685423 420 6 10 64
206 7996594 428 9 3 3
207 7996594 428 3 3 3
208 7996594 428 0 0 9
209 7996594 428 10 6 1
210 8136422 430 9 3 8
211 8136422 430 0 3 2
212 8136422 430 2 5 8
213 8136422 430 0 8 2
214 8136422 430 4 4 3
215 8153475 434 3 2 37
216 8170779 435 0 1 108
217 8366884 457 5 6 6
218 8366884 457 8 7 1
219 8366884 457 0 5 64
220 8419813 460 1 6 9
221 8527943 461 4 0 1
222 8542782 465 3 0 20
223 8881632 466 1 4 217
224 8881632 466 5 10 4
225 8881632 466 7 5 1
226 8881632 466 0 3 1801
227 8881632 466 7 9 12
228 8881632 466 4 10 2
229 8881632 466 10 10 4
230 8881632 466 8 0 7
231 8965524 467 4 5 5
232 8998042 470 9 2 75
233 9036497 472 6 0 14
234 9131521 473 5 7 3
235 9131521 473 9 2 7
236 9425780 475 7 1 10
237 9425780 475 1 0 6
238 9425780 475 7 4 1
239 9425780 475 2 8 2
240 9425780 475 4 7 4
241 9425780 475 3 2 1
242 9425780 475 9 1 6
243 9425780 475 4 6 6
244 9428799 476 6 10 30
245 9457492 477 2 5 349
246 9479885 479 0 9 1
247 9500214 483 7 10 8
248 9871346 498 7 6 1
249 9871346 498 8 5 175
250 9871346 498 2 7 7
251 9871346 498 8 9 1
252 9871346 498 5 5 702
253 9871346 498 4 9 1
254 9871346 498 8 2 4
255 9871346 498 1 0 10
256 9871346 498 0 4 50
257 9894223 499 7 5 7680
258 10075107 507 10 7 72
259 10075107 507 10 0 3
260 10075107 507 0 9 7
261 10075107 507 3 6 3
262 10303694 513 3 2 6
263 10303694 513 6 7 11
264 10303694 513 4 10 102
265 10303694 513 2 4 200
266 10337864 516 2 3 1
267 10389449 534 3 4 114
268 10426471 539 10 1 6
269 10464168 542 1 4 16
270 10490720 547 4 1 2357
271 10496693 549 8 5 792
272 10517918 550 4 6 31
273 10857461 555 4 6 47
274 10857461 555 10 4 829
275 10857461 555 2 3 202
276 10857461 555 3 5 1
277 10857461 555 3 6 47
278 10986467 557 3 1 215
279 11228506 569 9 9 2
280 11228506 569 1 0 52
281 11228506 569 6 10 12
282 11241866 573 2 5 6
283 11410042 582 4 9 88
284 11435822 583 6 3 83
285 11461376 588 4 3 51
286 11597988 602 6 8 259
287 11597988 602 8 2 848
288 11923717 612 9 0 1427
289 11923717 612 5 0 214
290 11923717 612 1 6 1
291 11923717 612 2 6 40
292 11923717 612 10 2 448
293 11944924 613 3 2 20
294 11944924 613 3 6 58
295 12183210 616 8 7 200
296 12183210 616 7 6 36
297 12183210 616 1 9 5
298 12183210 616 6 3 145
299 12183210 616 2 2 1
300 12183210 616 1 0 1483
301 12183210 616 10 9 2
302 12183210 616 9 5 1227
303 12183210 616 7 4 1
304 12183210 616 2 4 1
305 12183210 616 4 10 6839
306 12183210 616 1 1 18
307 12183210 616 8 4 1
308 12264573 626 2 7 117
309 12298343 628 1 3 228
310 12298343 628 1 9 181
311 12323909 631 9 5 232
312 12383487 633 5 6 85
313 12394837 634 7 5 82
314 12394837 634 7 2 95
315 12591165 644 10 6 1
316 12591165 644 7 5 10
317 12591165 644 6 5 15
318 12593109 645 4 8 20
319 12605095 651 5 8 25
320 12648647 666 1 3 75
321 12863405 671 0 6 8
322 12863405 671 9 2 6
323 12863405 671 1 6 16
324 12868028 672 8 5 20
325 12910606 677 6 8 67
326 12947475 681 4 4 1319
327 12947475 681 1 5 12
328 13106943 683 2 5 1
329 13106943 683 6 7 548
330 13106943 683 1 1 50
331 13106943 683 4 6 10
332 13106943 683 1 3 29
333 13106943 683 3 8 23
334 13121075 687 5 8 7
335 13305767 692 6 5 222
336 13328365 693 8 5 224
337 13643581 695 4 3 4
338 13643581 695 0 6 38
339 13643581 695 7 10 5
340 13643581 695 10 4 1
341 13643581 695 6 8 1
342 13766423 701 1 2 3
343 13828201 702 0 4 649
344 13828201 702 4 9 6
345 13828201 702 0 3 1
346 13828201 702 3 10 17
347 13828201 702 4 4 649
348 14107042 718 3 3 31
349 14107042 718 2 7 23
350 14107042 718 1 3 15
351 14211682 727 6 7 2
352 14222442 730 0 2 68
353 14296617 732 5 0 4
354 14296617 732 7 2 240
355 14369308 735 6 5 36
356 14369308 735 6 6 3
357 14392419 737 10 0 88
358 14392419 737 5 0 44
359 14420371 739 10 8 67
360 14587226 741 3 0 544
361 14587226 741 7 6 5
362 14653403 749 10 0 33
363 14800111 751 10 6 950
364 14800111 751 1 8 1
365 14800111 751 6 3 242
366 14800111 751 3 7 14
367 14864416 755 9 8 92
368 14864416 755 9 4 137
369 14905194 757 8 5 578
370 14931468 762 9 1 36
371 15023276 766 6 7 3
372 15023276 766 4 3 1
373 15023276 766 2 4 48
374 15023276 766 4 4 32
375 15087889 768 0 5 373
376 15087889 768 8 4 59
377 15092627 772 1 1 94
378 15125261 776 6 10 137
379 15146960 778 6 9 7
380 15146960 778 2 9 7
381 15146960 778 3 1 279
382 15146960 778 1 1 837
383 15166058 780 0 5 4
384 15252127 802 10 5 226
385 15252188 803 8 3 11335
386 15345727 819 4 3 21
387 15635247 822 5 7 138
388 15635247 822 6 5 26
389 15635247 822 8 3 13
390 15635247 822 1 3 3
391 15635247 822 9 4 1
392 15635247 822 6 0 4
393 15635247 822 8 6 4
394 15635247 822 9 8 239
395 15635247 822 4 6 8
396 15635247 822 7 9 3
397 15635247 822 1 6 4
398 15635247 822 0 0 1
399 15635247 822 4 10 1
400 15864535 823 9 0 8
401 15864535 823 3 8 10
402 15864535 823 3 7 3756
403 15864535 823 10 2 12
404 15864535 823 5 10 1
405 15864535 823 10 7 751
406 15937204 825 4 4 187
407 15937204 825 6 0 115
408 15937204 825 0 1 19
409 15978414 830 0 9 32
410 15978414 830 2 1 24
411 16031133 833 7 5 22
412 16031133 833 7 1 62
413 16077128 837 8 9 19
414 16118407 842 1 8 2391
415 16143216 845 3 7 4
416 16162869 846 5 8 80
417 16166885 849 7 10 39
418 16266338 861 3 8 8
419 16444665 864 10 7 1
420 16444665 864 2 7 1
421 16444665 864 3 10 172
422 16444665 864 9 4 5
423 16444665 864 8 4 5
424 16465135 870 7 3 46
425 16486243 871 5 9 3
426 16496765 873 8 2 1986
427 16526212 874 2 0 171
428 16526212 874 2 5 668
429 16526212 874 2 8 183
430 16549652 879 1 5 24
431 16695714 886 0 0 118
432 16695714 886 1 4 1
433 16695714 886 5 0 59
434 16718242 888 10 9 16
435 16844396 894 7 10 33
436 16844396 894 8 5 30
437 16844396 894 9 2 35
438 16844396 894 7 2 5
439 16844396 894 5 3 6
440 16844396 894 6 9 71
441 16926215 897 0 6 1763
442 16951983 899 6 10 114
443 16971769 901 3 2 517
444 17084980 907 4 3 18
445 17134564 911 1 0 682
446 17162244 913 2 2 19
447 17167877 914 4 3 171
448 17216524 919 4 1 1
449 17222441 920 6 9 28
450 17257148 924 8 6 3
451 17583066 929 0 9 8
452 17583066 929 8 2 21
453 17583066 929 2 5 454
454 17583066 929 0 0 5
455 17583066 929 2 0 2
456 17583066 929 2 6 218
457 17583066 929 5 6 54
458 17583066 929 0 7 2
459 17583066 929 8 4 1756
460 17583066 929 10 8 4
461 17583066 929 8 10 2
462 17751930 930 6 8 928
463 17751930 930 0 8 309
464 17751930 930 8 2 7
465 17751930 930 6 4 15609
466 17904428 931 7 8 4
467 17904428 931 7 6 8
468 17904428 931 2 4 909
469 17904428 931 0 8 4
470 17904428 931 10 0 3169
471 17904428 931 3 10 2703
472 17904428 931 8 7 45
473 18005337 932 3 9 4
474 18337617 941 3 8 2
475 18337617 941 7 9 1305
476 18337617 941 1 2 2
477 18337617 941 4 1 192
478 18337617 941 8 9 1305
479 18337617 941 0 3 1
480 18337617 941 6 3 1
481 18337617 941 3 7 2
482 18337617 941 8 2 2
483 18337617 941 3 5 13
484 18337617 941 0 10 18
485 18416960 954 10 1 315
486 18469137 959 10 1 1320
487 18697348 967 4 3 16
488 18697348 967 6 10 27
489 18697348 967 1 1 369
490 18697348 967 5 7 486
491 18722555 970 8 6 37
492 18722555 970 4 4 50
493 18808706 973 2 0 8
494 18808706 973 0 9 112
495 18808706 973 2 10 26
496 18816597 975 8 8 3
497 18851505 980 7 10 306
498 18851505 980 10 10 306
499 18950306 994 3 1 1
