11 239 500
0 91994 3 9 1 84
1 91994 3 9 2 11041
2 91994 3 5 6 284
3 106483 4 2 0 15
4 108126 5 9 8 2075
5 168158 9 7 5 35
6 168158 9 1 8 2
7 168158 9 1 6 23
8 168158 9 7 8 2
9 236064 13 3 1 265
10 236064 13 5 1 530
11 244086 16 4 4 11
12 308835 17 6 8 1
13 322229 18 1 2 19
14 322229 18 1 3 19564
15 376726 25 4 0 1977
16 426681 29 2 9 94
17 426681 29 10 6 2425
18 426681 29 2 3 99
19 509199 41 10 7 58
20 520972 44 1 0 118
21 543883 50 1 8 12
22 543883 50 2 0 44
23 688153 51 2 2 5
24 688153 51 2 8 3
25 688153 51 5 7 5
26 688153 51 9 10 1
27 688153 51 8 9 1
28 689242 52 9 4 249
29 692433 55 0 9 3923
30 704781 58 8 2 1566
31 776492 59 5 6 19
32 776492 59 2 2 204
33 871506 72 6 0 6120
34 962617 75 1 10 3
35 962617 75 9 5 115
36 962617 75 9 6 14
37 1106757 84 3 1 24
38 1106757 84 3 9 1
39 1106757 84 4 5 4
40 1106757 84 6 6 1
41 1106757 84 6 4 5
42 1106757 84 3 4 5
43 1106757 84 7 9 1
44 1136677 89 7 0 56
45 1136677 89 7 10 53
46 1149939 91 6 2 2201
47 1150190 92 9 0 133
48 1168516 94 8 5 756
49 1259315 99 7 3 63
50 1373832 102 7 9 9
51 1373832 102 5 2 483
52 1373832 102 4 0 35
53 1373832 102 7 3 5
54 1373832 102 2 3 17
55 1393829 104 4 7 132
56 1393829 104 4 6 5599
57 1449952 108 6 2 1
58 1449952 108 8 10 3
59 1449952 108 4 5 90
60 1449952 108 6 6 7
61 1449952 108 6 4 68
62 1492278 117 0 3 30
63 1509077 118 0 2 55
64 1559623 129 4 10 22
65 1576024 132 5 1 6
66 1615990 136 1 10 32
67 1615990 136 8 9 9
68 1708193 137 3 4 99
69 1708193 137 4 8 4
70 1708193 137 0 4 199
71 1708193 137 4 1 25
72 1708193 137 8 3 48
73 1709703 138 9 5 109
74 1886551 154 8 6 230
75 1886551 154 5 8 21
76 1886551 154 3 7 1284
77 1886551 154 5 0 2
78 1886551 154 4 5 69
79 2004585 160 5 8 306
80 2004585 160 8 3 10
81 2004585 160 1 2 210
82 2004585 160 0 9 9
83 2004585 160 6 1 1
84 2004585 160 5 6 2
85 2044674 162 3 4 15
86 2044674 162 7 0 3799
87 2044674 162 10 3 382
88 2044674 162 6 0 1899
89 2063551 165 7 4 29
90 2064642 166 10 4 13
91 2064642 166 7 4 13
92 2086128 170 3 10 19
93 2115484 174 7 2 9
94 2156901 178 7 0 104
95 2182768 187 7 2 8
96 2193118 190 8 10 8155
97 2299565 198 5 0 5
98 2299565 198 3 4 2
99 2299565 198 5 5 1
100 2299565 198 2 6 334
101 2299565 198 3 5 1
102 2334241 203 7 9 14
103 2339212 205 0 3 62
104 2381508 210 3 3 1
105 2385901 212 2 6 14
106 2389569 216 9 5 2
107 2468599 229 6 4 17
108 2519027 230 0 9 29
109 2519027 230 8 5 3
110 2523037 231 7 6 2
111 2616780 233 6 3 5
112 2630511 236 9 6 55
113 2660602 237 4 1 55
114 2660602 237 10 7 51
115 2777776 241 9 2 5857
116 2777776 241 7 3 1
117 2777776 241 1 5 3364
118 2777776 241 4 3 1
119 2783616 244 1 1 1
120 2854156 259 10 3 623
121 2854156 259 1 0 14
122 2854156 259 6 1 1783
123 2965227 262 8 1 30
124 2965227 262 8 3 1
125 2965227 262 8 0 9
126 3040986 282 8 1 106
127 3056871 285 4 5 15527
128 3056871 285 4 6 319
129 3058263 286 10 1 210
130 3232033 287 3 9 1
131 3232033 287 1 0 5
132 3232033 287 0 9 1
133 3232033 287 4 4 2
134 3232033 287 8 10 7
135 3232033 287 5 7 807
136 3297335 291 1 2 3435
137 3357194 292 5 0 6
138 3398437 298 9 1 12
139 3398437 298 1 1 12
140 3473075 303 1 8 973
141 3473075 303 1 0 1
142 3473075 303 9 0 1
143 3473075 303 1 7 3
144 3514283 304 2 8 40
145 3539797 308 6 9 224
146 3539797 308 6 3 284
147 3546601 310 7 1 442
148 3656724 317 8 7 2009
149 3656724 317 1 7 2009
150 3656724 317 2 0 4
151 3656724 317 8 3 382
152 3656724 317 3 4 10
153 3656724 317 5 5 5789
154 3690580 324 7 9 95
155 3690580 324 8 5 7
156 3743421 328 8 3 2
157 3743421 328 0 0 1
158 3743421 328 2 5 297
159 3758751 331 3 3 56
160 3771317 335 1 6 179
161 3784795 337 4 2 67
162 3784795 337 4 0 12758
163 3854548 340 9 7 2998
164 3905787 353 0 0 27082
165 3910119 356 6 0 96
166 3980764 369 10 3 6
167 3980764 369 6 0 34
168 3980764 369 9 0 34
169 3980764 369 1 8 28
170 4021372 370 0 10 11
171 4021372 370 1 3 30
172 4031104 378 10 6 120
173 4064287 381 9 6 9029
174 4070179 385 2 6 17811
175 4206684 390 2 8 767
176 4206684 390 2 9 6824
177 4206684 390 1 9 174
178 4206684 390 3 4 27
179 4246065 393 8 1 46
180 4366077 395 10 7 1
181 4366077 395 6 0 440
182 4366077 395 8 5 177
183 4366077 395 2 3 10
184 4366077 395 1 7 41
185 4366077 395 2 6 54
186 4430669 402 9 2 1
187 4464038 407 2 7 98
188 4548056 409 1 2 11
189 4548056 409 1 3 7
190 4548056 409 1 9 30
191 4560486 412 7 1 86
192 4593740 413 2 6 214
193 4593740 413 9 6 10095
194 4593740 413 2 4 4707
195 4655022 427 10 2 48
196 4797956 428 9 5 822
197 4797956 428 8 4 21
198 4797956 428 9 8 2
199 4797956 428 2 3 3
200 4797956 428 3 10 4
201 4797956 428 4 0 1
202 4797956 428 4 1 2673
203 4797956 428 8 9 1
204 4797956 428 9 6 1
205 4797956 428 4 6 1
206 4797956 428 1 4 1
207 4797956 428 6 6 1
208 4797956 428 4 3 3
209 4881853 430 10 5 33
210 4881853 430 8 6 190
211 4881853 430 7 8 5
212 4881853 430 9 8 1
213 4902467 435 7 1 108
214 4932441 445 7 0 52
215 5020130 457 8 4 1
216 5020130 457 4 1 1
217 5051888 460 1 5 102
218 5051888 460 1 2 8
219 5328979 466 6 5 1
220 5328979 466 7 10 2
221 5328979 466 3 10 2
222 5328979 466 0 1 14
223 5328979 466 8 0 7
224 5328979 466 7 0 15
225 5379314 467 4 6 6
226 5379314 467 9 9 8
227 5379314 467 9 0 3875
228 5393131 468 7 3 165
229 5421898 472 7 0 7
230 5421898 472 1 0 7
231 5478912 473 0 10 1
232 5655468 475 8 3 1
233 5655468 475 9 4 1
234 5655468 475 2 1 3
235 5655468 475 8 0 1
236 5655468 475 4 3 1
237 5655468 475 7 9 5
238 5655468 475 10 1 13
239 5655468 475 3 7 4
240 5655468 475 8 6 4
241 5655468 475 8 7 4
242 5674495 477 2 4 41
243 5674495 477 2 6 69
244 5700128 483 5 10 8
245 5701229 485 2 0 117
246 5721613 487 5 7 808
247 5743903 489 2 4 48
248 5743903 489 3 7 5
249 5922807 498 2 4 50
250 5922807 498 1 6 1
251 5922807 498 6 9 1
252 5922807 498 5 10 13
253 5922807 498 3 0 10
254 5936534 499 7 5 7680
255 5936534 499 7 0 5705
256 6045064 507 1 0 6
257 6045064 507 8 3 2
258 6045064 507 6 8 26
259 6045064 507 7 2 5
260 6082496 510 6 2 40
261 6182216 513 10 9 20
262 6182216 513 6 6 80
263 6182216 513 6 7 11
264 6182216 513 3 8 1009
265 6182871 514 9 9 87
266 6202718 516 5 3 1
267 6202718 516 8 3 12
268 6206024 519 5 10 44
269 6226919 530 3 10 50
270 6278771 543 7 4 113
271 6294432 547 4 2 327
272 6310750 550 1 6 6
273 6339584 552 5 0 76
274 6514476 555 5 4 3318
275 6514476 555 1 9 2
276 6514476 555 5 0 1
277 6514476 555 5 2 876
278 6577440 556 0 7 15
279 6577440 556 0 4 4
280 6591880 557 3 6 36
281 6609793 558 1 8 329
282 6638398 562 10 7 2
283 6737104 569 7 1 1
284 6737104 569 9 1 1
285 6805600 576 1 4 37
286 6805600 576 6 6 9
287 6861493 583 6 3 83
288 6861493 583 6 1 2272
289 6876825 588 4 3 51
290 6888946 591 3 10 5
291 6902313 598 4 6 39008
292 6958793 602 8 8 3636
293 6958793 602 6 1 81
294 6981566 606 10 0 183
295 6985107 608 8 4 11
296 7002878 611 1 2 8
297 7154230 612 6 7 2539
298 7154230 612 9 0 1427
299 7154230 612 2 5 120
300 7154230 612 7 1 3
301 7154230 612 9 5 120
302 7154230 612 0 2 897
303 7166954 613 3 3 19596
304 7309926 616 8 6 36
305 7309926 616 1 5 1227
306 7309926 616 7 1 1
307 7338655 624 2 5 2839
308 7339880 625 7 0 104
309 7379006 628 1 3 228
310 7454852 637 4 10 24
311 7554699 644 9 1 6
312 7554699 644 6 5 15
313 7554699 644 10 7 92
314 7554699 644 0 2 152
315 7583794 661 9 0 13
316 7583915 663 1 1 14315
317 7589188 666 4 3 2
318 7718043 671 4 8 5
319 7718043 671 1 0 1
320 7718043 671 0 6 8
321 7742083 675 2 7 2702
322 7754514 678 8 9 660
323 7864166 683 0 7 3841
324 7864166 683 10 9 30
325 7864166 683 5 1 25
326 7864166 683 1 6 20
327 7864166 683 0 0 1
328 7941492 690 0 10 48
329 7983460 692 10 1 48
330 7983460 692 7 7 181
331 7983460 692 2 6 43
332 7997019 693 8 10 1001
333 8186148 695 5 6 1
334 8186148 695 6 5 49
335 8186148 695 4 0 21
336 8186148 695 1 9 214
337 8186148 695 4 4 1
338 8186148 695 9 7 1
339 8186148 695 6 9 1503
340 8237005 698 10 7 2
341 8237005 698 5 8 43
342 8237005 698 10 8 312
343 8334330 703 2 3 37
344 8334330 703 9 7 548
345 8365879 710 3 7 220
346 8387790 714 2 2 9758
347 8464225 718 3 8 2911
348 8464225 718 8 1 39
349 8464225 718 0 0 1
350 8464225 718 8 9 31
351 8467092 721 4 10 231
352 8497608 723 6 4 174
353 8497608 723 6 2 3584
354 8497608 723 3 8 7
355 8529534 729 1 6 6073
356 8577970 732 9 8 39
357 8577970 732 5 5 26
358 8621585 735 9 1 6
359 8752336 741 0 5 147
360 8752336 741 0 0 15797
361 8752336 741 9 5 11
362 8771405 744 8 7 169
363 8792041 749 10 0 33
364 8880066 751 10 3 242
365 8880066 751 8 3 485
366 8880066 751 6 4 13
367 8880066 751 9 2 119
368 8880066 751 5 5 12
369 8880066 751 6 9 15
370 8950517 760 5 0 1472
371 8956869 761 2 5 45
372 8956869 761 8 5 91
373 9013965 766 7 10 7
374 9017682 767 6 8 67
375 9052733 768 0 1 41
376 9052733 768 0 2 36
377 9055576 772 1 1 94
378 9065423 773 4 10 87
379 9089710 779 2 1 1518
380 9099635 780 0 5 4
381 9099635 780 2 1 117
382 9117926 787 6 4 33
383 9122642 789 3 2 30
384 9127271 794 4 6 74
385 9145112 798 4 10 193
386 9145142 799 2 10 54
387 9151276 802 10 5 226
388 9180449 812 1 5 1916
389 9381148 822 7 6 13
390 9381148 822 4 4 28
391 9381148 822 2 6 8
392 9381148 822 4 7 138
393 9381148 822 3 7 414
394 9381148 822 7 5 52
395 9381148 822 7 9 3
396 9381148 822 2 4 5
397 9381148 822 10 0 1
398 9518721 823 5 2 6
399 9518721 823 8 2 6
400 9518721 823 2 10 1
401 9518721 823 3 2 6
402 9518721 823 3 10 1
403 9518721 823 2 7 751
404 9518721 823 3 5 599
405 9562322 825 10 4 62
406 9562322 825 6 0 115
407 9562322 825 4 4 187
408 9562322 825 1 1 19
409 9618679 833 7 4 24511
410 9638897 834 1 9 51
411 9638897 834 1 5 908
412 9640373 836 1 3 86
413 9685929 845 5 7 51
414 9697721 846 5 3 96
415 9697721 846 5 7 59
416 9710996 855 2 0 234
417 9729986 857 9 10 21849
418 9745011 859 6 7 207
419 9759803 861 3 7 1201
420 9762464 862 9 9 70
421 9866799 864 0 10 517
422 9866799 864 1 8 226
423 9866799 864 7 5 30
424 9866799 864 10 8 113
425 9915727 874 2 7 312
426 10017428 886 1 3 48
427 10017428 886 8 1 11
428 10030945 888 10 8 196
429 10106638 894 7 8 1
430 10106638 894 6 5 2
431 10106638 894 8 5 30
432 10150385 896 2 0 1968
433 10159647 898 1 1 158
434 10183061 901 0 3 1484
435 10183240 902 5 10 39173
436 10219583 906 8 8 271
437 10316041 918 1 8 100
438 10329914 919 10 1 2
439 10329914 919 0 1 1
440 10333464 920 6 9 28
441 10378870 928 1 10 51
442 10549840 929 8 0 25
443 10549840 929 4 5 227
444 10549840 929 5 1 2
445 10549840 929 9 3 3
446 10549840 929 2 6 218
447 10549840 929 0 4 878
448 10549840 929 2 10 30
449 10549840 929 2 9 4
450 10549840 929 2 3 13
451 10651158 930 7 3 15
452 10651158 930 7 1 14
453 10742656 931 4 0 3169
454 10742656 931 1 9 2119
455 10742656 931 7 5 2443
456 10803202 932 8 2 902
457 10803202 932 8 0 2
458 10809389 934 1 7 15
459 10830555 939 8 8 28526
460 10840326 940 0 10 1313
461 11002570 941 2 9 1305
462 11002570 941 4 8 1
463 11002570 941 5 4 1
464 11002570 941 1 10 36
465 11002570 941 10 8 1
466 11002570 941 8 1 96
467 11002570 941 0 3 1
468 11002570 941 8 6 2
469 11002570 941 1 8 1
470 11002570 941 10 10 36
471 11002570 941 1 3 1
472 11002570 941 0 0 5
473 11002570 941 7 7 2
474 11002570 941 0 1 96
475 11002570 941 7 3 1
476 11004977 943 4 0 2
477 11024936 948 0 1 107
478 11029194 949 2 4 3132
479 11098288 961 1 5 343
480 11098288 961 6 5 2407
481 11102174 964 2 8 204
482 11105333 966 4 5 3957
483 11218408 967 6 4 14
484 11218408 967 0 3 4
485 11218408 967 5 7 486
486 11218408 967 6 6 3080
487 11218408 967 5 4 14
488 11218408 967 4 7 243
489 11218408 967 1 1 369
490 11233533 970 8 6 37
491 11233533 970 8 4 16
492 11285223 973 0 3 3
493 11289958 975 6 8 1
494 11329601 992 0 10 8980
495 11345090 993 4 9 48
496 11345090 993 4 0 4812
497 11345090 993 4 1 115
498 11370183 994 5 4 38
499 11380427 997 0 3 22
