11 247 500
0 24103 0 1 7 23
1 25658 2 0 10 1004
2 91994 3 5 5 113
3 108126 5 9 8 2075
4 168158 9 4 8 2
5 236064 13 5 1 530
6 236064 13 7 8 3
7 308835 17 10 7 2
8 308835 17 5 7 2
9 308835 17 10 1 44
10 308835 17 10 3 93
11 322229 18 1 3 19564
12 362511 21 4 10 27
13 362511 21 3 2 1009
14 362511 21 3 5 18
15 426681 29 2 1 11
16 426681 29 10 9 5
17 426681 29 10 4 20
18 429966 30 6 6 11
19 438266 31 4 6 1
20 443025 32 7 4 14
21 467198 37 0 9 2107
22 467198 37 6 10 4
23 467198 37 4 0 25
24 482130 38 7 1 190
25 482130 38 10 1 381
26 489413 39 6 5 20
27 520972 44 1 2 89
28 543883 50 1 3 14
29 543883 50 9 3 14
30 688153 51 7 2 5
31 688153 51 2 5 8
32 688153 51 10 0 64
33 688153 51 0 4 15
34 688153 51 9 4 31
35 776492 59 2 2 204
36 776492 59 2 5 14
37 776492 59 1 10 3
38 793793 63 8 5 77
39 817570 66 0 5 116
40 823842 68 5 4 1
41 849871 70 4 8 43
42 962617 75 8 7 3
43 962617 75 10 9 1
44 962617 75 0 8 1
45 962617 75 7 10 7
46 962617 75 0 5 115
47 962617 75 0 1 591
48 963517 76 9 3 98
49 974418 77 9 4 42
50 1106757 84 2 5 71
51 1106757 84 3 5 4
52 1106757 84 10 4 10
53 1106757 84 6 3 17
54 1106757 84 4 5 4
55 1106757 84 2 8 1
56 1149939 91 4 2 550
57 1149939 91 1 2 10456
58 1168516 94 2 5 756
59 1259315 99 9 10 3070
60 1259315 99 9 4 28
61 1261110 100 7 2 57
62 1373832 102 7 9 9
63 1373832 102 10 3 5
64 1373832 102 1 6 1
65 1373832 102 8 1 91
66 1373832 102 9 6 7
67 1373832 102 10 4 8
68 1373832 102 10 5 57
69 1373832 102 6 5 14
70 1373832 102 1 3 5
71 1373832 102 2 10 21
72 1393829 104 4 6 5599
73 1393829 104 4 10 38979
74 1449952 108 5 4 34
75 1449952 108 4 0 226
76 1456943 110 3 4 18
77 1456943 110 3 8 100
78 1461192 112 9 1 2
79 1478038 116 2 0 61
80 1478038 116 2 7 208
81 1492278 117 0 10 1361
82 1523469 124 1 3 7
83 1576024 132 0 7 7571
84 1576024 132 6 0 21
85 1587131 134 0 3 7
86 1708193 137 2 2 63
87 1736398 143 0 2 200
88 1781507 150 2 4 17932
89 1886551 154 2 4 10
90 1886551 154 4 0 4
91 1886551 154 9 5 69
92 1886551 154 10 10 1
93 1886551 154 7 7 642
94 2004585 160 8 6 5
95 2004585 160 4 7 1
96 2004585 160 7 0 11
97 2004585 160 7 5 5
98 2044674 162 7 7 675
99 2044674 162 0 7 1351
100 2063551 165 5 5 110
101 2070051 168 8 2 30
102 2095971 172 6 10 36
103 2096900 173 4 2 87
104 2115484 174 0 7 14
105 2115484 174 6 6 96
106 2155116 177 3 9 9
107 2208620 192 3 7 6128
108 2299565 198 0 1 4
109 2299565 198 1 8 11
110 2299565 198 8 3 2
111 2309382 202 3 5 21864
112 2334241 203 8 8 45
113 2334241 203 7 4 4534
114 2334241 203 8 0 228
115 2334241 203 8 2 64
116 2381508 210 7 3 1
117 2416558 223 3 9 2
118 2468599 229 6 8 118
119 2519027 230 0 8 16
120 2519027 230 0 4 78
121 2519027 230 0 10 8
122 2616780 233 9 1 8
123 2616780 233 3 1 141
124 2616780 233 8 10 9
125 2660602 237 4 4 4
126 2660602 237 4 3 1
127 2662865 238 3 9 432
128 2777776 241 6 4 14
129 2788884 246 7 0 7
130 2854156 259 1 10 622
131 2854156 259 2 1 1783
132 2965227 262 2 8 7
133 3056871 285 4 7 350
134 3232033 287 4 6 24
135 3232033 287 5 7 807
136 3232033 287 6 5 4
137 3297335 291 6 9 731
138 3297335 291 8 6 409
139 3297335 291 0 2 3435
140 3297335 291 9 4 89
141 3357194 292 8 0 6
142 3473075 303 8 0 1
143 3473075 303 10 9 613
144 3514283 304 3 4 11
145 3539797 308 6 3 284
146 3558103 311 9 4 3
147 3656724 317 7 3 54
148 3743421 328 4 0 1
149 3743421 328 9 9 2
150 3761394 334 1 9 1536
151 3771317 335 1 1 17
152 3784795 337 4 8 4762
153 3812517 339 3 7 31
154 3812517 339 5 5 951
155 3854548 340 3 2 3
156 3854548 340 7 9 15
157 3866887 344 4 7 106
158 3884480 349 8 6 1136
159 3956452 366 0 5 1952
160 3956452 366 9 2 11
161 3961321 368 0 7 1327
162 4032160 379 3 3 2
163 4080996 387 5 9 1
164 4108874 388 0 7 60
165 4108874 388 7 2 3
166 4206684 390 4 5 20
167 4206684 390 3 4 27
168 4206684 390 1 9 174
169 4206684 390 9 5 6
170 4241553 392 0 4 427
171 4366077 395 5 7 3
172 4366077 395 7 8 33
173 4548056 409 1 1 1084
174 4548056 409 1 10 10
175 4548056 409 5 9 15
176 4548056 409 10 1 542
177 4548056 409 10 4 4
178 4548056 409 5 2 7
179 4548056 409 6 6 1
180 4548056 409 8 0 1056
181 4593740 413 9 4 9414
182 4593740 413 9 5 300
183 4597313 415 6 1 12637
184 4600908 416 8 1 2
185 4611254 420 7 8 9
186 4611254 420 9 1 29
187 4630432 422 0 7 62
188 4648333 424 7 1 86
189 4648333 424 7 0 119
190 4797956 428 3 10 4
191 4797956 428 6 7 1
192 4797956 428 5 10 4
193 4797956 428 2 9 5
194 4797956 428 5 2 1
195 4797956 428 10 1 668
196 4797956 428 2 3 3
197 4797956 428 0 7 1
198 4881853 430 9 6 190
199 4881853 430 3 1 3154
200 4881853 430 7 8 5
201 4881853 430 4 1 7361
202 4881853 430 3 5 16
203 4881853 430 8 6 190
204 4881853 430 10 0 9
205 4881853 430 0 2 18
206 4881853 430 10 2 18
207 4892085 434 3 2 37
208 4902467 435 0 6 24
209 4902467 435 2 6 24
210 4907617 439 6 7 114
211 4913342 440 4 10 4
212 4915659 442 6 1 1280
213 4922048 443 6 6 1210
214 4933229 446 8 4 28
215 4939782 449 9 6 39058
216 4946597 453 8 2 53
217 5020130 457 7 1 3
218 5020130 457 5 10 5
219 5027211 458 2 4 1978
220 5051888 460 1 3 39
221 5116766 461 8 5 283
222 5116766 461 2 7 147
223 5116766 461 8 7 1
224 5116766 461 10 8 9
225 5116766 461 7 1 11
226 5116766 461 4 6 122
227 5116766 461 2 1 11
228 5328979 466 1 7 1
229 5328979 466 7 10 2
230 5328979 466 0 10 6
231 5328979 466 6 5 1
232 5328979 466 8 5 1
233 5328979 466 6 9 4
234 5328979 466 3 7 61
235 5379314 467 2 3 1
236 5379314 467 10 8 39
237 5407791 471 1 10 923
238 5421898 472 4 0 7
239 5478912 473 5 3 14
240 5478912 473 1 7 66
241 5655468 475 0 10 10
242 5655468 475 0 5 2
243 5655468 475 8 1 3
244 5655468 475 0 0 2
245 5655468 475 10 6 1
246 5655468 475 4 9 5
247 5674549 478 8 2 76
248 5721613 487 5 5 33572
249 5743903 489 8 4 48
250 5743903 489 0 0 785
251 5922807 498 0 3 1
252 5922807 498 9 5 175
253 5922807 498 1 8 5658
254 5922807 498 8 2 4
255 5922807 498 6 4 50
256 5922807 498 0 7 7
257 5922807 498 9 3 1
258 5922807 498 10 8 514
259 5922807 498 2 6 1
260 5922807 498 9 10 261
261 5949764 504 6 8 77
262 6045064 507 8 4 1429
263 6045064 507 10 4 1429
264 6045064 507 4 2 120
265 6045064 507 1 0 6
266 6048634 508 1 8 38
267 6049708 509 2 1 115
268 6082496 510 7 2 20
269 6082496 510 7 10 87
270 6182216 513 7 0 1
271 6182216 513 2 4 200
272 6182216 513 8 3 5
273 6182216 513 5 4 300
274 6182216 513 4 3 5
275 6182216 513 7 4 200
276 6182216 513 9 5 690
277 6209006 521 1 4 152
278 6225806 529 9 9 374
279 6278501 542 1 9 38
280 6310750 550 1 6 6
281 6514476 555 9 7 3
282 6514476 555 4 9 2
283 6514476 555 0 3 202
284 6514476 555 8 5 13
285 6514476 555 8 9 11
286 6577440 556 0 8 655
287 6577440 556 9 10 335
288 6609793 558 1 2 194
289 6612238 559 1 0 608
290 6624225 561 2 10 28
291 6638398 562 10 8 7631
292 6655083 563 10 10 127
293 6737104 569 5 10 6
294 6737104 569 9 10 6
295 6737104 569 6 5 1
296 6738753 571 1 7 32
297 6745119 573 1 5 19
298 6805600 576 6 7 65
299 6805600 576 10 0 51
300 6805600 576 1 6 4
301 6805600 576 0 3 30
302 6814728 578 3 0 66
303 6815127 579 3 0 57
304 6846025 582 4 4 50
305 6861493 583 6 3 83
306 6876825 588 4 4 244
307 6888946 591 2 1 1
308 6888946 591 0 1 40
309 6893195 593 9 9 1350
310 6907681 599 7 1 186
311 6958793 602 6 5 30
312 6958793 602 6 8 259
313 6981566 606 10 7 327
314 6981566 606 10 9 101
315 6986570 610 2 3 27
316 7154230 612 6 3 1
317 7154230 612 2 8 8
318 7154230 612 1 3 1
319 7154230 612 6 0 71
320 7154230 612 7 1 3
321 7154230 612 10 7 2539
322 7154230 612 2 5 120
323 7154230 612 8 3 1
324 7154230 612 2 7 2539
325 7154230 612 4 2 448
326 7154230 612 5 8 8
327 7166954 613 3 7 12697
328 7309926 616 7 9 2
329 7309926 616 0 6 72
330 7309926 616 7 7 200
331 7334741 622 7 6 13081
332 7358744 626 2 7 117
333 7379006 628 1 5 389
334 7430092 633 5 4 225
335 7436902 634 7 6 15150
336 7436902 634 7 4 53
337 7445723 635 5 1 1250
338 7454852 637 6 10 40
339 7554699 644 3 0 8
340 7554699 644 6 6 1
341 7561368 648 9 2 178
342 7566197 655 8 3 82
343 7718043 671 3 1 4531
344 7742083 675 2 9 21
345 7754514 678 8 6 409
346 7768485 681 5 4 1319
347 7864166 683 5 3 29
348 7864166 683 9 1 25
349 7864166 683 7 7 548
350 7864166 683 1 5 4
351 7892460 689 6 4 636
352 7999108 694 4 6 1358
353 8186148 695 5 7 8
354 8186148 695 5 1 3
355 8186148 695 8 9 214
356 8186148 695 2 2 793
357 8186148 695 2 3 13
358 8186148 695 10 6 2
359 8186148 695 9 5 7
360 8186148 695 7 8 1
361 8186148 695 4 0 21
362 8186148 695 3 10 1
363 8237005 698 2 3 127
364 8237005 698 5 2 25
365 8237005 698 10 0 4
366 8259854 701 10 2 7
367 8296921 702 0 3 1
368 8349080 709 2 9 9272
369 8387790 714 2 8 105
370 8464225 718 2 9 31
371 8464225 718 10 4 275
372 8464225 718 8 1 39
373 8464225 718 6 3 15
374 8464225 718 5 8 4366
375 8497608 723 6 10 11
376 8510365 724 6 4 24
377 8527009 727 8 0 769
378 8621585 735 9 6 47
379 8624576 736 2 6 1770
380 8752336 741 1 1 989
381 8752336 741 1 4 3198
382 8752336 741 8 10 2
383 8752336 741 4 9 14
384 8752336 741 2 8 6
385 8752336 741 10 4 33
386 8880066 751 8 2 2628
387 8880066 751 2 5 25
388 8880066 751 5 1 15
389 8880066 751 9 9 15
390 8880066 751 6 1 15
391 8896046 752 7 1 168
392 8943116 757 9 1 38
393 8950517 760 5 0 1472
394 8956869 761 6 5 45
395 8956869 761 4 5 45
396 9013965 766 1 5 13
397 9013965 766 7 7 3
398 9052733 768 0 8 21
399 9052733 768 0 5 373
400 9052733 768 0 10 47
401 9088176 778 8 9 7
402 9117926 787 8 4 6
403 9165149 804 4 9 9
404 9165149 804 4 10 98
405 9203638 817 7 3 1577
406 9381148 822 7 3 5
407 9381148 822 6 7 8297
408 9381148 822 5 10 27
409 9381148 822 8 2 3
410 9381148 822 6 9 5
411 9381148 822 5 6 4
412 9518721 823 2 3 1
413 9518721 823 2 7 751
414 9518721 823 8 2 6
415 9562322 825 6 1 171
416 9562322 825 10 9 56
417 9562322 825 0 2 27
418 9562322 825 5 2 27
419 9587048 830 2 7 448
420 9638897 834 1 0 15
421 9679351 844 7 9 283
422 9700131 849 9 10 39
423 9706906 853 9 0 60
424 9729986 857 9 10 21849
425 9745011 859 6 7 207
426 9745011 859 6 1 2
427 9759803 861 3 3 2378
428 9773537 863 6 7 8
429 9866799 864 8 7 12
430 9897894 872 6 10 5
431 9929791 879 1 5 24
432 9940963 881 10 2 1685
433 9943932 885 10 5 37
434 10017428 886 8 4 1
435 10017428 886 8 0 29
436 10017428 886 3 6 8888
437 10017428 886 2 7 4
438 10017428 886 9 7 4
439 10017428 886 8 8 20
440 10150385 896 3 2 38
441 10150385 896 3 0 1968
442 10150385 896 3 9 10
443 10216669 905 9 8 95
444 10216669 905 0 8 95
445 10250988 907 2 2 1642
446 10280738 911 5 0 682
447 10280738 911 3 0 682
448 10315186 917 6 9 3
449 10316041 918 1 8 100
450 10329914 919 4 1 1
451 10354289 924 0 6 1
452 10549840 929 9 10 2
453 10549840 929 6 2 42
454 10549840 929 2 6 218
455 10549840 929 6 7 4
456 10549840 929 10 5 227
457 10549840 929 8 6 272
458 10549840 929 2 5 454
459 10549840 929 6 1 3
460 10651158 930 8 7 10
461 10651158 930 8 6 13
462 10651158 930 7 2 7
463 10651158 930 9 6 172
464 10742656 931 2 6 8
465 10742656 931 7 2 1607
466 10742656 931 2 0 11622
467 10742656 931 0 0 1056
468 10742656 931 0 2 6431
469 10803202 932 5 6 69
470 10803202 932 10 8 6
471 10813588 935 5 1 1573
472 11002570 941 1 5 13
473 11002570 941 0 6 34
474 11002570 941 9 10 18
475 11002570 941 0 0 5
476 11002570 941 8 1 96
477 11002570 941 9 3 1
478 11002570 941 1 1 1248
479 11002570 941 2 3 1
480 11024936 948 1 4 16
481 11049497 952 4 4 55
482 11081482 959 10 10 18
483 11098288 961 0 5 343
484 11104949 965 10 8 564
485 11218408 967 1 5 7
486 11218408 967 7 0 29
487 11218408 967 6 6 3080
488 11218408 967 4 4 14
489 11218408 967 4 5 7
490 11218408 967 1 1 369
491 11218408 967 0 3 4
492 11218408 967 1 4 29
493 11233533 970 4 3 16276
494 11254411 972 10 1 225
495 11285223 973 2 4 10
496 11310903 980 7 10 306
497 11316567 986 1 0 968
498 11325740 989 8 5 56
499 11370183 994 5 4 38
