11 239 500
0 20086 0 1 10 471
1 20086 0 1 4 103
2 20086 0 9 9 1
3 21382 2 0 10 1004
4 76661 3 10 2 11041
5 76661 3 5 0 2396
6 88735 4 6 8 9
7 140131 9 1 4 2
8 148691 10 4 1 8702
9 196720 13 3 4 1361
10 196720 13 5 1 530
11 197364 14 7 6 107
12 203405 16 9 4 3
13 257362 17 3 1 44
14 257362 17 6 8 1
15 257362 17 2 4 12
16 257362 17 2 2 8942
17 257362 17 5 4 12
18 268524 18 1 3 19564
19 302093 21 4 3 9711
20 308212 23 5 10 4218
21 326204 27 6 0 130
22 326204 27 0 0 1040
23 355568 29 2 3 99
24 370164 34 3 5 1261
25 389332 37 8 0 25
26 401775 38 7 1 190
27 407844 39 6 5 20
28 424333 41 10 3 35
29 436036 45 0 6 3190
30 573461 51 2 0 10
31 573461 51 5 3 15
32 573461 51 7 0 21
33 573461 51 0 8 6
34 573461 51 2 8 3
35 574368 52 9 4 249
36 647077 59 1 3 5
37 659074 61 7 4 126
38 661494 63 8 5 77
39 681309 66 0 10 2896
40 686535 68 5 4 1
41 686889 69 5 1 15911
42 726255 72 6 9 16
43 802181 75 3 3 33
44 802181 75 0 5 115
45 802181 75 6 0 11
46 922297 84 4 9 6
47 922297 84 6 9 6
48 922297 84 10 3 8
49 922297 84 10 1 16
50 922297 84 10 0 7
51 922297 84 10 4 10
52 922297 84 3 9 1
53 923067 86 7 5 3487
54 958492 92 9 0 133
55 964999 93 7 10 67
56 973763 94 5 5 756
57 1049429 99 0 1 40
58 1049429 99 9 6 70
59 1049429 99 9 9 85
60 1049429 99 0 4 28
61 1144860 102 4 10 21
62 1144860 102 7 9 9
63 1144860 102 8 6 31
64 1144860 102 2 0 70
65 1208293 108 3 2 1
66 1231699 116 2 10 8305
67 1231699 116 2 3 15961
68 1257564 118 5 7 55
69 1257564 118 2 2 2
70 1264525 123 6 3 7858
71 1269558 124 7 3 7
72 1297852 127 0 9 22699
73 1323228 135 1 6 8481
74 1346658 136 1 1 31
75 1346658 136 1 8 15
76 1423494 137 6 0 4
77 1423494 137 8 3 48
78 1434900 142 3 3 77
79 1446998 143 0 7 238
80 1484589 150 2 7 5692
81 1572126 154 0 9 11
82 1572126 154 0 8 196
83 1572904 155 1 7 3
84 1670487 160 10 5 5
85 1670487 160 5 8 306
86 1670487 160 2 8 613
87 1670487 160 0 4 19
88 1703895 162 3 1 1445
89 1703895 162 6 3 191
90 1703895 162 2 10 75
91 1719626 165 4 4 14
92 1725043 168 8 2 30
93 1738440 170 3 4 341
94 1795930 177 0 6 344
95 1795930 177 0 4 47
96 1795930 177 0 3 10858
97 1797418 178 9 0 104
98 1808767 184 3 5 54
99 1821533 189 1 7 16203
100 1840517 192 3 3 5872
101 1916304 198 0 2 2
102 1916304 198 3 6 1002
103 1916304 198 9 5 1
104 1945201 203 7 3 353
105 1945201 203 8 1 5
106 2013798 223 2 7 68
107 2022384 228 9 2 15
108 2099189 230 0 3 136
109 2099189 230 8 0 12
110 2099189 230 3 8 33
111 2099189 230 8 9 29
112 2102531 231 4 6 2
113 2180650 233 8 0 7
114 2180650 233 2 8 5
115 2180650 233 10 8 26
116 2217168 237 10 6 47
117 2314813 241 3 3 1
118 2314813 241 3 1 18
119 2314813 241 3 7 55
120 2314813 241 1 8 1
121 2319680 244 2 1 1
122 2378464 259 0 7 51
123 2471022 262 9 9 15
124 2514996 273 6 9 4
125 2547392 285 4 0 5994
126 2693361 287 2 4 1
127 2693361 287 6 6 316
128 2693361 287 3 6 24
129 2693361 287 3 10 15
130 2693361 287 7 2 3
131 2693361 287 2 2 3
132 2693361 287 9 0 1
133 2693361 287 9 4 10
134 2693361 287 10 3 5
135 2747779 291 3 7 111
136 2747779 291 2 2 6871
137 2747779 291 0 7 111
138 2797661 292 4 10 1
139 2797661 292 0 0 6
140 2797661 292 5 6 13
141 2797661 292 1 8 1090
142 2808260 296 4 7 61
143 2832031 298 9 9 5
144 2832031 298 1 5 75
145 2894229 303 9 6 1193
146 2928569 304 2 0 206
147 2936545 306 7 9 19562
148 2949831 308 6 0 160
149 2968585 315 2 10 1706
150 3047270 317 2 5 964
151 3119517 328 9 5 4162
152 3119517 328 4 3 1
153 3119517 328 6 3 1
154 3119517 328 0 3 1
155 3119517 328 8 9 2
156 3142764 335 1 8 44
157 3142764 335 1 0 231
158 3177098 339 2 7 15
159 3212124 340 6 9 153
160 3237067 349 8 6 1136
161 3244222 352 9 10 104
162 3254822 353 0 9 9
163 3283165 362 5 2 1
164 3289495 365 9 3 670
165 3289495 365 3 3 670
166 3317303 369 10 3 6
167 3351144 370 10 2 9
168 3385017 380 10 3 238
169 3424062 388 0 0 709
170 3424062 388 0 10 199
171 3426478 389 6 2 16284
172 3505570 390 8 6 459
173 3505570 390 1 3 298
174 3505570 390 9 1 110
175 3505570 390 6 7 6
176 3505570 390 7 8 767
177 3505570 390 1 9 174
178 3505570 390 5 7 3
179 3638397 395 8 10 31
180 3638397 395 6 0 440
181 3638397 395 6 8 33
182 3638397 395 8 1 33
183 3638397 395 9 4 1
184 3638397 395 4 0 881
185 3638397 395 2 4 1
186 3657318 401 1 3 1192
187 3692224 402 9 5 65
188 3692224 402 2 10 13
189 3698800 405 2 5 15
190 3720032 407 2 3 139
191 3720032 407 2 2 73
192 3720032 407 2 9 3032
193 3790047 409 10 6 11
194 3790047 409 6 7 1
195 3790047 409 10 3 1
196 3790047 409 5 1 542
197 3790047 409 8 4 782
198 3790047 409 6 0 528
199 3790047 409 8 9 15
200 3790047 409 1 7 15
201 3828116 413 2 10 7
202 3858693 422 10 3 54
203 3873611 424 7 8 143
204 3998297 428 4 6 1
205 3998297 428 7 6 2
206 3998297 428 5 7 1
207 3998297 428 1 6 1
208 3998297 428 8 6 1
209 3998297 428 3 1 1336
210 3998297 428 3 0 1
211 4068211 430 1 4 24
212 4068211 430 4 10 5
213 4068211 430 7 3 21
214 4068211 430 4 7 17
215 4101706 443 6 6 1210
216 4101706 443 6 9 43
217 4101706 443 6 5 69
218 4183442 457 2 6 6
219 4263971 461 9 7 1
220 4263971 461 0 8 9
221 4263971 461 8 0 1
222 4263971 461 6 1 34
223 4440816 466 2 0 7
224 4440816 466 10 5 1
225 4440816 466 4 2 50
226 4440816 466 0 9 20
227 4440816 466 9 2 50
228 4440816 466 2 10 2
229 4440816 466 1 4 217
230 4440816 466 4 4 434
231 4440816 466 8 0 7
232 4440816 466 9 3 1801
233 4440816 466 4 7 1
234 4440816 466 10 6 16
235 4440816 466 8 9 4
236 4482762 467 5 9 8
237 4482762 467 10 1 1
238 4482762 467 5 0 430
239 4565760 473 9 10 1
240 4712890 475 5 0 8
241 4712890 475 0 3 1
242 4712890 475 5 6 1
243 4712890 475 2 6 1
244 4712890 475 0 8 7
245 4712890 475 6 2 1
246 4712890 475 0 10 10
247 4712890 475 8 4 1
248 4712890 475 5 2 1
249 4739942 479 5 9 1
250 4768011 487 5 7 808
251 4786586 489 2 10 7526
252 4786586 489 8 4 48
253 4790943 491 2 10 39
254 4794491 492 8 7 3095
255 4935673 498 1 7 14
256 4935673 498 2 6 1
257 4935673 498 2 1 17
258 4935673 498 10 6 1
259 4935673 498 1 0 10
260 4935673 498 3 8 514
261 4935673 498 5 9 1
262 4935673 498 8 6 1
263 4935673 498 7 2 9
264 4935673 498 2 10 13
265 4935673 498 0 1 53
266 4935673 498 5 6 1
267 4947111 499 7 5 7680
268 5037553 507 2 9 7
269 5037553 507 2 10 89
270 5037553 507 0 0 12
271 5037553 507 8 9 7
272 5068746 510 7 3 4
273 5151847 513 2 7 5
274 5151847 513 6 6 80
275 5151847 513 10 1 5
276 5151847 513 1 2 6
277 5154720 515 10 1 15
278 5169967 518 8 8 52
279 5171687 519 10 10 44
280 5172341 520 0 2 1008
281 5174961 522 4 9 174
282 5179944 526 8 2 56
283 5206410 535 7 1 59
284 5248346 549 8 5 792
285 5258959 550 4 6 31
286 5428730 555 3 1 95
287 5428730 555 4 6 47
288 5428730 555 2 9 2
289 5428730 555 9 10 1
290 5428730 555 10 4 829
291 5428730 555 2 0 2
292 5428730 555 10 8 7
293 5428730 555 8 8 7
294 5481200 556 10 1 1
295 5481200 556 0 4 4
296 5556747 565 1 2 99585
297 5614253 569 3 1 1
298 5628339 575 10 8 15
299 5628339 575 6 8 15
300 5671334 576 1 0 51
301 5671334 576 10 5 2438
302 5705021 582 4 6 282
303 5730688 588 4 2 98
304 5740789 591 7 1 1
305 5749359 595 2 9 194
306 5798994 602 6 9 19
307 5817971 606 10 5 1333
308 5817971 606 10 1 70
309 5961858 612 6 3 1
310 5961858 612 6 5 240
311 5961858 612 5 3 1
312 5961858 612 6 2 448
313 5961858 612 2 0 71
314 5974876 615 2 7 39103
315 6091605 616 4 7 25228
316 6091605 616 2 4 1
317 6091605 616 1 9 5
318 6091605 616 10 0 494
319 6091605 616 5 10 854
320 6091605 616 5 2 1
321 6091605 616 1 4 1
322 6132286 626 2 9 226
323 6132286 626 2 3 6058
324 6161954 631 5 1 1
325 6191743 633 5 1 368
326 6197418 634 7 3 109
327 6295582 644 5 8 908
328 6304193 653 7 10 4838
329 6304728 654 7 5 44
330 6308115 657 7 3 56
331 6331335 668 5 1 200
332 6331335 668 5 7 18
333 6431702 671 4 7 1
334 6431702 671 8 9 8
335 6431702 671 3 9 8
336 6431702 671 10 10 4
337 6431702 671 7 0 14
338 6431702 671 9 5 30
339 6451736 675 2 3 19475
340 6451736 675 2 1 64
341 6553471 683 0 5 12
342 6553471 683 4 9 123
343 6617910 690 0 0 5775
344 6821790 695 7 4 1
345 6821790 695 3 5 7
346 6821790 695 9 9 214
347 6821790 695 0 4 1
348 6821790 695 8 9 214
349 6821790 695 0 5 14
350 6821790 695 8 4 1
351 6821790 695 6 9 1503
352 6821790 695 8 1 3
353 6864170 698 10 4 89
354 6864170 698 2 8 8
355 6864170 698 2 10 32
356 6883211 701 8 9 1
357 6883211 701 6 9 1
358 6914100 702 4 8 11
359 6914100 702 3 1 61
360 6914100 702 4 4 649
361 6945275 703 2 1 49
362 6946752 704 5 6 1995
363 6971565 710 3 1 44
364 6971565 710 3 5 9637
365 6989825 714 10 4 1126
366 7053521 718 5 9 11729
367 7054547 719 2 7 4984
368 7081340 723 3 0 39
369 7081340 723 3 8 7
370 7081340 723 3 3 52
371 7091971 724 6 8 63
372 7093331 726 3 9 3974
373 7105841 727 10 0 769
374 7148308 732 9 8 39
375 7148308 732 7 6 7
376 7210185 739 10 5 86
377 7210185 739 10 0 372
378 7293613 741 5 2 3
379 7293613 741 1 1 989
380 7293613 741 2 5 11
381 7326701 749 2 9 1
382 7400055 751 6 4 13
383 7400055 751 9 5 343
384 7400055 751 10 6 950
385 7400055 751 2 8 1
386 7413371 752 0 1 8
387 7413371 752 3 0 42
388 7452597 757 5 1 77
389 7457794 759 10 3 11
390 7465734 762 4 1 36
391 7511638 766 1 5 13
392 7511638 766 3 3 1
393 7511638 766 3 5 13
394 7543944 768 8 9 704
395 7543944 768 0 8 21
396 7605325 793 4 7 6073
397 7626094 803 8 3 11335
398 7648845 811 6 2 58
399 7650374 812 7 5 958
400 7661784 816 2 8 132
401 7669698 817 9 3 1577
402 7817623 822 8 4 1
403 7817623 822 0 8 1679
404 7817623 822 3 2 3
405 7817623 822 4 6 8
406 7932267 823 1 0 8
407 7932267 823 2 8 5
408 7932267 823 8 1 969
409 7932267 823 10 9 1
410 7932267 823 8 9 3
411 8015566 833 7 10 8
412 8015566 833 7 0 119
413 8032414 834 9 4 61
414 8043543 841 10 5 4815
415 8059203 842 1 1 148
416 8059203 842 1 10 21
417 8059203 842 1 4 6007
418 8108322 857 9 8 57
419 8120842 859 6 1 2
420 8133169 861 3 5 2029
421 8222332 864 10 7 1
422 8222332 864 0 0 7236
423 8222332 864 8 9 141
424 8222332 864 9 5 15
425 8222332 864 0 10 517
426 8222332 864 6 8 339
427 8270466 875 5 7 18
428 8274826 879 1 5 24
429 8347857 886 2 1 33
430 8347857 886 10 0 29
431 8347857 886 8 4 1
432 8347857 886 8 9 751
433 8347857 886 10 4 19
434 8347857 886 2 7 4
435 8347857 886 1 4 1
436 8347857 886 0 0 118
437 8359121 888 10 6 3020
438 8422198 894 7 5 4
439 8422198 894 6 7 54
440 8422198 894 2 5 30
441 8422198 894 4 8 1
442 8458654 896 10 2 38
443 8504653 903 1 4 337
444 8504705 904 5 6 59
445 8513891 905 0 8 95
446 8542490 907 4 7 6019
447 8554839 909 9 5 138
448 8567282 911 0 0 682
449 8583938 914 2 3 171
450 8591645 916 7 3 49
451 8612310 921 3 9 79
452 8791533 929 4 2 4
453 8791533 929 10 3 3
454 8791533 929 0 3 6
455 8791533 929 10 2 4
456 8791533 929 2 3 13
457 8791533 929 6 3 3
458 8791533 929 10 5 227
459 8791533 929 2 5 454
460 8791533 929 4 4 2635
461 8791533 929 3 1 1
462 8791533 929 4 6 54
463 8952214 931 10 2 1607
464 8952214 931 5 9 4239
465 8952214 931 3 2 81995
466 9002668 932 6 7 3
467 9002668 932 8 3 9
468 9002668 932 5 6 69
469 9002668 932 5 8 6
470 9002668 932 10 9 4
471 9002668 932 4 9 4
472 9002668 932 2 2 2708
473 9033605 940 0 4 44
474 9168808 941 9 0 22
475 9168808 941 8 9 1305
476 9168808 941 4 4 32
477 9168808 941 6 8 1
478 9168808 941 1 10 36
479 9168808 941 3 4 1
480 9168808 941 4 9 3916
481 9168808 941 4 8 1
482 9187447 948 6 7 18
483 9190995 949 10 4 3132
484 9203621 950 7 8 44
485 9248573 961 3 5 343
486 9248573 961 4 5 343
487 9248573 961 6 5 2407
488 9348674 967 4 7 243
489 9348674 967 6 6 3080
490 9348674 967 0 8 44
491 9348674 967 7 7 243
492 9348674 967 5 7 486
493 9348674 967 1 6 3080
494 9378675 972 10 7 53
495 9404353 973 0 0 2
496 9420832 979 4 7 105
497 9438116 989 7 5 56
498 9478968 995 0 10 199
499 9483689 997 0 3 22
