11 245 500
0 15064 0 1 1 3
1 57496 3 9 7 63
2 57496 3 10 7 31
3 105098 9 4 2 98
4 147540 13 8 1 265
5 147540 13 7 10 99
6 193021 17 10 3 93
7 193021 17 6 8 1
8 193021 17 9 9 658
9 193021 17 3 10 26
10 193021 17 0 8 1
11 226569 21 3 2 1009
12 226569 21 4 5 18
13 235498 26 0 8 2366
14 266676 29 2 10 58
15 266676 29 10 2 2926
16 266676 29 2 5 28
17 266676 29 2 3 99
18 291999 37 3 0 25
19 291999 37 0 9 2107
20 291999 37 6 0 25
21 301331 38 10 1 381
22 327027 45 8 6 1063
23 339927 50 1 4 745
24 430095 51 3 8 13
25 430095 51 3 9 1
26 430095 51 0 4 15
27 430095 51 5 6 1
28 430095 51 3 5 8
29 437144 56 5 2 461
30 485307 59 5 2 102
31 485307 59 2 6 19
32 485307 59 1 9 128
33 510981 66 0 6 59
34 515167 69 5 1 15911
35 546841 74 7 7 25
36 601635 75 3 5 115
37 601635 75 10 9 1
38 601635 75 3 1 591
39 601635 75 6 1 591
40 602198 76 9 3 98
41 609011 77 10 4 31
42 619545 83 0 2 165
43 691723 84 10 7 43
44 691723 84 2 2 231
45 691723 84 3 1 24
46 718711 91 4 2 550
47 718869 92 4 0 66
48 745443 98 10 1 117
49 787072 99 0 10 3070
50 787072 99 0 6 10
51 787072 99 7 2 19
52 858645 102 10 3 5
53 858645 102 0 7 3
54 858645 102 10 6 1
55 858645 102 1 7 2
56 858645 102 3 7 1
57 858645 102 5 7 2
58 906220 108 3 2 1
59 906220 108 8 4 17
60 906220 108 3 0 226
61 906220 108 7 0 3619
62 923774 116 2 8 217
63 932674 117 0 1 35
64 943173 118 5 7 55
65 952168 124 9 3 28
66 952168 124 2 3 7
67 973389 127 0 8 19017
68 973389 127 0 9 22699
69 991957 134 8 3 3
70 1009993 136 1 0 2006
71 1009993 136 1 5 496
72 1067620 137 1 6 2
73 1067620 137 4 1 25
74 1067620 137 2 10 890
75 1067620 137 0 4 199
76 1073426 139 2 1 25
77 1179094 154 2 1 33
78 1179094 154 5 8 21
79 1179094 154 7 0 21
80 1179094 154 1 6 460
81 1179094 154 3 4 10
82 1252865 160 7 3 137
83 1252865 160 7 2 421
84 1252865 160 10 1 1
85 1277921 162 6 3 191
86 1277921 162 8 10 5
87 1278162 163 4 3 297
88 1280479 164 6 8 11399
89 1293782 168 5 2 15
90 1303830 170 3 4 341
91 1303830 170 3 10 19
92 1322177 174 6 10 9
93 1322177 174 6 2 19
94 1346947 177 3 9 9
95 1370698 190 10 10 8155
96 1437228 198 4 1 4
97 1503702 220 0 5 2340
98 1510349 223 7 9 1
99 1574392 230 8 5 3
100 1635487 233 8 0 7
101 1635487 233 6 10 47
102 1644069 236 5 6 55
103 1662876 237 10 10 82
104 1736110 241 4 5 1682
105 1736110 241 4 9 1226
106 1736110 241 6 2 3905
107 1736110 241 9 6 1
108 1739760 244 10 9 11740
109 1853267 262 2 5 1
110 1853267 262 8 2 6
111 1853267 262 4 0 69
112 1853267 262 9 7 1
113 1853267 262 2 3 1
114 1863724 265 1 3 69
115 1876905 269 4 0 22
116 1888143 276 8 5 169
117 1900616 282 8 5 23
118 2020021 287 10 3 5
119 2020021 287 9 2 3
120 2020021 287 9 5 2
121 2020021 287 7 3 17
122 2020021 287 8 2 9
123 2020021 287 3 3 23
124 2021989 290 5 7 223
125 2060834 291 8 3 1267
126 2060834 291 0 2 3435
127 2060834 291 4 8 8
128 2060834 291 2 7 111
129 2060834 291 10 9 365
130 2098246 292 2 10 1
131 2098246 292 7 8 218
132 2107451 297 1 10 64
133 2124023 298 9 8 8519
134 2196427 304 2 3 929
135 2196427 304 2 0 206
136 2203783 307 8 4 476
137 2203783 307 5 4 3332
138 2212725 309 3 0 37
139 2285453 317 0 7 3013
140 2285453 317 7 2 1697
141 2285453 317 5 9 21
142 2285453 317 2 1 14
143 2289552 319 7 10 78
144 2306612 324 9 9 47
145 2339638 328 9 9 2
146 2349218 330 0 4 194
147 2349218 330 0 5 91
148 2409093 340 0 0 20
149 2409093 340 5 3 126
150 2409093 340 0 2 3
151 2424655 347 8 7 80
152 2441117 353 0 8 90
153 2462374 362 6 3 357
154 2472782 366 9 5 2928
155 2487977 369 3 3 18
156 2513358 370 0 10 11
157 2513358 370 3 2 1
158 2538763 380 10 3 238
159 2538763 380 10 0 984
160 2542079 383 4 6 187
161 2550622 387 0 9 1
162 2568046 388 0 3 9366
163 2568046 388 0 10 199
164 2568046 388 7 10 17
165 2629177 390 7 0 14
166 2629177 390 9 5 6
167 2629177 390 10 6 459
168 2629177 390 0 9 349
169 2650971 392 7 4 427
170 2650971 392 1 4 854
171 2650971 392 3 9 3
172 2650971 392 7 5 1283
173 2728798 395 0 4 1
174 2728798 395 9 1 1
175 2734153 396 3 1 405
176 2736091 398 9 9 103
177 2769168 402 9 10 117
178 2842535 409 5 4 2
179 2842535 409 6 5 797
180 2842535 409 5 3 3
181 2871087 413 9 2 3014
182 2871087 413 9 1 56
183 2873320 415 6 1 12637
184 2894020 422 7 2 569
185 2894020 422 4 2 5692
186 2894020 422 3 2 3415
187 2905208 424 7 2 215
188 2905208 424 7 6 113
189 2909389 427 10 2 48
190 2998723 428 10 1 668
191 2998723 428 2 9 5
192 2998723 428 2 10 25
193 2998723 428 5 9 3
194 2998723 428 4 4 4
195 3051158 430 10 0 9
196 3051158 430 2 10 2
197 3051158 430 10 3 29
198 3051158 430 7 3 21
199 3051158 430 8 2 36
200 3087629 450 9 4 2471
201 3137581 457 5 4 1
202 3137581 457 8 7 1
203 3157430 460 1 5 102
204 3197978 461 0 4 5
205 3197978 461 4 8 9
206 3197978 461 6 6 122
207 3330612 466 4 6 4
208 3330612 466 10 9 4
209 3330612 466 9 4 217
210 3330612 466 5 9 4
211 3330612 466 4 8 1
212 3330612 466 8 0 7
213 3330612 466 3 2 100
214 3330612 466 9 8 1
215 3330612 466 2 6 20
216 3370707 468 7 5 422
217 3379869 471 1 10 923
218 3424320 473 7 5 68
219 3534667 475 0 9 5
220 3534667 475 4 3 1
221 3534667 475 6 7 85
222 3534667 475 4 1 6
223 3534667 475 2 7 4
224 3534667 475 5 8 2
225 3534667 475 7 5 2
226 3534667 475 0 7 4
227 3534667 475 6 2 1
228 3534667 475 1 1 3
229 3534667 475 1 7 9
230 3554957 479 6 9 1
231 3589939 489 0 4 48
232 3591351 490 10 2 27
233 3593207 491 10 10 39
234 3701754 498 1 2 56
235 3701754 498 0 7 7
236 3701754 498 9 2 4
237 3701754 498 2 8 514
238 3710333 499 7 4 225
239 3718602 504 1 10 30
240 3778165 507 1 8 52
241 3778165 507 0 2 17
242 3778165 507 9 7 72
243 3801560 510 7 7 2681
244 3863885 513 8 3 5
245 3863885 513 3 9 20
246 3863885 513 2 7 5
247 3863885 513 9 5 690
248 3863885 513 9 9 40
249 3863885 513 9 0 1
250 3863885 513 9 3 5
251 3877475 518 9 8 52
252 3881221 522 4 9 174
253 3882139 523 8 2 3
254 3904807 535 1 7 6
255 3963851 553 0 2 3
256 4071548 555 4 8 7
257 4071548 555 8 7 7
258 4071548 555 5 4 3318
259 4071548 555 0 1 95
260 4071548 555 2 1 191
261 4071548 555 1 10 1
262 4071548 555 2 0 2
263 4071548 555 1 5 1
264 4071548 555 9 7 3
265 4071548 555 10 0 4
266 4071548 555 3 6 47
267 4131120 558 1 1 97
268 4131120 558 1 6 81
269 4135256 560 10 2 45
270 4148999 562 10 4 31234
271 4159427 563 10 4 100
272 4167560 565 1 2 99585
273 4210690 569 2 1 1
274 4210690 569 8 6 1
275 4210690 569 3 9 2
276 4216983 574 8 5 178
277 4289455 584 10 5 3971
278 4298016 588 4 7 10
279 4298016 588 4 2 98
280 4349245 602 6 10 509
281 4349245 602 6 8 259
282 4349245 602 6 2 848
283 4376799 611 0 2 43
284 4471394 612 9 7 2539
285 4471394 612 4 1 3
286 4471394 612 7 0 71
287 4471394 612 2 0 71
288 4471394 612 6 4 26
289 4568704 616 5 6 72
290 4568704 616 6 1 2
291 4568704 616 3 3 62
292 4568704 616 4 9 2
293 4568704 616 9 2 1
294 4568704 616 1 4 1
295 4599215 626 2 8 103
296 4601689 627 1 7 2270
297 4611878 628 1 6 127
298 4611878 628 1 5 389
299 4643807 633 5 4 225
300 4653577 635 5 7 192
301 4721687 644 4 10 1
302 4721687 644 9 10 2
303 4721687 644 1 8 1817
304 4726910 651 5 8 25
305 4743242 666 1 3 75
306 4748501 668 5 6 68
307 4748501 668 5 0 9853
308 4823776 671 1 3 61
309 4823776 671 3 0 3
310 4823776 671 0 6 8
311 4826439 673 9 1 956
312 4855303 681 9 4 1319
313 4855303 681 3 4 2639
314 4915103 683 4 6 10
315 4915103 683 4 9 123
316 4915103 683 9 8 35
317 4915103 683 1 10 32
318 4915103 683 2 9 30
319 4915103 683 8 7 548
320 4920403 687 7 5 2915
321 4932787 689 6 4 636
322 4963433 690 4 4 863
323 4964739 691 10 2 74
324 4989662 692 2 0 75
325 5116342 695 3 0 21
326 5116342 695 10 7 1
327 5116342 695 5 4 1
328 5116342 695 2 0 128
329 5116342 695 9 1 7
330 5116342 695 5 6 1
331 5116342 695 8 1 3
332 5116342 695 9 5 7
333 5116342 695 1 6 1
334 5116342 695 2 8 1
335 5116342 695 5 10 1
336 5148128 698 5 10 32
337 5148128 698 2 2 153
338 5148863 699 8 8 218
339 5162408 701 4 2 3
340 5185575 702 4 3 13
341 5185575 702 3 3 1
342 5185575 702 3 10 17
343 5208956 703 9 9 325
344 5208956 703 9 8 52
345 5211461 705 5 5 263
346 5212853 706 5 7 40
347 5228674 710 3 1 44
348 5229484 711 9 10 28
349 5237860 713 0 6 9483
350 5290141 718 2 8 1455
351 5290141 718 3 8 2911
352 5290141 718 10 3 15
353 5290141 718 6 5 175
354 5291850 720 10 8 8567
355 5311005 723 3 8 7
356 5311005 723 3 10 11
357 5318978 724 6 5 1502
358 5329380 727 2 7 5
359 5333415 730 8 2 34
360 5361231 732 0 2 722
361 5361231 732 0 1 103
362 5388490 735 6 2 5
363 5407639 739 10 7 96
364 5470210 741 4 8 1
365 5470210 741 2 7 2
366 5470210 741 7 2 3
367 5470210 741 3 2 9
368 5550041 751 5 9 15
369 5550041 751 10 8 1
370 5550041 751 5 0 23
371 5550041 751 1 6 167
372 5550041 751 7 7 3
373 5550041 751 2 9 31
374 5550041 751 4 4 54
375 5560028 752 7 1 168
376 5561098 754 0 1 40
377 5575331 756 7 0 152
378 5589448 757 9 5 1734
379 5598043 761 8 5 91
380 5598043 761 5 5 45
381 5600880 764 3 2 84
382 5657958 768 8 5 373
383 5669103 774 7 5 98
384 5673607 777 1 6 75
385 5680110 778 2 9 7
386 5687271 780 0 2 6098
387 5698704 787 1 4 3
388 5698704 787 4 4 18
389 5699603 788 10 8 200
390 5703792 792 0 8 118
391 5703994 793 4 7 6073
392 5728218 804 4 10 98
393 5728218 804 4 3 23
394 5732289 806 3 0 10
395 5737781 812 1 5 1916
396 5738331 814 1 3 170
397 5754647 819 7 3 21
398 5863217 822 9 5 26
399 5863217 822 0 5 26
400 5863217 822 0 8 1679
401 5863217 822 5 8 479
402 5863217 822 7 10 1
403 5863217 822 2 7 1244
404 5863217 822 9 1 1
405 5863217 822 3 6 4
406 5949200 823 10 0 8
407 5949200 823 3 9 1
408 5949200 823 5 3 6
409 5949200 823 9 9 1
410 5991905 830 0 1 24
411 6024310 834 1 9 51
412 6024310 834 9 10 1400
413 6032657 841 1 0 334
414 6081241 857 9 10 21849
415 6090631 859 6 3 63
416 6090679 860 9 6 11
417 6099877 861 3 6 1409
418 6108460 863 6 9 792
419 6108460 863 2 0 9
420 6166749 864 8 1 4
421 6166911 865 4 2 165
422 6174425 870 8 10 22
423 6174425 870 3 3 6
424 6174425 870 7 3 46
425 6174425 870 0 3 6
426 6182341 871 5 8 758
427 6186184 872 6 10 5
428 6202849 875 4 7 9
429 6260893 886 0 5 25
430 6260893 886 9 6 555
431 6260893 886 10 1 11
432 6260893 886 8 8 20
433 6260893 886 9 7 4
434 6260893 886 10 3 12
435 6316648 894 6 7 54
436 6316648 894 10 8 1
437 6343990 896 8 9 10
438 6343990 896 1 3 1586
439 6356993 899 6 0 1733
440 6356993 899 6 5 249
441 6364413 901 2 3 1484
442 6364413 901 8 2 30
443 6385418 905 1 8 95
444 6385418 905 7 8 95
445 6406867 907 2 5 23
446 6406867 907 4 10 3
447 6425461 911 2 0 682
448 6456196 919 3 1 1
449 6458415 920 2 8 655
450 6471430 924 8 6 3
451 6471746 925 8 0 184
452 6593650 929 8 0 25
453 6593650 929 10 3 3
454 6593650 929 1 7 2
455 6593650 929 2 5 454
456 6593650 929 5 4 878
457 6593650 929 8 3 169
458 6593650 929 0 2 4
459 6593650 929 10 0 10
460 6656973 930 4 7 10
461 6714160 931 5 10 225
462 6714160 931 8 8 4
463 6714160 931 6 9 2119
464 6714160 931 2 4 909
465 6714160 931 1 1 10
466 6714160 931 2 3 24
467 6714160 931 5 0 1056
468 6752001 932 9 4 6
469 6752001 932 10 9 4
470 6752001 932 4 1 2337
471 6761081 937 4 6 76
472 6769096 939 2 8 14263
473 6775204 940 0 7 99809
474 6876606 941 6 1 96
475 6876606 941 8 8 1
476 6876606 941 10 6 10
477 6876606 941 3 8 2
478 6876606 941 8 9 1305
479 6876606 941 1 4 1
480 6876606 941 1 2 2
481 6876606 941 4 7 1
482 6876606 941 3 9 1305
483 6876606 941 8 6 2
484 6876606 941 1 10 36
485 6881436 947 10 10 71
486 6902715 950 9 8 7
487 6936430 961 3 5 343
488 7011505 967 7 3 8
489 7011505 967 1 6 3080
490 7011505 967 0 1 369
491 7011505 967 6 1 369
492 7011505 967 1 2 15
493 7069314 980 10 10 306
494 7069314 980 1 10 102
495 7081001 992 0 10 8980
496 7090681 993 4 4 210
497 7106364 994 9 1 1
498 7109226 995 6 6 518
499 7119127 998 5 3 1030
