11 227 500
0 24103 0 1 2 152
1 24103 0 9 2 76
2 91994 3 5 8 197
3 91994 3 10 1 14
4 236064 13 8 4 340
5 236064 13 7 9 48707
6 308835 17 6 2 526
7 308835 17 5 7 2
8 308835 17 9 10 1
9 308835 17 9 3 46
10 308835 17 7 8 1
11 308835 17 5 10 1
12 308835 17 1 10 1
13 322229 18 1 3 19564
14 322229 18 1 8 1476
15 331260 20 4 8 333
16 362511 21 3 3 9711
17 429966 30 6 6 11
18 429966 30 2 6 11
19 438266 31 3 3 475
20 438266 31 5 6 1
21 443025 32 7 4 14
22 443669 33 8 7 56
23 445553 35 7 5 100
24 543883 50 9 3 14
25 543883 50 9 0 44
26 688153 51 8 8 1
27 688153 51 3 6 1
28 688153 51 7 6 9
29 688153 51 3 7 11
30 688153 51 3 8 13
31 688153 51 5 5 8
32 688153 51 0 3 107
33 699431 56 5 2 461
34 776492 59 1 4 1
35 776492 59 2 0 6
36 776492 59 1 3 5
37 776492 59 1 7 13
38 791548 62 8 5 5726
39 871506 72 6 8 12198
40 962617 75 10 4 3
41 962617 75 1 6 163
42 1106757 84 4 8 3
43 1106757 84 6 6 1
44 1106757 84 3 10 6
45 1106757 84 3 2 308
46 1192503 97 10 9 5530
47 1259315 99 0 0 203
48 1259315 99 9 9 85
49 1259315 99 9 3 63
50 1262676 101 10 8 35
51 1373832 102 1 6 1
52 1373832 102 10 6 1
53 1373832 102 5 10 21
54 1373832 102 5 2 483
55 1373832 102 0 7 3
56 1449952 108 5 7 4
57 1449952 108 2 5 16
58 1449952 108 0 0 226
59 1449952 108 0 6 7
60 1456943 110 3 8 100
61 1461192 112 9 1 2
62 1465189 115 10 6 95
63 1478038 116 2 3 15961
64 1559124 128 2 0 5
65 1576024 132 6 7 7571
66 1615990 136 8 5 496
67 1615990 136 1 10 32
68 1708193 137 1 6 2
69 1708193 137 10 9 2136
70 1708193 137 3 9 2136
71 1708193 137 2 0 4
72 1761011 146 4 3 36
73 1886551 154 9 8 21
74 1886551 154 2 2 249
75 1886551 154 4 5 69
76 1886551 154 0 8 196
77 2004585 160 7 0 11
78 2004585 160 7 5 5
79 2004585 160 3 10 17
80 2044674 162 8 6 14
81 2044674 162 5 0 1899
82 2086128 170 3 0 97
83 2086128 170 3 1 57
84 2095971 172 4 2 54
85 2095971 172 6 8 29
86 2115484 174 0 3 36
87 2115484 174 5 6 24
88 2155116 177 3 3 2171
89 2170520 184 0 5 54
90 2182768 187 7 1 15
91 2299565 198 1 8 11
92 2299565 198 8 3 2
93 2299565 198 4 5 9
94 2403100 218 1 2 17074
95 2519027 230 0 7 226
96 2519027 230 8 5 3
97 2519027 230 3 2 1
98 2519027 230 8 7 2487
99 2527021 232 6 5 18
100 2616780 233 3 4 11532
101 2616780 233 4 8 5
102 2616780 233 3 7 1
103 2616780 233 1 1 8
104 2660602 237 4 6 47
105 2677176 239 7 1 18
106 2777776 241 3 6 1
107 2777776 241 3 8 1
108 2777776 241 6 3 1
109 2777776 241 7 5 5047
110 2777776 241 4 10 1014
111 2778039 242 8 3 104
112 2854156 259 8 0 89
113 2854156 259 3 0 14
114 2854156 259 5 3 1246
115 2965227 262 4 3 3
116 2965227 262 2 8 7
117 2965227 262 2 10 12
118 2965227 262 4 5 1
119 2965227 262 0 7 1
120 2965227 262 0 0 19
121 2965227 262 3 8 14
122 3232033 287 10 9 1
123 3232033 287 6 7 807
124 3232033 287 0 3 11
125 3232033 287 4 5 2
126 3232033 287 7 9 1
127 3232033 287 6 5 4
128 3232033 287 8 9 1
129 3232033 287 8 6 24
130 3232033 287 2 7 12118
131 3297335 291 0 8 26
132 3297335 291 3 6 409
133 3357194 292 4 9 176
134 3366643 295 5 4 1
135 3371922 297 1 10 64
136 3398437 298 1 3 1
137 3473075 303 3 7 1
138 3514283 304 2 1 7
139 3514283 304 2 6 577
140 3523854 306 7 9 19562
141 3539797 308 6 0 160
142 3656724 317 5 9 21
143 3656724 317 3 7 1004
144 3656724 317 6 4 10
145 3666218 322 7 5 121
146 3701922 327 2 10 1020
147 3743421 328 4 3 1
148 3743421 328 2 9 2
149 3758748 330 0 8 10328
150 3758748 330 0 7 67
151 3758748 330 0 0 683
152 3758751 331 3 3 56
153 3812517 339 7 3 430
154 3812517 339 9 3 1290
155 3854548 340 9 0 40
156 3879449 347 8 7 80
157 3905787 353 0 6 5
158 3905787 353 0 7 193
159 3912982 357 2 8 157
160 3939798 362 5 2 1
161 3956452 366 7 2 23
162 3980764 369 9 0 34
163 3980764 369 1 8 28
164 4021372 370 4 8 3
165 4021372 370 1 9 162
166 4075276 386 0 3 488
167 4108874 388 0 5 38
168 4108874 388 7 8 88
169 4206684 390 5 6 10335
170 4206684 390 7 0 14
171 4206684 390 2 8 767
172 4206684 390 7 6 114
173 4241553 392 3 0 19
174 4241553 392 7 5 1283
175 4366077 395 6 4 94
176 4366077 395 7 2 1
177 4366077 395 7 0 440
178 4366077 395 5 0 2203
179 4366077 395 5 4 1
180 4366077 395 4 0 881
181 4366077 395 0 0 1322
182 4366077 395 8 10 31
183 4430669 402 9 5 65
184 4464038 407 2 7 98
185 4548056 409 8 4 782
186 4548056 409 2 2 23
187 4548056 409 1 4 2
188 4548056 409 8 6 1
189 4548056 409 10 7 1
190 4548056 409 10 6 11
191 4593740 413 2 8 5274
192 4593740 413 9 7 32
193 4600908 416 8 1 2
194 4602035 417 6 2 58
195 4611254 420 6 10 64
196 4630432 422 0 7 62
197 4648333 424 7 5 282
198 4651449 425 10 3 34
199 4797956 428 7 9 1
200 4797956 428 3 1 1336
201 4797956 428 9 2 2
202 4797956 428 6 10 4
203 4797956 428 9 3 3
204 4881853 430 9 8 1
205 4881853 430 5 4 3
206 4881853 430 10 5 33
207 4881853 430 3 6 190
208 4881853 430 4 10 5
209 4881853 430 0 3 2
210 4902467 435 0 1 108
211 4902467 435 6 6 24
212 4913342 440 4 2 100
213 4913342 440 0 3 120
214 4953690 456 6 5 8547
215 5020130 457 7 9 27
216 5020130 457 0 7 1
217 5020130 457 8 9 13
218 5020130 457 2 4 1
219 5020130 457 0 0 8
220 5116766 461 5 1 22
221 5116766 461 5 7 1
222 5116766 461 2 9 3
223 5328979 466 5 4 217
224 5328979 466 10 2 50
225 5328979 466 10 3 1801
226 5328979 466 1 8 1
227 5328979 466 6 2 100
228 5328979 466 10 0 7
229 5328979 466 8 1 5
230 5328979 466 10 4 217
231 5328979 466 9 1 2
232 5379314 467 5 8 7
233 5379314 467 1 1 2
234 5379314 467 4 0 1291
235 5379314 467 2 7 5
236 5379314 467 1 8 7
237 5379314 467 10 7 23
238 5421898 472 7 0 7
239 5478912 473 1 10 3
240 5478912 473 0 3 14
241 5478912 473 9 2 7
242 5478912 473 9 3 14
243 5478912 473 10 2 7
244 5655468 475 5 4 1
245 5655468 475 0 8 7
246 5655468 475 5 6 1
247 5655468 475 3 4 1
248 5655468 475 6 4 1
249 5655468 475 2 10 51
250 5655468 475 8 5 2
251 5655468 475 1 9 5
252 5655468 475 7 2 1
253 5655468 475 9 2 6
254 5687931 479 0 9 1
255 5721613 487 5 2 306
256 5743903 489 8 4 48
257 5743903 489 9 8 8
258 5922807 498 0 8 1028
259 5922807 498 0 10 13
260 5922807 498 0 4 50
261 5922807 498 7 6 1
262 5922807 498 10 9 1
263 5922807 498 4 6 1
264 5922807 498 0 2 4
265 5922807 498 8 4 50
266 5936534 499 7 1 3309
267 5943998 503 1 1 6017
268 5949764 504 0 9 148
269 5951911 506 7 10 2637
270 6045064 507 10 0 3
271 6045064 507 2 2 28
272 6182216 513 1 8 5049
273 6202910 517 3 10 33396
274 6203960 518 9 8 52
275 6215933 526 3 2 56
276 6230996 533 9 4 779
277 6233669 534 3 4 114
278 6251984 537 4 10 11
279 6298015 549 8 5 792
280 6514476 555 10 3 607
281 6514476 555 3 3 202
282 6514476 555 3 9 4
283 6514476 555 0 8 7
284 6577440 556 10 0 11
285 6577440 556 10 3 92
286 6577440 556 0 5 3164
287 6609793 558 1 2 194
288 6609793 558 1 8 329
289 6624225 561 8 10 28
290 6638398 562 10 1 15233
291 6737104 569 10 3 1
292 6737104 569 1 0 52
293 6754007 575 1 8 15
294 6805600 576 10 6 4
295 6816440 580 3 8 25
296 6888946 591 10 1 1
297 6899230 595 2 9 194
298 6958793 602 6 9 19
299 6958793 602 8 6 12
300 7154230 612 5 2 448
301 7154230 612 10 8 26
302 7154230 612 9 10 5
303 7154230 612 7 1 3
304 7154230 612 2 9 14
305 7309926 616 10 10 1709
306 7309926 616 0 8 1
307 7309926 616 5 0 494
308 7309926 616 1 10 3419
309 7309926 616 1 7 1201
310 7309926 616 7 6 36
311 7309926 616 5 1 1
312 7309926 616 1 4 1
313 7309926 616 9 6 36
314 7309926 616 6 2 1
315 7309926 616 9 5 1227
316 7309926 616 2 9 5
317 7309926 616 0 5 1227
318 7309926 616 5 8 1
319 7319635 618 2 8 38
320 7358744 626 2 5 2333
321 7430092 633 5 3 85
322 7430092 633 5 7 3
323 7445723 635 5 0 102
324 7445723 635 5 10 15796
325 7554699 644 9 3 64
326 7554699 644 5 9 27
327 7554699 644 9 8 3635
328 7554699 644 8 6 1
329 7554699 644 3 3 21
330 7554699 644 7 5 10
331 7554699 644 1 0 8
332 7554699 644 8 3 10
333 7569738 657 7 3 56
334 7573694 660 10 7 16605
335 7589759 667 2 7 77
336 7718043 671 4 2 13
337 7718043 671 1 3 61
338 7718043 671 10 5 30
339 7720816 672 8 5 20
340 7754514 678 6 6 409
341 7768485 681 7 5 12
342 7864166 683 2 2 1527
343 7864166 683 0 8 5
344 7864166 683 2 1 25
345 7864166 683 9 8 35
346 7864166 683 0 7 3841
347 7892460 689 5 4 1591
348 7892460 689 8 10 1
349 7892460 689 6 4 636
350 7941492 690 0 8 150
351 7941492 690 0 7 11086
352 7941492 690 4 7 527
353 7941492 690 0 4 863
354 7941492 690 8 0 3850
355 7941492 690 4 6 73
356 7983460 692 6 7 181
357 7983460 692 2 1 48
358 8186148 695 2 10 1
359 8186148 695 2 4 1
360 8186148 695 5 0 21
361 8186148 695 5 2 793
362 8186148 695 4 6 1
363 8186148 695 3 0 21
364 8186148 695 7 1 3
365 8186148 695 2 8 1
366 8186148 695 6 10 1
367 8186148 695 5 4 1
368 8186148 695 7 5 28
369 8186148 695 2 3 13
370 8186148 695 10 5 7
371 8193861 697 6 6 3138
372 8237005 698 10 4 89
373 8237005 698 10 7 2
374 8239202 700 9 4 4666
375 8259854 701 9 2 76
376 8259854 701 10 2 7
377 8296921 702 3 8 11
378 8296921 702 4 0 1187
379 8334330 703 9 3 37
380 8365879 710 3 8 105
381 8367175 711 9 10 28
382 8464225 718 3 10 5
383 8464225 718 6 1 6
384 8464225 718 5 0 1
385 8464225 718 1 9 31
386 8497608 723 3 0 39
387 8510365 724 6 3 4789
388 8535398 731 2 10 8
389 8621585 735 9 1 6
390 8621585 735 9 5 36
391 8635451 737 9 0 44
392 8752336 741 2 7 2
393 8752336 741 10 2 3
394 8752336 741 3 6 2
395 8752336 741 5 1 40583
396 8755357 743 2 8 31
397 8773247 746 6 9 88
398 8792041 749 5 4 26
399 8792041 749 9 4 6
400 8792041 749 2 9 1
401 8880066 751 4 5 355
402 8880066 751 7 1 30
403 8880066 751 4 1 46
404 8880066 751 5 5 12
405 8918649 755 9 4 137
406 8918649 755 9 0 195
407 8943116 757 7 0 7
408 8950517 760 5 0 1472
409 9013965 766 10 6 14
410 9052733 768 0 7 2
411 9052733 768 0 10 47
412 9053004 769 5 3 363
413 9088176 778 2 9 7
414 9099635 780 1 5 14
415 9126390 793 4 7 6073
416 9145112 798 4 4 100
417 9151313 803 8 3 11335
418 9381148 822 1 4 2
419 9381148 822 2 1 1
420 9381148 822 2 6 8
421 9381148 822 5 1 1
422 9381148 822 8 1 1
423 9381148 822 8 5 156
424 9381148 822 9 4 1
425 9381148 822 8 10 3
426 9381148 822 6 7 8297
427 9518721 823 10 0 8
428 9518721 823 3 1 969
429 9518721 823 10 8 30
430 9518721 823 1 5 4195
431 9518721 823 1 9 1
432 9522205 824 6 10 142
433 9562322 825 4 4 187
434 9562322 825 0 8 63
435 9587048 830 1 5 5
436 9618679 833 7 5 22
437 9697721 846 5 5 11850
438 9697721 846 5 1 9
439 9729986 857 9 4 62
440 9745087 860 9 6 11
441 9773537 863 2 7 8
442 9866799 864 7 4 17
443 9866799 864 2 6 4
444 9866799 864 10 7 1
445 9915727 874 2 9 31
446 10017428 886 9 7 4
447 10037459 891 2 8 118
448 10106638 894 6 9 71
449 10111718 895 3 9 18
450 10150385 896 4 3 1586
451 10171190 900 0 7 201
452 10183061 901 7 2 30
453 10205584 903 1 5 36
454 10216669 905 10 8 95
455 10250988 907 4 3 18
456 10265807 909 9 9 226
457 10280738 911 9 0 682
458 10281259 912 8 1 71
459 10297346 913 0 2 19
460 10329914 919 4 1 1
461 10329914 919 6 1 1
462 10549840 929 3 4 878
463 10549840 929 7 3 3
464 10549840 929 6 4 878
465 10549840 929 1 0 2
466 10549840 929 1 8 4
467 10549840 929 8 10 2
468 10549840 929 2 1 1
469 10549840 929 5 1 2
470 10549840 929 8 5 227
471 10549840 929 6 2 42
472 10549840 929 5 8 4
473 10651158 930 4 4 13007
474 10651158 930 3 0 2492
475 10742656 931 5 2 4823
476 10742656 931 0 6 17
477 10803202 932 2 8 6
478 10803202 932 5 8 6
479 10803202 932 6 7 3
480 10803202 932 4 6 4
481 11002570 941 10 2 2
482 11002570 941 6 2 5
483 11002570 941 6 5 388
484 11002570 941 8 4 11
485 11003134 942 10 5 700
486 11004977 943 2 8 4884
487 11051843 956 4 1 1266
488 11081482 959 10 6 11
489 11098288 961 2 5 687
490 11098288 961 10 5 343
491 11218408 967 6 6 3080
492 11218408 967 7 8 44
493 11218408 967 4 1 369
494 11218408 967 7 7 243
495 11285223 973 0 9 112
496 11286839 974 2 10 4704
497 11310903 980 6 10 204
498 11313731 983 0 10 188
499 11370183 994 9 0 3
