11 236 500
0 15064 0 9 0 1
1 15064 0 1 9 151
2 15064 0 1 5 6
3 15064 0 9 2 76
4 15064 0 1 0 2
5 57496 3 9 9 20
6 66551 4 6 8 9
7 105098 9 1 4 2
8 105098 9 4 1 2
9 105098 9 1 7 39
10 111518 10 0 1 1740
11 111518 10 8 1 870
12 147540 13 3 9 2319
13 147540 13 8 4 340
14 193021 17 10 2 1578
15 193021 17 7 7 2
16 193021 17 5 5 16
17 201393 18 1 2 19
18 201393 18 1 0 61
19 203657 19 1 0 84
20 226569 21 3 3 9711
21 318249 41 10 1 3192
22 339927 50 2 3 14
23 339927 50 10 0 44
24 430095 51 0 1 15
25 430095 51 5 5 8
26 430095 51 2 4 15
27 430095 51 9 9 1
28 430095 51 10 7 5
29 430095 51 5 6 1
30 485307 59 5 10 3
31 485307 59 8 4 6
32 485307 59 8 2 204
33 514901 68 3 4 3
34 531169 70 4 8 43
35 544691 72 6 10 83
36 544691 72 6 7 60
37 544691 72 6 3 18
38 544973 73 6 6 58
39 601635 75 10 3 33
40 601635 75 3 4 1
41 601635 75 10 6 14
42 609011 77 8 4 21
43 615264 80 7 4 194
44 691723 84 2 10 6
45 691723 84 4 5 4
46 691723 84 6 6 1
47 691723 84 4 9 6
48 691723 84 4 2 694
49 691723 84 10 6 1
50 691723 84 7 8 1
51 691723 84 3 2 308
52 693110 87 5 7 210
53 710423 89 7 8 6309
54 745314 97 5 9 3687
55 787072 99 0 5 5
56 858645 102 7 4 16
57 858645 102 2 3 17
58 858645 102 4 4 4
59 858645 102 4 7 1
60 858645 102 8 2 967
61 906220 108 5 3 13
62 906220 108 6 4 68
63 906750 109 6 0 101
64 910589 110 3 4 18
65 932674 117 0 9 4276
66 932674 117 0 4 101
67 943173 118 2 2 2
68 943173 118 9 7 55
69 985015 132 8 1 6
70 985015 132 8 0 21
71 985015 132 6 7 7571
72 991957 134 8 3 3
73 1009993 136 1 0 2006
74 1067620 137 9 8 4
75 1067620 137 5 1 12
76 1067620 137 7 4 99
77 1067620 137 9 0 4
78 1085248 143 0 10 7810
79 1104819 148 9 10 21
80 1179094 154 6 6 690
81 1179094 154 6 9 23
82 1179094 154 5 2 498
83 1179094 154 9 4 10
84 1179094 154 8 6 230
85 1179094 154 10 0 2
86 1252865 160 8 1 17
87 1252865 160 3 7 1
88 1252865 160 7 5 5
89 1252865 160 6 10 5
90 1277921 162 2 1 2890
91 1277921 162 5 3 574
92 1277921 162 2 4 15
93 1277921 162 5 0 1899
94 1289719 165 6 5 220
95 1293782 168 2 2 15
96 1303830 170 3 3 61
97 1346947 177 0 3 10858
98 1350337 180 5 0 216
99 1370698 190 10 10 8155
100 1371539 191 8 6 7153
101 1380387 192 3 3 5872
102 1382226 195 5 3 168
103 1384463 196 9 4 86
104 1437228 198 9 0 5
105 1437228 198 8 0 5
106 1437228 198 7 0 20
107 1488442 210 1 3 1
108 1492208 214 0 7 47
109 1493480 216 9 5 2
110 1542874 229 6 9 74
111 1542874 229 6 4 17
112 1574392 230 8 6 13
113 1635487 233 2 0 22
114 1635487 233 8 0 7
115 1662876 237 4 9 11
116 1662876 237 10 5 107
117 1662876 237 4 0 72
118 1662876 237 4 8 53
119 1673235 239 8 1 9
120 1673235 239 5 1 9
121 1736110 241 7 10 1014
122 1736110 241 3 0 9
123 1736110 241 3 7 55
124 1736590 243 10 1 22
125 1783848 259 2 7 25
126 1783976 260 0 8 471
127 1853267 262 3 2 6
128 1853267 262 8 5 8
129 1853267 262 2 9 15
130 1888143 276 8 5 169
131 2020021 287 5 2 28
132 2020021 287 8 10 7
133 2020021 287 10 10 61
134 2020021 287 7 1 47
135 2020021 287 7 10 15
136 2060834 291 8 2 34357
137 2060834 291 4 9 182
138 2060834 291 8 3 1267
139 2060834 291 4 5 25
140 2060834 291 8 0 6
141 2060834 291 2 6 1228
142 2098246 292 10 8 3054
143 2098246 292 3 8 654
144 2098246 292 7 6 106
145 2125550 299 9 6 1644
146 2170672 303 1 7 3
147 2170672 303 1 2 1892
148 2170672 303 2 0 2
149 2216625 310 7 1 442
150 2285453 317 5 3 54
151 2285453 317 10 8 83
152 2285453 317 10 5 964
153 2285453 317 4 7 3013
154 2306612 324 9 9 47
155 2306612 324 6 5 7
156 2339638 328 7 0 11
157 2339638 328 10 5 297
158 2339638 328 2 9 2
159 2349218 330 0 3 9862
160 2365497 337 4 10 50
161 2382823 339 7 3 430
162 2382823 339 3 7 31
163 2382823 339 5 10 8843
164 2409093 340 9 7 2998
165 2430794 350 8 6 14
166 2442855 355 6 6 29
167 2462374 362 0 2 1
168 2467121 365 3 3 670
169 2487977 369 6 0 34
170 2513358 370 8 2 1
171 2513358 370 10 8 22
172 2513358 370 3 5 8
173 2513358 370 9 5 1
174 2513358 370 1 9 162
175 2538763 380 10 4 157
176 2538763 380 10 3 238
177 2540179 381 9 6 9029
178 2542163 384 6 2 220
179 2543862 385 2 6 17811
180 2550622 387 9 9 1
181 2550622 387 3 9 1
182 2568046 388 0 2 35
183 2629177 390 1 6 229
184 2629177 390 5 10 1
185 2629177 390 5 7 3
186 2629177 390 4 3 596
187 2629177 390 8 6 459
188 2629177 390 3 5 6
189 2653790 393 8 1 46
190 2653790 393 2 1 46
191 2728798 395 10 7 1
192 2728798 395 7 5 177
193 2728798 395 1 6 27
194 2728798 395 4 1 1
195 2738078 399 5 7 15502
196 2769168 402 9 10 117
197 2790024 407 2 7 98
198 2842535 409 8 2 3
199 2842535 409 8 3 1
200 2850303 412 7 1 86
201 2876272 417 6 2 58
202 2894020 422 6 2 4553
203 2894020 422 4 2 5692
204 2998723 428 6 1 668
205 2998723 428 2 9 5
206 2998723 428 9 1 668
207 2998723 428 10 7 1
208 2998723 428 7 6 2
209 2998723 428 7 10 4
210 3051158 430 10 4 3
211 3051158 430 2 3 2
212 3053975 431 6 0 184
213 3064042 435 0 6 24
214 3064042 435 6 0 163
215 3064122 436 0 3 109
216 3066895 438 8 4 10191
217 3070839 440 5 0 14
218 3083268 446 8 4 28
219 3086294 448 6 1 2
220 3095344 455 5 0 30
221 3197978 461 9 5 1
222 3330612 466 3 7 61
223 3330612 466 3 6 8
224 3330612 466 8 0 7
225 3330612 466 8 3 1801
226 3330612 466 4 3 1801
227 3330612 466 1 2 804
228 3330612 466 9 10 12
229 3330612 466 10 4 217
230 3330612 466 8 4 217
231 3330612 466 1 5 2
232 3362071 467 4 3 45
233 3362071 467 0 1 1
234 3370707 468 7 7 38
235 3379869 471 10 10 2769
236 3534667 475 0 9 5
237 3534667 475 3 2 1
238 3534667 475 2 1 3
239 3534667 475 8 3 1
240 3534667 475 7 0 1
241 3534667 475 9 10 15
242 3546559 477 2 0 196
243 3554957 479 3 9 2
244 3576008 487 5 8 1304
245 3701754 498 9 2 4
246 3701754 498 0 8 1028
247 3701754 498 8 1 17
248 3701754 498 2 2 23
249 3701754 498 3 10 13
250 3710333 499 7 5 7680
251 3778165 507 5 1 2
252 3778165 507 3 0 15
253 3778165 507 7 9 43
254 3778165 507 2 6 3
255 3778165 507 10 0 3
256 3778165 507 5 2 40
257 3780396 508 5 8 38
258 3863885 513 4 0 1
259 3863885 513 2 2 30
260 3863885 513 10 2 6
261 3876699 516 2 3 1
262 3876699 516 0 3 1
263 3890506 528 3 7 128
264 3893262 531 3 0 195
265 3904807 535 8 7 12
266 3907490 537 7 10 11
267 3908355 538 0 8 23
268 3909926 539 10 1 6
269 3924474 544 7 5 54
270 3934020 547 4 10 15
271 3934020 547 4 2 327
272 3944219 550 5 6 6
273 4071548 555 6 3 202
274 4071548 555 3 10 1
275 4071548 555 8 0 4
276 4071548 555 5 5 1
277 4071548 555 9 3 202
278 4071548 555 4 7 60
279 4071548 555 4 2 4380
280 4071548 555 5 3 202
281 4071548 555 6 9 35
282 4071548 555 5 1 95
283 4110900 556 10 1 1
284 4119925 557 3 4 51
285 4119925 557 3 1 215
286 4131120 558 1 7 123
287 4148999 562 10 5 78
288 4159427 563 10 0 26
289 4210690 569 9 6 87
290 4210690 569 9 10 6
291 4210690 569 0 10 6
292 4221254 575 10 8 15
293 4253500 576 10 3 30
294 4288433 583 6 7 1421
295 4298179 589 4 5 342
296 4349245 602 8 9 57
297 4349245 602 6 4 453
298 4349245 602 6 5 30
299 4363478 606 10 1 70
300 4363478 606 10 9 101
301 4471394 612 3 3 1
302 4471394 612 2 10 5
303 4471394 612 4 9 1
304 4471394 612 10 8 26
305 4471394 612 0 8 8
306 4471394 612 1 2 897
307 4471394 612 3 7 5079
308 4471394 612 10 3 19
309 4471394 612 8 0 713
310 4471394 612 8 4 26
311 4479346 613 3 0 119
312 4568704 616 1 7 1201
313 4568704 616 6 9 11
314 4568704 616 6 7 5205
315 4568704 616 10 8 6
316 4568704 616 9 5 1227
317 4568704 616 5 7 200
318 4568704 616 1 6 36
319 4570408 617 4 2 116
320 4584118 621 6 8 18
321 4586659 624 4 5 2839
322 4611878 628 1 6 127
323 4611878 628 1 9 181
324 4621465 631 5 6 491
325 4643807 633 5 2 6
326 4653577 635 5 0 102
327 4665320 638 4 6 40
328 4721687 644 2 8 1817
329 4721687 644 2 6 1
330 4721687 644 10 3 10
331 4721687 644 1 10 1
332 4724349 646 2 9 12
333 4726844 650 0 10 58
334 4733559 660 7 7 16605
335 4823776 671 4 7 1
336 4823776 671 3 4 1342
337 4823776 671 6 2 6
338 4823776 671 1 9 17
339 4823776 671 4 3 61
340 4838802 675 2 9 21
341 4855303 681 9 4 1319
342 4855303 681 7 5 12
343 4915103 683 3 0 1
344 4915103 683 8 6 10
345 4915103 683 9 1 25
346 4915103 683 8 2 3054
347 4915103 683 10 9 30
348 4915103 683 6 10 16
349 4915103 683 0 0 1
350 4963433 690 0 1 12
351 4963433 690 4 2 11
352 4998137 693 8 10 1001
353 5116342 695 5 6 1
354 5116342 695 2 6 1
355 5116342 695 6 1 3
356 5116342 695 9 10 1
357 5116342 695 0 7 2
358 5116342 695 6 8 1
359 5116342 695 3 7 5
360 5116342 695 9 5 7
361 5116342 695 0 2 793
362 5121163 697 4 6 1569
363 5148128 698 5 0 4
364 5149501 700 9 4 4666
365 5162408 701 2 9 1
366 5162408 701 10 2 7
367 5185575 702 4 6 22
368 5185575 702 4 9 6
369 5185575 702 0 1 25
370 5208956 703 2 1 49
371 5208956 703 2 4 57
372 5290141 718 3 8 2911
373 5290141 718 10 10 10
374 5290141 718 1 1 6
375 5290141 718 1 3 15
376 5311005 723 3 10 11
377 5329380 727 6 5 7
378 5361231 732 9 3 7
379 5361760 733 10 8 12
380 5388490 735 6 2 5
381 5407639 739 10 2 39026
382 5470210 741 0 0 15797
383 5470210 741 6 7 14
384 5482128 744 6 3 1
385 5495026 749 9 5 1
386 5550041 751 5 9 15
387 5550041 751 9 5 343
388 5550041 751 0 3 1455
389 5550041 751 6 7 3
390 5550041 751 0 7 3
391 5550041 751 8 6 55
392 5550041 751 8 2 2628
393 5560028 752 7 1 168
394 5633728 766 3 3 1
395 5633728 766 3 5 13
396 5657958 768 8 7 6
397 5657958 768 8 5 373
398 5688185 781 0 3 77
399 5698704 787 8 4 6
400 5703023 790 7 8 37
401 5754647 819 7 3 21
402 5863217 822 5 6 4
403 5863217 822 5 7 138
404 5863217 822 0 1 1
405 5863217 822 5 9 3
406 5863217 822 1 1 1
407 5863217 822 8 0 1
408 5949200 823 10 0 8
409 5949200 823 1 6 1980
410 5949200 823 5 2 6
411 5949200 823 5 3 6
412 5949200 823 2 3 1
413 5949200 823 2 4 3553
414 5949200 823 5 4 3553
415 5949200 823 10 2 12
416 5949200 823 8 4 3553
417 5949200 823 10 10 1
418 5976451 825 4 2 27
419 5976451 825 0 2 27
420 5976451 825 1 9 18
421 5991905 830 3 5 172
422 5991905 830 1 2 42
423 5992794 832 1 1 30673
424 6028923 837 6 9 79
425 6044402 842 1 10 21
426 6061794 848 8 4 118
427 6063050 850 5 2 5
428 6090679 860 9 6 11
429 6099877 861 3 3 2378
430 6166749 864 9 4 5
431 6166749 864 10 7 1
432 6166749 864 8 8 113
433 6166749 864 6 9 70
434 6166749 864 8 1 4
435 6166749 864 1 9 35
436 6197329 874 2 2 46
437 6213101 881 5 2 2247
438 6260893 886 1 3 48
439 6260893 886 4 5 25
440 6260893 886 4 1 5
441 6316648 894 7 10 33
442 6316648 894 4 3 12
443 6316648 894 3 7 3
444 6316648 894 4 8 1
445 6316648 894 5 3 6
446 6343990 896 4 2 38
447 6356993 899 6 6 12658
448 6378490 903 1 4 337
449 6425461 911 3 0 682
450 6437953 914 2 3 171
451 6471746 925 8 0 184
452 6484801 926 7 0 37
453 6485704 927 7 0 85
454 6486793 928 0 10 51
455 6593650 929 6 8 4
456 6593650 929 8 1 1
457 6593650 929 9 4 878
458 6593650 929 6 10 1
459 6593650 929 3 7 2
460 6593650 929 8 2 21
461 6593650 929 3 1 1
462 6593650 929 1 0 2
463 6593650 929 5 5 682
464 6656973 930 4 10 683
465 6656973 930 10 3 15
466 6656973 930 8 3 15
467 6656973 930 0 2 7
468 6714160 931 8 6 8
469 6714160 931 1 10 901
470 6714160 931 10 5 349
471 6714160 931 10 1 10
472 6714160 931 3 9 2119
473 6752001 932 2 0 4
474 6752001 932 5 8 6
475 6761081 937 4 6 76
476 6762211 938 9 5 48
477 6876606 941 0 7 1
478 6876606 941 9 8 1
479 6876606 941 1 2 2
480 6876606 941 0 6 34
481 6876606 941 3 9 1305
482 6902715 950 2 8 14
483 6906230 953 1 3 14
484 6907345 955 9 4 12686
485 6911606 957 7 9 35
486 6925926 959 10 3 152
487 6925926 959 10 5 196
488 6940593 965 9 8 9024
489 7011505 967 0 9 2
490 7011505 967 5 6 3080
491 7011505 967 0 6 9242
492 7011505 967 5 3 4
493 7011505 967 0 3 4
494 7011505 967 7 6 3080
495 7053264 973 0 10 26
496 7090681 993 4 1 115
497 7106364 994 9 0 3
498 7106364 994 8 4 38
499 7106364 994 10 5 81
