11 227 500
0 60259 0 9 2 76
1 229985 3 10 4 3213
2 229985 3 5 3 126
3 420395 9 1 4 2
4 590162 13 8 8 1
5 590162 13 7 9 48707
6 772087 17 5 5 16
7 772087 17 9 9 658
8 772087 17 3 5 16
9 772087 17 2 4 12
10 906279 21 3 3 9711
11 906279 21 3 8 86
12 978614 27 3 0 130
13 1066704 29 10 10 175
14 1066704 29 10 6 2425
15 1205327 38 8 5 55
16 1302430 44 1 2 89
17 1359708 50 7 8 1
18 1359708 50 7 0 44
19 1720383 51 3 6 1
20 1720383 51 3 10 1
21 1720383 51 2 10 1
22 1720383 51 0 10 1
23 1761954 58 8 2 1566
24 1941231 59 8 0 4
25 1941231 59 5 8 15
26 1941231 59 1 1 67
27 1941231 59 2 5 14
28 1945409 60 6 6 322
29 1977224 61 10 4 63
30 2043927 66 0 5 116
31 2043956 67 1 7 10
32 2406543 75 6 0 11
33 2406543 75 2 8 1
34 2406543 75 3 1 591
35 2406543 75 6 9 1
36 2406543 75 4 7 4
37 2406543 75 1 10 3
38 2454922 79 10 3 38
39 2766893 84 10 8 6
40 2766893 84 2 8 1
41 2766893 84 2 9 84
42 2766893 84 10 2 77
43 2841694 89 7 8 6309
44 2874847 91 4 2 550
45 2894997 93 7 7 13
46 2894997 93 9 10 67
47 2921290 94 10 5 756
48 2981259 97 5 9 3687
49 3148288 99 9 2 19
50 3148288 99 9 4 28
51 3148288 99 0 6 10
52 3148288 99 0 7 38
53 3148288 99 0 10 3070
54 3148288 99 7 4 28
55 3148288 99 9 5 5
56 3434582 102 3 10 21
57 3434582 102 3 6 1
58 3434582 102 2 7 1
59 3624880 108 7 7 76
60 3624880 108 5 10 3
61 3793576 123 10 10 32
62 3809810 125 0 2 16
63 3893558 127 0 8 19017
64 4270483 137 1 7 3
65 4270483 137 5 0 8
66 4270483 137 9 7 3
67 4270483 137 1 9 2136
68 4270483 137 6 8 39
69 4270483 137 0 6 9
70 4270483 137 4 0 56
71 4270483 137 8 8 9
72 4270483 137 3 4 99
73 4340995 143 0 3 45
74 4340995 143 0 9 7
75 4340995 143 0 5 3991
76 4489444 153 8 9 37
77 4716379 154 2 1 33
78 4716379 154 4 6 460
79 4716379 154 4 1 16
80 4743515 158 5 2 59
81 5011463 160 1 6 2
82 5011463 160 9 3 10
83 5011463 160 9 1 1
84 5111686 162 6 3 191
85 5111686 162 5 3 574
86 5111686 162 3 1 1445
87 5112651 163 4 3 297
88 5215322 170 3 6 163
89 5215322 170 3 9 3937
90 5216163 171 4 8 604
91 5239928 172 4 10 18
92 5288710 174 5 2 9
93 5387791 177 3 2 1
94 5387791 177 3 0 359
95 5521551 192 3 8 53
96 5521551 192 3 2 14
97 5748914 198 0 3 2
98 5748914 198 4 9 7
99 5773455 202 3 2 18
100 5773455 202 3 1 8
101 5835603 203 7 7 7494
102 5835603 203 7 8 150
103 5835603 203 7 1 21
104 5891073 209 8 5 39
105 5953770 210 9 3 1
106 6064885 227 4 7 1033
107 6067154 228 3 2 31
108 6067154 228 9 2 15
109 6171498 229 0 10 5
110 6171498 229 0 4 17
111 6297568 230 8 7 2487
112 6297568 230 8 4 78
113 6541950 233 1 8 5
114 6541950 233 7 4 1153
115 6541950 233 4 8 5
116 6541950 233 0 2 13
117 6651505 237 4 2 27
118 6944440 241 3 1 18
119 6944440 241 1 8 1
120 7135392 259 8 8 8101
121 7135392 259 8 0 89
122 7135392 259 2 7 25
123 7413068 262 9 7 1
124 7413068 262 0 0 19
125 7413068 262 2 9 15
126 7413068 262 9 1 30
127 7476652 268 5 0 210
128 7602465 282 8 3 286
129 7642178 285 4 3 17
130 7642178 285 4 1 297
131 8080084 287 1 6 48
132 8080084 287 8 6 24
133 8080084 287 5 5 70
134 8080084 287 7 0 74
135 8080084 287 0 5 17
136 8243337 291 7 2 3435
137 8392985 292 0 8 218
138 8496093 298 9 8 8519
139 8682688 303 8 10 14
140 8682688 303 3 9 204
141 8849494 308 6 8 78
142 9141812 317 10 7 1004
143 9141812 317 5 5 5789
144 9141812 317 0 4 10
145 9141812 317 8 10 110
146 9158209 319 6 10 78
147 9226451 324 6 5 7
148 9226451 324 1 5 7
149 9358552 328 7 8 44
150 9358552 328 1 3 1
151 9358552 328 8 9 2
152 9396872 330 0 4 194
153 9428293 335 1 9 28
154 9428293 335 1 10 1509
155 9531294 339 5 10 8843
156 9531294 339 3 7 31
157 9636372 340 5 8 451
158 9636372 340 3 2 3
159 9654324 342 9 4 133
160 9711201 349 8 6 1136
161 9729604 351 8 1 221
162 9764468 353 0 4 219
163 9782457 357 2 8 157
164 9849496 362 0 2 1
165 9891131 366 9 5 2928
166 9891131 366 7 2 23
167 10053432 370 9 5 1
168 10165887 382 8 0 15
169 10188192 386 10 3 976
170 10202490 387 9 9 1
171 10272187 388 7 8 88
172 10279434 389 6 2 16284
173 10516710 390 3 5 6
174 10516710 390 5 6 10335
175 10516710 390 3 4 27
176 10603884 392 6 4 427
177 10603884 392 1 5 5135
178 10603884 392 1 4 854
179 10915192 395 1 10 10
180 10915192 395 3 6 54
181 10915192 395 5 8 66
182 10915192 395 4 7 1
183 11076673 402 2 7 17
184 11076673 402 9 2 1
185 11076673 402 2 6 88
186 11160097 407 2 5 310
187 11160097 407 2 7 98
188 11370141 409 10 4 4
189 11370141 409 1 10 10
190 11370141 409 10 7 1
191 11370141 409 5 2 7
192 11484350 413 9 2 3014
193 11484350 413 9 1 56
194 11994892 428 10 2 1
195 11994892 428 3 2 2
196 11994892 428 7 8 2
197 11994892 428 8 5 822
198 11994892 428 4 8 2
199 11994892 428 0 2 2
200 12204633 430 10 2 18
201 12204633 430 4 7 17
202 12256490 436 0 3 109
203 12305120 443 6 3 83
204 12331103 445 8 0 52
205 12550326 457 8 10 5
206 12550326 457 2 6 6
207 12550326 457 7 1 3
208 12550326 457 4 4 1
209 12629720 460 1 4 4695
210 12791915 461 2 9 3
211 12791915 461 1 7 1
212 12791915 461 0 8 9
213 12791915 461 0 4 5
214 12791915 461 6 10 1
215 12791915 461 1 2 11
216 13322449 466 10 8 1
217 13322449 466 2 2 50
218 13322449 466 9 3 1801
219 13322449 466 1 10 2
220 13322449 466 8 3 1801
221 13322449 466 0 10 6
222 13322449 466 1 1 2
223 13322449 466 7 10 2
224 13448287 467 1 1 2
225 13448287 467 6 0 430
226 13482828 468 7 1 79
227 13491229 469 6 1 4673
228 13519477 471 5 10 923
229 13519477 471 10 10 2769
230 13697281 473 8 2 15
231 14138670 475 3 5 5
232 14138670 475 7 10 5
233 14138670 475 3 2 1
234 14138670 475 7 8 5
235 14138670 475 7 5 2
236 14138670 475 1 7 9
237 14138670 475 2 9 5
238 14138670 475 6 5 2
239 14138670 475 1 10 5
240 14186239 477 2 5 349
241 14240936 482 4 2 222
242 14359759 489 0 0 785
243 14359759 489 9 10 7526
244 14807019 498 10 1 35
245 14807019 498 0 0 43
246 14807019 498 4 10 13
247 14807019 498 0 2 4
248 14807019 498 7 6 1
249 14874410 504 3 9 1629
250 14874410 504 0 10 30
251 15112661 507 7 4 4287
252 15112661 507 2 2 28
253 15112661 507 4 3 2
254 15112661 507 6 3 7
255 15112661 507 10 1 1
256 15112661 507 9 2 5
257 15112661 507 10 4 1429
258 15112661 507 8 7 145
259 15112661 507 3 9 21
260 15206240 510 7 6 71
261 15455542 513 9 9 40
262 15455542 513 1 6 240
263 15455542 513 5 1 21
264 15455542 513 8 6 80
265 15455542 513 1 2 6
266 15696252 542 1 10 78241
267 15696252 542 1 9 38
268 15745039 549 5 5 264
269 15834018 551 1 9 9759
270 16286192 555 7 4 829
271 16286192 555 5 6 23
272 16286192 555 5 10 1
273 16286192 555 0 9 2
274 16286192 555 2 5 1
275 16286192 555 6 6 23
276 16286192 555 3 6 47
277 16286192 555 4 1 191
278 16286192 555 10 1 95
279 16286192 555 3 10 1
280 16286192 555 6 9 35
281 16524483 558 1 1 97
282 16541026 560 3 2 29
283 16637708 563 10 2 11
284 16842760 569 1 2 13
285 16842760 569 10 7 1
286 16867934 574 8 5 178
287 17014002 576 6 9 146
288 17014002 576 1 6 4
289 17014002 576 1 1 1
290 17014002 576 0 3 30
291 17036821 578 3 0 66
292 17115063 582 4 1 20340
293 17222367 591 1 10 5
294 17252848 597 3 4 14
295 17252848 597 7 4 43
296 17396983 602 6 2 848
297 17396983 602 8 9 57
298 17462767 608 8 4 11
299 17463874 609 9 8 117
300 17885576 612 8 1 13
301 17885576 612 9 9 8
302 17885576 612 1 5 120
303 17885576 612 0 4 26
304 17885576 612 7 2 448
305 17885576 612 1 3 1
306 17885576 612 3 9 1
307 17917386 613 3 0 119
308 18274816 616 6 9 11
309 18274816 616 1 9 5
310 18274816 616 5 0 494
311 18274816 616 3 5 1227
312 18274816 616 6 1 2
313 18274816 616 9 1 1
314 18281633 617 4 2 116
315 18304383 619 8 6 91
316 18336475 621 6 8 18
317 18447515 628 1 5 389
318 18485863 631 9 6 70
319 18575231 633 5 2 6
320 18614308 635 5 2 135
321 18637131 637 10 10 8
322 18886748 644 3 0 8
323 18886748 644 4 6 1
324 18886748 644 9 10 2
325 18886748 644 1 3 10
326 18886748 644 0 0 25
327 18901822 647 1 3 1338
328 18920595 656 0 0 126
329 18959788 663 1 1 14315
330 18961799 664 5 3 26
331 18994006 668 5 7 18
332 19295107 671 7 6 8
333 19295107 671 3 1 4531
334 19295107 671 3 2 6
335 19295107 671 5 4 1342
336 19295107 671 10 10 4
337 19386285 678 8 6 409
338 19660415 683 0 9 15
339 19660415 683 7 3 29
340 19660415 683 9 1 25
341 19958651 692 7 10 12
342 20465371 695 8 6 145
343 20465371 695 1 9 214
344 20465371 695 0 1 3
345 20465371 695 4 10 1
346 20465371 695 4 4 1
347 20484653 697 1 10 15
348 20592512 698 10 5 51
349 20592512 698 5 2 25
350 20649635 701 10 2 7
351 20742302 702 4 3 13
352 20742302 702 4 7 81
353 20835827 703 9 7 548
354 20835827 703 2 0 74
355 20835827 703 2 4 57
356 20835827 703 2 7 1370
357 20835827 703 2 1 49
358 20872702 709 2 9 9272
359 20986918 717 9 7 35
360 21160564 718 7 1 13
361 21244020 723 3 0 39
362 21444926 732 7 8 39
363 21444926 732 6 5 66
364 21444926 732 9 8 39
365 21553962 735 6 2 5
366 21880840 741 8 10 2
367 21880840 741 0 0 15797
368 21880840 741 10 2 3
369 21928514 744 5 8 302
370 21980104 749 9 5 1
371 22200166 751 7 4 13
372 22200166 751 1 2 119
373 22200166 751 6 4 13
374 22200166 751 7 1 30
375 22200166 751 0 9 15
376 22296624 755 9 5 4130
377 22296624 755 9 9 56
378 22357792 757 3 0 7
379 22403520 764 3 2 84
380 22534914 766 2 6 14
381 22534914 766 7 5 41
382 22631833 768 0 4 59
383 22631833 768 8 2 620
384 22631833 768 0 8 21
385 22631833 768 0 2 36
386 22638941 772 1 1 94
387 22767864 784 4 10 191
388 22794817 787 6 4 33
389 22818177 794 4 6 74
390 22912873 804 4 10 98
391 22929156 806 5 0 104
392 23452871 822 4 6 8
393 23452871 822 0 0 1
394 23452871 822 3 8 239
395 23452871 822 9 1 1
396 23452871 822 6 6 4
397 23452871 822 0 10 3
398 23452871 822 1 1 1
399 23452871 822 1 2 9
400 23452871 822 10 0 1
401 23796803 823 5 7 751
402 23796803 823 8 10 1
403 23796803 823 5 5 2996
404 23796803 823 2 9 1
405 23905806 825 10 0 17
406 23905806 825 6 9 56
407 23905806 825 0 2 27
408 23905806 825 10 4 62
409 23905806 825 6 5 16
410 23967621 830 8 2 21
411 23967621 830 1 2 42
412 24046699 833 7 6 12731
413 24097242 834 8 5 908
414 24097242 834 7 4 4
415 24177611 842 1 2 12
416 24252203 850 5 2 5
417 24263631 852 3 9 48
418 24324967 857 9 10 21849
419 24362527 859 6 6 60
420 24666998 864 2 7 1
421 24666998 864 5 6 17
422 24824478 879 1 5 24
423 25043572 886 4 6 555
424 25043572 886 8 8 20
425 25043572 886 3 8 20
426 25043572 886 9 7 4
427 25043572 886 10 4 19
428 25266595 894 9 10 33
429 25266595 894 9 1 4
430 25266595 894 0 9 35
431 25266595 894 2 1 4
432 25266595 894 5 7 1
433 25266595 894 8 3 6
434 25375963 896 8 9 10
435 25375963 896 1 3 1586
436 25427975 899 6 8 4891
437 25513961 903 1 10 49
438 25541673 905 5 8 95
439 25664519 909 9 5 138
440 25664519 909 9 7 11407
441 25664519 909 9 4 1528
442 25701846 911 1 0 682
443 25774937 916 7 3 49
444 25833661 920 2 10 8
445 25885722 924 10 6 1
446 25885722 924 0 6 1
447 25939204 926 7 4 65
448 25939204 926 7 5 9235
449 25942817 927 7 0 85
450 25947175 928 1 10 51
451 26374600 929 0 7 2
452 26374600 929 9 1 2
453 26374600 929 8 1 1
454 26374600 929 6 8 4
455 26374600 929 6 7 4
456 26627895 930 3 0 2492
457 26627895 930 8 2 7
458 26627895 930 3 4 7804
459 26627895 930 2 8 1548
460 26856642 931 0 6 17
461 26856642 931 6 9 2119
462 27008006 932 9 2 902
463 27008006 932 2 0 4
464 27008006 932 6 10 47
465 27008006 932 4 6 4
466 27506426 941 4 5 41
467 27506426 941 0 3 1
468 27506426 941 5 1 192
469 27506426 941 2 2 5
470 27506426 941 1 2 2
471 27506426 941 2 1 96
472 27506426 941 4 1 192
473 27506426 941 0 7 1
474 27506426 941 8 4 11
475 27506426 941 1 3 1
476 27506426 941 8 9 1305
477 27506426 941 6 2 5
478 27562342 948 0 7 18
479 27703706 959 10 5 196
480 27745720 961 5 5 343
481 27745720 961 0 5 343
482 28046022 967 6 3 8
483 28046022 967 6 2 15
484 28046022 967 0 2 15
485 28046022 967 0 5 43
486 28046022 967 0 1 369
487 28083832 970 8 4 16
488 28083832 970 4 4 50
489 28099164 971 10 8 30
490 28099164 971 1 8 30
491 28213059 973 2 2 3
492 28213059 973 0 9 112
493 28213059 973 0 8 2624
494 28213059 973 2 8 1312
495 28362726 993 4 6 32
496 28362726 993 4 1 115
497 28362726 993 4 8 12709
498 28425459 994 0 5 16
499 28451068 997 6 3 22
