11 238 500
0 15064 0 9 1 6
1 15064 0 1 0 2
2 57496 3 5 2 11041
3 57496 3 5 3 126
4 66551 4 7 5 43
5 76089 8 10 0 624
6 105098 9 4 7 39
7 105098 9 1 3 74
8 147540 13 7 9 48707
9 147540 13 7 8 3
10 193021 17 10 7 2
11 193021 17 0 7 2
12 226569 21 3 8 86
13 226569 21 4 2 6055
14 235454 25 4 0 1977
15 245103 28 0 8 53
16 291999 37 6 8 61
17 318249 41 10 3 35
18 339927 50 9 0 44
19 430095 51 8 7 5
20 430095 51 10 4 15
21 430095 51 7 4 15
22 430095 51 7 6 9
23 485307 59 1 7 13
24 485307 59 8 5 14
25 494306 61 2 1 230
26 510981 66 0 10 2896
27 531169 70 10 6 45
28 544691 72 6 1 5
29 601635 75 4 1 1183
30 601635 75 1 7 1
31 601635 75 10 5 1270
32 609011 77 7 4 21
33 691723 84 3 3 8
34 691723 84 2 9 84
35 691723 84 3 2 308
36 710423 89 7 5 6
37 730322 94 7 5 2270
38 745314 97 6 9 1843
39 745314 97 5 9 3687
40 787072 99 0 0 203
41 787072 99 0 5 5
42 787072 99 9 9 85
43 858645 102 9 1 7
44 858645 102 5 2 483
45 858645 102 10 6 1
46 858645 102 3 7 1
47 871143 104 4 1 18
48 873188 106 4 9 39149
49 906220 108 7 2 1
50 906220 108 0 2 1
51 906220 108 7 4 34
52 910589 110 3 1 64
53 943173 118 7 5 16
54 952168 124 2 3 7
55 974452 128 2 0 5
56 985015 132 8 1 6
57 991957 134 0 9 76
58 991957 134 8 3 3
59 1009993 136 8 2 59
60 1067620 137 2 10 890
61 1067620 137 9 7 3
62 1067620 137 10 7 3
63 1067620 137 7 9 2136
64 1085248 143 0 5 3991
65 1113442 150 2 8 12718
66 1179094 154 5 0 2
67 1179094 154 9 2 6235
68 1252865 160 4 7 1
69 1252865 160 9 3 10
70 1252865 160 10 2 843
71 1252865 160 3 10 17
72 1252865 160 8 6 5
73 1252865 160 0 0 35
74 1277921 162 3 4 15
75 1277921 162 8 0 1899
76 1278162 163 4 3 297
77 1289719 165 4 4 14
78 1290401 166 7 4 13
79 1322177 174 1 3 36
80 1346947 177 0 3 10858
81 1364230 187 7 1 15
82 1380387 192 3 4 9
83 1437228 198 5 4 4
84 1488442 210 4 3 1
85 1542874 229 2 5 133
86 1542874 229 6 10 5
87 1542874 229 0 2 616
88 1574392 230 3 6 6
89 1576898 231 7 6 2
90 1635487 233 6 1 4
91 1635487 233 1 6 6
92 1635487 233 6 10 47
93 1635487 233 1 8 5
94 1635487 233 3 5 1
95 1638961 235 2 7 17
96 1736110 241 1 9 1226
97 1736110 241 7 1 6
98 1736110 241 6 9 1226
99 1736110 241 9 3 1
100 1736274 242 8 3 104
101 1744554 248 1 4 194
102 1753152 257 6 9 7792
103 1783848 259 5 7 25
104 1853267 262 9 8 7
105 1861949 263 9 10 1524
106 1863253 264 4 4 5132
107 1876905 269 4 7 59
108 1876905 269 4 8 138
109 2020021 287 5 0 3
110 2020021 287 10 4 1
111 2020021 287 5 7 807
112 2020021 287 10 10 61
113 2020021 287 0 3 11
114 2020021 287 9 0 1
115 2020021 287 5 5 70
116 2020021 287 5 6 170
117 2020021 287 4 8 5
118 2060834 291 8 5 103
119 2060834 291 7 1 1536
120 2060834 291 6 6 409
121 2060834 291 5 8 8
122 2060834 291 6 0 3
123 2060834 291 9 1 256
124 2098246 292 6 10 1
125 2098246 292 5 0 6
126 2098246 292 3 10 3
127 2098246 292 5 8 218
128 2098246 292 6 8 218
129 2170672 303 4 2 1892
130 2170672 303 2 1 25
131 2170672 303 10 0 1
132 2285453 317 1 2 3961
133 2285453 317 5 9 21
134 2285453 317 7 3 54
135 2285453 317 10 5 964
136 2339638 328 4 3 1
137 2339638 328 9 0 4
138 2349218 330 0 10 1364
139 2357073 335 1 8 44
140 2357073 335 1 6 179
141 2357073 335 1 9 28
142 2382823 339 5 10 8843
143 2409093 340 3 1 3
144 2409093 340 9 7 2998
145 2423167 346 6 5 978
146 2424655 347 8 9 74
147 2430794 350 9 6 38
148 2441117 353 0 7 193
149 2441117 353 0 6 5
150 2441117 353 0 2 34
151 2448950 359 6 9 55
152 2466330 363 8 4 62
153 2513358 370 4 9 46
154 2547048 386 10 3 976
155 2568046 388 0 10 199
156 2629177 390 5 10 1
157 2629177 390 7 8 767
158 2629177 390 4 5 20
159 2629177 390 3 9 174
160 2629177 390 1 4 27
161 2629177 390 9 1 110
162 2650971 392 8 4 427
163 2650971 392 1 5 5135
164 2653961 394 2 4 16746
165 2728798 395 4 0 881
166 2728798 395 6 2 1
167 2728798 395 8 3 10
168 2779053 406 4 0 35
169 2790024 407 2 9 3032
170 2842535 409 8 6 1
171 2842535 409 8 1 542
172 2842535 409 5 10 10
173 2842535 409 10 8 13
174 2842535 409 6 10 15
175 2842535 409 5 7 1
176 2871087 413 9 9 16
177 2876272 417 6 2 58
178 2876413 418 6 5 259
179 2877112 419 3 8 77
180 2894020 422 1 7 4
181 2894020 422 6 2 4553
182 2998723 428 9 9 1
183 2998723 428 4 6 1
184 2998723 428 0 4 1
185 2998723 428 5 7 1
186 2998723 428 10 4 1
187 2998723 428 5 3 3
188 2998723 428 1 4 1
189 2998723 428 9 8 2
190 2998723 428 10 0 1
191 3051158 430 1 5 16
192 3051158 430 3 2 18
193 3051158 430 8 6 190
194 3051158 430 0 10 2
195 3051158 430 3 8 1
196 3064042 435 6 0 163
197 3076280 443 6 9 43
198 3079784 444 1 0 59
199 3086294 448 6 1 2
200 3091482 452 8 10 147
201 3137581 457 6 4 33
202 3197978 461 4 8 9
203 3197978 461 0 8 9
204 3201484 463 0 0 22
205 3330612 466 2 6 20
206 3330612 466 7 5 1
207 3330612 466 6 7 1
208 3330612 466 3 1 11
209 3362071 467 2 5 86
210 3362071 467 6 0 430
211 3362071 467 9 1 1
212 3362071 467 10 9 8
213 3362071 467 9 0 3875
214 3424320 473 0 2 7
215 3534667 475 5 5 15
216 3534667 475 3 10 5
217 3534667 475 9 8 2
218 3534667 475 1 3 23
219 3534667 475 3 9 5
220 3534667 475 8 3 1
221 3534667 475 2 7 4
222 3546559 477 2 2 17757
223 3546559 477 2 9 103
224 3554957 479 1 9 1
225 3558905 480 4 8 89
226 3560234 482 4 2 222
227 3562580 483 10 10 8
228 3576008 487 5 2 306
229 3576008 487 5 3 3411
230 3589939 489 0 4 48
231 3589939 489 9 8 8
232 3589939 489 9 10 7526
233 3589939 489 2 4 48
234 3595868 492 8 7 3095
235 3599602 497 9 7 51
236 3701754 498 4 2 4
237 3701754 498 4 5 175
238 3701754 498 10 8 514
239 3701754 498 4 9 1
240 3701754 498 0 8 1028
241 3701754 498 0 3 1
242 3710333 499 7 7 71
243 3778165 507 5 5 49
244 3778165 507 1 3 2
245 3863885 513 2 7 5
246 3863885 513 3 9 20
247 3884958 526 8 2 56
248 3891128 529 3 9 374
249 3893262 531 3 0 195
250 3924063 542 1 3 210
251 3924474 544 7 5 54
252 3934020 547 4 7 18
253 3963851 553 2 2 3
254 4071548 555 5 9 2
255 4071548 555 9 5 1
256 4071548 555 6 3 202
257 4071548 555 10 0 4
258 4071548 555 0 8 7
259 4071548 555 2 6 94
260 4071548 555 0 6 47
261 4071548 555 7 10 4
262 4071548 555 3 9 4
263 4119925 557 3 4 51
264 4119925 557 3 6 36
265 4131120 558 1 7 123
266 4135256 560 2 2 8
267 4135256 560 6 0 10
268 4159427 563 10 1 192
269 4210690 569 5 7 1
270 4210690 569 7 7 1
271 4210690 569 3 1 1
272 4210690 569 8 2 26
273 4210690 569 1 0 52
274 4210690 569 0 1 65
275 4210690 569 6 5 1
276 4215699 573 10 5 50
277 4253500 576 1 0 51
278 4253500 576 6 9 146
279 4254609 577 0 0 2339
280 4288433 583 6 10 61
281 4298016 588 4 10 9
282 4349245 602 8 9 57
283 4350507 604 9 6 322
284 4363478 606 10 3 161
285 4363478 606 10 0 183
286 4363478 606 10 4 1308
287 4471394 612 4 7 2539
288 4471394 612 8 4 26
289 4471394 612 6 8 17
290 4471394 612 8 10 5
291 4471394 612 7 6 4
292 4471394 612 1 0 71
293 4471394 612 5 5 360
294 4479346 613 3 4 36562
295 4479581 614 6 5 252
296 4568704 616 8 10 854
297 4568704 616 10 9 2
298 4568704 616 9 6 36
299 4568704 616 2 7 200
300 4568704 616 4 3 20
301 4568704 616 6 0 494
302 4584816 623 5 1 96
303 4643807 633 5 4 225
304 4721687 644 9 1 6
305 4721687 644 9 9 54
306 4721687 644 9 2 101
307 4721687 644 3 10 1
308 4721687 644 1 4 647
309 4721687 644 1 6 1
310 4721687 644 8 7 92
311 4726844 650 7 10 29
312 4726910 651 5 8 25
313 4730148 656 0 0 126
314 4739871 661 7 0 13
315 4739871 661 9 0 13
316 4741708 665 8 8 45
317 4743242 666 4 3 2
318 4748501 668 5 0 9853
319 4823776 671 10 1 238
320 4823776 671 8 0 7
321 4823776 671 1 3 61
322 4823776 671 1 5 30
323 4823776 671 10 5 30
324 4825510 672 10 5 10
325 4838802 675 2 9 21
326 4838802 675 2 6 44
327 4846571 678 8 6 409
328 4915103 683 6 4 638
329 4915103 683 3 0 1
330 4915103 683 10 0 1
331 4915103 683 1 4 638
332 4920403 687 10 7 98
333 4932787 689 5 4 1591
334 4963433 690 0 2 81
335 4963433 690 8 7 6335
336 4963433 690 0 8 150
337 4989662 692 6 10 51
338 4989662 692 2 5 10
339 4998137 693 8 10 1001
340 4998137 693 8 5 224
341 5116342 695 8 8 1
342 5116342 695 1 1 3
343 5116342 695 2 8 1
344 5116342 695 6 6 1
345 5116342 695 5 9 214
346 5116342 695 8 3 26
347 5148128 698 2 1 3
348 5148128 698 2 4 268
349 5185575 702 0 4 649
350 5185575 702 4 6 22
351 5208956 703 2 9 325
352 5208956 703 2 10 81
353 5212853 706 2 4 2
354 5214465 708 7 4 12039
355 5228674 710 3 8 105
356 5242368 714 10 4 1126
357 5242651 715 8 7 12
358 5290141 718 2 8 1455
359 5290141 718 7 5 3430
360 5290141 718 6 10 2
361 5311005 723 3 8 7
362 5318978 724 6 0 16260
363 5361231 732 9 5 52
364 5388490 735 6 1 62
365 5388490 735 9 8 70
366 5388490 735 9 3 20
367 5388490 735 9 4 153
368 5388490 735 9 0 35
369 5397157 737 0 0 44
370 5397472 738 5 1 213
371 5470210 741 8 9 44
372 5470210 741 6 1 989
373 5470210 741 0 4 33
374 5470210 741 0 8 1
375 5550041 751 10 3 242
376 5550041 751 5 3 727
377 5550041 751 9 6 55
378 5550041 751 2 2 119
379 5550041 751 6 4 13
380 5550041 751 5 1 15
381 5560028 752 3 8 42
382 5589448 757 8 1 38
383 5657958 768 0 9 352
384 5665889 773 3 10 17
385 5669563 775 9 3 95
386 5680110 778 4 9 7
387 5680110 778 9 9 21
388 5695933 786 6 0 54
389 5703023 790 7 8 37
390 5703634 791 0 1 26
391 5715695 798 4 3 11778
392 5715695 798 4 4 100
393 5715714 799 2 10 54
394 5732289 806 3 0 10
395 5863217 822 6 7 8297
396 5863217 822 0 0 1
397 5863217 822 1 6 4
398 5863217 822 6 0 4
399 5863217 822 9 3 1
400 5863217 822 7 6 13
401 5863217 822 5 6 4
402 5863217 822 7 4 1
403 5863217 822 9 4 1
404 5863217 822 10 1 1
405 5863217 822 5 4 1
406 5863217 822 1 5 26
407 5863217 822 9 6 4
408 5949200 823 3 7 3756
409 5949200 823 10 9 1
410 5949200 823 3 2 6
411 5991905 830 2 7 448
412 6024310 834 8 5 908
413 6031736 840 10 1 81
414 6081241 857 9 1 1575
415 6081241 857 9 10 21849
416 6081241 857 9 8 57
417 6081241 857 9 0 2932
418 6082861 858 10 2 1
419 6099877 861 3 10 7689
420 6099877 861 3 7 1201
421 6108460 863 2 9 264
422 6166749 864 0 10 517
423 6166749 864 5 9 35
424 6166749 864 1 1 4
425 6174425 870 2 3 6
426 6197329 874 2 4 61
427 6205218 877 10 6 24
428 6213101 881 10 2 1685
429 6260893 886 7 0 14
430 6260893 886 6 5 25
431 6260893 886 7 7 8
432 6260893 886 5 9 751
433 6269340 888 10 1 119
434 6272653 890 8 10 13
435 6316648 894 2 5 30
436 6316648 894 2 4 56
437 6316648 894 5 3 6
438 6316648 894 10 10 33
439 6316648 894 3 2 11
440 6406867 907 4 6 136
441 6406867 907 2 4 4
442 6406867 907 4 1 233
443 6425787 912 8 1 71
444 6437953 914 2 3 171
445 6437953 914 4 3 171
446 6456196 919 8 1 1
447 6458415 920 6 9 28
448 6458415 920 8 9 28
449 6484801 926 7 5 9235
450 6593650 929 7 4 878
451 6593650 929 10 6 54
452 6593650 929 9 10 2
453 6593650 929 0 1 2
454 6593650 929 1 10 2
455 6593650 929 1 6 54
456 6593650 929 6 8 4
457 6593650 929 0 9 8
458 6593650 929 7 2 8
459 6593650 929 10 9 4
460 6656973 930 2 1 28
461 6656973 930 4 2 7
462 6656973 930 1 5 22
463 6656973 930 0 8 309
464 6656973 930 8 7 10
465 6656973 930 3 7 10
466 6656973 930 0 6 26
467 6714160 931 4 1 10
468 6714160 931 4 3 49
469 6714160 931 2 0 11622
470 6714160 931 5 1 10
471 6714160 931 5 10 225
472 6714160 931 7 5 2443
473 6752001 932 7 10 23
474 6752001 932 0 6 9
475 6752001 932 8 4 43
476 6752001 932 7 1 6232
477 6758492 935 5 1 1573
478 6775204 940 0 10 1313
479 6876606 941 1 7 1
480 6876606 941 10 2 2
481 6876606 941 7 7 2
482 6876606 941 7 6 5
483 6876606 941 2 6 5
484 6876606 941 8 7 1
485 6876606 941 1 1 1248
486 6878110 943 6 0 1
487 6902715 950 3 8 7
488 6925926 959 10 6 11
489 7011505 967 4 6 6161
490 7011505 967 4 9 9
491 7011505 967 1 1 369
492 7011505 967 4 7 243
493 7011505 967 7 5 7
494 7011505 967 7 1 1476
495 7053264 973 0 9 112
496 7053264 973 2 10 26
497 7056224 975 6 8 1
498 7065624 979 4 8 1268
499 7080837 991 9 10 233
