11 239 500
0 13391 0 9 2 76
1 13391 0 1 6 24
2 51107 3 10 5 113
3 51107 3 9 7 63
4 93421 9 7 5 35
5 99127 10 4 1 8702
6 179016 18 1 2 19
7 201395 21 4 6 290
8 202705 22 6 5 14781
9 205474 23 8 10 4218
10 205608 24 7 4 6073
11 209292 25 3 0 5933
12 237045 29 10 7 2267
13 259554 37 8 9 4214
14 267850 38 2 1 190
15 267850 38 8 8 11723
16 289428 44 1 1 36
17 302157 50 10 4 2237
18 302157 50 2 0 44
19 382307 51 9 4 31
20 431384 59 5 6 19
21 431384 59 2 2 204
22 439383 61 2 1 230
23 454206 66 0 4 60
24 457690 68 10 4 23
25 457926 69 5 1 15911
26 472150 70 8 8 21
27 472150 70 8 7 1
28 534787 75 3 4 1
29 534787 75 7 10 7
30 535287 76 9 3 98
31 614865 84 10 6 1
32 614865 84 4 3 4
33 631487 89 7 3 43
34 649175 94 5 5 756
35 662502 97 1 9 1843
36 662502 97 10 9 5530
37 662502 97 8 9 1843
38 699619 99 7 4 28
39 699619 99 9 0 203
40 699619 99 7 1 40
41 699619 99 9 2 19
42 699619 99 9 3 63
43 763240 102 1 4 4
44 763240 102 8 7 78
45 763240 102 1 6 1
46 763240 102 4 6 1
47 763240 102 8 10 21
48 763240 102 7 4 16
49 774349 104 4 10 38979
50 776017 105 1 5 326
51 805529 108 6 4 68
52 805529 108 6 5 8
53 809413 110 3 7 345
54 821132 116 2 6 106
55 841373 122 6 1 49
56 843017 123 10 10 32
57 875572 133 5 1 154
58 881739 134 0 3 7
59 882152 135 1 8 667
60 897772 136 8 7 14
61 948996 137 6 8 39
62 948996 137 0 10 222
63 948996 137 9 4 99
64 948996 137 2 10 890
65 949835 138 4 5 109
66 954156 139 10 1 50
67 954730 141 5 8 67
68 964665 143 0 10 7810
69 990790 151 5 9 3
70 1048084 154 10 6 575
71 1048084 154 2 0 2
72 1054114 158 5 2 59
73 1113658 160 10 2 843
74 1113658 160 8 4 9
75 1113658 160 2 3 2
76 1113658 160 6 9 4
77 1113658 160 1 7 1
78 1135930 162 3 1 1445
79 1164428 172 4 2 54
80 1175269 174 6 6 96
81 1175269 174 2 3 36
82 1277536 198 0 2 2
83 1277536 198 10 0 5
84 1277536 198 5 4 4
85 1277536 198 5 5 1
86 1282990 202 3 2 18
87 1296800 203 7 9 14
88 1296800 203 8 10 2495
89 1323060 210 0 3 1
90 1325430 211 9 6 59
91 1327538 216 9 5 2
92 1343276 224 3 2 49443
93 1347752 227 4 7 1033
94 1399459 230 8 2 48
95 1399459 230 8 10 2
96 1453766 233 4 4 1153
97 1453766 233 3 2 4
98 1453766 233 10 8 26
99 1453766 233 6 10 47
100 1479369 238 3 9 432
101 1543209 241 1 2 1952
102 1543209 241 1 6 48
103 1543209 241 4 7 12
104 1549380 246 7 0 7
105 1551752 249 5 5 21
106 1554531 253 0 6 55
107 1585642 259 1 0 14
108 1647348 262 2 6 8
109 1647348 262 2 8 7
110 1647348 262 8 5 8
111 1698261 285 4 3 17
112 1795574 287 8 8 5
113 1795574 287 2 6 24
114 1795574 287 1 0 5
115 1795574 287 9 7 807
116 1795574 287 1 3 5
117 1795574 287 5 8 5
118 1795574 287 8 6 24
119 1795574 287 0 3 11
120 1831852 291 6 6 409
121 1831852 291 6 7 333
122 1831852 291 6 8 8
123 1831852 291 0 8 26
124 1831852 291 2 5 25
125 1831852 291 10 3 211
126 1865107 292 4 9 176
127 1891017 300 10 1 1505
128 1929486 303 8 0 1
129 1929486 303 2 1 25
130 1952379 304 2 10 977
131 1952379 304 2 4 11
132 1966554 308 6 6 76
133 1976724 311 6 4 133
134 1977787 312 6 10 391
135 2031513 317 7 3 54
136 2031513 317 9 1 14
137 2031513 317 5 5 5789
138 2031513 317 5 2 565
139 2031513 317 4 9 5
140 2079678 328 0 0 1
141 2079678 328 5 8 267
142 2079678 328 10 5 297
143 2079678 328 6 9 2
144 2081158 329 4 7 6
145 2088373 332 2 8 19
146 2095176 335 1 7 96
147 2118065 339 8 5 95
148 2141416 340 5 2 3
149 2158044 349 5 6 568
150 2171427 355 0 6 29
151 2183370 361 6 9 119
152 2188777 362 8 2 2
153 2188777 362 6 3 357
154 2198029 366 9 5 2928
155 2234096 370 1 3 30
156 2234096 370 9 2 1
157 2237890 373 6 3 66
158 2256678 380 10 4 157
159 2267220 387 9 9 1
160 2267220 387 3 9 1
161 2337046 390 7 5 20
162 2337046 390 8 7 38
163 2337046 390 6 7 6
164 2337046 390 6 6 114
165 2358925 393 2 1 46
166 2425598 395 10 1 3
167 2425598 395 1 3 52
168 2425598 395 5 5 177
169 2425598 395 6 5 177
170 2425598 395 10 4 1
171 2462383 403 4 8 15143
172 2462666 404 2 0 10
173 2526698 409 6 5 797
174 2526698 409 5 9 15
175 2526698 409 8 2 3
176 2552077 413 9 5 300
177 2552077 413 2 10 7
178 2552077 413 2 3 25
179 2552800 414 7 9 40
180 2557433 419 10 1 7
181 2557433 419 3 8 77
182 2572462 422 1 7 4
183 2582407 424 7 0 119
184 2665531 428 6 4 1
185 2665531 428 2 10 25
186 2665531 428 8 0 4
187 2665531 428 5 10 4
188 2665531 428 2 9 5
189 2665531 428 4 8 2
190 2665531 428 3 4 28
191 2665531 428 9 10 4
192 2665531 428 10 8 2
193 2665531 428 6 2 1
194 2665531 428 2 8 2
195 2665531 428 9 5 822
196 2665531 428 1 0 2
197 2712140 430 9 1 1051
198 2712140 430 10 2 18
199 2712140 430 8 8 1
200 2712140 430 9 8 1
201 2712140 430 10 1 1051
202 2740245 445 7 6 2
203 2743373 448 10 1 2
204 2788961 457 5 10 5
205 2788961 457 6 9 40
206 2806604 460 1 10 64
207 2842647 461 3 4 10
208 2842647 461 8 10 1
209 2842647 461 3 6 614
210 2960544 466 5 7 1
211 2960544 466 5 9 4
212 2960544 466 8 0 7
213 2960544 466 1 0 7
214 2960544 466 7 4 652
215 2960544 466 2 2 50
216 2960544 466 8 7 1
217 2960544 466 4 5 1
218 2960544 466 2 0 7
219 2960544 466 1 10 2
220 2960544 466 9 0 7
221 2988508 467 4 5 5
222 2988508 467 5 6 60
223 2988508 467 1 7 5
224 2988508 467 4 3 45
225 3043840 473 4 8 52
226 3043840 473 8 5 68
227 3043840 473 10 8 52
228 3141926 475 6 7 85
229 3141926 475 4 10 5
230 3141926 475 0 6 1
231 3141926 475 0 5 2
232 3141926 475 10 1 13
233 3141926 475 10 4 2
234 3141926 475 3 1 3
235 3141926 475 7 8 5
236 3141926 475 9 8 2
237 3141926 475 8 8 60
238 3152497 477 2 4 41
239 3178674 487 5 5 33572
240 3191057 489 9 10 7526
241 3290448 498 3 0 10
242 3290448 498 2 2 23
243 3290448 498 4 9 1
244 3290448 498 8 2 4
245 3290448 498 4 10 13
246 3290448 498 6 1 35
247 3290448 498 9 3 1
248 3290448 498 9 7 44
249 3290448 498 0 4 50
250 3290448 498 10 0 21
251 3305424 504 6 8 77
252 3305424 504 3 9 1629
253 3358369 507 10 1 1
254 3358369 507 6 4 2858
255 3358369 507 4 7 72
256 3358369 507 3 0 15
257 3358369 507 5 5 49
258 3358369 507 0 4 1429
259 3358369 507 5 1 2
260 3358369 507 0 0 12
261 3434564 513 0 5 345
262 3434564 513 10 9 20
263 3434564 513 1 6 240
264 3445954 516 10 3 54
265 3449974 522 4 9 174
266 3459399 530 3 10 50
267 3470940 535 0 7 12
268 3470940 535 1 7 6
269 3488056 542 1 1 3993
270 3488056 542 1 5 33196
271 3498897 549 8 5 792
272 3619153 555 9 5 1
273 3619153 555 3 10 1
274 3619153 555 5 4 3318
275 3619153 555 2 9 2
276 3619153 555 0 2 876
277 3619153 555 8 6 23
278 3619153 555 3 5 1
279 3619153 555 7 2 876
280 3619153 555 3 1 95
281 3619153 555 6 0 1
282 3619153 555 9 2 1752
283 3619153 555 4 3 202
284 3654133 556 5 5 3164
285 3662155 557 3 8 1648
286 3662155 557 3 4 51
287 3672107 558 1 6 81
288 3687999 562 10 2 37
289 3697268 563 10 8 1666
290 3697268 563 10 10 127
291 3742835 569 2 1 1
292 3742835 569 9 6 87
293 3742835 569 8 0 26
294 3742835 569 5 5 1
295 3742835 569 5 7 1
296 3742835 569 3 1 1
297 3747288 573 2 5 6
298 3811940 583 6 6 89
299 3814618 587 5 1 31
300 3820458 588 4 10 9
301 3865996 602 6 6 1
302 3865996 602 6 7 74
303 3865996 602 8 5 30
304 3865996 602 6 3 169
305 3878647 606 10 6 184
306 3878647 606 10 0 183
307 3890488 611 10 6 205
308 3890488 611 1 2 8
309 3974572 612 0 0 142
310 3974572 612 2 10 5
311 3974572 612 6 2 448
312 3974572 612 2 5 120
313 3974572 612 10 3 19
314 3974572 612 9 7 2539
315 3981641 613 3 2 20
316 4061070 616 0 7 200
317 4061070 616 5 2 1
318 4061070 616 10 9 2
319 4061070 616 1 3 20
320 4061070 616 9 5 1227
321 4061070 616 5 7 200
322 4061070 616 8 5 11051
323 4061070 616 0 10 12823
324 4061070 616 4 9 2
325 4061070 616 0 5 1227
326 4061070 616 7 5 3683
327 4061070 616 9 3 20
328 4061070 616 1 9 5
329 4077031 624 2 5 2839
330 4077711 625 9 0 34
331 4088191 626 2 7 117
332 4088191 626 2 0 55
333 4099447 628 1 7 2415
334 4100627 630 10 6 226
335 4131612 634 7 7 20
336 4141584 637 7 10 8
337 4147235 639 2 3 55
338 4148287 642 9 1 5170
339 4148961 643 1 4 19
340 4197055 644 0 7 92
341 4197055 644 1 0 8
342 4197055 644 1 6 1
343 4197055 644 7 6 1
344 4197055 644 6 5 15
345 4197703 645 4 8 20
346 4200760 648 9 2 178
347 4214851 665 8 8 45
348 4216215 666 9 3 2
349 4287801 671 10 1 238
350 4287801 671 4 2 13
351 4287801 671 2 9 68
352 4287801 671 5 4 1342
353 4315825 681 10 5 12
354 4368981 683 3 4 638
355 4368981 683 1 5 4
356 4373691 687 7 5 2915
357 4411940 690 0 10 48
358 4411940 690 4 7 527
359 4413101 691 10 2 74
360 4547860 695 6 5 49
361 4547860 695 1 8 1
362 4547860 695 4 3 4
363 4547860 695 2 9 1503
364 4547860 695 10 9 214
365 4547860 695 10 4 1
366 4547860 695 7 2 793
367 4547860 695 8 7 8
368 4547860 695 3 1 11
369 4547860 695 5 2 793
370 4547860 695 10 1 3
371 4547860 695 0 0 42
372 4547860 695 8 3 26
373 4576113 698 2 4 268
374 4576113 698 5 6 48
375 4576113 698 2 6 13
376 4609400 702 4 0 1187
377 4609400 702 3 1 61
378 4630183 703 9 0 37
379 4630183 703 9 4 57
380 4634040 707 6 1 13
381 4648430 711 9 10 28
382 4659883 714 2 2 9758
383 4702347 718 7 3 15
384 4702347 718 0 0 1
385 4702347 718 2 9 31
386 4702347 718 3 10 5
387 4702347 718 8 5 263
388 4702347 718 2 10 21
389 4720893 723 6 5 29
390 4727980 724 6 3 4789
391 4765539 732 4 6 4
392 4789769 735 9 0 35
393 4789769 735 6 2 5
394 4806790 739 10 0 372
395 4806790 739 10 9 6031
396 4862408 741 8 5 28
397 4862408 741 6 0 544
398 4862408 741 10 9 44
399 4862408 741 1 1 989
400 4862408 741 10 7 2
401 4862408 741 6 1 989
402 4873003 744 1 3 64
403 4874237 747 8 5 26
404 4884467 749 9 7 41
405 4933370 751 3 8 1
406 4933370 751 5 5 12
407 4942247 752 1 9 1
408 4968398 757 9 1 38
409 4972509 760 5 0 1472
410 5007758 766 5 5 54
411 5029296 768 0 10 47
412 5029296 768 8 0 103
413 5030003 771 0 3 264
414 5036346 773 8 10 34
415 5049839 779 4 1 18222
416 5055352 780 1 5 14
417 5069897 791 7 1 1
418 5095368 806 3 0 10
419 5098853 809 0 8 54
420 5099230 811 6 2 58
421 5100249 812 7 5 958
422 5115242 819 4 3 21
423 5211749 822 9 0 4
424 5211749 822 4 2 9
425 5211749 822 3 5 338
426 5211749 822 2 2 3
427 5211749 822 7 5 52
428 5211749 822 8 7 138
429 5211749 822 8 4 1
430 5211749 822 3 1 1
431 5211749 822 2 4 5
432 5211749 822 6 9 5
433 5211749 822 9 2 3
434 5211749 822 5 10 27
435 5288178 823 9 10 1
436 5288178 823 1 10 1
437 5288178 823 5 1 969
438 5290114 824 0 10 47
439 5312401 825 0 1 19
440 5312401 825 7 9 18
441 5312401 825 6 9 56
442 5312401 825 7 2 27
443 5326138 830 8 5 5
444 5343711 833 7 2 89
445 5354942 834 1 5 908
446 5377417 844 2 9 283
447 5422112 861 3 9 59
448 5481555 864 10 9 35
449 5481555 864 7 6 4
450 5481555 864 7 4 17
451 5495414 871 5 8 758
452 5516384 878 9 6 46
453 5523589 884 0 6 33
454 5565238 886 8 0 29
455 5565238 886 1 9 2254
456 5576366 891 2 8 118
457 5614798 894 3 1 19
458 5614798 894 10 9 35
459 5614798 894 5 7 1
460 5614798 894 0 9 35
461 5639102 896 9 9 30
462 5639102 896 3 9 10
463 5650661 899 6 8 4891
464 5657256 901 9 2 30
465 5740813 920 8 9 28
466 5764267 926 7 8 20
467 5861022 929 4 1 2
468 5861022 929 5 3 3
469 5861022 929 3 5 227
470 5861022 929 0 8 4
471 5861022 929 2 2 8
472 5861022 929 8 1 1
473 5917310 930 3 5 22
474 5917310 930 7 2 7
475 5917310 930 5 8 309
476 5968142 931 4 1 10
477 5968142 931 10 5 349
478 5968142 931 8 10 225
479 5968142 931 6 3 24
480 6016975 939 8 8 28526
481 6112539 941 3 3 2
482 6112539 941 10 10 36
483 6112539 941 7 6 5
484 6112539 941 3 0 5
485 6112539 941 2 3 1
486 6112539 941 7 2 5
487 6116272 946 1 9 112
488 6124964 948 6 6 791
489 6127330 949 10 4 3132
490 6138871 953 1 3 14
491 6156379 959 10 1 1320
492 6232449 967 0 10 13
493 6232449 967 1 8 44
494 6234978 968 1 3 51
495 6252450 972 10 5 263
496 6252450 972 10 7 53
497 6280554 979 4 8 1268
498 6284949 982 3 10 41
499 6316768 994 9 1 1
