11 238 500
0 120519 0 1 5 6
1 120519 0 1 8 28
2 128292 2 0 10 1004
3 459971 3 9 7 63
4 459971 3 10 7 31
5 459971 3 5 10 935
6 532415 4 6 8 9
7 532415 4 2 0 15
8 840790 9 7 4 2
9 840790 9 4 8 2
10 840790 9 4 2 98
11 840790 9 7 0 7
12 892147 10 8 1 870
13 1180324 13 8 10 297
14 1180324 13 8 1 265
15 1180324 13 1 9 30152
16 1544175 17 3 8 6
17 1883991 26 0 8 2366
18 2133408 29 2 10 58
19 2191334 31 5 6 1
20 2227769 35 7 10 74
21 2410654 38 10 1 381
22 2545999 41 10 6 244
23 2633587 48 10 8 53
24 2719417 50 7 10 526
25 2719417 50 9 0 44
26 3440766 51 0 3 107
27 3440766 51 10 8 21
28 3440766 51 3 10 1
29 3460870 54 0 10 4501
30 3501566 57 7 9 705
31 3523908 58 1 2 7830
32 3882463 59 1 2 204
33 3882463 59 1 7 13
34 3882463 59 8 2 204
35 3882463 59 5 7 26
36 3882463 59 8 9 18
37 3882463 59 8 6 19
38 4813086 75 6 5 231
39 4813086 75 5 6 14
40 4813086 75 6 10 7
41 4922119 80 7 4 194
42 5533786 84 10 10 2
43 5533786 84 10 9 1
44 5533786 84 2 9 84
45 5533786 84 6 7 65
46 5533786 84 3 4 5
47 5533786 84 2 8 1
48 5533786 84 7 6 1
49 5533786 84 3 7 21
50 5533786 84 7 1 8
51 5683389 89 7 10 53
52 5749695 91 1 2 10456
53 6296576 99 7 4 28
54 6296576 99 9 6 70
55 6296576 99 7 1 40
56 6296576 99 0 4 28
57 6869164 102 4 0 35
58 6869164 102 3 6 1
59 6869164 102 8 10 21
60 6869164 102 3 2 1451
61 7249761 108 3 10 3
62 7249761 108 3 6 15
63 7249761 108 0 2 1
64 7254007 109 3 0 33
65 7284718 110 3 3 4665
66 7390194 116 2 7 208
67 7617349 124 1 3 7
68 7787117 127 0 7 4651
69 7804778 130 7 10 226
70 7935659 134 6 3 3
71 7939372 135 1 8 667
72 8079951 136 8 5 496
73 8540966 137 7 4 99
74 8548518 138 9 5 109
75 8805059 146 8 8 999
76 8907536 150 2 4 17932
77 8907536 150 2 7 5692
78 8907536 150 2 2 69
79 8917110 151 5 9 3
80 9432758 154 2 10 2
81 9432758 154 7 3 56
82 9432758 154 3 9 11
83 9432758 154 8 9 11
84 10022927 160 0 10 5
85 10022927 160 10 3 7
86 10022927 160 8 10 5
87 10223372 162 0 4 30
88 10223372 162 2 4 15
89 10323212 166 10 4 13
90 10350258 168 2 2 15
91 10479857 172 6 8 29
92 10775582 177 0 8 1073
93 10775582 177 0 5 42
94 10802698 180 5 0 216
95 10913843 187 7 2 8
96 10913843 187 9 9 71
97 11043103 192 3 3 5872
98 11043103 192 3 4 9
99 11497828 198 8 5 1
100 11497828 198 5 9 31
101 11510197 201 5 5 64
102 11671207 203 8 1 5
103 11671207 203 7 8 150
104 11671207 203 7 4 4534
105 11737445 208 10 7 217
106 11907540 210 0 3 1
107 11907540 210 8 3 299
108 11947847 216 9 5 2
109 12082792 223 3 2 68
110 12089488 224 3 5 91
111 12342996 229 2 10 5
112 12342996 229 2 2 616
113 12595136 230 0 4 78
114 13083901 233 7 5 3
115 13303011 237 10 3 224
116 13385883 239 0 1 9
117 13888881 241 4 5 1682
118 13888881 241 4 6 1
119 13888881 241 4 1 6
120 13888881 241 7 0 9
121 13990784 253 0 6 55
122 14270784 259 8 5 600
123 14270784 259 9 3 623
124 14826136 262 8 5 8
125 14826136 262 2 5 1
126 14826136 262 3 1 30
127 14826136 262 2 6 8
128 14826136 262 4 5 1
129 14906027 264 4 4 5132
130 14942246 267 8 9 312
131 15074593 271 2 7 8
132 15089979 273 6 9 4
133 15204931 282 8 0 16296
134 16160168 287 6 10 7
135 16160168 287 8 9 1
136 16160168 287 0 2 6
137 16160168 287 9 2 3
138 16160168 287 2 1 3
139 16160168 287 5 2 28
140 16160168 287 2 9 1
141 16160168 287 10 6 24
142 16160168 287 7 5 2
143 16486675 291 5 8 8
144 16486675 291 9 9 548
145 16785971 292 4 9 176
146 16785971 292 8 1 1776
147 16785971 292 1 0 6
148 16810080 294 0 5 99583
149 16992187 298 1 10 121
150 16992187 298 9 9 5
151 17365377 303 9 8 649
152 17790519 311 9 4 3
153 18283624 317 7 1 42
154 18283624 317 0 4 10
155 18283624 317 2 0 4
156 18283624 317 3 4 10
157 18283624 317 9 0 4
158 18283624 317 3 7 1004
159 18326940 321 1 5 3080
160 18469899 326 7 7 118
161 18509612 327 1 10 1020
162 18509612 327 3 1 60
163 18856587 335 1 1 17
164 18928211 338 4 5 18
165 19062589 339 5 5 951
166 19272744 340 0 0 20
167 19272744 340 9 0 40
168 19272744 340 6 1 3
169 19397247 347 8 9 74
170 19627248 360 9 5 19696
171 19782263 366 7 2 23
172 19903820 369 1 8 28
173 20106864 370 4 9 46
174 20106864 370 5 9 23
175 20106864 370 8 3 10
176 20106864 370 2 5 1
177 20106864 370 1 10 35
178 20147366 375 9 0 228
179 20544374 388 7 4 84
180 20544374 388 7 10 17
181 20544374 388 0 4 28
182 21033420 390 3 5 6
183 21033420 390 0 9 349
184 21033420 390 6 6 114
185 21033420 390 7 6 114
186 21033420 390 6 7 6
187 21033420 390 0 10 1
188 21207769 392 9 0 19
189 21207769 392 4 4 427
190 21830385 395 10 1 3
191 21830385 395 10 2 2
192 21830385 395 6 9 17890
193 21830385 395 3 0 440
194 21830385 395 6 4 94
195 21830385 395 5 5 177
196 22153347 402 2 5 49
197 22153347 402 2 2 7
198 22153347 402 2 6 88
199 22164000 404 5 0 21
200 22232426 406 7 10 612
201 22320194 407 2 2 73
202 22740283 409 6 7 1
203 22740283 409 6 8 40
204 22740283 409 8 5 797
205 22740283 409 10 10 10
206 22740283 409 1 4 2
207 22740283 409 8 10 10
208 22740283 409 2 7 2
209 22740283 409 10 6 11
210 22740283 409 6 0 528
211 22740283 409 5 7 1
212 23152161 422 6 2 4553
213 23241667 424 7 5 282
214 23989784 428 8 3 7
215 23989784 428 8 7 1
216 23989784 428 2 4 1
217 23989784 428 3 4 28
218 23989784 428 10 1 668
219 23989784 428 10 0 1
220 23989784 428 0 3 3
221 23989784 428 3 1 1336
222 23989784 428 1 3 136
223 23989784 428 0 7 1
224 23989784 428 9 8 2
225 23989784 428 4 4 4
226 24409266 430 3 6 190
227 24409266 430 9 3 8
228 24409266 430 4 10 5
229 24409266 430 1 0 2
230 24409266 430 0 10 2
231 24409266 430 1 1 2103
232 24409266 430 5 5 8
233 24431802 431 6 0 184
234 24512337 435 6 6 24
235 24698914 449 9 6 39058
236 25100653 457 7 7 1
237 25100653 457 1 6 12
238 25100653 457 2 10 5
239 25136059 458 3 6 11201
240 25259441 460 1 8 47
241 25259441 460 1 2 8
242 25583830 461 2 1 11
243 25583830 461 9 4 42
244 25583830 461 4 8 9
245 25583830 461 3 0 16
246 26644898 466 6 5 1
247 26644898 466 5 4 217
248 26644898 466 6 0 7
249 26644898 466 9 4 217
250 26644898 466 6 8 1
251 26896574 467 6 5 5
252 26896574 467 6 8 7
253 27394563 473 2 7 26
254 28277340 475 6 10 10
255 28277340 475 8 0 1
256 28277340 475 5 2 1
257 28277340 475 7 9 5
258 28277340 475 3 1 3
259 28277340 475 7 1 10
260 28372478 477 2 1 282
261 28439657 479 0 9 1
262 28608066 487 5 4 344
263 28719518 489 8 8 98
264 29614038 498 8 7 7
265 29614038 498 9 6 1
266 29614038 498 0 8 1028
267 29614038 498 10 7 7
268 29614038 498 3 6 1
269 29614038 498 0 10 13
270 29614038 498 2 7 7
271 29682670 499 7 2 121
272 29748821 504 6 9 296
273 29759559 506 7 10 2637
274 30225322 507 5 1 2
275 30225322 507 7 10 178
276 30225322 507 4 4 1429
277 30225322 507 2 2 28
278 30225322 507 1 10 178
279 30225322 507 0 2 17
280 30225322 507 5 5 49
281 30225322 507 10 6 3
282 30412481 510 7 10 87
283 30911084 513 6 10 6
284 30911084 513 4 3 5
285 30911084 513 0 0 5
286 30911084 513 2 5 862
287 30928323 515 10 1 15
288 31259921 537 2 10 22
289 31295358 541 4 3 230
290 31472160 547 4 7 18
291 31553754 550 5 6 6
292 31553754 550 2 6 6
293 32572384 555 7 9 2
294 32572384 555 4 3 202
295 32572384 555 5 3 202
296 32572384 555 3 7 3
297 32572384 555 9 0 1
298 32572384 555 4 1 191
299 32572384 555 5 4 3318
300 32887204 556 0 0 1
301 32887204 556 5 5 3164
302 32887204 556 8 10 335
303 33082052 560 7 0 10
304 33191993 562 10 2 37
305 33275417 563 10 8 1666
306 33685520 569 2 1 1
307 33735868 574 8 5 178
308 34028004 576 1 2 102
309 34082204 580 3 8 25
310 34307467 583 6 9 208
311 34444734 591 10 1 1
312 34911074 607 10 9 5247
313 35014393 611 5 6 4930
314 35771153 612 2 7 2539
315 35771153 612 4 0 71
316 36549632 616 3 0 988
317 36549632 616 3 8 82
318 36549632 616 0 2 11
319 36549632 616 1 8 1
320 36549632 616 5 2 1
321 36549632 616 4 3 20
322 36549632 616 1 2 1
323 36549632 616 9 3 20
324 36549632 616 1 6 36
325 36549632 616 0 5 1227
326 36549632 616 8 0 6921
327 36693279 624 3 5 14198
328 36793720 626 2 1 8
329 37184511 634 7 5 82
330 37228617 635 5 0 102
331 37274263 637 10 10 8
332 37773497 644 5 0 8
333 37773497 644 8 7 92
334 37773497 644 5 8 908
335 37773497 644 7 5 10
336 37773497 644 3 8 908
337 37814756 650 10 10 29
338 37868472 660 7 7 16605
339 37988012 668 5 7 18
340 37988012 668 5 8 15767
341 38590215 671 0 8 5
342 38590215 671 2 1 476
343 38710416 675 2 6 44
344 38772571 678 7 6 409
345 38772571 678 8 9 660
346 38842426 681 7 5 12
347 39320831 683 1 1 50
348 39320831 683 9 1 25
349 39320831 683 1 4 638
350 39320831 683 6 8 5
351 39320831 683 4 10 16
352 39320831 683 5 9 15
353 39320831 683 2 4 1277
354 39707464 690 4 2 11
355 39707464 690 0 0 5775
356 40930743 695 3 5 7
357 40930743 695 1 8 1
358 40930743 695 2 7 1
359 40930743 695 6 3 4
360 40930743 695 3 7 5
361 40930743 695 10 9 214
362 41185025 698 10 10 32
363 41185025 698 2 4 268
364 41484605 702 0 2 28
365 42321128 718 6 1 6
366 42488041 723 3 6 66
367 42488041 723 6 8 7
368 42635047 727 10 10 104
369 42635047 727 8 0 769
370 42889853 732 7 2 240
371 42889853 732 4 6 4
372 42889853 732 4 2 240
373 43107925 735 6 0 70
374 43107925 735 6 8 280
375 43761680 741 5 7 2
376 43761680 741 1 1 989
377 43761680 741 5 2 3
378 43761680 741 4 9 14
379 43960209 749 4 7 20
380 43960209 749 2 9 1
381 44400333 751 1 2 119
382 44400333 751 1 0 23
383 44400333 751 2 8 1
384 44400333 751 6 10 17
385 44400333 751 0 2 119
386 44400333 751 3 9 108
387 44400333 751 10 10 17
388 44593249 755 9 2 84
389 44593249 755 9 3 269
390 44715584 757 1 0 7
391 44784347 761 2 5 45
392 45263667 768 8 8 1321
393 45263667 768 0 2 36
394 45263667 768 0 1 41
395 45327115 773 3 10 17
396 45352828 774 7 5 98
397 45624184 790 7 8 37
398 45725564 798 4 0 65
399 45825747 804 4 9 9
400 45825747 804 4 6 21
401 45906652 814 1 3 170
402 45966925 815 6 10 1677
403 46905743 822 2 0 1
404 46905743 822 7 3 5
405 46905743 822 5 10 27
406 46905743 822 6 2 3
407 46905743 822 10 0 1
408 46905743 822 1 3 3
409 46905743 822 9 3 1
410 46905743 822 7 1 1
411 46905743 822 1 7 276
412 46905743 822 8 5 156
413 46905743 822 3 6 4
414 46905743 822 4 7 138
415 46905743 822 9 2 3
416 46905743 822 4 5 52
417 47593607 823 10 2 12
418 47593607 823 2 4 3553
419 47593607 823 2 10 1
420 47593607 823 3 6 282
421 47811612 825 10 0 17
422 47811612 825 10 4 62
423 47858289 829 9 6 347
424 47935243 830 2 7 448
425 48093399 833 7 4 24511
426 48194485 834 1 5 908
427 48194485 834 8 10 1400
428 48194485 834 2 0 15
429 48429648 845 5 7 51
430 48488607 846 5 8 80
431 48649934 857 9 5 4
432 48649934 857 9 6 9641
433 48799016 861 3 4 112
434 49333997 864 1 8 226
435 49395406 870 2 3 6
436 49578636 874 2 10 51
437 50087144 886 3 8 20
438 50087144 886 1 3 48
439 50154726 888 10 1 119
440 50174320 889 6 2 173
441 50533190 894 5 9 71
442 50533190 894 3 2 11
443 50533190 894 0 5 1
444 50533190 894 4 7 10
445 50533190 894 8 4 18
446 50751926 896 3 0 1968
447 50855950 899 6 0 1733
448 50855950 899 6 8 4891
449 50915309 901 7 2 30
450 51027923 903 1 10 49
451 51083346 905 3 8 95
452 51083346 905 7 8 95
453 51254942 907 2 0 36
454 51403693 911 3 0 682
455 51649573 919 9 1 16
456 51649573 919 7 1 9
457 51771445 924 5 6 11
458 51878409 926 7 4 65
459 52749200 929 5 8 4
460 52749200 929 4 6 54
461 52749200 929 10 5 227
462 52749200 929 8 9 4
463 52749200 929 9 6 381
464 52749200 929 3 9 4
465 52749200 929 6 7 4
466 52749200 929 2 10 30
467 52749200 929 1 3 6
468 52749200 929 5 3 3
469 53255791 930 0 1 28
470 53713284 931 8 10 225
471 53713284 931 2 4 909
472 53713284 931 10 0 3169
473 53713284 931 6 10 225
474 53713284 931 6 3 24
475 53713284 931 7 5 2443
476 54023477 933 9 6 7857
477 54046947 934 8 7 122
478 54201634 940 0 9 5
479 55012853 941 0 1 96
480 55012853 941 1 5 13
481 55012853 941 2 3 1
482 55024885 943 6 0 1
483 55124684 948 1 6 11083
484 55259217 956 4 1 1266
485 55407412 959 10 6 11
486 55524746 965 10 8 564
487 56092044 967 7 9 4
488 56092044 967 6 7 243
489 56092044 967 6 5 7
490 56167665 970 4 3 16276
491 56272055 972 10 5 263
492 56272055 972 10 1 225
493 56426118 973 2 7 85545
494 56434196 974 2 10 4704
495 56449793 975 2 8 3
496 56470848 977 7 2 1705
497 56524992 979 0 1 41
498 56850919 994 9 0 3
499 56953016 998 5 3 1030
