11 227 500
0 40173 0 9 2 76
1 153323 3 10 0 2396
2 153323 3 5 3 126
3 280263 9 1 9 7
4 280263 9 7 2 19
5 280263 9 4 4 2
6 280263 9 7 1 19
7 280263 9 7 10 1
8 297382 10 2 1 870
9 304250 12 6 2 40
10 393441 13 8 1 265
11 394729 14 7 6 107
12 396639 15 3 6 109
13 514725 17 3 7 19
14 514725 17 9 10 1
15 514725 17 9 7 5
16 514725 17 10 7 2
17 514725 17 10 2 1578
18 604186 21 3 2 1009
19 616824 24 7 4 6073
20 711136 29 2 4 83
21 711136 29 10 10 175
22 711136 29 10 2 2926
23 711136 29 2 0 72
24 711136 29 10 9 5
25 711136 29 2 1 11
26 711136 29 10 4 20
27 716611 30 6 6 11
28 740328 34 3 5 1261
29 742589 35 7 5 100
30 778664 37 6 0 25
31 778664 37 0 8 6
32 778664 37 0 9 2107
33 848666 41 10 7 58
34 852778 42 8 0 5
35 878405 49 5 3 10203
36 1146922 51 0 4 15
37 1146922 51 3 8 13
38 1146922 51 8 9 1
39 1146922 51 10 1 30
40 1294154 59 5 6 19
41 1294154 59 1 0 2
42 1294154 59 5 8 15
43 1296939 60 6 6 322
44 1362637 67 1 7 10
45 1452511 72 6 10 83
46 1458244 74 3 7 8
47 1604362 75 2 8 1
48 1604362 75 7 10 7
49 1604362 75 9 5 115
50 1604362 75 8 9 1
51 1624030 77 7 4 21
52 1636614 79 10 3 38
53 1844595 84 10 6 1
54 1844595 84 4 9 6
55 1844595 84 2 8 1
56 1844595 84 7 0 7
57 1844595 84 6 9 6
58 1897941 90 8 3 184
59 1916565 91 1 2 10456
60 1947526 94 9 5 756
61 2098858 99 0 2 19
62 2098858 99 0 3 63
63 2098858 99 7 10 3070
64 2098858 99 9 8 1
65 2098858 99 7 8 5
66 2289721 102 2 10 21
67 2289721 102 6 0 35
68 2289721 102 3 10 21
69 2289721 102 4 6 1
70 2289721 102 10 5 57
71 2289721 102 2 4 4
72 2323049 104 4 5 74
73 2329432 107 6 2 1524
74 2416587 108 2 2 1
75 2416587 108 7 4 34
76 2428239 110 3 9 116
77 2435320 112 9 1 2
78 2645219 134 0 9 76
79 2693317 136 1 1 31
80 2693317 136 1 5 496
81 2846988 137 3 4 99
82 2846988 137 3 1 38
83 2893997 143 0 1 26
84 2935019 146 10 4 11
85 2935019 146 10 8 333
86 2946186 148 9 10 21
87 2969178 150 2 3 66
88 3144252 154 1 4 10
89 3144252 154 4 10 2
90 3144252 154 5 1 33
91 3340975 160 9 1 1
92 3340975 160 1 2 210
93 3340975 160 0 4 19
94 3340975 160 2 4 4
95 3340975 160 2 2 210
96 3407790 162 7 7 675
97 3407790 162 7 6 44
98 3407790 162 3 6 14
99 3439252 165 1 5 110
100 3525807 174 6 2 19
101 3637947 187 9 1 15
102 3637947 187 4 2 24
103 3657438 191 8 6 7153
104 3681034 192 3 9 1320
105 3681034 192 3 4 9
106 3832609 198 10 0 5
107 3832609 198 7 8 11
108 3969180 210 9 3 1
109 3997154 217 1 4 27
110 4043256 227 4 7 1033
111 4114332 229 6 3 14
112 4205062 231 4 6 2
113 4205062 231 0 6 2
114 4361300 233 7 7 85
115 4434337 237 4 1 55
116 4434337 237 10 2 55
117 4461961 239 8 1 9
118 4629627 241 9 8 23
119 4629627 241 3 4 28
120 4629627 241 6 5 1682
121 4629627 241 4 1 6
122 4629627 241 6 9 1226
123 4629627 241 6 8 1
124 4629627 241 7 2 3905
125 4629627 241 9 7 12
126 4648510 247 9 7 2966
127 4756928 259 3 1 891
128 4756928 259 0 7 51
129 4756928 259 1 0 14
130 4756928 259 4 7 25
131 4942045 262 0 3 1
132 4942045 262 8 10 55
133 4965197 263 4 10 1524
134 5068310 282 8 5 23
135 5386722 287 10 4 1
136 5386722 287 9 6 24
137 5386722 287 7 1 47
138 5386722 287 8 8 5
139 5386722 287 4 10 7
140 5386722 287 8 3 11
141 5386722 287 0 6 24
142 5386722 287 4 1 3
143 5386722 287 6 2 3
144 5386722 287 7 2 3
145 5495558 291 9 5 25
146 5495558 291 4 5 25
147 5495558 291 0 1 128
148 5495558 291 1 8 35
149 5495558 291 10 6 1228
150 5595323 292 1 0 6
151 5595323 292 0 1 197
152 5595323 292 3 0 12
153 5675550 301 1 6 4864
154 5788459 303 10 7 33
155 5788459 303 0 9 3069
156 5788459 303 2 2 1892
157 5857139 304 3 3 9291
158 5857139 304 2 9 58
159 5870394 305 4 7 38
160 5899662 308 6 4 147
161 6094541 317 3 7 1004
162 6094541 317 0 10 55
163 6094541 317 7 5 964
164 6150967 324 5 10 48
165 6150967 324 2 5 510
166 6239035 328 7 8 44
167 6239035 328 7 0 11
168 6239035 328 10 5 297
169 6243474 329 4 7 6
170 6285529 335 1 3 1
171 6307992 337 4 4 1536
172 6354196 339 8 3 215
173 6354196 339 5 10 8843
174 6354196 339 7 5 95
175 6354196 339 0 3 215
176 6354196 339 10 7 31
177 6424248 340 7 0 20
178 6424248 340 7 9 15
179 6424248 340 3 0 20
180 6424248 340 9 7 2998
181 6424248 340 7 1 11
182 6424248 340 0 2 3
183 6455089 345 7 3 13
184 6461778 346 6 5 978
185 6529221 358 1 8 49
186 6566331 362 8 2 2
187 6566331 362 0 2 1
188 6594087 366 7 2 23
189 6634606 369 2 7 23
190 6634606 369 10 3 6
191 6634606 369 2 0 17
192 6720266 379 1 3 2
193 6770035 380 10 0 984
194 6792128 386 9 3 488
195 7011140 390 0 10 1
196 7011140 390 5 0 14
197 7069256 392 0 5 3851
198 7069256 392 0 4 427
199 7069256 392 6 4 427
200 7076775 393 8 1 46
201 7276795 395 5 7 3
202 7276795 395 10 2 2
203 7276795 395 3 9 10223
204 7384449 402 2 5 49
205 7397600 405 2 5 15
206 7580094 409 5 0 528
207 7580094 409 8 0 1056
208 7580094 409 2 1 542
209 7580094 409 6 9 60
210 7580094 409 10 1 542
211 7580094 409 1 5 797
212 7593744 411 9 4 206
213 7656233 413 2 7 32
214 7656233 413 2 1 168
215 7670437 418 6 5 259
216 7717387 422 7 2 569
217 7747222 424 7 8 143
218 7747222 424 7 9 6021
219 7996594 428 10 2 1
220 7996594 428 1 0 2
221 7996594 428 4 8 2
222 7996594 428 0 1 668
223 7996594 428 4 5 822
224 7996594 428 8 2 2
225 7996594 428 10 6 1
226 8136422 430 0 2 18
227 8136422 430 7 4 3
228 8188904 440 4 10 4
229 8366884 457 2 10 5
230 8366884 457 10 10 5
231 8366884 457 5 10 5
232 8366884 457 2 1 1
233 8527943 461 3 2 27
234 8527943 461 5 5 163
235 8527943 461 3 0 16
236 8527943 461 6 10 1
237 8881632 466 1 10 2
238 8881632 466 3 10 2
239 8881632 466 0 10 6
240 8881632 466 9 8 1
241 8881632 466 5 6 8
242 8881632 466 0 5 6
243 8965524 467 4 0 1291
244 8988552 468 7 2 226
245 8988552 468 7 7 38
246 8988552 468 7 4 34
247 8998042 470 9 2 75
248 9012985 471 5 10 923
249 9425780 475 10 4 2
250 9425780 475 8 5 2
251 9425780 475 1 7 9
252 9425780 475 7 3 1
253 9425780 475 6 1 13
254 9425780 475 6 8 5
255 9425780 475 5 7 9
256 9425780 475 10 2 3
257 9425780 475 6 3 1
258 9425780 475 7 6 37
259 9425780 475 3 4 1
260 9536022 487 5 1 65
261 9598499 496 10 3 2626
262 9871346 498 2 9 1
263 9871346 498 2 5 526
264 9871346 498 10 0 21
265 9871346 498 1 3 1
266 9871346 498 3 6 1
267 9894223 499 7 4 225
268 10075107 507 0 3 2
269 10075107 507 7 4 4287
270 10075107 507 6 1 1
271 10075107 507 10 7 72
272 10082846 509 2 1 115
273 10137493 510 7 10 87
274 10137493 510 7 9 1
275 10303694 513 6 7 11
276 10303694 513 2 7 5
277 10303694 513 0 0 5
278 10303694 513 7 2 42
279 10303694 513 1 2 6
280 10303694 513 4 10 102
281 10303694 513 1 0 1
282 10349922 522 5 9 21
283 10415775 536 3 6 467
284 10490720 547 4 5 7822
285 10556012 551 9 1 7
286 10857461 555 6 0 1
287 10857461 555 2 10 32
288 10857461 555 9 5 1
289 10857461 555 0 10 5
290 10857461 555 4 9 2
291 10857461 555 2 1 191
292 10857461 555 2 5 1
293 10962401 556 8 0 1
294 10962401 556 0 0 1
295 10962401 556 9 1 1
296 10962401 556 8 1 1
297 10962401 556 5 7 31
298 10962401 556 3 0 1
299 11027350 560 6 0 10
300 11113494 565 1 8 222
301 11228506 569 9 0 26
302 11228506 569 2 9 2
303 11342668 576 10 10 989
304 11342668 576 1 2 102
305 11360734 580 0 8 233
306 11435822 583 6 4 5985
307 11481578 591 4 1 2
308 11481578 591 9 1 1
309 11481578 591 2 1 1
310 11498718 595 5 9 1
311 11597988 602 8 9 57
312 11597988 602 6 9 19
313 11635943 606 10 4 1308
314 11635943 606 10 1 70
315 11923717 612 3 3 1
316 11923717 612 2 5 120
317 11923717 612 4 9 1
318 11923717 612 8 4 26
319 11923717 612 10 8 26
320 11923717 612 3 7 5079
321 11944924 613 3 3 19596
322 11944924 613 3 1 10
323 12183210 616 1 2 1
324 12183210 616 1 8 1
325 12183210 616 9 10 1709
326 12183210 616 0 1 1
327 12183210 616 10 3 20
328 12183210 616 5 9 14
329 12183210 616 6 10 2564
330 12183210 616 0 5 1227
331 12183210 616 7 8 3
332 12183210 616 7 4 1
333 12224316 621 10 8 18
334 12231093 624 1 5 2839
335 12264573 626 2 1 8
336 12298343 628 1 10 95
337 12298343 628 1 3 228
338 12394837 634 7 2 95
339 12394837 634 7 5 82
340 12409539 635 5 9 102
341 12440855 638 4 6 40
342 12591165 644 8 3 10
343 12591165 644 0 8 908
344 12591165 644 10 1 6
345 12639668 662 4 4 2
346 12662670 668 5 2 183
347 12662670 668 5 0 9853
348 12863405 671 9 6 8
349 12863405 671 7 0 14
350 12863405 671 1 6 16
351 12863405 671 10 7 2
352 12863405 671 4 7 1
353 12863405 671 2 6 8
354 12868028 672 8 2 85
355 12903472 675 2 6 44
356 12924190 678 7 4 9
357 13106943 683 8 1 50
358 13106943 683 0 0 1
359 13106943 683 5 8 11
360 13106943 683 6 10 16
361 13121075 687 5 8 7
362 13121075 687 0 8 15
363 13154100 689 6 10 48
364 13154100 689 5 4 1591
365 13235821 690 8 6 14
366 13305767 692 6 10 51
367 13305767 692 10 1 48
368 13328365 693 8 10 1001
369 13328365 693 8 1 66
370 13643581 695 7 9 429
371 13643581 695 1 4 1
372 13643581 695 2 7 1
373 13643581 695 10 6 2
374 13643581 695 8 2 793
375 13643581 695 4 6 1
376 13643581 695 9 10 1
377 13643581 695 6 0 64
378 13728341 698 10 8 312
379 13890551 703 9 2 9404
380 13890551 703 9 4 57
381 14107042 718 3 8 2911
382 14107042 718 8 5 263
383 14107042 718 10 3 15
384 14162680 723 6 8 7
385 14183942 724 6 0 16260
386 14211682 727 8 7 2
387 14296617 732 6 9 46
388 14296617 732 9 5 52
389 14369308 735 9 3 20
390 14369308 735 6 7 1348
391 14393260 738 5 1 213
392 14420371 739 10 5 86
393 14420371 739 10 4 84
394 14587226 741 6 0 544
395 14587226 741 9 7 2
396 14622079 746 6 9 88
397 14653403 749 5 9 2
398 14800111 751 7 4 13
399 14800111 751 6 4 13
400 14826743 752 8 8 21
401 14864416 755 9 4 137
402 14915589 759 10 3 11
403 14928115 761 2 5 45
404 15023276 766 5 5 54
405 15087889 768 8 3 102
406 15089024 770 1 5 68
407 15146960 778 8 9 7
408 15166058 780 1 5 14
409 15176163 782 8 4 1
410 15176163 782 3 4 21
411 15252127 802 5 2 4521
412 15275249 804 4 10 98
413 15322308 815 4 7 813
414 15635247 822 9 10 1
415 15635247 822 2 5 26
416 15635247 822 5 10 27
417 15635247 822 9 9 1
418 15635247 822 0 2 3
419 15635247 822 10 0 1
420 15635247 822 3 9 9
421 15635247 822 7 5 52
422 15635247 822 7 9 3
423 15635247 822 5 1 1
424 15864535 823 8 1 969
425 15864535 823 10 1 969
426 15864535 823 1 0 8
427 15864535 823 1 9 1
428 15937204 825 10 0 17
429 15937204 825 6 1 171
430 15937204 825 4 2 27
431 16031133 833 7 4 24511
432 16064828 834 2 5 908
433 16118407 842 1 6 11325
434 16123217 843 9 3 39
435 16220963 858 5 2 5
436 16241685 859 6 1 2
437 16266338 861 3 2 309
438 16270773 862 9 9 70
439 16444665 864 5 8 113
440 16444665 864 10 9 35
441 16444665 864 6 7 2
442 16465135 870 0 3 6
443 16695714 886 4 1 5
444 16695714 886 6 2 82
445 16695714 886 9 9 1503
446 16695714 886 6 4 1
447 16695714 886 10 1 11
448 16695714 886 2 7 4
449 16695714 886 8 4 1
450 16695714 886 1 3 48
451 16695714 886 9 7 4
452 16844396 894 7 7 1
453 16844396 894 3 7 3
454 16951983 899 6 10 114
455 16971769 901 8 2 30
456 16971769 901 7 2 30
457 17009307 903 1 7 111
458 17009307 903 1 10 49
459 17027782 905 3 8 95
460 17084980 907 2 0 36
461 17109679 909 9 1 6168
462 17109679 909 9 8 5
463 17222441 920 2 8 655
464 17292803 926 7 6 104
465 17583066 929 10 8 4
466 17583066 929 9 9 4
467 17583066 929 3 6 109
468 17583066 929 0 2 4
469 17583066 929 1 10 2
470 17583066 929 4 10 1
471 17583066 929 7 4 878
472 17583066 929 7 10 1
473 17583066 929 9 10 2
474 17751930 930 5 8 309
475 17751930 930 10 9 71
476 17751930 930 3 7 10
477 17751930 930 3 4 7804
478 17751930 930 9 2 7
479 17751930 930 9 8 309
480 17751930 930 9 3 15
481 17751930 930 7 10 683
482 17751930 930 2 6 13
483 17904428 931 6 6 8
484 17904428 931 8 10 225
485 17904428 931 1 6 8
486 17904428 931 0 4 909
487 17904428 931 10 8 16
488 18067211 940 0 2 131
489 18337617 941 5 6 2
490 18419588 955 7 4 6343
491 18419739 956 4 1 1266
492 18497147 961 5 5 343
493 18697348 967 1 9 9
494 18697348 967 0 1 369
495 18697348 967 4 0 9
496 18697348 967 6 4 14
497 18757351 972 10 6 244
498 18808706 973 0 10 26
499 18858869 985 5 10 2635
