11 255 500
0 13391 0 9 3 1560
1 13391 0 1 5 6
2 51107 3 9 5 5552
3 51107 3 5 5 113
4 51107 3 9 2 11041
5 59157 4 2 0 15
6 93421 9 1 6 23
7 101416 12 6 2 40
8 131147 13 8 4 340
9 131147 13 8 8 1
10 131147 13 3 1 265
11 171575 17 2 7 2
12 171575 17 5 7 2
13 179016 18 1 6 36
14 179016 18 1 8 1476
15 201395 21 3 6 41
16 205474 23 5 10 4218
17 205474 23 10 10 4218
18 217469 27 10 0 130
19 237045 29 2 5 28
20 289428 44 1 2 89
21 290691 45 5 6 2127
22 302157 50 9 3 14
23 382307 51 10 6 1
24 382307 51 7 2 5
25 382307 51 9 10 1
26 382307 51 10 0 64
27 384685 55 0 9 3923
28 431384 59 1 10 3
29 431384 59 2 1 67
30 454206 66 0 9 82
31 457690 68 4 4 13
32 457690 68 5 4 1
33 472150 70 3 10 99
34 484170 72 6 8 12198
35 534787 75 9 10 7
36 534787 75 4 1 1183
37 614865 84 7 7 21
38 614865 84 3 1 24
39 614865 84 6 6 1
40 614865 84 6 4 5
41 614865 84 10 9 1
42 614865 84 6 0 15
43 614865 84 10 4 10
44 638855 91 9 2 4953
45 649175 94 5 5 756
46 662502 97 8 9 1843
47 699619 99 7 10 3070
48 699619 99 0 7 38
49 699619 99 9 5 5
50 763240 102 3 2 1451
51 763240 102 2 3 17
52 763240 102 5 5 14
53 763240 102 0 10 21
54 763240 102 0 7 3
55 811821 113 10 6 349
56 821132 116 2 10 8305
57 821132 116 2 0 61
58 840183 120 1 7 62
59 865235 127 0 9 22699
60 865235 127 0 1 237
61 881739 134 1 6 1980
62 882152 135 1 6 8481
63 897772 136 8 8 31
64 948996 137 10 8 34
65 948996 137 10 9 2136
66 964665 143 0 4 78
67 978339 146 8 8 999
68 982062 148 1 10 43
69 997654 153 8 9 37
70 1048084 154 9 5 69
71 1048084 154 9 8 21
72 1048084 154 3 7 1284
73 1048084 154 2 10 2
74 1054565 159 1 4 95
75 1113658 160 10 1 1
76 1113658 160 3 9 4
77 1135930 162 8 7 225
78 1135930 162 6 4 92
79 1136144 163 4 3 297
80 1138204 164 6 8 11399
81 1150785 169 3 4 102
82 1158960 170 3 3 61
83 1175269 174 0 3 36
84 1175269 174 1 2 9
85 1197286 177 0 2 189
86 1197286 177 0 6 344
87 1200964 181 9 0 206
88 1201325 182 5 6 2663
89 1212649 187 4 2 24
90 1227011 192 3 10 87
91 1277536 198 1 0 10
92 1277536 198 9 1 4
93 1277536 198 8 0 5
94 1277536 198 8 3 2
95 1277536 198 3 4 2
96 1277536 198 7 0 20
97 1277536 198 8 9 31
98 1278910 201 5 5 64
99 1296800 203 7 2 64
100 1323060 210 6 3 1
101 1325430 211 10 6 59
102 1326407 214 0 7 47
103 1336624 220 0 5 2340
104 1336700 221 8 7 220
105 1348256 228 9 2 15
106 1399459 230 0 1 46
107 1401687 231 5 6 6
108 1453766 233 2 0 22
109 1453766 233 7 4 1153
110 1453766 233 1 2 4
111 1453766 233 10 8 26
112 1453766 233 7 10 160
113 1453766 233 5 1 8
114 1453766 233 2 2 4
115 1478112 237 10 6 47
116 1478112 237 4 6 47
117 1478112 237 4 8 53
118 1487320 239 7 1 18
119 1487320 239 0 1 9
120 1543209 241 4 7 12
121 1543209 241 4 5 1682
122 1543209 241 9 4 28
123 1546453 244 10 9 11740
124 1546453 244 1 1 1
125 1558378 258 3 0 83
126 1585642 259 8 5 600
127 1585642 259 4 0 14
128 1647348 262 9 6 8
129 1647348 262 9 5 7
130 1647348 262 3 1 30
131 1647348 262 0 1 30
132 1647348 262 2 8 7
133 1647348 262 0 4 1
134 1655065 263 4 10 1524
135 1668360 269 4 10 438
136 1689436 282 8 3 286
137 1795574 287 9 7 807
138 1795574 287 4 0 1
139 1795574 287 5 10 7
140 1795574 287 10 2 3
141 1795574 287 3 0 5
142 1795574 287 5 0 3
143 1796823 289 10 10 47
144 1831852 291 2 2 6871
145 1831852 291 8 5 103
146 1831852 291 10 0 1
147 1831852 291 3 2 3435
148 1865107 292 10 9 529
149 1865107 292 1 10 2
150 1929486 303 3 9 204
151 1929486 303 8 10 14
152 1929486 303 8 0 1
153 1929486 303 1 7 3
154 1929486 303 9 0 1
155 1970333 310 10 7 73
156 2031513 317 0 4 10
157 2031513 317 9 0 4
158 2031513 317 9 8 167
159 2035938 320 5 0 8093
160 2056623 327 1 3 3434
161 2056623 327 3 1 60
162 2079678 328 2 0 3
163 2079678 328 9 5 4162
164 2081158 329 2 7 8
165 2081158 329 4 7 6
166 2088193 330 0 5 91
167 2088193 330 0 10 1364
168 2095176 335 1 9 28
169 2102664 337 4 7 86
170 2118065 339 0 5 190
171 2141416 340 8 7 2998
172 2141416 340 7 0 20
173 2141416 340 8 1 3
174 2176407 358 0 4 7138
175 2198029 366 9 2 11
176 2200541 367 6 10 6
177 2234096 370 8 3 10
178 2234096 370 8 2 1
179 2239098 376 9 10 108
180 2259086 382 4 0 30
181 2259626 383 4 6 187
182 2267220 387 9 9 1
183 2284318 389 6 2 16284
184 2356418 392 7 5 1283
185 2356418 392 7 4 427
186 2356418 392 10 2 117
187 2425598 395 5 5 177
188 2425598 395 10 4 1
189 2425598 395 3 3 21
190 2425598 395 10 6 13
191 2438212 401 10 3 1192
192 2461483 402 2 2 7
193 2461483 402 2 3 65
194 2526698 409 1 2 11
195 2526698 409 5 6 1
196 2526698 409 8 10 10
197 2552077 413 9 9 16
198 2665531 428 3 5 822
199 2665531 428 6 2 1
200 2665531 428 10 9 1
201 2665531 428 1 8 2
202 2665531 428 9 8 2
203 2665531 428 8 8 2
204 2665531 428 3 0 1
205 2665531 428 0 9 1
206 2665531 428 6 3 3
207 2712140 430 8 4 3
208 2712140 430 7 3 21
209 2723593 435 6 6 24
210 2740245 445 8 6 2
211 2742354 447 3 1 17
212 2743373 448 6 1 2
213 2788961 457 6 4 33
214 2788961 457 0 9 13
215 2792895 458 4 4 1978
216 2842647 461 0 6 245
217 2842647 461 1 7 1
218 2842647 461 3 7 1
219 2960544 466 8 1 5
220 2960544 466 1 2 804
221 2960544 466 4 2 50
222 2960544 466 0 3 1801
223 2960544 466 6 2 100
224 2960544 466 8 10 2
225 2960544 466 8 9 4
226 2960544 466 0 9 20
227 2960544 466 2 10 2
228 2960544 466 7 8 1
229 2960544 466 0 10 6
230 2988508 467 6 5 5
231 2996184 468 7 9 22
232 3043840 473 6 2 15
233 3043840 473 7 10 5
234 3141926 475 8 1 3
235 3141926 475 9 9 5
236 3141926 475 10 10 5
237 3163471 480 5 8 224
238 3167349 485 2 0 117
239 3173223 486 6 8 21916
240 3191057 489 0 4 48
241 3290448 498 6 8 514
242 3290448 498 5 2 9
243 3290448 498 7 1 17
244 3290448 498 9 7 44
245 3290448 498 4 5 175
246 3290448 498 4 1 17
247 3290448 498 4 9 1
248 3298074 499 7 0 5705
249 3302221 503 1 1 6017
250 3358369 507 3 9 21
251 3358369 507 4 7 72
252 3358369 507 6 7 800
253 3358369 507 4 4 1429
254 3358369 507 9 3 14
255 3358369 507 5 0 12
256 3358369 507 9 7 72
257 3379620 511 8 2 14390
258 3434564 513 7 7 11
259 3434564 513 8 1 5
260 3434564 513 1 2 6
261 3434564 513 6 6 80
262 3434564 513 1 1 5
263 3434564 513 0 3 5
264 3445954 516 3 3 1
265 3446061 517 3 10 33396
266 3449974 522 5 9 21
267 3453296 526 8 2 56
268 3470940 535 2 1 59
269 3488056 542 1 10 78241
270 3488056 542 1 7 28344
271 3496906 547 4 0 5771
272 3505972 550 2 6 6
273 3505972 550 7 6 6
274 3518670 551 4 1 3
275 3619153 555 0 10 5
276 3619153 555 10 1 95
277 3619153 555 6 6 23
278 3619153 555 3 8 22
279 3619153 555 4 7 60
280 3619153 555 2 4 829
281 3619153 555 2 6 94
282 3619153 555 7 2 876
283 3619153 555 10 6 47
284 3619153 555 10 7 7
285 3619153 555 0 1 95
286 3654133 556 9 1 1
287 3654133 556 9 0 1
288 3662155 557 3 0 5258
289 3675783 560 7 0 10
290 3680125 561 2 10 28
291 3687999 562 10 1 15233
292 3697268 563 10 6 1067
293 3705158 568 8 2 137
294 3742835 569 10 7 1
295 3742835 569 1 6 1
296 3743765 572 8 0 9018
297 3780889 576 10 6 4
298 3780889 576 0 6 27
299 3780889 576 1 2 102
300 3803347 582 4 7 3007
301 3812848 584 10 5 3971
302 3820603 589 4 5 342
303 3837600 599 7 1 186
304 3865996 602 8 9 57
305 3878647 606 10 6 184
306 3890488 611 10 6 205
307 3890488 611 2 4 117
308 3974572 612 10 4 133
309 3974572 612 5 9 1
310 3981641 613 3 0 119
311 3981641 613 3 10 14831
312 4061070 616 1 2 1
313 4061070 616 0 3 20
314 4061070 616 7 4 1
315 4062585 617 4 2 116
316 4074772 621 6 8 18
317 4077031 624 9 5 2839
318 4077711 625 4 0 34
319 4099447 628 1 5 389
320 4107969 631 2 6 351
321 4127829 633 5 0 4797
322 4136513 635 5 9 102
323 4146951 638 2 6 40
324 4197055 644 8 10 22
325 4197055 644 7 6 1
326 4197055 644 5 10 11
327 4197055 644 9 2 101
328 4200404 647 3 3 1338
329 4287801 671 8 8 5
330 4287801 671 9 2 6
331 4287801 671 3 0 3
332 4287801 671 0 8 5
333 4368981 683 5 2 1527
334 4368981 683 3 10 16
335 4368981 683 6 10 16
336 4370425 686 7 1 88
337 4384700 689 6 10 48
338 4411940 690 0 8 150
339 4411940 690 8 0 3850
340 4547860 695 1 3 4
341 4547860 695 4 4 1
342 4547860 695 0 8 1
343 4547860 695 7 1 3
344 4547860 695 6 10 1
345 4547860 695 2 5 7
346 4547860 695 1 7 1
347 4547860 695 8 6 145
348 4552145 697 4 10 15
349 4576113 698 10 3 1526
350 4588807 701 5 2 11
351 4609400 702 3 5 112
352 4630183 703 9 1 49
353 4647710 710 3 0 36
354 4660134 715 8 7 12
355 4702347 718 1 5 87
356 4702347 718 6 3 15
357 4702347 718 5 0 1
358 4720893 723 3 6 66
359 4727980 724 6 5 1502
360 4740814 730 0 2 68
361 4765539 732 4 2 240
362 4765539 732 9 5 52
363 4765539 732 9 0 2
364 4789769 735 6 3 8
365 4797473 737 0 0 44
366 4862408 741 8 10 2
367 4862408 741 6 7 14
368 4862408 741 4 2 9
369 4862408 741 2 7 2
370 4873003 744 7 0 8
371 4873003 744 6 3 1
372 4933370 751 2 5 25
373 4933370 751 1 2 119
374 4933370 751 10 6 950
375 4942247 752 1 9 1
376 4942247 752 7 1 168
377 4955849 756 7 0 152
378 4968398 757 8 1 38
379 5009823 767 10 8 62
380 5029296 768 8 2 620
381 5029296 768 0 8 21
382 5039611 775 9 3 95
383 5043206 777 10 6 150
384 5055352 780 1 5 14
385 5066314 788 10 8 200
386 5080618 798 4 9 293
387 5099230 811 6 2 58
388 5100739 814 1 3 170
389 5107436 815 6 10 1677
390 5211749 822 10 2 3
391 5211749 822 5 2 3
392 5211749 822 5 8 479
393 5211749 822 5 1 1
394 5211749 822 4 4 28
395 5211749 822 8 10 3
396 5211749 822 9 5 26
397 5211749 822 6 1 1
398 5211749 822 5 0 16
399 5211749 822 0 5 26
400 5288178 823 2 7 751
401 5288178 823 3 4 3553
402 5288178 823 2 2 12
403 5288178 823 1 3 13
404 5312401 825 1 2 27
405 5312401 825 7 1 19
406 5312401 825 1 1 19
407 5326138 830 0 1 24
408 5326138 830 8 5 5
409 5343711 833 7 6 12731
410 5354942 834 2 5 908
411 5354942 834 8 5 908
412 5354942 834 7 0 177
413 5354942 834 1 0 15
414 5362362 841 1 0 334
415 5372802 842 1 10 21
416 5381072 845 4 7 9
417 5381072 845 2 7 4
418 5387623 846 5 0 54
419 5392725 853 9 0 60
420 5405548 857 9 4 62
421 5406987 858 4 2 1
422 5423591 862 9 9 70
423 5481555 864 2 7 1
424 5481555 864 6 6 17
425 5481699 865 4 2 165
426 5508737 874 2 8 183
427 5565238 886 6 5 25
428 5565238 886 3 8 20
429 5565238 886 9 5 77
430 5565238 886 1 4 1
431 5565238 886 0 0 118
432 5565238 886 6 4 1
433 5572747 888 10 5 109
434 5614798 894 2 8 1
435 5614798 894 8 10 133
436 5614798 894 8 4 18
437 5614798 894 0 8 1
438 5639102 896 10 10 16
439 5644248 898 1 1 158
440 5657355 902 5 10 39173
441 5694993 907 4 3 18
442 5694993 907 4 5 207
443 5730659 917 6 9 3
444 5740813 920 8 9 28
445 5740813 920 8 10 8
446 5861022 929 9 1 2
447 5861022 929 7 1 18
448 5861022 929 7 0 2
449 5861022 929 1 9 8
450 5861022 929 10 5 227
451 5861022 929 9 9 4
452 5861022 929 4 4 2635
453 5861022 929 4 10 1
454 5861022 929 10 1 1
455 5861022 929 9 5 227
456 5917310 930 1 10 683
457 5917310 930 7 7 73
458 5917310 930 4 2 7
459 5917310 930 7 10 683
460 5917310 930 0 6 26
461 5917310 930 9 6 172
462 5917310 930 2 7 21
463 5917310 930 9 3 15
464 5968142 931 0 8 4
465 5968142 931 4 1 10
466 5968142 931 8 0 1056
467 6001779 932 10 9 4
468 6001779 932 8 4 43
469 6001779 932 7 2 3611
470 6001779 932 8 3 9
471 6007549 935 6 1 1573
472 6016975 939 2 8 14263
473 6022403 940 0 8 217
474 6022403 940 0 0 266
475 6112539 941 3 2 2
476 6112539 941 2 5 27
477 6112539 941 7 10 36
478 6112539 941 10 3 1
479 6112539 941 5 7 1
480 6112539 941 4 7 1
481 6112539 941 10 5 13
482 6112539 941 1 1 1248
483 6124964 948 6 6 791
484 6136735 951 2 8 158
485 6139862 955 9 4 12686
486 6156379 959 10 5 196
487 6165715 961 0 5 343
488 6232449 967 0 5 43
489 6232449 967 1 0 9
490 6232449 967 1 3 4
491 6234978 968 1 3 51
492 6244258 971 10 8 30
493 6252450 972 10 7 53
494 6252450 972 10 4 228
495 6269568 973 0 0 2
496 6316768 994 8 4 38
497 6316768 994 10 0 3
498 6316768 994 3 0 6
499 6328112 998 5 3 1030
