11 229 500
0 51107 3 10 3 252
1 51107 3 10 4 3213
2 93421 9 4 6 70
3 93421 9 1 2 19
4 93421 9 1 3 74
5 131147 13 10 9 18555
6 131147 13 1 1 265
7 131147 13 3 5 41
8 131147 13 8 4 340
9 171575 17 0 7 2
10 179016 18 1 5 253
11 205474 23 5 10 4218
12 205474 23 8 10 4218
13 205608 24 7 4 6073
14 237045 29 2 7 377
15 246125 32 7 4 14
16 267850 38 2 5 55
17 292620 48 8 8 26
18 382307 51 2 10 1
19 382307 51 2 9 1
20 382307 51 3 5 8
21 382307 51 2 4 15
22 382307 51 5 9 1
23 382307 51 7 6 9
24 382307 51 0 2 10
25 391545 58 8 2 1566
26 431384 59 8 5 14
27 431384 59 5 8 15
28 439383 61 10 2 24
29 454206 66 0 2 233
30 454206 66 0 9 82
31 486081 74 10 7 17
32 534787 75 5 4 8
33 534787 75 10 9 1
34 534787 75 7 10 7
35 534787 75 8 5 115
36 541343 77 9 4 42
37 549635 82 1 8 76
38 614865 84 6 8 1
39 614865 84 2 4 5
40 614865 84 2 1 8
41 615047 85 9 6 404
42 631487 89 7 6 1461
43 631487 89 7 2 266
44 649175 94 8 5 756
45 662502 97 5 9 3687
46 699619 99 7 6 5
47 763240 102 0 10 21
48 763240 102 0 2 483
49 763240 102 10 1 3
50 763240 102 3 7 1
51 763240 102 7 9 9
52 763240 102 8 2 967
53 774349 104 4 1 18
54 776017 105 1 5 326
55 805529 108 0 6 7
56 805529 108 2 3 69
57 809413 110 3 2 330
58 809413 110 3 4 18
59 829043 117 0 3 30
60 840183 120 9 7 124
61 865235 127 0 4 115
62 867550 131 1 3 226
63 875569 132 0 7 7571
64 875569 132 6 7 7571
65 881739 134 1 6 1980
66 881739 134 6 7 32
67 897772 136 1 7 22
68 897772 136 8 0 2006
69 948996 137 3 4 99
70 948996 137 2 0 4
71 948996 137 5 2 21
72 948996 137 8 6 2
73 989726 150 2 4 17932
74 997654 153 8 9 37
75 1048084 154 1 7 642
76 1048084 154 7 0 21
77 1048084 154 3 9 11
78 1048603 155 1 7 3
79 1113658 160 2 0 11
80 1113658 160 9 6 2
81 1113658 160 3 7 1
82 1113658 160 7 9 4
83 1113658 160 10 1 1
84 1115892 161 10 8 1
85 1135930 162 7 6 44
86 1135930 162 0 7 1351
87 1135930 162 0 1 1445
88 1135930 162 10 3 382
89 1150785 169 3 4 102
90 1164428 172 6 10 36
91 1197286 177 0 8 1073
92 1197286 177 0 3 10858
93 1197286 177 3 10 393
94 1198278 178 7 0 104
95 1205844 184 1 6 21
96 1212649 187 9 1 15
97 1212649 187 4 9 35
98 1277536 198 1 4 4
99 1277536 198 10 5 1
100 1282990 202 3 8 120
101 1296800 203 7 2 64
102 1327538 216 6 5 29
103 1332384 217 4 4 150
104 1371444 229 2 9 74
105 1399459 230 0 4 78
106 1399459 230 8 5 3
107 1453766 233 9 8 94
108 1453766 233 6 3 5
109 1453766 233 1 3 4
110 1453766 233 5 4 5766
111 1453766 233 8 3 1
112 1478112 237 4 7 51
113 1479369 238 3 8 83
114 1487320 239 0 1 9
115 1543209 241 4 1 6
116 1543209 241 9 7 12
117 1543209 241 3 10 4056
118 1543209 241 9 9 3679
119 1543209 241 7 7 6
120 1543209 241 4 2 1952
121 1543209 241 9 6 1
122 1543635 243 10 1 22
123 1548864 245 0 8 20
124 1553027 251 2 5 87
125 1585642 259 8 0 89
126 1647348 262 4 7 1
127 1661478 268 5 0 210
128 1668360 269 4 8 138
129 1689603 284 7 1 30
130 1698261 285 4 0 5994
131 1698261 285 4 6 319
132 1795574 287 7 10 15
133 1795574 287 8 2 9
134 1795574 287 4 8 5
135 1795574 287 2 9 1
136 1795574 287 8 0 13
137 1795574 287 4 0 1
138 1795574 287 4 2 6
139 1795574 287 10 10 61
140 1795574 287 9 5 2
141 1795574 287 2 7 12118
142 1795574 287 4 9 1
143 1795574 287 6 6 316
144 1831852 291 1 2 3435
145 1831852 291 3 0 6
146 1831852 291 5 3 9080
147 1831852 291 10 1 2688
148 1831852 291 4 6 2047
149 1865107 292 2 10 1
150 1865107 292 8 6 13
151 1865107 292 6 10 1
152 1873290 297 1 10 64
153 1929486 303 10 6 397
154 1929486 303 1 2 1892
155 1929486 303 2 0 2
156 1929486 303 4 8 324
157 1929486 303 0 0 3
158 1952379 304 2 3 929
159 1952379 304 3 4 11
160 1956798 305 4 7 38
161 1966554 308 6 2 3
162 1966867 309 3 0 37
163 2031513 317 3 4 10
164 2031513 317 4 9 5
165 2031513 317 6 4 10
166 2031513 317 8 7 2009
167 2050322 324 5 10 48
168 2056623 327 1 10 1020
169 2079678 328 10 0 312
170 2079678 328 6 9 2
171 2088373 332 2 8 19
172 2103134 338 1 5 37
173 2141416 340 2 4 1
174 2158044 349 6 6 8522
175 2169881 353 0 5 7115
176 2169881 353 0 4 219
177 2169881 353 0 7 193
178 2192996 365 9 3 670
179 2198029 366 0 2 23
180 2211535 369 1 8 28
181 2234096 370 6 5 4
182 2234096 370 1 9 162
183 2234096 370 2 8 3
184 2256678 380 10 8 9844
185 2264042 386 8 3 1952
186 2264042 386 6 3 976
187 2264042 386 9 3 488
188 2337046 390 7 8 767
189 2337046 390 9 1 110
190 2337046 390 7 5 20
191 2356418 392 0 5 3851
192 2356418 392 6 4 427
193 2425598 395 6 8 33
194 2425598 395 2 4 1
195 2425598 395 1 6 27
196 2425598 395 0 0 1322
197 2480021 407 2 3 139
198 2526698 409 1 5 797
199 2526698 409 6 4 2
200 2526698 409 2 10 15
201 2556686 417 6 2 58
202 2562338 421 5 9 27455
203 2572462 422 7 2 569
204 2582407 424 7 9 6021
205 2665531 428 10 2 1
206 2665531 428 1 10 12
207 2665531 428 10 3 14
208 2665531 428 5 7 1
209 2665531 428 4 10 38
210 2665531 428 10 7 1
211 2665531 428 6 3 3
212 2712140 430 1 0 2
213 2723593 435 6 6 24
214 2788961 457 1 6 12
215 2788961 457 2 0 8
216 2788961 457 6 4 33
217 2806604 460 1 5 102
218 2806604 460 1 7 335
219 2842647 461 2 1 11
220 2842647 461 6 9 85
221 2842867 462 10 3 3197
222 2960544 466 9 3 1801
223 2960544 466 0 0 7
224 2960544 466 10 1 2
225 2960544 466 3 6 8
226 2960544 466 7 9 12
227 2960544 466 3 10 2
228 2960544 466 8 9 4
229 2960544 466 7 0 15
230 2988508 467 4 6 6
231 2988508 467 10 9 8
232 3043840 473 0 10 1
233 3043840 473 7 5 68
234 3043840 473 6 2 15
235 3043840 473 2 2 23
236 3043840 473 2 7 26
237 3141926 475 4 3 1
238 3141926 475 4 10 5
239 3141926 475 9 5 2
240 3141926 475 5 0 8
241 3141926 475 4 0 1
242 3141926 475 3 7 4
243 3142933 476 8 10 15
244 3159961 479 9 9 1
245 3159961 479 3 9 2
246 3166738 483 10 10 8
247 3173223 486 6 1 461
248 3191057 489 9 9 62
249 3191057 489 2 10 7526
250 3192312 490 10 2 27
251 3290448 498 4 10 13
252 3290448 498 8 7 7
253 3290448 498 4 0 10
254 3290448 498 4 5 175
255 3290448 498 9 2 4
256 3290448 498 5 4 50
257 3290448 498 1 2 56
258 3290448 498 7 4 50
259 3305424 504 6 9 296
260 3358369 507 8 7 145
261 3358369 507 5 5 49
262 3358369 507 0 3 2
263 3358369 507 8 2 17
264 3358369 507 9 7 72
265 3358369 507 2 2 28
266 3358369 507 2 1 1
267 3379164 510 6 9 1
268 3434564 513 4 8 1009
269 3434564 513 9 10 2
270 3434564 513 10 1 5
271 3434564 513 3 1 10
272 3447791 519 10 10 44
273 3619153 555 10 10 2
274 3619153 555 4 6 47
275 3619153 555 10 4 829
276 3619153 555 8 7 7
277 3619153 555 3 7 3
278 3619153 555 5 9 2
279 3662155 557 3 8 1648
280 3672107 558 1 10 174
281 3672107 558 1 9 64
282 3697268 563 10 0 26
283 3704498 565 1 4 1356
284 3704498 565 1 8 222
285 3742835 569 7 1 1
286 3742835 569 0 0 52
287 3742835 569 6 2 170
288 3780889 576 1 9 73
289 3820458 588 4 7 10
290 3865996 602 8 9 57
291 3880615 608 8 4 11
292 3974572 612 4 8 17
293 3974572 612 3 7 5079
294 3974572 612 8 3 1
295 3974572 612 3 2 448
296 3974572 612 8 0 713
297 3974572 612 1 6 1
298 3974572 612 9 7 2539
299 3974572 612 8 1 13
300 3974572 612 6 6 1
301 3974572 612 4 9 1
302 3974572 612 4 0 71
303 3974572 612 7 8 8
304 3974572 612 5 10 5
305 3974572 612 1 10 55
306 3981641 613 3 5 22
307 3981641 613 3 1 10
308 4061070 616 7 0 494
309 4061070 616 9 7 200
310 4061070 616 0 6 72
311 4061070 616 8 6 36
312 4061070 616 5 8 1
313 4061070 616 10 2 2
314 4061070 616 5 9 14
315 4061070 616 9 2 1
316 4061070 616 10 9 2
317 4061070 616 4 1 1
318 4066463 618 7 8 12
319 4077031 624 0 5 2839
320 4077031 624 3 5 14198
321 4088191 626 2 4 100
322 4127829 633 5 0 4797
323 4146951 638 4 1 10
324 4148287 642 9 1 5170
325 4197055 644 4 3 21
326 4197055 644 3 0 8
327 4197055 644 2 7 92
328 4197055 644 4 0 8
329 4197055 644 5 3 10
330 4200760 648 9 2 178
331 4201639 650 7 10 29
332 4207608 660 10 7 16605
333 4213219 661 4 0 26
334 4216533 667 2 7 77
335 4287801 671 5 9 8
336 4287801 671 10 5 30
337 4287801 671 9 4 671
338 4287801 671 2 0 3
339 4287801 671 10 8 5
340 4287801 671 10 7 2
341 4287801 671 1 0 1
342 4287801 671 5 4 1342
343 4315825 681 10 5 12
344 4368981 683 6 4 638
345 4368981 683 1 3 29
346 4368981 683 4 3 29
347 4368981 683 3 2 4582
348 4368981 683 10 7 1097
349 4411940 690 0 8 150
350 4411940 690 8 10 16
351 4411940 690 8 5 4
352 4435255 692 7 4 19
353 4442788 693 8 1 66
354 4443949 694 4 6 1358
355 4547860 695 1 8 1
356 4547860 695 10 10 1
357 4547860 695 4 6 1
358 4547860 695 7 1 3
359 4547860 695 4 0 21
360 4547860 695 6 6 1
361 4552145 697 1 10 15
362 4576113 698 2 7 2
363 4609400 702 4 2 28
364 4609400 702 3 5 112
365 4609400 702 0 3 1
366 4609400 702 0 4 649
367 4609400 702 4 3 13
368 4630183 703 9 1 49
369 4630183 703 2 2 4702
370 4630183 703 2 1 49
371 4647710 710 3 8 105
372 4647710 710 3 2 96
373 4702347 718 7 3 15
374 4702347 718 7 1 13
375 4702347 718 8 9 31
376 4702347 718 7 9 31
377 4702347 718 0 1 39
378 4702347 718 5 8 4366
379 4702347 718 10 8 1455
380 4702347 718 1 7 17
381 4737227 727 6 7 2
382 4789769 735 9 0 35
383 4789769 735 9 1 6
384 4791431 736 2 6 1770
385 4862408 741 8 2 3
386 4862408 741 5 6 5
387 4862408 741 2 4 66
388 4862408 741 6 1 989
389 4863085 742 7 10 31
390 4884467 749 10 7 20
391 4933370 751 1 0 23
392 4933370 751 2 5 25
393 4954805 755 9 5 4130
394 4954805 755 9 3 269
395 4968398 757 9 5 1734
396 4968398 757 7 5 578
397 5007758 766 1 5 13
398 5007758 766 0 3 1
399 5007758 766 3 3 1
400 5029296 768 0 6 37
401 5029296 768 0 9 352
402 5029296 768 8 10 47
403 5029296 768 8 9 704
404 5036346 773 3 10 17
405 5039611 775 9 3 95
406 5048986 778 2 9 7
407 5065514 787 4 4 18
408 5071178 795 3 7 39
409 5072220 796 0 10 90
410 5107436 815 4 9 128
411 5117903 821 7 9 36
412 5211749 822 6 3 1
413 5211749 822 4 2 9
414 5211749 822 10 7 138
415 5211749 822 1 4 2
416 5211749 822 5 5 26
417 5211749 822 3 7 414
418 5211749 822 0 5 26
419 5211749 822 10 5 78
420 5211749 822 8 2 3
421 5211749 822 7 0 1
422 5288178 823 5 1 969
423 5312401 825 4 2 27
424 5312401 825 6 5 16
425 5312401 825 5 0 3
426 5326138 830 2 7 448
427 5377417 844 7 9 283
428 5387623 846 5 7 59
429 5413895 859 6 9 148
430 5413895 859 6 0 3051
431 5413937 860 9 6 11
432 5422112 861 3 4 112
433 5429742 863 2 9 264
434 5429742 863 2 7 8
435 5481555 864 6 8 339
436 5481555 864 2 0 1809
437 5488378 870 2 3 6
438 5488378 870 7 3 46
439 5508737 874 2 4 61
440 5508737 874 2 9 31
441 5513644 875 5 7 18
442 5515411 876 1 3 18
443 5522757 881 6 2 1685
444 5524407 885 10 5 37
445 5565238 886 9 0 14
446 5565238 886 8 8 20
447 5565238 886 7 7 8
448 5565238 886 10 4 19
449 5565238 886 2 7 4
450 5614798 894 3 2 11
451 5614798 894 8 3 6
452 5614798 894 9 3 12
453 5614798 894 2 3 6
454 5617621 895 8 9 9
455 5669769 903 1 10 49
456 5694993 907 2 3 18
457 5703226 909 9 5 138
458 5711810 912 8 1 71
459 5752382 924 10 6 1
460 5861022 929 9 4 878
461 5861022 929 9 2 12
462 5861022 929 7 1 18
463 5861022 929 5 0 2
464 5861022 929 6 9 28
465 5861022 929 1 10 2
466 5861022 929 2 10 30
467 5861022 929 0 5 454
468 5968142 931 3 3 124
469 5968142 931 1 6 8
470 5968142 931 0 6 17
471 5968142 931 7 6 8
472 6001779 932 0 4 6
473 6001779 932 2 3 3
474 6001779 932 4 9 4
475 6112539 941 4 7 1
476 6112539 941 5 9 2610
477 6112539 941 8 10 18
478 6112539 941 5 5 13
479 6112539 941 2 1 96
480 6112539 941 1 0 5
481 6112539 941 2 2 5
482 6124964 948 1 6 11083
483 6138871 953 1 3 14
484 6143650 957 8 9 17
485 6156379 959 10 4 73
486 6167874 964 2 8 204
487 6232449 967 0 8 44
488 6232449 967 5 5 7
489 6232449 967 4 4 14
490 6240851 970 8 4 16
491 6244258 971 1 8 30
492 6252450 972 10 1 225
493 6269568 973 2 4 10
494 6269568 973 2 7 85545
495 6280554 979 0 8 1268
496 6302828 993 4 0 4812
497 6316768 994 0 1 28
498 6316768 994 7 0 6
499 6316768 994 3 0 6
