11 234 500
0 40173 0 1 6 24
1 153323 3 5 5 113
2 153323 3 10 3 252
3 153323 3 9 6 284
4 297382 10 4 1 8702
5 301658 11 0 9 88
6 394729 14 7 6 107
7 514725 17 5 5 16
8 514725 17 5 7 2
9 537049 18 1 10 164
10 604186 21 3 9 94
11 627878 25 4 0 1977
12 627997 26 0 8 2366
13 652409 27 10 0 130
14 711136 29 10 7 2267
15 711136 29 2 1 11
16 803551 38 7 1 190
17 872073 45 1 6 1063
18 872073 45 8 6 1063
19 877862 48 10 8 53
20 906472 50 2 0 44
21 1146922 51 8 10 1
22 1146922 51 8 3 15
23 1146922 51 9 0 10
24 1148736 52 9 4 249
25 1294154 59 1 6 19
26 1294154 59 5 8 15
27 1294154 59 5 3 63
28 1294154 59 2 10 3
29 1294154 59 8 2 204
30 1362618 66 0 4 60
31 1373070 68 4 4 13
32 1373778 69 5 1 15911
33 1416452 70 8 8 21
34 1416604 71 8 0 65
35 1452511 72 6 5 28
36 1604362 75 9 6 14
37 1604362 75 6 1 591
38 1604362 75 2 1 591
39 1604362 75 7 3 168
40 1641131 81 0 6 119
41 1844595 84 4 3 4
42 1844595 84 10 1 16
43 1844595 84 10 9 1
44 1844595 84 10 10 2
45 1844595 84 3 6 1
46 1844595 84 2 0 15
47 1894463 89 7 0 56
48 2098858 99 7 4 28
49 2098858 99 0 6 10
50 2289721 102 2 2 483
51 2289721 102 3 8 29219
52 2289721 102 6 2 483
53 2307955 103 9 5 13
54 2416587 108 2 2 1
55 2416587 108 3 2 1
56 2418002 109 6 0 101
57 2428239 110 3 7 345
58 2435464 113 10 6 349
59 2539116 124 7 3 7
60 2595705 127 0 5 244
61 2602651 131 1 3 226
62 2646457 135 1 6 8481
63 2693317 136 8 8 31
64 2846988 137 7 9 2136
65 2846988 137 9 8 4
66 2893997 143 0 3 45
67 2969178 150 2 2 69
68 3144252 154 2 4 10
69 3144252 154 3 3 28
70 3144252 154 8 8 21
71 3144252 154 8 0 6
72 3145809 155 1 7 3
73 3340975 160 0 4 19
74 3340975 160 9 3 10
75 3340975 160 10 2 843
76 3407790 162 5 10 5
77 3407790 162 10 3 382
78 3407790 162 3 0 1899
79 3450086 168 5 2 15
80 3450086 168 7 2 30
81 3476881 170 3 10 19
82 3476881 170 3 5 103
83 3591860 177 0 3 10858
84 3591860 177 3 7 17
85 3602894 181 9 0 206
86 3655197 190 10 0 36
87 3685853 194 5 3 4
88 3685937 195 5 3 168
89 3832609 198 8 5 1
90 3832609 198 0 1 4
91 3832609 198 2 2 6
92 3832609 198 8 3 2
93 3832609 198 8 0 5
94 3832609 198 3 8 46
95 3890402 203 8 3 1767
96 3969180 210 7 3 1
97 3982615 216 9 5 2
98 4027597 223 3 2 68
99 4027597 223 7 2 68
100 4035856 225 6 8 316
101 4043256 227 4 7 1033
102 4114332 229 2 2 616
103 4198378 230 0 3 136
104 4198378 230 8 10 2
105 4361300 233 1 2 4
106 4361300 233 6 0 44
107 4361300 233 6 3 5
108 4361300 233 8 2 4
109 4434337 237 4 0 72
110 4629627 241 4 9 1226
111 4629627 241 9 10 1014
112 4629627 241 1 5 3364
113 4629627 241 6 7 6
114 4629627 241 9 8 23
115 4629627 241 9 6 1
116 4629627 241 3 6 1
117 4629627 241 1 7 12
118 4942045 262 0 9 30
119 4942045 262 9 1 30
120 4942045 262 2 7 5
121 4942045 262 9 2 6
122 4984434 268 9 0 17
123 5005080 269 4 2 8281
124 5005080 269 4 6 99
125 5024864 271 7 7 34
126 5044593 281 1 7 651
127 5068310 282 8 0 16296
128 5094785 285 4 6 319
129 5386722 287 1 1 3
130 5386722 287 4 7 807
131 5386722 287 3 6 24
132 5386722 287 7 8 5
133 5386722 287 6 1 15
134 5386722 287 0 4 1
135 5495558 291 3 7 111
136 5664062 298 1 10 121
137 5788459 303 2 0 2
138 5788459 303 1 7 3
139 5788459 303 0 10 14
140 5788459 303 3 6 5173
141 5857139 304 2 8 40
142 5857139 304 3 10 1954
143 5899662 308 6 3 284
144 5899662 308 6 8 78
145 6094541 317 1 4 32
146 6094541 317 3 7 1004
147 6094541 317 2 0 4
148 6094541 317 1 3 109
149 6094541 317 10 5 964
150 6094541 317 0 1 14
151 6150967 324 5 10 48
152 6169870 327 2 10 1020
153 6243474 329 0 7 2
154 6264581 330 0 7 67
155 6285843 336 9 4 663
156 6307992 337 4 7 86
157 6354196 339 2 3 645
158 6354196 339 10 2 2880
159 6424248 340 5 2 3
160 6424248 340 5 4 1
161 6431130 341 10 2 91
162 6436877 343 6 4 129
163 6455089 345 7 3 13
164 6509645 353 0 0 27082
165 6516865 356 6 0 96
166 6529221 358 0 4 7138
167 6530533 359 6 9 55
168 6542416 360 9 5 19696
169 6634606 369 9 7 1
170 6702288 370 5 5 5
171 6702288 370 6 5 4
172 6720266 379 1 3 2
173 6801660 387 5 9 1
174 6848124 388 7 8 88
175 6848124 388 0 9 4765
176 7011140 390 10 4 27
177 7069256 392 3 9 3
178 7069256 392 9 0 19
179 7069256 392 1 5 5135
180 7276795 395 0 5 177
181 7276795 395 7 1 1
182 7276795 395 9 4 1
183 7296243 398 3 9 12
184 7314636 401 5 3 2385
185 7384449 402 9 0 2920
186 7384449 402 9 8 34
187 7397600 405 9 5 62
188 7580094 409 10 0 1584
189 7580094 409 2 4 2
190 7580094 409 6 2 3
191 7580094 409 2 2 23
192 7580094 409 2 0 528
193 7580094 409 10 1 542
194 7656233 413 9 0 144
195 7685423 420 6 10 64
196 7747222 424 7 0 119
197 7996594 428 10 7 1
198 7996594 428 9 5 822
199 7996594 428 4 3 3
200 7996594 428 8 1 7352
201 7996594 428 0 10 4
202 7996594 428 7 1 110959
203 7996594 428 6 8 7
204 7996882 429 0 6 415
205 8136422 430 10 0 9
206 8136422 430 7 0 2
207 8136422 430 0 1 1051
208 8136422 430 4 8 1
209 8136422 430 8 4 3
210 8136422 430 3 2 18
211 8136422 430 7 5 16
212 8136422 430 1 4 24
213 8153475 434 2 2 37
214 8153475 434 8 2 37
215 8192024 441 7 3 52
216 8230119 448 10 1 2
217 8366884 457 2 6 6
218 8366884 457 4 4 1
219 8527943 461 8 10 1
220 8527943 461 6 9 85
221 8527943 461 2 8 9
222 8527943 461 9 6 122
223 8881632 466 5 3 3602
224 8881632 466 0 7 1
225 8881632 466 10 2 50
226 8881632 466 10 7 22
227 8881632 466 6 0 7
228 8881632 466 3 2 100
229 8881632 466 1 3 3602
230 8881632 466 9 3 1801
231 8965524 467 1 1 2
232 8965524 467 1 6 6
233 8994152 469 6 1 4673
234 9036497 472 2 0 14
235 9425780 475 1 2 13
236 9425780 475 4 5 5
237 9425780 475 3 7 4
238 9425780 475 7 8 5
239 9425780 475 5 1 3
240 9425780 475 9 2 6
241 9573172 489 9 10 7526
242 9573172 489 8 10 15052
243 9871346 498 0 4 50
244 9871346 498 9 7 44
245 9871346 498 10 4 50
246 9871346 498 3 10 13
247 9871346 498 10 0 21
248 9871346 498 3 2 28
249 9871346 498 6 3 1
250 9871346 498 4 5 175
251 9871346 498 3 9 1
252 10075107 507 4 7 72
253 10075107 507 7 9 43
254 10075107 507 8 2 17
255 10075107 507 9 8 13
256 10137493 510 6 3 4
257 10137493 510 6 6 71
258 10303694 513 7 7 11
259 10303694 513 5 4 300
260 10339934 518 9 8 52
261 10376343 529 9 9 374
262 10419973 537 7 10 11
263 10426471 539 9 1 15
264 10490720 547 4 10 15
265 10490720 547 4 6 189
266 10490720 547 4 3 33039
267 10496693 549 8 5 792
268 10556012 551 10 6 30
269 10857461 555 4 6 47
270 10857461 555 5 6 23
271 10857461 555 1 2 876
272 10857461 555 1 0 1
273 10857461 555 1 8 7
274 10857461 555 2 4 829
275 10962401 556 5 1 2
276 10962401 556 9 7 110
277 10962401 556 8 0 1
278 11063997 562 10 3 1378
279 11091805 563 10 9 33
280 11228506 569 6 5 1
281 11228506 569 6 3 21
282 11228506 569 9 6 87
283 11228506 569 2 7 8
284 11228506 569 8 6 1
285 11228506 569 6 10 12
286 11228506 569 4 6 1
287 11228506 569 7 1 1
288 11228506 569 4 2 52
289 11228506 569 2 6 1
290 11241866 573 2 5 6
291 11245289 574 8 5 178
292 11342668 576 6 6 9
293 11342668 576 0 6 27
294 11342668 576 10 10 989
295 11342668 576 6 3 30
296 11342668 576 0 2 51
297 11342668 576 10 5 2438
298 11435822 583 6 6 89
299 11435822 583 6 8 46
300 11435822 583 6 1 2272
301 11461376 588 4 9 111
302 11461376 588 4 0 70
303 11470505 590 3 9 2305
304 11635943 606 10 7 327
305 11671464 611 0 8 1981
306 11671464 611 3 4 39
307 11923717 612 5 8 8
308 11923717 612 4 2 448
309 11923717 612 8 1 13
310 11923717 612 0 4 26
311 12183210 616 1 0 1483
312 12183210 616 1 10 3419
313 12183210 616 9 5 1227
314 12183210 616 5 4 3
315 12183210 616 0 10 12823
316 12183210 616 8 1 1
317 12298343 628 1 10 95
318 12383487 633 5 6 85
319 12424754 637 7 10 8
320 12591165 644 4 6 1
321 12591165 644 0 9 136
322 12591165 644 7 6 1
323 12591165 644 7 10 1
324 12591165 644 0 2 152
325 12591165 644 10 1 6
326 12591165 644 1 6 1
327 12616231 657 7 3 56
328 12641199 664 5 3 26
329 12903472 675 2 7 2702
330 12947475 681 7 5 12
331 12947475 681 6 5 12
332 13106943 683 8 1 50
333 13106943 683 10 7 1097
334 13106943 683 1 4 638
335 13106943 683 7 7 548
336 13106943 683 8 6 10
337 13106943 683 10 3 59
338 13121075 687 10 7 98
339 13235821 690 4 6 73
340 13235821 690 4 7 527
341 13235821 690 8 1 1
342 13235821 690 0 1 12
343 13235821 690 8 6 14
344 13239305 691 10 2 74
345 13305767 692 10 7 4345
346 13305767 692 7 3 3329
347 13305767 692 6 4 38
348 13643581 695 5 1 3
349 13643581 695 8 1 3
350 13643581 695 4 6 1
351 13643581 695 1 2 1587
352 13643581 695 9 6 1
353 13643581 695 4 4 1
354 13643581 695 4 3 4
355 13643581 695 9 8 1
356 13643581 695 10 6 2
357 13643581 695 7 8 1
358 13643581 695 7 7 1
359 13728341 698 5 9 66
360 13828201 702 3 3 1
361 13828201 702 4 3 13
362 13828201 702 4 9 6
363 13890551 703 2 6 38
364 13890551 703 9 1 49
365 13890551 703 2 0 74
366 13890551 703 2 3 37
367 13967626 713 0 6 9483
368 13988639 716 3 10 175
369 14107042 718 8 10 2
370 14107042 718 8 7 5
371 14111601 720 10 8 8567
372 14183942 724 6 9 286
373 14215891 729 1 6 6073
374 14222442 730 8 2 34
375 14296617 732 7 8 39
376 14296617 732 5 5 26
377 14392419 737 9 0 44
378 14587226 741 2 2 3
379 14587226 741 6 5 22
380 14653403 749 10 7 20
381 14800111 751 3 1 15
382 14800111 751 5 9 15
383 14800111 751 5 6 111
384 14800111 751 2 5 25
385 14800111 751 8 4 13
386 14800111 751 3 8 1
387 14905194 757 3 0 7
388 14905194 757 3 1 38
389 15023276 766 10 7 7
390 15023276 766 3 3 1
391 15117609 774 7 5 98
392 15146960 778 8 9 7
393 15166058 780 2 1 117
394 15176163 782 3 4 21
395 15241854 798 4 6 33
396 15275249 804 4 3 23
397 15275249 804 4 0 117
398 15297691 811 6 2 58
399 15635247 822 0 8 1679
400 15635247 822 0 5 26
401 15635247 822 4 8 239
402 15635247 822 3 6 4
403 15635247 822 9 0 4
404 15635247 822 5 2 3
405 15635247 822 0 1 1
406 15864535 823 8 2 6
407 15864535 823 2 5 1797
408 15864535 823 5 6 282
409 15864535 823 1 1 969
410 15864535 823 10 6 7637
411 15864535 823 10 4 14215
412 15937204 825 10 0 17
413 15937204 825 10 2 54
414 15937204 825 6 1 171
415 15978414 830 3 9 16
416 16031133 833 7 8 800
417 16064828 834 2 10 700
418 16064828 834 8 10 1400
419 16118407 842 1 8 2391
420 16118407 842 1 3 757
421 16132252 844 7 9 283
422 16162869 846 5 10 165
423 16166885 849 7 10 39
424 16191101 856 4 4 30
425 16216644 857 9 4 62
426 16266338 861 3 6 1409
427 16266338 861 3 0 984
428 16289228 863 2 4 116
429 16444665 864 7 2 954
430 16444665 864 7 6 4
431 16444665 864 4 1 14
432 16444665 864 10 8 113
433 16465135 870 3 3 6
434 16486243 871 1 9 3
435 16554756 880 1 7 27314
436 16695714 886 4 6 555
437 16697152 887 6 4 158
438 16718242 888 10 1 119
439 16718242 888 10 5 109
440 16718242 888 10 2 136
441 16718242 888 10 3 87
442 16729098 891 2 8 118
443 16844396 894 0 10 33
444 16844396 894 7 5 4
445 16917308 896 9 9 30
446 17009411 904 5 6 59
447 17084980 907 2 3 18
448 17134564 911 10 0 682
449 17162244 913 6 2 19
450 17162244 913 0 2 19
451 17224621 921 3 9 79
452 17583066 929 4 1 2
453 17583066 929 7 3 3
454 17583066 929 1 10 2
455 17583066 929 3 9 4
456 17583066 929 1 7 2
457 17583066 929 10 5 227
458 17583066 929 2 2 8
459 17583066 929 10 10 1
460 17583066 929 0 5 454
461 17583066 929 7 8 14
462 17583066 929 4 4 2635
463 17751930 930 1 2 43
464 17751930 930 7 7 73
465 17904428 931 6 3 24
466 17904428 931 2 6 8
467 18005337 932 6 8 20
468 18005337 932 3 9 4
469 18005337 932 8 4 43
470 18005337 932 9 9 9
471 18005337 932 8 3 9
472 18005337 932 5 8 6
473 18050925 939 4 8 42789
474 18337617 941 5 2 2
475 18337617 941 7 10 36
476 18337617 941 2 9 1305
477 18337617 941 8 2 2
478 18337617 941 5 7 1
479 18337617 941 9 3 1
480 18337617 941 5 4 1
481 18337617 941 4 9 3916
482 18337617 941 2 3 1
483 18337617 941 4 7 1
484 18337617 941 10 9 1305
485 18337617 941 7 3 1
486 18381990 949 6 4 3132
487 18415829 952 4 4 55
488 18431148 958 3 3 2
489 18502470 963 0 8 229
490 18697348 967 6 5 7
491 18697348 967 7 5 7
492 18697348 967 7 1 1476
493 18697348 967 4 3 16
494 18697348 967 7 8 44
495 18808706 973 0 7 14257
496 18908484 993 4 1 115
497 18908484 993 4 0 4812
498 18950306 994 1 0 3
499 18950306 994 1 1 1
