11 242 500
0 13391 0 9 3 1560
1 13391 0 1 9 151
2 51107 3 10 2 11041
3 51107 3 5 0 2396
4 93421 9 7 7 39
5 93421 9 7 5 35
6 93421 9 1 6 23
7 93421 9 4 4 2
8 93421 9 1 1 4
9 93421 9 7 4 2
10 171575 17 2 3 46
11 179016 18 1 1 13067
12 201395 21 3 1 17
13 201395 21 3 4 45
14 237045 29 2 9 94
15 246776 34 3 5 1261
16 247674 36 3 4 53
17 259554 37 6 0 25
18 267850 38 10 5 110
19 282888 41 10 5 3030
20 284296 43 5 8 154
21 290691 45 5 6 2127
22 382307 51 8 2 26
23 382307 51 2 7 5
24 382307 51 10 10 1
25 382307 51 2 9 1
26 382307 51 10 3 15
27 382307 51 3 3 15
28 382307 51 7 8 1
29 431384 59 2 1 67
30 431384 59 1 0 2
31 454206 66 0 9 82
32 454206 66 0 6 59
33 454206 66 0 3 61
34 454206 66 0 7 227
35 472150 70 10 8 21
36 484170 72 6 7 60
37 534787 75 5 1 5916
38 534787 75 1 5 231
39 534787 75 10 6 14
40 534787 75 8 7 3
41 550707 83 0 2 165
42 614865 84 7 1 8
43 614865 84 4 3 4
44 614865 84 7 8 1
45 614865 84 6 3 17
46 614865 84 4 6 1
47 619635 88 1 6 30
48 631487 89 7 2 266
49 662502 97 1 9 1843
50 662502 97 0 9 1843
51 699619 99 7 0 1829
52 763240 102 9 10 21
53 763240 102 2 10 21
54 774349 104 4 7 132
55 774349 104 4 1 18
56 838376 118 7 5 16
57 865235 127 0 2 9547
58 875569 132 5 1 6
59 897772 136 1 1 31
60 948996 137 3 0 8
61 948996 137 8 10 668
62 948996 137 8 6 2
63 948996 137 5 6 2
64 949835 138 9 5 109
65 954156 139 7 1 25
66 954172 140 7 4 142
67 978339 146 8 8 999
68 978339 146 3 4 5
69 1048084 154 3 3 28
70 1048084 154 4 6 460
71 1048084 154 10 4 91
72 1048084 154 9 3 28
73 1048084 154 0 1 5
74 1113658 160 8 1 17
75 1113658 160 7 5 5
76 1113658 160 8 3 10
77 1113658 160 8 5 11
78 1113658 160 8 6 5
79 1113658 160 10 7 293
80 1113658 160 3 2 843
81 1113658 160 5 2 210
82 1135930 162 7 6 44
83 1135930 162 8 6 14
84 1135930 162 5 3 574
85 1135930 162 6 4 92
86 1135930 162 6 10 5
87 1147637 167 2 5 23577
88 1150028 168 5 2 15
89 1158960 170 3 1 57
90 1175269 174 2 2 9
91 1175269 174 9 7 14
92 1175269 174 1 7 14
93 1197286 177 0 9 9
94 1197286 177 3 5 42
95 1212649 187 4 9 35
96 1218399 190 8 0 72
97 1227011 192 3 10 87
98 1277536 198 3 10 14
99 1277536 198 9 2 2
100 1277536 198 7 4 2
101 1282990 202 3 10 415
102 1282990 202 3 1 8
103 1296800 203 8 2 64
104 1325510 213 8 4 106
105 1326684 215 7 4 8130
106 1336624 220 0 5 2340
107 1342532 223 3 2 68
108 1371444 229 2 5 133
109 1399459 230 8 0 12
110 1399459 230 0 9 29
111 1399459 230 0 8 16
112 1399459 230 8 8 135
113 1399459 230 0 0 2
114 1399459 230 3 3 136
115 1401687 231 0 6 2
116 1453766 233 2 2 4
117 1453766 233 2 5 1
118 1478112 237 10 9 11
119 1487320 239 9 1 9
120 1487320 239 8 1 9
121 1543209 241 7 8 1
122 1543209 241 3 1 18
123 1543635 243 10 1 22
124 1552266 250 3 9 15
125 1585642 259 9 1 891
126 1647348 262 3 0 9
127 1647348 262 9 5 7
128 1647348 262 4 3 3
129 1647348 262 9 8 7
130 1655065 263 9 10 1524
131 1656644 265 1 3 69
132 1668360 269 4 0 22
133 1674954 271 7 7 34
134 1678349 276 8 5 169
135 1689436 282 8 9 41
136 1698261 285 4 7 350
137 1795574 287 0 2 6
138 1795574 287 3 8 11
139 1795574 287 0 4 1
140 1795574 287 5 9 1
141 1795574 287 7 7 807
142 1795574 287 5 1 6
143 1795574 287 8 9 1
144 1795574 287 2 2 3
145 1831852 291 9 5 25
146 1831852 291 6 9 731
147 1831852 291 2 0 8
148 1865107 292 7 0 6
149 1865107 292 6 9 1235
150 1865107 292 1 0 6
151 1865107 292 3 8 654
152 1867786 294 0 5 99583
153 1870357 295 5 4 1
154 1888020 298 9 2 37
155 1929486 303 4 2 1892
156 1952379 304 3 4 11
157 1970333 310 7 6 6
158 1970333 310 0 1 221
159 1979996 316 0 4 43
160 2031513 317 2 3 54
161 2031513 317 0 4 10
162 2031513 317 7 2 1697
163 2031513 317 2 5 964
164 2031513 317 3 7 1004
165 2031513 317 2 1 14
166 2037774 323 5 9 187
167 2102664 337 4 10 50
168 2141416 340 8 9 15
169 2153926 346 0 5 489
170 2155249 347 8 7 80
171 2158044 349 1 6 568
172 2169881 353 0 3 163
173 2183370 361 6 9 119
174 2192293 363 4 4 31
175 2211535 369 3 9 224
176 2234096 370 0 8 6
177 2234096 370 5 10 11
178 2234096 370 1 9 162
179 2237890 373 6 3 66
180 2259700 384 6 2 220
181 2282708 388 0 8 3
182 2337046 390 3 9 174
183 2337046 390 10 5 13
184 2337046 390 4 1 2
185 2337046 390 5 6 10335
186 2337046 390 6 6 114
187 2337046 390 6 7 6
188 2356418 392 6 5 3851
189 2356418 392 4 4 427
190 2425598 395 3 9 10223
191 2425598 395 7 8 33
192 2425598 395 9 5 532
193 2461483 402 2 7 17
194 2465866 405 2 5 15
195 2470269 406 1 10 204
196 2480021 407 2 9 3032
197 2526698 409 2 0 528
198 2552077 413 9 7 32
199 2552077 413 9 6 10095
200 2572462 422 3 2 3415
201 2582407 424 7 4 84
202 2665531 428 7 8 2
203 2665531 428 8 1 7352
204 2665531 428 3 3 3
205 2665531 428 8 9 1
206 2665531 428 1 6 1
207 2665531 428 1 1 668
208 2665531 428 3 8 2
209 2665531 428 8 0 4
210 2665531 428 2 0 1
211 2712140 430 4 10 5
212 2712140 430 10 4 3
213 2712140 430 5 6 190
214 2717825 434 9 2 74
215 2723593 435 7 1 108
216 2723593 435 6 0 163
217 2729634 440 5 10 4
218 2734471 443 6 3 83
219 2747984 452 5 10 36
220 2751417 455 5 0 30
221 2788961 457 1 10 5
222 2806604 460 1 7 335
223 2842647 461 8 5 283
224 2842647 461 7 5 1
225 2842647 461 3 6 614
226 2842647 461 2 7 147
227 2842647 461 3 2 27
228 2846947 464 9 0 17
229 2960544 466 3 7 61
230 2960544 466 2 6 20
231 2960544 466 0 9 20
232 2996184 468 7 1 79
233 2996184 468 7 3 165
234 2998050 469 6 1 4673
235 3004328 471 7 10 923
236 3012165 472 7 0 7
237 3043840 473 1 9 12
238 3043840 473 0 8 1669
239 3043840 473 6 8 52
240 3043840 473 4 7 3
241 3141926 475 6 6 1
242 3141926 475 5 1 3
243 3141926 475 7 1 10
244 3141926 475 6 8 5
245 3141926 475 8 9 5
246 3141926 475 10 4 2
247 3141926 475 2 8 2
248 3141926 475 7 3 1
249 3141926 475 9 6 1
250 3141926 475 10 2 3
251 3141926 475 1 10 5
252 3141926 475 1 2 13
253 3141926 475 4 8 2
254 3141926 475 6 2 1
255 3152497 477 2 5 349
256 3159961 479 10 9 1
257 3178674 487 5 6 23
258 3178674 487 5 8 1304
259 3196327 492 8 7 3095
260 3290448 498 0 9 1
261 3290448 498 9 10 261
262 3290448 498 10 5 175
263 3290448 498 9 5 175
264 3290448 498 1 10 13
265 3305424 504 10 3 26
266 3305424 504 0 9 148
267 3358369 507 0 4 1429
268 3358369 507 7 10 178
269 3358369 507 1 6 3
270 3358369 507 1 10 178
271 3358369 507 6 4 2858
272 3379164 510 7 10 87
273 3434564 513 7 2 42
274 3434564 513 9 5 690
275 3434564 513 2 5 862
276 3458227 528 3 7 128
277 3458781 529 2 9 374
278 3475490 539 10 1 6
279 3496906 547 4 3 33039
280 3496906 547 4 8 25
281 3505972 550 1 6 6
282 3518670 551 0 1 26
283 3518670 551 7 9 4879
284 3518670 551 4 1 3
285 3619153 555 1 7 14
286 3619153 555 0 1 95
287 3619153 555 2 2 2628
288 3619153 555 6 3 202
289 3619153 555 6 4 829
290 3619153 555 4 10 197
291 3619153 555 9 6 71
292 3619153 555 4 1 191
293 3619153 555 9 3 202
294 3619153 555 5 7 7
295 3619153 555 3 5 1
296 3654133 556 10 7 15
297 3654133 556 9 5 3164
298 3673465 559 1 0 608
299 3687999 562 10 4 31234
300 3697268 563 10 1 192
301 3752226 575 1 8 15
302 3780889 576 6 7 65
303 3780889 576 6 5 2438
304 3781875 577 0 0 2339
305 3803347 582 4 0 2716
306 3811940 583 6 4 5985
307 3813142 585 10 3 1425
308 3820458 588 4 2 98
309 3820458 588 4 4 244
310 3890488 611 10 6 205
311 3890488 611 0 2 43
312 3974572 612 6 3 1
313 3974572 612 4 8 17
314 3974572 612 7 2 448
315 3974572 612 3 2 448
316 3974572 612 7 5 120
317 3974572 612 8 3 1
318 4061070 616 10 0 494
319 4061070 616 1 10 3419
320 4061070 616 10 5 1227
321 4061070 616 1 6 36
322 4061070 616 8 5 11051
323 4061070 616 6 0 494
324 4061070 616 5 3 20
325 4061070 616 7 6 36
326 4061070 616 6 10 2564
327 4061070 616 3 0 988
328 4061070 616 10 4 1
329 4061070 616 3 1 1
330 4061070 616 9 4 1
331 4110491 632 7 1 1214
332 4127829 633 5 5 19724
333 4197055 644 10 4 647
334 4197055 644 7 3 21
335 4197055 644 4 10 1
336 4197055 644 3 10 1
337 4197055 644 7 5 10
338 4197055 644 0 9 136
339 4200760 648 9 2 178
340 4213286 663 1 1 14315
341 4221563 670 5 9 92
342 4287801 671 6 6 41
343 4287801 671 9 5 30
344 4287801 671 3 0 3
345 4289342 672 10 5 10
346 4373691 687 10 2 32
347 4384700 689 8 10 1
348 4411940 690 0 9 34
349 4442788 693 8 9 102
350 4547860 695 7 9 429
351 4547860 695 4 6 1
352 4547860 695 0 9 2791
353 4547860 695 8 0 21
354 4547860 695 4 5 71
355 4547860 695 2 3 13
356 4547860 695 10 2 1587
357 4547860 695 2 0 128
358 4552145 697 4 6 1569
359 4576113 698 10 2 25
360 4576113 698 5 3 7885
361 4576113 698 5 7 21
362 4588807 701 8 9 1
363 4588807 701 1 2 3
364 4609400 702 3 6 22
365 4609400 702 3 9 43
366 4630183 703 2 7 1370
367 4630183 703 9 10 81
368 4630183 703 2 6 38
369 4630183 703 9 3 37
370 4647710 710 3 0 36
371 4702347 718 8 5 263
372 4737227 727 2 5 14
373 4765539 732 4 5 13
374 4765539 732 9 6 4
375 4862408 741 10 2 3
376 4862408 741 6 8 1
377 4862408 741 10 4 33
378 4862408 741 3 0 544
379 4862408 741 0 10 110
380 4863085 742 9 10 31
381 4884467 749 9 7 41
382 4933370 751 9 9 15
383 4933370 751 6 7 3
384 4933370 751 5 0 23
385 4933370 751 0 9 15
386 4942247 752 3 0 42
387 4942247 752 0 1 8
388 4943198 754 0 1 40
389 4954805 755 9 6 4
390 4954805 755 9 2 84
391 4968398 757 7 5 578
392 4968398 757 9 5 1734
393 4968398 757 5 5 578
394 5007758 766 10 6 14
395 5029296 768 8 10 47
396 5029296 768 8 7 6
397 5029296 768 0 4 59
398 5029446 769 5 3 363
399 5036346 773 10 10 34
400 5048986 778 0 1 279
401 5048986 778 9 9 21
402 5048986 778 6 9 7
403 5055352 780 0 5 4
404 5063051 786 6 0 54
405 5065514 787 1 4 3
406 5065514 787 2 4 78
407 5069353 790 7 8 37
408 5080618 798 4 9 293
409 5084042 802 10 5 226
410 5099056 810 3 7 472
411 5115242 819 4 3 21
412 5211749 822 4 4 28
413 5211749 822 1 9 5
414 5211749 822 3 0 7
415 5211749 822 10 4 25
416 5211749 822 8 4 1
417 5211749 822 1 5 26
418 5211749 822 4 0 3
419 5211749 822 10 8 239
420 5211749 822 5 6 4
421 5288178 823 3 9 1
422 5288178 823 3 7 3756
423 5288178 823 9 2 6
424 5288178 823 9 0 8
425 5288178 823 8 0 26
426 5288178 823 10 3 2
427 5312401 825 6 1 171
428 5326138 830 8 2 21
429 5326138 830 0 5 5
430 5343711 833 7 8 800
431 5354942 834 2 10 700
432 5354942 834 8 10 1400
433 5354942 834 9 9 14
434 5354942 834 7 0 177
435 5354942 834 1 5 908
436 5372802 842 1 6 11325
437 5387623 846 5 8 80
438 5388261 848 8 4 118
439 5391250 851 0 6 15
440 5394998 855 2 0 234
441 5405548 857 9 8 57
442 5413895 859 6 8 506
443 5481555 864 4 1 14
444 5481555 864 3 8 113
445 5481555 864 2 0 1809
446 5481555 864 4 8 113
447 5495414 871 10 8 8344
448 5516384 878 9 6 46
449 5565238 886 8 0 29
450 5565238 886 0 0 118
451 5565238 886 2 2 1476
452 5565238 886 3 1 5
453 5565238 886 2 7 4
454 5565238 886 9 0 14
455 5614798 894 9 3 12
456 5614798 894 6 2 5
457 5614798 894 4 5 8
458 5614798 894 2 3 6
459 5617621 895 7 9 9
460 5639102 896 10 2 38
461 5694993 907 2 4 4
462 5694993 907 4 8 14
463 5694993 907 4 0 36
464 5703226 909 9 7 11407
465 5703892 910 10 5 3
466 5764267 926 7 8 20
467 5861022 929 0 7 2
468 5861022 929 5 2 8
469 5861022 929 4 0 7
470 5861022 929 3 6 109
471 5861022 929 3 0 2
472 5861022 929 7 4 878
473 5917310 930 6 2 7
474 5917310 930 0 1 28
475 5917310 930 1 10 683
476 5968142 931 6 6 8
477 5968142 931 0 6 17
478 5968142 931 7 8 4
479 6001779 932 1 1 779
480 6001779 932 9 9 9
481 6001779 932 0 3 59
482 6007549 935 3 1 1573
483 6112539 941 10 3 1
484 6112539 941 5 5 13
485 6112539 941 10 9 1305
486 6112539 941 6 6 24
487 6112539 941 5 6 2
488 6112539 941 4 1 192
489 6124964 948 1 6 11083
490 6143716 958 3 3 2
491 6232449 967 0 5 43
492 6240851 970 4 4 50
493 6269568 973 0 6 19
494 6280554 979 0 1 41
495 6283835 980 1 10 102
496 6302828 993 4 3 13014
497 6316768 994 2 1 1
498 6322459 997 6 3 22
499 6328112 998 5 3 1030
