11 246 500
0 40173 0 9 8 56
1 180210 5 9 8 2075
2 202904 8 10 0 624
3 280263 9 1 3 74
4 280263 9 1 7 39
5 280263 9 4 8 2
6 304250 12 6 2 40
7 393441 13 1 9 30152
8 393441 13 3 4 1361
9 514725 17 2 4 12
10 514725 17 7 8 1
11 514725 17 3 7 19
12 604186 21 4 3 9711
13 711136 29 10 5 56
14 711136 29 2 10 58
15 711136 29 2 8 170
16 730444 31 3 6 1
17 738376 32 6 4 72
18 778664 37 0 10 4
19 778664 37 3 8 6
20 906472 50 10 8 1
21 1146922 51 3 9 1
22 1146922 51 0 4 15
23 1146922 51 5 5 8
24 1294154 59 5 8 15
25 1294154 59 1 2 204
26 1294154 59 8 0 4
27 1294154 59 1 9 128
28 1294154 59 8 4 6
29 1319248 62 8 5 5726
30 1330602 64 2 6 218
31 1362618 66 0 3 61
32 1416452 70 4 7 3
33 1416452 70 3 10 99
34 1604362 75 10 5 1270
35 1604362 75 0 0 5
36 1604362 75 7 10 7
37 1604362 75 10 3 33
38 1604362 75 7 9 1
39 1636614 79 10 3 38
40 1640706 80 7 4 194
41 1844595 84 10 6 1
42 1844595 84 7 10 95
43 1844595 84 7 4 5
44 1844595 84 4 7 21
45 1844595 84 2 3 4
46 1894463 89 7 7 1448
47 1894463 89 7 9 100
48 1916565 91 8 2 550
49 1947526 94 6 5 756
50 1987506 97 8 9 1843
51 1987506 97 9 9 1843
52 2098858 99 9 6 70
53 2098858 99 9 7 12
54 2098858 99 9 3 63
55 2289721 102 5 5 14
56 2289721 102 3 8 29219
57 2289721 102 6 2 483
58 2289721 102 9 3 11
59 2289721 102 4 6 1
60 2289721 102 10 3 5
61 2416587 108 8 0 226
62 2418002 109 3 0 33
63 2463398 116 2 2 161
64 2487130 117 0 10 1361
65 2547386 126 3 0 39
66 2595705 127 0 10 2474
67 2693317 136 1 1 31
68 2693317 136 1 10 32
69 2846988 137 7 4 99
70 2846988 137 8 3 48
71 2846988 137 10 8 34
72 2846988 137 7 3 9
73 2846988 137 4 10 222
74 2969178 150 2 7 5692
75 2969178 150 2 4 17932
76 3144252 154 1 10 17
77 3144252 154 6 2 748
78 3144252 154 0 9 11
79 3144252 154 6 4 10
80 3144252 154 4 6 460
81 3144252 154 5 8 21
82 3340975 160 3 7 1
83 3340975 160 2 5 5
84 3340975 160 4 0 11
85 3340975 160 2 3 2
86 3407790 162 5 0 1899
87 3407790 162 10 6 14
88 3407790 162 5 10 5
89 3476881 170 3 5 103
90 3493285 172 7 2 54
91 3494833 173 4 2 87
92 3525807 174 2 3 36
93 3525807 174 1 7 14
94 3525807 174 5 6 24
95 3529142 175 5 6 13
96 3591860 177 3 5 42
97 3600899 180 5 0 216
98 3617534 184 1 6 21
99 3657438 191 8 6 7153
100 3681034 192 3 9 1320
101 3832609 198 3 5 1
102 3832609 198 9 1 4
103 3832609 198 0 1 4
104 3848970 202 3 7 44
105 3848970 202 3 9 290
106 3890402 203 7 4 4534
107 3927382 209 3 5 39
108 3969180 210 0 3 1
109 3969180 210 4 3 1
110 3982615 216 9 5 2
111 4198378 230 8 10 2
112 4198378 230 0 1 46
113 4361300 233 4 2 8
114 4361300 233 4 0 7
115 4361300 233 10 5 4
116 4361300 233 7 5 3
117 4434337 237 10 6 47
118 4463068 240 1 6 190
119 4629627 241 9 3 1
120 4629627 241 1 7 12
121 4629627 241 7 2 3905
122 4629627 241 3 8 1
123 4630066 242 8 3 104
124 4639361 244 10 9 11740
125 4756928 259 7 1 2675
126 4756928 259 9 3 623
127 4756928 259 4 1 891
128 4756928 259 5 7 25
129 4942045 262 0 7 1
130 4942045 262 3 9 15
131 4965197 263 4 10 1524
132 5005080 269 4 2 8281
133 5044593 281 1 7 651
134 5386722 287 1 6 48
135 5386722 287 4 5 2
136 5386722 287 9 4 10
137 5386722 287 4 1 3
138 5386722 287 8 8 5
139 5386722 287 2 6 24
140 5388532 288 8 10 108
141 5391971 290 5 7 223
142 5495558 291 5 0 3
143 5495558 291 6 6 409
144 5595323 292 3 8 654
145 5664062 298 1 10 121
146 5664062 298 1 4 9674
147 5664062 298 1 2 37
148 5788459 303 4 0 158
149 5788459 303 3 9 204
150 5857139 304 3 3 9291
151 5899662 308 6 0 160
152 5899662 308 6 4 147
153 5933534 313 3 2 18
154 6094541 317 9 0 4
155 6094541 317 5 9 21
156 6094541 317 3 7 1004
157 6094541 317 10 4 10
158 6094541 317 7 0 4
159 6239035 328 4 3 1
160 6239035 328 3 9 2
161 6239035 328 6 5 594
162 6239035 328 1 5 297
163 6243474 329 0 7 2
164 6307992 337 4 10 50
165 6307992 337 4 8 4762
166 6354196 339 4 7 15
167 6354196 339 8 3 215
168 6424248 340 8 7 2998
169 6431130 341 10 2 91
170 6514281 355 6 6 29
171 6530533 359 6 9 55
172 6702288 370 8 8 3
173 6702288 370 1 9 162
174 6770035 380 10 6 315
175 6801660 387 9 9 1
176 6801660 387 0 9 1
177 6801660 387 5 9 1
178 6848124 388 0 1 16
179 7011140 390 4 1 2
180 7011140 390 10 4 27
181 7069256 392 5 0 19
182 7276795 395 1 3 52
183 7314636 401 5 3 2385
184 7314636 401 0 3 1192
185 7384449 402 9 10 117
186 7384449 402 2 8 69
187 7580094 409 10 7 1
188 7580094 409 8 0 1056
189 7580094 409 2 5 3188
190 7580094 409 6 1 1627
191 7580094 409 8 4 782
192 7580094 409 6 8 40
193 7580094 409 1 5 797
194 7717387 422 3 2 3415
195 7996594 428 2 8 2
196 7996594 428 4 3 3
197 7996594 428 10 2 1
198 7996594 428 2 5 822
199 7996594 428 2 0 1
200 7996594 428 0 7 1
201 8136422 430 4 7 17
202 8136422 430 10 5 33
203 8136422 430 10 1 1051
204 8136422 430 10 4 3
205 8136422 430 4 8 1
206 8136422 430 7 0 2
207 8170779 435 2 0 163
208 8170779 435 6 0 163
209 8188904 440 5 0 14
210 8212758 444 1 0 59
211 8220735 445 7 6 2
212 8230119 448 10 1 2
213 8233679 450 10 4 617
214 8244328 453 8 2 53
215 8256150 456 6 5 8547
216 8366884 457 10 0 8
217 8366884 457 6 5 32
218 8366884 457 7 1 3
219 8527943 461 5 5 163
220 8527943 461 0 8 9
221 8527943 461 3 0 16
222 8527943 461 1 8 9
223 8527943 461 10 9 7
224 8527943 461 3 6 614
225 8881632 466 0 4 2609
226 8881632 466 9 10 12
227 8881632 466 9 4 217
228 8881632 466 2 3 1801
229 8881632 466 2 4 652
230 8881632 466 10 2 50
231 8881632 466 4 5 1
232 8881632 466 5 6 8
233 8881632 466 4 0 15
234 8881632 466 0 7 1
235 8965524 467 6 5 5
236 8965524 467 2 5 86
237 8965524 467 0 9 8
238 8994152 469 6 1 4673
239 9036497 472 6 0 14
240 9131521 473 7 9 2
241 9479885 479 6 9 1
242 9490414 480 8 5 25
243 9519669 486 6 8 21916
244 9536022 487 5 1 65
245 9573172 489 9 8 8
246 9573172 489 0 0 785
247 9871346 498 6 5 175
248 9871346 498 8 6 1
249 9871346 498 1 10 13
250 9871346 498 7 5 8250
251 9871346 498 0 0 43
252 9916273 504 6 8 77
253 9916273 504 3 10 30
254 10075107 507 10 2 11
255 10075107 507 10 0 3
256 10075107 507 6 7 800
257 10075107 507 7 4 4287
258 10303694 513 1 2 6
259 10303694 513 1 6 240
260 10337864 516 10 3 54
261 10337864 516 9 3 1
262 10373201 527 5 0 238
263 10382033 531 3 0 195
264 10429673 540 7 7 98
265 10490720 547 4 5 7822
266 10517918 550 5 6 6
267 10556012 551 0 1 26
268 10578696 554 10 7 2037
269 10857461 555 8 5 13
270 10857461 555 8 9 11
271 10857461 555 6 1 191
272 10857461 555 6 2 876
273 10962401 556 8 10 335
274 10962401 556 0 5 3164
275 10962401 556 9 5 3164
276 11016322 558 1 5 72
277 11027350 560 7 0 10
278 11063997 562 10 8 7631
279 11063997 562 10 2 37
280 11113494 565 1 7 39
281 11113494 565 1 1 233
282 11113494 565 1 8 222
283 11228506 569 8 0 26
284 11228506 569 6 3 21
285 11342668 576 10 0 51
286 11357880 578 3 0 66
287 11358545 579 3 0 57
288 11435822 583 6 9 208
289 11435822 583 6 7 1421
290 11435822 583 6 10 61
291 11461376 588 4 8 19655
292 11470505 590 3 6 136
293 11498718 595 2 9 194
294 11501898 597 7 4 43
295 11597988 602 8 4 906
296 11597988 602 8 7 111
297 11635943 606 10 8 31
298 11641845 608 8 4 11
299 11671464 611 1 2 8
300 11923717 612 6 9 3
301 11923717 612 9 2 1346
302 11923717 612 1 0 71
303 11923717 612 4 1 3
304 11923717 612 4 5 120
305 12183210 616 6 4 1
306 12183210 616 6 1 2
307 12183210 616 5 5 8595
308 12183210 616 7 10 854
309 12183210 616 9 4 1
310 12183210 616 2 7 200
311 12183210 616 10 7 200
312 12183210 616 10 3 20
313 12183210 616 0 0 1977
314 12183210 616 1 1 18
315 12183210 616 2 1 1
316 12183210 616 10 0 494
317 12183210 616 0 9 5
318 12224316 621 2 8 37
319 12231093 624 9 5 2839
320 12231093 624 8 5 2839
321 12264573 626 2 1 8
322 12298343 628 1 8 78
323 12298343 628 1 4 81
324 12298343 628 1 10 95
325 12298343 628 1 3 228
326 12409539 635 5 3 16
327 12591165 644 1 0 8
328 12591165 644 5 3 10
329 12591165 644 0 7 92
330 12591165 644 8 4 4530
331 12591165 644 7 0 8
332 12593109 645 4 8 20
333 12602281 648 9 2 178
334 12604918 650 7 10 29
335 12639657 661 9 0 13
336 12648647 666 1 3 75
337 12664689 670 5 9 92
338 12863405 671 3 1 4531
339 12863405 671 2 0 3
340 12863405 671 7 2 19
341 12868028 672 8 5 20
342 12903472 675 2 2 222
343 12903472 675 2 7 2702
344 12947475 681 6 5 12
345 13106943 683 1 5 4
346 13106943 683 0 9 15
347 13106943 683 0 5 12
348 13154100 689 5 4 1591
349 13154100 689 9 4 318
350 13235821 690 0 10 48
351 13239305 691 2 2 49
352 13305767 692 10 10 12
353 13305767 692 2 0 75
354 13643581 695 0 3 8
355 13643581 695 7 8 1
356 13643581 695 1 8 1
357 13643581 695 4 6 1
358 13643581 695 0 7 2
359 13643581 695 10 6 2
360 13643581 695 3 6 1
361 13643581 695 2 6 1
362 13643581 695 9 5 7
363 13643581 695 0 9 2791
364 13643581 695 10 7 1
365 13643581 695 8 10 1
366 13643581 695 8 5 28
367 13643581 695 7 10 5
368 13643581 695 6 2 1587
369 13643581 695 5 9 214
370 13656435 697 6 6 3138
371 13656435 697 2 1 77
372 13728341 698 5 5 6
373 13766423 701 6 9 1
374 13766423 701 4 2 3
375 13766423 701 3 9 1
376 13828201 702 3 8 11
377 13828201 702 3 9 43
378 13828201 702 4 9 6
379 13890551 703 9 4 57
380 13890551 703 9 0 37
381 13890551 703 9 9 325
382 13890551 703 2 4 57
383 13943131 710 3 2 96
384 13966246 712 2 4 49
385 13979650 714 2 2 9758
386 13991279 717 9 7 35
387 14107042 718 2 8 1455
388 14107042 718 3 3 31
389 14107042 718 10 1 6
390 14111821 721 4 10 231
391 14162680 723 3 4 523
392 14183942 724 6 1 111
393 14215891 729 1 6 6073
394 14296617 732 9 5 52
395 14296617 732 9 0 2
396 14298423 734 2 0 38
397 14369308 735 6 8 280
398 14420371 739 10 7 96
399 14420371 739 10 1 78
400 14587226 741 7 6 5
401 14587226 741 10 2 3
402 14587226 741 6 7 14
403 14619009 744 6 3 1
404 14653403 749 5 0 33
405 14800111 751 10 2 15409
406 14800111 751 7 6 55
407 14800111 751 2 2 119
408 14864416 755 9 10 2193
409 14864416 755 9 2 84
410 14864416 755 9 7 346
411 14915589 759 10 3 11
412 14931468 762 9 1 36
413 15023276 766 10 7 7
414 15023276 766 0 10 30
415 15023276 766 1 6 172
416 15125261 776 6 10 137
417 15146960 778 5 1 279
418 15241854 798 4 1 2953
419 15244855 801 9 6 20
420 15297170 810 3 7 472
421 15322308 815 4 7 813
422 15339396 817 7 3 1577
423 15635247 822 5 6 4
424 15635247 822 10 8 239
425 15635247 822 9 6 4
426 15635247 822 6 0 4
427 15937204 825 1 9 18
428 16031133 833 7 2 89
429 16064828 834 9 9 14
430 16064828 834 9 10 1400
431 16064828 834 2 5 908
432 16081149 838 5 0 8530
433 16118407 842 1 1 148
434 16118407 842 1 3 757
435 16166885 849 9 10 39
436 16241685 859 6 4 66
437 16241685 859 6 0 3051
438 16526212 874 2 9 31
439 16695714 886 6 6 555
440 16695714 886 8 0 29
441 16695714 886 6 4 1
442 16695714 886 5 3 48
443 16695714 886 7 7 8
444 16724773 889 6 2 173
445 16844396 894 7 7 1
446 16844396 894 5 9 71
447 16844396 894 9 1 4
448 16917308 896 4 9 10
449 16917308 896 2 0 1968
450 16951983 899 6 4 32
451 16971769 901 6 2 30
452 16971769 901 1 3 1484
453 17109679 909 9 5 138
454 17134564 911 2 0 682
455 17216524 919 2 1 1
456 17216524 919 8 1 1
457 17216524 919 0 1 1
458 17292803 926 7 6 104
459 17292803 926 7 4 65
460 17583066 929 1 6 54
461 17583066 929 5 2 8
462 17583066 929 4 3 3
463 17583066 929 10 8 4
464 17583066 929 3 9 4
465 17583066 929 0 0 5
466 17751930 930 8 8 309
467 17751930 930 8 6 13
468 17751930 930 5 8 309
469 17904428 931 3 3 124
470 17904428 931 8 10 225
471 17904428 931 4 10 225
472 17904428 931 0 2 6431
473 18005337 932 10 9 4
474 18005337 932 7 2 3611
475 18337617 941 1 6 5
476 18337617 941 2 4 1
477 18337617 941 5 10 18
478 18337617 941 9 10 18
479 18337617 941 2 1 96
480 18337617 941 0 10 18
481 18374894 948 6 7 18
482 18374894 948 8 6 3958
483 18381990 949 2 4 3132
484 18381990 949 10 4 3132
485 18407242 950 3 8 7
486 18419588 955 9 4 12686
487 18419739 956 4 1 1266
488 18469137 959 10 9 43
489 18497147 961 5 5 343
490 18497147 961 8 5 343
491 18697348 967 5 10 13
492 18697348 967 5 9 2
493 18697348 967 5 6 3080
494 18722555 970 4 4 50
495 18722555 970 8 6 37
496 18757351 972 10 0 323
497 18841664 979 6 8 3805
498 18950306 994 8 4 38
499 18993175 999 8 2 26
