11 240 500
0 120519 0 9 0 1
1 120519 0 9 5 6
2 120519 0 9 2 76
3 459971 3 5 7 31
4 459971 3 10 6 2558
5 459971 3 10 7 31
6 532415 4 5 8 14
7 540632 5 9 8 2075
8 840790 9 7 10 1
9 1180324 13 5 5 13
10 1220430 16 9 4 3
11 1220430 16 4 4 11
12 1544175 17 0 2 526
13 1544175 17 2 2 8942
14 1544175 17 10 9 1317
15 1812558 21 3 0 51960
16 1812558 21 4 8 86
17 1812558 21 3 1 17
18 1957229 27 3 0 130
19 2133408 29 10 4 20
20 2149833 30 0 6 11
21 2191334 31 5 6 1
22 2191334 31 1 7 4140
23 2335994 37 0 9 2107
24 2545999 41 10 2 50
25 2558664 43 5 8 154
26 2604860 44 1 1 36
27 2616219 45 6 6 1063
28 2633587 48 8 8 26
29 2635215 49 5 3 10203
30 2719417 50 2 10 3160
31 3440766 51 7 4 15
32 3440766 51 9 2 5
33 3440766 51 0 8 6
34 3497157 56 5 2 461
35 3882463 59 5 6 19
36 3882463 59 5 5 28
37 3882463 59 1 7 13
38 3882463 59 1 0 2
39 3890818 60 6 6 322
40 3954449 61 2 2 24
41 3968967 63 8 5 77
42 4087854 66 0 1 84
43 4249357 70 4 8 43
44 4357533 72 6 7 60
45 4357533 72 6 10 83
46 4813086 75 5 6 14
47 4813086 75 4 2 7002
48 4813086 75 5 1 5916
49 4813086 75 8 1 4733
50 4813086 75 2 8 1
51 4813086 75 4 8 1
52 4813086 75 9 10 7
53 4872092 77 9 4 42
54 5533786 84 3 9 1
55 5533786 84 10 0 7
56 5533786 84 3 1 24
57 5683389 89 7 0 56
58 5683389 89 7 7 1448
59 5683389 89 7 3 43
60 5842580 94 9 5 756
61 6296576 99 0 9 42
62 6869164 102 10 3 5
63 6869164 102 0 2 483
64 6869164 102 9 2 967
65 7284718 110 3 10 47
66 7461392 117 0 4 101
67 7461392 117 0 3 30
68 7545388 118 8 5 16
69 7617349 124 1 3 7
70 7880122 132 8 0 21
71 8079951 136 1 0 2006
72 8079951 136 1 8 15
73 8540966 137 3 8 9
74 8540966 137 8 3 48
75 8540966 137 9 4 99
76 8540966 137 3 4 99
77 8540966 137 4 8 4
78 8681991 143 0 8 4
79 9432758 154 6 9 23
80 9432758 154 3 4 10
81 10022927 160 8 4 9
82 10022927 160 2 2 210
83 10223372 162 2 1 2890
84 10317756 165 5 5 110
85 10350258 168 6 2 30
86 10577421 174 6 6 96
87 10577421 174 2 10 174
88 10775582 177 3 1 25986
89 10913843 187 4 9 35
90 11043103 192 3 5 27522
91 11046718 193 5 3 108
92 11057811 195 5 3 168
93 11497828 198 9 1 4
94 11546911 202 3 4 167
95 11546911 202 3 0 194
96 11671207 203 7 4 4534
97 11696063 205 0 3 62
98 11929506 212 2 6 14
99 11991463 217 7 4 13
100 12038600 222 0 7 28
101 12127093 226 3 9 222
102 12342996 229 2 9 74
103 12342996 229 6 10 5
104 12342996 229 2 1 1
105 12595136 230 8 6 13
106 12595136 230 0 1 46
107 13083901 233 2 5 1
108 13083901 233 5 7 1
109 13083901 233 6 1 4
110 13083901 233 7 10 160
111 13303011 237 4 10 82
112 13888881 241 3 3 1
113 13888881 241 1 3 1
114 13888881 241 4 6 1
115 13888881 241 6 10 8112
116 13888881 241 3 10 4056
117 13888881 241 7 1 6
118 13890199 242 8 3 104
119 14270784 259 1 10 622
120 14826136 262 3 2 6
121 14826136 262 4 0 69
122 14826136 262 3 8 14
123 14826136 262 4 4 12
124 14826136 262 2 4 9
125 14895592 263 0 10 3048
126 14953304 268 9 0 17
127 15015241 269 4 1 4881
128 15015241 269 4 0 22
129 15204931 282 8 8 145
130 15204931 282 8 1 106
131 16160168 287 6 7 807
132 16160168 287 7 8 5
133 16160168 287 3 7 807
134 16160168 287 9 3 5
135 16160168 287 9 1 53
136 16160168 287 10 8 35
137 16160168 287 6 5 4
138 16160168 287 5 1 6
139 16160168 287 10 3 5
140 16160168 287 0 10 7
141 16160168 287 4 5 2
142 16160168 287 2 10 30
143 16160168 287 0 4 1
144 16486675 291 5 7 111
145 16486675 291 10 1 2688
146 16486675 291 0 0 33
147 16486675 291 5 2 3435
148 16486675 291 2 0 8
149 16785971 292 2 6 13
150 16992187 298 1 9 8
151 17365377 303 4 7 3
152 17365377 303 2 1 25
153 17365377 303 0 9 3069
154 17365377 303 10 0 1
155 17365377 303 2 7 1
156 17365377 303 8 9 204
157 17698988 308 6 0 160
158 18283624 317 0 10 55
159 18283624 317 10 5 964
160 18509612 327 3 1 60
161 18717105 328 4 3 1
162 18717105 328 10 5 297
163 18717105 328 5 0 1
164 18793744 330 0 6 47
165 19062589 339 9 5 95
166 19272744 340 8 1 3
167 19272744 340 0 0 20
168 19528936 353 0 3 163
169 19698993 362 8 2 2
170 19736971 365 9 3 670
171 19903820 369 9 0 34
172 20106864 370 5 10 11
173 20144115 374 7 10 23
174 20310107 380 10 5 64
175 20310107 380 10 0 984
176 20376384 386 7 3 976
177 20544374 388 0 2 35
178 21033420 390 3 9 174
179 21033420 390 7 8 767
180 21033420 390 1 9 174
181 21033420 390 4 9 174
182 21033420 390 1 4 27
183 21207769 392 7 4 427
184 21207769 392 2 2 58
185 21207769 392 10 2 117
186 21830385 395 9 5 532
187 21873225 396 10 1 1216
188 21943908 401 5 3 2385
189 22153347 402 2 8 69
190 22153347 402 9 2 1
191 22153347 402 9 0 2920
192 22320194 407 2 1 9
193 22320194 407 2 8 611
194 22740283 409 10 6 11
195 22968701 413 9 5 300
196 23016899 419 3 8 77
197 23241667 424 7 7 63
198 23989784 428 2 3 3
199 23989784 428 8 4 21
200 23989784 428 3 3 3
201 23989784 428 4 9 3
202 23989784 428 0 5 822
203 23989784 428 2 7 1
204 23989784 428 3 1 1336
205 23989784 428 8 10 8
206 23989784 428 0 4 1
207 23989784 428 2 1 668
208 24409266 430 0 7 17
209 24409266 430 4 1 7361
210 24409266 430 3 1 3154
211 24409266 430 0 1 1051
212 24512980 436 0 3 109
213 24610241 443 6 3 83
214 24610241 443 6 10 95
215 24610241 443 6 0 121
216 24610241 443 6 1 15
217 25100653 457 8 6 12
218 25100653 457 7 9 27
219 25100653 457 5 6 6
220 25100653 457 10 7 10
221 25100653 457 7 3 1
222 25100653 457 5 4 1
223 25100653 457 10 0 8
224 25100653 457 6 5 32
225 25100653 457 2 10 5
226 25100653 457 2 0 8
227 25583830 461 9 7 1
228 25622528 464 9 0 17
229 26644898 466 8 3 1801
230 26644898 466 8 2 150
231 26644898 466 5 5 1
232 26644898 466 0 3 1801
233 26644898 466 3 9 4
234 26644898 466 4 0 15
235 26896574 467 5 6 60
236 26896574 467 9 0 3875
237 26896574 467 5 0 430
238 26896574 467 1 7 5
239 26896574 467 6 7 5
240 26965657 468 7 3 165
241 26965657 468 7 5 422
242 27038955 471 5 10 923
243 27038955 471 4 10 7385
244 27109492 472 9 0 7
245 27394563 473 1 7 66
246 27394563 473 4 7 3
247 27394563 473 6 8 52
248 27394563 473 5 7 3
249 28277340 475 10 3 4
250 28277340 475 6 9 5
251 28277340 475 10 0 1
252 28277340 475 4 1 6
253 28277340 475 0 5 2
254 28372478 477 2 3 89
255 28439657 479 2 9 1
256 28481872 482 10 0 122
257 28500642 483 7 10 8
258 28611697 488 10 4 7643
259 28719518 489 8 9 31
260 28719518 489 3 8 69
261 29614038 498 6 0 10
262 29614038 498 1 3 1
263 29614038 498 3 2 28
264 29614038 498 1 7 14
265 29614038 498 7 6 1
266 29682670 499 7 1 3309
267 30225322 507 6 7 800
268 30225322 507 2 10 89
269 30225322 507 2 2 28
270 30243172 508 1 8 38
271 30412481 510 7 10 87
272 30419012 512 2 3 5300
273 30911084 513 10 2 6
274 30911084 513 3 6 80
275 30911084 513 2 4 200
276 31013592 516 5 3 1
277 31014550 517 3 10 33396
278 31030124 519 5 10 44
279 31154984 533 9 4 779
280 31238462 535 8 7 12
281 31289020 540 7 7 98
282 31392505 542 1 6 65
283 31472160 547 4 1 2357
284 31553754 550 0 6 31
285 32572384 555 4 5 3
286 32572384 555 10 1 95
287 32572384 555 10 9 2
288 32572384 555 0 0 1
289 32572384 555 1 3 202
290 32572384 555 9 3 202
291 32572384 555 1 9 2
292 32572384 555 2 4 829
293 32572384 555 5 9 2
294 32572384 555 6 8 7
295 32572384 555 2 3 202
296 32572384 555 7 5 11
297 32887204 556 3 1 1
298 33048966 558 1 7 123
299 33048966 558 1 10 174
300 33061191 559 1 0 608
301 33082052 560 2 2 8
302 33191993 562 10 5 78
303 33275417 563 10 9 33
304 33685520 569 10 2 78
305 33685520 569 7 0 26
306 33685520 569 0 1 65
307 33685520 569 1 6 1
308 34028004 576 10 5 2438
309 34028004 576 1 9 73
310 34444734 591 8 10 2
311 34496154 595 5 9 1
312 34793966 602 8 3 56
313 34793966 602 8 6 12
314 34793966 602 8 1 81
315 35771153 612 5 8 8
316 35771153 612 3 10 5
317 35771153 612 0 2 897
318 35771153 612 8 3 1
319 35771153 612 2 5 120
320 35771153 612 4 10 5
321 35771153 612 6 3 1
322 35771153 612 5 5 360
323 35771153 612 10 3 19
324 35771153 612 8 1 13
325 35771153 612 3 1 6
326 35771153 612 6 1 13
327 36549632 616 1 7 1201
328 36549632 616 7 5 3683
329 36549632 616 4 7 25228
330 36549632 616 2 5 1227
331 36549632 616 3 3 62
332 36549632 616 4 8 1
333 36549632 616 9 2 1
334 36549632 616 10 0 494
335 36549632 616 10 1 1
336 36549632 616 5 3 20
337 36549632 616 6 9 11
338 36549632 616 5 5 8595
339 36693279 624 1 5 2839
340 36793720 626 2 7 117
341 36813518 627 1 4 258
342 37184511 634 7 7 20
343 37184511 634 7 10 105
344 37228617 635 5 5 334
345 37228617 635 5 8 1373
346 37333713 641 5 6 2
347 37773497 644 7 10 1
348 37773497 644 9 3 64
349 37773497 644 0 7 92
350 37794798 646 2 9 12
351 37803644 647 1 3 1338
352 37919577 663 1 1 14315
353 37933664 665 8 8 45
354 38590215 671 7 0 14
355 38590215 671 2 9 68
356 38710416 675 2 5 29
357 39320831 683 8 1 50
358 39320831 683 5 2 1527
359 39320831 683 9 8 35
360 39320831 683 0 8 5
361 39462300 689 6 10 48
362 39707464 690 8 6 14
363 39917303 692 2 10 12
364 39917303 692 10 1 48
365 39917303 692 7 7 181
366 40930743 695 4 5 71
367 40930743 695 5 6 1
368 40930743 695 1 0 42
369 40930743 695 6 1 3
370 41185025 698 10 9 66
371 41185025 698 2 2 153
372 41185025 698 10 4 89
373 41299270 701 1 2 3
374 41484605 702 4 10 74
375 41484605 702 0 7 163
376 41671654 703 9 7 548
377 41671654 703 2 5 40
378 41829395 710 3 6 32
379 41829395 710 3 7 220
380 41829395 710 3 3 119
381 41938950 714 5 2 19516
382 42321128 718 8 9 31
383 42321128 718 7 5 3430
384 42335464 721 4 10 231
385 42551827 724 6 2 205
386 42635047 727 8 0 769
387 42889853 732 0 5 132
388 43107925 735 6 2 5
389 43177259 737 0 0 44
390 43761680 741 3 6 2
391 43761680 741 4 9 14
392 43761680 741 7 2 3
393 43761680 741 8 10 2
394 43761680 741 3 0 544
395 43857029 744 5 8 302
396 43966072 750 9 3 49
397 44400333 751 6 1 15
398 44400333 751 8 6 55
399 44400333 751 0 5 12
400 44400333 751 4 4 54
401 44400333 751 7 7 3
402 44400333 751 2 0 47
403 44400333 751 3 10 17
404 44400333 751 9 7 3
405 44794405 762 4 1 36
406 45069829 766 5 3 1
407 45069829 766 6 10 15
408 45263667 768 0 5 373
409 45448554 779 4 1 18222
410 45448554 779 2 1 1518
411 45649981 796 0 10 90
412 45725564 798 4 8 632
413 45756381 802 4 0 8
414 45906652 814 1 3 170
415 46905743 822 2 3 5
416 46905743 822 3 1 1
417 46905743 822 2 5 26
418 46905743 822 9 9 1
419 46905743 822 5 5 26
420 46905743 822 0 9 1
421 46905743 822 7 7 691
422 46905743 822 3 2 3
423 46905743 822 10 0 1
424 47593607 823 8 4 3553
425 47593607 823 8 9 3
426 47593607 823 5 8 1
427 47593607 823 8 10 1
428 47593607 823 1 7 1502
429 47593607 823 8 7 751
430 47593607 823 3 6 282
431 47593607 823 9 0 8
432 47593607 823 1 5 4195
433 47811612 825 6 1 171
434 47811612 825 7 2 27
435 47811612 825 7 9 18
436 47858289 829 9 6 347
437 47935243 830 0 5 5
438 48093399 833 7 9 12629
439 48194485 834 8 4 9
440 48194485 834 8 5 908
441 48396758 844 7 9 283
442 48488607 846 5 5 11850
443 48488607 846 5 0 54
444 48554982 855 2 0 234
445 48799016 861 3 1 145
446 48799016 861 3 6 1409
447 49395406 870 8 10 22
448 49458730 871 10 8 8344
449 49638703 876 10 3 37
450 50087144 886 9 9 1503
451 50087144 886 6 0 14
452 50154726 888 10 9 16
453 50533190 894 8 3 6
454 50533190 894 4 3 12
455 50533190 894 7 2 5
456 50558594 895 3 9 18
457 50751926 896 2 0 1968
458 50751926 896 8 9 10
459 50751926 896 1 0 15751
460 50855950 899 6 1 58
461 51083346 905 9 8 95
462 51254942 907 4 8 14
463 51254942 907 2 9 153
464 51254942 907 4 6 136
465 51254942 907 2 10 6
466 51329039 909 9 0 5739
467 51486732 913 6 2 19
468 51649573 919 7 1 9
469 51667323 920 6 9 28
470 52749200 929 3 4 878
471 52749200 929 0 6 54
472 52749200 929 5 0 2
473 52749200 929 0 9 8
474 52749200 929 0 4 878
475 52749200 929 3 3 3
476 52749200 929 10 0 10
477 52749200 929 6 10 1
478 53255791 930 2 10 683
479 53255791 930 4 10 683
480 53255791 930 1 10 683
481 53713284 931 5 5 349
482 53713284 931 4 4 909
483 53713284 931 4 3 49
484 54016013 932 0 6 9
485 54016013 932 1 0 4
486 55012853 941 7 0 16
487 55012853 941 6 7 18
488 55015670 942 10 5 700
489 55124684 948 6 6 791
490 55221727 950 7 8 44
491 55407412 959 10 10 18
492 55524746 965 10 8 564
493 56092044 967 6 8 44
494 56092044 967 0 9 2
495 56092044 967 6 2 15
496 56092044 967 6 9 2
497 56092044 967 0 8 44
498 56198328 971 9 8 90
499 56902136 997 6 3 22
