11 246 500
0 17217 0 9 5 6
1 17217 0 9 6 12
2 65710 3 9 6 284
3 65710 3 9 0 4792
4 120112 9 4 6 70
5 168617 13 1 8 1
6 168617 13 8 8 1
7 168617 13 1 9 30152
8 230164 18 1 0 61
9 258936 21 3 3 9711
10 269090 25 3 0 5933
11 279604 27 0 0 1040
12 304772 29 2 3 99
13 304772 29 10 2 2926
14 313047 31 1 6 46
15 333713 37 6 10 4
16 333713 37 8 0 25
17 372122 44 1 7 1307
18 372122 44 1 8 59
19 376226 48 10 8 53
20 491538 51 10 4 15
21 491538 51 9 5 24
22 494410 54 9 10 4501
23 499593 56 5 2 461
24 554637 59 1 7 13
25 554637 59 8 0 4
26 554637 59 2 5 14
27 564921 61 2 2 24
28 566995 63 8 5 77
29 570258 64 2 6 218
30 607051 70 4 8 43
31 622504 72 6 1 5
32 622504 72 6 4 12101
33 687583 75 8 1 4733
34 687583 75 8 7 3
35 687583 75 1 8 1
36 687583 75 5 6 14
37 687583 75 6 0 11
38 687583 75 0 0 5
39 790540 84 7 8 1
40 790540 84 2 4 5
41 790540 84 6 9 6
42 790540 84 4 4 5
43 792125 87 5 7 210
44 811912 89 7 9 100
45 811912 89 7 7 1448
46 811912 89 7 0 56
47 813403 90 8 3 184
48 821385 91 0 2 550
49 899510 99 0 6 10
50 981309 102 2 3 17
51 981309 102 3 7 1
52 981309 102 8 7 78
53 981309 102 0 8 14609
54 1035680 108 6 2 1
55 1035680 108 5 4 34
56 1040674 110 3 0 197
57 1040893 111 4 0 2184
58 1065913 117 0 8 56
59 1088192 124 9 3 28
60 1091736 126 3 0 39
61 1112445 127 0 5 244
62 1133665 134 6 7 32
63 1134196 135 1 8 667
64 1154278 136 1 9 1
65 1154278 136 8 0 2006
66 1154278 136 1 10 32
67 1220138 137 5 6 2
68 1220138 137 5 2 21
69 1220138 137 1 6 2
70 1220138 137 4 1 25
71 1220138 137 2 3 9
72 1257865 146 10 4 11
73 1272505 150 2 3 66
74 1347536 154 0 9 11
75 1347536 154 9 5 69
76 1431846 160 9 2 210
77 1431846 160 4 7 1
78 1431846 160 7 3 137
79 1431846 160 10 5 5
80 1460481 162 5 7 225
81 1460481 162 2 4 15
82 1460481 162 3 6 14
83 1473965 165 7 4 29
84 1478608 168 8 2 30
85 1478608 168 7 2 30
86 1478608 168 2 2 15
87 1511060 174 2 2 9
88 1512489 175 2 6 13
89 1539368 177 3 5 42
90 1544097 181 9 0 206
91 1642546 198 9 5 1
92 1642546 198 3 10 14
93 1642546 198 5 5 1
94 1642546 198 10 5 1
95 1642546 198 2 6 334
96 1642546 198 1 2 2
97 1649558 202 3 2 18
98 1763285 229 0 5 4
99 1763285 229 2 7 9
100 1799305 230 0 8 16
101 1799305 230 3 5 3
102 1805015 232 6 5 18
103 1869128 233 8 0 7
104 1869128 233 10 10 9
105 1869128 233 7 7 85
106 1869128 233 6 7 1
107 1869128 233 3 4 11532
108 1900430 237 10 6 47
109 1900430 237 4 8 53
110 1912269 239 7 1 18
111 1912269 239 0 1 9
112 1984125 241 7 9 1226
113 1984125 241 7 2 3905
114 1984125 241 9 6 1
115 1984674 243 10 1 22
116 1988297 244 10 9 11740
117 1992060 246 7 0 7
118 1992218 247 9 7 2966
119 1995109 249 5 5 21
120 1996883 252 1 10 17
121 2038683 259 2 7 25
122 2038683 259 4 7 25
123 2038683 259 6 1 1783
124 2118019 262 3 9 15
125 2118019 262 4 5 1
126 2127941 263 9 10 1524
127 2308595 287 3 8 11
128 2308595 287 9 5 2
129 2308595 287 9 6 24
130 2308595 287 2 5 6
131 2308595 287 7 4 6
132 2308595 287 6 0 1
133 2308595 287 4 3 11
134 2308595 287 1 9 3
135 2308595 287 4 8 5
136 2355239 291 10 9 365
137 2355239 291 8 3 1267
138 2355239 291 0 7 111
139 2397995 292 6 8 218
140 2397995 292 0 1 197
141 2397995 292 6 9 1235
142 2427455 298 1 1 12
143 2480768 303 9 6 1193
144 2510202 304 2 4 11
145 2528426 308 6 10 9873
146 2533286 310 0 7 73
147 2611946 317 7 3 54
148 2616631 319 7 10 78
149 2638557 326 7 7 118
150 2644230 327 1 10 1020
151 2673872 328 2 5 297
152 2673872 328 4 3 1
153 2673872 328 3 9 2
154 2684820 330 0 7 67
155 2693798 335 1 2 44
156 2693798 335 1 7 96
157 2704030 338 4 5 18
158 2723227 339 5 10 8843
159 2723227 339 1 7 15
160 2758378 342 9 4 133
161 2766467 345 7 3 13
162 2771074 348 4 1 2240
163 2774628 349 2 6 2272
164 2789848 353 0 7 193
165 2789848 353 0 3 163
166 2792942 356 6 0 96
167 2843402 369 9 8 28
168 2872409 370 5 10 11
169 2872409 370 3 8 3
170 2901443 380 10 3 238
171 2934910 388 7 1 98
172 3004774 390 4 7 3
173 3004774 390 9 8 2301
174 3004774 390 1 6 229
175 3118626 395 7 3 10
176 3118626 395 8 5 177
177 3118626 395 4 9 2555
178 3118626 395 9 9 2555
179 3118626 395 9 1 1
180 3118626 395 3 7 1
181 3164763 402 9 10 117
182 3248611 409 8 3 1
183 3248611 409 2 5 3188
184 3248611 409 6 3 65
185 3248611 409 5 2 7
186 3281243 413 2 6 214
187 3281243 413 9 7 32
188 3281243 413 9 1 56
189 3281243 413 2 10 7
190 3293752 420 9 1 29
191 3307451 422 5 3 54
192 3320238 424 7 6 113
193 3427112 428 6 7 1
194 3427112 428 4 4 4
195 3427112 428 1 7 1
196 3427112 428 6 6 1
197 3427112 428 10 8 2
198 3427112 428 8 9 1
199 3427112 428 8 2 2
200 3427112 428 3 7 97
201 3487038 430 10 4 3
202 3487038 430 10 3 29
203 3487038 430 8 0 40
204 3487038 430 10 5 33
205 3491499 432 7 7 22
206 3501762 435 2 6 24
207 3501762 435 0 1 108
208 3509530 440 5 10 4
209 3523172 445 7 0 52
210 3537360 454 8 8 35
211 3585807 457 8 6 12
212 3654832 461 7 6 614
213 3654832 461 8 7 1
214 3654832 461 8 0 1
215 3661192 465 3 0 20
216 3806414 466 0 10 6
217 3806414 466 0 2 50
218 3806414 466 10 1 2
219 3806414 466 2 4 652
220 3842367 467 6 0 430
221 3842367 467 5 6 60
222 3852236 468 7 4 34
223 3854636 469 6 3 3988
224 3913509 473 6 8 52
225 3913509 473 4 5 68
226 4039620 475 6 6 1
227 4039620 475 3 5 5
228 4039620 475 0 1 6
229 4039620 475 2 3 1
230 4039620 475 0 9 5
231 4039620 475 9 7 9
232 4062808 479 4 9 1
233 4062808 479 5 9 1
234 4062808 479 9 9 1
235 4067320 480 8 5 25
236 4068231 481 5 10 87
237 4086866 487 5 4 344
238 4102788 489 8 4 48
239 4102788 489 0 4 48
240 4230576 498 4 5 175
241 4230576 498 0 9 1
242 4230576 498 10 5 175
243 4230576 498 10 9 1
244 4230576 498 8 0 10
245 4230576 498 7 8 514
246 4230576 498 0 3 1
247 4245099 502 2 6 191
248 4249831 504 6 8 77
249 4317903 507 1 0 6
250 4317903 507 9 1 1
251 4317903 507 0 3 2
252 4317903 507 0 9 7
253 4317903 507 10 6 3
254 4317903 507 6 8 26
255 4317903 507 5 3 2
256 4415869 513 3 8 1009
257 4415869 513 8 3 5
258 4415869 513 6 3 21
259 4415869 513 7 0 1
260 4415869 513 9 7 5
261 4415869 513 0 8 6059
262 4416336 514 9 9 87
263 4430513 516 9 3 1
264 4439952 526 3 2 56
265 4465703 537 10 10 11
266 4465703 537 4 10 11
267 4496489 548 5 7 298
268 4653197 555 1 4 4978
269 4653197 555 4 1 191
270 4653197 555 5 3 202
271 4653197 555 3 4 829
272 4653197 555 2 4 829
273 4653197 555 5 4 3318
274 4653197 555 3 1 95
275 4653197 555 7 6 47
276 4653197 555 8 4 829
277 4708486 557 3 3 26
278 4721280 558 1 0 204
279 4726007 560 6 0 10
280 4762926 565 1 2 99585
281 4812217 569 0 7 1
282 4812217 569 6 3 21
283 4812217 569 6 5 1
284 4812217 569 9 0 26
285 4812217 569 1 6 1
286 4812217 569 2 1 1
287 4812217 569 0 6 5
288 4812217 569 9 1 1
289 4813395 571 7 7 16
290 4861143 576 1 9 73
291 4890018 582 4 9 88
292 4890018 582 4 7 3007
293 4912018 588 4 10 9
294 4912018 588 4 1 168
295 4920676 591 8 10 2
296 4920676 591 3 10 5
297 4928022 595 2 9 194
298 4928022 595 5 9 1
299 4970566 602 6 7 74
300 4970566 602 8 10 2547
301 4970566 602 6 2 848
302 4986833 606 10 9 101
303 5002056 611 8 8 990
304 5110164 612 0 8 8
305 5110164 612 1 3 1
306 5110164 612 8 5 120
307 5110164 612 8 4 26
308 5110164 612 2 10 5
309 5110164 612 9 2 1346
310 5110164 612 2 2 448
311 5110164 612 7 5 120
312 5110164 612 7 4 26
313 5119253 613 3 6 58
314 5221376 616 10 3 20
315 5221376 616 1 3 20
316 5221376 616 3 4 1
317 5228310 618 7 8 12
318 5259074 627 1 7 2270
319 5281675 631 5 6 491
320 5307209 633 5 1 368
321 5307209 633 5 4 225
322 5307209 633 5 3 85
323 5332159 639 2 3 55
324 5396213 644 4 4 647
325 5396213 644 7 5 10
326 5396213 644 4 7 834
327 5420848 666 1 3 75
328 5421256 667 2 7 77
329 5512887 671 5 5 30
330 5512887 671 4 3 61
331 5512887 671 1 3 61
332 5512887 671 10 10 4
333 5512887 671 3 4 1342
334 5512887 671 4 7 1
335 5512887 671 0 4 671
336 5514869 672 10 5 10
337 5530059 675 2 6 44
338 5548918 681 2 4 1319
339 5617261 683 9 3 29
340 5617261 683 7 10 16
341 5617261 683 9 7 548
342 5617261 683 6 7 548
343 5617261 683 8 8 5
344 5617261 683 2 7 548
345 5623578 688 7 4 43
346 5672494 690 8 6 14
347 5672494 690 8 8 600
348 5673988 691 8 2 24
349 5702471 692 7 7 181
350 5702471 692 2 10 12
351 5702471 692 2 6 43
352 5702471 692 10 4 19
353 5847249 695 8 4 1
354 5847249 695 0 1 3
355 5847249 695 8 8 1
356 5847249 695 7 8 1
357 5883575 698 5 5 6
358 5883575 698 5 8 43
359 5883575 698 5 0 4
360 5885144 700 9 4 4666
361 5899895 701 2 9 1
362 5926372 702 4 9 6
363 5953093 703 2 7 1370
364 5953093 703 9 1 49
365 5975627 710 3 1 44
366 5975627 710 3 0 36
367 6045875 718 1 3 15
368 6045875 718 3 1 85
369 6069720 723 3 4 523
370 6078832 724 6 1 111
371 6127121 732 0 1 103
372 6158275 735 9 0 35
373 6180159 739 10 7 96
374 6180159 739 10 1 78
375 6182084 740 2 2 25990
376 6251668 741 5 9 14
377 6251668 741 3 2 9
378 6280029 749 5 0 33
379 6342904 751 7 1 30
380 6342904 751 3 10 17
381 6342904 751 5 3 727
382 6438547 766 7 10 7
383 6438547 766 0 10 30
384 6438547 766 10 3 1
385 6438547 766 5 5 54
386 6466238 768 8 7 6
387 6466238 768 0 0 103
388 6466238 768 0 1 41
389 6466238 768 0 5 373
390 6499739 780 0 5 4
391 6508868 785 8 2 7
392 6509638 786 6 0 54
393 6512804 787 4 4 18
394 6566703 815 4 9 128
395 6700820 822 6 5 26
396 6700820 822 9 3 1
397 6700820 822 10 0 1
398 6700820 822 5 3 1
399 6700820 822 3 0 7
400 6700820 822 2 4 5
401 6700820 822 1 2 9
402 6700820 822 5 0 16
403 6700820 822 5 2 3
404 6700820 822 10 2 3
405 6799086 823 9 9 1
406 6799086 823 5 6 282
407 6799086 823 5 2 6
408 6799086 823 2 6 282
409 6799086 823 8 2 6
410 6799086 823 3 7 3756
411 6799086 823 9 6 1414
412 6830230 825 1 9 18
413 6830230 825 5 2 27
414 6830230 825 7 2 27
415 6847891 830 3 9 16
416 6848907 832 1 1 30673
417 6870485 833 7 5 22
418 6870485 833 7 1 62
419 6870485 833 7 2 89
420 6884926 834 8 5 908
421 6890197 837 6 9 79
422 6894465 841 1 0 334
423 6907888 842 1 9 9530
424 6907888 842 1 4 6007
425 6913822 844 1 9 851
426 6913822 844 7 9 283
427 6926943 846 5 10 165
428 6935527 854 6 10 67
429 6949990 857 9 5 4
430 6960722 859 6 10 7
431 6971288 861 3 1 145
432 7047713 864 6 8 339
433 7047713 864 10 7 1
434 7047713 864 9 5 15
435 7047713 864 4 1 14
436 7053073 868 10 6 201
437 7082662 874 2 0 171
438 7091243 876 9 3 18
439 7100687 881 10 2 1685
440 7155306 886 6 5 25
441 7155306 886 1 9 2254
442 7155306 886 10 3 12
443 7155306 886 9 7 4
444 7164960 888 10 8 196
445 7164960 888 10 7 651
446 7219027 894 9 10 33
447 7219027 894 4 2 5
448 7219027 894 10 10 33
449 7219027 894 5 3 6
450 7219027 894 9 8 1
451 7265135 899 6 10 114
452 7265135 899 6 5 249
453 7265135 899 6 1 58
454 7273615 901 1 3 1484
455 7273615 901 0 3 1484
456 7297620 905 5 8 95
457 7322134 907 4 4 22
458 7343384 911 3 0 682
459 7355247 913 10 2 38
460 7357661 914 4 3 171
461 7367990 917 6 9 3
462 7378510 919 8 1 1
463 7395920 924 6 6 3
464 7395920 924 0 6 1
465 7411201 926 7 10 8973
466 7535600 929 1 7 2
467 7535600 929 10 0 10
468 7535600 929 8 0 25
469 7535600 929 3 5 227
470 7535600 929 0 8 4
471 7607970 930 5 6 13
472 7607970 930 1 10 683
473 7607970 930 6 4 15609
474 7673326 931 4 3 49
475 7673326 931 3 4 2727
476 7673326 931 0 4 909
477 7673326 931 3 9 2119
478 7716573 932 0 10 23
479 7716573 932 6 10 47
480 7716573 932 10 2 1805
481 7720992 934 10 1 14278
482 7858979 941 0 0 5
483 7858979 941 3 10 18
484 7858979 941 7 5 55
485 7858979 941 5 2 2
486 7858979 941 4 7 1
487 7863779 946 8 9 37
488 7877996 949 6 4 3132
489 7888818 950 2 8 14
490 7927348 961 6 5 2407
491 8013149 967 5 1 1846
492 8013149 967 0 7 243
493 8038865 972 10 4 228
494 8038865 972 10 1 225
495 8060874 973 0 1 24
496 8074998 979 4 8 1268
497 8103636 993 4 4 210
498 8121559 994 3 0 6
499 8121559 994 10 5 81
