11 225 500
0 459971 3 9 1 84
1 459971 3 10 9 40
2 459971 3 9 7 63
3 459971 3 9 2 11041
4 532415 4 2 0 15
5 840790 9 1 1 4
6 892147 10 8 1 870
7 1544175 17 2 2 8942
8 1544175 17 5 10 1
9 1544175 17 3 1 44
10 1611148 18 1 10 164
11 1812558 21 4 2 6055
12 1812558 21 3 10 68
13 1812558 21 3 8 86
14 1812558 21 3 9 94
15 1957229 27 7 0 130
16 2133408 29 10 2 2926
17 2191334 31 3 6 1
18 2191334 31 4 6 1
19 2191334 31 3 3 475
20 2447067 39 10 5 6
21 2447067 39 4 5 6
22 2604860 44 1 4 29
23 3440766 51 9 9 1
24 3440766 51 2 4 15
25 3440766 51 5 3 15
26 3440766 51 10 3 15
27 3440766 51 10 8 21
28 3440766 51 5 7 5
29 3440766 51 7 10 1
30 3440766 51 9 5 24
31 3446210 52 9 4 249
32 3882463 59 2 6 19
33 3882463 59 8 9 18
34 3882463 59 5 3 63
35 3882463 59 5 2 102
36 3882463 59 5 5 28
37 4087854 66 0 8 966
38 4249357 70 8 8 21
39 4357533 72 6 1 5
40 4813086 75 9 6 14
41 4813086 75 3 8 1
42 4813086 75 2 1 591
43 4813086 75 3 9 1
44 4813086 75 2 5 577
45 4872092 77 0 4 105
46 4909844 79 10 3 38
47 5533786 84 10 3 8
48 5533786 84 6 3 17
49 5533786 84 4 6 1
50 5533786 84 10 1 16
51 5533786 84 7 1 8
52 5533786 84 6 5 4
53 5533786 84 3 0 7
54 5533786 84 6 6 1
55 5533786 84 3 10 6
56 5533786 84 7 7 21
57 5533786 84 3 3 8
58 5544881 87 5 7 210
59 5962518 97 2 9 3687
60 6296576 99 7 4 28
61 6869164 102 3 6 1
62 6869164 102 5 6 1
63 6869164 102 8 3 17
64 6869164 102 7 9 9
65 7249761 108 6 6 7
66 7249761 108 8 4 17
67 7249761 108 7 2 1
68 7461392 117 0 2 132816
69 7545388 118 1 5 301
70 7561649 120 9 7 124
71 7880122 132 6 7 7571
72 7935659 134 0 3 7
73 8079951 136 8 7 14
74 8079951 136 8 9 9
75 8540966 137 7 7 3
76 8681991 143 0 2 200
77 8805059 146 3 8 333
78 8805059 146 10 8 333
79 8805059 146 6 4 5
80 8907536 150 2 1 14
81 8907536 150 2 2 69
82 9432758 154 3 8 261
83 9432758 154 5 10 2
84 9465841 157 4 4 87
85 10022927 160 3 2 843
86 10022927 160 1 9 48
87 10022927 160 5 8 306
88 10223372 162 6 0 1899
89 10223372 162 6 4 92
90 10317756 165 0 5 110
91 10317756 165 1 5 110
92 10430644 170 3 10 19
93 10430644 170 3 0 97
94 10484501 173 4 2 87
95 10577421 174 7 2 9
96 10577421 174 5 2 9
97 10577421 174 2 3 36
98 10874860 186 8 0 11839
99 10913843 187 4 9 35
100 11089027 197 1 1 1245
101 11497828 198 6 10 86
102 11497828 198 10 5 1
103 11499960 199 7 0 72
104 11671207 203 7 2 64
105 11696063 205 3 2 11780
106 11907540 210 3 3 1
107 12342996 229 0 9 74
108 12342996 229 2 10 5
109 12342996 229 0 2 616
110 12595136 230 8 1 46
111 13083901 233 3 1 141
112 13083901 233 9 5 1
113 13083901 233 5 0 7
114 13083901 233 4 0 7
115 13303011 237 4 1 55
116 13303011 237 10 9 11
117 13385883 239 7 1 18
118 13888881 241 1 9 1226
119 13978184 252 1 10 17
120 14025408 258 3 0 83
121 14270784 259 7 0 14
122 14270784 259 10 3 623
123 14270784 259 0 7 51
124 14826136 262 2 1 30
125 14826136 262 0 7 1
126 14826136 262 2 5 1
127 14826136 262 2 10 12
128 14826136 262 9 3 1
129 14953304 268 5 0 210
130 15015241 269 4 5 39
131 16160168 287 3 3 23
132 16160168 287 4 5 2
133 16160168 287 9 1 53
134 16160168 287 10 7 807
135 16160168 287 8 2 9
136 16160168 287 6 2 3
137 16160168 287 10 3 5
138 16160168 287 7 6 24
139 16160168 287 8 4 1
140 16160168 287 2 4 1
141 16486675 291 3 6 409
142 16486675 291 4 9 182
143 16486675 291 9 5 25
144 16785971 292 10 6 39
145 16785971 292 7 0 6
146 16785971 292 3 8 654
147 16785971 292 1 0 6
148 16992187 298 1 4 9674
149 17365377 303 1 2 1892
150 17365377 303 10 9 613
151 17571418 304 2 5 23
152 17611183 305 6 7 116
153 17811512 315 2 10 1706
154 18283624 317 8 8 83
155 18283624 317 9 8 167
156 18717105 328 1 8 44
157 18717105 328 7 3 2
158 18793744 330 0 4 194
159 18793744 330 0 2 201
160 18793744 330 0 1 1349
161 18806970 334 1 9 1536
162 18856587 335 1 0 231
163 18923976 337 4 1 95
164 19272744 340 2 3 126
165 19272744 340 5 3 126
166 19365269 345 7 3 13
167 19397518 348 4 1 2240
168 19422402 349 2 6 2272
169 19422402 349 1 6 568
170 19528936 353 0 4 219
171 19528936 353 0 5 7115
172 19528936 353 0 3 163
173 19528936 353 0 10 3133
174 19730674 364 4 6 40
175 20106864 370 8 2 1
176 20106864 370 4 9 46
177 20106864 370 5 5 5
178 20376384 386 0 3 488
179 20544374 388 7 10 17
180 21033420 390 10 5 13
181 21033420 390 4 3 596
182 21033420 390 8 10 1
183 21033420 390 3 4 27
184 21207769 392 2 4 427
185 21207769 392 4 4 427
186 21830385 395 6 2 1
187 21830385 395 8 3 10
188 21830385 395 9 5 532
189 21830385 395 5 5 177
190 21830385 395 3 6 54
191 21904629 399 5 7 15502
192 22153347 402 2 1 907
193 22153347 402 2 5 49
194 22164000 404 2 0 10
195 22320194 407 2 5 310
196 22320194 407 2 7 98
197 22320194 407 2 3 139
198 22740283 409 6 5 797
199 22740283 409 5 0 528
200 22740283 409 6 10 15
201 22740283 409 6 6 1
202 22740283 409 10 3 1
203 22740283 409 5 10 10
204 22740283 409 6 8 40
205 22968701 413 9 4 9414
206 23010176 417 6 2 58
207 23241667 424 7 5 282
208 23257245 425 10 3 34
209 23989784 428 0 9 1
210 23989784 428 4 2 1
211 23989784 428 0 1 668
212 23989784 428 6 10 4
213 23989784 428 9 2 2
214 23989784 428 0 2 2
215 24409266 430 2 0 2
216 24409266 430 5 3 2
217 24440498 432 7 7 22
218 24460425 434 8 2 37
219 24662207 445 10 0 208
220 24731860 452 1 10 36
221 25100653 457 7 0 8
222 25100653 457 6 5 32
223 25100653 457 0 7 1
224 25100653 457 4 10 25
225 25136059 458 4 4 1978
226 25194860 459 0 5 651
227 25583830 461 0 7 1
228 26644898 466 6 0 7
229 26644898 466 4 6 4
230 26644898 466 8 7 1
231 26644898 466 2 9 28
232 26644898 466 3 1 11
233 26644898 466 3 5 1
234 26644898 466 3 7 61
235 26644898 466 9 10 12
236 26644898 466 7 10 2
237 26896574 467 2 5 86
238 26896574 467 0 3 4
239 26896574 467 5 8 7
240 26965657 468 7 7 38
241 27038955 471 7 10 923
242 27109492 472 4 0 7
243 27394563 473 2 2 23
244 27394563 473 9 3 14
245 28277340 475 1 1 3
246 28277340 475 2 9 5
247 28277340 475 6 10 10
248 28277340 475 0 6 1
249 28277340 475 8 4 1
250 28277340 475 8 1 3
251 28277340 475 3 5 5
252 28277340 475 3 8 2
253 28277340 475 7 8 5
254 28277340 475 9 3 1
255 28277340 475 5 7 9
256 28277340 475 2 2 1
257 28277340 475 4 1 6
258 29614038 498 3 0 10
259 29614038 498 2 8 514
260 29614038 498 9 9 1
261 29614038 498 9 0 64
262 29614038 498 6 4 50
263 29614038 498 1 8 5658
264 29614038 498 0 10 13
265 29614038 498 8 9 1
266 30225322 507 9 3 14
267 30225322 507 6 10 89
268 30225322 507 7 6 7
269 30243172 508 5 8 38
270 30248540 509 2 1 115
271 30911084 513 6 6 80
272 30911084 513 1 6 240
273 30911084 513 2 7 5
274 31079668 526 3 2 56
275 31124050 528 3 7 128
276 31129030 529 3 9 374
277 31259921 537 10 10 11
278 31668037 551 9 1 7
279 31736090 554 10 7 2037
280 32572384 555 6 10 1
281 32572384 555 5 1 95
282 32572384 555 1 9 2
283 32572384 555 8 6 23
284 32572384 555 10 8 7
285 32572384 555 2 2 2628
286 32887204 556 5 7 31
287 32887204 556 10 3 92
288 33048966 558 1 2 194
289 33121126 561 7 10 28
290 33191993 562 10 9 2695
291 33685520 569 7 2 26
292 33685520 569 9 0 26
293 33685520 569 2 7 8
294 33685520 569 8 2 26
295 34028004 576 0 6 27
296 34036878 577 0 0 2339
297 34096821 581 6 9 62
298 34307467 583 6 8 46
299 34307467 583 6 9 208
300 34331565 587 5 1 31
301 34384129 588 4 1 168
302 34793966 602 6 0 4869
303 34793966 602 8 9 57
304 35771153 612 6 8 17
305 35771153 612 10 9 31
306 35771153 612 7 0 71
307 35771153 612 9 8 8
308 35771153 612 10 6 3
309 35834773 613 3 9 4062
310 36549632 616 6 3 145
311 36549632 616 4 3 20
312 36549632 616 5 3 20
313 36549632 616 2 1 1
314 36549632 616 1 1 18
315 36549632 616 5 4 3
316 36793720 626 2 3 6058
317 36793720 626 2 7 117
318 36994427 632 7 1 1214
319 37150463 633 5 9 17
320 37184511 634 7 6 15150
321 37228617 635 5 0 102
322 37228617 635 5 7 192
323 37228617 635 5 5 334
324 37274263 637 7 10 8
325 37322566 638 4 1 10
326 37773497 644 0 0 25
327 37773497 644 3 7 648
328 37773497 644 2 1 20
329 37773497 644 7 6 1
330 37773497 644 7 3 21
331 37814756 650 10 10 29
332 37868472 660 7 7 16605
333 37918973 661 9 0 13
334 37988012 668 5 9 34
335 37994068 670 5 9 92
336 38590215 671 5 2 6
337 38590215 671 6 0 1
338 38590215 671 6 7 1
339 38772571 678 6 6 409
340 38773853 679 10 7 6010
341 38842426 681 2 4 1319
342 39320831 683 7 8 11
343 39320831 683 10 7 1097
344 39320831 683 0 7 3841
345 39320831 683 6 7 548
346 39707464 690 0 7 11086
347 40930743 695 1 8 1
348 40930743 695 6 6 1
349 40930743 695 4 10 1
350 40930743 695 9 7 1
351 40930743 695 3 6 1
352 40930743 695 0 10 3
353 40930743 695 7 2 793
354 40930743 695 1 10 1
355 40930743 695 1 2 1587
356 40930743 695 3 3 4
357 40969306 697 1 10 15
358 41185025 698 2 5 3
359 41299270 701 9 2 76
360 41299270 701 5 2 11
361 41299270 701 6 9 1
362 41484605 702 4 5 112
363 41671654 703 2 3 37
364 41829395 710 3 5 9637
365 42321128 718 7 3 15
366 42321128 718 3 8 2911
367 42321128 718 10 8 1455
368 42321128 718 0 9 31
369 42321128 718 6 0 1
370 42488041 723 6 7 16
371 42488041 723 3 10 11
372 42488041 723 3 8 7
373 42889853 732 5 5 26
374 43107925 735 6 10 8
375 43107925 735 6 6 3
376 43107925 735 6 8 280
377 43122881 736 2 6 1770
378 43761680 741 10 2 3
379 43761680 741 8 9 44
380 43761680 741 2 5 11
381 43761680 741 6 5 22
382 43761680 741 3 7 2
383 43761680 741 4 10 8
384 43857029 744 8 8 75
385 43866238 746 6 9 88
386 43960209 749 2 9 1
387 44400333 751 10 10 17
388 44400333 751 6 9 15
389 44400333 751 2 2 119
390 44400333 751 5 3 727
391 44400333 751 7 4 13
392 44400333 751 10 2 15409
393 44400333 751 8 2 2628
394 44480231 752 7 9 1
395 44480231 752 0 1 8
396 44593249 755 9 0 195
397 44784347 761 5 5 45
398 45069829 766 7 10 7
399 45069829 766 2 4 48
400 45088412 767 6 8 67
401 45263667 768 8 6 2
402 45825747 804 4 8 8560
403 46905743 822 3 7 414
404 46905743 822 3 1 1
405 46905743 822 1 7 276
406 46905743 822 2 7 1244
407 46905743 822 8 4 1
408 46905743 822 2 10 1
409 46905743 822 7 6 13
410 46905743 822 0 1 1
411 46905743 822 10 3 3
412 46905743 822 4 1 1
413 46905743 822 1 4 2
414 47593607 823 5 8 1
415 47593607 823 8 9 3
416 47935243 830 3 5 172
417 48093399 833 7 9 12629
418 48243448 838 5 0 8530
419 48369653 843 9 3 39
420 48488607 846 5 3 96
421 48649934 857 9 7 83
422 48649934 857 9 6 9641
423 48662891 858 4 2 1
424 48662891 858 10 2 1
425 48725055 859 6 0 3051
426 48812320 862 9 9 70
427 48867686 863 6 0 9
428 48867686 863 2 7 8
429 49333997 864 4 6 26
430 49333997 864 6 8 339
431 49333997 864 2 6 4
432 49333997 864 1 9 35
433 49489474 872 2 4 147
434 49489474 872 6 10 5
435 49489474 872 1 4 73
436 49578636 874 2 0 171
437 49578636 874 2 9 31
438 49704815 881 4 2 561
439 50087144 886 6 5 25
440 50087144 886 10 7 1
441 50154726 888 10 0 12
442 50533190 894 2 4 56
443 50533190 894 10 8 1
444 50533190 894 9 10 33
445 50533190 894 0 5 1
446 50533190 894 9 1 4
447 50751926 896 8 9 10
448 50751926 896 1 10 33
449 51083346 905 1 8 95
450 51254942 907 4 0 36
451 51549875 916 7 3 49
452 51649573 919 1 1 1
453 51771445 924 1 6 1
454 51878409 926 7 9 34
455 52749200 929 2 3 13
456 52749200 929 0 1 2
457 52749200 929 1 0 2
458 52749200 929 7 1 18
459 52749200 929 10 3 3
460 52749200 929 1 8 4
461 52749200 929 2 10 30
462 52749200 929 0 10 1
463 52749200 929 6 0 655
464 52749200 929 1 5 227
465 52749200 929 3 6 109
466 53255791 930 5 1 43
467 53255791 930 8 3 15
468 53255791 930 2 1 28
469 53255791 930 10 9 71
470 53713284 931 4 3 49
471 53713284 931 1 4 909
472 53713284 931 6 3 24
473 53713284 931 6 2 1607
474 54016013 932 3 0 2
475 54016013 932 9 9 9
476 54016013 932 5 3 13
477 54016013 932 9 10 23
478 54016013 932 1 1 779
479 55012853 941 7 2 5
480 55012853 941 6 8 1
481 55012853 941 10 6 10
482 55012853 941 2 2 5
483 55012853 941 8 8 1
484 55012853 941 4 1 192
485 55012853 941 3 7 2
486 55012853 941 9 1 288
487 55012853 941 5 10 18
488 55012853 941 3 4 1
489 55145972 949 6 4 3132
490 55407412 959 10 4 73
491 55491441 961 4 5 343
492 56092044 967 5 7 486
493 56092044 967 5 1 1846
494 56092044 967 5 8 44
495 56092044 967 7 3 8
496 56092044 967 4 2 15
497 56426118 973 0 6 19
498 56554515 980 10 10 306
499 56850919 994 3 1 1
