11 231 500
0 40173 0 1 1 3
1 40173 0 1 10 471
2 153323 3 10 10 1871
3 153323 3 9 2 11041
4 153323 3 9 7 63
5 177471 4 2 0 15
6 280263 9 4 0 7
7 280263 9 1 1 4
8 280263 9 1 7 39
9 301658 11 0 9 88
10 393441 13 7 10 99
11 393441 13 1 8 1
12 393441 13 1 4 340
13 514725 17 2 2 8942
14 514725 17 6 1 88
15 514725 17 1 10 1
16 514725 17 9 9 658
17 537049 18 1 5 253
18 604186 21 4 7 86
19 652409 27 2 0 1300
20 652409 27 0 0 1040
21 848666 41 10 6 244
22 868286 44 1 5 455
23 906472 50 10 0 44
24 906472 50 9 0 44
25 1146922 51 5 0 10
26 1146922 51 9 9 1
27 1146922 51 5 1 15
28 1146922 51 9 6 5
29 1146922 51 7 8 1
30 1146922 51 3 10 1
31 1294154 59 1 2 204
32 1294154 59 1 5 14
33 1294154 59 8 8 1
34 1294154 59 5 7 26
35 1294154 59 5 2 102
36 1294154 59 2 2 204
37 1294154 59 8 10 27
38 1294154 59 1 4 1
39 1294154 59 2 10 3
40 1319248 62 8 5 5726
41 1416452 70 3 7 1
42 1604362 75 6 8 68
43 1604362 75 0 0 5
44 1604362 75 5 7 10
45 1624030 77 0 4 105
46 1844595 84 6 6 1
47 1844595 84 6 10 10
48 1894463 89 7 10 53
49 1929998 93 9 7 13
50 2098858 99 9 1 40
51 2416587 108 5 7 4
52 2487130 117 0 2 132816
53 2529051 123 10 10 32
54 2693317 136 8 1 94
55 2846988 137 9 8 4
56 2846988 137 8 3 48
57 2846988 137 4 0 56
58 2846988 137 5 0 8
59 2862469 139 8 1 504
60 2862517 140 7 4 142
61 2935019 146 6 3 72
62 2969178 150 2 8 12718
63 2972370 151 3 9 3
64 2972370 151 5 9 3
65 3144252 154 1 9 11
66 3144252 154 1 4 10
67 3144252 154 6 7 3210
68 3144252 154 10 5 139
69 3340975 160 7 2 421
70 3347677 161 0 8 17
71 3407790 162 8 6 14
72 3407790 162 2 3 191
73 3439252 165 8 3 93
74 3493285 172 6 10 36
75 3493285 172 7 2 54
76 3525807 174 6 2 19
77 3832609 198 6 6 111
78 3832609 198 2 2 6
79 3832609 198 2 6 334
80 3890402 203 7 7 7494
81 3997154 217 1 4 27
82 3997154 217 4 4 150
83 4006495 219 4 5 7677
84 4044769 228 9 2 15
85 4114332 229 2 9 74
86 4114332 229 2 10 5
87 4198378 230 8 0 12
88 4198378 230 3 6 6
89 4205062 231 4 6 2
90 4361300 233 3 5 1
91 4434337 237 4 4 4
92 4629627 241 6 3 1
93 4629627 241 3 8 1
94 4630066 242 8 3 104
95 4669356 255 1 1 42
96 4756928 259 7 1 2675
97 4756928 259 7 8 2025
98 4942045 262 2 3 1
99 4942045 262 8 8 7
100 4942045 262 2 5 1
101 4942045 262 9 4 1
102 4942045 262 2 1 30
103 4965197 263 4 10 1524
104 4978642 266 5 10 10
105 5005080 269 4 3 93
106 5005080 269 4 2 8281
107 5005080 269 4 8 138
108 5044593 281 1 7 651
109 5094785 285 4 7 350
110 5386722 287 4 10 7
111 5386722 287 4 1 3
112 5386722 287 4 6 24
113 5386722 287 4 5 2
114 5386722 287 8 8 5
115 5386722 287 8 7 1615
116 5386722 287 9 2 3
117 5386722 287 5 0 3
118 5386722 287 8 3 11
119 5386722 287 8 5 2
120 5386722 287 9 1 53
121 5386722 287 5 2 28
122 5386722 287 10 9 1
123 5386722 287 0 6 24
124 5495558 291 4 1 128
125 5495558 291 3 6 409
126 5495558 291 8 6 409
127 5595323 292 3 8 654
128 5595323 292 4 9 176
129 5595323 292 1 0 6
130 5664062 298 9 4 483
131 5788459 303 9 0 1
132 5788459 303 4 0 158
133 5788459 303 10 9 613
134 5788459 303 1 7 3
135 5857139 304 3 0 17
136 5857139 304 3 8 10
137 5899662 308 6 8 78
138 6094541 317 8 7 2009
139 6094541 317 3 1 14
140 6094541 317 5 2 565
141 6094541 317 7 0 4
142 6094541 317 6 5 3859
143 6094541 317 10 9 27
144 6094541 317 8 10 110
145 6110363 322 7 5 121
146 6169870 327 2 1 180
147 6239035 328 2 5 297
148 6307992 337 4 10 50
149 6309403 338 4 5 18
150 6354196 339 4 7 15
151 6424248 340 2 8 1806
152 6424248 340 5 8 451
153 6424248 340 5 2 3
154 6444812 344 4 7 106
155 6465749 347 8 9 74
156 6474134 349 6 6 8522
157 6514281 355 6 6 29
158 6578990 365 1 3 670
159 6634606 369 9 8 28
160 6634606 369 1 7 2
161 6634606 369 6 0 34
162 6702288 370 1 9 162
163 6702288 370 5 10 11
164 6773812 381 9 6 9029
165 6792128 386 0 3 488
166 6848124 388 7 4 84
167 7011140 390 4 3 596
168 7011140 390 7 8 767
169 7011140 390 10 5 13
170 7011140 390 0 9 349
171 7069256 392 4 9 3
172 7069256 392 2 2 58
173 7069256 392 3 0 19
174 7276795 395 5 4 1
175 7276795 395 7 5 177
176 7276795 395 2 10 10
177 7276795 395 0 1 6
178 7384449 402 9 8 34
179 7384449 402 2 2 7
180 7384449 402 2 7 17
181 7410808 406 4 0 35
182 7440064 407 2 1 9
183 7580094 409 10 4 4
184 7580094 409 5 3 3
185 7580094 409 8 0 1056
186 7580094 409 6 2 3
187 7656233 413 2 2 3014
188 7656233 413 2 5 900
189 7656233 413 9 3 3
190 7685423 420 6 10 64
191 7685423 420 9 1 29
192 7717387 422 4 2 5692
193 7747222 424 7 1 86
194 7996594 428 6 3 3
195 7996594 428 5 10 4
196 7996594 428 4 5 822
197 7996594 428 1 6 1
198 7996882 429 0 6 415
199 8136422 430 5 8 4
200 8136422 430 0 2 18
201 8136422 430 3 2 18
202 8136422 430 9 10 15
203 8136422 430 3 4 7
204 8136422 430 4 10 5
205 8153475 434 3 2 37
206 8153475 434 8 2 37
207 8188904 440 0 3 120
208 8256150 456 6 5 8547
209 8366884 457 2 4 1
210 8378686 458 2 4 1978
211 8419813 460 1 9 91
212 8527943 461 8 0 1
213 8527943 461 2 2 5
214 8527943 461 1 8 9
215 8527943 461 10 4 5
216 8527943 461 9 6 122
217 8881632 466 8 6 4
218 8881632 466 5 1 2
219 8881632 466 7 10 2
220 8881632 466 4 3 1801
221 8965524 467 5 8 7
222 8965524 467 2 1 1
223 8965524 467 1 7 5
224 8965524 467 10 7 23
225 8988552 468 7 3 165
226 9131521 473 3 5 204
227 9131521 473 7 10 5
228 9425780 475 0 5 2
229 9425780 475 7 1 10
230 9425780 475 10 4 2
231 9425780 475 8 0 1
232 9425780 475 3 1 3
233 9425780 475 7 6 37
234 9425780 475 4 10 5
235 9428799 476 6 10 30
236 9500214 483 2 10 40
237 9536022 487 5 1 65
238 9536022 487 5 5 33572
239 9573172 489 9 8 8
240 9573172 489 8 8 98
241 9573172 489 9 0 11786
242 9594507 494 7 2 10
243 9871346 498 1 5 175
244 9871346 498 5 8 514
245 9871346 498 4 2 4
246 9871346 498 6 7 7
247 9871346 498 8 9 1
248 9871346 498 2 3 1
249 9871346 498 2 8 514
250 9871346 498 6 4 50
251 9871346 498 9 5 175
252 9871346 498 3 4 50
253 9916273 504 10 9 1333
254 10075107 507 2 2 28
255 10075107 507 10 2 11
256 10075107 507 6 10 89
257 10075107 507 0 3 2
258 10075107 507 2 9 7
259 10075107 507 10 1 1
260 10075107 507 9 3 14
261 10082846 509 2 1 115
262 10303694 513 1 0 1
263 10303694 513 5 4 300
264 10303694 513 8 8 1009
265 10303694 513 10 3 26
266 10339934 518 8 8 52
267 10464168 542 1 7 28344
268 10490720 547 4 9 79
269 10491807 548 5 7 298
270 10556012 551 3 6 60
271 10556012 551 2 9 4879
272 10857461 555 3 6 47
273 10857461 555 4 4 829
274 10857461 555 3 8 22
275 10857461 555 6 2 876
276 10857461 555 6 8 7
277 10857461 555 2 8 7
278 10857461 555 10 7 7
279 10857461 555 3 10 1
280 10962401 556 9 1 1
281 10986467 557 3 6 36
282 11016322 558 1 0 204
283 11228506 569 4 8 1
284 11228506 569 10 10 49
285 11228506 569 1 0 52
286 11228506 569 8 0 26
287 11228506 569 2 7 8
288 11342668 576 6 5 2438
289 11342668 576 1 4 37
290 11439427 585 10 3 1425
291 11439678 586 8 1 1762
292 11517665 600 3 8 66
293 11597988 602 8 9 57
294 11597988 602 6 1 81
295 11600051 603 2 10 133
296 11601353 604 9 6 322
297 11635943 606 10 10 996
298 11923717 612 5 1 6
299 11923717 612 8 6 1
300 11923717 612 1 3 1
301 11923717 612 5 4 80
302 11923717 612 0 4 26
303 11923717 612 7 10 5
304 12183210 616 6 8 1
305 12183210 616 0 2 11
306 12183210 616 9 9 8
307 12183210 616 5 0 494
308 12183210 616 6 7 5205
309 12183210 616 9 2 1
310 12183210 616 4 7 25228
311 12183210 616 9 7 200
312 12183210 616 5 1 1
313 12202922 619 8 6 91
314 12224569 622 7 6 13081
315 12264573 626 2 6 1690
316 12298343 628 1 8 78
317 12383487 633 5 5 19724
318 12409539 635 5 5 334
319 12412687 636 6 5 1003
320 12424754 637 10 10 8
321 12446884 643 0 4 19
322 12591165 644 3 10 1
323 12591165 644 5 9 27
324 12591165 644 0 0 25
325 12591165 644 3 8 908
326 12591165 644 9 8 3635
327 12591165 644 4 3 21
328 12593109 645 4 8 20
329 12604918 650 10 10 29
330 12618444 659 9 5 5
331 12641199 664 5 3 26
332 12662670 668 5 5 82
333 12863405 671 5 1 715
334 12863405 671 5 4 1342
335 12863405 671 8 7 1
336 12863405 671 6 4 3355
337 12903472 675 2 6 44
338 12924190 678 8 6 409
339 13106943 683 7 3 29
340 13106943 683 6 8 5
341 13106943 683 5 3 29
342 13106943 683 7 8 11
343 13111276 686 7 1 88
344 13121075 687 5 8 7
345 13235821 690 0 8 150
346 13235821 690 4 3 45
347 13305767 692 6 7 181
348 13305767 692 2 5 10
349 13643581 695 8 8 1
350 13643581 695 4 6 1
351 13643581 695 3 6 1
352 13643581 695 2 1 3
353 13643581 695 6 1 3
354 13643581 695 10 7 1
355 13643581 695 5 7 8
356 13643581 695 7 6 2
357 13656435 697 6 1 154
358 13728341 698 2 9 33
359 13728341 698 2 8 8
360 13766423 701 10 2 7
361 13828201 702 0 9 6
362 13828201 702 4 2 28
363 13890551 703 9 6 38
364 13902120 707 6 1 13
365 13966246 712 10 4 49
366 14162680 723 3 2 3584
367 14162680 723 6 5 29
368 14186662 726 3 9 3974
369 14211682 727 6 7 2
370 14214574 728 3 9 53
371 14296617 732 4 5 13
372 14296617 732 6 6 2
373 14296617 732 4 3 39
374 14369308 735 6 8 280
375 14369308 735 6 10 8
376 14420371 739 10 5 86
377 14587226 741 1 10 2
378 14587226 741 1 4 3198
379 14587226 741 0 4 33
380 14587226 741 8 6 2
381 14587226 741 2 5 11
382 14587226 741 2 2 3
383 14625769 748 7 8 28
384 14800111 751 6 10 17
385 14800111 751 8 1 30
386 14800111 751 8 2 2628
387 14800111 751 3 7 14
388 14800111 751 4 4 54
389 14800111 751 5 9 15
390 14826743 752 1 0 168
391 14826743 752 0 0 717
392 14864416 755 9 9 56
393 14905194 757 5 1 77
394 14905194 757 1 0 7
395 14905194 757 9 1 38
396 14905194 757 8 5 578
397 15023276 766 2 7 7
398 15023276 766 10 6 14
399 15087889 768 0 1 41
400 15087889 768 0 2 36
401 15087889 768 0 7 2
402 15088340 769 5 3 363
403 15166058 780 9 5 34
404 15166058 780 9 8 6604
405 15244855 801 9 6 20
406 15252127 802 4 5 18
407 15252127 802 10 2 4521
408 15322308 815 6 10 1677
409 15635247 822 3 8 239
410 15635247 822 5 4 1
411 15635247 822 1 10 1
412 15635247 822 8 2 3
413 15635247 822 7 7 691
414 15635247 822 8 3 13
415 15635247 822 1 2 9
416 15635247 822 9 2 3
417 15635247 822 6 4 1
418 15635247 822 8 8 239
419 15864535 823 10 10 1
420 15864535 823 3 7 3756
421 15864535 823 10 9 1
422 15937204 825 10 4 62
423 15937204 825 6 1 171
424 15978414 830 0 9 32
425 15978414 830 0 1 24
426 15978414 830 0 5 5
427 16084631 840 10 1 81
428 16118407 842 1 0 94
429 16132252 844 1 9 851
430 16143216 845 2 7 4
431 16162869 846 5 0 54
432 16216644 857 9 8 57
433 16216644 857 9 3 192
434 16216644 857 9 6 9641
435 16220963 858 10 2 1
436 16241685 859 6 5 14093
437 16241685 859 6 0 3051
438 16266338 861 3 9 59
439 16289228 863 2 0 9
440 16444665 864 5 10 172
441 16444665 864 9 4 5
442 16444665 864 2 9 35
443 16444665 864 6 7 2
444 16695714 886 4 7 1
445 16695714 886 3 8 20
446 16695714 886 9 9 1503
447 16695714 886 8 4 1
448 16695714 886 6 2 82
449 16844396 894 6 7 54
450 16844396 894 3 7 3
451 16844396 894 8 5 30
452 16844396 894 9 8 1
453 16844396 894 10 8 1
454 16951983 899 6 8 4891
455 17009307 903 1 5 36
456 17027782 905 1 8 95
457 17027782 905 3 8 95
458 17084980 907 4 9 76
459 17216524 919 1 1 1
460 17224621 921 8 1 88
461 17257148 924 5 6 11
462 17298117 928 0 10 51
463 17583066 929 2 7 2
464 17583066 929 7 9 4
465 17583066 929 1 4 878
466 17583066 929 10 9 4
467 17583066 929 9 8 14
468 17583066 929 7 8 14
469 17583066 929 9 2 12
470 17583066 929 0 9 8
471 17751930 930 4 2 7
472 17751930 930 6 10 1367
473 17751930 930 6 8 928
474 17904428 931 0 8 4
475 17904428 931 6 6 8
476 17904428 931 1 10 901
477 18005337 932 5 3 13
478 18005337 932 2 10 23
479 18005337 932 7 1 6232
480 18005337 932 5 6 69
481 18005337 932 1 6 4
482 18005337 932 7 10 23
483 18337617 941 0 0 5
484 18337617 941 6 0 5
485 18337617 941 5 2 2
486 18337617 941 10 8 1
487 18337617 941 5 3 8
488 18374894 948 0 1 107
489 18407242 950 2 8 14
490 18430950 957 7 9 35
491 18697348 967 7 10 40
492 18697348 967 5 7 486
493 18697348 967 1 3 4
494 18732776 971 1 8 30
495 18808706 973 0 1 24
496 18823616 977 7 2 1705
497 18841664 979 6 8 3805
498 18950306 994 2 0 3
499 18950306 994 0 5 16
