11 249 500
0 60259 0 9 7 46
1 229985 3 5 1 14
2 229985 3 10 3 252
3 266207 4 5 8 14
4 266207 4 2 0 15
5 420395 9 1 2 19
6 446073 10 0 1 1740
7 590162 13 5 1 530
8 590162 13 5 4 340
9 610215 16 2 4 209
10 772087 17 10 2 1578
11 805574 18 1 4 20
12 805574 18 1 5 253
13 906279 21 4 0 25980
14 1095667 31 1 7 4140
15 1095667 31 5 7 2070
16 1095667 31 5 6 1
17 1205327 38 10 5 110
18 1205327 38 8 8 11723
19 1205327 38 7 1 190
20 1205327 38 8 5 55
21 1272999 41 10 9 75
22 1279332 43 5 8 154
23 1359708 50 10 8 1
24 1359708 50 9 3 14
25 1359708 50 7 0 44
26 1359708 50 9 10 5268
27 1720383 51 3 2 5
28 1720383 51 0 3 107
29 1720383 51 2 8 3
30 1720383 51 7 3 15
31 1720383 51 5 6 1
32 1748578 56 5 0 1
33 1748578 56 5 6 86
34 1941231 59 2 2 204
35 1941231 59 1 4 1
36 1941231 59 2 3 5
37 1941231 59 2 10 3
38 1941231 59 8 10 27
39 1941231 59 5 5 28
40 1977224 61 2 2 24
41 2043927 66 0 1 84
42 2043927 66 0 0 2
43 2406543 75 8 0 63
44 2406543 75 4 1 1183
45 2406543 75 9 5 115
46 2406543 75 7 10 7
47 2408793 76 9 3 98
48 2436046 77 7 4 21
49 2454922 79 3 3 38
50 2461697 81 0 6 119
51 2766893 84 10 1 16
52 2769201 86 7 5 3487
53 2875476 92 9 0 133
54 3148288 99 7 7 12
55 3148288 99 0 4 28
56 3148288 99 0 6 10
57 3156691 101 10 8 35
58 3434582 102 10 1 3
59 3434582 102 3 2 1451
60 3434582 102 0 1 3
61 3484574 104 4 7 132
62 3624880 108 3 2 1
63 3624880 108 2 2 1
64 3730696 117 0 7 29
65 3730696 117 0 6 1374
66 3730696 117 0 5 160
67 3793576 123 6 3 7858
68 3808674 124 7 3 7
69 3940061 132 8 0 21
70 4039975 136 1 8 15
71 4270483 137 2 2 63
72 4270483 137 1 0 4
73 4340995 143 0 6 85
74 4347465 144 0 4 125
75 4453768 150 2 5 126
76 4453768 150 2 7 5692
77 4716379 154 2 2 249
78 4716379 154 0 0 4
79 5011463 160 0 5 35
80 5011463 160 1 9 48
81 5011463 160 4 3 2
82 5011463 160 2 2 210
83 5111686 162 5 10 5
84 5111686 162 3 6 14
85 5111686 162 0 10 15
86 5111686 162 6 4 92
87 5239928 172 7 8 29
88 5288710 174 9 10 9
89 5288710 174 5 2 9
90 5387791 177 0 0 89
91 5387791 177 0 3 10858
92 5387791 177 3 5 42
93 5400959 179 8 7 57
94 5401349 180 5 0 216
95 5437430 186 8 0 11839
96 5521551 192 3 1 640
97 5528780 194 3 3 63
98 5748914 198 7 0 20
99 5748914 198 6 6 111
100 5748914 198 3 6 1002
101 5748914 198 0 2 2
102 5748914 198 2 6 334
103 5748914 198 5 4 4
104 5749980 199 7 0 72
105 5848031 205 0 3 62
106 5953770 210 1 3 1
107 5973923 216 6 5 29
108 6044744 224 3 4 238
109 6171498 229 0 7 28
110 6307593 231 0 6 2
111 6307593 231 5 6 6
112 6317554 232 6 5 18
113 6541950 233 5 1 8
114 6541950 233 2 7 1
115 6541950 233 10 5 4
116 6651505 237 10 0 18
117 6651505 237 4 0 72
118 6944440 241 7 0 9
119 6972210 246 10 0 30
120 6982884 249 5 5 21
121 7135392 259 1 7 25
122 7135392 259 8 0 89
123 7413068 262 8 0 9
124 7413068 262 2 4 9
125 7476652 268 9 0 17
126 7602465 282 8 0 16296
127 7602645 283 5 1 81
128 7645658 286 10 1 210
129 8080084 287 1 8 5
130 8080084 287 9 4 10
131 8080084 287 0 1 6
132 8080084 287 10 5 4
133 8080084 287 9 8 5
134 8080084 287 2 3 5
135 8080084 287 4 6 24
136 8085706 289 10 10 47
137 8243337 291 9 3 211
138 8243337 291 5 2 3435
139 8243337 291 2 5 25
140 8243337 291 10 1 2688
141 8243337 291 2 2 6871
142 8243337 291 3 3 844
143 8392985 292 6 10 1
144 8496093 298 1 1 12
145 8682688 303 8 1 25
146 8682688 303 2 2 1892
147 8785709 304 3 6 1731
148 8785709 304 2 6 577
149 8785709 304 2 5 23
150 8815134 307 4 4 476
151 8849494 308 6 0 160
152 8895259 311 3 10 57
153 8900041 312 6 10 391
154 8909982 316 0 4 43
155 9141812 317 2 3 54
156 9141812 317 8 3 382
157 9141812 317 1 3 109
158 9141812 317 5 2 565
159 9158209 319 7 10 78
160 9169983 323 5 9 187
161 9226451 324 3 10 24
162 9254806 327 1 10 1020
163 9358552 328 7 0 11
164 9358552 328 3 3 1
165 9358552 328 0 0 1
166 9365212 329 4 7 6
167 9396878 331 3 3 56
168 9403485 334 1 9 1536
169 9636372 340 7 7 2998
170 9636372 340 8 7 2998
171 9723177 350 9 6 38
172 9764468 353 0 3 163
173 9771422 355 6 6 29
174 9891131 366 0 5 1952
175 9951910 369 2 7 23
176 10155053 380 10 8 9844
177 10272187 388 0 8 3
178 10516710 390 0 3 1193
179 10516710 390 1 0 29
180 10516710 390 6 7 6
181 10516710 390 0 5 6
182 10603884 392 3 9 3
183 10915192 395 2 6 54
184 10915192 395 9 10 10
185 10971954 401 5 3 2385
186 11076673 402 2 2 7
187 11076673 402 9 0 2920
188 11160097 407 2 1 9
189 11370141 409 1 8 13
190 11370141 409 5 9 15
191 11370141 409 2 1 542
192 11370141 409 2 2 23
193 11370141 409 5 6 1
194 11576080 422 2 7 9
195 11576080 422 6 2 4553
196 11576080 422 0 7 62
197 11994892 428 5 6 1
198 11994892 428 0 6 1
199 11994892 428 2 10 25
200 12204633 430 10 5 33
201 12204633 430 7 8 5
202 12204633 430 0 1 1051
203 12204633 430 1 3 4
204 12283357 440 0 0 29
205 12305120 443 6 5 69
206 12366493 453 8 2 53
207 12550326 457 2 1 1
208 12550326 457 2 10 5
209 12550326 457 7 7 1
210 12791915 461 7 10 1
211 12791915 461 8 10 1
212 12791915 461 10 9 7
213 12791915 461 1 8 9
214 12791915 461 9 5 1
215 12791915 461 2 9 3
216 12791915 461 3 0 16
217 12791915 461 7 6 614
218 13322449 466 10 2 50
219 13322449 466 4 5 1
220 13322449 466 8 9 4
221 13322449 466 2 9 28
222 13322449 466 3 0 7
223 13322449 466 6 6 16
224 13322449 466 6 9 4
225 13322449 466 2 7 10
226 13448287 467 5 6 60
227 13448287 467 2 7 5
228 13448287 467 10 7 23
229 13448287 467 1 7 5
230 13448287 467 4 6 6
231 13448287 467 6 7 5
232 13448287 467 2 5 86
233 13554746 472 5 0 7
234 13697281 473 6 9 2
235 13697281 473 1 2 15
236 13697281 473 8 2 15
237 14138670 475 2 3 1
238 14138670 475 0 1 6
239 14138670 475 8 2 3
240 14138670 475 2 6 1
241 14138670 475 3 5 5
242 14138670 475 8 5 2
243 14138670 475 10 6 1
244 14138670 475 6 9 5
245 14138670 475 3 8 2
246 14138670 475 1 7 9
247 14219828 479 1 9 1
248 14240936 482 4 2 222
249 14304033 487 5 0 66373
250 14383475 492 8 7 3095
251 14391761 494 7 2 10
252 14807019 498 4 1 17
253 14807019 498 0 5 1579
254 14807019 498 5 1 35
255 14807019 498 3 5 526
256 14807019 498 0 2 4
257 14807019 498 6 1 35
258 14807019 498 7 5 8250
259 14807019 498 3 6 1
260 14807019 498 7 9 18
261 14841335 499 7 2 121
262 14874410 504 3 9 1629
263 15112661 507 0 4 1429
264 15112661 507 7 6 7
265 15112661 507 1 6 3
266 15112661 507 3 7 72
267 15112661 507 6 10 89
268 15112661 507 5 1 2
269 15206240 510 7 5 3
270 15206240 510 6 3 4
271 15206240 510 6 8 7
272 15455542 513 1 8 5049
273 15455542 513 10 9 20
274 15455542 513 1 4 300
275 15455542 513 6 9 20
276 15455542 513 0 0 5
277 15455542 513 0 6 80
278 15455542 513 0 4 200
279 15455542 513 1 2 6
280 15506796 516 10 3 54
281 15506796 516 2 3 1
282 15539834 526 3 2 56
283 15633421 538 0 8 23
284 15639707 539 9 1 15
285 16286192 555 1 5 1
286 16286192 555 5 4 3318
287 16286192 555 9 10 1
288 16286192 555 9 3 202
289 16286192 555 8 9 11
290 16286192 555 3 4 829
291 16286192 555 5 5 1
292 16443602 556 5 8 109
293 16524483 558 1 3 9246
294 16541026 560 2 2 8
295 16595996 562 10 2 37
296 16595996 562 10 3 1378
297 16842760 569 7 7 1
298 16842760 569 9 9 2
299 16842760 569 9 10 6
300 16842760 569 6 7 1
301 17036821 578 6 0 132
302 17115063 582 4 0 2716
303 17192064 588 4 2 98
304 17192716 589 4 5 342
305 17252848 597 3 4 14
306 17396983 602 8 6 12
307 17396983 602 6 1 81
308 17396983 602 8 9 57
309 17885576 612 10 9 31
310 17885576 612 5 0 214
311 17885576 612 2 9 14
312 17885576 612 4 4 2485
313 17885576 612 4 5 120
314 17885576 612 7 10 5
315 17885576 612 1 7 2539
316 17885576 612 5 2 448
317 17885576 612 10 4 133
318 17917386 613 3 3 19596
319 17918324 614 6 5 252
320 18274816 616 7 7 200
321 18274816 616 0 10 12823
322 18274816 616 3 0 988
323 18274816 616 8 2 1
324 18274816 616 3 5 1227
325 18274816 616 8 0 6921
326 18274816 616 7 2 1
327 18274816 616 10 10 1709
328 18274816 616 7 10 854
329 18304383 619 8 6 91
330 18346639 624 4 5 2839
331 18349701 625 7 0 104
332 18447515 628 1 9 181
333 18449609 629 5 8 164
334 18886748 644 10 4 647
335 18886748 644 1 3 10
336 18886748 644 5 9 27
337 18886748 644 7 6 1
338 18886748 644 10 7 92
339 18886748 644 8 7 92
340 18889663 645 4 8 20
341 18903421 648 9 2 178
342 18994006 668 5 5 82
343 18994006 668 5 3 3071
344 19295107 671 9 6 8
345 19295107 671 7 5 30
346 19295107 671 5 5 30
347 19421213 681 6 5 12
348 19660415 683 5 9 15
349 19660415 683 3 4 638
350 19660415 683 8 8 5
351 19660415 683 8 1 50
352 19681613 687 10 7 98
353 19731150 689 9 4 318
354 20465371 695 3 2 793
355 20465371 695 5 3 4
356 20465371 695 7 8 1
357 20465371 695 3 5 7
358 20465371 695 5 8 1
359 20465371 695 4 1 41
360 20465371 695 10 6 2
361 20465371 695 7 3 4
362 20465371 695 3 8 1
363 20465371 695 4 9 429
364 20592512 698 10 8 312
365 20592512 698 2 8 8
366 20592512 698 10 10 32
367 20592512 698 2 4 268
368 20592512 698 2 6 13
369 20592512 698 10 0 4
370 20592512 698 2 0 22
371 20649635 701 6 9 1
372 20649635 701 8 9 1
373 20742302 702 0 8 88
374 20851414 706 5 7 40
375 20853180 707 6 1 13
376 20914697 710 3 8 105
377 20986918 717 0 7 4
378 21160564 718 7 5 3430
379 21160564 718 1 9 31
380 21167732 721 4 10 231
381 21323837 729 1 6 6073
382 21447634 734 2 0 38
383 21553962 735 9 10 136
384 21637295 740 2 2 25990
385 21880840 741 5 6 5
386 21880840 741 6 0 544
387 21880840 741 4 9 14
388 21888392 743 2 8 31
389 21980104 749 4 4 130
390 22200166 751 7 4 13
391 22200166 751 10 2 15409
392 22200166 751 2 0 47
393 22200166 751 5 9 15
394 22240115 752 3 0 42
395 22534914 766 2 7 7
396 22534914 766 6 10 15
397 22631833 768 8 3 102
398 22720441 778 2 9 7
399 22724277 779 4 1 18222
400 22749087 780 2 5 4
401 22794817 787 2 4 78
402 22820302 795 3 7 39
403 22912873 804 4 8 8560
404 22941030 807 2 10 55
405 23023635 820 2 2 104
406 23452871 822 7 7 691
407 23452871 822 1 3 3
408 23452871 822 1 7 276
409 23452871 822 7 4 1
410 23796803 823 10 9 1
411 23796803 823 3 3 4
412 23905806 825 5 8 63
413 23906637 826 9 8 28
414 23967621 830 2 7 448
415 24046699 833 7 8 800
416 24097242 834 7 4 4
417 24100934 836 1 3 86
418 24177611 842 1 5 143
419 24184826 843 9 3 39
420 24214824 845 2 7 4
421 24244303 846 5 7 59
422 24666998 864 8 7 12
423 24667645 865 4 2 165
424 24697703 870 7 3 46
425 24820872 877 10 6 24
426 24856069 883 1 6 102
427 25043572 886 2 0 14
428 25043572 886 9 7 4
429 25043572 886 1 9 2254
430 25087160 889 9 2 34
431 25266595 894 7 5 4
432 25375963 896 3 0 1968
433 25427975 899 6 2 250
434 25457654 901 3 2 517
435 25457654 901 8 2 30
436 25513961 903 1 4 337
437 25541673 905 0 8 95
438 25627471 907 4 2 821
439 25701846 911 1 0 682
440 25701846 911 6 0 1365
441 25787966 917 6 9 3
442 25824786 919 2 1 1
443 25947175 928 7 10 102
444 26374600 929 9 6 381
445 26374600 929 5 2 8
446 26374600 929 0 9 8
447 26374600 929 0 7 2
448 26374600 929 10 9 4
449 26374600 929 3 3 3
450 26374600 929 8 5 227
451 26374600 929 1 3 6
452 26374600 929 0 6 54
453 26374600 929 4 6 54
454 26627895 930 1 0 2492
455 26627895 930 1 2 43
456 26627895 930 0 5 22
457 26627895 930 6 7 10
458 26627895 930 3 2 29
459 26856642 931 10 9 2119
460 27008006 932 10 6 4
461 27008006 932 0 6 9
462 27008006 932 0 3 59
463 27008006 932 10 8 6
464 27008006 932 9 2 902
465 27033971 935 5 1 1573
466 27043399 936 0 4 58
467 27100817 940 0 10 1313
468 27506426 941 8 6 2
469 27506426 941 4 0 22
470 27506426 941 9 9 2610
471 27506426 941 1 0 5
472 27506426 941 9 7 1
473 27506426 941 5 1 192
474 27517355 944 8 1 104
475 27562342 948 6 7 18
476 27562342 948 0 1 107
477 27562342 948 8 6 3958
478 27562342 948 1 4 16
479 27610863 950 9 8 7
480 27629382 955 7 4 6343
481 27629608 956 4 1 1266
482 27646425 957 1 9 17
483 27646425 957 7 9 35
484 27745720 961 9 5 1719
485 27745720 961 4 5 343
486 28046022 967 0 0 9
487 28046022 967 7 8 44
488 28046022 967 4 5 7
489 28046022 967 4 8 44
490 28136027 972 10 5 263
491 28213059 973 0 4 10
492 28213059 973 2 1 4
493 28213059 973 0 2 17
494 28236537 978 5 5 281
495 28291418 986 1 0 968
496 28362726 993 4 9 48
497 28362726 993 4 7 154
498 28425459 994 5 5 16
499 28436905 995 6 6 518
