11 257 500
0 60259 0 1 10 471
1 229985 3 9 3 2654
2 266207 4 9 8 4
3 290074 7 1 4 57
4 420395 9 1 7 39
5 446073 10 4 1 8702
6 590162 13 10 9 18555
7 590162 13 1 8 1
8 772087 17 6 1 88
9 772087 17 5 7 2
10 772087 17 9 8 1
11 772087 17 7 7 2
12 805574 18 1 6 36
13 906279 21 3 9 94
14 941817 25 4 0 1977
15 978614 27 3 0 130
16 1066704 29 2 8 170
17 1095667 31 1 6 46
18 1720383 51 10 6 1
19 1720383 51 8 9 1
20 1720383 51 5 0 10
21 1720383 51 9 6 5
22 1720383 51 7 4 15
23 1720383 51 5 9 1
24 1941231 59 8 2 204
25 1941231 59 5 3 63
26 1941231 59 8 4 6
27 1941231 59 1 5 14
28 2059605 68 4 4 13
29 2124678 70 3 10 99
30 2124678 70 4 7 3
31 2178766 72 6 10 83
32 2406543 75 1 5 231
33 2406543 75 7 6 14
34 2406543 75 1 8 1
35 2406543 75 9 7 1
36 2406543 75 10 4 3
37 2436046 77 7 4 21
38 2766893 84 3 1 24
39 2766893 84 4 8 3
40 2766893 84 3 2 308
41 2841694 89 7 8 6309
42 2921290 94 0 5 1513
43 3148288 99 9 3 63
44 3434582 102 9 3 11
45 3434582 102 2 0 70
46 3434582 102 5 5 14
47 3434582 102 8 10 21
48 3434582 102 7 4 16
49 3494149 107 6 2 1524
50 3624880 108 6 5 8
51 3793576 123 10 10 32
52 3902389 130 7 10 226
53 3940061 132 5 1 6
54 3967829 134 0 9 76
55 4270483 137 4 1 25
56 4270483 137 6 6 2
57 4270483 137 5 0 8
58 4293704 139 2 1 25
59 4296288 141 5 8 67
60 4340995 143 0 1 26
61 4340995 143 0 9 7
62 4402529 146 3 8 333
63 4453768 150 2 4 17932
64 4453768 150 2 8 12718
65 4716379 154 6 6 690
66 4716379 154 1 10 17
67 4716379 154 2 7 642
68 5011463 160 6 1 1
69 5011463 160 0 0 35
70 5011463 160 6 7 1
71 5011463 160 3 5 46
72 5011463 160 5 2 210
73 5111686 162 7 0 3799
74 5111686 162 0 1 1445
75 5111686 162 7 7 675
76 5293713 175 8 6 39
77 5387791 177 3 2 1
78 5387791 177 0 0 89
79 5456921 187 7 2 8
80 5528905 195 5 3 168
81 5748914 198 9 4 4
82 5748914 198 9 2 2
83 5748914 198 9 1 4
84 5748914 198 8 4 2
85 5748914 198 9 0 5
86 5835603 203 8 4 1511
87 5839090 204 9 0 97
88 5964437 211 10 6 59
89 6041396 223 2 2 68
90 6067154 228 9 2 15
91 6171498 229 0 10 5
92 6171498 229 2 2 616
93 6171498 229 6 0 10
94 6171498 229 0 6 27
95 6297568 230 0 7 226
96 6297568 230 3 6 6
97 6541950 233 2 0 22
98 6541950 233 6 1 4
99 6651505 237 10 10 82
100 6944440 241 7 9 1226
101 6944440 241 9 3 1
102 6944440 241 3 5 8412
103 6982884 249 7 5 43
104 7012704 258 3 0 83
105 7136826 261 2 6 94
106 7413068 262 9 8 7
107 7413068 262 8 10 55
108 7476652 268 5 0 210
109 7507620 269 4 7 59
110 7507620 269 4 8 138
111 7544989 273 6 9 4
112 7546960 274 8 9 85
113 7642178 285 4 4 168
114 8080084 287 0 8 11
115 8080084 287 9 1 53
116 8080084 287 2 8 5
117 8080084 287 4 4 2
118 8080084 287 10 3 5
119 8080084 287 9 7 807
120 8080084 287 0 2 6
121 8087957 290 5 7 223
122 8243337 291 2 6 1228
123 8243337 291 1 9 1096
124 8243337 291 9 3 211
125 8243337 291 2 2 6871
126 8392985 292 9 1 197
127 8392985 292 1 8 1090
128 8392985 292 0 8 218
129 8392985 292 10 9 529
130 8405040 294 0 5 99583
131 8416609 295 6 4 6
132 8429805 297 1 10 64
133 8496093 298 1 9 8
134 8496093 298 9 4 483
135 8682688 303 0 10 14
136 8682688 303 1 7 3
137 8785709 304 2 1 7
138 8849494 308 6 9 224
139 8866502 310 0 1 221
140 9141812 317 0 5 1929
141 9141812 317 4 2 565
142 9141812 317 9 2 565
143 9141812 317 6 5 3859
144 9141812 317 0 10 55
145 9141812 317 4 9 5
146 9226451 324 6 5 7
147 9226451 324 9 9 47
148 9254806 327 2 10 1020
149 9358552 328 2 9 2
150 9358552 328 9 0 4
151 9396872 330 0 0 683
152 9396872 330 0 7 67
153 9428293 335 1 7 96
154 9461988 337 4 7 86
155 9461988 337 4 10 50
156 9531294 339 3 2 288
157 9531294 339 3 7 31
158 9636372 340 9 1 3
159 9636372 340 7 7 2998
160 9732668 352 9 10 104
161 9764468 353 0 10 3133
162 9771422 355 0 6 29
163 9849496 362 0 2 1
164 9891131 366 7 2 23
165 9902436 367 6 3 60
166 9951910 369 9 0 34
167 9951910 369 10 9 168
168 9951910 369 2 7 23
169 10053432 370 2 5 1
170 10053432 370 3 2 1
171 10053432 370 6 8 3
172 10070506 373 6 3 66
173 10155053 380 10 2 57
174 10202490 387 9 9 1
175 10272187 388 7 10 17
176 10516710 390 9 0 14
177 10516710 390 9 1 110
178 10516710 390 0 9 349
179 10603884 392 9 2 352
180 10603884 392 8 4 427
181 10915192 395 7 5 177
182 10915192 395 1 7 41
183 10915192 395 4 8 33
184 10915192 395 7 8 33
185 10915192 395 9 10 10
186 10915192 395 6 5 177
187 10952314 399 5 7 15502
188 10971954 401 1 3 1192
189 11076673 402 9 10 117
190 11160097 407 2 7 98
191 11370141 409 1 3 7
192 11370141 409 5 2 7
193 11370141 409 10 5 797
194 11370141 409 5 9 15
195 11484350 413 2 1 168
196 11577393 423 3 1 4754
197 11620833 424 7 6 113
198 11994892 428 1 5 822
199 11994892 428 4 4 4
200 11994892 428 5 1 6684
201 11994892 428 1 3 136
202 11994892 428 2 8 2
203 11995324 429 0 6 415
204 12230212 434 3 2 37
205 12283357 440 0 0 29
206 12305120 443 6 2 42
207 12366493 453 8 2 53
208 12550326 457 6 6 6
209 12550326 457 1 6 12
210 12550326 457 8 4 1
211 12550326 457 10 7 10
212 12629720 460 1 7 335
213 12791915 461 10 4 5
214 12791915 461 3 7 1
215 12791915 461 6 9 85
216 12791915 461 5 1 22
217 13322449 466 1 3 3602
218 13322449 466 8 2 150
219 13322449 466 0 7 1
220 13448287 467 6 8 7
221 13448287 467 1 7 5
222 13448287 467 0 9 8
223 13491229 469 6 3 3988
224 13554746 472 0 0 7
225 13554746 472 4 0 7
226 13554746 472 5 0 7
227 13697281 473 4 9 2
228 13697281 473 9 10 1
229 13697281 473 10 3 59
230 13697281 473 6 9 2
231 13698884 474 4 9 211
232 14138670 475 3 9 5
233 14138670 475 7 1 10
234 14138670 475 10 4 2
235 14138670 475 1 10 5
236 14138670 475 3 8 2
237 14138670 475 5 6 1
238 14138670 475 4 9 5
239 14138670 475 2 9 5
240 14138670 475 3 4 1
241 14138670 475 0 7 4
242 14186239 477 2 6 69
243 14186239 477 2 8 74
244 14250321 483 5 10 8
245 14279504 486 6 3 91
246 14372829 491 10 10 39
247 14807019 498 3 9 1
248 14807019 498 2 7 7
249 14807019 498 2 1 17
250 14807019 498 7 0 10
251 14807019 498 6 0 10
252 14807019 498 6 5 175
253 14807019 498 10 6 1
254 14807019 498 4 4 100
255 14807019 498 6 7 7
256 14874410 504 1 3 52
257 14877532 505 0 7 64
258 15112661 507 8 6 3
259 15112661 507 10 6 3
260 15112661 507 7 7 72
261 15112661 507 7 6 7
262 15112661 507 3 9 21
263 15121586 508 1 8 38
264 15455542 513 3 6 80
265 15455542 513 7 1 58
266 15455542 513 0 8 6059
267 15455542 513 7 10 4
268 15509902 518 8 8 52
269 15559801 527 5 0 238
270 15564515 529 9 9 374
271 15619231 535 1 7 6
272 15639707 539 9 1 15
273 15696252 542 1 7 28344
274 15736080 547 4 3 33039
275 15736080 547 4 0 5771
276 15776877 550 3 6 6
277 15834018 551 5 1 3
278 15848962 552 5 0 76
279 16286192 555 9 10 1
280 16286192 555 4 0 3
281 16286192 555 5 2 876
282 16286192 555 2 1 191
283 16286192 555 9 5 1
284 16286192 555 8 5 13
285 16443602 556 3 3 23
286 16443602 556 3 1 1
287 16443602 556 9 0 1
288 16479701 557 3 5 64
289 16479701 557 3 4 51
290 16524483 558 1 2 194
291 16595996 562 10 4 31234
292 16670241 565 1 10 1219
293 16673214 568 8 2 137
294 16842760 569 9 0 26
295 16842760 569 10 7 1
296 16842760 569 3 6 1
297 16846882 571 1 7 32
298 17014002 576 0 1 1
299 17014002 576 1 0 51
300 17036821 578 3 9 11
301 17115063 582 4 0 2716
302 17192064 588 4 2 98
303 17192064 588 4 0 70
304 17222367 591 10 1 1
305 17222367 591 3 10 5
306 17232987 593 9 9 1350
307 17507196 611 0 8 1981
308 17885576 612 8 1 13
309 17885576 612 5 0 214
310 17885576 612 0 0 142
311 17885576 612 5 5 360
312 17885576 612 5 9 1
313 17885576 612 2 2 448
314 17885576 612 2 6 40
315 17885576 612 2 9 14
316 17885576 612 1 6 1
317 17885576 612 8 9 1
318 17917386 613 3 3 19596
319 17924630 615 2 7 39103
320 18274816 616 1 10 3419
321 18274816 616 9 0 494
322 18274816 616 1 6 36
323 18274816 616 7 4 1
324 18274816 616 8 7 200
325 18274816 616 5 9 14
326 18281633 617 3 9 85
327 18281633 617 4 2 116
328 18299087 618 7 8 12
329 18349701 625 2 0 34
330 18349701 625 7 0 104
331 18447515 628 1 1 107
332 18447515 628 1 4 81
333 18447515 628 1 10 95
334 18485863 631 7 6 351
335 18592255 634 7 5 82
336 18661283 638 2 7 203
337 18886748 644 3 1 748
338 18886748 644 0 8 908
339 18901822 647 3 3 1338
340 18959486 661 7 0 13
341 18994006 668 5 9 34
342 18997034 670 5 9 92
343 19295107 671 9 6 8
344 19295107 671 0 8 5
345 19295107 671 3 9 8
346 19295107 671 7 5 30
347 19295107 671 7 7 1
348 19302042 672 10 5 10
349 19660415 683 0 9 15
350 19660415 683 7 3 29
351 19660415 683 6 5 1
352 19660415 683 7 10 16
353 19853732 690 4 2 11
354 19853732 690 4 9 17
355 19853732 690 4 8 300
356 19958651 692 7 10 12
357 20465371 695 8 0 21
358 20465371 695 7 6 2
359 20465371 695 6 10 1
360 20465371 695 4 1 41
361 20465371 695 7 7 1
362 20465371 695 4 6 1
363 20465371 695 1 3 4
364 20465371 695 7 3 4
365 20465371 695 4 8 1
366 20465371 695 10 9 214
367 20465371 695 1 8 1
368 20484653 697 4 10 15
369 20484653 697 1 6 1569
370 20592512 698 5 9 66
371 20649635 701 9 2 76
372 20742302 702 0 0 2375
373 20835827 703 9 3 37
374 20835827 703 9 2 9404
375 20845847 705 0 5 52
376 21160564 718 5 0 1
377 21160564 718 5 7 5
378 21160564 718 6 0 1
379 21160564 718 3 8 2911
380 21275913 724 6 3 4789
381 21444926 732 4 6 4
382 21444926 732 0 1 103
383 21444926 732 5 0 4
384 21444926 732 4 5 13
385 21561440 736 2 6 1770
386 21588629 737 0 0 44
387 21630557 739 10 7 96
388 21637295 740 2 2 25990
389 21880840 741 1 10 2
390 21880840 741 3 6 2
391 21880840 741 1 0 1089
392 21880840 741 3 0 544
393 21880840 741 1 1 989
394 21880840 741 3 7 2
395 21883886 742 7 10 31
396 21980104 749 9 5 1
397 21980104 749 10 0 33
398 21980104 749 4 7 20
399 21980104 749 5 4 26
400 22200166 751 3 6 55
401 22200166 751 4 7 10
402 22200166 751 3 1 15
403 22200166 751 5 3 727
404 22200166 751 10 6 950
405 22357792 757 7 5 578
406 22392173 761 6 5 45
407 22392173 761 5 5 45
408 22534914 766 3 3 1
409 22534914 766 4 3 1
410 22534914 766 0 10 30
411 22631833 768 8 0 103
412 22631833 768 8 5 373
413 22631833 768 8 7 6
414 22632510 769 5 3 363
415 22749087 780 9 5 34
416 22767079 783 7 10 8
417 22794817 787 2 4 78
418 22815976 793 4 7 6073
419 22953326 814 1 3 170
420 23009095 817 8 3 1577
421 23009095 817 7 3 1577
422 23452871 822 8 6 4
423 23452871 822 4 6 8
424 23452871 822 3 8 239
425 23452871 822 0 10 3
426 23452871 822 0 8 1679
427 23796803 823 3 7 3756
428 23796803 823 3 3 4
429 23796803 823 3 2 6
430 23905806 825 4 2 27
431 23905806 825 0 0 3
432 23905806 825 0 8 63
433 23967621 830 0 9 32
434 24097242 834 2 0 15
435 24115692 837 6 9 79
436 24214824 845 3 7 4
437 24214824 845 2 7 4
438 24244303 846 5 10 165
439 24260626 851 0 6 15
440 24277491 855 2 0 234
441 24331445 858 7 2 1
442 24362719 860 9 6 11
443 24399508 861 3 10 7689
444 24399508 861 3 5 2029
445 24666998 864 6 7 2
446 24666998 864 3 6 4
447 24666998 864 4 5 15
448 24685758 868 10 6 201
449 24697703 870 7 3 46
450 24729365 871 5 8 758
451 24789318 874 2 9 31
452 25043572 886 2 6 1111
453 25093647 891 2 8 118
454 25266595 894 0 2 11
455 25266595 894 8 5 30
456 25266595 894 6 7 54
457 25375963 896 4 3 1586
458 25375963 896 1 3 1586
459 25513961 903 1 1 7
460 25514117 904 5 6 59
461 25541673 905 5 8 95
462 25627471 907 2 8 156
463 25629652 908 1 0 165
464 25664519 909 9 4 1528
465 25885722 924 0 6 1
466 25942817 927 7 0 85
467 26374600 929 1 3 6
468 26374600 929 9 0 5
469 26374600 929 8 0 25
470 26627895 930 3 3 15
471 26627895 930 0 8 309
472 26856642 931 10 0 3169
473 26856642 931 5 0 1056
474 27008006 932 10 2 1805
475 27023473 934 3 7 45
476 27043399 936 0 4 58
477 27076387 939 3 8 14263
478 27100817 940 0 5 111
479 27506426 941 10 3 1
480 27506426 941 0 1 96
481 27506426 941 0 2 2
482 27506426 941 0 9 1305
483 27506426 941 9 7 1
484 27506426 941 2 5 27
485 27506426 941 5 6 2
486 27506426 941 10 2 2
487 27703706 959 10 4 73
488 27745720 961 1 5 343
489 28046022 967 0 2 15
490 28046022 967 0 3 4
491 28046022 967 4 9 9
492 28046022 967 1 0 9
493 28046022 967 6 3 8
494 28046022 967 7 10 40
495 28046022 967 4 8 44
496 28136027 972 10 9 152
497 28230166 976 2 8 113
498 28235424 977 7 2 1705
499 28425459 994 10 0 3
