11 232 500
0 13391 0 9 3 1560
1 13391 0 1 2 152
2 13391 0 1 7 23
3 13391 0 9 5 6
4 51107 3 5 4 3213
5 93421 9 7 5 35
6 93421 9 4 6 70
7 100552 11 0 9 88
8 131147 13 1 1 265
9 131147 13 1 4 340
10 131147 13 1 8 1
11 171575 17 6 9 1976
12 171575 17 2 5 100
13 171575 17 2 3 46
14 237045 29 10 4 20
15 237045 29 10 8 170
16 243481 31 5 6 1
17 243481 31 4 6 1
18 259554 37 3 0 25
19 289428 44 1 8 59
20 289428 44 1 3 43
21 290691 45 5 6 2127
22 382307 51 7 6 9
23 382307 51 10 6 1
24 382307 51 2 4 15
25 382307 51 5 3 15
26 382307 51 7 8 1
27 382307 51 7 4 15
28 431384 59 8 0 4
29 431384 59 5 2 102
30 431384 59 8 3 10
31 454212 67 1 7 10
32 457690 68 4 4 13
33 472150 70 10 6 45
34 484170 72 6 3 18
35 543022 78 6 1 47
36 550707 83 0 2 165
37 614865 84 6 8 1
38 614865 84 2 10 6
39 614865 84 10 8 6
40 614865 84 10 1 16
41 614865 84 7 7 21
42 638855 91 7 2 550
43 638855 91 6 2 2201
44 643332 93 7 7 13
45 649175 94 5 5 756
46 699619 99 0 2 19
47 699619 99 9 8 1
48 699619 99 7 8 5
49 763240 102 9 3 11
50 763240 102 5 1 3
51 763240 102 7 3 5
52 763240 102 9 6 7
53 805529 108 4 6 7
54 809413 110 3 2 330
55 829043 117 0 10 1361
56 838376 118 10 5 16
57 846372 124 2 3 7
58 846624 125 0 2 16
59 865235 127 0 2 9547
60 875569 132 5 1 6
61 897772 136 1 1 31
62 948996 137 9 7 3
63 948996 137 9 1 12
64 978339 146 6 4 5
65 978339 146 4 3 36
66 978926 147 6 2 182
67 989726 150 2 9 28
68 1048084 154 9 7 1284
69 1048084 154 7 0 21
70 1048084 154 9 4 10
71 1048084 154 0 1 5
72 1048084 154 1 0 2
73 1048084 154 5 8 21
74 1048084 154 6 5 69
75 1113658 160 8 6 5
76 1113658 160 7 0 11
77 1113658 160 4 10 11
78 1113658 160 7 3 137
79 1113658 160 5 8 306
80 1113658 160 8 3 10
81 1113658 160 1 7 1
82 1135930 162 5 0 1899
83 1135930 162 2 10 75
84 1138204 164 6 8 11399
85 1146417 165 1 5 110
86 1198278 178 7 0 104
87 1277536 198 2 1 18
88 1277536 198 9 5 1
89 1277536 198 10 0 5
90 1277536 198 7 2 6
91 1296800 203 7 2 64
92 1296800 203 7 5 4342
93 1309127 209 3 5 39
94 1323060 210 2 3 1
95 1323060 210 7 3 1
96 1326684 215 7 4 8130
97 1332384 217 1 4 27
98 1371444 229 2 0 31
99 1371444 229 0 4 17
100 1371444 229 0 8 118
101 1399459 230 8 3 136
102 1399459 230 3 9 29
103 1453766 233 0 2 13
104 1453766 233 1 3 4
105 1453766 233 4 4 1153
106 1461395 236 5 6 55
107 1478112 237 10 10 82
108 1487689 240 1 6 190
109 1543209 241 3 7 55
110 1543209 241 6 1 6
111 1543209 241 6 3 1
112 1543209 241 3 3 1
113 1585642 259 3 0 14
114 1585642 259 0 8 2025
115 1585642 259 1 7 25
116 1647348 262 2 9 15
117 1668360 269 4 6 99
118 1678752 277 2 7 3263
119 1680480 279 0 10 162
120 1795574 287 10 5 4
121 1795574 287 3 6 24
122 1795574 287 8 7 1615
123 1795574 287 10 9 1
124 1795574 287 10 4 1
125 1795574 287 0 4 1
126 1795574 287 5 0 3
127 1831852 291 1 0 1
128 1831852 291 6 0 3
129 1831852 291 0 1 128
130 1865107 292 1 10 2
131 1865107 292 7 0 6
132 1888020 298 9 7 60
133 1929486 303 9 10 14
134 1929486 303 3 9 204
135 1929486 303 10 0 1
136 1952379 304 3 9 58
137 1976724 311 3 10 57
138 1979056 315 2 10 1706
139 2031513 317 3 8 167
140 2031513 317 2 3 54
141 2031513 317 10 8 83
142 2035157 319 7 10 78
143 2050322 324 1 5 7
144 2050322 324 4 9 142
145 2079678 328 1 5 297
146 2081158 329 4 7 6
147 2081158 329 2 7 8
148 2088193 330 0 7 67
149 2095176 335 1 3 1
150 2102664 337 4 9 42
151 2102664 337 4 2 67
152 2103134 338 4 5 18
153 2141416 340 5 8 451
154 2158044 349 1 6 568
155 2162134 351 8 1 221
156 2169881 353 0 1 6
157 2188777 362 6 3 357
158 2198029 366 9 5 2928
159 2234096 370 5 5 5
160 2234096 370 3 8 3
161 2234096 370 2 10 11
162 2234096 370 6 5 4
163 2234096 370 1 3 30
164 2234096 370 10 2 9
165 2256678 380 10 1 100
166 2259086 382 1 0 15
167 2282708 388 7 2 3
168 2337046 390 1 4 27
169 2337046 390 1 6 229
170 2337046 390 9 8 2301
171 2337046 390 0 9 349
172 2356418 392 8 4 427
173 2356418 392 3 9 3
174 2425598 395 3 9 10223
175 2425598 395 4 8 33
176 2430358 396 10 1 1216
177 2430358 396 3 1 405
178 2438212 401 0 3 1192
179 2461483 402 9 10 117
180 2461483 402 9 7 35
181 2465866 405 8 5 15
182 2526698 409 5 8 13
183 2526698 409 6 2 3
184 2526698 409 10 1 542
185 2526698 409 5 3 3
186 2526698 409 6 1 1627
187 2552077 413 2 5 900
188 2552077 413 9 7 32
189 2556686 417 6 2 58
190 2572462 422 5 3 54
191 2572462 422 4 2 5692
192 2572462 422 8 7 4
193 2582407 424 7 4 84
194 2665531 428 1 1 668
195 2665531 428 7 6 2
196 2665531 428 7 0 1
197 2665531 428 1 9 1
198 2665531 428 6 5 822
199 2665531 428 7 9 1
200 2665531 428 7 4 1
201 2665531 428 8 0 4
202 2665531 428 9 5 822
203 2665531 428 3 4 28
204 2665531 428 4 5 822
205 2665531 428 10 8 2
206 2665531 428 8 4 21
207 2712140 430 5 7 17
208 2712140 430 10 3 29
209 2712140 430 8 0 40
210 2723593 435 0 1 108
211 2723664 436 0 3 109
212 2734471 443 6 5 69
213 2788961 457 2 1 1
214 2788961 457 8 4 1
215 2788961 457 4 3 14
216 2788961 457 0 0 8
217 2806604 460 1 9 91
218 2806604 460 1 5 102
219 2806604 460 1 8 47
220 2842647 461 7 10 1
221 2842647 461 9 4 42
222 2960544 466 4 7 1
223 2960544 466 5 6 8
224 2960544 466 7 6 28
225 2960544 466 8 1 5
226 2960544 466 0 5 6
227 2960544 466 3 6 8
228 2988508 467 0 3 4
229 2988508 467 6 0 430
230 2998050 469 6 4 541
231 3012165 472 6 0 14
232 3012165 472 0 0 7
233 3043840 473 8 6 5
234 3141926 475 4 9 5
235 3141926 475 7 1 10
236 3141926 475 1 1 3
237 3141926 475 4 3 1
238 3141926 475 7 3 1
239 3141926 475 9 2 6
240 3141926 475 6 5 2
241 3141926 475 5 10 25
242 3164652 482 4 2 222
243 3178674 487 5 10 202
244 3178674 487 5 4 344
245 3191057 489 8 4 48
246 3191057 489 3 0 785
247 3191057 489 9 0 11786
248 3290448 498 3 2 28
249 3290448 498 6 2 9
250 3290448 498 8 6 1
251 3290448 498 3 10 13
252 3290448 498 10 1 35
253 3290448 498 7 10 39
254 3290448 498 9 5 175
255 3290448 498 9 0 64
256 3298999 501 4 8 5123
257 3305424 504 1 10 30
258 3358369 507 0 9 7
259 3358369 507 6 4 2858
260 3358369 507 10 1 1
261 3358369 507 1 8 52
262 3358369 507 6 3 7
263 3358369 507 10 6 3
264 3379164 510 6 2 40
265 3379164 510 7 1 5
266 3379164 510 7 3 4
267 3379164 510 6 4 1991
268 3434564 513 8 6 80
269 3434564 513 0 5 345
270 3434564 513 6 6 80
271 3434564 513 10 3 26
272 3434564 513 6 9 20
273 3434564 513 6 10 6
274 3447791 519 10 10 44
275 3458227 528 3 7 128
276 3458781 529 4 9 374
277 3458781 529 9 9 374
278 3460728 532 9 9 7164
279 3471925 536 3 6 467
280 3473324 537 7 10 11
281 3488056 542 1 9 38
282 3505972 550 6 6 6
283 3518670 551 6 1 7
284 3619153 555 5 8 7
285 3619153 555 4 0 3
286 3619153 555 4 2 4380
287 3619153 555 5 1 95
288 3619153 555 5 7 7
289 3619153 555 7 2 876
290 3619153 555 8 10 1
291 3654133 556 9 7 110
292 3654133 556 10 4 26
293 3662155 557 3 0 5258
294 3672107 558 1 2 194
295 3675783 560 3 2 29
296 3680125 561 2 10 28
297 3697268 563 10 3 653
298 3704498 565 1 0 14
299 3704498 565 1 5 19648
300 3742835 569 9 1 1
301 3742835 569 1 1 16
302 3742835 569 10 3 1
303 3743751 571 7 7 16
304 3780889 576 6 1 1
305 3803347 582 4 2 114
306 3820458 588 4 0 70
307 3832906 595 2 9 194
308 3865996 602 8 9 57
309 3865996 602 6 8 259
310 3865996 602 6 5 30
311 3865996 602 8 0 1082
312 3866683 603 2 10 133
313 3867117 604 9 6 322
314 3878647 606 10 6 184
315 3890488 611 1 4 39
316 3890488 611 0 2 43
317 3974572 612 7 5 120
318 3974572 612 5 8 8
319 3974572 612 10 7 2539
320 3974572 612 0 2 897
321 3974572 612 5 10 5
322 3974572 612 6 5 240
323 3974572 612 4 10 5
324 3974572 612 2 8 8
325 4061070 616 6 1 2
326 4061070 616 4 1 1
327 4061070 616 1 7 1201
328 4061070 616 2 7 200
329 4061070 616 3 6 36
330 4061070 616 5 0 494
331 4061070 616 3 2 3
332 4061070 616 2 1 1
333 4061070 616 6 2 1
334 4077031 624 9 5 2839
335 4077031 624 2 5 2839
336 4088191 626 2 8 103
337 4131612 634 7 3 109
338 4197055 644 0 3 10
339 4197055 644 5 10 11
340 4197055 644 2 6 1
341 4197055 644 0 9 136
342 4197055 644 3 1 748
343 4197055 644 1 4 647
344 4197055 644 1 6 1
345 4203152 654 7 5 44
346 4216215 666 4 3 2
347 4287801 671 0 10 24
348 4287801 671 8 9 8
349 4287801 671 7 2 19
350 4287801 671 9 6 8
351 4287801 671 8 8 5
352 4287801 671 4 6 8
353 4315825 681 5 4 1319
354 4368981 683 5 1 25
355 4368981 683 2 4 1277
356 4368981 683 4 0 4
357 4368981 683 9 7 548
358 4368981 683 9 3 29
359 4368981 683 10 0 1
360 4435255 692 7 6 43
361 4442788 693 8 8 33
362 4547860 695 6 1 3
363 4547860 695 0 4 1
364 4547860 695 10 2 1587
365 4547860 695 6 4 8
366 4547860 695 1 4 1
367 4552145 697 4 10 15
368 4576113 698 5 5 6
369 4576113 698 10 7 2
370 4576113 698 2 10 32
371 4609400 702 3 2 56
372 4630183 703 2 10 81
373 4647710 710 3 1 44
374 4702347 718 8 5 263
375 4702347 718 3 10 5
376 4705876 722 5 1 2439
377 4728805 725 2 3 90
378 4765539 732 6 9 46
379 4765539 732 0 0 3
380 4765539 732 6 5 66
381 4765539 732 7 8 39
382 4765539 732 7 6 7
383 4789769 735 6 4 76
384 4797473 737 5 0 44
385 4862408 741 6 8 1
386 4862408 741 1 9 119
387 4862408 741 0 4 33
388 4862408 741 3 2 9
389 4873003 744 1 3 64
390 4873003 744 6 8 1133
391 4873003 744 8 8 75
392 4884467 749 2 0 33
393 4933370 751 8 2 2628
394 4933370 751 0 7 3
395 4933370 751 8 4 13
396 4933370 751 5 3 727
397 4954805 755 9 4 137
398 4976038 761 4 5 45
399 5007758 766 1 5 13
400 5007758 766 2 7 7
401 5007758 766 7 10 7
402 5049839 779 4 1 18222
403 5055352 780 3 1 117
404 5069353 790 7 8 37
405 5095368 806 5 0 104
406 5107856 816 2 8 132
407 5211749 822 7 2 12
408 5211749 822 9 6 4
409 5211749 822 6 1 1
410 5211749 822 6 9 5
411 5211749 822 3 3 1
412 5211749 822 1 4 2
413 5211749 822 5 3 1
414 5211749 822 5 5 26
415 5211749 822 4 9 1
416 5288178 823 8 4 3553
417 5288178 823 1 7 1502
418 5312401 825 0 8 63
419 5312401 825 1 8 63
420 5312401 825 0 0 3
421 5312401 825 10 9 56
422 5312401 825 1 9 18
423 5326138 830 3 2 42
424 5343711 833 7 8 800
425 5354942 834 9 4 61
426 5387623 846 5 1 9
427 5413895 859 6 8 506
428 5413895 859 6 3 63
429 5423591 862 9 9 70
430 5429742 863 2 9 264
431 5481555 864 5 6 17
432 5481555 864 9 5 15
433 5495414 871 5 9 3
434 5495414 871 10 9 7
435 5513644 875 2 7 9
436 5522757 881 10 2 1685
437 5565238 886 9 7 4
438 5565238 886 3 8 20
439 5565238 886 7 7 8
440 5565238 886 0 5 25
441 5565238 886 1 7 1
442 5639102 896 3 2 38
443 5642071 897 0 6 1763
444 5650661 899 6 10 114
445 5669769 903 1 9 9
446 5675927 905 0 8 95
447 5694993 907 4 7 6019
448 5711521 911 0 0 682
449 5730659 917 6 9 3
450 5740813 920 2 10 8
451 5740813 920 8 9 28
452 5764267 926 7 0 37
453 5861022 929 0 3 6
454 5861022 929 10 8 4
455 5861022 929 6 2 42
456 5861022 929 4 7 2
457 5861022 929 9 6 381
458 5861022 929 2 5 454
459 5861022 929 5 7 18
460 5861022 929 9 5 227
461 5861022 929 8 9 4
462 5861022 929 2 4 2635
463 5861022 929 0 5 454
464 5861022 929 2 9 4
465 5917310 930 9 2 7
466 5917310 930 1 5 22
467 5917310 930 4 6 79
468 5917310 930 8 8 309
469 5917310 930 0 8 309
470 5968142 931 1 1 10
471 5968142 931 7 8 4
472 6001779 932 6 10 47
473 6001779 932 4 6 4
474 6001779 932 8 3 9
475 6112539 941 7 2 5
476 6112539 941 4 4 32
477 6112539 941 7 5 55
478 6112539 941 9 2 8
479 6135747 950 0 8 29
480 6139862 955 9 4 12686
481 6143650 957 4 9 17
482 6169629 966 4 5 3957
483 6232449 967 4 10 13
484 6232449 967 6 7 243
485 6232449 967 4 3 16
486 6232449 967 6 9 2
487 6269568 973 0 2 17
488 6269568 973 0 1 24
489 6269568 973 0 9 112
490 6280554 979 6 8 3805
491 6283835 980 1 10 102
492 6283835 980 6 10 204
493 6290319 987 7 9 42
494 6291622 988 8 4 7153
495 6316768 994 0 1 28
496 6316768 994 2 0 3
497 6316768 994 10 0 3
498 6322459 997 0 3 22
499 6328112 998 5 3 1030
