11 239 500
0 57496 3 10 2 11041
1 57496 3 5 3 126
2 57496 3 5 2 11041
3 66551 4 9 8 4
4 76089 8 10 0 624
5 105098 9 4 4 2
6 105098 9 7 10 1
7 111518 10 8 1 870
8 147540 13 8 1 265
9 148739 15 3 6 109
10 193021 17 1 8 1
11 193021 17 1 10 1
12 193021 17 10 1 44
13 193021 17 3 8 6
14 226569 21 4 7 86
15 226569 21 4 10 27
16 266676 29 10 8 170
17 266676 29 2 1 11
18 301331 38 2 1 190
19 318249 41 10 1 3192
20 430095 51 0 6 1
21 430095 51 9 10 1
22 430095 51 10 9 1
23 430095 51 9 9 1
24 430095 51 8 9 1
25 430095 51 3 5 8
26 437695 57 7 9 705
27 485307 59 1 3 5
28 485307 59 8 1 22
29 485307 59 2 6 19
30 485307 59 2 5 14
31 510981 66 0 0 2
32 510981 66 0 8 966
33 531169 70 3 10 99
34 531169 70 10 8 21
35 544691 72 6 7 60
36 601635 75 0 1 591
37 601635 75 0 0 5
38 601635 75 8 0 63
39 601635 75 6 8 68
40 615424 81 0 6 119
41 618340 82 1 8 76
42 691723 84 10 1 16
43 691723 84 4 5 4
44 691723 84 6 2 308
45 691723 84 2 3 4
46 691723 84 4 9 6
47 710423 89 7 8 6309
48 718711 91 7 2 550
49 718711 91 0 2 550
50 730322 94 3 5 756
51 745314 97 1 9 1843
52 745443 98 10 1 117
53 787072 99 9 2 19
54 787072 99 0 1 40
55 858645 102 8 3 17
56 858645 102 4 4 4
57 858645 102 2 2 483
58 871143 104 4 3 2306
59 906220 108 0 2 1
60 946545 122 6 1 49
61 973389 127 0 0 130
62 985015 132 8 1 6
63 991957 134 6 3 3
64 1067620 137 5 0 8
65 1067620 137 3 1 38
66 1067620 137 8 3 48
67 1067620 137 2 3 9
68 1067620 137 9 1 12
69 1073426 139 10 1 50
70 1073426 139 2 1 25
71 1085248 143 0 10 7810
72 1086866 144 0 4 125
73 1100632 146 8 4 11
74 1104819 148 1 10 43
75 1113442 150 2 4 17932
76 1115827 152 4 1 1312
77 1179094 154 7 7 642
78 1179094 154 4 5 69
79 1179094 154 0 8 196
80 1179094 154 2 0 2
81 1179094 154 2 2 249
82 1179094 154 1 10 17
83 1252865 160 1 0 23
84 1252865 160 7 3 137
85 1277921 162 10 10 5
86 1322177 174 7 2 9
87 1323428 175 2 6 13
88 1346947 177 0 1 12993
89 1346947 177 3 5 42
90 1346947 177 3 8 268
91 1346947 177 3 6 172
92 1348063 178 7 0 104
93 1350239 179 8 7 57
94 1358180 185 10 10 36
95 1437228 198 5 5 1
96 1437228 198 4 10 7
97 1437228 198 0 6 222
98 1443363 202 3 0 194
99 1458900 203 8 9 59
100 1458900 203 8 6 48
101 1472768 209 4 5 39
102 1472768 209 3 5 39
103 1515886 226 3 9 222
104 1516221 227 5 7 1033
105 1542874 229 2 2 616
106 1542874 229 2 5 133
107 1542874 229 6 0 10
108 1574392 230 8 8 135
109 1574392 230 3 7 226
110 1635487 233 4 0 7
111 1635487 233 7 7 85
112 1635487 233 3 5 1
113 1635487 233 6 7 1
114 1635487 233 2 5 1
115 1662876 237 10 9 11
116 1736110 241 7 8 1
117 1736110 241 3 8 1
118 1736110 241 6 4 14
119 1736110 241 1 4 14
120 1736110 241 9 7 12
121 1743052 246 10 0 30
122 1783848 259 5 3 1246
123 1783848 259 2 10 622
124 1783848 259 4 1 891
125 1853267 262 4 2 13
126 1853267 262 8 1 30
127 1853267 262 3 7 1
128 1853267 262 3 8 14
129 1861949 263 10 10 1524
130 1900616 282 8 7 200
131 1900616 282 8 2 74
132 2020021 287 1 4 10
133 2020021 287 5 10 7
134 2020021 287 1 9 3
135 2020021 287 8 8 5
136 2020021 287 2 1 3
137 2020021 287 3 1 3
138 2020021 287 2 3 5
139 2020021 287 0 6 24
140 2020021 287 7 5 2
141 2020021 287 7 3 17
142 2020021 287 8 10 7
143 2020021 287 3 4 1
144 2020021 287 6 5 4
145 2020021 287 9 6 24
146 2060834 291 7 1 1536
147 2060834 291 7 2 3435
148 2060834 291 2 0 8
149 2060834 291 4 1 128
150 2098246 292 3 8 654
151 2106195 296 4 7 61
152 2107451 297 1 10 64
153 2124023 298 1 4 9674
154 2170672 303 8 1 25
155 2170672 303 3 9 204
156 2170672 303 4 6 795
157 2170672 303 1 8 973
158 2170672 303 10 0 1
159 2196427 304 3 7 25
160 2196427 304 3 9 58
161 2285453 317 2 9 16
162 2285453 317 3 4 10
163 2285453 317 1 2 3961
164 2285453 317 5 2 565
165 2285453 317 10 9 27
166 2289552 319 7 10 78
167 2292495 323 5 9 187
168 2306612 324 5 10 48
169 2306612 324 2 5 510
170 2306612 324 8 5 7
171 2339638 328 0 8 44
172 2339638 328 8 3 2
173 2357073 335 1 6 179
174 2365497 337 4 1 95
175 2365497 337 4 5 11902
176 2409093 340 6 9 153
177 2409093 340 7 9 15
178 2409093 340 0 4 1
179 2409093 340 3 1 3
180 2413581 342 7 4 33
181 2441117 353 0 3 163
182 2441498 354 2 5 5284
183 2442855 355 0 6 29
184 2448457 358 0 8 24
185 2448457 358 1 4 2379
186 2456291 361 6 9 119
187 2513358 370 6 9 23
188 2513358 370 8 2 1
189 2540179 381 9 6 9029
190 2550622 387 3 9 1
191 2568046 388 7 7 30
192 2629177 390 3 4 27
193 2629177 390 7 0 14
194 2629177 390 2 9 6824
195 2650971 392 5 0 19
196 2728798 395 4 8 33
197 2728798 395 6 0 440
198 2728798 395 0 9 2555
199 2728798 395 10 3 10
200 2734153 396 3 1 405
201 2736091 398 3 9 12
202 2769168 402 2 2 7
203 2790024 407 2 3 139
204 2842535 409 1 9 30
205 2842535 409 2 1 542
206 2842535 409 8 1 542
207 2842535 409 5 1 542
208 2850303 412 7 1 86
209 2871087 413 9 1 56
210 2871087 413 9 6 10095
211 2871087 413 2 8 5274
212 2873320 415 6 1 12637
213 2876413 418 6 5 259
214 2877112 419 3 8 77
215 2894020 422 10 3 54
216 2905208 424 7 2 215
217 2998723 428 0 4 1
218 2998723 428 6 4 1
219 2998723 428 1 7 1
220 2998723 428 0 0 9
221 2998723 428 3 7 97
222 2998723 428 2 0 1
223 2998723 428 5 8 2
224 2998723 428 9 1 668
225 2998723 428 6 1 668
226 3051158 430 1 8 4
227 3053975 431 6 0 184
228 3082775 445 7 0 52
229 3086294 448 10 1 2
230 3137581 457 8 9 13
231 3157430 460 1 2 8
232 3157430 460 1 1 356
233 3197978 461 9 5 1
234 3197978 461 7 1 11
235 3197978 461 2 9 3
236 3201484 463 2 0 60
237 3330612 466 1 0 7
238 3330612 466 8 7 1
239 3330612 466 9 3 1801
240 3330612 466 0 6 12
241 3330612 466 3 1 11
242 3330612 466 10 7 22
243 3330612 466 1 2 804
244 3330612 466 9 1 2
245 3330612 466 3 7 61
246 3330612 466 5 0 7
247 3330612 466 4 4 434
248 3330612 466 0 9 20
249 3362071 467 4 6 6
250 3362071 467 4 0 1291
251 3362071 467 6 7 5
252 3388686 472 8 0 14
253 3424320 473 8 2 15
254 3424320 473 9 3 14
255 3424320 473 4 8 52
256 3534667 475 10 3 4
257 3534667 475 2 4 8
258 3534667 475 2 7 4
259 3534667 475 9 3 1
260 3534667 475 3 10 5
261 3534667 475 1 1 3
262 3546559 477 2 0 196
263 3546559 477 2 9 103
264 3589939 489 2 5 94
265 3701754 498 9 9 1
266 3701754 498 8 3 1
267 3701754 498 9 10 261
268 3718602 504 3 10 30
269 3778165 507 10 6 3
270 3778165 507 7 9 43
271 3778165 507 4 7 72
272 3778165 507 7 10 178
273 3778165 507 9 1 1
274 3801560 510 6 1 5
275 3863885 513 10 10 2
276 3863885 513 8 8 1009
277 3863885 513 0 0 5
278 3863885 513 2 9 20
279 3863885 513 6 3 21
280 3891128 529 3 9 374
281 3934427 548 5 7 298
282 3944219 550 2 6 6
283 3958504 551 1 9 9759
284 4071548 555 1 3 202
285 4071548 555 10 2 876
286 4071548 555 5 7 7
287 4071548 555 8 7 7
288 4071548 555 10 0 4
289 4071548 555 5 6 23
290 4071548 555 2 6 94
291 4071548 555 9 4 829
292 4110900 556 3 5 3164
293 4110900 556 9 5 3164
294 4110900 556 10 1 1
295 4119925 557 3 8 1648
296 4119925 557 3 5 64
297 4131120 558 1 2 194
298 4135256 560 2 2 8
299 4140140 561 8 10 28
300 4210690 569 6 2 170
301 4210690 569 3 7 8
302 4210690 569 8 0 26
303 4210690 569 1 2 13
304 4210690 569 2 8 1
305 4221254 575 6 8 15
306 4253500 576 0 6 27
307 4253500 576 0 2 51
308 4259205 578 3 9 11
309 4305591 591 7 1 1
310 4363478 606 10 7 327
311 4471394 612 0 3 1
312 4471394 612 4 9 1
313 4471394 612 9 9 8
314 4471394 612 8 3 1
315 4471394 612 0 4 26
316 4471394 612 6 0 71
317 4471394 612 5 8 8
318 4471394 612 10 0 142
319 4479346 613 3 4 36562
320 4568704 616 0 8 1
321 4568704 616 8 0 6921
322 4568704 616 8 8 1
323 4568704 616 7 6 36
324 4574771 618 2 8 38
325 4584118 621 10 8 18
326 4599215 626 2 8 103
327 4611878 628 1 10 95
328 4621465 631 9 5 232
329 4643807 633 5 6 85
330 4653577 635 5 10 15796
331 4665320 638 4 6 40
332 4721687 644 10 6 1
333 4721687 644 4 0 8
334 4721687 644 6 5 15
335 4721687 644 7 6 1
336 4721687 644 0 0 25
337 4725455 647 1 3 1338
338 4749258 670 5 9 92
339 4823776 671 7 5 30
340 4823776 671 10 1 238
341 4823776 671 7 0 14
342 4823776 671 8 8 5
343 4823776 671 6 7 1
344 4823776 671 6 0 1
345 4823776 671 7 6 8
346 4823776 671 2 1 476
347 4855303 681 8 4 1319
348 4915103 683 3 8 23
349 4915103 683 0 2 3054
350 4915103 683 10 6 135
351 4915103 683 2 1 25
352 4915103 683 2 9 30
353 4915103 683 4 4 3833
354 4915103 683 9 7 548
355 4963433 690 0 1 12
356 4989662 692 7 3 3329
357 5116342 695 4 1 41
358 5116342 695 3 7 5
359 5116342 695 2 4 1
360 5116342 695 1 10 1
361 5116342 695 7 4 1
362 5116342 695 4 10 1
363 5116342 695 5 4 1
364 5148128 698 10 10 32
365 5148128 698 5 4 89
366 5162408 701 2 9 1
367 5185575 702 0 4 649
368 5228674 710 3 3 119
369 5290141 718 2 9 31
370 5311005 723 3 8 7
371 5311005 723 3 1 113
372 5318978 724 6 1 111
373 5361231 732 0 1 103
374 5388490 735 6 4 76
375 5407639 739 10 7 96
376 5407639 739 10 2 39026
377 5470210 741 4 10 8
378 5470210 741 5 1 40583
379 5470210 741 0 10 110
380 5482128 744 1 8 151
381 5484663 748 7 8 28
382 5550041 751 8 9 15
383 5550041 751 10 7 7
384 5550041 751 7 3 970
385 5550041 751 9 6 55
386 5560028 752 7 9 1
387 5589448 757 8 1 38
388 5589448 757 1 0 7
389 5598043 761 2 5 45
390 5633728 766 5 3 1
391 5657958 768 0 4 59
392 5671973 776 6 10 137
393 5687271 780 0 2 6098
394 5687271 780 9 8 6604
395 5698704 787 6 4 33
396 5703634 791 7 1 1
397 5703792 792 0 8 118
398 5745865 815 4 9 128
399 5745865 815 4 7 813
400 5863217 822 2 1 1
401 5863217 822 8 8 239
402 5863217 822 4 2 9
403 5863217 822 2 0 1
404 5863217 822 6 8 1679
405 5863217 822 9 1 1
406 5949200 823 1 3 13
407 5949200 823 8 2 6
408 5949200 823 2 8 5
409 5976451 825 5 0 3
410 5976451 825 0 8 63
411 5976451 825 6 9 56
412 5976451 825 10 0 17
413 5991905 830 3 2 42
414 6011674 833 7 0 119
415 6090631 859 6 8 506
416 6090679 860 9 6 11
417 6099877 861 3 6 1409
418 6108460 863 6 7 8
419 6166749 864 3 8 113
420 6166749 864 3 10 172
421 6172134 869 6 9 164
422 6182341 871 1 9 3
423 6182341 871 10 9 7
424 6182341 871 5 9 3
425 6186184 872 1 4 73
426 6186184 872 2 4 147
427 6186286 873 8 2 1986
428 6197329 874 2 7 312
429 6204837 876 4 3 37
430 6204837 876 10 3 37
431 6260893 886 4 8 20
432 6260893 886 7 5 25
433 6260893 886 1 6 1111
434 6316648 894 5 1 19
435 6316648 894 6 2 5
436 6316648 894 2 3 6
437 6316648 894 9 10 33
438 6316648 894 9 1 4
439 6343990 896 4 9 10
440 6343990 896 4 3 1586
441 6343990 896 2 2 38
442 6356993 899 6 4 32
443 6356993 899 6 9 33179
444 6385418 905 9 8 95
445 6385418 905 0 8 95
446 6416129 909 9 2 801
447 6425461 911 6 0 1365
448 6425461 911 7 0 2047
449 6425461 911 2 0 682
450 6443734 916 0 3 49
451 6447526 918 0 1 124
452 6456196 919 7 1 9
453 6471430 924 5 6 11
454 6593650 929 3 7 2
455 6593650 929 0 4 878
456 6593650 929 7 3 3
457 6593650 929 9 2 12
458 6593650 929 4 8 4
459 6656973 930 0 1 28
460 6656973 930 5 7 10
461 6656973 930 0 5 22
462 6656973 930 1 6 13
463 6656973 930 5 9 71
464 6714160 931 2 8 4
465 6714160 931 7 2 1607
466 6714160 931 4 0 3169
467 6714160 931 2 4 909
468 6752001 932 1 7 3
469 6752001 932 3 0 2
470 6752001 932 1 0 4
471 6758492 935 0 1 1573
472 6769096 939 2 8 14263
473 6876606 941 6 3 1
474 6876606 941 5 5 13
475 6876606 941 2 4 1
476 6876606 941 10 8 1
477 6876606 941 0 9 1305
478 6876606 941 7 8 6
479 6876606 941 10 0 5
480 6902715 950 7 8 44
481 6925926 959 10 2 32
482 6925926 959 10 4 73
483 6925926 959 10 5 196
484 6938858 964 2 8 204
485 7011505 967 0 2 15
486 7011505 967 4 4 14
487 7011505 967 4 6 6161
488 7011505 967 1 10 13
489 7011505 967 1 3 4
490 7020958 970 10 6 74
491 7034006 972 10 1 225
492 7053264 973 0 3 3
493 7070568 982 3 10 41
494 7072076 985 5 10 2635
495 7080758 990 4 1 2
496 7081001 992 0 10 8980
497 7090681 993 4 7 154
498 7106364 994 7 0 6
499 7109226 995 6 6 518
