11 241 500
0 40173 0 9 0 1
1 40173 0 1 9 151
2 153323 3 5 3 126
3 153323 3 10 9 40
4 153323 3 10 2 11041
5 177471 4 7 5 43
6 202904 8 10 0 624
7 280263 9 4 10 25
8 280263 9 4 8 2
9 297382 10 8 1 870
10 393441 13 6 5 13
11 514725 17 10 7 2
12 604186 21 3 1 17
13 652409 27 2 0 1300
14 815689 39 3 5 6
15 852778 42 8 0 5
16 868286 44 1 0 118
17 872073 45 6 6 1063
18 1146922 51 7 7 5
19 1146922 51 0 2 10
20 1146922 51 3 9 1
21 1153623 54 9 10 4501
22 1165719 56 5 6 86
23 1294154 59 2 7 6
24 1294154 59 5 2 102
25 1294154 59 8 5 14
26 1294154 59 8 10 27
27 1294154 59 5 0 2
28 1294154 59 2 10 3
29 1318149 61 7 4 126
30 1330602 64 2 6 218
31 1416452 70 3 7 1
32 1416452 70 10 8 21
33 1452511 72 6 6 108
34 1604362 75 10 5 1270
35 1604362 75 6 0 11
36 1604362 75 10 7 1
37 1604362 75 1 5 231
38 1624030 77 10 4 31
39 1844595 84 7 0 7
40 1845141 85 8 6 404
41 1894463 89 7 5 6
42 1947526 94 1 5 756
43 1953462 95 3 1 49
44 1987506 97 7 9 5530
45 1987506 97 2 9 3687
46 1987506 97 0 9 1843
47 1987506 97 10 9 5530
48 2098858 99 0 0 203
49 2289721 102 3 10 21
50 2289721 102 7 3 5
51 2289721 102 4 7 1
52 2289721 102 3 9 9
53 2323049 104 4 4 19491
54 2323049 104 4 8 216
55 2416587 108 6 6 7
56 2416587 108 8 0 226
57 2416587 108 5 4 34
58 2428239 110 3 9 116
59 2487130 117 0 7 29
60 2515129 118 6 2 15
61 2515129 118 2 2 2
62 2539116 124 1 3 7
63 2626718 133 5 1 154
64 2645219 134 1 9 76
65 2693317 136 8 1 94
66 2693317 136 1 8 15
67 2846988 137 3 9 2136
68 2846988 137 8 3 48
69 2846988 137 1 10 222
70 2846988 137 1 7 3
71 2846988 137 6 8 39
72 2849506 138 4 5 109
73 2864192 141 5 8 67
74 2935019 146 6 3 72
75 2936779 147 9 6 19051
76 3144252 154 5 0 2
77 3144252 154 8 9 11
78 3144252 154 8 1 5
79 3154441 156 1 8 23
80 3340975 160 7 9 4
81 3340975 160 4 7 1
82 3407790 162 5 0 1899
83 3407790 162 7 7 675
84 3407790 162 7 6 44
85 3525807 174 7 7 14
86 3525807 174 9 7 14
87 3529142 175 5 6 13
88 3529142 175 2 6 13
89 3591860 177 3 2 1
90 3591860 177 3 0 359
91 3609224 183 4 0 35
92 3655197 190 8 0 72
93 3832609 198 8 5 1
94 3832609 198 1 1 4
95 3832609 198 4 3 10
96 3832609 198 9 2 2
97 3890402 203 8 8 45
98 3890402 203 8 0 228
99 3976530 213 8 4 106
100 4005168 218 1 2 17074
101 4027597 223 2 2 68
102 4114332 229 2 1 1
103 4198378 230 3 6 6
104 4361300 233 8 0 7
105 4361300 233 4 4 1153
106 4361300 233 7 4 1153
107 4361300 233 10 7 1
108 4361300 233 7 2 17
109 4434337 237 10 1 11
110 4434337 237 4 9 11
111 4434337 237 4 1 55
112 4629627 241 9 5 1682
113 4629627 241 3 8 1
114 4629627 241 7 7 6
115 4629627 241 4 6 1
116 4630066 242 8 3 104
117 4669356 255 1 1 42
118 4756928 259 4 7 25
119 4756928 259 2 10 622
120 4757271 260 0 8 471
121 4942045 262 3 6 51
122 4942045 262 9 2 6
123 5068310 282 8 9 41
124 5386722 287 7 6 24
125 5386722 287 8 0 13
126 5386722 287 0 7 1615
127 5386722 287 7 2 3
128 5386722 287 10 5 4
129 5386722 287 10 7 807
130 5386722 287 2 10 30
131 5386722 287 8 2 9
132 5386722 287 3 0 5
133 5386722 287 10 8 35
134 5386722 287 4 4 2
135 5386722 287 1 6 48
136 5386722 287 2 1 3
137 5495558 291 1 9 1096
138 5595323 292 0 0 6
139 5664062 298 9 4 483
140 5788459 303 1 7 3
141 5788459 303 4 8 324
142 5788459 303 10 0 1
143 5788459 303 9 9 409
144 5899662 308 6 7 58523
145 6094541 317 4 2 565
146 6094541 317 10 9 27
147 6094541 317 2 9 16
148 6110363 322 7 5 121
149 6239035 328 4 9 2
150 6239035 328 5 5 297
151 6264581 330 0 6 47
152 6309403 338 4 5 18
153 6354196 339 3 7 31
154 6354196 339 2 3 645
155 6424248 340 5 4 1
156 6424248 340 7 7 2998
157 6424248 340 9 7 2998
158 6424248 340 9 1 3
159 6424248 340 0 9 15
160 6461778 346 1 5 1467
161 6509645 353 0 10 3133
162 6509645 353 0 3 163
163 6566331 362 0 2 1
164 6566331 362 3 2 2
165 6601624 367 6 3 60
166 6634606 369 3 9 224
167 6702288 370 0 10 11
168 6848124 388 0 8 3
169 7011140 390 3 5 6
170 7011140 390 5 6 10335
171 7011140 390 9 5 6
172 7011140 390 2 3 596
173 7011140 390 8 8 767
174 7011140 390 7 0 14
175 7011140 390 0 5 6
176 7069256 392 7 4 427
177 7069256 392 8 4 427
178 7276795 395 5 7 3
179 7276795 395 2 5 1065
180 7276795 395 3 6 54
181 7276795 395 5 5 177
182 7276795 395 10 3 10
183 7276795 395 9 10 10
184 7276795 395 8 8 33
185 7296243 398 9 9 103
186 7440064 407 2 0 54
187 7580094 409 10 9 30
188 7580094 409 2 4 2
189 7580094 409 5 0 528
190 7580094 409 6 0 528
191 7656233 413 2 8 5274
192 7685423 420 9 10 64
193 7996594 428 3 8 2
194 7996594 428 3 0 1
195 7996594 428 5 1 6684
196 7996594 428 5 7 1
197 7996594 428 7 7 1
198 7996594 428 9 2 2
199 7996594 428 3 2 2
200 7996594 428 8 5 822
201 7996594 428 5 2 1
202 7996594 428 9 0 1
203 8136422 430 0 1 1051
204 8136422 430 7 6 381
205 8136422 430 1 1 2103
206 8136422 430 10 2 18
207 8136422 430 1 4 24
208 8188904 440 4 10 4
209 8203413 443 6 0 121
210 8203413 443 6 2 42
211 8220735 445 10 6 2
212 8227063 447 3 1 17
213 8244328 453 8 2 53
214 8366884 457 5 6 6
215 8366884 457 7 3 1
216 8378686 458 4 4 1978
217 8419813 460 1 3 39
218 8527943 461 0 2 5
219 8527943 461 6 6 122
220 8527943 461 8 0 1
221 8881632 466 3 0 7
222 8881632 466 5 10 4
223 8881632 466 1 9 4
224 8881632 466 1 2 804
225 8881632 466 4 10 2
226 8988552 468 7 0 6237
227 8994152 469 6 1 4673
228 9131521 473 2 9 4
229 9425780 475 1 5 13
230 9425780 475 4 2 3
231 9425780 475 9 6 1
232 9425780 475 5 2 1
233 9425780 475 10 1 13
234 9425780 475 4 10 5
235 9425780 475 7 9 5
236 9490414 480 4 8 89
237 9573172 489 2 0 1571
238 9573172 489 8 9 31
239 9871346 498 0 7 7
240 9871346 498 1 9 1
241 9871346 498 10 5 175
242 9871346 498 10 7 7
243 9871346 498 5 1 35
244 9871346 498 0 3 1
245 9919853 506 7 10 2637
246 10075107 507 4 4 1429
247 10075107 507 8 7 145
248 10137493 510 6 8 7
249 10137493 510 7 1 5
250 10137493 510 7 8 7
251 10303694 513 7 4 200
252 10303694 513 9 7 5
253 10303694 513 0 0 5
254 10352429 524 1 8 1009
255 10376343 529 4 9 374
256 10389449 534 3 4 114
257 10412820 535 9 1 238
258 10464168 542 1 7 28344
259 10857461 555 7 9 2
260 10857461 555 7 3 202
261 10857461 555 4 8 7
262 10857461 555 3 10 1
263 10857461 555 1 6 23
264 10857461 555 4 10 197
265 10857461 555 10 5 1
266 10857461 555 0 9 2
267 10857461 555 10 0 4
268 10986467 557 3 2 52
269 10986467 557 3 9 238
270 11040375 561 2 10 28
271 11040375 561 8 10 28
272 11063997 562 10 6 12990
273 11091805 563 10 6 1067
274 11091805 563 10 10 127
275 11228506 569 3 1 1
276 11228506 569 1 0 52
277 11228506 569 9 6 87
278 11231255 571 7 7 16
279 11256678 575 1 8 15
280 11342668 576 0 6 27
281 11357880 578 6 0 132
282 11360734 580 0 8 233
283 11410042 582 4 6 282
284 11410042 582 4 2 114
285 11438546 584 10 5 3971
286 11461376 588 4 8 19655
287 11461376 588 4 7 10
288 11597988 602 8 10 2547
289 11671464 611 2 2 8
290 11671464 611 10 6 205
291 11923717 612 5 3 1
292 11923717 612 9 3 1
293 11923717 612 8 5 120
294 11923717 612 1 9 14
295 11923717 612 0 8 8
296 11923717 612 0 0 142
297 11944924 613 3 8 94
298 12183210 616 4 0 12359
299 12183210 616 6 4 1
300 12183210 616 8 3 20
301 12183210 616 2 1 1
302 12183210 616 5 5 8595
303 12183210 616 5 6 72
304 12183210 616 3 10 854
305 12224316 621 6 8 18
306 12264573 626 2 8 103
307 12298343 628 1 3 228
308 12298343 628 1 6 127
309 12298343 628 1 7 2415
310 12331475 632 7 1 1214
311 12409539 635 5 3 16
312 12440855 638 4 1 10
313 12440855 638 2 7 203
314 12591165 644 2 7 92
315 12591165 644 7 10 1
316 12591165 644 1 4 647
317 12649599 667 2 7 77
318 12863405 671 10 7 2
319 12863405 671 1 9 17
320 12863405 671 1 7 1
321 12863405 671 9 2 6
322 12868028 672 8 5 20
323 12870505 673 9 1 956
324 12903472 675 2 10 205
325 12947475 681 8 4 1319
326 12947475 681 3 4 2639
327 13106943 683 6 8 5
328 13106943 683 6 10 16
329 13106943 683 10 9 30
330 13106943 683 4 6 10
331 13106943 683 1 10 32
332 13106943 683 2 5 1
333 13106943 683 4 10 16
334 13106943 683 2 7 548
335 13235821 690 0 10 48
336 13239305 691 10 2 74
337 13305767 692 7 10 12
338 13305767 692 2 0 75
339 13331847 694 4 6 1358
340 13643581 695 8 1 3
341 13643581 695 1 8 1
342 13643581 695 9 5 7
343 13643581 695 9 2 793
344 13643581 695 0 5 14
345 13643581 695 4 9 429
346 13643581 695 1 3 4
347 13643581 695 8 7 8
348 13643581 695 8 10 1
349 13732004 700 9 4 4666
350 13766423 701 6 9 1
351 13828201 702 0 8 88
352 13828201 702 4 0 1187
353 13943131 710 3 4 1221
354 14107042 718 2 7 23
355 14107042 718 10 10 10
356 14107042 718 6 5 175
357 14107042 718 1 1 6
358 14107042 718 10 3 15
359 14107042 718 5 9 11729
360 14162680 723 3 6 66
361 14162680 723 6 7 16
362 14162680 723 6 8 7
363 14162680 723 3 7 32
364 14162680 723 6 6 66
365 14162680 723 3 4 523
366 14183942 724 6 8 63
367 14211682 727 8 0 769
368 14296617 732 4 2 240
369 14296617 732 9 0 2
370 14296617 732 0 5 132
371 14296617 732 7 2 240
372 14369308 735 9 5 36
373 14393260 738 5 1 213
374 14587226 741 7 7 2
375 14587226 741 5 6 5
376 14587226 741 5 2 3
377 14587226 741 7 6 5
378 14587226 741 7 4 33
379 14587226 741 1 0 1089
380 14587226 741 6 8 1
381 14587226 741 9 2 3
382 14587226 741 3 7 2
383 14625769 748 5 8 56
384 14800111 751 0 10 17
385 14800111 751 4 4 54
386 14800111 751 10 7 7
387 14800111 751 0 9 15
388 14800111 751 3 10 17
389 14800111 751 6 3 242
390 14826743 752 0 0 717
391 14864416 755 9 3 269
392 14864416 755 9 7 346
393 14905194 757 5 5 578
394 14905194 757 7 5 578
395 14928115 761 8 5 91
396 15023276 766 0 3 1
397 15087889 768 8 8 1321
398 15087889 768 8 1 41
399 15129620 777 1 6 75
400 15146960 778 7 9 14
401 15166058 780 2 5 4
402 15166058 780 0 5 4
403 15209692 791 8 1 1
404 15210651 793 4 7 6073
405 15300749 812 7 5 958
406 15322308 815 6 9 32
407 15323569 816 2 8 132
408 15635247 822 4 8 239
409 15635247 822 7 10 1
410 15635247 822 1 3 3
411 15635247 822 9 3 1
412 15635247 822 4 6 8
413 15864535 823 5 0 8
414 15864535 823 5 6 282
415 15864535 823 9 0 8
416 15864535 823 2 2 12
417 15864535 823 3 10 1
418 15864535 823 5 8 1
419 15937204 825 10 4 62
420 15937204 825 5 2 27
421 15937204 825 6 5 16
422 15937204 825 10 2 54
423 15937204 825 7 2 27
424 16064828 834 7 0 177
425 16143216 845 10 7 4
426 16162869 846 5 8 80
427 16173750 851 0 6 15
428 16184994 855 2 0 234
429 16220963 858 4 2 1
430 16266338 861 3 3 2378
431 16266338 861 3 4 112
432 16444665 864 0 4 17
433 16444665 864 5 8 113
434 16444665 864 4 5 15
435 16453250 867 7 3 60
436 16465135 870 8 10 22
437 16496491 872 1 4 73
438 16540933 875 5 7 18
439 16546234 876 1 3 18
440 16546234 876 10 3 37
441 16569131 882 9 2 223
442 16695714 886 5 3 48
443 16695714 886 10 1 11
444 16695714 886 8 9 751
445 16844396 894 5 9 71
446 16844396 894 3 3 6
447 16844396 894 4 5 8
448 16852864 895 3 9 18
449 16917308 896 9 9 30
450 16951983 899 6 7 61
451 16971769 901 0 3 1484
452 16971769 901 10 3 7420
453 16971769 901 7 2 30
454 17009307 903 1 5 36
455 17027782 905 9 8 95
456 17032639 906 8 8 271
457 17134564 911 4 0 682
458 17162244 913 2 2 19
459 17183291 916 0 3 49
460 17216524 919 10 1 2
461 17216524 919 0 1 1
462 17216524 919 6 1 1
463 17292803 926 7 0 37
464 17583066 929 1 5 227
465 17583066 929 2 4 2635
466 17583066 929 8 5 227
467 17583066 929 9 6 381
468 17751930 930 1 10 683
469 17751930 930 0 1 28
470 17751930 930 3 7 10
471 17751930 930 3 3 15
472 17751930 930 3 4 7804
473 17751930 930 7 10 683
474 17751930 930 7 6 13
475 17904428 931 0 4 909
476 18005337 932 6 10 47
477 18005337 932 4 9 4
478 18015649 934 1 7 15
479 18337617 941 8 2 2
480 18337617 941 7 2 5
481 18337617 941 9 10 18
482 18337617 941 4 4 32
483 18337617 941 7 9 1305
484 18374894 948 5 4 5
485 18407242 950 2 8 14
486 18419739 956 4 1 1266
487 18697348 967 5 3 4
488 18697348 967 7 9 4
489 18697348 967 6 9 2
490 18697348 967 4 2 15
491 18697348 967 5 6 3080
492 18722555 970 8 4 16
493 18808706 973 2 1 4
494 18816597 975 8 8 3
495 18841664 979 6 1 290
496 18851505 980 2 10 102
497 18882022 990 4 1 2
498 18950306 994 2 0 3
499 18950306 994 0 1 28
