11 242 500
0 17217 0 9 4 103
1 17217 0 1 8 28
2 65710 3 10 6 2558
3 65710 3 9 2 11041
4 120112 9 1 8 2
5 120112 9 4 1 2
6 120112 9 4 5 248
7 120112 9 7 3 74
8 168617 13 5 5 13
9 220596 17 7 1 44
10 220596 17 2 7 2
11 220596 17 2 5 100
12 220596 17 5 10 1
13 230164 18 1 4 20
14 230164 18 1 10 164
15 230164 18 1 8 1476
16 258936 21 4 2 6055
17 264182 23 5 10 4218
18 269090 25 3 0 5933
19 279604 27 0 0 1040
20 304772 29 2 4 83
21 304772 29 2 7 377
22 304772 29 10 3 99
23 316447 32 6 4 72
24 333713 37 3 0 25
25 363714 41 10 3 35
26 373745 45 0 6 3190
27 373745 45 5 6 2127
28 373745 45 1 6 1063
29 491538 51 8 3 15
30 491538 51 2 6 1
31 491538 51 0 3 107
32 491538 51 3 8 13
33 491538 51 9 6 5
34 491538 51 0 6 1
35 491538 51 5 1 15
36 491538 51 7 0 21
37 491538 51 5 0 10
38 554637 59 5 0 2
39 554637 59 2 6 19
40 554637 59 1 2 204
41 554637 59 1 10 3
42 554637 59 1 5 14
43 554637 59 2 0 6
44 564921 61 2 2 24
45 583979 66 0 4 60
46 622504 72 6 3 18
47 687583 75 4 7 4
48 687583 75 6 0 11
49 687583 75 8 7 3
50 687583 75 9 5 115
51 687583 75 10 5 1270
52 696013 77 10 4 31
53 701406 79 10 3 38
54 790540 84 3 0 7
55 790540 84 10 1 16
56 790540 84 4 4 5
57 790540 84 2 2 231
58 790540 84 4 3 4
59 834654 94 10 5 756
60 834654 94 9 5 756
61 838983 96 10 5 88
62 899510 99 0 8 1
63 899510 99 9 7 12
64 981309 102 2 10 21
65 981309 102 0 7 3
66 981309 102 0 10 21
67 981309 102 8 6 31
68 981309 102 3 9 9
69 1040674 110 3 10 47
70 1040893 111 4 0 2184
71 1055742 116 2 4 113
72 1065913 117 0 5 160
73 1077912 118 1 5 301
74 1088192 124 9 3 28
75 1091736 126 0 0 119
76 1125731 132 5 1 6
77 1154278 136 1 4 6084
78 1154278 136 8 6 21
79 1220138 137 6 6 2
80 1220138 137 6 8 39
81 1220138 137 3 4 99
82 1220138 137 10 8 34
83 1220138 137 4 8 4
84 1226772 139 2 1 25
85 1226793 140 7 4 142
86 1229915 142 3 3 77
87 1240284 143 0 4 78
88 1257865 146 3 8 333
89 1258619 147 9 6 19051
90 1272505 150 2 8 12718
91 1273872 151 3 9 3
92 1347536 154 9 3 28
93 1347536 154 5 10 2
94 1347536 154 0 8 196
95 1347536 154 10 8 87
96 1347536 154 2 0 2
97 1431846 160 10 3 7
98 1431846 160 10 2 843
99 1431846 160 5 7 1
100 1431846 160 8 4 9
101 1431846 160 2 8 613
102 1431846 160 5 1 1
103 1431846 160 3 9 4
104 1460481 162 10 4 15
105 1460481 162 3 1 1445
106 1473965 165 6 5 220
107 1474744 166 7 4 13
108 1490092 170 3 3 61
109 1490092 170 3 6 163
110 1490092 170 3 2 1368
111 1490332 171 4 8 604
112 1511060 174 6 10 9
113 1511060 174 0 4 18
114 1566513 190 8 0 72
115 1577586 192 3 7 6128
116 1642546 198 5 4 4
117 1642546 198 2 1 18
118 1642546 198 2 4 2
119 1642546 198 2 6 334
120 1649558 202 3 8 120
121 1667315 203 8 5 8684
122 1667315 203 7 2 64
123 1667315 203 8 7 7494
124 1667315 203 8 10 2495
125 1704125 211 9 6 59
126 1705380 214 0 7 47
127 1763285 229 6 2 1233
128 1763285 229 6 8 118
129 1763285 229 2 7 9
130 1799305 230 3 0 48
131 1799305 230 3 3 136
132 1869128 233 7 5 3
133 1900430 237 4 5 53
134 1900430 237 10 9 11
135 1902046 238 3 9 432
136 1912269 239 10 1 9
137 1984125 241 1 6 48
138 1984125 241 6 6 1
139 1984125 241 3 10 4056
140 1992060 246 10 0 30
141 1996750 251 2 5 87
142 2038683 259 2 1 1783
143 2038683 259 3 8 4050
144 2038683 259 3 1 891
145 2118019 262 4 9 15
146 2118019 262 4 4 12
147 2118019 262 2 9 15
148 2118019 262 8 6 43
149 2118019 262 8 0 9
150 2118019 262 9 5 7
151 2145034 269 4 0 22
152 2145034 269 4 7 59
153 2145034 269 4 3 93
154 2158685 278 7 6 166
155 2172133 282 8 8 145
156 2308595 287 2 3 5
157 2308595 287 8 2 9
158 2308595 287 1 1 3
159 2308595 287 8 7 1615
160 2308595 287 3 7 807
161 2308595 287 7 10 15
162 2308595 287 2 2 3
163 2355239 291 3 0 6
164 2355239 291 10 3 211
165 2355239 291 6 6 409
166 2355239 291 5 7 111
167 2397995 292 1 10 2
168 2397995 292 2 1 197
169 2397995 292 0 1 197
170 2397995 292 0 0 6
171 2427455 298 1 0 21
172 2480768 303 9 8 649
173 2480768 303 2 2 1892
174 2510202 304 3 2 24
175 2510202 304 2 0 206
176 2510202 304 2 7 8
177 2510202 304 3 10 1954
178 2517039 306 7 9 19562
179 2528426 308 6 2 3
180 2611946 317 0 4 10
181 2611946 317 2 1 14
182 2611946 317 3 9 5
183 2611946 317 2 0 4
184 2611946 317 1 3 109
185 2611946 317 8 10 110
186 2673872 328 3 3 1
187 2673872 328 2 0 3
188 2684820 330 0 4 194
189 2684820 330 0 6 47
190 2753249 340 8 1 3
191 2753249 340 9 4 1
192 2753249 340 9 7 2998
193 2753249 340 3 0 20
194 2769333 346 0 5 489
195 2814141 362 1 2 1
196 2814141 362 6 3 357
197 2829267 367 6 10 6
198 2843402 369 1 9 476
199 2843402 369 3 9 224
200 2872409 370 9 2 1
201 2901443 380 10 2 57
202 2901443 380 10 10 14
203 2910912 386 0 3 488
204 2914997 387 0 9 1
205 3004774 390 5 3 2686
206 3004774 390 9 0 14
207 3004774 390 8 6 459
208 3004774 390 3 9 174
209 3004774 390 4 5 20
210 3029681 392 10 4 1281
211 3029681 392 3 9 3
212 3029681 392 5 5 1283
213 3029681 392 1 5 5135
214 3118626 395 6 5 177
215 3118626 395 3 6 54
216 3118626 395 7 1 1
217 3118626 395 3 7 1
218 3118626 395 6 2 1
219 3164763 402 9 3 65
220 3165921 403 4 8 15143
221 3170400 405 9 5 62
222 3188599 407 2 8 611
223 3248611 409 10 5 797
224 3248611 409 2 0 528
225 3248611 409 6 8 40
226 3248611 409 1 0 528
227 3248611 409 10 0 1584
228 3281243 413 9 10 29
229 3307451 422 10 3 54
230 3307451 422 4 2 5692
231 3307826 423 3 1 4754
232 3320238 424 7 1 86
233 3427112 428 9 6 1
234 3427112 428 7 10 4
235 3427112 428 5 8 2
236 3427112 428 1 8 2
237 3427112 428 7 9 1
238 3427112 428 9 9 1
239 3427112 428 6 7 1
240 3427112 428 6 8 7
241 3427112 428 7 8 2
242 3427112 428 5 4 1
243 3487038 430 8 8 1
244 3487038 430 8 6 190
245 3487038 430 5 6 190
246 3487038 430 1 8 4
247 3510867 441 7 3 52
248 3525884 447 3 1 17
249 3533122 452 5 10 36
250 3533122 452 1 10 36
251 3585807 457 8 6 12
252 3585807 457 7 9 27
253 3585807 457 7 0 8
254 3654832 461 6 5 4
255 3654832 461 5 1 22
256 3654832 461 0 6 245
257 3654832 461 0 2 5
258 3654832 461 2 2 5
259 3655115 462 10 3 3197
260 3806414 466 0 0 7
261 3806414 466 10 0 7
262 3806414 466 0 8 1
263 3806414 466 1 2 804
264 3806414 466 6 2 100
265 3806414 466 1 4 217
266 3842367 467 9 1 1
267 3852236 468 7 7 38
268 3862707 471 7 10 923
269 3872784 472 8 0 14
270 3913509 473 5 3 14
271 3913509 473 9 8 52
272 3913509 473 8 5 68
273 4039620 475 9 5 2
274 4039620 475 0 2 1
275 4039620 475 6 5 2
276 4039620 475 8 8 60
277 4039620 475 8 4 1
278 4039620 475 0 8 7
279 4039620 475 6 1 13
280 4068231 481 5 10 87
281 4086866 487 5 10 202
282 4230576 498 2 6 1
283 4230576 498 5 7 14
284 4230576 498 1 3 1
285 4230576 498 4 3 1
286 4230576 498 7 3 9
287 4230576 498 0 5 1579
288 4230576 498 5 9 1
289 4230576 498 10 8 514
290 4240381 499 7 10 10
291 4240641 500 3 0 227
292 4249831 504 6 9 296
293 4317903 507 10 6 3
294 4317903 507 8 2 17
295 4317903 507 5 6 3
296 4317903 507 5 5 49
297 4345573 512 2 3 5300
298 4415869 513 2 3 5
299 4415869 513 8 1 5
300 4415869 513 4 8 1009
301 4415869 513 1 8 5049
302 4435681 522 5 9 21
303 4484643 542 1 3 210
304 4653197 555 10 3 607
305 4653197 555 1 3 202
306 4653197 555 2 0 2
307 4653197 555 2 3 202
308 4653197 555 4 3 202
309 4653197 555 2 1 191
310 4653197 555 7 10 4
311 4698172 556 10 3 92
312 4721280 558 1 6 81
313 4762926 565 1 1 233
314 4812217 569 8 0 26
315 4812217 569 9 0 26
316 4812431 570 1 9 106
317 4817942 573 2 5 6
318 4824290 575 10 8 15
319 4861143 576 1 6 4
320 4901066 583 6 4 5985
321 4920676 591 7 1 1
322 4930224 598 4 6 39008
323 4936545 601 6 10 6424
324 4970566 602 6 3 169
325 4970566 602 6 1 81
326 4986833 606 10 3 161
327 5002056 611 1 4 39
328 5110164 612 10 8 26
329 5110164 612 7 6 4
330 5110164 612 2 5 120
331 5110164 612 5 8 8
332 5110164 612 9 1 13
333 5110164 612 1 6 1
334 5110164 612 3 5 120
335 5110164 612 1 4 26
336 5119253 613 3 6 58
337 5221376 616 3 7 200
338 5221376 616 8 6 36
339 5221376 616 3 2 3
340 5221376 616 0 0 1977
341 5221376 616 3 8 82
342 5221376 616 3 3 62
343 5221376 616 1 2 1
344 5221376 616 0 7 200
345 5221376 616 6 6 108
346 5221376 616 1 0 1483
347 5221376 616 2 5 1227
348 5221376 616 9 0 494
349 5221376 616 8 4 1
350 5228310 618 2 8 38
351 5241897 624 2 5 2839
352 5256245 626 2 7 117
353 5270718 628 1 9 181
354 5307209 633 5 9 17
355 5307209 633 5 0 4797
356 5312073 634 7 6 15150
357 5318373 635 5 3 16
358 5396213 644 4 6 1
359 5396213 644 3 10 1
360 5417000 662 4 4 2
361 5514869 672 8 2 85
362 5530059 675 2 4 30
363 5533117 677 6 8 67
364 5617261 683 7 7 548
365 5617261 683 1 3 29
366 5617261 683 6 5 1
367 5617261 683 1 6 20
368 5672494 690 4 9 17
369 5672494 690 4 6 73
370 5672494 690 8 0 3850
371 5702471 692 6 7 181
372 5847249 695 10 8 1
373 5847249 695 4 8 1
374 5847249 695 0 1 3
375 5847249 695 1 2 1587
376 5847249 695 0 6 38
377 5847249 695 6 0 64
378 5847249 695 10 7 1
379 5847249 695 5 10 1
380 5899895 701 5 2 11
381 5899895 701 1 2 3
382 5899895 701 9 2 76
383 5926372 702 0 5 112
384 5926372 702 4 6 22
385 5926372 702 3 3 1
386 5926372 702 4 1 5
387 5995131 716 3 10 175
388 6045875 718 6 5 175
389 6069720 723 3 3 52
390 6069720 723 6 5 29
391 6079893 725 2 3 90
392 6127121 732 6 8 79
393 6251668 741 7 1 989
394 6251668 741 2 7 2
395 6252538 742 7 10 31
396 6265289 744 8 7 169
397 6280029 749 4 7 20
398 6342904 751 5 6 111
399 6342904 751 6 4 13
400 6370464 755 9 7 346
401 6387940 757 3 1 38
402 6401005 764 3 2 84
403 6438547 766 0 5 13
404 6466238 768 0 2 36
405 6475302 773 10 10 34
406 6482254 776 6 10 137
407 6499739 780 0 2 6098
408 6499739 780 9 8 6604
409 6499739 780 2 5 4
410 6505104 784 4 10 191
411 6532223 798 4 10 193
412 6555282 808 1 3 14
413 6555669 809 0 8 54
414 6566703 815 4 9 128
415 6574027 817 8 3 1577
416 6576740 819 4 3 21
417 6700820 822 6 10 1
418 6700820 822 9 10 1
419 6700820 822 8 4 1
420 6700820 822 3 0 7
421 6700820 822 0 6 4
422 6799086 823 5 10 1
423 6830230 825 5 5 16
424 6847891 830 0 9 32
425 6870485 833 7 5 22
426 6870485 833 7 6 12731
427 6884926 834 1 5 908
428 6926943 846 5 3 96
429 6927677 847 6 6 38995
430 6935527 854 6 10 67
431 6949990 857 9 1 1575
432 6949990 857 9 2 15741
433 6951841 858 5 2 5
434 6960722 859 6 2 342
435 6960722 859 6 9 148
436 6981098 863 6 7 8
437 7047713 864 10 8 113
438 7047713 864 4 6 26
439 7047713 864 1 9 35
440 7048977 866 10 3 552
441 7065532 871 10 8 8344
442 7082662 874 2 1 40
443 7082662 874 2 7 312
444 7100687 881 4 2 561
445 7100687 881 6 2 1685
446 7101757 884 0 6 33
447 7155306 886 2 1 33
448 7155306 886 2 7 4
449 7155306 886 0 2 82
450 7155306 886 7 0 14
451 7219027 894 9 2 35
452 7219027 894 2 5 30
453 7250275 896 10 3 3173
454 7254092 897 0 6 1763
455 7297620 905 10 8 95
456 7322134 907 2 0 36
457 7322134 907 4 7 6019
458 7332719 909 9 0 5739
459 7343756 912 8 1 71
460 7355247 913 2 2 19
461 7378510 919 1 1 1
462 7378510 919 6 1 1
463 7396281 925 8 0 184
464 7535600 929 7 1 18
465 7535600 929 8 1 1
466 7535600 929 3 3 3
467 7535600 929 9 3 3
468 7535600 929 2 8 4
469 7535600 929 1 6 54
470 7535600 929 10 1 1
471 7535600 929 9 0 5
472 7607970 930 10 9 71
473 7607970 930 1 5 22
474 7607970 930 4 7 10
475 7607970 930 4 4 13007
476 7673326 931 4 1 10
477 7673326 931 4 4 909
478 7673326 931 5 1 10
479 7716573 932 9 10 23
480 7736110 939 8 8 28526
481 7743090 940 0 4 44
482 7858979 941 4 8 1
483 7858979 941 6 2 5
484 7858979 941 9 1 288
485 7858979 941 2 2 5
486 7858979 941 0 0 5
487 7894109 955 7 4 6343
488 7898978 957 4 9 17
489 7898978 957 8 9 17
490 8013149 967 7 0 29
491 8013149 967 0 1 369
492 8013149 967 5 8 44
493 8023952 970 10 4 16
494 8028332 971 0 8 30
495 8060874 973 0 7 14257
496 8064256 975 2 8 3
497 8103636 993 4 7 154
498 8126561 996 1 5 37
499 8128876 997 0 3 22
