11 248 500
0 17217 0 1 0 2
1 65710 3 9 9 20
2 65710 3 10 2 11041
3 65710 3 9 3 2654
4 120112 9 4 7 39
5 168617 13 8 8 1
6 232751 19 1 0 84
7 258936 21 4 2 6055
8 258936 21 3 7 129
9 258936 21 3 6 41
10 279604 27 6 0 130
11 318252 35 7 10 74
12 333713 37 4 6 62
13 491538 51 7 7 5
14 491538 51 0 8 6
15 492916 53 4 10 10
16 554637 59 2 7 6
17 583979 66 0 0 2
18 583987 67 1 7 10
19 607051 70 4 7 3
20 622826 73 6 6 58
21 687583 75 10 3 33
22 687583 75 2 9 1
23 687583 75 2 8 1
24 687583 75 0 9 1
25 687583 75 5 10 3
26 687583 75 9 10 7
27 687583 75 3 1 591
28 696013 77 4 4 10
29 790540 84 2 5 71
30 790540 84 6 1 8
31 790540 84 4 7 21
32 791200 86 7 5 3487
33 811912 89 7 0 56
34 811912 89 7 10 53
35 821564 92 9 0 133
36 837198 95 3 1 49
37 851788 97 7 9 5530
38 851788 97 3 9 3687
39 899510 99 0 6 10
40 899510 99 0 8 1
41 981309 102 6 5 14
42 981309 102 9 3 11
43 981309 102 3 8 29219
44 981309 102 2 2 483
45 981309 102 9 6 7
46 997929 106 4 9 39149
47 1035680 108 2 2 1
48 1035680 108 6 6 7
49 1035680 108 3 2 1
50 1040674 110 3 1 64
51 1043708 112 9 1 2
52 1055742 116 2 3 15961
53 1077912 118 10 5 16
54 1080235 120 1 7 62
55 1133665 134 0 9 76
56 1133665 134 8 3 3
57 1154278 136 1 8 15
58 1154278 136 8 4 6084
59 1154278 136 8 6 21
60 1154278 136 8 8 31
61 1220138 137 3 9 2136
62 1220138 137 6 8 39
63 1226772 139 2 1 25
64 1272505 150 2 3 66
65 1282698 153 8 9 37
66 1347536 154 9 7 1284
67 1347536 154 3 4 10
68 1460481 162 3 1 1445
69 1460481 162 7 7 675
70 1473965 165 10 4 73
71 1473965 165 3 3 93
72 1511060 174 6 10 9
73 1539368 177 0 3 10858
74 1539368 177 0 6 344
75 1550372 184 3 5 54
76 1559120 187 4 2 24
77 1577586 192 3 10 87
78 1577586 192 3 9 1320
79 1642546 198 5 4 4
80 1642546 198 1 4 4
81 1642546 198 2 6 334
82 1642546 198 10 10 7
83 1642546 198 1 1 4
84 1642546 198 3 5 1
85 1642546 198 2 4 2
86 1649558 202 3 6 222
87 1649558 202 3 8 120
88 1667315 203 7 7 7494
89 1667315 203 7 6 48
90 1667315 203 7 5 4342
91 1701077 210 3 3 1
92 1704227 213 8 4 106
93 1713066 217 7 4 13
94 1713066 217 9 5 39
95 1713066 217 4 4 150
96 1716500 218 1 2 17074
97 1726113 223 3 9 2
98 1732441 226 3 9 222
99 1799305 230 3 9 29
100 1869128 233 4 1 39
101 1869128 233 9 6 6
102 1900430 237 10 1 11
103 1912269 239 5 1 9
104 1912743 240 1 6 190
105 1984125 241 9 7 12
106 1984125 241 7 10 1014
107 1984125 241 3 6 1
108 1984125 241 3 3 1
109 1984125 241 4 5 1682
110 1984125 241 7 7 6
111 2038683 259 2 10 622
112 2038683 259 4 0 14
113 2038683 259 6 0 14
114 2038683 259 7 0 14
115 2118019 262 2 4 9
116 2118019 262 0 8 21
117 2118019 262 0 9 30
118 2118019 262 4 7 1
119 2129432 264 4 4 5132
120 2145034 269 4 7 59
121 2145034 269 4 2 8281
122 2172133 282 8 1 106
123 2172133 282 8 10 44
124 2172133 282 8 8 145
125 2172133 282 8 5 23
126 2308595 287 0 5 17
127 2308595 287 1 7 807
128 2308595 287 1 8 5
129 2308595 287 10 1 3
130 2308595 287 4 9 1
131 2308595 287 0 2 6
132 2308595 287 7 7 807
133 2355239 291 4 9 182
134 2355239 291 9 5 25
135 2355239 291 9 9 548
136 2397995 292 0 0 6
137 2397995 292 10 9 529
138 2401440 294 0 5 99583
139 2427455 298 9 0 21
140 2480768 303 8 9 204
141 2480768 303 1 0 1
142 2480768 303 3 9 204
143 2528426 308 6 10 9873
144 2528426 308 6 7 58523
145 2528829 309 3 0 37
146 2611946 317 4 7 3013
147 2611946 317 4 9 5
148 2618727 322 7 5 121
149 2636128 324 1 5 7
150 2673872 328 4 3 1
151 2673872 328 3 9 2
152 2684822 331 3 3 56
153 2693798 335 1 3 1
154 2753249 340 3 0 20
155 2753249 340 2 4 1
156 2774628 349 2 6 2272
157 2814141 362 0 2 1
158 2843402 369 2 7 23
159 2880114 379 1 3 2
160 2904539 382 8 0 15
161 2914997 387 9 9 1
162 2934910 388 0 8 3
163 3004774 390 2 3 596
164 3004774 390 6 10 1
165 3005441 391 5 3 356
166 3029681 392 3 9 3
167 3118626 395 9 5 532
168 3118626 395 0 0 1322
169 3118626 395 2 4 1
170 3118626 395 5 0 2203
171 3164763 402 9 4 6
172 3164763 402 9 9 42
173 3188599 407 2 8 611
174 3248611 409 8 7 1
175 3248611 409 5 7 1
176 3248611 409 8 3 1
177 3248611 409 1 9 30
178 3254461 411 9 4 206
179 3281243 413 2 8 5274
180 3281243 413 9 0 144
181 3281243 413 9 6 10095
182 3293752 420 7 10 64
183 3294435 421 5 9 27455
184 3307451 422 8 7 4
185 3307451 422 6 2 4553
186 3427112 428 5 7 1
187 3427112 428 10 5 822
188 3427112 428 8 1 7352
189 3427112 428 9 7 1
190 3427112 428 4 2 1
191 3427112 428 6 7 1
192 3427112 428 3 1 1336
193 3427112 428 7 2 2
194 3487038 430 4 6 190
195 3487038 430 4 1 7361
196 3487038 430 7 8 5
197 3487038 430 5 6 190
198 3487038 430 9 8 1
199 3509530 440 5 0 14
200 3510867 441 7 3 52
201 3511185 442 6 1 1280
202 3515748 443 6 8 4
203 3519753 444 7 0 19
204 3523735 446 8 4 28
205 3528719 450 10 4 617
206 3533122 452 5 10 36
207 3590865 458 2 4 1978
208 3608491 460 1 3 39
209 3654832 461 10 8 9
210 3654832 461 6 6 122
211 3654832 461 5 5 163
212 3654832 461 4 0 1
213 3654832 461 7 10 1
214 3660361 464 9 0 17
215 3806414 466 1 1 2
216 3806414 466 6 7 1
217 3806414 466 4 3 1801
218 3806414 466 10 2 50
219 3806414 466 3 3 7204
220 3806414 466 8 0 7
221 3806414 466 0 5 6
222 3806414 466 4 2 50
223 3806414 466 6 6 16
224 3806414 466 2 5 1
225 3806414 466 8 7 1
226 3806414 466 4 7 1
227 3842367 467 0 3 4
228 3842367 467 9 5 5
229 3842367 467 1 1 2
230 3842367 467 1 7 5
231 3862707 471 5 10 923
232 3913509 473 7 10 5
233 3913509 473 0 8 1669
234 4039620 475 0 8 7
235 4039620 475 3 10 5
236 4039620 475 7 5 2
237 4039620 475 5 10 25
238 4039620 475 1 10 5
239 4039620 475 9 1 6
240 4039620 475 6 8 5
241 4039620 475 6 2 1
242 4102788 489 0 0 785
243 4102788 489 0 4 48
244 4102788 489 2 4 48
245 4230576 498 10 8 514
246 4230576 498 10 0 21
247 4230576 498 5 5 702
248 4230576 498 1 1 17
249 4230576 498 4 0 10
250 4230576 498 4 8 1028
251 4230576 498 6 1 35
252 4230576 498 5 0 10
253 4230576 498 7 6 1
254 4240381 499 7 4 225
255 4241571 501 4 8 5123
256 4317903 507 8 7 145
257 4317903 507 4 4 1429
258 4317903 507 10 0 3
259 4317903 507 0 2 17
260 4317903 507 0 9 7
261 4344640 510 6 5 3
262 4415869 513 2 5 862
263 4415869 513 6 9 20
264 4415869 513 7 2 42
265 4415869 513 1 4 300
266 4430513 516 9 3 1
267 4435681 522 4 9 174
268 4446292 528 3 7 128
269 4447799 530 3 10 50
270 4466691 538 0 8 23
271 4498582 549 8 5 792
272 4507679 550 3 6 6
273 4653197 555 10 0 4
274 4653197 555 9 9 30
275 4653197 555 0 4 829
276 4653197 555 5 2 876
277 4653197 555 0 1 95
278 4653197 555 3 9 4
279 4653197 555 1 7 14
280 4698172 556 0 4 4
281 4698172 556 5 8 109
282 4708486 557 3 8 1648
283 4721280 558 1 5 72
284 4753631 563 10 1 192
285 4753631 563 10 7 235
286 4762926 565 1 4 1356
287 4812217 569 0 7 1
288 4812217 569 0 1 65
289 4819409 574 8 5 178
290 4861143 576 0 4 74
291 4890018 582 4 4 50
292 4902234 584 10 5 3971
293 4902611 585 10 3 1425
294 4912018 588 4 10 9
295 4912018 588 4 9 111
296 4920676 591 9 1 1
297 4920676 591 7 1 1
298 4970566 602 6 4 453
299 4986833 606 10 1 70
300 4986833 606 10 0 183
301 5002056 611 3 6 410
302 5002056 611 10 2 8
303 5110164 612 1 6 1
304 5110164 612 7 0 71
305 5110164 612 5 3 1
306 5110164 612 10 5 3603
307 5119253 613 3 9 4062
308 5221376 616 6 8 1
309 5221376 616 1 8 1
310 5221376 616 8 6 36
311 5221376 616 6 1 2
312 5221376 616 7 5 3683
313 5242771 625 2 0 34
314 5256245 626 2 9 226
315 5256245 626 2 4 100
316 5331795 638 0 7 406
317 5332321 640 1 0 113
318 5396213 644 1 4 647
319 5396213 644 3 1 748
320 5396213 644 0 3 10
321 5404426 655 8 3 82
322 5512887 671 4 2 13
323 5512887 671 7 2 19
324 5512887 671 4 3 61
325 5512887 671 7 7 1
326 5512887 671 1 3 61
327 5512887 671 4 1 238
328 5512887 671 0 7 1
329 5512887 671 4 6 8
330 5512887 671 8 9 8
331 5617261 683 6 5 1
332 5617261 683 10 0 1
333 5617261 683 7 7 548
334 5623318 687 7 2 16
335 5623318 687 7 5 2915
336 5672494 690 4 1 1
337 5702471 692 2 6 43
338 5702471 692 10 10 12
339 5702471 692 10 4 19
340 5702471 692 7 7 181
341 5702471 692 7 3 3329
342 5847249 695 0 9 2791
343 5847249 695 0 7 2
344 5847249 695 5 8 1
345 5847249 695 4 0 21
346 5847249 695 3 3 4
347 5885144 700 9 4 4666
348 5899895 701 1 2 3
349 5899895 701 5 2 11
350 5926372 702 3 8 11
351 5926372 702 4 9 6
352 5926372 702 0 7 163
353 5953093 703 9 8 52
354 5975627 710 3 4 1221
355 6045875 718 6 1 6
356 6045875 718 5 9 11729
357 6050412 722 10 1 2439
358 6069720 723 3 4 523
359 6078832 724 6 4 24
360 6090721 727 8 0 769
361 6090721 727 2 7 5
362 6096713 731 2 10 8
363 6127121 732 6 5 66
364 6127121 732 7 2 240
365 6158275 735 9 8 70
366 6158275 735 9 7 1348
367 6251668 741 0 10 110
368 6265289 744 5 8 302
369 6280029 749 4 4 130
370 6342904 751 0 3 1455
371 6342904 751 5 1 15
372 6342904 751 4 8 5
373 6342904 751 10 6 950
374 6342904 751 1 1 15
375 6342904 751 0 7 3
376 6370464 755 9 2 84
377 6370464 755 9 4 137
378 6387940 757 7 0 7
379 6397763 761 2 5 45
380 6438547 766 6 7 3
381 6438547 766 7 10 7
382 6466238 768 0 10 47
383 6475302 773 10 10 34
384 6491554 778 5 1 279
385 6504070 782 0 4 1
386 6508868 785 8 2 7
387 6512804 787 1 4 3
388 6536625 802 10 5 226
389 6546535 804 4 9 9
390 6557464 812 7 5 958
391 6700820 822 7 6 13
392 6700820 822 8 10 3
393 6700820 822 6 1 1
394 6700820 822 8 2 3
395 6700820 822 4 2 9
396 6799086 823 1 10 1
397 6799086 823 5 9 1
398 6830230 825 4 5 112
399 6830230 825 5 5 16
400 6830230 825 4 9 18
401 6830230 825 5 2 27
402 6847891 830 2 2 63
403 6847891 830 2 1 24
404 6848413 831 1 10 1198
405 6918521 845 5 7 51
406 6926943 846 5 7 59
407 6932466 852 2 9 48
408 6933504 853 9 0 60
409 6949990 857 9 1 1575
410 6949990 857 9 6 9641
411 6973188 862 9 9 70
412 7047713 864 10 7 1
413 7047713 864 4 8 113
414 7047713 864 3 10 172
415 7056486 870 8 10 22
416 7065532 871 5 9 3
417 7091243 876 4 3 37
418 7155306 886 2 0 14
419 7155306 886 7 7 8
420 7155306 886 3 8 20
421 7164960 888 10 8 196
422 7164960 888 10 10 10210
423 7164960 888 10 9 16
424 7167760 889 9 2 34
425 7172173 892 10 7 320
426 7173169 893 8 3 795
427 7219027 894 6 2 5
428 7219027 894 9 2 35
429 7219027 894 2 8 1
430 7219027 894 3 2 11
431 7219027 894 0 5 1
432 7222656 895 5 9 36
433 7250275 896 8 9 10
434 7250275 896 10 3 3173
435 7250275 896 1 0 15751
436 7256890 898 1 1 158
437 7273615 901 6 2 30
438 7289747 904 5 6 59
439 7322134 907 4 10 3
440 7322134 907 4 4 22
441 7322134 907 2 7 3009
442 7322134 907 4 3 18
443 7332719 909 9 7 11407
444 7343384 911 7 0 2047
445 7343384 911 2 0 682
446 7343384 911 3 0 682
447 7364267 916 0 3 49
448 7368601 918 1 8 100
449 7378510 919 7 1 9
450 7411201 926 7 5 9235
451 7412233 927 7 0 85
452 7535600 929 8 9 4
453 7535600 929 10 9 4
454 7535600 929 9 10 2
455 7535600 929 10 4 1756
456 7535600 929 5 0 2
457 7607970 930 2 1 28
458 7607970 930 8 0 69778
459 7673326 931 0 0 1056
460 7673326 931 0 2 6431
461 7673326 931 2 2 1607
462 7673326 931 6 3 24
463 7673326 931 7 8 4
464 7673326 931 6 6 8
465 7716573 932 8 4 43
466 7716573 932 0 6 9
467 7716573 932 9 10 23
468 7716573 932 10 2 1805
469 7723991 935 3 1 1573
470 7743090 940 0 1 55
471 7743090 940 0 2 131
472 7858979 941 10 3 1
473 7858979 941 3 0 5
474 7858979 941 1 5 13
475 7858979 941 3 3 2
476 7858979 941 0 6 34
477 7858979 941 10 8 1
478 7858979 941 0 2 2
479 7858979 941 8 3 1
480 7858979 941 9 5 13
481 7858979 941 5 10 18
482 7858979 941 1 2 2
483 7858979 941 6 9 2610
484 7860697 943 2 8 4884
485 7888818 950 0 8 29
486 7892983 954 10 1 315
487 7927348 961 6 5 2407
488 7927474 962 1 9 174
489 8013149 967 7 4 14
490 8016916 969 2 0 14
491 8023952 970 8 4 16
492 8023952 970 10 4 16
493 8060874 973 2 3 1
494 8060874 973 0 10 26
495 8074998 979 0 8 1268
496 8074998 979 0 1 41
497 8121559 994 2 1 1
498 8121559 994 3 1 1
499 8121559 994 9 1 1
