11 243 500
0 76661 3 9 3 2654
1 76661 3 9 0 4792
2 140131 9 4 6 70
3 140131 9 4 3 74
4 140131 9 1 4 2
5 140131 9 1 2 19
6 196720 13 5 5 13
7 196720 13 10 5 13
8 198319 15 3 6 109
9 203405 16 1 4 7
10 257362 17 1 2 526
11 257362 17 0 7 2
12 257362 17 2 4 12
13 257362 17 6 2 526
14 268524 18 1 7 209
15 302093 21 4 7 86
16 302093 21 3 3 9711
17 355568 29 10 9 5
18 355568 29 10 8 170
19 355568 29 10 6 2425
20 401775 38 2 5 55
21 401775 38 10 5 110
22 407844 39 4 5 6
23 434143 44 1 9 19650
24 436036 45 1 6 1063
25 453236 50 7 10 526
26 573461 51 10 6 1
27 573461 51 8 4 15
28 573461 51 8 9 1
29 573461 51 10 0 64
30 647077 59 5 3 63
31 647077 59 8 1 22
32 647077 59 5 1 22
33 647077 59 1 10 3
34 659074 61 7 2 24
35 686535 68 4 4 13
36 726255 72 6 1 5
37 726255 72 6 3 18
38 802181 75 10 4 3
39 802181 75 4 1 1183
40 802181 75 4 4 7
41 802181 75 5 4 8
42 802181 75 7 8 1
43 802181 75 6 5 231
44 802181 75 7 3 168
45 802181 75 1 10 3
46 802181 75 9 10 7
47 802181 75 0 8 1
48 922297 84 3 0 7
49 922297 84 4 5 4
50 922297 84 2 7 21
51 964999 93 9 7 13
52 1049429 99 0 8 1
53 1049429 99 0 9 42
54 1049429 99 7 2 19
55 1144860 102 4 0 35
56 1144860 102 8 10 21
57 1144860 102 9 4 16
58 1164716 107 6 2 1524
59 1214119 110 3 6 59
60 1231699 116 2 9 68
61 1243565 117 0 9 4276
62 1297852 127 0 3 27
63 1346658 136 8 0 2006
64 1423494 137 2 0 4
65 1446998 143 0 1 26
66 1446998 143 0 2 200
67 1467509 146 3 8 333
68 1572126 154 2 4 10
69 1572126 154 8 9 11
70 1670487 160 3 7 1
71 1670487 160 6 3 2
72 1670487 160 10 5 5
73 1670487 160 9 10 57
74 1670487 160 6 9 4
75 1670487 160 2 5 5
76 1703895 162 5 0 1899
77 1703895 162 7 6 44
78 1719626 165 7 4 29
79 1738440 170 3 0 97
80 1762903 174 9 2 9
81 1795930 177 0 8 1073
82 1795930 177 3 6 172
83 1810907 185 10 10 36
84 1812476 186 8 0 11839
85 1916304 198 5 5 1
86 1916304 198 5 9 31
87 1916304 198 1 8 11
88 1916304 198 2 4 2
89 1916304 198 10 0 5
90 1924485 202 3 5 21864
91 1924485 202 3 0 194
92 1945201 203 8 3 1767
93 1945201 203 7 4 4534
94 1946363 204 9 0 97
95 1963691 209 7 5 39
96 1998577 217 7 4 13
97 2013798 223 3 9 2
98 2057166 229 6 3 14
99 2099189 230 0 10 8
100 2180650 233 9 8 94
101 2180650 233 6 7 1
102 2217168 237 4 6 47
103 2217168 237 4 2 27
104 2219054 238 3 7 58456
105 2314813 241 1 9 1226
106 2314813 241 9 5 1682
107 2314813 241 1 5 3364
108 2314813 241 7 5 5047
109 2314813 241 4 0 9
110 2324255 247 9 7 2966
111 2378464 259 9 7 25
112 2378464 259 4 0 14
113 2471022 262 8 10 55
114 2471022 262 2 7 5
115 2471022 262 2 5 1
116 2512432 271 2 7 8
117 2534155 282 8 7 200
118 2693361 287 3 2 3
119 2693361 287 10 7 807
120 2693361 287 9 4 10
121 2693361 287 6 10 7
122 2693361 287 1 6 48
123 2693361 287 1 9 3
124 2693361 287 9 10 7
125 2693361 287 7 7 807
126 2693361 287 4 6 24
127 2747779 291 7 7 333
128 2747779 291 3 7 111
129 2747779 291 8 2 34357
130 2747779 291 4 6 2047
131 2747779 291 2 5 25
132 2747779 291 3 2 3435
133 2747779 291 3 6 409
134 2797661 292 10 8 3054
135 2797661 292 5 6 13
136 2797661 292 0 0 6
137 2832031 298 1 3 1
138 2832031 298 1 0 21
139 2839506 302 2 8 113
140 2894229 303 8 10 14
141 2894229 303 10 0 1
142 2894229 303 8 9 204
143 2928569 304 3 9 58
144 2965086 311 0 10 19
145 2965086 311 6 4 133
146 3047270 317 2 5 964
147 3047270 317 2 0 4
148 3047270 317 8 7 2009
149 3047270 317 6 2 565
150 3075483 324 6 5 7
151 3077573 325 9 9 165
152 3084935 327 1 10 1020
153 3084935 327 2 1 180
154 3119517 328 6 5 594
155 3119517 328 9 0 4
156 3119517 328 1 8 44
157 3132290 330 0 9 26
158 3132290 330 0 3 9862
159 3142764 335 1 8 44
160 3142921 336 9 4 663
161 3153996 337 4 10 50
162 3177098 339 7 5 95
163 3177098 339 6 5 190
164 3212124 340 7 9 15
165 3212124 340 9 1 3
166 3212124 340 6 1 3
167 3212124 340 5 3 126
168 3212124 340 2 2 3
169 3237067 349 5 6 568
170 3254822 353 0 10 3133
171 3254822 353 0 5 7115
172 3271208 360 9 5 19696
173 3297043 366 0 2 23
174 3297043 366 9 2 11
175 3301101 368 0 7 1327
176 3317303 369 1 9 476
177 3317303 369 2 0 17
178 3317303 369 1 8 28
179 3351144 370 10 2 9
180 3385017 380 10 2 57
181 3396064 386 9 3 488
182 3424062 388 7 7 30
183 3426478 389 6 2 16284
184 3505570 390 4 3 596
185 3534628 392 9 2 352
186 3538615 394 2 4 16746
187 3638397 395 3 3 21
188 3638397 395 4 1 1
189 3638397 395 6 0 440
190 3638397 395 5 5 177
191 3638397 395 2 7 1
192 3650771 399 5 7 15502
193 3692224 402 9 6 88
194 3790047 409 8 4 782
195 3828116 413 2 3 25
196 3858693 422 2 7 9
197 3859131 423 3 1 4754
198 3873611 424 7 2 215
199 3998297 428 10 0 1
200 3998297 428 4 5 822
201 3998297 428 1 6 1
202 3998297 428 1 1 668
203 3998297 428 2 3 3
204 3998297 428 4 8 2
205 3998297 428 0 6 1
206 3998297 428 3 0 1
207 4068211 430 9 1 1051
208 4068211 430 0 8 2
209 4068211 430 0 7 17
210 4068211 430 4 6 190
211 4085389 435 7 6 24
212 4085389 435 6 6 24
213 4085389 435 2 0 163
214 4096383 442 6 1 1280
215 4101706 443 6 8 4
216 4122164 453 8 2 53
217 4128075 456 6 5 8547
218 4183442 457 0 9 13
219 4183442 457 7 1 3
220 4209906 460 1 8 47
221 4263971 461 8 7 1
222 4440816 466 10 9 4
223 4440816 466 1 3 3602
224 4440816 466 6 1 2
225 4440816 466 1 9 4
226 4440816 466 9 10 12
227 4482762 467 10 8 39
228 4482762 467 4 6 6
229 4482762 467 9 0 3875
230 4494276 468 7 5 422
231 4518248 472 3 0 7
232 4565760 473 0 2 7
233 4712890 475 10 8 5
234 4712890 475 5 1 3
235 4712890 475 1 5 13
236 4712890 475 10 10 5
237 4746978 482 4 2 222
238 4786586 489 2 0 1571
239 4790943 491 2 10 39
240 4935673 498 1 4 50
241 4935673 498 0 10 13
242 4935673 498 8 1 17
243 4935673 498 3 1 35
244 4935673 498 7 4 50
245 4935673 498 0 6 1
246 4935673 498 3 3 1
247 4935673 498 4 5 175
248 4935673 498 3 0 10
249 4935673 498 4 2 4
250 4935673 498 2 3 1
251 4935673 498 9 4 50
252 4947111 499 7 1 3309
253 4947111 499 7 7 71
254 4948499 501 4 8 5123
255 4958136 504 1 10 30
256 5037553 507 3 1 1
257 5037553 507 0 3 2
258 5037553 507 0 10 4631
259 5037553 507 5 3 2
260 5037553 507 6 8 26
261 5040528 508 1 8 38
262 5040528 508 5 8 38
263 5068746 510 6 1 5
264 5151847 513 8 3 5
265 5151847 513 2 2 30
266 5151847 513 8 1 5
267 5151847 513 7 0 1
268 5151847 513 0 5 345
269 5169967 518 8 8 52
270 5171687 519 5 10 44
271 5174172 521 1 4 152
272 5232084 542 1 0 34
273 5248346 549 5 5 264
274 5428730 555 3 3 202
275 5428730 555 8 2 876
276 5428730 555 0 4 829
277 5428730 555 4 6 47
278 5428730 555 6 9 35
279 5428730 555 7 2 876
280 5428730 555 5 4 3318
281 5481200 556 10 4 26
282 5481200 556 0 5 3164
283 5493233 557 3 6 36
284 5508161 558 1 3 9246
285 5508161 558 1 7 123
286 5513675 560 2 2 8
287 5545902 563 10 10 127
288 5545902 563 10 2 11
289 5614253 569 6 10 12
290 5614253 569 8 6 1
291 5614253 569 10 5 1
292 5614253 569 3 1 1
293 5614253 569 1 2 13
294 5615627 571 1 7 32
295 5671334 576 10 0 51
296 5705021 582 4 6 282
297 5717911 583 6 1 2272
298 5717911 583 6 9 208
299 5730688 588 4 1 168
300 5749359 595 0 9 1
301 5750949 597 7 4 43
302 5798994 602 6 2 848
303 5817971 606 10 7 327
304 5817971 606 10 10 996
305 5835732 611 8 2 17
306 5961858 612 4 4 2485
307 5961858 612 7 2 448
308 5961858 612 6 0 71
309 5961858 612 8 6 1
310 5961858 612 7 8 8
311 5961858 612 3 5 120
312 5961858 612 5 8 8
313 5961858 612 6 6 1
314 5961858 612 1 0 71
315 5961858 612 5 5 360
316 6091605 616 3 0 988
317 6091605 616 0 5 1227
318 6091605 616 1 1 18
319 6091605 616 10 1 1
320 6091605 616 2 8 1
321 6091605 616 10 10 1709
322 6115546 624 4 5 2839
323 6132286 626 2 4 100
324 6132286 626 2 9 226
325 6132286 626 2 3 6058
326 6161954 631 9 5 232
327 6197418 634 7 0 1249
328 6204769 635 5 0 102
329 6295582 644 10 6 1
330 6295582 644 1 8 1817
331 6319828 661 4 0 26
332 6331335 668 5 6 68
333 6331335 668 5 2 183
334 6431702 671 2 9 68
335 6431702 671 2 6 8
336 6431702 671 0 0 2
337 6431702 671 7 2 19
338 6451736 675 2 5 29
339 6455303 677 6 8 67
340 6553471 683 5 9 15
341 6553471 683 8 1 50
342 6553471 683 3 0 1
343 6553471 683 6 1 50
344 6555153 685 1 4 41
345 6617910 690 8 10 16
346 6617910 690 0 3 90
347 6617910 690 0 10 48
348 6619652 691 10 2 74
349 6652883 692 7 6 43
350 6664182 693 8 5 224
351 6821790 695 4 4 1
352 6821790 695 3 7 5
353 6821790 695 0 1 3
354 6828217 697 4 10 15
355 6864170 698 5 0 4
356 6864170 698 2 3 127
357 6914100 702 0 5 112
358 6914100 702 4 6 22
359 6914100 702 3 1 61
360 6945275 703 2 2 4702
361 6945275 703 9 3 37
362 7053521 718 8 5 263
363 7053521 718 2 10 21
364 7053521 718 1 3 15
365 7091971 724 6 10 39
366 7105841 727 6 7 2
367 7148308 732 6 3 7
368 7148308 732 4 5 13
369 7149013 733 9 8 3956
370 7184654 735 6 2 5
371 7184654 735 6 3 8
372 7210185 739 10 5 86
373 7293613 741 8 10 2
374 7293613 741 8 2 3
375 7293613 741 0 5 147
376 7293613 741 9 5 11
377 7293613 741 9 4 33
378 7293613 741 7 7 2
379 7309504 744 6 3 1
380 7309504 744 6 8 1133
381 7309504 744 7 8 75
382 7311039 746 6 9 88
383 7326701 749 5 4 26
384 7326701 749 4 7 20
385 7400055 751 5 5 12
386 7400055 751 3 6 55
387 7400055 751 7 1 30
388 7400055 751 1 8 1
389 7452597 757 9 5 1734
390 7464057 761 5 5 45
391 7511638 766 3 5 13
392 7511638 766 1 5 13
393 7543944 768 0 1 41
394 7573480 778 5 1 279
395 7573480 778 2 9 7
396 7583029 780 3 1 117
397 7588081 782 0 4 1
398 7589288 784 4 10 191
399 7606059 794 4 6 74
400 7641070 805 1 6 154
401 7669698 817 7 3 1577
402 7817623 822 3 10 9
403 7817623 822 0 7 414
404 7817623 822 10 7 138
405 7817623 822 3 7 414
406 7817623 822 7 2 12
407 7817623 822 8 8 239
408 7817623 822 5 4 1
409 7932267 823 5 2 6
410 7932267 823 5 3 6
411 7932267 823 3 6 282
412 7932267 823 9 10 1
413 7932267 823 1 4 3553
414 7932267 823 1 5 4195
415 7932267 823 9 2 6
416 7935171 824 0 10 47
417 7968602 825 5 2 27
418 7968602 825 7 1 19
419 7989815 831 1 10 1198
420 8015566 833 7 8 800
421 8032414 834 1 9 51
422 8032414 834 9 4 61
423 8032414 834 1 5 908
424 8095550 856 4 4 30
425 8108322 857 9 3 192
426 8133169 861 3 8 8
427 8144614 863 2 4 116
428 8144614 863 6 0 9
429 8144614 863 2 7 8
430 8222332 864 1 1 4
431 8222332 864 2 6 4
432 8222332 864 0 0 7236
433 8222332 864 1 9 35
434 8248245 872 6 10 5
435 8270466 875 2 7 9
436 8347857 886 1 9 2254
437 8347857 886 0 0 118
438 8347857 886 10 0 29
439 8422198 894 4 7 10
440 8422198 894 8 3 6
441 8422198 894 0 2 11
442 8422198 894 5 2 128
443 8422198 894 3 2 11
444 8422198 894 6 5 2
445 8426432 895 3 9 18
446 8458654 896 4 2 38
447 8475991 899 6 0 1733
448 8504653 903 1 9 9
449 8513891 905 4 8 95
450 8542490 907 4 10 3
451 8554839 909 9 3 21
452 8554839 909 9 8 5
453 8567282 911 5 0 682
454 8628574 924 8 6 3
455 8628995 925 1 0 92
456 8646401 926 7 10 8973
457 8791533 929 7 4 878
458 8791533 929 3 8 4
459 8791533 929 8 1 1
460 8791533 929 4 8 4
461 8791533 929 10 9 4
462 8791533 929 3 3 3
463 8875965 930 0 7 10
464 8952214 931 8 10 225
465 8952214 931 2 8 4
466 8952214 931 0 7 6
467 9002668 932 7 1 6232
468 9002668 932 3 1 779
469 9002668 932 4 1 2337
470 9007824 934 8 7 122
471 9025462 939 3 8 14263
472 9025462 939 4 8 42789
473 9025462 939 9 9 59
474 9168808 941 9 4 1
475 9168808 941 5 3 8
476 9168808 941 0 9 1305
477 9168808 941 5 8 1
478 9168808 941 9 3 1
479 9168808 941 4 1 192
480 9168808 941 0 2 2
481 9203621 950 7 8 44
482 9209794 955 9 4 12686
483 9234568 959 10 9 43
484 9248573 961 8 5 343
485 9348674 967 0 8 44
486 9348674 967 5 1 1846
487 9348674 967 4 3 16
488 9348674 967 0 6 9242
489 9352467 968 1 3 51
490 9378675 972 10 10 169
491 9404353 973 0 2 17
492 9404353 973 2 5 1938
493 9404353 973 0 10 26
494 9411808 977 2 2 5970
495 9425752 980 1 10 102
496 9475153 994 7 1 8
497 9475153 994 10 0 3
498 9475153 994 6 1 1
499 9483689 997 0 3 22
