11 235 500
0 13391 0 1 3 195
1 13391 0 1 6 24
2 13632 1 9 1 33309
3 51107 3 10 6 2558
4 51107 3 10 7 31
5 93421 9 4 4 2
6 93421 9 4 3 74
7 131147 13 3 5 41
8 131147 13 10 5 13
9 171575 17 3 8 6
10 201395 21 3 3 9711
11 237045 29 2 0 72
12 237045 29 2 6 2425
13 243481 31 4 6 1
14 259554 37 3 8 6
15 259554 37 0 8 6
16 267850 38 2 1 190
17 289428 44 1 0 118
18 302157 50 7 8 1
19 302157 50 2 0 44
20 302157 50 2 10 3160
21 382307 51 0 1 15
22 382307 51 9 9 1
23 382307 51 9 8 1
24 382307 51 0 5 33
25 382307 51 5 4 15
26 382307 51 8 10 1
27 431384 59 2 2 204
28 431384 59 5 3 63
29 454212 67 1 7 10
30 457690 68 3 4 3
31 484170 72 6 5 28
32 534787 75 0 7 1
33 534787 75 1 7 1
34 534787 75 9 9 33
35 534787 75 5 6 14
36 534787 75 1 10 3
37 541343 77 8 4 21
38 614865 84 10 7 43
39 614865 84 7 1 8
40 614865 84 3 0 7
41 643332 93 9 7 13
42 649175 94 9 5 756
43 699619 99 7 2 19
44 699619 99 9 9 85
45 699619 99 0 10 3070
46 699619 99 0 3 63
47 763240 102 4 6 1
48 763240 102 4 7 1
49 763240 102 4 0 35
50 763240 102 5 1 3
51 774349 104 4 6 5599
52 805529 108 2 2 1
53 805529 108 8 3 27
54 805529 108 4 6 7
55 806000 109 6 0 101
56 809413 110 3 0 197
57 811773 112 9 1 2
58 813994 115 3 6 95
59 821132 116 2 10 8305
60 829043 117 0 5 160
61 838376 118 6 2 15
62 841373 122 0 1 98
63 849128 126 0 0 119
64 881739 134 1 6 1980
65 948996 137 1 9 2136
66 948996 137 5 2 21
67 948996 137 3 9 2136
68 948996 137 1 10 222
69 948996 137 0 10 222
70 948996 137 5 6 2
71 949835 138 9 5 109
72 966543 145 5 4 231
73 989726 150 2 1 14
74 1048084 154 8 1 5
75 1048084 154 6 6 690
76 1048084 154 6 2 748
77 1048084 154 0 0 4
78 1054565 159 1 4 95
79 1113658 160 6 7 1
80 1113658 160 3 7 1
81 1113658 160 4 8 306
82 1113658 160 9 6 2
83 1135930 162 2 10 75
84 1135930 162 10 6 14
85 1135930 162 0 1 1445
86 1135930 162 10 4 15
87 1146417 165 9 5 110
88 1146417 165 1 5 110
89 1158960 170 3 10 19
90 1175269 174 0 7 14
91 1228645 195 5 3 168
92 1277536 198 8 0 5
93 1277536 198 0 0 5
94 1277536 198 8 9 31
95 1278910 201 5 5 64
96 1296800 203 8 2 64
97 1296800 203 8 6 48
98 1296800 203 8 0 228
99 1304160 208 10 7 217
100 1323060 210 8 3 299
101 1323060 210 0 3 1
102 1327538 216 9 5 2
103 1371444 229 2 9 74
104 1399459 230 0 8 16
105 1399459 230 8 4 78
106 1399459 230 0 5 11
107 1453766 233 10 5 4
108 1453766 233 7 7 85
109 1453766 233 4 1 39
110 1478112 237 4 0 72
111 1478112 237 10 7 51
112 1543209 241 4 2 1952
113 1543209 241 9 10 1014
114 1543209 241 9 0 9
115 1543209 241 3 2 1952
116 1543209 241 9 5 1682
117 1546453 244 4 1 1
118 1585642 259 0 1 891
119 1585757 260 0 8 471
120 1647348 262 8 9 15
121 1647348 262 9 3 1
122 1647348 262 2 1 30
123 1647348 262 4 6 17
124 1668360 269 4 3 93
125 1668360 269 4 2 8281
126 1676204 272 1 5 106
127 1689603 284 7 1 30
128 1698261 285 4 4 168
129 1795574 287 1 5 2
130 1795574 287 7 7 807
131 1795574 287 4 2 6
132 1795574 287 5 10 7
133 1795574 287 0 6 24
134 1795574 287 8 7 1615
135 1831852 291 2 6 1228
136 1831852 291 7 2 3435
137 1831852 291 6 0 3
138 1831852 291 5 3 9080
139 1831852 291 5 0 3
140 1831852 291 8 2 34357
141 1831852 291 3 3 844
142 1888020 298 1 8 2839
143 1891017 300 10 1 1505
144 1929486 303 10 7 33
145 1929486 303 9 8 649
146 1929486 303 10 6 397
147 1952379 304 3 3 9291
148 1956798 305 6 7 116
149 1958918 307 5 4 3332
150 1970333 310 7 1 442
151 1977787 312 6 10 391
152 2031513 317 3 9 5
153 2031513 317 6 0 4
154 2031513 317 8 8 83
155 2031513 317 2 3 54
156 2031513 317 10 5 964
157 2031513 317 9 1 14
158 2031513 317 7 3 54
159 2031513 317 9 2 565
160 2031513 317 2 9 16
161 2031513 317 5 9 21
162 2050322 324 1 5 7
163 2050322 324 7 9 95
164 2079678 328 0 8 44
165 2089663 334 1 9 1536
166 2102664 337 4 5 11902
167 2183370 361 6 9 119
168 2198029 366 7 9 52
169 2211535 369 9 7 1
170 2234096 370 9 5 1
171 2282708 388 0 5 38
172 2337046 390 6 1 6
173 2337046 390 5 6 10335
174 2337046 390 4 3 596
175 2337046 390 9 10 1
176 2337046 390 8 10 1
177 2337046 390 9 1 110
178 2425598 395 5 8 66
179 2425598 395 9 4 1
180 2425598 395 5 5 177
181 2425598 395 6 5 177
182 2425598 395 2 10 10
183 2425598 395 5 4 1
184 2425598 395 10 1 3
185 2430358 396 3 1 405
186 2461483 402 2 6 88
187 2461483 402 2 9 21
188 2465866 405 9 5 62
189 2470269 406 4 0 35
190 2480021 407 2 8 611
191 2526698 409 6 3 65
192 2526698 409 8 2 3
193 2526698 409 8 7 1
194 2526698 409 2 4 2
195 2528876 410 6 3 1
196 2561807 420 5 8 36
197 2582407 424 7 3 5146
198 2582407 424 7 5 282
199 2582407 424 7 8 143
200 2665531 428 2 1 668
201 2665531 428 5 0 1
202 2665531 428 9 7 1
203 2665531 428 0 5 822
204 2665531 428 5 7 1
205 2665531 428 2 10 25
206 2712140 430 8 0 40
207 2712140 430 2 8 2
208 2717825 434 2 2 37
209 2723593 435 7 6 24
210 2734471 443 6 2 42
211 2734471 443 6 8 4
212 2740245 445 10 6 2
213 2740245 445 7 0 52
214 2744576 451 10 10 11840
215 2788961 457 4 3 14
216 2788961 457 7 7 1
217 2788961 457 2 4 1
218 2788961 457 0 9 13
219 2788961 457 1 0 25
220 2792895 458 3 6 11201
221 2806604 460 1 3 39
222 2806604 460 1 9 91
223 2842647 461 6 5 4
224 2842647 461 3 2 27
225 2842647 461 4 8 9
226 2842647 461 4 9 7
227 2847594 465 0 0 7
228 2960544 466 9 2 50
229 2960544 466 5 9 4
230 2960544 466 6 9 4
231 2960544 466 2 5 1
232 2960544 466 4 9 8
233 2960544 466 2 4 652
234 2960544 466 7 9 12
235 2960544 466 10 3 1801
236 2960544 466 3 7 61
237 2960544 466 6 2 100
238 2960544 466 7 5 1
239 2988508 467 2 5 86
240 2988508 467 2 3 1
241 2988508 467 9 0 3875
242 2988508 467 9 5 5
243 2996184 468 7 6 61
244 2996184 468 7 4 34
245 3004328 471 10 10 2769
246 3043840 473 0 8 1669
247 3043840 473 4 8 52
248 3043840 473 10 10 1
249 3141926 475 10 4 2
250 3141926 475 7 9 5
251 3141926 475 2 6 1
252 3141926 475 8 7 4
253 3152527 478 8 2 76
254 3159961 479 2 9 1
255 3159961 479 6 9 1
256 3167349 485 2 0 117
257 3198169 494 7 2 10
258 3199646 497 9 7 51
259 3290448 498 10 0 21
260 3290448 498 10 3 4
261 3290448 498 8 5 175
262 3290448 498 9 0 64
263 3290448 498 5 10 13
264 3290448 498 4 2 4
265 3290448 498 10 9 1
266 3290448 498 10 7 7
267 3290448 498 10 6 1
268 3290448 498 3 6 1
269 3290448 498 9 9 1
270 3290448 498 8 9 1
271 3302221 503 1 1 6017
272 3358369 507 2 6 3
273 3358369 507 2 2 28
274 3358369 507 3 1 1
275 3358369 507 7 10 178
276 3358369 507 5 5 49
277 3358369 507 7 6 7
278 3379164 510 7 2 20
279 3379164 510 6 1 5
280 3434564 513 4 10 102
281 3434564 513 2 5 862
282 3434564 513 0 5 345
283 3434564 513 3 8 1009
284 3434564 513 0 8 6059
285 3434564 513 8 10 2
286 3434564 513 2 7 5
287 3434928 514 9 9 87
288 3447791 519 5 10 44
289 3452119 525 2 7 173
290 3473324 537 5 10 11
291 3473324 537 7 10 11
292 3476557 540 7 7 98
293 3488056 542 1 9 38
294 3488056 542 1 1 3993
295 3518670 551 0 1 26
296 3619153 555 8 9 11
297 3619153 555 10 4 829
298 3619153 555 6 6 23
299 3619153 555 10 7 7
300 3619153 555 9 9 30
301 3619153 555 0 10 5
302 3619153 555 9 10 1
303 3654133 556 5 4 4
304 3680125 561 2 10 28
305 3742835 569 6 7 1
306 3742835 569 0 0 52
307 3742835 569 4 2 52
308 3742835 569 2 7 8
309 3742835 569 6 10 12
310 3742835 569 6 2 170
311 3786911 580 0 8 233
312 3811940 583 6 6 89
313 3820458 588 4 9 111
314 3839221 600 3 8 66
315 3839535 601 6 10 6424
316 3865996 602 8 0 1082
317 3865996 602 6 4 453
318 3865996 602 6 1 81
319 3865996 602 8 9 57
320 3878647 606 10 7 327
321 3878647 606 10 6 184
322 3881427 610 1 3 27
323 3890488 611 1 4 39
324 3974572 612 3 5 120
325 3974572 612 0 10 5
326 3974572 612 5 3 1
327 3974572 612 5 0 214
328 3974572 612 5 9 1
329 3974572 612 9 4 26
330 3974572 612 4 3 1
331 3974572 612 7 2 448
332 3974572 612 8 8 8
333 3983251 615 2 7 39103
334 4061070 616 7 1 1
335 4061070 616 3 5 1227
336 4061070 616 2 7 200
337 4061070 616 8 9 2
338 4077711 625 2 0 34
339 4077711 625 7 0 104
340 4127829 633 5 2 6
341 4127829 633 5 0 4797
342 4127829 633 5 9 17
343 4131612 634 7 2 95
344 4131612 634 7 6 15150
345 4148287 642 9 1 5170
346 4197055 644 1 6 1
347 4197055 644 10 4 647
348 4213733 664 5 3 26
349 4220890 668 5 2 183
350 4220890 668 5 1 200
351 4287801 671 10 8 5
352 4287801 671 2 3 123
353 4287801 671 7 7 1
354 4287801 671 5 2 6
355 4308063 678 6 6 409
356 4308205 679 10 7 6010
357 4368981 683 4 10 16
358 4368981 683 9 4 638
359 4373691 687 2 8 23
360 4384700 689 5 10 2
361 4411940 690 8 9 17
362 4411940 690 4 4 863
363 4435255 692 2 6 43
364 4435255 692 6 5 222
365 4547860 695 5 1 3
366 4547860 695 7 2 793
367 4547860 695 5 5 7
368 4547860 695 2 9 1503
369 4547860 695 0 4 1
370 4547860 695 7 4 1
371 4547860 695 3 6 1
372 4547860 695 5 3 4
373 4547860 695 2 3 13
374 4552145 697 4 6 1569
375 4576113 698 10 0 4
376 4576113 698 5 10 32
377 4609400 702 3 3 1
378 4632410 705 0 5 52
379 4633647 706 5 7 40
380 4647710 710 3 8 105
381 4702347 718 6 5 175
382 4705876 722 5 1 2439
383 4720893 723 3 9 11
384 4728805 725 2 3 90
385 4738630 729 1 6 6073
386 4765539 732 6 5 66
387 4797473 737 10 0 88
388 4862408 741 3 7 2
389 4862408 741 4 9 14
390 4862408 741 3 5 17
391 4862408 741 5 9 14
392 4873207 745 3 10 118
393 4884467 749 9 7 41
394 4884467 749 4 9 1
395 4933370 751 1 0 23
396 4933370 751 8 6 55
397 4933370 751 5 6 111
398 4933370 751 0 2 119
399 4933370 751 1 6 167
400 4933370 751 8 3 485
401 4933370 751 0 9 15
402 4942247 752 0 1 8
403 4977156 762 4 1 36
404 5007758 766 3 5 13
405 5007758 766 2 7 7
406 5029674 770 1 5 68
407 5048986 778 0 1 279
408 5068134 789 3 2 30
409 5080618 798 4 5 6106
410 5080634 799 2 10 54
411 5084042 802 4 0 8
412 5091749 804 4 9 9
413 5211749 822 3 9 9
414 5211749 822 9 7 138
415 5211749 822 3 2 3
416 5211749 822 8 0 1
417 5288178 823 2 10 1
418 5288178 823 8 10 1
419 5288178 823 10 7 751
420 5288178 823 5 5 2996
421 5288178 823 3 9 1
422 5288178 823 3 5 599
423 5290114 824 0 10 47
424 5343711 833 7 10 8
425 5359042 837 8 9 19
426 5372802 842 1 3 757
427 5377417 844 7 9 283
428 5387623 846 5 10 165
429 5387623 846 5 6 89
430 5392725 853 9 0 60
431 5413895 859 6 2 342
432 5413895 859 6 10 7
433 5422112 861 3 5 2029
434 5422112 861 3 4 112
435 5429742 863 6 9 792
436 5481555 864 2 0 1809
437 5481555 864 9 9 105
438 5481555 864 5 10 172
439 5481555 864 2 9 35
440 5484416 867 2 3 81
441 5495414 871 6 3 767
442 5495414 871 5 9 3
443 5498830 872 2 4 147
444 5515411 876 10 3 37
445 5516550 879 1 5 24
446 5565238 886 7 5 25
447 5565238 886 1 4 1
448 5565238 886 4 6 555
449 5572747 888 10 5 109
450 5578357 892 10 7 320
451 5617621 895 3 9 18
452 5639102 896 2 3 4760
453 5657256 901 8 2 30
454 5669769 903 1 1 7
455 5694993 907 4 6 136
456 5694993 907 4 1 233
457 5694993 907 2 8 156
458 5766039 928 1 10 51
459 5766039 928 0 10 51
460 5861022 929 1 8 4
461 5861022 929 2 1 1
462 5861022 929 0 2 4
463 5861022 929 8 0 25
464 5861022 929 2 6 218
465 5861022 929 1 2 12
466 5861022 929 4 2 4
467 5861022 929 10 2 4
468 5861022 929 7 0 2
469 5861022 929 3 10 1
470 5861022 929 9 6 381
471 5861022 929 4 7 2
472 5861022 929 0 0 5
473 5917310 930 5 4 2601
474 5917310 930 5 1 43
475 5917310 930 3 5 22
476 5968142 931 0 2 6431
477 5968142 931 2 6 8
478 5968142 931 6 2 1607
479 5968142 931 10 9 2119
480 6001779 932 4 9 4
481 6001779 932 4 1 2337
482 6007549 935 5 1 1573
483 6022403 940 0 3 11398
484 6022403 940 0 0 266
485 6112539 941 2 3 1
486 6112539 941 10 0 5
487 6112539 941 7 7 2
488 6112539 941 7 0 16
489 6112539 941 1 9 2610
490 6114967 944 8 1 104
491 6116272 946 7 9 37
492 6138986 954 6 9 78
493 6232449 967 7 3 8
494 6232449 967 7 2 30
495 6232449 967 7 10 40
496 6244258 971 9 8 90
497 6252450 972 10 3 94
498 6286289 985 5 10 2635
499 6316768 994 5 4 38
