11 224 500
0 24103 0 1 9 151
1 91994 3 5 5 113
2 91994 3 10 5 113
3 91994 3 10 8 592
4 168158 9 4 3 74
5 168158 9 1 9 7
6 168158 9 4 9 7
7 236064 13 3 1 265
8 236837 14 7 6 107
9 308835 17 10 1 44
10 308835 17 9 7 5
11 308835 17 0 10 1
12 308835 17 7 8 1
13 362511 21 3 1 17
14 391445 27 1 0 130
15 391445 27 7 0 130
16 426681 29 2 2 8778
17 438266 31 1 7 4140
18 467198 37 4 10 4
19 467198 37 3 9 6321
20 509199 41 10 7 58
21 509199 41 10 1 3192
22 543883 50 10 8 1
23 543883 50 10 0 44
24 688153 51 2 2 5
25 688153 51 7 7 5
26 688153 51 8 0 21
27 776492 59 2 1 67
28 776492 59 1 3 5
29 791548 62 8 5 5726
30 798361 64 2 6 218
31 823842 68 10 4 23
32 823842 68 4 4 13
33 849962 71 8 0 65
34 962617 75 3 3 33
35 962617 75 10 3 33
36 962617 75 2 9 1
37 962617 75 9 10 7
38 962617 75 6 8 68
39 974418 77 6 4 52
40 1106757 84 7 3 4
41 1106757 84 2 5 71
42 1106757 84 6 1 8
43 1106757 84 3 10 6
44 1174576 96 0 5 44
45 1192503 97 10 9 5530
46 1192503 97 7 9 5530
47 1259315 99 0 4 28
48 1373832 102 0 2 483
49 1373832 102 4 5 14
50 1373832 102 7 7 1
51 1373832 102 8 10 21
52 1384773 103 9 5 13
53 1393829 104 4 6 5599
54 1393829 104 4 2 54
55 1396830 105 1 5 326
56 1456943 110 3 5 196
57 1478038 116 2 4 113
58 1478038 116 2 8 217
59 1478038 116 2 3 15961
60 1492278 117 0 0 125
61 1509077 118 5 7 55
62 1509077 118 1 5 301
63 1523469 124 7 3 7
64 1528431 126 0 0 119
65 1615990 136 1 4 6084
66 1615990 136 1 0 2006
67 1615990 136 8 0 2006
68 1708193 137 0 7 3
69 1708193 137 0 6 9
70 1736398 143 0 1 26
71 1762067 147 9 6 19051
72 1795777 153 8 9 37
73 1886551 154 2 10 2
74 1886551 154 7 6 115
75 1886551 154 3 3 28
76 1886551 154 5 8 21
77 1886551 154 10 4 91
78 1886551 154 10 10 1
79 1887485 155 1 7 3
80 2004585 160 6 5 11
81 2004585 160 7 0 11
82 2004585 160 9 1 1
83 2004585 160 8 10 5
84 2044674 162 10 4 15
85 2063551 165 5 5 110
86 2064642 166 10 4 13
87 2064642 166 7 4 13
88 2095971 172 4 2 54
89 2115484 174 2 2 9
90 2115484 174 1 2 9
91 2117485 175 5 6 13
92 2155116 177 0 0 89
93 2160383 179 8 7 57
94 2193118 190 10 10 8155
95 2194463 191 8 6 7153
96 2208620 192 3 2 14
97 2211512 194 3 3 63
98 2299565 198 5 5 1
99 2299565 198 7 2 6
100 2299565 198 1 0 10
101 2299565 198 5 0 5
102 2309382 202 3 7 44
103 2334241 203 8 3 1767
104 2341671 206 3 6 88
105 2389569 216 9 5 2
106 2398292 217 9 5 39
107 2398292 217 6 4 13
108 2403100 218 1 2 17074
109 2468599 229 6 5 19
110 2519027 230 8 9 29
111 2519027 230 3 1 230
112 2519027 230 8 4 78
113 2519027 230 8 3 136
114 2527021 232 6 5 18
115 2616780 233 4 8 5
116 2616780 233 7 7 85
117 2616780 233 6 0 44
118 2660602 237 4 5 53
119 2660602 237 10 0 18
120 2783616 244 1 1 1
121 2854156 259 7 1 2675
122 2854156 259 1 7 25
123 2854156 259 3 0 14
124 2965227 262 2 7 5
125 2965227 262 0 9 30
126 2965227 262 9 3 1
127 2965227 262 3 3 1
128 2965227 262 2 8 7
129 2965227 262 3 5 2
130 2981205 264 4 4 5132
131 3003048 269 4 7 59
132 3003048 269 4 3 93
133 3041286 284 7 1 30
134 3056871 285 4 4 168
135 3232033 287 6 5 4
136 3232033 287 0 5 17
137 3232033 287 3 10 15
138 3232033 287 0 2 6
139 3232033 287 1 4 10
140 3232033 287 9 5 2
141 3232033 287 3 8 11
142 3232033 287 8 7 1615
143 3232033 287 7 2 3
144 3232033 287 4 3 11
145 3297335 291 7 1 1536
146 3297335 291 6 0 3
147 3398437 298 9 3 134
148 3398437 298 1 10 121
149 3398437 298 1 5 75
150 3473075 303 1 8 973
151 3473075 303 9 9 409
152 3539797 308 6 2 3
153 3539797 308 6 9 224
154 3539797 308 6 8 78
155 3656724 317 10 5 964
156 3656724 317 7 5 964
157 3656724 317 5 5 5789
158 3656724 317 4 7 3013
159 3656724 317 1 2 3961
160 3746084 329 2 7 8
161 3771317 335 1 9 28
162 3784795 337 4 8 4762
163 3812517 339 9 5 95
164 3812517 339 2 3 645
165 3854548 340 5 2 3
166 3854548 340 2 2 3
167 3879449 347 8 7 80
168 3905787 353 0 5 7115
169 3910119 356 6 0 96
170 3939798 362 1 2 1
171 3939798 362 8 2 2
172 4021372 370 4 2 1
173 4021372 370 8 3 10
174 4080996 387 9 9 1
175 4108874 388 7 8 88
176 4108874 388 7 4 84
177 4206684 390 2 9 6824
178 4206684 390 5 7 3
179 4241553 392 2 2 58
180 4241553 392 10 4 1281
181 4241553 392 4 4 427
182 4241553 392 4 9 3
183 4246065 393 8 1 46
184 4366077 395 8 2 1
185 4366077 395 0 1 6
186 4366077 395 1 8 33
187 4366077 395 9 9 2555
188 4366077 395 10 1 3
189 4366077 395 3 0 440
190 4366077 395 5 5 177
191 4374645 396 3 1 405
192 4374645 396 10 1 1216
193 4430669 402 9 2 1
194 4438560 405 7 5 15
195 4464038 407 2 0 54
196 4464038 407 2 3 139
197 4464038 407 2 6 71
198 4548056 409 8 3 1
199 4548056 409 8 7 1
200 4548056 409 5 4 2
201 4593740 413 9 8 10548
202 4611254 420 7 8 9
203 4630957 423 3 1 4754
204 4648333 424 7 6 113
205 4648333 424 7 1 86
206 4651449 425 10 3 34
207 4797956 428 4 6 1
208 4797956 428 3 6 1
209 4797956 428 9 1 668
210 4797956 428 5 7 1
211 4797956 428 6 9 1
212 4797956 428 9 5 822
213 4797956 428 3 2 2
214 4797956 428 10 4 1
215 4797956 428 9 4 1
216 4797956 428 3 9 1
217 4797956 428 6 1 668
218 4881853 430 4 7 17
219 4881853 430 9 3 8
220 4881853 430 1 1 2103
221 4902467 435 2 6 24
222 4902467 435 7 1 108
223 4915659 442 6 1 1280
224 5020130 457 1 6 12
225 5020130 457 1 0 25
226 5051888 460 1 2 8
227 5116766 461 0 2 5
228 5116766 461 3 0 16
229 5328979 466 5 10 4
230 5328979 466 9 2 50
231 5328979 466 10 6 16
232 5328979 466 5 4 217
233 5328979 466 9 4 217
234 5379314 467 2 7 5
235 5379314 467 5 8 7
236 5379314 467 2 5 86
237 5379314 467 9 0 3875
238 5655468 475 0 2 1
239 5655468 475 0 7 4
240 5655468 475 3 0 1
241 5655468 475 3 10 5
242 5655468 475 8 2 3
243 5655468 475 7 4 1
244 5655468 475 2 5 2
245 5655468 475 9 9 5
246 5743903 489 2 0 1571
247 5743903 489 0 4 48
248 5743903 489 0 1 222
249 5743903 489 0 0 785
250 5922807 498 9 3 1
251 5922807 498 1 8 5658
252 5922807 498 6 0 10
253 5922807 498 9 5 175
254 5922807 498 2 5 526
255 5922807 498 7 6 1
256 5922807 498 6 6 1
257 5922807 498 3 0 10
258 5922807 498 4 1 17
259 5922807 498 0 2 4
260 5936534 499 7 10 10
261 6045064 507 5 0 12
262 6045064 507 10 4 1429
263 6045064 507 10 1 1
264 6082496 510 7 9 1
265 6182216 513 10 2 6
266 6182216 513 6 7 11
267 6182216 513 8 6 80
268 6185664 515 10 1 15
269 6202718 516 0 3 1
270 6202718 516 2 3 1
271 6253368 538 4 8 3
272 6333607 551 3 6 60
273 6339584 552 10 0 76
274 6514476 555 5 5 1
275 6514476 555 2 3 202
276 6514476 555 0 8 7
277 6514476 555 10 3 607
278 6514476 555 10 0 4
279 6514476 555 8 1 478
280 6514476 555 9 8 7
281 6514476 555 7 0 1
282 6514476 555 8 5 13
283 6514476 555 6 0 1
284 6514476 555 10 7 7
285 6514476 555 0 7 3
286 6577440 556 10 3 92
287 6577440 556 0 8 655
288 6609793 558 1 2 194
289 6609793 558 1 7 123
290 6612238 559 1 0 608
291 6655083 563 10 3 653
292 6655083 563 10 8 1666
293 6737104 569 10 5 1
294 6737104 569 0 7 1
295 6737104 569 6 2 170
296 6747173 574 8 5 178
297 6805600 576 0 2 51
298 6846025 582 4 1 20340
299 6861493 583 6 8 46
300 6861493 583 6 7 1421
301 6958793 602 6 6 1
302 6960031 603 2 10 133
303 6961705 605 4 6 53
304 6981566 606 10 1 70
305 7154230 612 10 4 133
306 7154230 612 2 0 71
307 7154230 612 10 0 142
308 7154230 612 3 2 448
309 7154230 612 7 7 5079
310 7154230 612 9 3 1
311 7154230 612 3 6 6
312 7154230 612 7 9 1
313 7154230 612 0 9 1
314 7166954 613 3 4 36562
315 7309926 616 0 1 1
316 7309926 616 9 6 36
317 7309926 616 0 5 1227
318 7309926 616 9 2 1
319 7309926 616 1 8 1
320 7309926 616 10 2 2
321 7309926 616 6 2 1
322 7319635 618 2 8 38
323 7339880 625 2 0 34
324 7394345 631 7 5 232
325 7394345 631 2 3 144
326 7430092 633 5 0 4797
327 7436902 634 7 8 2395
328 7445723 635 5 1 1250
329 7554699 644 7 10 1
330 7554699 644 2 7 92
331 7554699 644 3 1 748
332 7554699 644 5 3 10
333 7554699 644 10 6 1
334 7554699 644 3 10 1
335 7563057 651 5 8 25
336 7597602 668 5 8 15767
337 7718043 671 5 2 6
338 7718043 671 5 5 30
339 7718043 671 4 6 8
340 7718043 671 0 0 2
341 7718043 671 3 1 4531
342 7718043 671 9 4 671
343 7718043 671 0 8 5
344 7718043 671 2 0 3
345 7745559 676 8 4 41
346 7864166 683 0 9 15
347 7864166 683 6 5 1
348 7864166 683 5 2 1527
349 7872645 687 7 2 16
350 7873009 688 7 4 43
351 7892460 689 9 10 4
352 7892460 689 8 10 1
353 7941492 690 4 8 300
354 7941492 690 8 6 14
355 7983460 692 7 7 181
356 8186148 695 4 3 4
357 8186148 695 0 7 2
358 8186148 695 4 8 1
359 8186148 695 8 5 28
360 8186148 695 8 4 1
361 8186148 695 9 2 793
362 8186148 695 0 4 1
363 8186148 695 3 2 793
364 8237005 698 2 7 2
365 8237005 698 5 4 89
366 8237005 698 10 5 51
367 8237005 698 10 2 25
368 8259854 701 3 9 1
369 8296921 702 4 0 1187
370 8334330 703 9 8 52
371 8464225 718 5 0 1
372 8464225 718 2 4 27
373 8464225 718 10 1 6
374 8497608 723 6 6 66
375 8497608 723 6 3 13
376 8497608 723 3 3 52
377 8497608 723 3 8 7
378 8527009 727 10 10 104
379 8577970 732 0 0 3
380 8579053 734 2 0 38
381 8621585 735 9 2 1
382 8621585 735 9 3 20
383 8652222 739 10 10 132
384 8752336 741 3 2 9
385 8752336 741 3 0 544
386 8752336 741 5 6 5
387 8752336 741 7 4 33
388 8752336 741 6 1 989
389 8752336 741 1 10 2
390 8771405 744 8 7 169
391 8771405 744 1 8 151
392 8792041 749 4 9 1
393 8880066 751 8 9 15
394 8880066 751 2 6 55
395 8880066 751 1 6 167
396 9013965 766 8 7 39
397 9013965 766 10 7 7
398 9013965 766 0 3 1
399 9017682 767 10 8 62
400 9052733 768 8 3 102
401 9099635 780 1 5 14
402 9105698 782 8 4 1
403 9145112 798 4 0 65
404 9145112 798 4 3 11778
405 9151276 802 5 0 43
406 9381148 822 6 5 26
407 9381148 822 2 10 1
408 9381148 822 10 0 1
409 9518721 823 3 5 599
410 9518721 823 3 10 1
411 9518721 823 9 6 1414
412 9518721 823 5 8 1
413 9518721 823 2 1 969
414 9518721 823 10 8 30
415 9562322 825 10 9 56
416 9562322 825 4 5 112
417 9562655 826 2 8 28
418 9587048 830 3 9 16
419 9587048 830 2 2 63
420 9618679 833 7 4 24511
421 9646276 837 8 9 19
422 9729986 857 9 1 1575
423 9745011 859 6 5 14093
424 9745011 859 6 4 66
425 9759803 861 3 2 309
426 9773537 863 6 9 792
427 9866799 864 1 8 226
428 9866799 864 9 5 15
429 9874303 868 10 6 201
430 9915727 874 2 6 213
431 9928348 877 10 6 24
432 9940963 881 1 2 561
433 10017428 886 6 0 14
434 10017428 886 1 9 2254
435 10017428 886 4 6 555
436 10017428 886 7 0 14
437 10017428 886 7 2 41
438 10017428 886 6 2 82
439 10017428 886 9 5 77
440 10106638 894 0 5 1
441 10106638 894 9 1 4
442 10106638 894 5 9 71
443 10106638 894 7 5 4
444 10111718 895 5 9 36
445 10171190 899 6 0 1733
446 10171190 899 6 9 33179
447 10265807 909 9 4 1528
448 10267006 910 10 5 3
449 10280738 911 9 0 682
450 10297346 913 7 2 19
451 10297346 913 10 2 38
452 10329914 919 6 1 1
453 10329914 919 8 1 1
454 10549840 929 4 1 2
455 10549840 929 2 0 2
456 10549840 929 2 8 4
457 10549840 929 3 0 2
458 10549840 929 4 7 2
459 10549840 929 8 8 9
460 10549840 929 1 9 8
461 10549840 929 6 8 4
462 10549840 929 0 10 1
463 10549840 929 1 0 2
464 10651158 930 8 6 13
465 10651158 930 9 8 309
466 10651158 930 6 2 7
467 10651158 930 4 10 683
468 10742656 931 3 5 4188
469 10742656 931 8 8 4
470 10803202 932 7 2 3611
471 10803202 932 10 8 6
472 10840326 940 0 7 99809
473 11002570 941 0 1 96
474 11002570 941 3 0 5
475 11002570 941 6 3 1
476 11002570 941 4 2 10
477 11002570 941 7 3 1
478 11002570 941 5 3 8
479 11002570 941 10 8 1
480 11002570 941 0 6 34
481 11002570 941 6 2 5
482 11002570 941 10 5 13
483 11010298 947 10 10 71
484 11024936 948 1 4 16
485 11024936 948 8 4 5
486 11044345 950 3 8 7
487 11082581 960 7 1 1039
488 11098288 961 6 5 2407
489 11102174 964 2 8 204
490 11218408 967 7 10 40
491 11218408 967 6 0 19
492 11218408 967 4 0 9
493 11218408 967 0 9 2
494 11218408 967 0 6 9242
495 11218408 967 7 0 29
496 11218408 967 6 1 369
497 11285223 973 0 5 2131
498 11285223 973 2 1 4
499 11322575 987 7 9 42
