11 226 500
0 229985 3 9 5 5552
1 420395 9 4 0 7
2 420395 9 7 4 2
3 420395 9 1 9 7
4 590162 13 6 10 99
5 772087 17 9 10 1
6 772087 17 0 7 2
7 772087 17 1 2 526
8 805574 18 1 4 20
9 805574 18 1 5 253
10 814630 19 1 0 84
11 1095667 31 1 7 4140
12 1205327 38 10 1 381
13 1235901 40 0 1 119
14 1302430 44 1 8 59
15 1359708 50 9 3 14
16 1359708 50 7 8 1
17 1359708 50 7 10 526
18 1359708 50 7 0 44
19 1720383 51 10 0 64
20 1720383 51 0 3 107
21 1720383 51 2 6 1
22 1720383 51 5 8 1
23 1720383 51 7 0 21
24 1725208 53 4 10 10
25 1941231 59 1 7 13
26 1941231 59 5 2 102
27 1941231 59 2 0 6
28 1977224 61 7 4 126
29 2043927 66 0 5 116
30 2178766 72 6 6 108
31 2178766 72 6 0 6120
32 2406543 75 3 3 33
33 2406543 75 7 8 1
34 2406543 75 9 10 7
35 2406543 75 7 6 14
36 2406543 75 5 2 778
37 2406543 75 8 1 4733
38 2473361 82 1 8 76
39 2766893 84 4 5 4
40 2766893 84 7 5 716
41 2841694 89 7 9 100
42 2841694 89 7 0 56
43 2875476 92 4 0 66
44 2921290 94 1 5 756
45 3148288 99 0 7 38
46 3148288 99 0 5 5
47 3434582 102 0 10 21
48 3434582 102 5 7 2
49 3434582 102 6 4 12
50 3434582 102 8 2 967
51 3434582 102 7 9 9
52 3434582 102 9 6 7
53 3624880 108 4 0 226
54 3624880 108 8 3 27
55 3642359 110 3 9 116
56 3695097 116 2 4 113
57 3730696 117 0 6 1374
58 3793576 123 10 10 32
59 3893558 127 0 6 358
60 3940061 132 5 0 21
61 4340995 143 0 3 45
62 4716379 154 3 8 261
63 4716379 154 0 1 5
64 4716379 154 10 5 139
65 4716379 154 8 8 21
66 4716379 154 8 9 11
67 4716379 154 1 7 642
68 5011463 160 6 10 5
69 5011463 160 5 8 306
70 5011463 160 7 5 5
71 5011463 160 6 1 1
72 5111686 162 2 4 15
73 5111686 162 2 10 75
74 5158878 165 1 5 110
75 5239928 172 4 2 54
76 5288710 174 2 2 9
77 5293713 175 8 6 39
78 5387791 177 0 10 393
79 5387791 177 0 1 12993
80 5387791 177 0 6 344
81 5392254 178 9 0 104
82 5404341 181 9 0 206
83 5456921 187 4 2 24
84 5521551 192 3 1 640
85 5748914 198 9 2 2
86 5748914 198 3 6 1002
87 5748914 198 0 2 2
88 5748914 198 7 2 6
89 5748914 198 4 5 9
90 5748914 198 6 6 111
91 5773455 202 3 0 194
92 5835603 203 7 4 4534
93 5953770 210 4 3 1
94 5953770 210 9 3 1
95 6019300 222 7 7 112
96 6044744 224 3 2 49443
97 6171498 229 6 7 9
98 6171498 229 6 0 10
99 6297568 230 0 7 226
100 6297568 230 8 2 48
101 6297568 230 0 8 16
102 6317554 232 6 5 18
103 6541950 233 5 1 8
104 6541950 233 1 3 4
105 6657162 238 3 7 58456
106 6944440 241 6 10 8112
107 6944440 241 1 2 1952
108 6944440 241 4 4 14
109 6944440 241 9 5 1682
110 6944440 241 9 3 1
111 6944440 241 9 10 1014
112 6972766 247 9 7 2966
113 6982884 249 5 5 21
114 6985197 250 2 9 38
115 6989092 252 1 10 17
116 7004035 255 1 1 42
117 7012609 257 6 9 7792
118 7135392 259 3 0 14
119 7413068 262 2 4 9
120 7413068 262 2 0 9
121 7413068 262 4 0 69
122 7413068 262 3 2 6
123 7413068 262 4 4 12
124 7447796 263 8 10 3048
125 7476652 268 9 0 17
126 7507620 269 4 6 99
127 7507620 269 4 3 93
128 7507620 269 4 1 4881
129 7514201 270 8 3 19537
130 7602465 282 8 9 41
131 7642178 285 4 5 15527
132 7642178 285 4 4 168
133 8080084 287 2 4 1
134 8080084 287 10 6 24
135 8080084 287 8 4 1
136 8080084 287 1 4 10
137 8080084 287 8 3 11
138 8080084 287 6 5 4
139 8082798 288 8 10 108
140 8243337 291 10 9 365
141 8243337 291 4 9 182
142 8243337 291 3 7 111
143 8392985 292 10 8 3054
144 8392985 292 3 10 3
145 8682688 303 3 6 5173
146 8682688 303 10 0 1
147 8682688 303 0 9 3069
148 8682688 303 2 9 204
149 8785709 304 3 2 24
150 8785709 304 3 9 58
151 8866502 310 10 6 6
152 9141812 317 7 5 964
153 9141812 317 7 0 4
154 9141812 317 0 1 14
155 9141812 317 4 5 964
156 9141812 317 6 5 3859
157 9358552 328 0 3 1
158 9358552 328 5 8 267
159 9358552 328 5 5 297
160 9464105 338 7 5 18
161 9531294 339 8 3 215
162 9636372 340 0 4 1
163 9636372 340 2 4 1
164 9636372 340 8 1 3
165 9655315 343 6 4 129
166 9682634 345 7 3 13
167 9764468 353 0 5 7115
168 9849496 362 3 2 2
169 9868485 365 1 3 670
170 9868485 365 9 3 670
171 9951910 369 10 9 168
172 10077760 378 10 6 120
173 10080400 379 3 3 2
174 10155053 380 10 7 110
175 10165887 382 8 0 15
176 10168652 384 6 2 220
177 10175448 385 2 6 17811
178 10188192 386 10 3 976
179 10516710 390 4 7 3
180 10516710 390 8 1 2
181 10516710 390 0 0 14
182 10516710 390 7 9 1924
183 10516710 390 10 6 459
184 10516710 390 9 8 2301
185 10915192 395 1 1 24
186 10915192 395 3 0 440
187 10915192 395 1 10 10
188 10940210 397 3 10 99
189 11076673 402 9 4 6
190 11160097 407 2 4 49
191 11370141 409 5 5 797
192 11370141 409 2 6 1
193 11370141 409 5 2 7
194 11484350 413 2 3 25
195 11528135 420 5 8 36
196 11994892 428 6 4 1
197 11994892 428 1 0 2
198 11994892 428 5 8 2
199 11994892 428 3 6 1
200 11994892 428 2 2 1
201 11994892 428 7 2 2
202 11994892 428 9 10 4
203 11994892 428 7 7 1
204 12204633 430 2 10 2
205 12204633 430 3 1 3154
206 12204633 430 0 10 2
207 12204633 430 4 10 5
208 12204633 430 7 6 381
209 12204633 430 10 1 1051
210 12256168 435 0 6 24
211 12256490 436 0 3 109
212 12305120 443 6 7 3945
213 12331103 445 7 0 52
214 12791915 461 4 0 1
215 12791915 461 9 7 1
216 12791915 461 4 8 9
217 13322449 466 6 7 1
218 13322449 466 4 0 15
219 13322449 466 1 8 1
220 13322449 466 0 3 1801
221 13322449 466 3 2 100
222 13322449 466 2 5 1
223 13322449 466 1 1 2
224 13322449 466 9 5 1
225 13448287 467 4 5 5
226 13448287 467 4 3 45
227 13491229 469 6 3 3988
228 13554746 472 2 0 14
229 13697281 473 3 5 204
230 13697281 473 5 3 14
231 13697281 473 9 10 1
232 13697281 473 2 9 4
233 13698884 474 4 9 211
234 14138670 475 0 4 2
235 14138670 475 2 10 51
236 14138670 475 2 0 1
237 14138670 475 0 5 2
238 14138670 475 6 3 1
239 14138670 475 0 0 2
240 14138670 475 4 1 6
241 14138670 475 1 5 13
242 14138670 475 7 8 5
243 14138670 475 2 3 1
244 14138670 475 1 2 13
245 14138670 475 4 3 1
246 14219828 479 9 9 1
247 14219828 479 1 9 1
248 14250321 483 5 10 8
249 14807019 498 8 0 10
250 14807019 498 3 3 1
251 14807019 498 7 3 9
252 14841335 499 7 6 4848
253 15112661 507 9 4 1429
254 15112661 507 8 6 3
255 15112661 507 6 10 89
256 15112661 507 1 7 72
257 15112661 507 4 0 6
258 15112661 507 0 3 2
259 15112661 507 3 1 1
260 15112661 507 5 3 2
261 15112661 507 5 0 12
262 15455542 513 6 6 80
263 15455542 513 6 10 6
264 15455542 513 5 7 35
265 15455542 513 2 5 862
266 15455542 513 2 4 200
267 15455542 513 1 0 1
268 15464161 515 10 1 15
269 15506796 516 1 3 1
270 15506796 516 4 3 1
271 15567298 530 3 10 50
272 15629960 537 2 10 22
273 15696252 542 1 0 34
274 15834018 551 10 6 30
275 16286192 555 3 9 4
276 16286192 555 1 3 202
277 16286192 555 9 2 1752
278 16286192 555 0 3 202
279 16286192 555 3 0 2
280 16286192 555 1 8 7
281 16286192 555 0 7 3
282 16286192 555 7 4 829
283 16443602 556 3 5 3164
284 16443602 556 10 3 92
285 16443602 556 8 7 15
286 16670241 565 1 1 233
287 16842760 569 10 5 1
288 16842760 569 5 5 1
289 16842760 569 5 6 1
290 17115063 582 4 4 50
291 17153733 583 6 1 2272
292 17153733 583 6 7 1421
293 17165782 587 4 1 12
294 17222367 591 8 10 2
295 17453915 606 10 1 70
296 17507196 611 2 4 117
297 17885576 612 7 2 448
298 17885576 612 0 5 240
299 17885576 612 8 6 1
300 17885576 612 8 10 5
301 17885576 612 8 7 2539
302 17885576 612 9 3 1
303 17885576 612 9 10 5
304 17885576 612 6 2 448
305 17885576 612 3 0 71
306 17885576 612 1 0 71
307 17885576 612 6 6 1
308 18274816 616 4 6 72
309 18274816 616 3 1 1
310 18274816 616 3 6 36
311 18274816 616 7 6 36
312 18274816 616 2 5 1227
313 18274816 616 3 3 62
314 18346639 624 1 5 2839
315 18396860 626 2 9 226
316 18447515 628 1 0 118
317 18485863 631 9 5 232
318 18485863 631 7 5 232
319 18575231 633 5 2 6
320 18575231 633 5 6 85
321 18575231 633 5 3 85
322 18592255 634 7 6 15150
323 18592255 634 7 4 53
324 18592255 634 7 8 2395
325 18661283 638 2 7 203
326 18661283 638 0 6 40
327 18886748 644 1 8 1817
328 18886748 644 6 5 15
329 18886748 644 5 10 11
330 18886748 644 4 7 834
331 18924868 658 0 3 6037
332 18994006 668 5 8 15767
333 19295107 671 5 5 30
334 19295107 671 10 5 30
335 19295107 671 1 9 17
336 19355208 675 2 2 222
337 19386285 678 6 4 18
338 19386285 678 7 4 9
339 19660415 683 5 9 15
340 19660415 683 1 10 32
341 19660415 683 4 3 29
342 19660415 683 10 5 1
343 19660415 683 4 10 16
344 19660415 683 10 3 59
345 19660415 683 5 3 29
346 19660415 683 4 6 10
347 19853732 690 0 7 11086
348 19853732 690 0 1 12
349 19992548 693 8 2 61
350 19992548 693 8 9 102
351 20465371 695 10 1 3
352 20465371 695 4 4 1
353 20465371 695 9 6 1
354 20465371 695 8 4 1
355 20465371 695 1 10 1
356 20465371 695 6 7 1
357 20465371 695 0 8 1
358 20465371 695 6 0 64
359 20465371 695 10 7 1
360 20465371 695 9 9 214
361 20484653 697 1 10 15
362 20484653 697 2 1 77
363 20484653 697 6 1 154
364 20592512 698 2 7 2
365 20592512 698 10 4 89
366 20649635 701 2 9 1
367 20742302 702 3 9 43
368 20742302 702 3 5 112
369 20742302 702 3 4 649
370 20835827 703 2 0 74
371 20835827 703 2 3 37
372 20835827 703 2 10 81
373 20853180 707 6 1 13
374 20914697 710 3 5 9637
375 20969475 714 10 4 1126
376 21160564 718 3 1 85
377 21160564 718 8 9 31
378 21160564 718 7 1 13
379 21244020 723 3 0 39
380 21244020 723 6 7 16
381 21444926 732 6 9 46
382 21444926 732 5 5 26
383 21444926 732 9 8 39
384 21444926 732 7 0 1
385 21553962 735 9 9 40
386 21588629 737 5 0 44
387 21880840 741 1 0 1089
388 22200166 751 4 5 355
389 22200166 751 7 4 13
390 22200166 751 7 6 55
391 22200166 751 0 3 1455
392 22240115 752 7 1 168
393 22357792 757 7 5 578
394 22357792 757 9 5 1734
395 22534914 766 5 7 7
396 22534914 766 2 4 48
397 22631833 768 0 0 103
398 22749087 780 1 5 14
399 22812092 790 7 8 37
400 22862782 798 4 9 293
401 22912873 804 4 4 621
402 23009095 817 8 3 1577
403 23452871 822 3 3 1
404 23452871 822 9 1 1
405 23452871 822 0 10 3
406 23452871 822 3 4 1
407 23452871 822 8 0 1
408 23452871 822 10 3 3
409 23452871 822 10 6 8
410 23452871 822 2 9 1
411 23452871 822 4 2 9
412 23452871 822 9 7 138
413 23796803 823 9 6 1414
414 23796803 823 8 2 6
415 23905806 825 7 1 19
416 23905806 825 1 9 18
417 23906637 826 9 8 28
418 23906637 826 2 8 28
419 24046699 833 7 2 89
420 24097242 834 7 4 4
421 24126947 840 10 1 81
422 24177611 842 1 10 21
423 24244303 846 5 3 96
424 24244303 846 5 6 89
425 24247176 848 8 4 118
426 24433843 863 2 0 9
427 24433843 863 6 0 9
428 24433843 863 6 7 8
429 24666998 864 1 4 5
430 24666998 864 2 0 1809
431 24666998 864 3 4 5
432 24666998 864 0 10 517
433 24666998 864 8 1 4
434 24685758 868 10 6 201
435 24789318 874 2 8 183
436 24811399 875 2 7 9
437 24852407 881 6 2 1685
438 25043572 886 5 6 555
439 25043572 886 10 1 11
440 25043572 886 7 0 14
441 25043572 886 7 7 8
442 25266595 894 6 3 6
443 25266595 894 4 8 1
444 25266595 894 5 1 19
445 25375963 896 2 2 38
446 25375963 896 1 3 1586
447 25375963 896 10 3 3173
448 25375963 896 9 10 16
449 25427975 899 6 10 114
450 25513961 903 1 7 111
451 25541673 905 2 8 95
452 25627471 907 4 4 22
453 25743366 913 2 2 19
454 25824786 919 3 1 1
455 25833661 920 6 9 28
456 25833661 920 2 10 8
457 25947175 928 1 10 51
458 26374600 929 0 7 2
459 26374600 929 8 8 9
460 26374600 929 1 8 4
461 26374600 929 9 10 2
462 26374600 929 8 10 2
463 26627895 930 3 2 29
464 26627895 930 8 3 15
465 26627895 930 8 2 7
466 26856642 931 5 2 4823
467 26856642 931 3 3 124
468 27008006 932 0 4 6
469 27008006 932 5 3 13
470 27008006 932 7 10 23
471 27008006 932 3 0 2
472 27008006 932 6 10 47
473 27008006 932 9 2 902
474 27100817 940 0 3 11398
475 27100817 940 0 2 131
476 27100817 940 0 5 111
477 27506426 941 0 0 5
478 27506426 941 4 9 3916
479 27506426 941 9 9 2610
480 27506426 941 0 3 1
481 27506426 941 6 8 1
482 27506426 941 1 1 1248
483 27506426 941 3 5 13
484 27506426 941 4 5 41
485 27525745 947 10 10 71
486 27562342 948 6 6 791
487 27562342 948 8 4 5
488 27646425 957 1 9 17
489 27703706 959 10 3 152
490 27745720 961 10 5 343
491 27745720 961 1 5 343
492 28046022 967 4 10 13
493 28046022 967 0 4 14
494 28136027 972 10 6 244
495 28213059 973 0 2 17
496 28213059 973 2 9 112
497 28213059 973 0 6 19
498 28362726 993 4 6 32
499 28425459 994 0 5 16
