11 224 500
0 20086 0 9 8 56
1 76661 3 9 4 3213
2 76661 3 9 10 1871
3 140131 9 7 8 2
4 140131 9 7 10 1
5 148691 10 4 1 8702
6 257362 17 6 8 1
7 257362 17 2 4 12
8 257362 17 0 8 1
9 257362 17 1 2 526
10 257362 17 1 7 17
11 257362 17 2 5 100
12 268524 18 1 5 253
13 302093 21 3 5 18
14 365222 31 3 6 1
15 389332 37 3 9 6321
16 389332 37 8 10 4
17 401775 38 10 1 381
18 407844 39 4 5 6
19 424333 41 10 3 35
20 453236 50 9 3 14
21 573461 51 5 7 5
22 582859 56 5 6 86
23 647077 59 8 4 6
24 659074 61 10 2 24
25 681318 67 1 7 10
26 802181 75 5 7 10
27 802181 75 4 1 1183
28 802181 75 10 3 33
29 802181 75 6 10 7
30 802181 75 8 1 4733
31 802181 75 5 10 3
32 802181 75 6 0 11
33 802181 75 3 3 33
34 812015 77 7 4 21
35 922297 84 6 0 15
36 922297 84 3 9 1
37 922297 84 4 9 6
38 922297 84 10 10 2
39 922297 84 6 2 308
40 922297 84 3 10 6
41 922570 85 9 6 404
42 929452 88 9 6 10
43 973763 94 5 5 756
44 1049429 99 7 1 40
45 1049429 99 0 5 5
46 1050925 100 7 2 57
47 1052230 101 10 8 35
48 1144860 102 9 4 16
49 1161524 104 4 6 5599
50 1214119 110 3 3 4665
51 1231699 116 2 5 254
52 1231699 116 2 4 113
53 1231699 116 2 7 208
54 1269558 124 1 3 7
55 1346658 136 1 9 1
56 1346658 136 8 3 215
57 1423494 137 8 9 6410
58 1423494 137 8 3 48
59 1423494 137 5 2 21
60 1423494 137 10 10 222
61 1423494 137 1 9 2136
62 1434900 142 3 3 77
63 1446998 143 0 0 349
64 1446998 143 0 5 3991
65 1484589 150 2 7 5692
66 1572126 154 9 2 6235
67 1670487 160 2 2 210
68 1670487 160 1 6 2
69 1670487 160 1 7 1
70 1670487 160 8 3 10
71 1670487 160 4 3 2
72 1670487 160 9 10 57
73 1703895 162 8 6 14
74 1703895 162 3 1 1445
75 1703895 162 6 3 191
76 1738440 170 3 7 102
77 1762903 174 0 7 14
78 1762903 174 6 2 19
79 1808767 184 1 6 21
80 1916304 198 5 9 31
81 1916304 198 8 0 5
82 1916304 198 1 2 2
83 1916304 198 5 4 4
84 1916304 198 1 8 11
85 1916304 198 2 6 334
86 1916304 198 8 4 2
87 1916304 198 10 5 1
88 1916304 198 7 4 2
89 1924485 202 3 10 415
90 1924485 202 3 8 120
91 1949343 205 3 2 11780
92 1963691 209 8 5 39
93 1984590 210 5 3 7
94 1984590 210 3 3 1
95 1988251 212 2 6 14
96 2014914 224 3 4 238
97 2057166 229 6 3 14
98 2057166 229 6 2 1233
99 2057166 229 6 0 10
100 2099189 230 0 3 136
101 2099189 230 8 1 46
102 2099189 230 0 0 2
103 2180650 233 1 2 4
104 2180650 233 9 5 1
105 2180650 233 7 7 85
106 2180650 233 3 4 11532
107 2180650 233 1 3 4
108 2217168 237 10 6 47
109 2217168 237 4 7 51
110 2217168 237 4 2 27
111 2217168 237 4 1 55
112 2230980 239 5 1 9
113 2230980 239 7 1 18
114 2230980 239 8 1 9
115 2314813 241 6 4 14
116 2314813 241 9 7 12
117 2314813 241 7 1 6
118 2314813 241 3 9 1226
119 2314813 241 7 10 1014
120 2314813 241 4 0 9
121 2314813 241 1 1 18
122 2327628 249 7 5 43
123 2327628 249 5 5 21
124 2378464 259 8 5 600
125 2378942 261 2 6 94
126 2471022 262 3 0 9
127 2471022 262 4 4 12
128 2471022 262 3 4 1
129 2471022 262 4 10 18
130 2482598 263 2 10 1524
131 2502540 269 4 7 59
132 2512432 271 1 7 8
133 2517524 276 8 5 169
134 2534405 284 7 1 30
135 2693361 287 10 10 61
136 2693361 287 9 9 1
137 2693361 287 7 0 74
138 2693361 287 3 0 5
139 2693361 287 9 10 7
140 2693361 287 0 8 11
141 2747779 291 9 9 548
142 2747779 291 3 7 111
143 2747779 291 8 0 6
144 2747779 291 5 3 9080
145 2797661 292 6 10 1
146 2797661 292 9 8 218
147 2894229 303 9 10 14
148 2894229 303 0 0 3
149 2965086 311 0 10 19
150 3047270 317 7 0 4
151 3047270 317 0 5 1929
152 3047270 317 4 5 964
153 3075483 324 4 9 142
154 3119517 328 6 5 594
155 3119517 328 2 0 3
156 3119517 328 6 3 1
157 3119517 328 8 3 2
158 3132290 330 0 7 67
159 3142764 335 1 3 1
160 3153996 337 4 9 42
161 3154701 338 7 5 18
162 3177098 339 10 7 31
163 3177098 339 7 3 430
164 3264610 358 0 8 24
165 3301101 368 0 7 1327
166 3317303 369 2 7 23
167 3351144 370 10 5 1
168 3351144 370 3 5 8
169 3351144 370 6 8 3
170 3356835 373 6 3 66
171 3385017 380 10 8 9844
172 3389439 383 4 6 187
173 3400830 387 5 9 1
174 3424062 388 7 5 19
175 3505570 390 6 7 6
176 3505570 390 10 5 13
177 3505570 390 6 1 6
178 3505570 390 0 10 1
179 3505570 390 9 10 1
180 3506348 391 5 3 356
181 3638397 395 3 7 1
182 3638397 395 6 5 177
183 3638397 395 2 7 1
184 3638397 395 2 3 10
185 3638397 395 9 1 1
186 3638397 395 9 0 440
187 3645537 396 8 1 405
188 3692224 402 2 5 49
189 3705404 406 8 0 35
190 3790047 409 10 6 11
191 3790047 409 1 0 528
192 3790047 409 10 5 797
193 3790047 409 1 6 1
194 3790047 409 5 5 797
195 3790047 409 5 8 13
196 3790047 409 10 3 1
197 3793314 410 6 3 1
198 3842711 420 7 8 9
199 3858693 422 0 7 62
200 3858693 422 8 7 4
201 3998297 428 8 7 1
202 3998297 428 10 4 1
203 3998297 428 6 7 1
204 3998297 428 10 6 1
205 3998297 428 7 8 2
206 3998297 428 7 2 2
207 3998297 428 10 5 822
208 3998297 428 4 9 3
209 3998297 428 7 0 1
210 3998297 428 4 7 1
211 4068211 430 0 2 18
212 4068211 430 8 3 8
213 4068211 430 8 2 36
214 4068211 430 3 1 3154
215 4068211 430 2 5 8
216 4101706 443 6 0 121
217 4183442 457 7 9 27
218 4183442 457 2 1 1
219 4183442 457 7 7 1
220 4183442 457 1 5 64
221 4183442 457 6 9 40
222 4183442 457 6 4 33
223 4183442 457 10 3 44
224 4189343 458 3 6 11201
225 4263971 461 4 8 9
226 4263971 461 1 0 1
227 4440816 466 8 7 1
228 4440816 466 0 10 6
229 4440816 466 0 8 1
230 4440816 466 9 2 50
231 4440816 466 3 6 8
232 4440816 466 9 5 1
233 4440816 466 10 9 4
234 4440816 466 2 8 1
235 4482762 467 10 9 8
236 4482762 467 10 7 23
237 4482762 467 6 7 5
238 4482762 467 1 7 5
239 4494276 468 7 9 22
240 4506492 471 6 10 923
241 4565760 473 10 8 52
242 4565760 473 1 2 15
243 4712890 475 2 10 51
244 4712890 475 1 10 5
245 4712890 475 10 5 2
246 4712890 475 5 8 2
247 4712890 475 5 1 3
248 4712890 475 10 7 4
249 4712890 475 9 10 15
250 4712890 475 8 10 5
251 4712890 475 8 0 1
252 4739942 479 3 9 2
253 4739942 479 0 9 1
254 4745207 480 8 5 25
255 4768011 487 5 5 33572
256 4768011 487 5 0 66373
257 4786586 489 8 10 15052
258 4797253 494 7 2 10
259 4935673 498 3 10 13
260 4935673 498 1 6 1
261 4935673 498 10 1 35
262 4935673 498 7 1 17
263 4935673 498 4 9 1
264 4935673 498 5 2 9
265 4935673 498 1 0 10
266 4935673 498 3 4 50
267 4935673 498 0 7 7
268 4935673 498 8 9 1
269 4958136 504 3 10 30
270 4958136 504 6 9 296
271 4958136 504 6 8 77
272 5037553 507 0 2 17
273 5037553 507 1 8 52
274 5068746 510 6 3 4
275 5068746 510 7 5 3
276 5068746 510 7 10 87
277 5068746 510 6 9 1
278 5068746 510 7 0 47
279 5151847 513 6 7 11
280 5151847 513 5 10 18
281 5172341 520 0 2 1008
282 5232084 542 1 1 3993
283 5278006 551 0 1 26
284 5428730 555 7 4 829
285 5428730 555 5 5 1
286 5428730 555 3 6 47
287 5428730 555 4 2 4380
288 5428730 555 3 4 829
289 5428730 555 7 3 202
290 5481200 556 10 3 92
291 5481200 556 9 7 110
292 5513675 560 6 0 10
293 5557407 566 3 6 39
294 5614253 569 6 5 1
295 5614253 569 7 6 1
296 5614253 569 3 7 8
297 5614253 569 6 7 1
298 5614253 569 8 5 1
299 5671334 576 6 7 65
300 5705021 582 4 9 88
301 5740789 591 0 1 40
302 5740789 591 4 1 2
303 5744329 593 9 9 1350
304 5750949 597 3 4 14
305 5835732 611 7 6 205
306 5961858 612 1 0 71
307 5961858 612 6 8 17
308 5961858 612 4 7 2539
309 5961858 612 2 6 40
310 5961858 612 1 3 1
311 5961858 612 5 6 1
312 5961858 612 8 4 26
313 5972462 613 3 9 4062
314 6091605 616 8 1 1
315 6091605 616 6 6 108
316 6091605 616 3 2 3
317 6091605 616 6 0 494
318 6091605 616 5 4 3
319 6115546 624 2 5 2839
320 6132286 626 2 0 55
321 6197418 634 7 9 19581
322 6204769 635 5 7 192
323 6220427 638 0 7 406
324 6220427 638 2 6 40
325 6295582 644 8 6 1
326 6295582 644 1 0 8
327 6295582 644 5 3 10
328 6295582 644 8 9 27
329 6309222 659 10 5 113
330 6319828 661 7 0 13
331 6324799 667 2 7 77
332 6331335 668 5 10 160
333 6431702 671 5 4 1342
334 6431702 671 7 7 1
335 6473737 681 10 5 12
336 6473737 681 8 4 1319
337 6553471 683 4 6 10
338 6553471 683 5 8 11
339 6560537 687 10 7 98
340 6560537 687 5 7 16
341 6577050 689 6 4 636
342 6617910 690 8 2 3
343 6664182 693 8 3 1542
344 6664182 693 8 2 61
345 6821790 695 1 7 1
346 6821790 695 0 10 3
347 6821790 695 5 9 214
348 6821790 695 9 7 1
349 6821790 695 4 4 1
350 6864170 698 5 5 6
351 6864170 698 2 9 33
352 6864170 698 2 10 32
353 6864170 698 10 7 2
354 6864170 698 2 5 3
355 6864170 698 5 4 89
356 6914100 702 4 7 81
357 6914100 702 4 10 74
358 6945275 703 2 9 325
359 6945275 703 2 6 38
360 6971565 710 3 6 32
361 6972646 711 9 10 28
362 7053521 718 10 3 15
363 7081340 723 6 3 13
364 7081340 723 3 1 113
365 7081340 723 3 7 32
366 7091971 724 6 10 39
367 7091971 724 6 8 63
368 7210185 739 10 2 39026
369 7293613 741 5 9 14
370 7293613 741 2 4 66
371 7293613 741 6 7 14
372 7293613 741 2 2 3
373 7309504 744 6 8 1133
374 7309811 745 3 10 118
375 7311356 747 8 5 26
376 7326701 749 5 9 2
377 7326701 749 9 4 6
378 7326701 749 2 7 20
379 7400055 751 6 1 15
380 7400055 751 4 8 5
381 7413371 752 3 8 42
382 7452597 757 3 0 7
383 7464057 761 5 5 45
384 7464057 761 2 5 45
385 7511638 766 6 3 1
386 7511638 766 2 6 14
387 7511638 766 7 5 41
388 7511638 766 0 10 30
389 7543944 768 8 7 6
390 7543944 768 0 2 36
391 7543944 768 0 0 103
392 7573480 778 8 9 7
393 7583029 780 9 8 6604
394 7583029 780 2 5 4
395 7589026 783 7 10 8
396 7606767 795 3 7 39
397 7620927 798 4 7 28
398 7620927 798 4 1 2953
399 7620952 799 2 10 54
400 7637624 804 4 0 117
401 7670769 818 9 4 82
402 7817623 822 0 5 26
403 7817623 822 7 3 5
404 7817623 822 4 3 1
405 7817623 822 7 6 13
406 7817623 822 7 7 691
407 7817623 822 9 8 239
408 7817623 822 0 2 3
409 7932267 823 5 1 969
410 7932267 823 9 4 7107
411 7932267 823 1 7 1502
412 7932267 823 5 4 3553
413 7968602 825 4 4 187
414 7968602 825 1 1 19
415 7968602 825 5 0 3
416 7968602 825 10 9 56
417 7968879 826 9 8 28
418 7974078 828 6 0 60
419 7989207 830 2 1 24
420 8015566 833 7 5 22
421 8015566 833 7 6 12731
422 8015566 833 7 4 24511
423 8015566 833 7 9 12629
424 8015566 833 7 7 1338
425 8066126 844 2 9 283
426 8081434 846 5 10 165
427 8081434 846 5 3 96
428 8083442 849 7 10 39
429 8091449 854 6 10 67
430 8222332 864 10 9 35
431 8222332 864 8 4 5
432 8222332 864 3 10 172
433 8263106 874 2 7 312
434 8263106 874 2 1 40
435 8347857 886 5 3 48
436 8347857 886 5 0 59
437 8347857 886 8 9 751
438 8347857 886 0 5 25
439 8359121 888 10 8 196
440 8359121 888 10 4 103
441 8422198 894 7 7 1
442 8422198 894 6 7 54
443 8422198 894 0 2 11
444 8458654 896 8 9 10
445 8458654 896 9 9 30
446 8458654 896 10 3 3173
447 8475991 899 6 6 12658
448 8475991 899 6 9 33179
449 8485884 901 7 2 30
450 8504653 903 1 4 337
451 8504653 903 1 5 36
452 8542490 907 4 9 76
453 8554839 909 9 6 8913
454 8554839 909 9 7 11407
455 8611220 920 6 10 8
456 8612310 921 8 1 88
457 8646401 926 7 1 61
458 8791533 929 2 0 2
459 8791533 929 4 8 4
460 8791533 929 1 4 878
461 8791533 929 4 1 2
462 8875965 930 1 9 71
463 8952214 931 1 9 2119
464 8952214 931 6 10 225
465 8952214 931 10 8 16
466 8952214 931 8 6 8
467 8952214 931 2 3 24
468 9002668 932 3 0 2
469 9002668 932 1 6 4
470 9002668 932 9 10 23
471 9002668 932 0 10 23
472 9002668 932 10 6 4
473 9002668 932 9 4 6
474 9007824 934 1 7 15
475 9168808 941 5 3 8
476 9168808 941 2 10 18
477 9168808 941 8 9 1305
478 9168808 941 9 1 288
479 9168808 941 1 6 5
480 9168808 941 0 7 1
481 9168808 941 9 2 8
482 9168808 941 7 4 3
483 9168808 941 3 0 5
484 9208480 954 6 9 78
485 9248573 961 10 5 343
486 9248573 961 4 5 343
487 9251235 963 0 8 229
488 9348674 967 1 0 9
489 9348674 967 0 10 13
490 9404353 973 0 7 14257
491 9404353 973 0 0 2
492 9411808 977 7 2 1705
493 9435479 987 9 9 42
494 9454242 993 4 8 12709
495 9454242 993 4 6 32
496 9454242 993 4 1 115
497 9475153 994 9 0 3
498 9478968 995 5 6 518
499 9483689 997 6 3 22
