11 238 500
0 60259 0 9 6 12
1 229985 3 5 0 2396
2 229985 3 9 1 84
3 420395 9 1 6 23
4 456375 12 3 2 8
5 590162 13 8 1 265
6 772087 17 1 5 16
7 772087 17 5 8 30
8 772087 17 2 4 12
9 772087 17 3 8 6
10 772087 17 2 7 2
11 805574 18 1 8 1476
12 906279 21 4 10 27
13 906279 21 4 3 9711
14 906279 21 3 10 68
15 978614 27 3 0 130
16 1095667 31 3 6 1
17 1167997 37 4 0 25
18 1223533 39 4 5 6
19 1223533 39 0 5 34
20 1302430 44 1 3 43
21 1302430 44 1 7 1307
22 1311500 47 8 1 42
23 1317607 49 5 3 10203
24 1359708 50 9 3 14
25 1720383 51 0 10 1
26 1720383 51 5 0 10
27 1720383 51 2 0 10
28 1720383 51 3 3 15
29 1720383 51 0 4 15
30 1720383 51 0 5 33
31 1720383 51 10 4 15
32 1720383 51 3 8 13
33 1720383 51 9 1 15
34 2124906 71 8 0 65
35 2187366 74 3 7 8
36 2406543 75 6 9 1
37 2406543 75 4 8 1
38 2406543 75 5 7 10
39 2406543 75 2 3 33
40 2766893 84 3 5 4
41 2766893 84 7 7 21
42 2766893 84 6 5 4
43 2769201 86 7 5 3487
44 2841694 89 7 10 53
45 2841694 89 7 0 56
46 2894997 93 7 7 13
47 2936442 96 10 5 88
48 2981259 97 0 9 1843
49 2981259 97 2 9 3687
50 2981259 97 6 9 1843
51 3148288 99 7 8 5
52 3148288 99 7 10 3070
53 3148288 99 7 7 12
54 3148288 99 9 3 63
55 3148288 99 7 1 40
56 3434582 102 0 2 483
57 3434582 102 7 3 5
58 3434582 102 2 3 17
59 3434582 102 3 8 29219
60 3624880 108 4 0 226
61 3642359 110 3 8 100
62 3730696 117 0 4 101
63 3809810 125 0 2 16
64 3897811 128 2 0 5
65 4039975 136 8 1 94
66 4270483 137 1 0 4
67 4270483 137 4 10 222
68 4402529 146 10 8 333
69 4419279 148 1 10 43
70 4489444 153 8 9 37
71 4716379 154 4 1 16
72 4716379 154 4 5 69
73 4716379 154 8 8 21
74 4716379 154 3 8 261
75 4716379 154 9 8 21
76 4716379 154 0 9 11
77 4716379 154 4 0 4
78 4716379 154 9 3 28
79 4718714 155 1 7 3
80 5011463 160 2 3 2
81 5011463 160 0 5 35
82 5011463 160 6 1 1
83 5011463 160 5 9 4
84 5111686 162 10 10 5
85 5158878 165 3 3 93
86 5158878 165 1 5 110
87 5215322 170 3 8 83
88 5215322 170 3 9 3937
89 5215322 170 3 4 341
90 5288710 174 6 2 19
91 5288710 174 0 3 36
92 5288710 174 6 10 9
93 5294874 176 6 9 8
94 5387791 177 3 7 17
95 5426302 184 1 6 21
96 5456921 187 9 1 15
97 5748914 198 10 10 7
98 5748914 198 5 4 4
99 5748914 198 2 6 334
100 5748914 198 6 10 86
101 5755098 201 5 5 64
102 5964753 212 2 6 14
103 5995731 217 8 5 78
104 5995731 217 7 4 13
105 5995731 217 4 4 150
106 6067154 228 9 2 15
107 6171498 229 2 7 9
108 6297568 230 3 7 226
109 6541950 233 10 7 1
110 6541950 233 0 1 4
111 6541950 233 4 8 5
112 6541950 233 8 2 4
113 6541950 233 6 10 47
114 6651505 237 4 10 82
115 6651505 237 4 7 51
116 6651505 237 10 2 55
117 6944440 241 1 0 9
118 6944440 241 3 9 1226
119 6944440 241 1 7 12
120 6944440 241 4 5 1682
121 6944440 241 9 7 12
122 7136826 261 2 6 94
123 7413068 262 8 3 1
124 7413068 262 2 6 8
125 7413068 262 4 8 7
126 7413068 262 3 10 6
127 7642178 285 4 1 297
128 7642178 285 4 8 94
129 8080084 287 8 9 1
130 8080084 287 5 4 1
131 8080084 287 4 9 1
132 8080084 287 4 0 1
133 8080084 287 4 8 5
134 8080084 287 10 8 35
135 8080084 287 2 8 5
136 8080084 287 2 10 30
137 8080084 287 6 10 7
138 8243337 291 5 0 3
139 8243337 291 6 7 333
140 8243337 291 2 7 111
141 8392985 292 2 1 197
142 8392985 292 10 6 39
143 8416609 295 6 4 6
144 8496093 298 1 3 1
145 8496093 298 9 8 8519
146 8682688 303 4 7 3
147 8682688 303 2 0 2
148 8682688 303 2 1 25
149 8682688 303 4 6 795
150 8785709 304 3 3 9291
151 8785709 304 3 2 24
152 8785709 304 3 4 11
153 8805591 305 4 7 38
154 8815134 307 5 4 3332
155 8849494 308 6 2 3
156 8849494 308 6 6 76
157 9141812 317 8 7 2009
158 9141812 317 4 7 3013
159 9141812 317 7 1 42
160 9141812 317 1 3 109
161 9158209 319 6 10 78
162 9254806 327 1 3 3434
163 9358552 328 5 0 1
164 9396872 330 0 0 683
165 9428293 335 1 8 44
166 9531294 339 0 3 215
167 9636372 340 3 0 20
168 9636372 340 9 1 3
169 9636372 340 5 3 126
170 9636372 340 7 7 2998
171 9692668 346 6 5 978
172 9729604 351 8 1 221
173 9764468 353 0 1 6
174 9849496 362 6 3 357
175 9865320 363 8 4 62
176 9868485 365 2 3 670
177 9903303 368 0 7 1327
178 10053432 370 4 9 46
179 10053432 370 3 8 3
180 10068872 372 3 0 349
181 10072057 374 7 10 23
182 10155053 380 10 3 238
183 10155053 380 10 1 100
184 10272187 388 7 9 4765
185 10272187 388 0 10 199
186 10516710 390 3 5 6
187 10516710 390 5 10 1
188 10603884 392 4 9 3
189 10915192 395 6 0 440
190 10915192 395 6 8 33
191 10915192 395 1 3 52
192 10915192 395 1 6 27
193 10936612 396 10 1 1216
194 10971954 401 0 3 1192
195 11076673 402 9 10 117
196 11076673 402 2 9 21
197 11160097 407 2 0 54
198 11370141 409 2 5 3188
199 11370141 409 10 3 1
200 11370141 409 1 7 15
201 11370141 409 1 4 2
202 11379944 410 6 3 1
203 11484350 413 9 8 10548
204 11484350 413 9 5 300
205 11484350 413 2 2 3014
206 11487602 414 7 9 40
207 11994892 428 9 9 1
208 11994892 428 3 5 822
209 11994892 428 7 2 2
210 11994892 428 1 4 1
211 11994892 428 7 7 1
212 12204633 430 3 1 3154
213 12204633 430 4 1 7361
214 12204633 430 1 0 2
215 12204633 430 5 4 3
216 12220301 433 7 4 12730
217 12256168 435 2 6 24
218 12283357 440 6 10 20
219 12283357 440 5 0 14
220 12288036 441 7 3 52
221 12289149 442 6 1 1280
222 12550326 457 10 10 5
223 12550326 457 0 7 1
224 12550326 457 8 4 1
225 12568029 458 3 6 11201
226 12629720 460 1 7 335
227 12629720 460 1 4 4695
228 12791915 461 10 8 9
229 12791915 461 6 9 85
230 12791915 461 1 0 1
231 12791915 461 6 6 122
232 13322449 466 7 7 1
233 13322449 466 5 1 2
234 13322449 466 1 7 1
235 13322449 466 1 6 4
236 13322449 466 0 7 1
237 13448287 467 4 3 45
238 13448287 467 9 1 1
239 13448287 467 5 8 7
240 13448287 467 0 6 6
241 13519477 471 5 10 923
242 13554746 472 0 0 7
243 14138670 475 1 6 11
244 14138670 475 0 10 10
245 14138670 475 5 8 2
246 14138670 475 4 3 1
247 14138670 475 0 7 4
248 14138670 475 8 8 60
249 14138670 475 0 8 7
250 14186374 478 8 2 76
251 14250321 483 2 10 40
252 14279504 486 6 1 461
253 14359759 489 8 9 31
254 14359759 489 2 5 94
255 14807019 498 0 9 1
256 14807019 498 4 0 10
257 14807019 498 8 8 514
258 14807019 498 9 8 514
259 14807019 498 2 7 7
260 14807019 498 10 1 35
261 14807019 498 3 6 1
262 14807019 498 9 3 1
263 14874410 504 3 9 1629
264 14877532 505 0 7 64
265 14879779 506 7 10 2637
266 15112661 507 1 6 3
267 15112661 507 2 6 3
268 15124270 509 2 1 115
269 15206240 510 7 5 3
270 15455542 513 1 6 240
271 15455542 513 3 6 80
272 15506796 516 2 3 1
273 15564515 529 2 9 374
274 15619231 535 0 7 12
275 15696252 542 1 6 65
276 15696252 542 1 1 3993
277 15696252 542 1 9 38
278 15848962 552 10 0 76
279 16286192 555 9 10 1
280 16286192 555 3 0 2
281 16286192 555 4 5 3
282 16286192 555 1 9 2
283 16286192 555 1 2 876
284 16286192 555 5 5 1
285 16286192 555 0 4 829
286 16286192 555 2 0 2
287 16443602 556 9 0 1
288 16443602 556 9 5 3164
289 16443602 556 3 3 23
290 16443602 556 3 10 335
291 16524483 558 1 6 81
292 16595996 562 10 2 37
293 16637708 563 10 4 100
294 16670241 565 1 1 233
295 16670241 565 1 8 222
296 16842760 569 2 9 2
297 16842760 569 3 6 1
298 16843509 570 1 9 106
299 16862799 573 1 5 19
300 17041102 580 0 8 233
301 17153733 583 6 8 46
302 17153733 583 6 3 83
303 17222367 591 10 1 1
304 17232987 593 9 9 1350
305 17269203 599 7 1 186
306 17396983 602 6 4 453
307 17453915 606 10 6 184
308 17885576 612 0 10 5
309 17885576 612 8 2 897
310 17885576 612 7 8 8
311 17885576 612 2 3 1
312 17885576 612 9 1 13
313 17885576 612 6 6 1
314 17885576 612 6 9 3
315 17885576 612 3 9 1
316 17885576 612 9 10 5
317 17917386 613 3 3 19596
318 18274816 616 8 9 2
319 18274816 616 3 8 82
320 18274816 616 10 1 1
321 18274816 616 1 5 1227
322 18274816 616 9 0 494
323 18274816 616 7 3 20
324 18274816 616 2 5 1227
325 18274816 616 6 8 1
326 18274816 616 8 7 200
327 18274816 616 3 6 36
328 18274816 616 6 4 1
329 18306040 620 10 8 40
330 18339265 623 5 1 96
331 18396860 626 2 3 6058
332 18396860 626 2 4 100
333 18485863 631 9 5 232
334 18575231 633 5 10 15
335 18592255 634 7 5 82
336 18614308 635 5 1 1250
337 18886748 644 6 7 370
338 18886748 644 1 0 8
339 18886748 644 8 4 4530
340 18912248 652 3 8 767
341 18994006 668 5 2 183
342 19295107 671 1 3 61
343 19660415 683 8 1 50
344 19660415 683 4 10 16
345 19660415 683 6 7 548
346 19660415 683 6 4 638
347 19664275 684 9 2 1039
348 19853732 690 8 3 45
349 19853732 690 0 3 90
350 19853732 690 8 7 6335
351 19853732 690 0 8 150
352 19958651 692 10 4 19
353 19958651 692 2 5 10
354 19958651 692 7 10 12
355 19958651 692 2 10 12
356 19958651 692 6 4 38
357 19992548 693 8 9 102
358 19992548 693 8 5 224
359 20465371 695 6 6 1
360 20465371 695 2 5 7
361 20465371 695 6 2 1587
362 20465371 695 1 5 7
363 20465371 695 4 1 41
364 20484653 697 2 1 77
365 20484653 697 4 6 1569
366 20592512 698 10 7 2
367 20592512 698 5 0 4
368 20742302 702 3 1 61
369 20742302 702 4 3 13
370 20742302 702 3 3 1
371 20835827 703 2 3 37
372 20835827 703 9 5 40
373 20845847 705 5 5 263
374 20851414 706 5 7 40
375 20914697 710 3 2 96
376 21160564 718 7 5 3430
377 21160564 718 7 1 13
378 21160564 718 8 9 31
379 21167402 720 10 8 8567
380 21275913 724 6 7 124
381 21275913 724 6 8 63
382 21553962 735 9 0 35
383 21553962 735 9 2 1
384 21630557 739 10 2 39026
385 21880840 741 1 10 2
386 21880840 741 6 0 544
387 21880840 741 5 1 40583
388 21880840 741 5 7 2
389 21928514 744 7 8 75
390 21980104 749 9 4 6
391 22200166 751 8 4 13
392 22200166 751 6 10 17
393 22200166 751 0 2 119
394 22200166 751 1 1 15
395 22200166 751 7 1 30
396 22240115 752 0 1 8
397 22296624 755 9 7 346
398 22534914 766 6 7 3
399 22534914 766 1 4 16
400 22534914 766 3 4 16
401 22663557 773 10 10 34
402 22724277 779 4 1 18222
403 22941030 807 2 10 55
404 23009095 817 7 3 1577
405 23452871 822 9 2 3
406 23452871 822 10 8 239
407 23452871 822 0 7 414
408 23452871 822 10 10 1
409 23452871 822 0 4 1
410 23796803 823 8 6 282
411 23796803 823 3 0 8
412 23796803 823 10 1 969
413 23796803 823 1 0 8
414 23905806 825 7 2 27
415 23905806 825 0 8 63
416 23905806 825 6 9 56
417 23905806 825 7 1 19
418 24097242 834 1 0 15
419 24177611 842 1 8 2391
420 24177611 842 1 10 21
421 24177611 842 1 3 757
422 24244303 846 5 6 89
423 24263631 852 2 9 48
424 24267265 853 9 0 60
425 24274347 854 6 10 67
426 24331445 858 7 2 1
427 24362527 859 6 6 60
428 24666998 864 5 10 172
429 24666998 864 4 4 5
430 24666998 864 10 1 14
431 24666998 864 1 8 226
432 24666998 864 9 1 4
433 24679875 867 7 3 60
434 24729365 871 10 8 8344
435 24852407 881 2 2 561
436 25043572 886 8 9 751
437 25043572 886 10 4 19
438 25077363 888 10 10 10210
439 25266595 894 4 3 12
440 25266595 894 3 2 11
441 25266595 894 3 9 35
442 25266595 894 3 7 3
443 25279297 895 5 9 36
444 25427975 899 6 3 108
445 25427975 899 6 7 61
446 25457654 901 4 2 30
447 25627471 907 4 4 22
448 25627471 907 2 7 3009
449 25627471 907 2 6 68
450 25627471 907 2 5 23
451 25664519 909 9 3 21
452 25743366 913 6 2 19
453 25751815 914 4 3 171
454 25751815 914 2 3 171
455 25847870 923 10 7 1223
456 25939204 926 7 5 9235
457 25939204 926 7 7 22675
458 26374600 929 10 4 1756
459 26374600 929 5 7 18
460 26374600 929 3 2 21
461 26374600 929 10 9 4
462 26374600 929 1 2 12
463 26374600 929 4 9 8
464 26374600 929 9 9 4
465 26374600 929 4 4 2635
466 26374600 929 1 9 8
467 26374600 929 5 0 2
468 26374600 929 3 3 3
469 26627895 930 6 4 15609
470 26627895 930 1 10 683
471 26856642 931 10 5 349
472 26856642 931 1 6 8
473 26856642 931 2 2 1607
474 26856642 931 0 2 6431
475 26856642 931 7 6 8
476 27008006 932 10 9 4
477 27033971 935 5 1 1573
478 27506426 941 2 9 1305
479 27506426 941 8 4 11
480 27506426 941 2 0 5
481 27506426 941 2 6 5
482 27506426 941 8 9 1305
483 27512442 943 6 0 1
484 27562342 948 1 6 11083
485 28046022 967 0 2 15
486 28046022 967 6 2 15
487 28046022 967 0 9 2
488 28046022 967 0 8 44
489 28046022 967 5 1 1846
490 28046022 967 1 10 13
491 28046022 967 6 0 19
492 28046022 967 5 0 9
493 28057401 968 1 3 51
494 28136027 972 10 9 152
495 28213059 973 2 5 1938
496 28224896 975 8 8 3
497 28235424 977 2 2 5970
498 28285025 984 10 4 10212
499 28362726 993 4 5 84
