11 243 500
0 60259 0 1 9 151
1 229985 3 5 0 2396
2 229985 3 10 10 1871
3 229985 3 5 5 113
4 420395 9 4 5 248
5 420395 9 1 5 35
6 420395 9 7 9 45
7 452487 11 0 9 88
8 590162 13 8 4 340
9 590162 13 1 8 1
10 590162 13 10 1 1591
11 772087 17 3 8 6
12 772087 17 2 7 2
13 772087 17 6 9 1976
14 772087 17 1 8 1
15 906279 21 4 1 31
16 906279 21 4 6 290
17 978614 27 3 0 130
18 1066704 29 10 2 2926
19 1066704 29 10 0 33
20 1167997 37 3 0 25
21 1167997 37 0 10 4
22 1205327 38 2 5 55
23 1205327 38 10 1 381
24 1235901 40 0 1 119
25 1272999 41 10 4 238
26 1308109 45 0 6 3190
27 1359708 50 10 8 1
28 1720383 51 8 8 1
29 1720383 51 5 1 15
30 1720383 51 0 10 1
31 1720383 51 0 1 15
32 1730435 54 0 10 4501
33 1941231 59 1 6 19
34 1941231 59 8 5 14
35 1941231 59 8 7 6
36 1941231 59 5 1 22
37 2124678 70 10 6 45
38 2124678 70 3 7 1
39 2124678 70 8 8 21
40 2406543 75 3 4 1
41 2406543 75 10 3 33
42 2406543 75 2 4 1
43 2436046 77 6 4 52
44 2454922 79 10 3 38
45 2766893 84 4 5 4
46 2766893 84 10 10 2
47 2766893 84 7 3 4
48 2766893 84 6 9 6
49 2766893 84 4 7 21
50 2766893 84 10 3 8
51 2766893 84 3 2 308
52 2841694 89 7 8 6309
53 2841694 89 7 7 1448
54 2874847 91 6 2 2201
55 2921290 94 5 5 756
56 3148288 99 0 5 5
57 3434582 102 8 3 17
58 3434582 102 4 10 21
59 3434582 102 4 0 35
60 3434582 102 10 1 3
61 3624880 108 6 5 8
62 3624880 108 4 5 90
63 3695097 116 2 3 15961
64 3730696 117 0 2 132816
65 3772694 118 7 5 16
66 3893558 127 0 5 244
67 3893558 127 0 1 237
68 4039975 136 8 3 215
69 4039975 136 1 6 153
70 4270483 137 5 2 21
71 4270483 137 8 9 6410
72 4270483 137 3 0 8
73 4453768 150 2 10 10
74 4489444 153 4 9 185
75 5011463 160 7 3 137
76 5011463 160 8 1 17
77 5011463 160 6 9 4
78 5011463 160 5 6 2
79 5011463 160 10 2 843
80 5011463 160 6 1 1
81 5111686 162 5 3 574
82 5111686 162 0 10 15
83 5175129 168 5 2 15
84 5288710 174 6 10 9
85 5387791 177 3 3 2171
86 5404341 181 9 0 206
87 5405966 182 5 6 2663
88 5456921 187 7 1 15
89 5456921 187 9 1 15
90 5521551 192 3 5 27522
91 5748914 198 1 0 10
92 5748914 198 7 2 6
93 5773455 202 3 8 120
94 5773455 202 3 7 44
95 5835603 203 7 4 4534
96 5835603 203 8 7 7494
97 5839090 204 9 0 97
98 5953770 210 6 3 1
99 5953770 210 3 3 1
100 5953770 210 0 3 1
101 5964795 213 8 4 106
102 6044744 224 3 4 238
103 6171498 229 2 7 9
104 6297568 230 8 5 3
105 6307593 231 7 6 2
106 6541950 233 7 4 1153
107 6541950 233 5 7 1
108 6576279 236 5 6 55
109 6651505 237 4 5 53
110 6651505 237 10 0 18
111 6651505 237 10 9 11
112 6651505 237 10 2 55
113 6657162 238 3 8 83
114 6944440 241 6 3 1
115 7135392 259 7 0 14
116 7135392 259 1 7 25
117 7413068 262 4 9 15
118 7413068 262 9 5 7
119 7413068 262 8 5 8
120 7413068 262 9 1 30
121 7476652 268 5 0 210
122 7507620 269 4 1 4881
123 7603215 284 7 1 30
124 8080084 287 5 1 6
125 8080084 287 2 5 6
126 8080084 287 0 1 6
127 8080084 287 10 10 61
128 8243337 291 0 0 33
129 8243337 291 2 5 25
130 8243337 291 8 3 1267
131 8243337 291 6 9 731
132 8392985 292 8 1 1776
133 8392985 292 6 9 1235
134 8496093 298 1 7 60
135 8682688 303 10 0 1
136 8682688 303 3 6 5173
137 8682688 303 8 0 1
138 8682688 303 0 9 3069
139 8682688 303 1 8 973
140 8682688 303 9 8 649
141 8682688 303 9 6 1193
142 8682688 303 9 9 409
143 8785709 304 2 10 977
144 8785709 304 2 0 206
145 8805591 305 4 7 38
146 9141812 317 7 0 4
147 9141812 317 3 9 5
148 9141812 317 1 7 2009
149 9141812 317 7 3 54
150 9141812 317 4 2 565
151 9358552 328 1 3 1
152 9396872 330 0 8 10328
153 9531294 339 5 10 8843
154 9531294 339 6 3 215
155 9636372 340 3 1 3
156 9682634 345 7 3 13
157 9692668 346 3 5 489
158 9692668 346 0 5 489
159 9795800 359 6 9 55
160 9849496 362 1 2 1
161 9865337 364 4 6 40
162 9868485 365 1 3 670
163 9951910 369 1 9 476
164 10053432 370 4 8 3
165 10053432 370 6 9 23
166 10053432 370 8 2 1
167 10075944 376 9 10 108
168 10168318 383 4 6 187
169 10279434 389 6 2 16284
170 10516710 390 0 3 1193
171 10516710 390 6 7 6
172 10516710 390 3 1 10
173 10516710 390 1 0 29
174 10516710 390 3 9 174
175 10603884 392 4 9 3
176 10603884 392 6 5 3851
177 10915192 395 7 5 177
178 10915192 395 10 3 10
179 10915192 395 4 6 13
180 10915192 395 3 5 177
181 10915192 395 10 1 3
182 10915192 395 6 0 440
183 10915192 395 1 3 52
184 10915192 395 10 4 1
185 11076673 402 9 10 117
186 11160097 407 2 6 71
187 11370141 409 10 0 1584
188 11370141 409 5 3 3
189 11370141 409 5 1 542
190 11370141 409 5 5 797
191 11370141 409 10 4 4
192 11484350 413 2 7 32
193 11620833 424 7 2 215
194 11637556 427 10 2 48
195 11994892 428 7 7 1
196 11994892 428 7 6 2
197 11994892 428 1 9 1
198 11994892 428 4 9 3
199 11994892 428 8 10 8
200 11994892 428 2 2 1
201 11994892 428 7 10 4
202 11994892 428 1 10 12
203 11994892 428 4 10 38
204 12204633 430 8 6 190
205 12204633 430 9 3 8
206 12204633 430 2 3 2
207 12204633 430 0 7 17
208 12204633 430 4 6 190
209 12215901 431 6 0 184
210 12345179 448 6 1 2
211 12349457 449 9 6 39058
212 12550326 457 10 7 10
213 12550326 457 0 5 64
214 12550326 457 5 4 1
215 12550326 457 6 9 40
216 12568029 458 4 4 1978
217 12629720 460 1 4 4695
218 12791915 461 0 7 1
219 12791915 461 7 5 1
220 12791915 461 8 5 283
221 12791915 461 3 0 16
222 12791915 461 6 9 85
223 12805939 463 2 0 60
224 13322449 466 8 8 1
225 13322449 466 6 7 1
226 13322449 466 6 4 217
227 13322449 466 8 6 4
228 13322449 466 2 2 50
229 13322449 466 0 4 2609
230 13322449 466 10 8 1
231 13322449 466 0 6 12
232 13448287 467 4 3 45
233 13448287 467 9 1 1
234 13448287 467 0 3 4
235 13482828 468 7 9 22
236 13519477 471 7 10 923
237 13697281 473 0 3 14
238 13697281 473 7 5 68
239 14138670 475 6 8 5
240 14138670 475 9 4 1
241 14138670 475 5 3 1
242 14138670 475 10 8 5
243 14138670 475 10 9 10
244 14138670 475 7 10 5
245 14186239 477 2 5 349
246 14186239 477 2 6 69
247 14186239 477 2 4 41
248 14250321 483 2 10 40
249 14304033 487 5 6 23
250 14304033 487 5 0 66373
251 14359759 489 8 8 98
252 14359759 489 0 0 785
253 14807019 498 6 4 50
254 14807019 498 2 10 13
255 14807019 498 3 5 526
256 14807019 498 1 7 14
257 14807019 498 2 1 17
258 14807019 498 9 8 514
259 14807019 498 3 6 1
260 14807019 498 7 1 17
261 14807019 498 9 9 1
262 14807019 498 6 10 13
263 15112661 507 5 0 12
264 15112661 507 10 2 11
265 15112661 507 2 5 199
266 15112661 507 4 1 1
267 15112661 507 3 0 15
268 15112661 507 4 4 1429
269 15112661 507 9 2 5
270 15124270 509 2 1 115
271 15206240 510 7 10 87
272 15455542 513 8 8 1009
273 15455542 513 9 9 40
274 15455542 513 5 7 35
275 15455542 513 0 8 6059
276 15455542 513 3 1 10
277 15455542 513 2 9 20
278 15455542 513 4 3 5
279 15564515 529 3 9 374
280 15573049 531 3 0 195
281 15629960 537 10 10 11
282 15639707 539 10 1 6
283 15736080 547 4 3 33039
284 15736080 547 4 10 15
285 15736080 547 4 5 7822
286 15745039 549 5 5 264
287 15855404 553 0 2 3
288 16286192 555 7 3 202
289 16286192 555 0 1 95
290 16286192 555 2 2 2628
291 16286192 555 10 0 4
292 16286192 555 6 4 829
293 16286192 555 8 8 7
294 16286192 555 5 2 876
295 16443602 556 5 4 4
296 16443602 556 10 4 26
297 16443602 556 3 10 335
298 16443602 556 8 1 1
299 16541026 560 6 0 10
300 16595996 562 10 10 8302
301 16595996 562 10 5 78
302 16637708 563 10 10 127
303 16637708 563 10 3 653
304 16670241 565 1 0 14
305 16670241 565 1 5 19648
306 16670241 565 1 9 136
307 16670241 565 1 2 99585
308 16842760 569 5 7 1
309 16842760 569 7 1 1
310 16842760 569 8 6 1
311 16842760 569 1 0 52
312 16842760 569 4 8 1
313 16846945 572 8 0 9018
314 17014002 576 6 9 146
315 17115063 582 4 9 88
316 17115063 582 4 1 20340
317 17222367 591 0 1 40
318 17252848 597 0 4 14
319 17255784 598 4 6 39008
320 17402030 604 9 6 322
321 17453915 606 10 5 1333
322 17507196 611 10 6 205
323 17885576 612 3 3 1
324 17885576 612 2 9 14
325 17885576 612 3 10 5
326 17885576 612 5 2 448
327 17885576 612 2 4 80
328 18274816 616 1 3 20
329 18274816 616 3 10 854
330 18274816 616 8 8 1
331 18274816 616 6 7 5205
332 18274816 616 1 10 3419
333 18274816 616 2 8 1
334 18281633 617 3 9 85
335 18485863 631 7 6 351
336 18575231 633 5 2 6
337 18592255 634 7 2 95
338 18592255 634 7 0 1249
339 18592255 634 7 3 109
340 18637131 637 2 10 16
341 18886748 644 9 2 101
342 18886748 644 2 1 20
343 18886748 644 5 8 908
344 18889663 645 4 8 20
345 18897399 646 5 9 12
346 18901822 647 1 3 1338
347 18920595 656 0 0 126
348 18959486 661 6 0 13
349 18994006 668 5 6 68
350 19295107 671 9 7 1
351 19295107 671 7 4 671
352 19355208 675 2 3 19475
353 19386285 678 7 6 409
354 19421213 681 1 5 12
355 19660415 683 4 4 3833
356 19660415 683 1 5 4
357 19660415 683 1 1 50
358 19681613 687 0 2 16
359 19731150 689 5 4 1591
360 19853732 690 0 9 34
361 19853732 690 8 6 14
362 19853732 690 0 6 14
363 19958651 692 10 0 2
364 19958651 692 6 7 181
365 19958651 692 10 10 12
366 19958651 692 10 1 48
367 20465371 695 5 5 7
368 20465371 695 2 10 1
369 20465371 695 4 4 1
370 20465371 695 3 5 7
371 20465371 695 10 10 1
372 20465371 695 9 6 1
373 20465371 695 9 7 1
374 20465371 695 2 3 13
375 20465371 695 5 8 1
376 20465371 695 6 4 8
377 20484653 697 6 6 3138
378 20592512 698 10 9 66
379 20595453 699 8 8 218
380 20742302 702 4 8 11
381 20835827 703 2 6 38
382 20835827 703 9 0 37
383 21160564 718 3 3 31
384 21160564 718 10 3 15
385 21176443 722 5 1 2439
386 21338496 731 3 10 2
387 21447041 733 9 8 3956
388 21553962 735 6 0 70
389 21630557 739 10 2 39026
390 21880840 741 2 2 3
391 21880840 741 9 4 33
392 21980104 749 5 4 26
393 21980104 749 4 4 130
394 22200166 751 6 3 242
395 22200166 751 3 1 15
396 22200166 751 9 4 27
397 22200166 751 9 5 343
398 22200166 751 5 0 23
399 22357792 757 8 1 38
400 22534914 766 1 4 16
401 22631833 768 0 6 37
402 22633536 770 1 5 68
403 22663557 773 6 10 17
404 22764245 782 3 4 21
405 22781038 785 8 2 7
406 22794817 787 8 4 6
407 22814538 791 8 1 1
408 22945755 810 3 7 472
409 23030565 821 6 9 68
410 23452871 822 4 6 8
411 23452871 822 6 1 1
412 23452871 822 8 1 1
413 23452871 822 1 6 4
414 23452871 822 9 5 26
415 23452871 822 9 0 4
416 23796803 823 2 3 1
417 23796803 823 9 4 7107
418 23796803 823 9 8 1
419 23796803 823 10 10 1
420 23796803 823 8 10 1
421 23905806 825 10 9 56
422 23905806 825 5 0 3
423 23906637 826 9 8 28
424 23967621 830 1 1 74
425 24244303 846 5 1 9
426 24250327 849 7 10 39
427 24263631 852 3 9 48
428 24362527 859 6 3 63
429 24399508 861 3 7 1201
430 24399508 861 3 4 112
431 24433843 863 6 0 9
432 24666998 864 4 8 113
433 24697703 870 7 3 46
434 24729365 871 5 8 758
435 24789318 874 2 9 31
436 24811399 875 4 7 9
437 24852407 881 5 2 2247
438 24856151 884 0 6 33
439 25043572 886 10 0 29
440 25043572 886 7 5 25
441 25043572 886 10 4 19
442 25043572 886 4 8 20
443 25266595 894 6 7 54
444 25266595 894 0 10 33
445 25266595 894 3 1 19
446 25375963 896 4 3 1586
447 25375963 896 3 2 38
448 25427975 899 6 0 1733
449 25427976 900 0 7 201
450 25627471 907 2 8 156
451 25701846 911 9 0 682
452 25743366 913 6 2 19
453 25838794 922 1 4 99
454 25942817 927 7 0 85
455 26374600 929 9 9 4
456 26374600 929 5 5 682
457 26374600 929 4 8 4
458 26374600 929 2 10 30
459 26627895 930 10 0 7476
460 26627895 930 8 6 13
461 26627895 930 10 9 71
462 26627895 930 8 8 309
463 26627895 930 9 2 7
464 26856642 931 4 10 225
465 26856642 931 8 0 1056
466 26856642 931 5 9 4239
467 27008006 932 0 4 6
468 27008006 932 3 0 2
469 27011738 933 9 6 7857
470 27076387 939 3 8 14263
471 27100817 940 0 4 44
472 27506426 941 5 3 8
473 27506426 941 8 7 1
474 27506426 941 7 1 96
475 27506426 941 2 7 1
476 27506426 941 9 6 8
477 27506426 941 8 2 2
478 27506426 941 3 6 2
479 27512442 943 4 0 2
480 27703706 959 10 0 127
481 27703706 959 10 7 35
482 28046022 967 5 8 44
483 28046022 967 6 9 2
484 28046022 967 0 7 243
485 28046022 967 5 7 486
486 28046022 967 5 3 4
487 28046022 967 7 10 40
488 28046022 967 4 8 44
489 28046022 967 5 5 7
490 28213059 973 0 1 24
491 28213059 973 0 10 26
492 28224896 975 2 8 3
493 28230166 976 2 8 113
494 28262496 979 4 8 1268
495 28277257 980 2 10 102
496 28312300 988 8 4 7153
497 28314350 989 8 5 56
498 28425459 994 7 0 6
499 28436905 995 0 10 199
