11 237 500
0 114992 3 5 0 2396
1 114992 3 9 9 20
2 114992 3 10 8 592
3 133103 4 8 0 205
4 135158 5 9 8 2075
5 210197 9 4 4 2
6 210197 9 1 5 35
7 223036 10 2 1 870
8 295081 13 3 4 1361
9 295081 13 7 4 3064
10 386043 17 6 8 1
11 402787 18 1 2 19
12 453139 21 4 10 27
13 453139 21 3 10 68
14 453139 21 3 7 129
15 462618 24 7 4 6073
16 489307 27 10 0 130
17 533352 29 10 1 11
18 533352 29 2 6 2425
19 553782 32 0 4 14
20 583998 37 8 10 4
21 651215 44 1 5 455
22 655750 47 8 1 42
23 679854 50 2 3 14
24 860191 51 0 10 1
25 860191 51 10 3 15
26 860191 51 2 10 1
27 860191 51 3 0 10
28 860191 51 3 8 13
29 860191 51 10 10 1
30 865217 54 9 10 4501
31 970615 59 1 9 128
32 970615 59 1 1 67
33 970615 59 8 0 4
34 970615 59 2 10 3
35 1021963 66 0 6 59
36 1021978 67 1 7 10
37 1062453 71 8 0 65
38 1203271 75 6 0 11
39 1203271 75 8 9 1
40 1236680 82 1 8 76
41 1383446 84 2 9 84
42 1383446 84 10 7 43
43 1383446 84 7 4 5
44 1383446 84 3 8 1
45 1383446 84 10 10 2
46 1383446 84 6 8 1
47 1384600 86 7 5 3487
48 1490629 97 5 9 3687
49 1574144 99 9 9 85
50 1717291 102 2 3 17
51 1717291 102 4 5 14
52 1717291 102 5 10 21
53 1730966 103 9 5 13
54 1742287 104 4 5 74
55 1812440 108 2 2 1
56 1812440 108 3 10 3
57 1826598 113 10 6 349
58 1847548 116 2 0 61
59 1865348 117 0 8 56
60 1949529 129 4 10 22
61 1970039 133 5 1 154
62 1983914 134 8 9 76
63 2019987 136 1 10 32
64 2135241 137 7 9 2136
65 2135241 137 9 1 12
66 2135241 137 1 6 2
67 2137129 138 9 5 109
68 2146852 139 7 1 25
69 2152351 142 3 3 77
70 2170497 143 0 8 4
71 2201264 146 7 8 1332
72 2209639 148 1 10 43
73 2358189 154 5 1 33
74 2358189 154 1 9 11
75 2505731 160 8 10 5
76 2505731 160 2 2 210
77 2505731 160 6 9 4
78 2505731 160 5 2 210
79 2555843 162 5 7 225
80 2555843 162 3 0 1899
81 2555843 162 8 7 225
82 2555843 162 3 4 15
83 2579439 165 0 5 110
84 2644355 174 0 7 14
85 2693895 177 3 3 2171
86 2874457 198 5 0 5
87 2874457 198 1 1 4
88 2874457 198 1 4 4
89 2917801 203 8 8 45
90 2917801 203 8 4 1511
91 2945536 209 4 5 39
92 2997865 217 9 5 39
93 3009650 222 7 7 112
94 3085749 229 2 1 1
95 3153796 231 5 6 6
96 3270975 233 6 7 1
97 3270975 233 1 6 6
98 3270975 233 0 7 1
99 3270975 233 4 4 1153
100 3472220 241 3 10 4056
101 3472220 241 1 1 18
102 3472220 241 7 2 3905
103 3486383 247 9 7 2966
104 3491442 249 7 5 43
105 3567696 259 2 1 1783
106 3567696 259 4 1 891
107 3567696 259 9 7 25
108 3706534 262 8 3 1
109 3706534 262 0 7 1
110 4040042 287 7 10 15
111 4040042 287 2 6 24
112 4040042 287 8 1 28
113 4121668 291 6 6 409
114 4121668 291 7 3 211
115 4121668 291 3 7 111
116 4196492 292 10 6 39
117 4196492 292 8 6 13
118 4196492 292 4 9 176
119 4248046 298 9 5 37
120 4248046 298 1 2 37
121 4254788 300 10 1 1505
122 4341344 303 2 1 25
123 4341344 303 10 9 613
124 4341344 303 8 10 14
125 4392854 304 2 0 206
126 4392854 304 3 8 10
127 4392854 304 3 2 24
128 4392854 304 2 2 74
129 4407567 307 0 4 476
130 4570906 317 3 8 167
131 4570906 317 10 9 27
132 4570906 317 10 5 964
133 4613225 324 1 5 7
134 4679276 328 2 5 297
135 4679276 328 4 3 1
136 4679276 328 2 9 2
137 4714146 335 1 10 1509
138 4714146 335 1 7 96
139 4730994 337 4 9 42
140 4732052 338 4 5 18
141 4765647 339 4 7 15
142 4765647 339 7 3 430
143 4818186 340 5 3 126
144 4818186 340 7 0 20
145 4841317 345 7 3 13
146 4855600 349 6 6 8522
147 4882234 353 0 5 7115
148 4924748 362 10 3 357
149 4934242 365 3 3 670
150 4975955 369 1 9 476
151 5026716 370 1 10 35
152 5026716 370 3 8 3
153 5026716 370 3 2 1
154 5084159 383 4 6 187
155 5084326 384 6 2 220
156 5136093 388 0 5 38
157 5136093 388 7 0 709
158 5258355 390 7 6 114
159 5258355 390 8 1 2
160 5258355 390 9 1 110
161 5258355 390 7 0 14
162 5301942 392 1 4 854
163 5301942 392 2 2 58
164 5457596 395 8 10 31
165 5457596 395 3 5 177
166 5457596 395 10 2 2
167 5457596 395 3 3 21
168 5457596 395 9 4 1
169 5468306 396 10 1 1216
170 5538336 402 2 3 65
171 5538336 402 9 0 2920
172 5541000 404 2 0 10
173 5558106 406 4 0 35
174 5580048 407 2 8 611
175 5580048 407 2 3 139
176 5685070 409 1 6 1
177 5685070 409 8 6 1
178 5685070 409 5 10 10
179 5685070 409 8 8 26
180 5685070 409 6 8 40
181 5685070 409 10 10 10
182 5700607 412 7 1 86
183 5742175 413 9 8 10548
184 5742175 413 9 4 9414
185 5788040 422 10 3 54
186 5788040 422 3 2 3415
187 5810416 424 7 4 84
188 5810416 424 7 9 6021
189 5814311 425 10 3 34
190 5818778 427 10 2 48
191 5997446 428 4 0 1
192 5997446 428 7 7 1
193 5997446 428 8 3 7
194 5997446 428 1 4 1
195 5997446 428 5 8 2
196 5997446 428 5 7 1
197 5997446 428 2 10 25
198 5997446 428 10 2 1
199 5997446 428 0 6 1
200 5997446 428 3 4 28
201 5997446 428 9 4 1
202 5997446 428 0 5 822
203 6102316 430 3 1 3154
204 6102316 430 5 6 190
205 6102316 430 9 3 8
206 6128084 435 0 6 24
207 6152560 443 6 4 108
208 6275163 457 6 5 32
209 6284014 458 4 4 1978
210 6314860 460 1 4 4695
211 6395957 461 10 9 7
212 6395957 461 1 7 1
213 6395957 461 5 7 1
214 6395957 461 3 6 614
215 6395957 461 0 8 9
216 6395957 461 0 2 5
217 6395957 461 1 6 122
218 6395957 461 7 1 11
219 6395957 461 4 8 9
220 6661224 466 1 10 2
221 6661224 466 5 3 3602
222 6661224 466 7 5 1
223 6661224 466 10 0 7
224 6661224 466 3 7 61
225 6661224 466 3 5 1
226 6661224 466 3 1 11
227 6661224 466 5 7 1
228 6661224 466 10 10 4
229 6741414 468 7 5 422
230 6741414 468 7 8 13074
231 6777373 472 3 0 7
232 6848640 473 0 10 1
233 6848640 473 5 7 3
234 6848640 473 6 9 2
235 6848640 473 1 10 3
236 7069335 475 9 0 1
237 7069335 475 8 0 1
238 7069335 475 3 3 1
239 7069335 475 4 4 1
240 7069335 475 2 8 2
241 7069335 475 1 4 1
242 7069335 475 3 10 5
243 7069335 475 8 2 3
244 7069335 475 4 1 6
245 7069335 475 4 2 3
246 7093119 477 2 10 99647
247 7152016 487 5 9 2682
248 7179879 489 2 4 48
249 7196275 495 10 10 23
250 7403509 498 9 1 319
251 7403509 498 2 10 13
252 7403509 498 6 6 1
253 7403509 498 6 1 35
254 7403509 498 7 5 8250
255 7403509 498 1 7 14
256 7439889 506 7 10 2637
257 7556330 507 5 2 40
258 7556330 507 1 8 52
259 7556330 507 4 1 1
260 7556330 507 10 0 3
261 7562135 509 2 1 115
262 7603120 510 7 10 87
263 7603120 510 6 9 1
264 7727771 513 9 10 2
265 7727771 513 1 8 5049
266 7727771 513 1 4 300
267 7727771 513 6 1 5
268 7727771 513 4 3 5
269 7732080 515 10 1 15
270 7809615 535 7 1 59
271 7848126 542 1 6 65
272 7868040 547 4 1 2357
273 7917009 551 5 1 3
274 7917009 551 2 9 4879
275 8143096 555 7 3 202
276 8143096 555 0 7 3
277 8143096 555 3 5 1
278 8143096 555 8 4 829
279 8143096 555 1 3 202
280 8143096 555 9 4 829
281 8143096 555 5 1 95
282 8221801 556 5 1 2
283 8221801 556 8 8 765
284 8221801 556 5 4 4
285 8221801 556 3 10 335
286 8239850 557 3 3 26
287 8280281 561 7 10 28
288 8297998 562 10 7 2
289 8297998 562 10 4 31234
290 8335120 565 1 5 19648
291 8423441 571 1 7 32
292 8431399 573 1 5 19
293 8431399 573 2 5 6
294 8507001 576 6 5 2438
295 8509219 577 8 0 1169
296 8518410 578 7 8 467
297 8624038 595 5 9 1
298 8701015 604 9 6 322
299 8733212 610 2 3 27
300 8753598 611 3 4 39
301 8753598 611 0 2 43
302 8942788 612 2 3 1
303 8942788 612 5 2 448
304 8942788 612 6 7 2539
305 8942788 612 9 5 120
306 8958693 613 3 7 12697
307 8958693 613 3 8 94
308 9137408 616 5 10 854
309 9137408 616 5 2 1
310 9137408 616 6 2 1
311 9137408 616 3 9 11
312 9137408 616 1 0 1483
313 9137408 616 3 5 1227
314 9223757 628 1 2 47
315 9242931 631 2 3 144
316 9287615 633 5 2 6
317 9296127 634 7 1 38
318 9307154 635 5 2 135
319 9307154 635 5 1 1250
320 9443374 644 8 3 10
321 9443374 644 6 6 1
322 9443374 644 7 0 8
323 9453821 651 5 8 25
324 9460297 656 0 0 126
325 9467118 660 7 7 16605
326 9647553 671 4 7 1
327 9647553 671 8 2 6
328 9651021 672 10 0 82
329 9710606 681 6 5 12
330 9710606 681 2 4 1319
331 9710691 682 10 7 108
332 9830207 683 3 8 23
333 9830207 683 7 10 16
334 9830207 683 3 10 16
335 9830207 683 5 9 15
336 9830207 683 9 8 35
337 9830207 683 3 6 31
338 9832137 684 9 2 1039
339 9840806 687 0 8 15
340 9840806 687 5 8 7
341 9840806 687 0 2 16
342 9865575 689 8 4 318
343 9926866 690 0 7 11086
344 9926866 690 4 10 4
345 9926866 690 0 4 863
346 9926866 690 0 0 5775
347 9926866 690 8 4 1727
348 9979325 692 7 6 43
349 9979325 692 10 7 4345
350 9979325 692 7 4 19
351 9979325 692 2 10 12
352 10232685 695 1 4 1
353 10232685 695 8 10 1
354 10232685 695 6 1 3
355 10232685 695 7 1 3
356 10232685 695 0 5 14
357 10232685 695 1 5 7
358 10232685 695 2 0 128
359 10232685 695 6 7 1
360 10296256 698 5 10 32
361 10296256 698 5 2 25
362 10371151 702 0 7 163
363 10371151 702 3 3 1
364 10417913 703 9 7 548
365 10722463 732 5 5 26
366 10940420 741 0 5 147
367 10940420 741 6 7 14
368 10940420 741 5 1 40583
369 10940420 741 10 7 2
370 10940420 741 2 8 6
371 10940420 741 7 6 5
372 10940420 741 8 6 2
373 10940420 741 4 1 14847
374 10990052 749 10 7 20
375 10990052 749 2 0 33
376 11100083 751 4 5 355
377 11100083 751 5 3 727
378 11100083 751 0 7 3
379 11120057 752 3 8 42
380 11148312 755 9 6 4
381 11178896 757 1 5 578
382 11196086 761 2 5 45
383 11198601 762 9 1 36
384 11267457 766 4 4 32
385 11315916 768 8 3 102
386 11331778 773 8 10 34
387 11347215 777 1 6 75
388 11374543 780 2 1 117
389 11382122 782 0 4 1
390 11383539 783 7 10 8
391 11409088 794 4 6 74
392 11431391 798 4 6 33
393 11726435 822 2 9 1
394 11726435 822 0 1 1
395 11726435 822 0 6 4
396 11726435 822 1 0 1
397 11726435 822 9 6 4
398 11726435 822 0 2 3
399 11726435 822 3 3 1
400 11726435 822 5 7 138
401 11726435 822 9 8 239
402 11726435 822 6 8 1679
403 11726435 822 6 5 26
404 11726435 822 8 5 156
405 11726435 822 8 7 138
406 11726435 822 8 1 1
407 11898401 823 2 7 751
408 11898401 823 9 8 1
409 11898401 823 9 10 1
410 11898401 823 3 7 3756
411 11898401 823 10 4 14215
412 11952903 825 6 9 56
413 11952903 825 1 8 63
414 11983810 830 1 1 74
415 11984723 831 1 10 1198
416 12023349 833 7 4 24511
417 12023349 833 7 1 62
418 12048621 834 8 10 1400
419 12048621 834 8 5 908
420 12088805 842 1 10 21
421 12088805 842 1 4 6007
422 12107412 845 3 7 4
423 12122151 846 5 6 89
424 12162483 857 9 5 4
425 12181359 860 9 6 11
426 12333499 864 0 6 8
427 12333499 864 5 10 172
428 12333499 864 9 9 105
429 12333499 864 3 2 954
430 12333822 865 4 2 165
431 12409675 876 1 3 18
432 12426203 881 0 2 561
433 12429915 885 10 5 37
434 12521786 886 3 0 14
435 12521786 886 5 9 751
436 12538681 888 10 7 651
437 12633297 894 4 7 10
438 12713988 900 0 7 201
439 12813735 907 2 9 153
440 12832259 909 9 7 11407
441 12871683 913 10 2 38
442 12969602 926 7 9 34
443 13187300 929 10 6 54
444 13187300 929 6 10 1
445 13187300 929 6 9 28
446 13187300 929 2 1 1
447 13187300 929 1 3 6
448 13187300 929 8 8 9
449 13313947 930 10 10 683
450 13313947 930 10 0 7476
451 13313947 930 7 7 73
452 13313947 930 2 8 1548
453 13313947 930 1 6 13
454 13313947 930 8 2 7
455 13428321 931 3 9 2119
456 13428321 931 2 4 909
457 13428321 931 1 6 8
458 13428321 931 5 1 10
459 13504003 932 6 10 47
460 13504003 932 7 9 9
461 13504003 932 4 1 2337
462 13504003 932 5 6 69
463 13504003 932 2 2 2708
464 13511736 934 3 7 45
465 13550408 940 0 3 11398
466 13753213 941 5 0 5
467 13753213 941 6 7 18
468 13753213 941 2 0 5
469 13753213 941 1 4 1
470 13753213 941 8 4 11
471 13753213 941 10 4 1
472 13753213 941 0 1 96
473 13753213 941 9 7 1
474 13781171 948 5 7 73
475 13781171 948 8 4 5
476 13781171 948 0 7 18
477 13812720 954 6 9 78
478 13823212 957 8 9 17
479 13853226 960 7 1 1039
480 13872860 961 9 5 1719
481 13873079 962 1 9 174
482 14023011 967 7 8 44
483 14023011 967 4 10 13
484 14023011 967 1 1 369
485 14023011 967 5 1 1846
486 14023011 967 4 2 15
487 14023011 967 5 0 9
488 14023011 967 7 6 3080
489 14023011 967 0 1 369
490 14023011 967 5 2 15
491 14041916 970 4 3 16276
492 14106529 973 2 6 19
493 14106529 973 2 7 85545
494 14106529 973 0 8 2624
495 14106529 973 2 2 3
496 14106529 973 2 1 4
497 14106529 973 0 10 26
498 14131248 979 4 8 1268
499 14138628 980 7 10 306
