11 240 500
0 51107 3 10 1 14
1 93421 9 1 8 2
2 93421 9 7 10 1
3 93421 9 4 4 2
4 131147 13 1 8 1
5 179016 18 1 8 1476
6 201395 21 4 2 6055
7 201395 21 4 9 47
8 201395 21 3 5 18
9 237045 29 10 3 99
10 246776 34 3 5 1261
11 282888 41 10 5 3030
12 282888 41 10 6 244
13 284259 42 8 0 5
14 289428 44 1 1 36
15 302157 50 9 3 14
16 302157 50 2 0 44
17 382307 51 9 2 5
18 382307 51 8 8 1
19 382307 51 3 3 15
20 382307 51 3 2 5
21 382307 51 0 10 1
22 431384 59 5 1 22
23 431384 59 8 3 10
24 431384 59 1 4 1
25 439383 61 7 2 24
26 439383 61 10 2 24
27 454206 66 0 6 59
28 454206 66 0 5 116
29 457690 68 4 4 13
30 472150 70 10 8 21
31 534787 75 9 9 33
32 534787 75 3 1 591
33 541343 77 0 4 105
34 545538 79 3 3 38
35 614865 84 6 6 1
36 614865 84 3 6 1
37 614865 84 2 7 21
38 614865 84 7 6 1
39 614865 84 2 5 71
40 614865 84 4 9 6
41 619635 88 9 6 10
42 649175 94 5 5 756
43 662502 97 10 9 5530
44 662502 97 2 9 3687
45 699619 99 7 2 19
46 699619 99 7 6 5
47 699619 99 7 5 5
48 699619 99 7 1 40
49 763240 102 5 7 2
50 763240 102 4 6 1
51 763240 102 2 0 70
52 774349 104 4 0 1
53 805529 108 7 0 3619
54 805529 108 6 4 68
55 821132 116 2 0 61
56 829043 117 0 7 29
57 829043 117 0 4 101
58 840183 120 0 7 124
59 846372 124 9 3 28
60 948996 137 10 9 2136
61 948996 137 8 3 48
62 978339 146 7 8 1332
63 978926 147 9 6 19051
64 1048084 154 8 6 230
65 1048084 154 1 0 2
66 1048084 154 6 7 3210
67 1048084 154 10 10 1
68 1051480 156 1 8 23
69 1113658 160 4 0 11
70 1113658 160 3 10 17
71 1146417 165 7 4 29
72 1164428 172 4 2 54
73 1175269 174 2 10 174
74 1197286 177 3 6 172
75 1212649 187 9 1 15
76 1218399 190 8 0 72
77 1227011 192 3 4 9
78 1227011 192 3 6 110
79 1227413 193 5 3 108
80 1277536 198 7 9 7
81 1277536 198 1 1 4
82 1282990 202 3 6 222
83 1296800 203 8 0 228
84 1296800 203 8 10 2495
85 1296800 203 7 7 7494
86 1300928 206 3 6 88
87 1309127 209 4 5 39
88 1323060 210 10 3 1
89 1332384 217 7 4 13
90 1335498 219 4 5 7677
91 1343276 224 3 2 49443
92 1371444 229 2 2 616
93 1453766 233 4 4 1153
94 1453766 233 10 10 9
95 1453766 233 5 4 5766
96 1478112 237 10 1 11
97 1478112 237 4 7 51
98 1478112 237 10 0 18
99 1543209 241 3 6 1
100 1543209 241 7 3 1
101 1543209 241 4 1 6
102 1543209 241 1 1 18
103 1543209 241 3 9 1226
104 1553027 251 2 5 87
105 1585642 259 6 0 14
106 1585642 259 3 0 14
107 1585961 261 2 6 94
108 1647348 262 8 9 15
109 1647348 262 0 8 21
110 1647348 262 3 7 1
111 1661478 268 9 0 17
112 1689436 282 8 1 106
113 1795574 287 8 8 5
114 1795574 287 9 3 5
115 1795574 287 3 3 23
116 1831852 291 10 6 1228
117 1831852 291 0 2 3435
118 1831852 291 10 0 1
119 1865107 292 1 10 2
120 1865107 292 3 0 12
121 1870357 295 5 4 1
122 1888020 298 1 8 2839
123 1888020 298 9 9 5
124 1888020 298 9 3 134
125 1929486 303 3 7 1
126 1929486 303 4 2 1892
127 1929486 303 8 0 1
128 1952379 304 3 5 23
129 1952379 304 2 10 977
130 2031513 317 2 3 54
131 2031513 317 0 7 3013
132 2031513 317 0 10 55
133 2031513 317 7 0 4
134 2031513 317 8 10 110
135 2031513 317 2 1 14
136 2050322 324 5 10 48
137 2056623 327 1 10 1020
138 2079678 328 2 9 2
139 2079678 328 2 0 3
140 2079678 328 4 0 1
141 2081158 329 4 7 6
142 2088193 330 0 7 67
143 2095176 335 1 9 28
144 2095281 336 9 4 663
145 2102664 337 4 7 86
146 2103134 338 1 5 37
147 2118065 339 10 2 2880
148 2141416 340 5 2 3
149 2145405 342 9 4 133
150 2188777 362 6 3 357
151 2211535 369 1 9 476
152 2211535 369 6 5 186
153 2211535 369 3 9 224
154 2211535 369 9 8 28
155 2234096 370 8 3 10
156 2256678 380 10 0 984
157 2259086 382 8 0 15
158 2282708 388 0 4 28
159 2282708 388 7 10 17
160 2282708 388 7 3 3122
161 2337046 390 8 8 767
162 2337046 390 10 6 459
163 2337046 390 6 7 6
164 2337046 390 0 9 349
165 2337046 390 8 1 2
166 2425598 395 7 2 1
167 2425598 395 0 0 1322
168 2438212 401 1 3 1192
169 2461483 402 2 5 49
170 2470269 406 1 10 204
171 2470269 406 7 10 612
172 2480021 407 2 7 98
173 2526698 409 2 1 542
174 2526698 409 1 6 1
175 2526698 409 2 7 2
176 2526698 409 8 9 15
177 2526698 409 10 10 10
178 2526698 409 6 5 797
179 2526698 409 1 5 797
180 2526698 409 1 7 15
181 2526698 409 1 0 528
182 2526698 409 8 5 797
183 2526698 409 10 4 4
184 2533603 412 7 1 86
185 2552077 413 9 2 3014
186 2554062 415 6 1 12637
187 2556060 416 8 1 2
188 2557433 419 10 1 7
189 2582407 424 7 3 5146
190 2582407 424 7 4 84
191 2584138 425 10 3 34
192 2584788 426 5 10 30
193 2665531 428 8 8 2
194 2665531 428 7 8 2
195 2665531 428 6 3 3
196 2665531 428 3 5 822
197 2665531 428 1 6 1
198 2665531 428 2 8 2
199 2665531 428 0 5 822
200 2665531 428 10 0 1
201 2712140 430 1 5 16
202 2712140 430 9 4 67
203 2712140 430 2 10 2
204 2712140 430 4 6 190
205 2712140 430 7 0 2
206 2712140 430 9 8 1
207 2712140 430 9 6 190
208 2712140 430 8 3 8
209 2715622 433 7 4 12730
210 2717825 434 8 2 37
211 2723593 435 7 1 108
212 2788961 457 4 1 1
213 2788961 457 6 9 40
214 2842647 461 2 9 3
215 2842647 461 5 2 55
216 2842647 461 10 8 9
217 2847594 465 0 0 7
218 2960544 466 4 5 1
219 2960544 466 7 10 2
220 2960544 466 4 9 8
221 2960544 466 7 4 652
222 2960544 466 0 3 1801
223 2960544 466 0 8 1
224 2960544 466 3 9 4
225 2960544 466 8 10 2
226 2988508 467 2 7 5
227 2988508 467 5 0 430
228 2988508 467 10 8 39
229 2988508 467 9 9 8
230 2988508 467 9 1 1
231 3043840 473 5 2 23
232 3043840 473 5 3 14
233 3043840 473 10 2 7
234 3043840 473 10 8 52
235 3043840 473 7 10 5
236 3141926 475 8 7 4
237 3141926 475 9 8 2
238 3141926 475 8 5 2
239 3141926 475 5 10 25
240 3141926 475 9 0 1
241 3141926 475 1 5 13
242 3141926 475 6 1 13
243 3152497 477 2 9 103
244 3191057 489 2 10 7526
245 3191057 489 0 0 785
246 3192312 490 10 2 27
247 3290448 498 10 3 4
248 3290448 498 0 7 7
249 3290448 498 9 3 1
250 3290448 498 8 5 175
251 3298074 499 7 4 225
252 3305424 504 6 9 296
253 3305424 504 0 9 148
254 3358369 507 2 2 28
255 3358369 507 4 3 2
256 3358369 507 0 3 2
257 3358369 507 3 9 21
258 3358369 507 9 4 1429
259 3358369 507 2 10 89
260 3358369 507 1 6 3
261 3358369 507 8 3 2
262 3358369 507 5 6 3
263 3358369 507 10 1 1
264 3434564 513 0 3 5
265 3434564 513 1 2 6
266 3434564 513 1 0 1
267 3434928 514 9 9 87
268 3453296 526 3 2 56
269 3473324 537 5 10 11
270 3473324 537 2 10 22
271 3488056 542 1 4 16
272 3488056 542 1 6 65
273 3488056 542 1 10 78241
274 3488206 543 7 4 113
275 3488422 544 7 5 54
276 3518670 551 8 1 3
277 3619153 555 6 4 829
278 3619153 555 8 2 876
279 3619153 555 6 9 35
280 3619153 555 9 0 1
281 3619153 555 9 1 95
282 3619153 555 8 0 4
283 3654133 556 5 1 2
284 3654133 556 0 5 3164
285 3697268 563 10 1 192
286 3697268 563 10 2 11
287 3704498 565 1 0 14
288 3705158 568 8 2 137
289 3742835 569 2 1 1
290 3742835 569 0 6 5
291 3742835 569 5 5 1
292 3780889 576 10 10 989
293 3785960 578 6 8 233
294 3786911 580 3 8 25
295 3803347 582 4 8 66
296 3811940 583 6 9 208
297 3832906 595 5 9 1
298 3832906 595 2 9 194
299 3839221 600 3 8 66
300 3865996 602 6 4 453
301 3865996 602 8 2 848
302 3866683 603 2 10 133
303 3867117 604 9 6 322
304 3878647 606 10 3 161
305 3878647 606 10 5 1333
306 3974572 612 6 8 17
307 3974572 612 7 10 5
308 3974572 612 4 8 17
309 3974572 612 0 6 1
310 3974572 612 6 4 26
311 3974572 612 10 3 19
312 3974572 612 2 0 71
313 3974572 612 3 9 1
314 3981641 613 3 3 19596
315 4061070 616 4 8 1
316 4061070 616 10 1 1
317 4061070 616 4 7 25228
318 4061070 616 3 10 854
319 4061070 616 8 2 1
320 4061070 616 6 0 494
321 4061070 616 3 2 3
322 4061070 616 10 3 20
323 4061070 616 3 0 988
324 4061070 616 8 10 854
325 4061070 616 1 2 1
326 4067640 619 8 6 91
327 4077031 624 8 5 2839
328 4077711 625 2 0 34
329 4088191 626 2 9 226
330 4088191 626 2 4 100
331 4099447 628 1 7 2415
332 4099447 628 1 10 95
333 4107969 631 7 6 351
334 4107969 631 5 1 1
335 4107969 631 5 6 491
336 4127829 633 5 3 85
337 4147361 640 1 0 113
338 4197055 644 8 3 10
339 4197055 644 3 0 8
340 4197055 644 9 10 2
341 4197055 644 4 0 8
342 4197055 644 8 10 22
343 4197055 644 6 6 1
344 4207608 660 10 7 16605
345 4220890 668 5 4 33132
346 4220890 668 5 5 82
347 4287801 671 0 6 8
348 4287801 671 4 8 5
349 4287801 671 3 0 3
350 4287801 671 2 0 3
351 4287801 671 3 2 6
352 4287801 671 8 1 238
353 4308063 678 7 4 9
354 4368981 683 6 4 638
355 4368981 683 4 4 3833
356 4368981 683 10 3 59
357 4368981 683 7 9 15
358 4373691 687 0 8 15
359 4373691 687 0 2 16
360 4384700 689 6 10 48
361 4411940 690 4 8 300
362 4411940 690 8 6 14
363 4442788 693 8 4 80
364 4547860 695 7 3 4
365 4547860 695 2 8 1
366 4547860 695 6 5 49
367 4547860 695 8 9 214
368 4547860 695 1 8 1
369 4547860 695 7 0 149
370 4547860 695 7 7 1
371 4547860 695 3 3 4
372 4547860 695 0 7 2
373 4547860 695 1 4 1
374 4576113 698 2 4 268
375 4576113 698 10 6 20
376 4609400 702 0 5 112
377 4609400 702 3 4 649
378 4630183 703 9 9 325
379 4633647 706 2 4 2
380 4634040 707 6 1 13
381 4647710 710 3 6 32
382 4703940 721 4 10 231
383 4737227 727 8 0 769
384 4765539 732 9 8 39
385 4797473 737 9 0 44
386 4806790 739 10 6 35
387 4862408 741 3 7 2
388 4862408 741 2 8 6
389 4873003 744 7 8 75
390 4875256 748 7 8 28
391 4884467 749 9 7 41
392 4884467 749 5 0 33
393 4884467 749 2 7 20
394 4933370 751 3 6 55
395 4933370 751 1 10 51
396 4968398 757 9 1 38
397 4976038 761 6 5 45
398 5007758 766 7 5 41
399 5029296 768 8 6 2
400 5029296 768 8 0 103
401 5043206 777 10 6 150
402 5049839 779 2 1 1518
403 5055352 780 3 1 117
404 5055352 780 9 5 34
405 5065514 787 6 4 33
406 5080618 798 4 7 28
407 5091749 804 4 8 8560
408 5107436 815 4 9 128
409 5211749 822 2 5 26
410 5211749 822 4 10 1
411 5211749 822 3 8 239
412 5211749 822 0 8 1679
413 5211749 822 9 2 3
414 5211749 822 6 7 8297
415 5211749 822 10 6 8
416 5211749 822 9 8 239
417 5288178 823 5 7 751
418 5288178 823 9 4 7107
419 5288178 823 2 7 751
420 5288178 823 1 8 1
421 5288178 823 2 1 969
422 5354942 834 2 5 908
423 5355372 835 3 1 125
424 5372802 842 1 1 148
425 5405548 857 9 3 192
426 5406987 858 7 2 1
427 5413895 859 6 1 2
428 5413895 859 6 7 207
429 5422112 861 3 5 2029
430 5481555 864 4 5 15
431 5481555 864 4 8 113
432 5481555 864 5 9 35
433 5495414 871 1 3 1534
434 5495414 871 10 8 8344
435 5508737 874 2 3 32
436 5523043 882 9 2 223
437 5565238 886 1 6 1111
438 5565238 886 0 5 25
439 5614798 894 10 1 194
440 5614798 894 7 8 1
441 5614798 894 3 9 35
442 5614798 894 3 2 11
443 5614798 894 8 5 30
444 5617621 895 5 9 36
445 5694993 907 2 2 1642
446 5711521 911 5 0 682
447 5720748 913 6 2 19
448 5738841 919 9 1 16
449 5740813 920 6 9 28
450 5766039 928 7 10 102
451 5861022 929 3 4 878
452 5861022 929 10 4 1756
453 5861022 929 8 2 21
454 5861022 929 3 9 4
455 5861022 929 6 7 4
456 5861022 929 8 8 9
457 5861022 929 10 3 3
458 5861022 929 4 9 8
459 5861022 929 0 0 5
460 5861022 929 10 5 227
461 5861022 929 6 8 4
462 5861022 929 9 2 12
463 5861022 929 7 1 18
464 5917310 930 4 2 7
465 5917310 930 1 6 13
466 5917310 930 5 7 10
467 5968142 931 7 5 2443
468 5968142 931 4 1 10
469 5968142 931 4 10 225
470 6001779 932 10 8 6
471 6001779 932 3 7 3
472 6001779 932 1 1 779
473 6001779 932 6 0 2
474 6001779 932 0 4 6
475 6001779 932 6 7 3
476 6007549 935 5 1 1573
477 6009644 936 3 4 58
478 6022403 940 0 1 55
479 6022403 940 0 6 15144
480 6112539 941 9 5 13
481 6112539 941 0 6 34
482 6112539 941 8 6 2
483 6112539 941 6 8 1
484 6112539 941 8 4 11
485 6112539 941 8 2 2
486 6116832 947 10 10 71
487 6124964 948 8 4 5
488 6156379 959 10 6 11
489 6232449 967 1 3 4
490 6232449 967 6 2 15
491 6232449 967 5 6 3080
492 6232449 967 6 8 44
493 6240851 970 4 3 16276
494 6283835 980 7 10 306
495 6285406 983 0 10 188
496 6316768 994 4 4 38
497 6319312 995 5 6 518
498 6320658 996 1 5 37
499 6322459 997 6 3 22
