11 241 500
0 15064 0 1 4 103
1 57496 3 5 0 2396
2 57496 3 5 7 31
3 57496 3 9 6 284
4 66551 4 6 8 9
5 66551 4 8 0 205
6 105098 9 4 3 74
7 105098 9 1 0 14
8 105098 9 1 1 4
9 147540 13 3 5 41
10 193021 17 9 9 658
11 193021 17 9 7 5
12 193021 17 1 7 17
13 226569 21 3 2 1009
14 245103 28 0 8 53
15 266676 29 10 7 2267
16 268729 30 0 6 11
17 273916 31 1 6 46
18 273916 31 4 7 4140
19 276891 32 0 4 14
20 319792 42 8 0 5
21 327875 47 8 1 42
22 339927 50 2 10 3160
23 430095 51 7 9 1
24 430095 51 2 2 5
25 430095 51 8 8 1
26 432608 54 9 10 4501
27 485307 59 5 10 3
28 485307 59 1 7 13
29 485307 59 2 5 14
30 510981 66 0 10 2896
31 531169 70 10 6 45
32 544691 72 6 1 5
33 544691 72 6 0 6120
34 601635 75 4 2 7002
35 601635 75 8 1 4733
36 601635 75 0 8 1
37 601635 75 5 2 778
38 601635 75 0 1 591
39 691723 84 3 7 21
40 691723 84 2 8 1
41 691723 84 6 9 6
42 691723 84 3 0 7
43 691723 84 7 0 7
44 691723 84 2 5 71
45 710423 89 7 6 1461
46 730322 94 1 5 756
47 730322 94 5 5 756
48 734110 96 0 5 44
49 745314 97 6 9 1843
50 787072 99 7 3 63
51 787072 99 9 10 3070
52 858645 102 0 8 14609
53 858645 102 1 5 14
54 858645 102 3 8 29219
55 858645 102 5 5 14
56 858645 102 2 0 70
57 858645 102 7 3 5
58 858645 102 4 6 1
59 873019 105 1 5 326
60 906750 109 3 0 33
61 910589 110 3 1 64
62 923774 116 2 2 161
63 923774 116 2 9 68
64 932674 117 0 5 160
65 985015 132 8 1 6
66 991957 134 8 3 3
67 1009993 136 8 7 14
68 1009993 136 1 9 1
69 1009993 136 1 1 31
70 1067620 137 0 7 3
71 1067620 137 8 8 9
72 1067620 137 4 8 4
73 1067620 137 4 1 25
74 1067620 137 4 2 21
75 1067620 137 10 9 2136
76 1067620 137 7 10 1559
77 1067620 137 2 3 9
78 1067620 137 8 10 668
79 1085248 143 0 8 4
80 1113442 150 2 4 17932
81 1179094 154 8 6 230
82 1179094 154 6 2 748
83 1179094 154 4 0 4
84 1179094 154 10 0 2
85 1179094 154 9 7 1284
86 1179094 154 10 8 87
87 1252865 160 3 7 1
88 1252865 160 3 2 843
89 1252865 160 3 5 46
90 1252865 160 0 4 19
91 1277921 162 10 4 15
92 1277921 162 7 3 382
93 1277921 162 2 10 75
94 1289719 165 6 5 220
95 1289719 165 1 5 110
96 1291091 167 2 5 23577
97 1303830 170 3 3 61
98 1322177 174 2 10 174
99 1348063 178 7 0 104
100 1356575 184 1 6 21
101 1437228 198 8 9 31
102 1437228 198 4 3 10
103 1437228 198 0 0 5
104 1437228 198 0 3 2
105 1443363 202 3 10 415
106 1458900 203 7 5 4342
107 1462007 205 0 3 62
108 1472768 209 3 5 39
109 1488442 210 4 3 1
110 1492208 214 0 7 47
111 1498932 217 7 4 13
112 1498932 217 9 5 39
113 1542874 229 2 0 31
114 1574392 230 0 0 2
115 1635487 233 10 5 4
116 1635487 233 9 6 6
117 1635487 233 6 1 4
118 1635487 233 7 7 85
119 1635487 233 10 7 1
120 1635487 233 0 2 13
121 1635487 233 4 0 7
122 1662876 237 10 0 18
123 1662876 237 10 9 11
124 1673235 239 8 1 9
125 1736110 241 6 1 6
126 1736110 241 7 5 5047
127 1736110 241 7 9 1226
128 1736110 241 4 10 1014
129 1736590 243 10 1 22
130 1742472 245 0 8 20
131 1783848 259 9 3 623
132 1853267 262 9 2 6
133 1853267 262 0 9 30
134 1853267 262 9 7 1
135 1853267 262 9 5 7
136 1910544 285 4 7 350
137 2020021 287 10 5 4
138 2020021 287 1 0 5
139 2020021 287 9 2 3
140 2020021 287 7 1 47
141 2020021 287 9 6 24
142 2060834 291 3 3 844
143 2098246 292 5 0 6
144 2098246 292 8 6 13
145 2170672 303 8 9 204
146 2170672 303 9 8 649
147 2170672 303 3 9 204
148 2170672 303 8 8 324
149 2196427 304 2 8 40
150 2216625 310 7 6 6
151 2285453 317 0 10 55
152 2285453 317 9 8 167
153 2285453 317 9 1 14
154 2285453 317 0 4 10
155 2285453 317 1 9 27
156 2306612 324 4 9 142
157 2313701 327 1 3 3434
158 2339638 328 6 9 2
159 2349218 330 0 5 91
160 2365497 337 4 5 11902
161 2382823 339 7 3 430
162 2382823 339 0 3 215
163 2382823 339 6 5 190
164 2382823 339 1 7 15
165 2409093 340 0 0 20
166 2409093 340 3 1 3
167 2409093 340 0 2 3
168 2409093 340 0 4 1
169 2424689 348 4 1 2240
170 2427800 349 2 6 2272
171 2441498 354 2 5 5284
172 2462374 362 5 2 1
173 2466334 364 4 6 40
174 2487977 369 3 8 28
175 2487977 369 3 3 18
176 2513358 370 6 5 4
177 2513358 370 1 10 35
178 2513358 370 2 5 1
179 2513358 370 5 5 5
180 2518420 375 9 0 228
181 2568046 388 7 3 3122
182 2629177 390 4 3 596
183 2629177 390 0 0 14
184 2629177 390 0 9 349
185 2629177 390 2 9 6824
186 2629761 391 5 3 356
187 2650971 392 7 5 1283
188 2650971 392 8 5 2567
189 2650971 392 1 4 854
190 2650971 392 5 5 1283
191 2650971 392 1 5 5135
192 2650971 392 9 2 352
193 2728798 395 6 0 440
194 2728798 395 5 4 1
195 2728798 395 9 0 440
196 2728798 395 2 6 54
197 2742988 401 10 3 1192
198 2769168 402 2 3 65
199 2769168 402 9 0 2920
200 2790024 407 2 0 54
201 2790024 407 2 8 611
202 2790024 407 2 5 310
203 2842535 409 6 9 60
204 2842535 409 6 2 3
205 2842535 409 1 6 1
206 2842535 409 8 8 26
207 2842535 409 10 9 30
208 2842535 409 1 8 13
209 2871087 413 9 9 16
210 2871087 413 9 6 10095
211 2875568 416 8 1 2
212 2876272 417 6 2 58
213 2894020 422 8 7 4
214 2905208 424 7 8 143
215 2907887 426 5 10 30
216 2998723 428 6 4 1
217 2998723 428 9 7 1
218 2998723 428 8 4 21
219 2998723 428 5 8 2
220 2998723 428 6 1 668
221 2998723 428 5 1 6684
222 2998723 428 10 3 14
223 3051158 430 9 1 1051
224 3051158 430 9 6 190
225 3051158 430 9 4 67
226 3051158 430 4 1 7361
227 3051158 430 0 7 17
228 3051158 430 4 4 3
229 3070839 440 6 10 20
230 3076280 443 6 8 4
231 3079784 444 1 0 59
232 3096056 456 6 5 8547
233 3137581 457 5 6 6
234 3137581 457 0 1 1
235 3197978 461 0 7 1
236 3197978 461 7 10 1
237 3201484 463 2 0 60
238 3330612 466 6 3 1801
239 3330612 466 9 3 1801
240 3330612 466 7 3 3602
241 3330612 466 0 8 1
242 3370707 468 7 9 22
243 3388686 472 3 0 7
244 3424320 473 9 8 52
245 3424320 473 3 8 52
246 3424320 473 8 6 5
247 3424320 473 8 8 104
248 3534667 475 0 4 2
249 3534667 475 6 9 5
250 3534667 475 1 9 5
251 3534667 475 4 7 4
252 3534667 475 7 8 5
253 3534667 475 4 6 6
254 3534667 475 9 6 1
255 3534667 475 5 9 5
256 3562580 483 7 10 8
257 3576008 487 5 6 23
258 3589939 489 2 10 7526
259 3701754 498 10 5 175
260 3701754 498 10 1 35
261 3701754 498 4 6 1
262 3701754 498 1 10 13
263 3701754 498 10 3 4
264 3701754 498 9 9 1
265 3701754 498 6 6 1
266 3710333 499 7 1 3309
267 3714461 502 2 6 191
268 3778165 507 8 6 3
269 3778165 507 7 4 4287
270 3778165 507 10 7 72
271 3863885 513 7 0 1
272 3863885 513 8 8 1009
273 3863885 513 5 7 35
274 3863885 513 6 10 6
275 3876699 516 2 3 1
276 3876818 517 3 10 33396
277 3883634 525 2 7 173
278 3884958 526 8 2 56
279 3924063 542 1 1 3993
280 3924474 544 7 5 54
281 3934020 547 4 5 7822
282 3963851 553 0 2 3
283 4071548 555 6 2 876
284 4071548 555 4 3 202
285 4071548 555 5 2 876
286 4071548 555 2 7 3
287 4071548 555 6 5 1
288 4071548 555 8 1 478
289 4071548 555 7 7 3
290 4071548 555 5 4 3318
291 4071548 555 3 2 876
292 4110900 556 10 1 1
293 4110900 556 3 10 335
294 4148999 562 10 10 8302
295 4148999 562 10 9 2695
296 4159427 563 10 3 653
297 4159427 563 10 9 33
298 4167560 565 1 3 65
299 4210690 569 7 7 1
300 4210690 569 1 2 13
301 4210690 569 10 2 78
302 4210690 569 0 6 5
303 4253500 576 1 0 51
304 4253500 576 10 6 4
305 4253500 576 10 0 51
306 4259205 578 7 9 11
307 4278765 582 4 2 114
308 4288433 583 6 3 83
309 4298016 588 4 10 9
310 4298016 588 4 4 244
311 4298016 588 4 3 51
312 4349245 602 8 1 81
313 4349245 602 8 10 2547
314 4349245 602 6 4 453
315 4363478 606 10 7 327
316 4471394 612 3 3 1
317 4471394 612 9 6 3
318 4471394 612 5 8 8
319 4471394 612 0 9 1
320 4471394 612 2 7 2539
321 4471394 612 1 4 26
322 4471394 612 4 0 71
323 4471394 612 4 8 17
324 4471394 612 8 0 713
325 4471394 612 2 9 14
326 4471394 612 10 9 31
327 4471394 612 5 4 80
328 4568704 616 5 10 854
329 4568704 616 0 7 200
330 4568704 616 1 1 18
331 4568704 616 7 7 200
332 4584213 622 7 6 13081
333 4584816 623 5 1 96
334 4587425 625 4 0 34
335 4599215 626 2 0 55
336 4611878 628 1 8 78
337 4611878 628 1 3 228
338 4621465 631 5 6 491
339 4643807 633 5 7 3
340 4648063 634 7 4 53
341 4653577 635 5 7 192
342 4721687 644 7 5 10
343 4721687 644 4 0 8
344 4725855 648 9 2 178
345 4748501 668 5 4 33132
346 4823776 671 9 5 30
347 4823776 671 4 8 5
348 4823776 671 9 7 1
349 4823776 671 9 2 6
350 4823776 671 9 6 8
351 4838802 675 2 6 44
352 4855303 681 2 4 1319
353 4915103 683 10 5 1
354 4915103 683 1 5 4
355 4915103 683 0 5 12
356 4932787 689 9 10 4
357 4963433 690 4 1 1
358 4963433 690 8 8 600
359 4989662 692 2 0 75
360 4989662 692 2 1 48
361 4998137 693 8 3 1542
362 5116342 695 5 4 1
363 5116342 695 2 9 1503
364 5116342 695 6 3 4
365 5116342 695 6 2 1587
366 5116342 695 8 7 8
367 5116342 695 3 8 1
368 5116342 695 1 7 1
369 5121163 697 6 6 3138
370 5148128 698 10 0 4
371 5148128 698 10 8 312
372 5162408 701 8 9 1
373 5162408 701 4 2 3
374 5185575 702 4 8 11
375 5208956 703 9 0 37
376 5242651 715 8 7 12
377 5290141 718 5 9 11729
378 5290141 718 7 3 15
379 5290141 718 5 0 1
380 5311005 723 3 10 11
381 5311005 723 3 3 52
382 5311005 723 6 2 3584
383 5329380 727 6 7 2
384 5330465 728 3 9 53
385 5388490 735 6 3 8
386 5388490 735 9 8 70
387 5470210 741 9 2 3
388 5470210 741 0 5 147
389 5470210 741 6 7 14
390 5482358 745 3 10 118
391 5495026 749 5 4 26
392 5495026 749 9 4 6
393 5550041 751 5 1 15
394 5550041 751 7 6 55
395 5550041 751 5 9 15
396 5550041 751 10 2 15409
397 5560028 752 7 1 168
398 5560028 752 1 9 1
399 5574156 755 9 10 2193
400 5593346 759 9 3 11
401 5599300 762 4 1 36
402 5657958 768 0 0 103
403 5680110 778 3 1 279
404 5680110 778 0 1 279
405 5681069 779 4 1 18222
406 5687271 780 2 5 4
407 5706603 797 3 10 18
408 5719547 802 4 5 18
409 5863217 822 1 6 4
410 5863217 822 2 5 26
411 5863217 822 9 9 1
412 5863217 822 7 5 52
413 5863217 822 1 2 9
414 5863217 822 9 2 3
415 5863217 822 9 6 4
416 5863217 822 2 3 5
417 5863217 822 0 1 1
418 5863217 822 4 1 1
419 5949200 823 3 7 3756
420 5949200 823 5 3 6
421 5949200 823 3 4 3553
422 5949200 823 1 6 1980
423 5949200 823 10 3 2
424 5976451 825 5 5 16
425 5976451 825 10 0 17
426 5991905 830 2 7 448
427 5991905 830 0 9 32
428 5991905 830 8 1 24
429 6024310 834 2 5 908
430 6024310 834 9 10 1400
431 6061075 846 5 7 59
432 6063050 850 5 2 5
433 6065907 852 2 9 48
434 6081241 857 9 4 62
435 6090631 859 6 2 342
436 6166749 864 1 4 5
437 6166749 864 10 9 35
438 6202849 875 3 7 9
439 6213101 881 2 2 561
440 6260893 886 1 7 1
441 6260893 886 9 0 14
442 6269340 888 10 2 136
443 6316648 894 4 5 8
444 6316648 894 2 4 56
445 6316648 894 9 2 35
446 6343990 896 8 3 3173
447 6356993 899 6 0 1733
448 6364525 902 5 10 39173
449 6378490 903 1 10 49
450 6406867 907 4 3 18
451 6435841 913 2 2 19
452 6435841 913 4 2 19
453 6458415 920 2 8 655
454 6593650 929 1 9 8
455 6593650 929 0 8 4
456 6593650 929 2 6 218
457 6593650 929 5 3 3
458 6593650 929 3 1 1
459 6593650 929 10 2 4
460 6593650 929 5 4 878
461 6656973 930 3 2 29
462 6656973 930 5 6 13
463 6656973 930 9 6 172
464 6714160 931 2 8 4
465 6714160 931 1 6 8
466 6714160 931 1 9 2119
467 6752001 932 5 6 69
468 6752001 932 4 9 4
469 6752001 932 2 2 2708
470 6758492 935 1 1 1573
471 6775204 940 0 7 99809
472 6775204 940 0 4 44
473 6876606 941 6 9 2610
474 6876606 941 8 4 11
475 6876606 941 0 6 34
476 6876606 941 10 8 1
477 6876606 941 2 9 1305
478 6876606 941 2 3 1
479 6893246 949 2 4 3132
480 6906360 954 10 1 315
481 6911606 957 7 9 35
482 6925926 959 10 3 152
483 7011505 967 0 10 13
484 7011505 967 7 4 14
485 7011505 967 7 5 7
486 7011505 967 5 9 2
487 7011505 967 1 4 29
488 7014801 969 2 0 14
489 7024791 971 9 8 90
490 7034006 972 10 4 228
491 7058856 977 7 2 1705
492 7058856 977 2 2 5970
493 7078587 989 7 5 56
494 7081001 992 0 10 8980
495 7090681 993 4 7 154
496 7090681 993 4 9 48
497 7106364 994 6 1 1
498 7119127 998 5 3 1030
499 7122440 999 8 2 26
