11 232 500
0 13391 0 9 1 6
1 13391 0 9 7 46
2 51107 3 5 10 935
3 59157 4 5 8 14
4 131147 13 5 1 530
5 131147 13 1 8 1
6 131576 14 7 6 107
7 135603 16 4 4 11
8 171575 17 9 10 1
9 171575 17 7 8 1
10 181028 19 1 0 84
11 184033 20 4 8 333
12 205608 24 7 4 6073
13 246125 32 0 4 14
14 259554 37 6 0 25
15 290691 45 5 6 2127
16 382307 51 7 3 15
17 382307 51 0 2 10
18 391545 58 1 2 7830
19 431384 59 2 5 14
20 431384 59 2 8 1
21 431384 59 5 9 36
22 431384 59 2 7 6
23 431384 59 1 3 5
24 431384 59 1 2 204
25 431384 59 1 9 128
26 431384 59 8 1 22
27 484170 72 6 8 12198
28 534787 75 0 9 1
29 534787 75 7 10 7
30 614865 84 3 6 1
31 614865 84 6 1 8
32 614865 84 10 6 1
33 614865 84 6 4 5
34 638855 91 4 2 550
35 701487 101 10 8 35
36 763240 102 1 9 9
37 763240 102 7 9 9
38 763240 102 5 6 1
39 763240 102 7 2 483
40 763240 102 4 0 35
41 763240 102 5 10 21
42 763240 102 3 9 9
43 763240 102 6 3 5
44 805529 108 5 7 4
45 805529 108 6 5 8
46 805529 108 7 4 34
47 821132 116 2 1 6
48 838376 118 1 5 301
49 875572 133 5 1 154
50 881739 134 0 9 76
51 881739 134 6 3 3
52 882152 135 1 6 8481
53 897772 136 8 6 21
54 948996 137 9 0 4
55 948996 137 2 0 4
56 948996 137 10 9 2136
57 948996 137 5 8 4
58 954156 139 10 1 50
59 978339 146 3 4 5
60 989726 150 2 6 229
61 1048084 154 1 0 2
62 1048084 154 1 9 11
63 1048084 154 8 8 21
64 1048084 154 4 5 69
65 1048084 154 9 4 10
66 1113658 160 10 3 7
67 1113658 160 7 9 4
68 1113658 160 7 6 19
69 1113658 160 1 7 1
70 1113658 160 4 8 306
71 1113658 160 8 5 11
72 1135930 162 5 0 1899
73 1135930 162 3 0 1899
74 1135930 162 2 1 2890
75 1136144 163 4 3 297
76 1147023 166 7 4 13
77 1150028 168 2 2 15
78 1175269 174 5 4 18
79 1175269 174 2 2 9
80 1176380 175 5 6 13
81 1197286 177 0 9 9
82 1197286 177 3 4 23
83 1218399 190 8 10 8155
84 1277536 198 9 5 1
85 1277536 198 8 0 5
86 1277536 198 4 9 7
87 1343276 224 3 5 91
88 1371444 229 6 3 14
89 1371444 229 0 8 118
90 1453766 233 8 5 9
91 1453766 233 4 1 39
92 1478112 237 4 2 27
93 1543209 241 4 5 1682
94 1543209 241 4 6 1
95 1543209 241 9 10 1014
96 1543209 241 3 2 1952
97 1543209 241 4 4 14
98 1543209 241 4 10 1014
99 1551752 249 5 5 21
100 1585642 259 3 0 14
101 1585642 259 4 0 14
102 1585642 259 2 7 25
103 1585642 259 8 5 600
104 1647348 262 2 8 7
105 1647348 262 9 6 8
106 1647348 262 0 3 1
107 1647348 262 8 0 9
108 1655065 263 0 10 3048
109 1659547 266 5 10 10
110 1668360 269 4 10 438
111 1668360 269 4 0 22
112 1677102 274 8 9 85
113 1689436 282 8 6 237
114 1698261 285 4 5 15527
115 1795574 287 7 4 6
116 1795574 287 2 7 12118
117 1795574 287 3 5 2
118 1795574 287 2 10 30
119 1795574 287 6 4 1
120 1795574 287 1 5 2
121 1831852 291 5 3 9080
122 1865107 292 0 0 6
123 1873290 297 1 10 64
124 1888020 298 9 3 134
125 1893004 302 2 8 113
126 1929486 303 9 0 1
127 1929486 303 8 8 324
128 1929486 303 10 2 1892
129 1929486 303 8 10 14
130 1952379 304 3 7 25
131 1952379 304 2 5 23
132 1958918 307 4 4 476
133 1966554 308 6 2 3
134 1966554 308 6 10 9873
135 1970333 310 10 6 6
136 1976724 311 0 10 19
137 2031513 317 5 5 5789
138 2056623 327 2 10 1020
139 2079678 328 3 0 1
140 2079678 328 7 0 11
141 2079678 328 4 9 2
142 2079678 328 5 0 1
143 2118065 339 3 7 31
144 2141416 340 9 4 1
145 2151696 345 7 3 13
146 2158044 349 2 6 2272
147 2170221 354 2 5 5284
148 2234096 370 10 2 9
149 2238596 375 9 0 228
150 2240088 379 3 3 2
151 2261210 385 2 6 17811
152 2282708 388 7 8 88
153 2337046 390 9 1 110
154 2337046 390 3 9 174
155 2356418 392 7 5 1283
156 2425598 395 0 4 1
157 2425598 395 1 7 41
158 2425598 395 5 4 1
159 2431157 397 3 10 99
160 2433847 399 5 7 15502
161 2461483 402 9 5 65
162 2461483 402 9 3 65
163 2480021 407 2 7 98
164 2526698 409 8 5 797
165 2526698 409 6 6 1
166 2526698 409 10 9 30
167 2526698 409 6 10 15
168 2528876 410 2 3 1
169 2533603 412 7 1 86
170 2552077 413 2 1 168
171 2556060 416 8 1 2
172 2561807 420 5 1 59
173 2665531 428 9 2 2
174 2665531 428 4 8 2
175 2665531 428 3 7 97
176 2665531 428 8 8 2
177 2665531 428 4 10 38
178 2665531 428 5 9 3
179 2665531 428 0 4 1
180 2665531 428 9 10 4
181 2665531 428 4 0 1
182 2665531 428 0 7 1
183 2712140 430 1 1 2103
184 2712140 430 1 5 16
185 2717825 434 8 2 37
186 2723593 435 7 6 24
187 2729634 440 5 10 4
188 2729634 440 6 10 20
189 2743373 448 10 1 2
190 2788961 457 8 7 1
191 2788961 457 1 4 1
192 2788961 457 5 9 13
193 2788961 457 5 6 6
194 2788961 457 0 7 1
195 2799428 459 0 5 651
196 2842647 461 4 0 1
197 2842647 461 10 9 7
198 2842647 461 0 7 1
199 2842647 461 7 5 1
200 2845764 463 2 0 60
201 2960544 466 4 10 2
202 2960544 466 1 9 4
203 2960544 466 0 8 1
204 2960544 466 0 7 1
205 2960544 466 5 4 217
206 2960544 466 5 2 50
207 2960544 466 6 7 1
208 2960544 466 6 8 1
209 2960544 466 5 7 1
210 2960544 466 8 2 150
211 2960544 466 6 3 1801
212 2988508 467 10 1 1
213 3012165 472 3 0 7
214 3043840 473 8 8 104
215 3043840 473 3 7 3
216 3141926 475 6 2 1
217 3141926 475 4 0 1
218 3141926 475 4 10 5
219 3141926 475 2 6 1
220 3141926 475 2 5 2
221 3141926 475 7 2 1
222 3141926 475 5 5 15
223 3141926 475 0 7 4
224 3142933 476 6 10 30
225 3152497 477 2 0 196
226 3159961 479 0 9 1
227 3191057 489 0 5 94
228 3191057 489 8 9 31
229 3290448 498 9 0 64
230 3290448 498 1 10 13
231 3290448 498 0 4 50
232 3290448 498 6 7 7
233 3290448 498 2 1 17
234 3298074 499 7 6 4848
235 3358369 507 9 7 72
236 3358369 507 5 0 12
237 3358369 507 9 8 13
238 3358369 507 3 0 15
239 3379164 510 6 10 29
240 3379164 510 7 4 1991
241 3379164 510 6 2 40
242 3434564 513 8 5 172
243 3434564 513 7 2 42
244 3434564 513 9 9 40
245 3434564 513 7 0 1
246 3434564 513 9 3 5
247 3434564 513 0 4 200
248 3445954 516 7 3 1
249 3445954 516 3 3 1
250 3445954 516 5 3 1
251 3445954 516 2 3 1
252 3458781 529 4 9 374
253 3459399 530 3 10 50
254 3463149 534 3 4 114
255 3473324 537 7 10 11
256 3496906 547 4 10 15
257 3496906 547 4 8 25
258 3619153 555 7 4 829
259 3619153 555 10 6 47
260 3619153 555 7 8 102
261 3619153 555 5 0 1
262 3619153 555 3 7 3
263 3619153 555 7 10 4
264 3619153 555 10 1 95
265 3619153 555 4 10 197
266 3619153 555 9 2 1752
267 3619153 555 3 2 876
268 3619153 555 5 10 1
269 3654133 556 3 0 1
270 3662155 557 3 5 64
271 3662155 557 3 8 1648
272 3672107 558 1 9 64
273 3675783 560 7 0 10
274 3687999 562 10 1 15233
275 3697268 563 10 7 235
276 3742835 569 10 5 1
277 3742835 569 9 6 87
278 3747288 573 1 5 19
279 3780889 576 10 6 4
280 3780889 576 10 3 30
281 3780889 576 6 5 2438
282 3780889 576 10 1 1
283 3785960 578 7 9 11
284 3803347 582 4 8 66
285 3811940 583 6 4 5985
286 3827192 591 6 10 2
287 3865996 602 6 6 1
288 3865996 602 6 5 30
289 3974572 612 7 1 3
290 3974572 612 4 5 120
291 3974572 612 10 2 448
292 3974572 612 1 1 3
293 3974572 612 0 3 1
294 3974572 612 10 6 3
295 3974572 612 8 10 5
296 3974572 612 4 6 1
297 3974572 612 3 0 71
298 3974572 612 3 1 6
299 3974572 612 2 1 16
300 3974572 612 8 3 1
301 3974572 612 4 4 2485
302 4061070 616 10 3 20
303 4061070 616 0 4 1
304 4061070 616 4 9 2
305 4061070 616 0 9 5
306 4061070 616 10 5 1227
307 4077711 625 9 0 34
308 4099447 628 1 10 95
309 4141584 637 4 10 24
310 4197055 644 9 2 101
311 4201639 650 0 10 58
312 4220890 668 5 5 82
313 4287801 671 9 4 671
314 4287801 671 2 9 68
315 4287801 671 2 7 1
316 4287801 671 6 5 270
317 4289342 672 10 0 82
318 4315825 681 2 4 1319
319 4368981 683 8 0 57
320 4368981 683 0 7 3841
321 4368981 683 3 10 16
322 4368981 683 2 7 548
323 4368981 683 8 8 5
324 4368981 683 2 9 30
325 4368981 683 9 7 548
326 4370102 685 1 4 41
327 4373691 687 5 8 7
328 4411940 690 8 9 17
329 4413101 691 8 2 24
330 4547860 695 4 7 1
331 4547860 695 6 4 8
332 4547860 695 7 9 429
333 4547860 695 9 4 2
334 4547860 695 9 9 214
335 4547860 695 4 3 4
336 4547860 695 1 7 1
337 4547860 695 0 5 14
338 4576113 698 10 6 20
339 4576113 698 10 7 2
340 4576113 698 2 6 13
341 4588807 701 0 9 1
342 4609400 702 3 2 56
343 4609400 702 0 4 649
344 4609400 702 0 3 1
345 4609400 702 4 5 112
346 4630183 703 9 7 548
347 4630183 703 9 5 40
348 4630183 703 9 0 37
349 4659883 714 5 4 563
350 4662879 716 3 10 175
351 4702347 718 10 4 275
352 4702347 718 3 1 85
353 4720893 723 6 1 1
354 4720893 723 6 10 11
355 4727980 724 6 6 2
356 4727980 724 6 3 4789
357 4727980 724 6 8 63
358 4737227 727 10 0 769
359 4737227 727 6 5 7
360 4789769 735 9 7 1348
361 4789769 735 6 5 36
362 4862408 741 4 2 9
363 4862408 741 10 0 1634
364 4862408 741 8 10 2
365 4884467 749 9 7 41
366 4933370 751 8 2 2628
367 4933370 751 10 10 17
368 4933370 751 3 6 55
369 4933370 751 9 5 343
370 4942247 752 1 0 168
371 4942247 752 1 9 1
372 4968398 757 8 5 578
373 5007758 766 10 7 7
374 5007758 766 2 7 7
375 5007758 766 6 10 15
376 5007758 766 8 10 106
377 5007758 766 6 7 3
378 5029296 768 8 3 102
379 5029296 768 8 9 704
380 5029296 768 0 6 37
381 5055352 780 1 1 117
382 5065514 787 8 4 6
383 5065514 787 6 4 33
384 5070038 792 0 8 118
385 5091749 804 4 0 117
386 5095368 806 5 0 104
387 5098006 807 2 10 55
388 5211749 822 8 7 138
389 5211749 822 3 8 239
390 5211749 822 3 5 338
391 5211749 822 3 7 414
392 5211749 822 1 6 4
393 5211749 822 5 5 26
394 5211749 822 2 0 1
395 5288178 823 9 8 1
396 5288178 823 2 5 1797
397 5288178 823 10 5 599
398 5288178 823 5 10 1
399 5288178 823 9 3 13
400 5288178 823 8 6 282
401 5288178 823 2 10 1
402 5290114 824 6 10 142
403 5312401 825 1 8 63
404 5312401 825 5 2 27
405 5312401 825 5 5 16
406 5326138 830 1 1 74
407 5326138 830 1 2 42
408 5326543 831 1 10 1198
409 5343711 833 7 5 22
410 5354942 834 2 10 700
411 5354942 834 1 0 15
412 5372802 842 1 1 148
413 5381072 845 2 7 4
414 5387623 846 5 6 89
415 5429742 863 6 10 99
416 5481555 864 6 8 339
417 5481555 864 5 10 172
418 5481555 864 1 8 226
419 5481555 864 9 1 4
420 5481555 864 10 7 1
421 5481555 864 5 6 17
422 5481555 864 0 0 7236
423 5484416 867 7 3 60
424 5498830 872 6 6 114
425 5498830 872 2 4 147
426 5513644 875 2 7 9
427 5515411 876 9 3 18
428 5565238 886 5 9 751
429 5565238 886 7 5 25
430 5565238 886 2 2 1476
431 5614798 894 4 8 1
432 5614798 894 0 9 35
433 5617621 895 8 9 9
434 5639102 896 4 3 1586
435 5639102 896 8 9 10
436 5650661 899 6 2 250
437 5650661 899 6 0 1733
438 5657256 901 1 3 1484
439 5657256 901 8 2 30
440 5694993 907 2 3 18
441 5703226 909 9 9 226
442 5703226 909 9 0 5739
443 5703892 910 10 5 3
444 5730659 917 3 9 3
445 5743971 923 10 7 1223
446 5752663 925 1 0 92
447 5861022 929 10 0 10
448 5861022 929 10 10 1
449 5861022 929 1 8 4
450 5861022 929 2 4 2635
451 5861022 929 9 9 4
452 5861022 929 0 10 1
453 5861022 929 1 9 8
454 5861022 929 9 8 14
455 5861022 929 8 4 1756
456 5917310 930 8 3 15
457 5917310 930 7 10 683
458 5917310 930 2 10 683
459 5917310 930 1 2 43
460 5917310 930 6 4 15609
461 5968142 931 0 0 1056
462 5968142 931 8 6 8
463 5968142 931 7 8 4
464 5968142 931 1 9 2119
465 6001779 932 7 10 23
466 6001779 932 6 0 2
467 6001779 932 1 10 23
468 6001779 932 9 4 6
469 6022403 940 0 5 111
470 6112539 941 5 8 1
471 6112539 941 7 10 36
472 6112539 941 4 8 1
473 6112539 941 7 0 16
474 6112539 941 10 6 10
475 6112539 941 2 3 1
476 6112539 941 6 4 1
477 6112539 941 7 1 96
478 6112539 941 0 1 96
479 6114967 944 8 1 104
480 6124964 948 8 4 5
481 6138986 954 6 9 78
482 6139862 955 7 4 6343
483 6143650 957 4 9 17
484 6143650 957 8 9 17
485 6156379 959 10 3 152
486 6156379 959 10 4 73
487 6156379 959 10 5 196
488 6165715 961 7 5 2407
489 6165813 962 1 9 174
490 6232449 967 1 9 9
491 6232449 967 0 6 9242
492 6232449 967 6 0 19
493 6232449 967 4 5 7
494 6252450 972 10 4 228
495 6269568 973 2 3 1
496 6290319 987 7 9 42
497 6292077 989 7 5 56
498 6316768 994 3 0 6
499 6331058 999 8 2 26
