11 239 500
0 51107 3 10 6 2558
1 93421 9 7 1 19
2 93421 9 1 9 7
3 131147 13 3 9 2319
4 171575 17 10 9 1317
5 171575 17 2 4 12
6 171575 17 1 10 1
7 171575 17 9 8 1
8 179016 18 1 5 253
9 201395 21 4 0 25980
10 217469 27 10 0 130
11 237045 29 2 10 58
12 237045 29 10 7 2267
13 247529 35 7 5 100
14 247674 36 3 4 53
15 259554 37 0 9 2107
16 259554 37 6 8 61
17 282888 41 10 6 244
18 282888 41 10 3 35
19 284296 43 5 8 154
20 292620 48 10 8 53
21 302157 50 9 3 14
22 382307 51 5 9 1
23 382307 51 7 3 15
24 382307 51 0 4 15
25 382307 51 0 9 5
26 382307 51 5 6 1
27 431384 59 2 7 6
28 431384 59 5 3 63
29 431384 59 2 3 5
30 439749 62 8 5 5726
31 472150 70 10 6 45
32 550707 83 0 2 165
33 614865 84 6 8 1
34 614865 84 10 10 2
35 614865 84 7 7 21
36 614865 84 7 5 716
37 614865 84 7 6 1
38 614865 84 10 8 6
39 614865 84 10 4 10
40 631487 89 7 8 6309
41 643332 93 7 7 13
42 643332 93 9 7 13
43 652542 96 10 5 88
44 699619 99 9 3 63
45 699619 99 0 5 5
46 763240 102 9 10 21
47 763240 102 10 4 8
48 763240 102 6 8 14609
49 763240 102 0 0 35
50 763240 102 7 4 16
51 769318 103 8 5 6
52 774349 104 4 1 18
53 774349 104 4 5 74
54 774349 104 4 2 54
55 774349 104 4 9 60
56 805529 108 8 0 226
57 805529 108 6 5 8
58 821132 116 2 2 161
59 821132 116 2 0 61
60 838376 118 8 5 16
61 840183 120 9 7 124
62 897772 136 1 8 15
63 897772 136 1 4 6084
64 948996 137 4 2 21
65 948996 137 2 3 9
66 948996 137 5 2 21
67 978339 146 10 4 11
68 978339 146 4 8 333
69 1048084 154 10 5 139
70 1048084 154 6 5 69
71 1048084 154 7 9 11
72 1048084 154 6 2 748
73 1048084 154 2 7 642
74 1054114 158 5 2 59
75 1113658 160 2 0 11
76 1113658 160 6 5 11
77 1113658 160 8 4 9
78 1113658 160 10 3 7
79 1113658 160 8 6 5
80 1115892 161 10 8 1
81 1138204 164 6 8 11399
82 1146417 165 7 4 29
83 1150028 168 8 2 30
84 1176638 176 6 9 8
85 1197286 177 3 0 359
86 1197286 177 3 8 268
87 1208317 186 8 0 11839
88 1218399 190 10 0 36
89 1219146 191 8 6 7153
90 1227011 192 3 6 110
91 1228617 194 3 3 63
92 1277536 198 6 10 86
93 1277536 198 1 8 11
94 1296800 203 7 4 4534
95 1296800 203 8 4 1511
96 1296800 203 7 2 64
97 1323060 210 4 3 1
98 1332384 217 4 4 150
99 1342532 223 3 9 2
100 1343276 224 3 4 238
101 1345285 225 6 8 316
102 1371444 229 2 4 52
103 1371444 229 2 7 9
104 1453766 233 6 7 1
105 1478112 237 10 10 82
106 1487320 239 9 1 9
107 1543209 241 4 9 1226
108 1543209 241 3 8 1
109 1543209 241 4 5 1682
110 1543209 241 1 8 1
111 1543209 241 6 2 3905
112 1543209 241 4 4 14
113 1550715 248 1 4 194
114 1585642 259 7 0 14
115 1647348 262 9 9 15
116 1647348 262 8 4 11
117 1647348 262 8 6 43
118 1647348 262 8 7 1
119 1647348 262 8 0 9
120 1647348 262 2 4 9
121 1656225 264 4 4 5132
122 1698261 285 4 7 350
123 1795574 287 10 1 3
124 1795574 287 2 8 5
125 1795574 287 5 6 170
126 1795574 287 3 7 807
127 1795574 287 8 10 7
128 1795574 287 0 10 7
129 1795574 287 6 9 1
130 1795574 287 9 1 53
131 1795574 287 4 0 1
132 1795574 287 1 0 5
133 1795574 287 4 8 5
134 1795574 287 9 9 1
135 1795574 287 10 5 4
136 1795574 287 8 4 1
137 1795574 287 6 1 15
138 1795574 287 3 6 24
139 1831852 291 1 7 111
140 1831852 291 4 6 2047
141 1831852 291 6 6 409
142 1831852 291 5 8 8
143 1865107 292 4 10 1
144 1865107 292 6 8 218
145 1873290 297 1 10 64
146 1888020 298 9 3 134
147 1888020 298 1 8 2839
148 1891017 300 10 1 1505
149 1891850 301 2 5 59
150 1929486 303 8 1 25
151 1952379 304 3 3 9291
152 2031513 317 10 9 27
153 2031513 317 0 7 3013
154 2031513 317 0 10 55
155 2035938 320 5 0 8093
156 2050322 324 9 9 47
157 2056623 327 3 3 686
158 2079678 328 6 9 2
159 2079678 328 2 9 2
160 2079678 328 7 3 2
161 2079678 328 2 5 297
162 2079678 328 1 5 297
163 2088193 330 0 9 26
164 2089663 334 6 9 105
165 2095176 335 1 3 1
166 2095176 335 1 9 28
167 2118065 339 8 5 95
168 2141416 340 3 2 3
169 2141416 340 5 3 126
170 2141416 340 5 2 3
171 2176407 358 1 8 49
172 2200541 367 6 3 60
173 2234096 370 1 3 30
174 2234096 370 9 3 10
175 2234096 370 10 5 1
176 2238235 374 7 10 23
177 2238596 375 9 0 228
178 2256678 380 10 6 315
179 2259626 383 4 6 187
180 2282708 388 7 6 202
181 2284318 389 6 2 16284
182 2337046 390 0 10 1
183 2337046 390 2 8 767
184 2337046 390 1 3 298
185 2425598 395 2 5 1065
186 2425598 395 0 7 1
187 2461483 402 2 5 49
188 2461483 402 2 2 7
189 2461483 402 9 3 65
190 2480021 407 2 1 9
191 2526698 409 2 0 528
192 2526698 409 1 6 1
193 2526698 409 10 10 10
194 2528876 410 2 3 1
195 2552077 413 9 9 16
196 2552077 413 9 1 56
197 2582407 424 7 1 86
198 2665531 428 1 5 822
199 2665531 428 1 10 12
200 2665531 428 5 3 3
201 2665531 428 5 8 2
202 2665531 428 8 9 1
203 2665531 428 10 5 822
204 2665531 428 9 6 1
205 2665531 428 1 8 2
206 2712140 430 8 2 36
207 2712140 430 0 3 2
208 2712140 430 4 10 5
209 2712140 430 7 3 21
210 2714644 431 6 0 184
211 2715622 433 7 4 12730
212 2743373 448 6 1 2
213 2747984 452 1 10 36
214 2788961 457 0 0 8
215 2788961 457 4 1 1
216 2806604 460 1 1 356
217 2842647 461 3 6 614
218 2842647 461 7 6 614
219 2842647 461 0 4 5
220 2845764 463 2 0 60
221 2960544 466 8 10 2
222 2960544 466 8 3 1801
223 2960544 466 7 5 1
224 2960544 466 6 6 16
225 2960544 466 0 2 50
226 2960544 466 6 3 1801
227 2960544 466 0 0 7
228 2960544 466 8 6 4
229 2988508 467 0 3 4
230 2988508 467 0 6 6
231 2988508 467 4 3 45
232 2996184 468 7 2 226
233 2996184 468 7 8 13074
234 2996184 468 7 6 61
235 3012165 472 8 0 14
236 3012165 472 5 0 7
237 3043840 473 8 6 5
238 3043840 473 10 10 1
239 3043840 473 0 2 7
240 3141926 475 2 10 51
241 3141926 475 0 4 2
242 3141926 475 1 2 13
243 3141926 475 4 8 2
244 3141926 475 7 2 1
245 3141926 475 2 8 2
246 3141926 475 10 0 1
247 3141926 475 7 8 5
248 3141926 475 10 8 5
249 3141926 475 6 10 10
250 3167349 485 2 0 117
251 3178674 487 5 4 344
252 3191057 489 8 9 31
253 3191057 489 8 10 15052
254 3196327 492 8 7 3095
255 3198344 495 10 10 23
256 3290448 498 3 10 13
257 3290448 498 3 0 10
258 3290448 498 2 2 23
259 3290448 498 8 0 10
260 3290448 498 7 7 29
261 3290448 498 3 3 1
262 3290448 498 2 9 1
263 3358369 507 10 2 11
264 3358369 507 9 8 13
265 3358369 507 1 6 3
266 3358369 507 9 7 72
267 3358369 507 4 1 1
268 3434564 513 2 5 862
269 3434564 513 2 7 5
270 3434564 513 10 3 26
271 3434564 513 3 6 80
272 3434564 513 5 2 6
273 3445954 516 0 3 1
274 3445954 516 10 3 54
275 3446061 517 3 10 33396
276 3461664 533 9 4 779
277 3473324 537 9 10 88
278 3488056 542 1 6 65
279 3496906 547 4 7 18
280 3496906 547 4 6 189
281 3619153 555 0 6 47
282 3619153 555 5 8 7
283 3619153 555 0 1 95
284 3619153 555 7 0 1
285 3619153 555 7 10 4
286 3619153 555 7 8 102
287 3619153 555 6 4 829
288 3619153 555 2 3 202
289 3619153 555 8 4 829
290 3619153 555 7 7 3
291 3619153 555 0 9 2
292 3619153 555 3 3 202
293 3619153 555 10 5 1
294 3672107 558 1 7 123
295 3672107 558 1 10 174
296 3675783 560 7 0 10
297 3697268 563 10 7 235
298 3742835 569 7 2 26
299 3780889 576 1 6 4
300 3780889 576 10 6 4
301 3785960 578 6 0 132
302 3814618 587 2 1 6
303 3833966 597 3 4 14
304 3865996 602 8 2 848
305 3878647 606 10 0 183
306 3890488 611 2 4 117
307 3974572 612 9 6 3
308 3974572 612 3 10 5
309 3974572 612 1 9 14
310 3974572 612 0 4 26
311 3974572 612 6 6 1
312 3974572 612 3 0 71
313 3974572 612 1 10 55
314 3974572 612 4 0 71
315 3974572 612 5 9 1
316 3974572 612 4 10 5
317 3981641 613 3 6 58
318 4061070 616 6 6 108
319 4061070 616 4 10 6839
320 4061070 616 1 3 20
321 4061070 616 9 0 494
322 4061070 616 8 1 1
323 4075392 623 5 1 96
324 4088191 626 2 7 117
325 4088191 626 2 3 6058
326 4099447 628 1 9 181
327 4099447 628 1 0 118
328 4127829 633 5 9 17
329 4131612 634 7 6 15150
330 4136513 635 5 3 16
331 4147235 639 2 3 55
332 4147361 640 1 0 113
333 4197055 644 0 8 908
334 4197055 644 5 0 8
335 4197055 644 6 10 1
336 4197055 644 2 0 8
337 4197055 644 3 0 8
338 4197055 644 7 5 10
339 4197055 644 3 8 908
340 4197055 644 0 3 10
341 4204576 656 0 0 126
342 4287801 671 9 8 34
343 4287801 671 1 0 1
344 4287801 671 6 2 6
345 4287801 671 1 9 17
346 4287801 671 10 0 1
347 4287801 671 8 2 6
348 4287801 671 8 8 5
349 4287801 671 3 1 4531
350 4289342 672 10 0 82
351 4301157 675 2 3 19475
352 4301157 675 2 2 222
353 4303088 676 8 4 41
354 4368981 683 3 8 23
355 4368981 683 9 8 35
356 4368981 683 2 1 25
357 4369839 684 9 2 1039
358 4373691 687 5 7 16
359 4373894 688 7 4 43
360 4384700 689 9 4 318
361 4411940 690 8 3 45
362 4411940 690 8 6 14
363 4435255 692 7 7 181
364 4442788 693 8 5 224
365 4547860 695 9 8 1
366 4547860 695 4 10 1
367 4547860 695 7 2 793
368 4547860 695 10 3 35
369 4547860 695 0 3 8
370 4547860 695 6 2 1587
371 4547860 695 8 6 145
372 4547860 695 2 3 13
373 4547860 695 0 2 793
374 4547860 695 6 4 8
375 4576113 698 5 5 6
376 4609400 702 3 2 56
377 4609400 702 4 0 1187
378 4609400 702 4 5 112
379 4638378 709 2 9 9272
380 4647710 710 3 9 22919
381 4655415 712 2 4 49
382 4702347 718 8 5 263
383 4702347 718 2 4 27
384 4702347 718 0 7 5
385 4720893 723 6 6 66
386 4765539 732 4 6 4
387 4766009 733 10 8 12
388 4789769 735 6 4 76
389 4862408 741 10 4 33
390 4873003 744 1 3 64
391 4874237 747 8 5 26
392 4884467 749 4 7 20
393 4933370 751 6 4 13
394 4933370 751 3 9 108
395 4933370 751 1 8 1
396 4933370 751 6 3 242
397 4933370 751 0 5 12
398 4942247 752 7 1 168
399 4942247 752 7 9 1
400 4954805 755 9 0 195
401 4972509 760 5 0 1472
402 4976038 761 4 5 45
403 5007758 766 4 3 1
404 5029296 768 0 8 21
405 5065514 787 6 4 33
406 5065514 787 2 4 78
407 5069897 791 8 1 1
408 5091749 804 4 8 8560
409 5091749 804 4 0 117
410 5107436 815 6 10 1677
411 5211749 822 0 9 1
412 5211749 822 9 5 26
413 5211749 822 5 4 1
414 5211749 822 7 8 479
415 5211749 822 3 5 338
416 5288178 823 10 7 751
417 5288178 823 9 5 599
418 5288178 823 8 8 2
419 5290114 824 6 10 142
420 5354942 834 2 10 700
421 5359042 837 8 9 19
422 5381072 845 5 7 51
423 5394998 855 2 0 234
424 5422112 861 3 0 984
425 5422112 861 3 4 112
426 5422112 861 3 7 1201
427 5481555 864 9 1 4
428 5481555 864 7 0 3618
429 5481555 864 1 9 35
430 5481555 864 8 8 113
431 5488378 870 2 3 6
432 5518252 880 1 7 27314
433 5522757 881 4 2 561
434 5522757 881 0 2 561
435 5523589 884 0 6 33
436 5565238 886 1 6 1111
437 5565238 886 7 2 41
438 5614798 894 3 3 6
439 5614798 894 0 10 33
440 5614798 894 0 9 35
441 5614798 894 5 1 19
442 5639102 896 9 9 30
443 5639102 896 3 0 1968
444 5650661 899 6 1 58
445 5650661 899 6 3 108
446 5657256 901 6 2 30
447 5694993 907 4 0 36
448 5703226 909 9 4 1528
449 5703226 909 9 3 21
450 5727763 916 7 3 49
451 5738841 919 0 1 1
452 5738841 919 2 1 1
453 5752382 924 6 6 3
454 5764267 926 7 1 61
455 5764267 926 7 7 22675
456 5861022 929 2 5 454
457 5861022 929 7 6 54
458 5861022 929 8 7 6
459 5861022 929 9 6 381
460 5861022 929 2 3 13
461 5861022 929 0 2 4
462 5861022 929 5 10 1
463 5861022 929 6 0 655
464 5861022 929 7 7 231
465 5861022 929 6 6 54
466 5917310 930 10 2 14
467 5917310 930 10 9 71
468 5917310 930 3 5 22
469 5968142 931 8 8 4
470 5968142 931 7 10 225
471 6001779 932 5 3 13
472 6001779 932 10 8 6
473 6010854 938 9 5 48
474 6016975 939 2 8 14263
475 6112539 941 8 7 1
476 6112539 941 7 1 96
477 6112539 941 1 8 1
478 6112539 941 6 2 5
479 6112539 941 9 2 8
480 6124964 948 0 7 18
481 6143650 957 7 9 35
482 6156379 959 10 0 127
483 6156379 959 10 5 196
484 6165715 961 1 5 343
485 6165715 961 6 5 2407
486 6165715 961 4 5 343
487 6232449 967 0 2 15
488 6232449 967 5 2 15
489 6232449 967 6 1 369
490 6240851 970 8 4 16
491 6252450 972 10 9 152
492 6283835 980 6 10 204
493 6283835 980 10 10 306
494 6283863 981 1 6 406
495 6285406 983 0 10 188
496 6294077 991 9 10 233
497 6316768 994 1 1 1
498 6316768 994 0 1 28
499 6322459 997 6 3 22
