11 237 500
0 15064 0 9 10 942
1 16036 2 0 10 1004
2 57496 3 9 6 284
3 57496 3 5 0 2396
4 57496 3 10 1 14
5 57496 3 10 2 11041
6 57496 3 10 5 113
7 57496 3 10 0 2396
8 105098 9 1 0 14
9 147540 13 7 10 99
10 193021 17 1 5 16
11 193021 17 3 1 44
12 193021 17 3 7 19
13 193021 17 5 5 16
14 201393 18 1 8 1476
15 226569 21 4 9 47
16 226569 21 4 5 18
17 226569 21 4 6 290
18 226569 21 4 0 25980
19 226569 21 3 3 9711
20 235454 25 3 0 5933
21 244653 27 1 0 130
22 266676 29 2 5 28
23 266676 29 2 8 170
24 291999 37 8 10 4
25 301331 38 8 8 11723
26 329198 48 10 8 53
27 339927 50 2 10 3160
28 430095 51 7 9 1
29 430095 51 5 1 15
30 430095 51 10 0 64
31 430776 52 9 4 249
32 485307 59 2 4 8
33 510981 66 0 5 116
34 514901 68 3 4 3
35 531169 70 3 7 1
36 546841 74 7 7 25
37 601635 75 6 5 231
38 601635 75 7 9 1
39 601635 75 2 3 33
40 601635 75 8 0 63
41 601635 75 6 0 11
42 601635 75 4 5 115
43 601635 75 9 10 7
44 602198 76 9 3 98
45 619545 83 0 2 165
46 691723 84 4 3 4
47 691723 84 2 9 84
48 691723 84 2 0 15
49 691723 84 7 10 95
50 691723 84 7 4 5
51 691723 84 4 1 120
52 710423 89 7 9 100
53 745314 97 2 9 3687
54 745314 97 0 9 1843
55 745443 98 10 1 117
56 787072 99 0 0 203
57 858645 102 10 4 8
58 858645 102 5 1 3
59 858645 102 3 8 29219
60 858645 102 3 10 21
61 858645 102 5 5 14
62 858645 102 6 3 5
63 906220 108 4 5 90
64 923774 116 2 6 106
65 991957 134 6 7 32
66 1009993 136 8 2 59
67 1009993 136 1 0 2006
68 1009993 136 1 3 16
69 1067620 137 10 8 34
70 1067620 137 0 7 3
71 1073426 139 10 1 50
72 1085248 143 0 3 45
73 1085248 143 0 6 85
74 1113442 150 2 0 219
75 1179094 154 4 1 16
76 1179094 154 10 5 139
77 1179094 154 8 9 11
78 1179094 154 7 9 11
79 1183230 157 4 4 87
80 1186386 159 1 4 95
81 1252865 160 4 3 2
82 1252865 160 0 9 9
83 1252865 160 7 3 137
84 1252865 160 4 6 5
85 1252865 160 8 10 5
86 1277921 162 3 0 1899
87 1289719 165 3 3 93
88 1293782 168 6 2 30
89 1322177 174 6 2 19
90 1322177 174 6 10 9
91 1322177 174 5 2 9
92 1322177 174 9 10 9
93 1346947 177 3 8 268
94 1370698 190 10 10 8155
95 1437228 198 2 2 6
96 1437228 198 6 10 86
97 1437228 198 8 0 5
98 1437228 198 0 1 4
99 1443363 202 3 4 167
100 1443363 202 3 8 120
101 1463544 206 3 6 88
102 1488442 210 5 3 7
103 1498932 217 7 4 13
104 1542874 229 0 10 5
105 1542874 229 0 9 74
106 1542874 229 6 9 74
107 1542874 229 6 6 27
108 1574392 230 0 0 2
109 1574392 230 0 5 11
110 1574392 230 3 2 1
111 1574392 230 0 7 226
112 1579388 232 6 5 18
113 1635487 233 3 1 141
114 1635487 233 4 4 1153
115 1635487 233 4 0 7
116 1662876 237 4 0 72
117 1662876 237 10 3 224
118 1662876 237 4 6 47
119 1736110 241 3 5 8412
120 1736110 241 4 8 1
121 1736110 241 4 7 12
122 1736110 241 1 8 1
123 1747273 252 1 10 17
124 1749201 254 2 4 52
125 1753176 258 3 0 83
126 1783848 259 5 7 25
127 1783848 259 9 3 623
128 1783848 259 5 3 1246
129 1853267 262 8 5 8
130 1853267 262 3 7 1
131 1853267 262 9 8 7
132 1853267 262 2 8 7
133 1900616 282 8 4 326
134 1900616 282 8 2 74
135 1900616 282 8 1 106
136 1900616 282 8 7 200
137 2020021 287 10 10 61
138 2020021 287 0 2 6
139 2020021 287 7 4 6
140 2020021 287 9 10 7
141 2020021 287 4 1 3
142 2020021 287 0 1 6
143 2020021 287 10 0 1
144 2020021 287 2 6 24
145 2020021 287 3 9 1
146 2020699 288 8 10 108
147 2060834 291 6 7 333
148 2060834 291 3 3 844
149 2060834 291 1 0 1
150 2060834 291 2 5 25
151 2060834 291 4 9 182
152 2060834 291 10 0 1
153 2060834 291 2 6 1228
154 2060834 291 7 2 3435
155 2098246 292 4 10 1
156 2098246 292 6 8 218
157 2104152 295 6 4 6
158 2107451 297 1 10 64
159 2124023 298 1 9 8
160 2124023 298 1 1 12
161 2170672 303 0 9 3069
162 2170672 303 9 0 1
163 2196427 304 2 4 11
164 2201397 305 4 7 38
165 2216625 310 7 6 6
166 2285453 317 0 7 3013
167 2313701 327 2 10 1020
168 2339638 328 3 9 2
169 2339638 328 0 8 44
170 2339638 328 8 9 2
171 2349934 333 3 5 304
172 2365497 337 4 6 86
173 2382823 339 5 5 951
174 2382823 339 4 7 15
175 2382823 339 1 7 15
176 2382823 339 3 7 31
177 2409093 340 0 2 3
178 2409093 340 5 4 1
179 2413581 342 7 4 33
180 2423167 346 3 5 489
181 2441117 353 0 8 90
182 2475609 367 6 10 6
183 2513358 370 5 10 11
184 2513358 370 9 3 10
185 2513358 370 2 10 11
186 2520100 379 3 3 2
187 2550622 387 5 9 1
188 2568046 388 7 5 19
189 2568046 388 0 8 3
190 2568046 388 7 1 98
191 2629177 390 8 8 767
192 2650971 392 3 9 3
193 2650971 392 5 5 1283
194 2650971 392 8 4 427
195 2728798 395 10 7 1
196 2728798 395 8 5 177
197 2728798 395 9 1 1
198 2728798 395 8 1 33
199 2728798 395 7 3 10
200 2728798 395 0 9 2555
201 2728798 395 2 10 10
202 2728798 395 0 0 1322
203 2738078 399 5 7 15502
204 2740131 400 2 6 38920
205 2769168 402 2 2 7
206 2769168 402 9 5 65
207 2842535 409 5 4 2
208 2842535 409 10 10 10
209 2842535 409 1 4 2
210 2871087 413 2 2 3014
211 2871087 413 2 8 5274
212 2882033 420 9 10 64
213 2882033 420 7 8 9
214 2882033 420 7 10 64
215 2905208 424 7 0 119
216 2998723 428 3 6 1
217 2998723 428 4 3 3
218 2998723 428 5 0 1
219 2998723 428 7 5 822
220 2998723 428 9 0 1
221 2998723 428 1 7 1
222 3051158 430 1 0 2
223 3051158 430 7 6 381
224 3051158 430 5 6 190
225 3051158 430 2 0 2
226 3070839 440 6 10 20
227 3076280 443 6 7 3945
228 3137581 457 4 5 32
229 3197978 461 4 8 9
230 3197978 461 10 8 9
231 3330612 466 10 4 217
232 3330612 466 1 7 1
233 3330612 466 1 2 804
234 3330612 466 10 0 7
235 3330612 466 6 2 100
236 3330612 466 7 6 28
237 3330612 466 5 3 3602
238 3330612 466 0 10 6
239 3362071 467 4 5 5
240 3362071 467 0 1 1
241 3362071 467 0 3 4
242 3362071 467 1 6 6
243 3370707 468 7 2 226
244 3379869 471 4 10 7385
245 3424320 473 9 8 52
246 3424320 473 2 2 23
247 3534667 475 2 1 3
248 3534667 475 1 1 3
249 3534667 475 8 4 1
250 3534667 475 1 7 9
251 3534667 475 5 6 1
252 3534667 475 4 4 1
253 3534667 475 0 10 10
254 3535799 476 6 10 30
255 3546559 477 2 10 99647
256 3554957 479 1 9 1
257 3558905 480 4 8 89
258 3559702 481 5 10 87
259 3589939 489 3 8 69
260 3591351 490 10 2 27
261 3701754 498 1 7 14
262 3701754 498 7 0 10
263 3701754 498 8 2 4
264 3701754 498 7 10 39
265 3701754 498 9 7 44
266 3701754 498 2 9 1
267 3701754 498 3 2 28
268 3701754 498 7 9 18
269 3701754 498 7 1 17
270 3710333 499 7 6 4848
271 3710333 499 7 3 51
272 3710333 499 7 7 71
273 3711374 501 4 8 5123
274 3778165 507 4 3 2
275 3801560 510 7 5 3
276 3863885 513 1 4 300
277 3863885 513 6 3 21
278 3863885 513 10 5 345
279 3863885 513 10 3 26
280 3876699 516 6 3 1
281 3876699 516 3 3 1
282 3876699 516 4 3 1
283 3884958 526 8 2 56
284 3891128 529 2 9 374
285 3907490 537 4 10 11
286 3925614 546 4 7 78
287 3934020 547 4 4 109
288 3934427 548 5 7 298
289 3944219 550 4 6 31
290 3958504 551 0 1 26
291 4071548 555 1 9 2
292 4071548 555 2 10 32
293 4110900 556 10 0 11
294 4110900 556 3 5 3164
295 4119925 557 3 5 64
296 4210690 569 6 7 1
297 4210690 569 7 1 1
298 4210690 569 5 6 1
299 4210877 570 1 9 106
300 4254609 577 0 0 2339
301 4288433 583 6 1 2272
302 4288433 583 6 5 15734
303 4301439 590 3 9 2305
304 4305591 591 0 1 40
305 4305591 591 6 10 2
306 4319124 600 3 8 66
307 4349245 602 6 3 169
308 4349245 602 6 6 1
309 4349245 602 8 9 57
310 4366606 610 1 3 27
311 4471394 612 5 7 2539
312 4471394 612 6 8 17
313 4471394 612 5 8 8
314 4471394 612 10 2 448
315 4471394 612 2 9 14
316 4471394 612 4 0 71
317 4479346 613 3 1 10
318 4568704 616 4 1 1
319 4568704 616 0 3 20
320 4568704 616 0 2 11
321 4568704 616 7 10 854
322 4568704 616 7 0 494
323 4568704 616 3 3 62
324 4568704 616 4 10 6839
325 4568704 616 1 6 36
326 4568704 616 9 4 1
327 4568704 616 6 10 2564
328 4568704 616 3 4 1
329 4584816 623 5 1 96
330 4586659 624 8 5 2839
331 4599215 626 2 3 6058
332 4611878 628 1 2 47
333 4611878 628 1 4 81
334 4621465 631 2 3 144
335 4643807 633 5 0 4797
336 4653577 635 5 4 37
337 4654757 636 6 5 1003
338 4665320 638 0 6 40
339 4721687 644 8 7 92
340 4728873 655 8 3 82
341 4739871 661 9 0 13
342 4739947 663 1 1 14315
343 4748501 668 5 10 160
344 4823776 671 5 9 8
345 4823776 671 0 4 671
346 4823776 671 1 7 1
347 4823776 671 1 6 16
348 4826439 673 0 1 956
349 4826439 673 9 1 956
350 4838802 675 2 8 300
351 4840974 676 8 4 41
352 4855303 681 10 5 12
353 4855303 681 9 4 1319
354 4915103 683 3 4 638
355 4915103 683 10 5 1
356 4915103 683 0 2 3054
357 4915103 683 7 8 11
358 4915103 683 9 6 10
359 4920630 688 7 4 43
360 4932787 689 9 4 318
361 4963433 690 8 0 3850
362 4989662 692 6 7 181
363 4989662 692 10 7 4345
364 4989662 692 7 3 3329
365 5116342 695 9 6 1
366 5116342 695 6 8 1
367 5116342 695 4 3 4
368 5116342 695 2 6 1
369 5116342 695 10 2 1587
370 5116342 695 10 10 1
371 5116342 695 0 5 14
372 5116342 695 8 10 1
373 5121163 697 6 6 3138
374 5121163 697 1 10 15
375 5148128 698 2 6 13
376 5148128 698 10 7 2
377 5185575 702 3 9 43
378 5214465 708 7 4 12039
379 5237342 712 2 4 49
380 5242368 714 10 4 1126
381 5290141 718 6 10 2
382 5290141 718 2 7 23
383 5311005 723 6 4 174
384 5311005 723 3 9 11
385 5311005 723 3 0 39
386 5311005 723 6 10 11
387 5318978 724 6 6 2
388 5361231 732 0 1 103
389 5361231 732 4 3 39
390 5361231 732 6 6 2
391 5407639 739 10 2 39026
392 5470210 741 8 10 2
393 5470210 741 2 8 6
394 5470210 741 8 6 2
395 5470210 741 9 4 33
396 5470210 741 3 7 2
397 5470210 741 8 2 3
398 5470210 741 9 5 11
399 5483279 746 6 9 88
400 5495026 749 4 7 20
401 5550041 751 8 2 2628
402 5550041 751 3 1 15
403 5574156 755 9 9 56
404 5593346 759 10 3 11
405 5594073 760 5 0 1472
406 5598043 761 6 5 45
407 5633728 766 5 5 54
408 5633728 766 2 7 7
409 5633728 766 7 5 41
410 5657958 768 0 10 47
411 5703023 790 7 8 37
412 5703634 791 0 1 26
413 5703634 791 7 1 1
414 5863217 822 2 8 3838
415 5863217 822 0 2 3
416 5863217 822 7 0 1
417 5863217 822 5 5 26
418 5863217 822 2 9 1
419 5863217 822 9 7 138
420 5863217 822 0 5 26
421 5863217 822 5 0 16
422 5949200 823 8 0 26
423 5949200 823 5 9 1
424 5949200 823 8 2 6
425 5949200 823 2 1 969
426 5976451 825 0 1 19
427 5976451 825 1 8 63
428 5976451 825 0 8 63
429 5991905 830 8 5 5
430 5992794 832 1 1 30673
431 6024310 834 1 0 15
432 6024310 834 8 4 9
433 6053706 845 2 7 4
434 6081241 857 9 8 57
435 6081241 857 9 5 4
436 6090631 859 6 5 14093
437 6090631 859 6 8 506
438 6099877 861 3 9 59
439 6166749 864 5 6 17
440 6166749 864 7 0 3618
441 6197329 874 2 3 32
442 6197329 874 2 6 213
443 6260893 886 8 9 751
444 6260893 886 10 4 19
445 6261432 887 6 4 158
446 6269340 888 10 2 136
447 6276523 893 8 3 795
448 6316648 894 4 2 5
449 6316648 894 4 8 1
450 6316648 894 6 5 2
451 6343990 896 8 9 10
452 6378490 903 1 10 49
453 6406867 907 2 2 1642
454 6456196 919 3 1 1
455 6593650 929 10 6 54
456 6593650 929 5 6 54
457 6593650 929 0 7 2
458 6593650 929 0 9 8
459 6593650 929 0 2 4
460 6593650 929 9 7 4
461 6656973 930 8 3 15
462 6656973 930 9 8 309
463 6656973 930 4 8 309
464 6656973 930 1 5 22
465 6656973 930 2 10 683
466 6656973 930 9 3 15
467 6656973 930 10 5 22
468 6656973 930 5 1 43
469 6656973 930 9 7 31
470 6714160 931 0 0 1056
471 6714160 931 2 3 24
472 6714160 931 4 1 10
473 6714160 931 8 10 225
474 6714160 931 8 7 45
475 6714160 931 7 2 1607
476 6714160 931 3 9 2119
477 6714160 931 7 5 2443
478 6752001 932 3 9 4
479 6752001 932 8 4 43
480 6752001 932 1 7 3
481 6758492 935 5 1 1573
482 6775204 940 0 8 217
483 6876606 941 2 6 5
484 6876606 941 2 10 18
485 6876606 941 1 5 13
486 6876606 941 9 0 22
487 6876606 941 2 3 1
488 6876606 941 6 7 18
489 6880807 946 7 9 37
490 6893246 949 2 4 3132
491 6902715 950 3 8 7
492 6906230 953 1 3 14
493 6925926 959 10 7 35
494 6925926 959 10 5 196
495 7011505 967 1 3 4
496 7053264 973 2 10 26
497 7054274 974 2 10 4704
498 7090681 993 4 8 12709
499 7106364 994 10 5 81
