11 242 500
0 40173 0 1 4 103
1 40173 0 9 2 76
2 40173 0 9 9 1
3 153323 3 9 2 11041
4 153323 3 9 9 20
5 177471 4 5 8 14
6 280263 9 7 8 2
7 280263 9 7 5 35
8 297382 10 5 1 870
9 393441 13 5 5 13
10 393441 13 6 2 70
11 406810 16 9 4 3
12 514725 17 0 8 1
13 514725 17 0 10 1
14 514725 17 3 10 26
15 537049 18 1 8 1476
16 537049 18 1 2 19
17 537049 18 1 10 164
18 604186 21 3 0 51960
19 740328 34 3 5 1261
20 742589 35 7 5 100
21 778664 37 4 0 25
22 803551 38 10 5 110
23 803551 38 10 1 381
24 848666 41 10 6 244
25 848666 41 10 2 50
26 868286 44 1 4 29
27 868286 44 1 6 217
28 868286 44 1 5 455
29 906472 50 1 8 12
30 1146922 51 0 1 15
31 1146922 51 7 8 1
32 1146922 51 2 8 3
33 1146922 51 7 10 1
34 1146922 51 2 0 10
35 1294154 59 1 5 14
36 1319248 62 8 5 5726
37 1333525 65 7 7 118
38 1362618 66 0 9 82
39 1604362 75 3 5 115
40 1604362 75 1 5 231
41 1844595 84 4 4 5
42 1844595 84 3 7 21
43 1844595 84 2 2 231
44 1916565 91 0 2 550
45 1987506 97 6 9 1843
46 1987506 97 1 9 1843
47 1987506 97 3 9 3687
48 1987849 98 10 1 117
49 2098858 99 0 6 10
50 2098858 99 9 5 5
51 2098858 99 9 2 19
52 2098858 99 9 4 28
53 2289721 102 10 4 8
54 2289721 102 0 2 483
55 2289721 102 3 8 29219
56 2289721 102 5 1 3
57 2323049 104 4 4 19491
58 2438364 114 6 9 34
59 2463398 116 2 1 6
60 2487130 117 0 9 4276
61 2515129 118 6 2 15
62 2539116 124 1 3 7
63 2595705 127 0 6 358
64 2626707 132 8 0 21
65 2645219 134 1 6 1980
66 2693317 136 1 9 1
67 2693317 136 1 0 2006
68 2846988 137 0 10 222
69 2846988 137 7 3 9
70 2846988 137 10 9 2136
71 2846988 137 7 7 3
72 2862469 139 8 1 504
73 2935019 146 10 8 333
74 2969178 150 2 4 17932
75 3144252 154 9 8 21
76 3144252 154 10 8 87
77 3144252 154 10 10 1
78 3340975 160 10 5 5
79 3340975 160 0 9 9
80 3407790 162 0 10 15
81 3407790 162 10 3 382
82 3439252 165 2 3 372
83 3450086 168 5 2 15
84 3476881 170 3 0 97
85 3476881 170 3 7 102
86 3525807 174 2 10 174
87 3529142 175 8 6 39
88 3591860 177 3 9 9
89 3591860 177 0 3 10858
90 3591860 177 3 2 1
91 3591860 177 3 3 2171
92 3685937 195 5 3 168
93 3832609 198 9 4 4
94 3832609 198 0 3 2
95 3832609 198 7 8 11
96 3832609 198 1 0 10
97 3832609 198 4 5 9
98 3890402 203 7 0 49
99 3927382 209 7 5 39
100 3969180 210 9 3 1
101 3969180 210 5 3 7
102 4044769 228 9 2 15
103 4114332 229 6 10 5
104 4114332 229 6 9 74
105 4114332 229 0 4 17
106 4114332 229 6 6 27
107 4198378 230 0 0 2
108 4198378 230 3 0 48
109 4361300 233 6 1 4
110 4361300 233 6 3 5
111 4361300 233 0 7 1
112 4361300 233 9 1 8
113 4361300 233 5 1 8
114 4361300 233 3 7 1
115 4434337 237 10 1 11
116 4434337 237 10 6 47
117 4434337 237 4 3 1
118 4629627 241 9 10 1014
119 4629627 241 7 2 3905
120 4629627 241 3 9 1226
121 4629627 241 9 6 1
122 4629627 241 9 0 9
123 4629627 241 7 10 1014
124 4629627 241 6 3 1
125 4629627 241 3 1 18
126 4656798 250 2 9 38
127 4756928 259 2 7 25
128 4756928 259 4 1 891
129 4942045 262 4 7 1
130 4942045 262 8 6 43
131 4942045 262 9 7 1
132 4942045 262 3 9 15
133 4942045 262 8 7 1
134 4965197 263 1 10 4572
135 5094785 285 4 5 15527
136 5386722 287 7 6 24
137 5386722 287 3 8 11
138 5386722 287 1 9 3
139 5386722 287 4 8 5
140 5386722 287 6 5 4
141 5386722 287 5 5 70
142 5386722 287 10 6 24
143 5386722 287 6 9 1
144 5386722 287 9 0 1
145 5386722 287 6 2 3
146 5495558 291 6 9 731
147 5495558 291 5 0 3
148 5495558 291 4 5 25
149 5495558 291 5 7 111
150 5495558 291 6 6 409
151 5595323 292 5 0 6
152 5664062 298 9 1 12
153 5788459 303 9 0 1
154 5788459 303 2 9 204
155 5857139 304 3 2 24
156 5876756 307 8 4 476
157 5911001 310 7 1 442
158 5911001 310 10 6 6
159 6094541 317 10 9 27
160 6094541 317 7 5 964
161 6150967 324 5 10 48
162 6150967 324 9 9 47
163 6239035 328 7 0 11
164 6239035 328 3 3 1
165 6239035 328 8 5 297
166 6239035 328 2 9 2
167 6243474 329 4 7 6
168 6307992 337 4 5 11902
169 6309403 338 7 5 18
170 6354196 339 2 7 15
171 6424248 340 9 4 1
172 6424248 340 9 1 3
173 6424248 340 7 1 11
174 6465839 348 4 1 2240
175 6594087 366 0 2 23
176 6634606 369 2 7 23
177 6702288 370 6 9 23
178 6702288 370 1 10 35
179 6848124 388 7 3 3122
180 7011140 390 10 5 13
181 7011140 390 2 6 114
182 7069256 392 2 4 427
183 7276795 395 1 10 10
184 7276795 395 6 0 440
185 7276795 395 10 4 1
186 7384449 402 9 4 6
187 7580094 409 5 3 3
188 7580094 409 8 0 1056
189 7580094 409 6 5 797
190 7593744 411 9 4 206
191 7600810 412 7 1 86
192 7656233 413 2 6 214
193 7656233 413 9 6 10095
194 7747222 424 7 2 215
195 7758371 427 10 2 48
196 7996594 428 8 3 7
197 7996594 428 7 5 822
198 7996594 428 9 2 2
199 7996594 428 8 10 8
200 7996594 428 8 9 1
201 7996594 428 9 3 3
202 7996594 428 3 7 97
203 7996594 428 3 0 1
204 7996594 428 2 8 2
205 8136422 430 2 10 2
206 8136422 430 9 8 1
207 8136422 430 10 5 33
208 8136422 430 5 7 17
209 8136422 430 9 4 67
210 8136422 430 3 8 1
211 8170779 435 7 1 108
212 8188904 440 4 10 4
213 8203413 443 6 10 95
214 8243953 452 5 10 36
215 8366884 457 10 0 8
216 8366884 457 2 6 6
217 8527943 461 10 8 9
218 8527943 461 0 4 5
219 8527943 461 0 2 5
220 8881632 466 5 5 1
221 8881632 466 5 9 4
222 8881632 466 2 7 10
223 8881632 466 0 8 1
224 8881632 466 4 10 2
225 8881632 466 6 5 1
226 8881632 466 6 6 16
227 8881632 466 8 1 5
228 8881632 466 1 3 3602
229 8965524 467 5 6 60
230 8965524 467 1 8 7
231 9131521 473 2 7 26
232 9131521 473 3 5 204
233 9131521 473 9 8 52
234 9425780 475 9 0 1
235 9425780 475 3 7 4
236 9425780 475 1 0 6
237 9457492 477 2 10 99647
238 9490414 480 8 5 25
239 9573172 489 9 10 7526
240 9871346 498 9 4 50
241 9871346 498 4 3 1
242 9871346 498 1 8 5658
243 9871346 498 1 4 50
244 9871346 498 5 7 14
245 9871346 498 9 5 175
246 9894223 499 7 10 10
247 9916273 504 0 9 148
248 10075107 507 1 10 178
249 10075107 507 1 6 3
250 10075107 507 0 4 1429
251 10075107 507 9 7 72
252 10075107 507 1 3 2
253 10075107 507 4 3 2
254 10075107 507 10 1 1
255 10075107 507 4 7 72
256 10082846 509 2 1 115
257 10137493 510 7 8 7
258 10303694 513 3 8 1009
259 10303694 513 5 2 6
260 10303694 513 0 3 5
261 10303694 513 2 7 5
262 10303694 513 7 10 4
263 10303694 513 6 3 21
264 10303694 513 10 1 5
265 10337864 516 1 3 1
266 10337864 516 0 3 1
267 10337864 516 5 3 1
268 10337864 516 4 3 1
269 10343374 519 5 10 44
270 10376343 529 9 9 374
271 10376343 529 4 9 374
272 10376343 529 3 9 374
273 10389449 534 3 4 114
274 10419973 537 2 10 22
275 10468304 546 4 7 78
276 10490720 547 4 9 79
277 10491807 548 5 7 298
278 10857461 555 1 9 2
279 10857461 555 2 0 2
280 10857461 555 7 6 47
281 10986467 557 3 10 162
282 11091805 563 10 6 1067
283 11113494 565 1 4 1356
284 11113494 565 1 6 430
285 11228506 569 1 8 8
286 11228506 569 5 10 6
287 11228506 569 7 7 1
288 11256678 575 0 8 15
289 11342668 576 1 1 1
290 11342668 576 6 1 1
291 11435822 583 6 5 15734
292 11481578 591 7 1 1
293 11498718 595 2 9 194
294 11501898 597 3 4 14
295 11517665 600 3 8 66
296 11597988 602 6 3 169
297 11597988 602 8 9 57
298 11671464 611 8 2 17
299 11923717 612 10 3 19
300 11923717 612 8 1 13
301 11923717 612 3 2 448
302 11923717 612 9 5 120
303 11923717 612 8 0 713
304 11944924 613 3 8 94
305 12183210 616 10 5 1227
306 12183210 616 5 7 200
307 12183210 616 8 2 1
308 12183210 616 0 3 20
309 12183210 616 6 9 11
310 12183210 616 6 7 5205
311 12183210 616 3 10 854
312 12183210 616 0 6 72
313 12183210 616 8 3 20
314 12183210 616 7 7 200
315 12202922 619 8 6 91
316 12231093 624 1 5 2839
317 12231093 624 0 5 2839
318 12298343 628 1 9 181
319 12394837 634 7 3 109
320 12409539 635 5 9 102
321 12440855 638 4 1 10
322 12444571 641 5 6 2
323 12591165 644 0 2 152
324 12591165 644 6 7 370
325 12591165 644 5 0 8
326 12591165 644 5 9 27
327 12602816 649 4 1 3092
328 12616231 657 7 3 56
329 12622824 660 10 7 16605
330 12663369 669 1 5 24
331 12863405 671 4 8 5
332 12863405 671 1 7 1
333 12863405 671 5 7 2
334 12868028 672 10 0 82
335 12903472 675 2 5 29
336 12947475 681 3 4 2639
337 13106943 683 4 9 123
338 13106943 683 4 10 16
339 13106943 683 5 8 11
340 13106943 683 10 0 1
341 13235821 690 0 6 14
342 13235821 690 4 2 11
343 13235821 690 0 2 81
344 13235821 690 0 7 11086
345 13328365 693 8 9 102
346 13643581 695 10 8 1
347 13643581 695 5 10 1
348 13643581 695 0 9 2791
349 13643581 695 7 2 793
350 13643581 695 5 6 1
351 13643581 695 8 7 8
352 13728341 698 5 9 66
353 13828201 702 3 6 22
354 13900943 706 5 7 40
355 13943131 710 3 0 36
356 13943131 710 3 4 1221
357 13979650 714 10 2 29274
358 13980402 715 8 7 12
359 14107042 718 1 3 15
360 14107042 718 6 0 1
361 14107042 718 7 1 13
362 14107042 718 1 7 17
363 14107042 718 3 3 31
364 14107042 718 8 5 263
365 14107042 718 10 8 1455
366 14162680 723 6 1 1
367 14296617 732 4 9 138
368 14369308 735 9 1 6
369 14369308 735 9 7 1348
370 14420371 739 10 3 809
371 14420371 739 10 0 372
372 14587226 741 0 10 110
373 14587226 741 7 6 5
374 14587226 741 4 2 9
375 14587226 741 7 4 33
376 14587226 741 3 2 9
377 14587226 741 4 1 14847
378 14619009 744 5 0 8
379 14625769 748 7 8 28
380 14653403 749 10 5 24
381 14653403 749 9 7 41
382 14800111 751 4 8 5
383 14800111 751 9 2 119
384 14800111 751 5 5 12
385 14800111 751 8 4 13
386 14864416 755 9 7 346
387 14864416 755 9 10 2193
388 14905194 757 3 1 38
389 15023276 766 5 7 7
390 15023276 766 1 6 172
391 15087889 768 8 9 704
392 15146960 778 8 9 7
393 15149518 779 2 1 1518
394 15252127 802 10 5 226
395 15323569 816 7 10 175
396 15635247 822 4 5 52
397 15635247 822 3 10 9
398 15635247 822 4 7 138
399 15635247 822 8 10 3
400 15635247 822 6 3 1
401 15635247 822 7 5 52
402 15635247 822 7 6 13
403 15635247 822 8 7 138
404 15635247 822 7 7 691
405 15864535 823 8 2 6
406 15864535 823 10 7 751
407 15864535 823 5 10 1
408 15864535 823 10 1 969
409 15864535 823 1 6 1980
410 15864535 823 10 5 599
411 15864535 823 5 7 751
412 15864535 823 3 0 8
413 15870342 824 0 10 47
414 15937204 825 5 0 3
415 15978414 830 0 5 5
416 15978414 830 3 9 16
417 16031133 833 7 7 1338
418 16064828 834 7 9 2
419 16082149 839 8 3 4
420 16118407 842 1 2 12
421 16132252 844 2 9 283
422 16162869 846 5 7 59
423 16162869 846 5 6 89
424 16164784 848 8 4 118
425 16182898 854 6 10 67
426 16241685 859 6 4 66
427 16266338 861 3 9 59
428 16444665 864 6 10 172
429 16444665 864 5 6 17
430 16444665 864 4 8 113
431 16568271 881 4 2 561
432 16568271 881 10 2 1685
433 16569131 882 9 2 223
434 16570712 883 1 6 102
435 16695714 886 0 4 1
436 16695714 886 3 0 14
437 16695714 886 1 4 1
438 16695714 886 4 8 20
439 16718242 888 10 1 119
440 16727076 890 8 10 13
441 16844396 894 5 7 1
442 16844396 894 7 7 1
443 16951983 899 6 7 61
444 16951983 899 6 9 33179
445 16951983 899 6 0 1733
446 17084980 907 4 7 6019
447 17109679 909 9 2 801
448 17109679 909 9 1 6168
449 17109679 909 9 8 5
450 17134564 911 8 0 1365
451 17134564 911 7 0 2047
452 17134564 911 5 0 682
453 17167877 914 4 3 171
454 17216524 919 1 1 1
455 17216524 919 8 1 1
456 17216524 919 2 1 1
457 17292803 926 7 5 9235
458 17583066 929 1 2 12
459 17583066 929 2 2 8
460 17583066 929 1 1 3
461 17583066 929 9 7 4
462 17751930 930 10 0 7476
463 17751930 930 8 8 309
464 17751930 930 6 4 15609
465 17904428 931 6 6 8
466 17904428 931 7 2 1607
467 17904428 931 10 5 349
468 18005337 932 10 6 4
469 18005337 932 1 10 23
470 18005337 932 3 0 2
471 18005337 932 8 8 6
472 18015649 934 3 7 45
473 18015649 934 1 7 15
474 18337617 941 0 9 1305
475 18337617 941 5 7 1
476 18337617 941 4 5 41
477 18337617 941 10 10 36
478 18341628 943 4 0 2
479 18374894 948 1 4 16
480 18410207 951 2 8 158
481 18416614 953 1 3 14
482 18430950 957 7 9 35
483 18469137 959 10 2 32
484 18470968 960 7 1 1039
485 18497147 961 6 5 2407
486 18497439 962 1 9 174
487 18508248 965 10 8 564
488 18508248 965 9 8 9024
489 18697348 967 5 3 4
490 18697348 967 5 7 486
491 18697348 967 0 8 44
492 18757351 972 10 7 53
493 18808706 973 2 7 85545
494 18874867 988 8 4 7153
495 18950306 994 3 0 6
496 18950306 994 1 0 3
497 18950306 994 9 0 3
498 18950306 994 9 1 1
499 18993175 999 8 2 26
