11 239 500
0 20086 0 9 0 1
1 76661 3 10 2 11041
2 76661 3 10 7 31
3 140131 9 1 9 7
4 140131 9 7 6 23
5 140131 9 4 9 7
6 257362 17 10 3 93
7 257362 17 6 5 184
8 257362 17 6 2 526
9 257362 17 7 7 2
10 257362 17 3 1 44
11 257362 17 5 10 1
12 257362 17 10 1 44
13 257362 17 3 5 16
14 271543 19 1 0 84
15 302093 21 4 8 86
16 302093 21 4 4 22
17 326204 27 0 0 1040
18 326204 27 2 0 1300
19 326204 27 7 0 130
20 355568 29 10 0 33
21 355568 29 10 10 175
22 355568 29 10 7 2267
23 424333 41 10 0 90
24 426389 42 8 0 5
25 434143 44 1 1 36
26 436036 45 6 6 1063
27 573461 51 5 6 1
28 573461 51 3 8 13
29 573461 51 2 9 1
30 573461 51 5 8 1
31 587318 58 1 2 7830
32 647077 59 1 1 67
33 647077 59 5 10 3
34 647077 59 5 8 15
35 647077 59 1 6 19
36 647077 59 8 10 27
37 659074 61 10 4 63
38 708226 70 10 8 21
39 726255 72 6 5 28
40 802181 75 4 2 7002
41 802181 75 0 1 591
42 802181 75 1 7 1
43 802181 75 6 1 591
44 814533 78 6 1 47
45 922297 84 10 9 1
46 922297 84 3 7 21
47 922297 84 10 1 16
48 922297 84 4 4 5
49 929452 88 9 6 10
50 993753 97 5 9 3687
51 993753 97 9 9 1843
52 1049429 99 7 0 1829
53 1144860 102 3 8 29219
54 1144860 102 9 6 7
55 1144860 102 1 3 5
56 1144860 102 3 6 1
57 1144860 102 0 2 483
58 1144860 102 8 3 17
59 1214119 110 3 7 345
60 1214119 110 3 2 330
61 1231699 116 2 5 254
62 1300796 130 7 10 226
63 1322609 134 0 3 7
64 1346658 136 8 10 32
65 1423494 137 6 0 4
66 1473093 148 1 10 43
67 1486185 151 3 9 3
68 1496481 153 4 9 185
69 1572126 154 10 0 2
70 1572126 154 8 6 230
71 1572126 154 2 7 642
72 1572126 154 2 10 2
73 1572126 154 8 9 11
74 1572126 154 3 8 261
75 1670487 160 8 1 17
76 1670487 160 6 5 11
77 1670487 160 8 5 11
78 1670487 160 2 5 5
79 1670487 160 7 3 137
80 1670487 160 4 7 1
81 1670487 160 6 3 2
82 1703895 162 3 6 14
83 1703895 162 2 10 75
84 1703895 162 2 3 191
85 1703895 162 0 7 1351
86 1725043 168 2 2 15
87 1738440 170 3 7 102
88 1746642 172 6 10 36
89 1795930 177 3 4 23
90 1795930 177 0 5 42
91 1795930 177 0 7 35
92 1795930 177 0 9 9
93 1797418 178 7 0 104
94 1800449 180 5 0 216
95 1808767 184 0 5 54
96 1840517 192 3 9 1320
97 1916304 198 3 5 1
98 1916304 198 6 0 5
99 1916304 198 8 4 2
100 1945201 203 7 1 21
101 1984590 210 6 3 1
102 1988251 212 2 6 14
103 1998577 217 9 5 39
104 2006433 222 0 7 28
105 2014914 224 3 2 49443
106 2057166 229 6 5 19
107 2057166 229 0 5 4
108 2057166 229 0 9 74
109 2102531 231 8 6 2
110 2180650 233 5 5 4
111 2180650 233 4 0 7
112 2217168 237 10 8 53
113 2314813 241 4 2 1952
114 2314813 241 6 10 8112
115 2314813 241 9 1 6
116 2328399 250 2 9 38
117 2334678 255 1 1 42
118 2337536 257 6 9 7792
119 2378464 259 10 0 14
120 2378464 259 0 1 891
121 2378464 259 8 8 8101
122 2471022 262 8 4 11
123 2471022 262 2 7 5
124 2471022 262 4 3 3
125 2484966 265 1 3 69
126 2489321 266 3 10 42
127 2514306 272 1 5 106
128 2515653 274 8 9 85
129 2534155 282 8 5 23
130 2534155 282 8 9 41
131 2534215 283 5 1 81
132 2547392 285 4 8 94
133 2693361 287 9 3 5
134 2693361 287 2 9 1
135 2693361 287 6 0 1
136 2693361 287 9 7 807
137 2693361 287 4 6 24
138 2693361 287 1 8 5
139 2693361 287 2 5 6
140 2693361 287 5 0 3
141 2747779 291 8 6 409
142 2797661 292 9 1 197
143 2832031 298 1 2 37
144 2832031 298 1 8 2839
145 2894229 303 0 0 3
146 2894229 303 1 2 1892
147 2894229 303 0 9 3069
148 2894229 303 8 1 25
149 2894229 303 2 1 25
150 2894229 303 3 7 1
151 2928569 304 3 2 24
152 2928569 304 3 8 10
153 2928569 304 3 5 23
154 2928569 304 2 6 577
155 2935197 305 7 7 38
156 2949831 308 6 4 147
157 2965086 311 0 10 19
158 3047270 317 2 5 964
159 3047270 317 9 8 167
160 3047270 317 5 9 21
161 3053908 320 5 0 8093
162 3119517 328 8 5 297
163 3119517 328 0 0 1
164 3119517 328 7 0 11
165 3132290 330 0 8 10328
166 3132290 330 0 4 194
167 3133246 333 3 5 304
168 3142764 335 1 5 7886
169 3142764 335 1 7 96
170 3153996 337 4 4 1536
171 3177098 339 4 10 8843
172 3212124 340 3 4 5
173 3230889 346 6 5 978
174 3283165 362 3 2 2
175 3297043 366 0 5 1952
176 3300812 367 6 10 6
177 3317303 369 2 7 23
178 3351144 370 2 10 11
179 3351144 370 5 10 11
180 3351144 370 3 8 3
181 3385017 380 10 10 14
182 3388629 382 4 0 30
183 3391816 385 2 6 17811
184 3396064 386 8 3 1952
185 3396064 386 0 3 488
186 3424062 388 7 0 709
187 3505570 390 4 7 3
188 3505570 390 10 4 27
189 3534628 392 6 4 427
190 3538615 394 2 4 16746
191 3638397 395 1 10 10
192 3638397 395 5 8 66
193 3638397 395 10 3 10
194 3645537 396 8 1 405
195 3692224 402 9 7 35
196 3692224 402 9 10 117
197 3720032 407 2 4 49
198 3790047 409 10 5 797
199 3790047 409 10 2 3
200 3790047 409 2 9 45
201 3790047 409 10 0 1584
202 3790047 409 2 2 23
203 3836149 419 3 8 77
204 3858693 422 10 3 54
205 3873611 424 7 4 84
206 3998297 428 5 3 3
207 3998297 428 10 0 1
208 3998297 428 2 0 1
209 3998297 428 8 7 1
210 3998297 428 10 3 14
211 3998297 428 10 6 1
212 3998297 428 8 0 4
213 3998297 428 8 4 21
214 3998297 428 10 7 1
215 3998297 428 9 9 1
216 4068211 430 1 1 2103
217 4068211 430 0 10 2
218 4068211 430 5 3 2
219 4068211 430 10 3 29
220 4121976 452 8 10 147
221 4122164 453 8 2 53
222 4127126 455 5 0 30
223 4183442 457 4 4 1
224 4183442 457 10 10 5
225 4183442 457 1 10 5
226 4183442 457 6 4 33
227 4183442 457 5 9 13
228 4183442 457 8 10 5
229 4209906 460 1 4 4695
230 4263971 461 0 8 9
231 4263971 461 7 1 11
232 4263971 461 9 4 42
233 4263971 461 3 2 27
234 4263971 461 5 7 1
235 4263971 461 0 6 245
236 4440816 466 0 1 14
237 4440816 466 0 0 7
238 4440816 466 4 0 15
239 4440816 466 2 10 2
240 4440816 466 7 3 3602
241 4440816 466 9 4 217
242 4440816 466 9 7 1
243 4440816 466 5 8 1
244 4482762 467 0 1 1
245 4482762 467 6 5 5
246 4482762 467 4 5 5
247 4565760 473 8 5 68
248 4565760 473 3 7 3
249 4565760 473 4 9 2
250 4565760 473 9 8 52
251 4565760 473 1 7 66
252 4712890 475 6 9 5
253 4712890 475 8 4 1
254 4712890 475 1 5 13
255 4712890 475 9 3 1
256 4712890 475 8 5 2
257 4712890 475 3 9 5
258 4712890 475 7 8 5
259 4712890 475 2 2 1
260 4712890 475 6 2 1
261 4712890 475 1 9 5
262 4739942 479 6 9 1
263 4745207 480 8 5 25
264 4768011 487 5 0 66373
265 4768616 488 10 4 7643
266 4786586 489 0 5 94
267 4790943 491 10 10 39
268 4799469 497 9 7 51
269 4935673 498 5 8 514
270 4935673 498 8 7 7
271 4935673 498 0 0 43
272 4935673 498 0 5 1579
273 4935673 498 5 7 14
274 4935673 498 0 8 1028
275 4935673 498 5 0 10
276 4935673 498 8 6 1
277 4935673 498 7 4 50
278 4952615 502 2 6 191
279 4958136 504 6 8 77
280 5037553 507 9 7 72
281 5037553 507 10 7 72
282 5037553 507 2 10 89
283 5037553 507 4 3 2
284 5037553 507 9 2 5
285 5037553 507 10 4 1429
286 5151847 513 8 8 1009
287 5151847 513 7 4 200
288 5151847 513 1 0 1
289 5151847 513 9 3 5
290 5152393 514 9 9 87
291 5176186 523 8 2 3
292 5206410 535 0 7 12
293 5207887 536 3 6 467
294 5232084 542 1 5 33196
295 5232633 544 7 5 54
296 5258959 550 2 6 6
297 5278006 551 3 6 60
298 5278006 551 6 1 7
299 5428730 555 3 10 1
300 5428730 555 7 6 47
301 5428730 555 10 8 7
302 5428730 555 9 7 3
303 5428730 555 8 1 478
304 5428730 555 6 1 191
305 5428730 555 2 4 829
306 5493233 557 3 3 26
307 5545902 563 10 3 653
308 5545902 563 10 10 127
309 5545902 563 10 9 33
310 5614253 569 8 6 1
311 5614253 569 4 5 1
312 5614253 569 9 10 6
313 5614253 569 10 3 1
314 5614253 569 6 7 1
315 5614253 569 1 1 16
316 5671334 576 10 1 1
317 5671334 576 10 3 30
318 5672813 577 0 0 2339
319 5717911 583 6 8 46
320 5740789 591 3 10 5
321 5759302 601 6 10 6424
322 5798994 602 8 1 81
323 5798994 602 6 8 259
324 5835732 611 8 2 17
325 5835732 611 5 6 4930
326 5961858 612 0 7 2539
327 5961858 612 4 9 1
328 5961858 612 1 1 3
329 5961858 612 7 3 1
330 5961858 612 2 0 71
331 5961858 612 9 4 26
332 5961858 612 7 9 1
333 5961858 612 8 6 1
334 5961858 612 9 0 1427
335 5972462 613 3 2 20
336 6091605 616 5 5 8595
337 6091605 616 2 3 83
338 6091605 616 3 3 62
339 6091605 616 4 6 72
340 6091605 616 2 10 854
341 6091605 616 10 9 2
342 6091605 616 8 5 11051
343 6093877 617 3 9 85
344 6135586 627 1 4 258
345 6197418 634 7 0 1249
346 6197418 634 7 2 95
347 6212377 637 4 10 24
348 6222285 641 5 6 2
349 6295582 644 3 1 748
350 6295582 644 4 10 1
351 6295582 644 4 6 1
352 6302459 650 10 10 29
353 6319828 661 7 0 13
354 6431702 671 6 5 270
355 6431702 671 5 9 8
356 6451736 675 2 9 21
357 6451736 675 2 5 29
358 6473737 681 0 4 2639
359 6553471 683 1 1 50
360 6553471 683 0 0 1
361 6553471 683 10 3 59
362 6553471 683 2 7 548
363 6553471 683 1 5 4
364 6560537 687 0 8 15
365 6617910 690 0 0 5775
366 6617910 690 4 6 73
367 6652883 692 2 5 10
368 6665923 694 4 6 1358
369 6821790 695 7 1 3
370 6821790 695 10 2 1587
371 6821790 695 7 5 28
372 6821790 695 9 6 1
373 6821790 695 10 5 7
374 6864170 698 10 1 12
375 6883211 701 8 9 1
376 6883211 701 3 9 1
377 6914100 702 0 6 22
378 6971565 710 3 2 96
379 6994319 716 3 10 175
380 7053521 718 0 1 39
381 7053521 718 5 7 5
382 7053521 718 8 10 2
383 7053521 718 5 0 1
384 7053521 718 7 4 27
385 7081340 723 3 9 11
386 7091971 724 6 2 205
387 7093208 725 2 3 90
388 7105841 727 6 7 2
389 7112832 731 2 10 8
390 7148308 732 0 0 3
391 7148308 732 4 9 138
392 7148308 732 9 0 2
393 7184654 735 6 0 70
394 7184654 735 6 9 10
395 7210185 739 10 7 96
396 7293613 741 2 5 11
397 7293613 741 3 5 17
398 7293613 741 2 8 6
399 7293613 741 10 0 1634
400 7293613 741 1 0 1089
401 7293613 741 1 4 3198
402 7293613 741 6 0 544
403 7309811 745 3 10 118
404 7400055 751 5 0 23
405 7400055 751 2 6 55
406 7400055 751 3 1 15
407 7400055 751 10 8 1
408 7400055 751 2 8 1
409 7400055 751 2 2 119
410 7400055 751 7 1 30
411 7413371 752 3 0 42
412 7452597 757 8 1 38
413 7511638 766 3 3 1
414 7511638 766 2 7 7
415 7511638 766 5 5 54
416 7511638 766 6 7 3
417 7511638 766 10 3 1
418 7543944 768 0 3 102
419 7598272 787 7 4 3
420 7643052 806 5 0 104
421 7647829 808 1 3 14
422 7661784 816 2 8 132
423 7669698 817 9 3 1577
424 7817623 822 2 2 3
425 7817623 822 4 4 28
426 7817623 822 10 7 138
427 7817623 822 6 5 26
428 7932267 823 1 3 13
429 7932267 823 1 10 1
430 7932267 823 9 4 7107
431 7932267 823 8 1 969
432 7932267 823 5 7 751
433 7932267 823 1 2 6
434 7935171 824 0 10 47
435 7968602 825 5 2 27
436 7968602 825 10 2 54
437 7976381 829 9 6 347
438 8032414 834 9 9 14
439 8032414 834 9 4 61
440 8032414 834 1 5 908
441 8032414 834 2 10 700
442 8033058 835 3 1 125
443 8092497 855 2 0 234
444 8095550 856 4 4 30
445 8108322 857 9 4 62
446 8222332 864 1 8 226
447 8243121 871 5 8 758
448 8273117 876 9 3 18
449 8273624 877 10 6 24
450 8274576 878 9 6 46
451 8347857 886 8 0 29
452 8347857 886 1 7 1
453 8347857 886 7 2 41
454 8422198 894 4 3 12
455 8422198 894 10 8 1
456 8422198 894 4 7 10
457 8458654 896 4 2 38
458 8475991 899 6 6 12658
459 8516319 906 8 8 271
460 8542490 907 2 4 4
461 8554839 909 9 2 801
462 8581122 913 7 2 19
463 8591645 916 7 3 49
464 8628574 924 0 6 1
465 8646401 926 7 5 9235
466 8646401 926 7 1 61
467 8646401 926 7 3 71
468 8791533 929 6 3 3
469 8791533 929 3 3 3
470 8791533 929 8 0 25
471 8791533 929 0 1 2
472 8791533 929 6 4 878
473 8875965 930 3 5 22
474 8875965 930 4 4 13007
475 8875965 930 0 2 7
476 8952214 931 1 1 10
477 8952214 931 3 4 2727
478 9002668 932 10 7 10
479 9002668 932 10 8 6
480 9168808 941 7 1 96
481 9168808 941 6 6 24
482 9168808 941 3 8 2
483 9168808 941 1 6 5
484 9168808 941 2 1 96
485 9168808 941 4 9 3916
486 9187447 948 5 4 5
487 9209869 956 4 1 1266
488 9234568 959 10 9 43
489 9348674 967 6 3 8
490 9348674 967 7 9 4
491 9348674 967 5 4 14
492 9348674 967 7 2 30
493 9348674 967 4 7 243
494 9352467 968 1 3 51
495 9404353 973 2 9 112
496 9410055 976 3 10 11971
497 9411808 977 7 2 1705
498 9420832 979 0 8 1268
499 9475153 994 8 0 3
