11 243 500
0 13391 0 9 3 1560
1 51107 3 5 5 113
2 51107 3 5 6 284
3 93421 9 1 7 39
4 93421 9 7 5 35
5 99127 10 2 1 870
6 131147 13 8 10 297
7 131147 13 5 10 495
8 171575 17 10 1 44
9 171575 17 2 2 8942
10 171575 17 6 8 1
11 179016 18 1 1 13067
12 201395 21 3 6 41
13 205474 23 10 10 4218
14 209292 25 3 0 5933
15 237045 29 10 7 2267
16 243481 31 1 7 4140
17 246125 32 0 4 14
18 259554 37 8 0 25
19 271896 39 0 5 34
20 289428 44 1 6 217
21 302157 50 9 0 44
22 302157 50 10 8 1
23 382307 51 8 6 51
24 382307 51 2 8 3
25 382307 51 0 9 5
26 382307 51 10 7 5
27 382307 51 7 3 15
28 382307 51 3 5 8
29 382307 51 0 10 1
30 382307 51 10 9 1
31 382307 51 0 3 107
32 431384 59 5 6 19
33 431384 59 8 5 14
34 431384 59 5 9 36
35 454206 66 0 1 84
36 454206 66 0 10 2896
37 534787 75 4 5 115
38 534787 75 3 3 33
39 534787 75 6 10 7
40 534787 75 7 5 115
41 541343 77 4 4 10
42 546902 80 7 4 194
43 614865 84 10 9 1
44 614865 84 6 1 8
45 614865 84 3 4 5
46 614865 84 2 2 231
47 614865 84 7 10 95
48 614865 84 7 2 154
49 614865 84 4 7 21
50 614865 84 10 2 77
51 619635 88 1 6 30
52 619635 88 9 6 10
53 643332 93 7 10 67
54 649175 94 0 5 1513
55 699619 99 9 0 203
56 699619 99 7 10 3070
57 763240 102 0 8 14609
58 763240 102 7 4 16
59 805529 108 3 2 1
60 809413 110 3 7 345
61 811821 113 10 6 349
62 829043 117 0 1 35
63 829043 117 0 0 125
64 829043 117 0 8 56
65 838376 118 5 7 55
66 843017 123 10 10 32
67 865235 127 0 10 2474
68 882152 135 1 6 8481
69 897772 136 8 3 215
70 897772 136 1 8 15
71 948996 137 7 9 2136
72 948996 137 3 8 9
73 948996 137 0 7 3
74 949835 138 4 5 109
75 964665 143 0 10 7810
76 982062 148 1 10 43
77 982062 148 0 10 87
78 1048084 154 3 9 11
79 1048084 154 2 2 249
80 1048084 154 10 6 575
81 1048084 154 4 6 460
82 1113658 160 10 2 843
83 1113658 160 6 7 1
84 1113658 160 3 9 4
85 1113658 160 10 7 293
86 1115892 161 0 8 17
87 1115892 161 10 8 1
88 1135930 162 2 3 191
89 1147023 166 7 4 13
90 1158960 170 3 7 102
91 1158960 170 3 10 19
92 1175269 174 2 10 174
93 1197286 177 3 4 23
94 1205844 184 1 6 21
95 1219146 191 8 6 7153
96 1227011 192 3 7 6128
97 1227011 192 3 10 87
98 1277536 198 9 4 4
99 1277536 198 3 5 1
100 1277536 198 10 6 111
101 1299562 205 0 3 62
102 1342532 223 2 7 68
103 1371444 229 6 10 5
104 1371444 229 2 9 74
105 1371444 229 0 1 1
106 1453766 233 5 7 1
107 1453766 233 4 4 1153
108 1453766 233 7 10 160
109 1478112 237 4 5 53
110 1487320 239 0 1 9
111 1487320 239 9 1 9
112 1543209 241 6 6 1
113 1543209 241 4 2 1952
114 1543209 241 9 3 1
115 1543209 241 3 2 1952
116 1543209 241 4 3 1
117 1543209 241 7 4 14
118 1546453 244 4 1 1
119 1550715 248 1 4 194
120 1552266 250 3 9 15
121 1556452 255 1 1 42
122 1585642 259 1 7 25
123 1647348 262 2 7 5
124 1647348 262 0 3 1
125 1655065 263 0 10 3048
126 1668360 269 4 3 93
127 1674954 271 2 7 8
128 1698261 285 4 9 314
129 1699035 286 10 1 210
130 1795574 287 0 3 11
131 1795574 287 3 5 2
132 1795574 287 9 3 5
133 1795574 287 1 4 10
134 1795574 287 3 7 807
135 1795574 287 5 7 807
136 1795574 287 3 1 3
137 1831852 291 8 6 409
138 1831852 291 5 2 3435
139 1865107 292 0 8 218
140 1891850 301 1 6 4864
141 1929486 303 3 9 204
142 1929486 303 0 10 14
143 1952379 304 3 0 17
144 2031513 317 4 9 5
145 2031513 317 6 0 4
146 2031513 317 1 2 3961
147 2031513 317 3 9 5
148 2035938 320 5 0 8093
149 2050322 324 6 5 7
150 2079678 328 7 0 11
151 2079678 328 9 5 4162
152 2079678 328 3 0 1
153 2079678 328 6 3 1
154 2118065 339 3 2 288
155 2118065 339 4 10 8843
156 2118065 339 0 5 190
157 2118065 339 5 10 8843
158 2141416 340 2 2 3
159 2141416 340 7 9 15
160 2141416 340 6 2 7
161 2256678 380 10 2 57
162 2256678 380 10 0 984
163 2261210 385 2 6 17811
164 2282708 388 0 1 16
165 2337046 390 9 5 6
166 2356418 392 1 4 854
167 2425598 395 9 5 532
168 2425598 395 1 3 52
169 2425598 395 8 2 1
170 2425598 395 7 1 1
171 2425598 395 10 6 13
172 2465866 405 8 5 15
173 2470269 406 7 10 612
174 2470269 406 8 0 35
175 2480021 407 2 6 71
176 2526698 409 1 4 2
177 2526698 409 10 9 30
178 2526698 409 6 9 60
179 2526698 409 5 7 1
180 2552077 413 9 7 32
181 2556060 416 8 1 2
182 2557433 419 10 1 7
183 2557433 419 6 1 60
184 2582407 424 7 10 493
185 2586123 427 10 2 48
186 2665531 428 3 0 1
187 2665531 428 9 2 2
188 2665531 428 0 8 7
189 2665531 428 6 3 3
190 2665531 428 10 7 1
191 2665531 428 4 3 3
192 2665531 428 0 7 1
193 2712140 430 2 2 18
194 2723593 435 0 6 24
195 2723593 435 7 1 108
196 2729634 440 6 10 20
197 2788961 457 1 10 5
198 2788961 457 2 0 8
199 2788961 457 10 3 44
200 2806604 460 1 8 47
201 2842647 461 9 6 122
202 2960544 466 10 1 2
203 2960544 466 1 9 4
204 2960544 466 3 7 61
205 2960544 466 8 2 150
206 2960544 466 5 7 1
207 2960544 466 9 7 1
208 2960544 466 0 0 7
209 2960544 466 8 10 2
210 2988508 467 10 7 23
211 3043840 473 0 2 7
212 3043840 473 6 6 5
213 3043840 473 8 8 104
214 3043840 473 7 10 5
215 3141926 475 1 9 5
216 3141926 475 4 0 1
217 3141926 475 10 2 3
218 3141926 475 9 9 5
219 3141926 475 2 9 5
220 3141926 475 9 10 15
221 3141926 475 2 7 4
222 3152527 478 8 2 76
223 3159961 479 3 9 2
224 3159961 479 1 9 1
225 3159961 479 5 9 1
226 3159961 479 0 9 1
227 3198344 495 10 10 23
228 3290448 498 6 5 175
229 3290448 498 5 4 50
230 3290448 498 1 5 175
231 3290448 498 5 3 1
232 3290448 498 5 5 702
233 3298074 499 7 2 121
234 3305424 504 10 9 1333
235 3306617 506 7 10 2637
236 3358369 507 0 0 12
237 3358369 507 5 0 12
238 3358369 507 1 8 52
239 3358369 507 7 7 72
240 3358369 507 5 5 49
241 3379164 510 6 7 383
242 3379164 510 7 4 1991
243 3434564 513 6 9 20
244 3434564 513 4 8 1009
245 3434564 513 6 7 11
246 3434564 513 2 2 30
247 3445954 516 1 3 1
248 3447791 519 10 10 44
249 3449974 522 4 9 174
250 3453296 526 8 2 56
251 3470940 535 1 7 6
252 3473324 537 10 10 11
253 3488056 542 1 3 210
254 3489434 546 4 7 78
255 3496906 547 4 5 7822
256 3496906 547 4 8 25
257 3497269 548 5 7 298
258 3505972 550 3 6 6
259 3518670 551 2 9 4879
260 3518670 551 1 9 9759
261 3518670 551 7 9 4879
262 3521991 552 10 0 76
263 3619153 555 2 6 94
264 3619153 555 5 7 7
265 3619153 555 8 7 7
266 3654133 556 8 0 1
267 3654133 556 3 0 1
268 3662155 557 3 9 238
269 3680125 561 7 10 28
270 3687999 562 10 5 78
271 3697268 563 10 5 318
272 3699952 564 4 9 23
273 3742835 569 10 2 78
274 3742835 569 0 0 52
275 3742835 569 8 0 26
276 3742835 569 0 10 6
277 3742835 569 6 3 21
278 3743765 572 8 0 9018
279 3752226 575 10 8 15
280 3780889 576 6 3 30
281 3780889 576 6 7 65
282 3811940 583 6 6 89
283 3811940 583 6 9 208
284 3814618 587 5 1 31
285 3820458 588 4 7 10
286 3820458 588 4 1 168
287 3832906 595 2 9 194
288 3833966 597 3 4 14
289 3865996 602 6 2 848
290 3865996 602 8 1 81
291 3865996 602 6 0 4869
292 3890488 611 10 2 8
293 3890488 611 8 8 990
294 3974572 612 5 1 6
295 3974572 612 0 8 8
296 3974572 612 2 3 1
297 3974572 612 4 6 1
298 3974572 612 5 9 1
299 3974572 612 8 6 1
300 3974572 612 6 5 240
301 3974572 612 3 4 26
302 3974572 612 0 4 26
303 3974572 612 3 3 1
304 4061070 616 8 5 11051
305 4061070 616 8 1 1
306 4061070 616 7 6 36
307 4061070 616 8 10 854
308 4061070 616 1 3 20
309 4061070 616 5 10 854
310 4061070 616 0 2 11
311 4061070 616 6 0 494
312 4066463 618 2 8 38
313 4077031 624 9 5 2839
314 4088191 626 2 3 6058
315 4099447 628 1 4 81
316 4131612 634 7 6 15150
317 4136513 635 5 4 37
318 4197055 644 3 10 1
319 4197055 644 8 3 10
320 4197055 644 2 6 1
321 4197055 644 8 9 27
322 4197055 644 8 4 4530
323 4220890 668 5 2 183
324 4287801 671 9 2 6
325 4287801 671 3 2 6
326 4287801 671 1 9 17
327 4315825 681 7 5 12
328 4315825 681 10 5 12
329 4315825 681 9 4 1319
330 4315862 682 10 7 108
331 4368981 683 3 4 638
332 4373691 687 5 8 7
333 4373691 687 10 7 98
334 4411940 690 4 9 17
335 4411940 690 0 10 48
336 4411940 690 0 6 14
337 4442788 693 8 8 33
338 4442788 693 8 2 61
339 4547860 695 0 4 1
340 4547860 695 10 0 21
341 4547860 695 10 10 1
342 4547860 695 8 0 21
343 4547860 695 9 7 1
344 4547860 695 5 3 4
345 4576113 698 5 6 48
346 4576113 698 10 4 89
347 4576113 698 10 6 20
348 4576113 698 10 9 66
349 4576113 698 5 8 43
350 4588807 701 8 9 1
351 4609400 702 0 9 6
352 4609400 702 3 7 81
353 4609400 702 3 10 17
354 4630183 703 2 4 57
355 4647710 710 3 4 1221
356 4659883 714 5 4 563
357 4702347 718 6 3 15
358 4702347 718 6 10 2
359 4702347 718 5 1 6
360 4702347 718 0 9 31
361 4720893 723 3 8 7
362 4720893 723 3 1 113
363 4765539 732 5 0 4
364 4765539 732 6 8 79
365 4789769 735 9 1 6
366 4789769 735 6 8 280
367 4789769 735 9 6 47
368 4806790 739 10 7 96
369 4806790 739 10 4 84
370 4862408 741 2 2 3
371 4862408 741 9 2 3
372 4862408 741 2 4 66
373 4862408 741 9 4 33
374 4873003 744 7 0 8
375 4873003 744 1 8 151
376 4874026 746 6 9 88
377 4884467 749 10 5 24
378 4933370 751 7 4 13
379 4933370 751 10 2 15409
380 4933370 751 10 7 7
381 4933370 751 2 8 1
382 4933370 751 10 6 950
383 4933370 751 9 7 3
384 4933370 751 1 6 167
385 4942247 752 1 0 168
386 4954805 755 9 8 92
387 4954805 755 9 5 4130
388 5007758 766 0 10 30
389 5007758 766 0 5 13
390 5007758 766 3 5 13
391 5007758 766 6 7 3
392 5029296 768 0 5 373
393 5029296 768 0 10 47
394 5029674 770 1 5 68
395 5030875 772 1 1 94
396 5048986 778 8 9 7
397 5055352 780 9 8 6604
398 5065514 787 1 4 3
399 5080678 800 8 7 69
400 5098552 808 1 3 14
401 5211749 822 7 2 12
402 5211749 822 10 0 1
403 5211749 822 3 2 3
404 5211749 822 2 10 1
405 5211749 822 5 6 4
406 5211749 822 4 8 239
407 5211749 822 8 3 13
408 5288178 823 8 6 282
409 5288178 823 1 2 6
410 5288178 823 1 5 4195
411 5288178 823 9 5 599
412 5312401 825 0 0 3
413 5326138 830 0 1 24
414 5343711 833 7 7 1338
415 5343711 833 7 4 24511
416 5354942 834 1 0 15
417 5372802 842 1 8 2391
418 5381072 845 3 7 4
419 5387623 846 5 7 59
420 5387623 846 5 9 17114
421 5391918 852 2 9 48
422 5392725 853 9 0 60
423 5405548 857 9 7 83
424 5405548 857 9 9 69
425 5422112 861 3 3 2378
426 5422112 861 3 6 1409
427 5422112 861 3 2 309
428 5429742 863 2 4 116
429 5481555 864 8 8 113
430 5481555 864 1 8 226
431 5481555 864 5 10 172
432 5481555 864 0 6 8
433 5488378 870 3 3 6
434 5498830 872 6 10 5
435 5498830 872 6 6 114
436 5565238 886 6 6 555
437 5565238 886 1 7 1
438 5565238 886 5 0 59
439 5572747 888 10 8 196
440 5614798 894 10 3 6
441 5614798 894 7 8 1
442 5614798 894 0 9 35
443 5614798 894 5 9 71
444 5617621 895 5 9 36
445 5639102 896 1 10 33
446 5650661 899 6 3 108
447 5657256 901 3 2 517
448 5694993 907 4 7 6019
449 5703226 909 9 7 11407
450 5703226 909 9 5 138
451 5711521 911 2 0 682
452 5720748 913 10 2 38
453 5720748 913 0 2 19
454 5720748 913 2 2 19
455 5738841 919 5 1 1
456 5741540 921 8 1 88
457 5752382 924 0 6 1
458 5861022 929 10 10 1
459 5861022 929 2 3 13
460 5861022 929 8 0 25
461 5861022 929 10 1 1
462 5917310 930 4 8 309
463 5917310 930 8 2 7
464 5917310 930 3 5 22
465 5968142 931 10 0 3169
466 5968142 931 5 9 4239
467 5968142 931 8 6 8
468 5968142 931 7 10 225
469 5968142 931 0 8 4
470 5968142 931 10 1 10
471 6001779 932 5 0 2
472 6001779 932 10 7 10
473 6001779 932 2 10 23
474 6007549 935 0 1 1573
475 6022403 940 0 5 111
476 6022403 940 0 8 217
477 6112539 941 4 4 32
478 6112539 941 2 0 5
479 6112539 941 8 1 96
480 6112539 941 0 5 13
481 6112539 941 2 1 96
482 6112539 941 5 6 2
483 6112539 941 10 5 13
484 6112539 941 4 3 4
485 6112539 941 10 8 1
486 6112539 941 6 1 96
487 6112539 941 3 1 384
488 6156379 959 10 8 1670
489 6169629 966 4 5 3957
490 6232449 967 0 2 15
491 6232449 967 7 0 29
492 6252450 972 10 4 228
493 6269568 973 0 3 3
494 6269568 973 0 1 24
495 6274538 977 2 2 5970
496 6280554 979 4 8 1268
497 6285406 983 0 10 188
498 6302828 993 4 1 115
499 6302828 993 4 9 48
