11 236 500
0 17217 0 1 5 6
1 65710 3 5 10 935
2 76059 4 5 8 14
3 120112 9 1 9 7
4 120112 9 7 10 1
5 120112 9 1 1 4
6 168617 13 7 10 99
7 168617 13 1 9 30152
8 168617 13 3 4 1361
9 174347 16 1 4 7
10 220596 17 1 2 526
11 220596 17 3 10 26
12 220596 17 6 5 184
13 220596 17 2 2 8942
14 236614 20 4 8 333
15 258936 21 3 3 9711
16 279604 27 0 0 1040
17 304772 29 2 7 377
18 307119 30 0 6 11
19 363714 41 10 2 50
20 372122 44 1 1 36
21 374246 46 5 10 186
22 388488 50 1 4 745
23 388488 50 7 0 44
24 491538 51 5 9 1
25 491538 51 2 7 5
26 491538 51 3 7 11
27 491538 51 9 4 31
28 491538 51 2 0 10
29 491538 51 9 1 15
30 491538 51 8 9 1
31 554637 59 1 7 13
32 554637 59 1 8 1
33 564921 61 7 4 126
34 588458 68 3 4 3
35 622504 72 6 4 12101
36 687583 75 1 6 163
37 687583 75 2 9 1
38 687583 75 1 10 3
39 696013 77 10 4 31
40 701406 79 10 3 38
41 790540 84 7 10 95
42 790540 84 2 3 4
43 790540 84 6 5 4
44 790540 84 2 7 21
45 821385 91 8 2 550
46 834654 94 7 5 2270
47 899510 99 7 10 3070
48 981309 102 7 2 483
49 981309 102 10 1 3
50 981309 102 2 2 483
51 995592 104 4 3 2306
52 995592 104 4 8 216
53 1035680 108 8 3 27
54 1035680 108 7 0 3619
55 1040674 110 3 10 47
56 1043708 112 9 1 2
57 1043770 113 10 6 349
58 1046563 115 3 6 95
59 1065913 117 0 5 160
60 1077912 118 1 5 301
61 1083879 123 10 10 32
62 1112445 127 0 10 2474
63 1115421 131 1 3 226
64 1133665 134 6 7 32
65 1154278 136 1 6 153
66 1154278 136 1 8 15
67 1154278 136 1 2 59
68 1154278 136 8 0 2006
69 1154278 136 1 5 496
70 1220138 137 3 9 2136
71 1220138 137 2 3 9
72 1220138 137 9 8 4
73 1226772 139 8 1 504
74 1262651 148 9 10 21
75 1272505 150 2 1 14
76 1347536 154 7 6 115
77 1347536 154 2 7 642
78 1347536 154 5 8 21
79 1347536 154 8 0 6
80 1431846 160 4 7 1
81 1431846 160 7 3 137
82 1431846 160 3 5 46
83 1434718 161 0 8 17
84 1460481 162 2 1 2890
85 1460481 162 2 4 15
86 1460481 162 10 10 5
87 1460481 162 2 3 191
88 1460481 162 6 4 92
89 1478608 168 5 2 15
90 1490092 170 3 9 3937
91 1511060 174 1 2 9
92 1540644 178 9 0 104
93 1543242 180 5 0 216
94 1642546 198 7 8 11
95 1642546 198 2 1 18
96 1649558 202 3 5 21864
97 1667315 203 8 7 7494
98 1718615 221 8 7 220
99 1719800 222 7 7 112
100 1726113 223 7 9 1
101 1729652 225 6 8 316
102 1763285 229 2 10 5
103 1799305 230 3 5 3
104 1799305 230 3 10 5
105 1869128 233 9 1 8
106 1869128 233 1 2 4
107 1869128 233 0 5 1
108 1900430 237 4 2 27
109 1900430 237 4 7 51
110 1900430 237 10 6 47
111 1900430 237 4 1 55
112 1912269 239 7 1 18
113 1912269 239 8 1 9
114 1984125 241 1 9 1226
115 1984125 241 4 0 9
116 1984125 241 7 6 1
117 2038683 259 6 3 623
118 2038683 259 1 10 622
119 2118019 262 3 4 1
120 2118019 262 8 4 11
121 2118019 262 9 4 1
122 2118019 262 3 7 1
123 2118019 262 0 5 2
124 2118019 262 4 7 1
125 2118019 262 4 10 18
126 2172133 282 8 5 23
127 2172133 282 8 4 326
128 2183479 285 4 5 15527
129 2308595 287 2 4 1
130 2308595 287 1 7 807
131 2308595 287 6 3 11
132 2308595 287 8 10 7
133 2308595 287 0 6 24
134 2308595 287 1 8 5
135 2308595 287 10 2 3
136 2355239 291 5 7 111
137 2355239 291 7 7 333
138 2397995 292 1 0 6
139 2407080 296 4 7 61
140 2427455 298 9 3 134
141 2427455 298 1 5 75
142 2427455 298 9 0 21
143 2480768 303 8 0 1
144 2480768 303 3 9 204
145 2515883 305 6 7 116
146 2611946 317 8 3 382
147 2611946 317 9 0 4
148 2611946 317 10 5 964
149 2673872 328 7 8 44
150 2673872 328 6 5 594
151 2693798 335 1 10 1509
152 2703425 337 4 9 42
153 2703425 337 4 0 12758
154 2723227 339 0 5 190
155 2753249 340 9 4 1
156 2753249 340 9 7 2998
157 2789848 353 0 4 219
158 2789848 353 0 5 7115
159 2790284 354 2 5 5284
160 2798237 358 1 8 49
161 2807190 361 6 9 119
162 2814141 362 10 3 357
163 2814141 362 1 2 1
164 2826037 366 7 2 23
165 2843402 369 6 5 186
166 2843402 369 3 3 18
167 2843402 369 9 7 1
168 2872409 370 7 2 9
169 2872409 370 8 3 10
170 2872409 370 6 5 4
171 2876520 371 1 8 116
172 2907270 385 2 6 17811
173 2934910 388 7 4 84
174 2934910 388 0 6 202
175 3004774 390 10 5 13
176 3118626 395 6 5 177
177 3118626 395 8 3 10
178 3118626 395 6 8 33
179 3118626 395 2 6 54
180 3118626 395 3 0 440
181 3164763 402 2 0 126
182 3166285 404 5 0 21
183 3176060 406 8 0 35
184 3248611 409 8 0 1056
185 3248611 409 10 3 1
186 3248611 409 1 8 13
187 3248611 409 5 5 797
188 3248611 409 8 9 15
189 3257490 412 7 1 86
190 3281243 413 2 2 3014
191 3281243 413 9 7 32
192 3281243 413 2 1 168
193 3281243 413 2 6 214
194 3293752 420 9 1 29
195 3307451 422 5 3 54
196 3307451 422 0 7 62
197 3427112 428 10 3 14
198 3427112 428 7 10 4
199 3427112 428 4 6 1
200 3427112 428 7 6 2
201 3427112 428 8 6 1
202 3427112 428 3 2 2
203 3427112 428 8 2 2
204 3427112 428 10 7 1
205 3427112 428 9 7 1
206 3487038 430 5 3 2
207 3487038 430 9 10 15
208 3487038 430 2 0 2
209 3487038 430 4 1 7361
210 3487038 430 4 7 17
211 3487038 430 2 5 8
212 3487038 430 4 8 1
213 3504294 437 8 1 4733
214 3505440 439 6 7 114
215 3523172 445 10 0 208
216 3528416 449 9 6 39058
217 3538350 456 6 5 8547
218 3585807 457 7 0 8
219 3585807 457 8 9 13
220 3585807 457 0 1 1
221 3590865 458 2 4 1978
222 3654832 461 0 8 9
223 3654832 461 5 7 1
224 3654832 461 6 5 4
225 3654832 461 0 6 245
226 3806414 466 6 1 2
227 3806414 466 9 2 50
228 3806414 466 6 10 2
229 3806414 466 5 8 1
230 3806414 466 10 1 2
231 3806414 466 2 6 20
232 3806414 466 4 5 1
233 3806414 466 8 4 217
234 3806414 466 9 3 1801
235 3842367 467 2 1 1
236 3842367 467 9 9 8
237 3872784 472 8 0 14
238 3913509 473 8 6 5
239 3913509 473 3 5 204
240 4039620 475 2 3 1
241 4039620 475 6 9 5
242 4039620 475 4 2 3
243 4039620 475 1 2 13
244 4039620 475 9 4 1
245 4039620 475 8 8 60
246 4039620 475 0 0 2
247 4039620 475 4 8 2
248 4039620 475 0 1 6
249 4039620 475 6 8 5
250 4062808 479 6 9 1
251 4087385 488 10 4 7643
252 4230576 498 2 3 1
253 4230576 498 0 10 13
254 4230576 498 6 3 1
255 4230576 498 8 1 17
256 4230576 498 1 9 1
257 4230576 498 1 5 175
258 4230576 498 1 3 1
259 4230576 498 2 2 23
260 4230576 498 7 1 17
261 4230576 498 8 7 7
262 4317903 507 3 0 15
263 4317903 507 10 4 1429
264 4317903 507 0 10 4631
265 4317903 507 10 7 72
266 4344640 510 6 10 29
267 4344640 510 6 5 3
268 4415869 513 3 2 6
269 4430513 516 3 3 1
270 4430513 516 9 3 1
271 4431400 518 8 8 52
272 4438439 525 2 7 173
273 4486416 546 4 7 78
274 4530115 553 0 2 3
275 4653197 555 5 3 202
276 4653197 555 5 4 3318
277 4653197 555 2 0 2
278 4653197 555 6 10 1
279 4653197 555 2 9 2
280 4653197 555 3 2 876
281 4653197 555 6 9 35
282 4653197 555 8 8 7
283 4653197 555 3 0 2
284 4653197 555 1 3 202
285 4653197 555 3 9 4
286 4698172 556 3 0 1
287 4698172 556 3 5 3164
288 4721280 558 1 8 329
289 4721280 558 1 0 204
290 4741713 562 10 1 15233
291 4741713 562 10 2 37
292 4762926 565 1 5 19648
293 4812217 569 6 3 21
294 4812217 569 0 0 52
295 4812217 569 1 1 16
296 4861143 576 1 4 37
297 4861143 576 6 9 146
298 4861143 576 6 5 2438
299 4861143 576 0 7 9
300 4861143 576 1 6 4
301 4867663 578 3 0 66
302 4867663 578 3 9 11
303 4868886 580 3 8 25
304 4901066 583 6 6 89
305 4904509 587 4 1 12
306 4920676 591 0 1 40
307 4929385 597 3 4 14
308 5002056 611 0 8 1981
309 5110164 612 9 5 120
310 5110164 612 2 1 16
311 5110164 612 1 6 1
312 5110164 612 9 8 8
313 5110164 612 5 4 80
314 5110164 612 2 10 5
315 5110164 612 6 4 26
316 5221376 616 0 0 1977
317 5221376 616 1 0 1483
318 5221376 616 2 6 72
319 5221376 616 9 7 200
320 5221376 616 9 4 1
321 5221376 616 5 2 1
322 5221376 616 3 9 11
323 5238992 621 10 8 18
324 5256245 626 2 3 6058
325 5307209 633 5 0 4797
326 5318373 635 5 6 96
327 5318373 635 5 7 192
328 5318373 635 5 5 334
329 5324894 637 7 10 8
330 5324894 637 6 10 40
331 5331795 638 0 7 406
332 5396213 644 5 9 27
333 5396213 644 1 4 647
334 5396213 644 8 6 1
335 5396213 644 2 6 1
336 5396213 644 9 9 54
337 5403594 653 7 10 4838
338 5409781 660 7 7 16605
339 5426858 668 5 9 34
340 5512887 671 3 4 1342
341 5512887 671 9 7 1
342 5512887 671 9 2 6
343 5530059 675 2 8 300
344 5530059 675 2 3 19475
345 5533117 677 6 8 67
346 5548918 681 5 4 1319
347 5617261 683 0 9 15
348 5617261 683 0 5 12
349 5617261 683 0 0 1
350 5617261 683 4 4 3833
351 5672494 690 4 1 1
352 5702471 692 2 5 10
353 5712156 693 8 6 75
354 5712156 693 8 5 224
355 5847249 695 5 2 793
356 5847249 695 6 0 64
357 5847249 695 2 3 13
358 5847249 695 10 3 35
359 5847249 695 10 5 7
360 5852758 697 2 1 77
361 5883575 698 10 9 66
362 5883575 698 2 9 33
363 5885144 700 9 4 4666
364 5926372 702 3 9 43
365 5953093 703 9 4 57
366 5953093 703 2 9 325
367 5991278 714 10 2 29274
368 6045875 718 7 5 3430
369 6045875 718 8 9 31
370 6045875 718 1 5 87
371 6127121 732 0 1 103
372 6127121 732 5 9 46
373 6158275 735 9 2 1
374 6158275 735 6 3 8
375 6158275 735 9 3 20
376 6160411 736 2 6 1770
377 6180159 739 10 6 35
378 6180159 739 10 4 84
379 6251668 741 10 2 3
380 6251668 741 6 7 14
381 6251668 741 3 7 2
382 6251668 741 3 2 9
383 6265289 744 5 8 302
384 6342904 751 0 3 1455
385 6342904 751 3 7 14
386 6342904 751 3 1 15
387 6342904 751 7 2 477
388 6342904 751 10 2 15409
389 6342904 751 2 6 55
390 6342904 751 8 3 485
391 6342904 751 1 8 1
392 6354318 752 7 1 168
393 6370464 755 9 3 269
394 6387940 757 7 5 578
395 6438547 766 1 6 172
396 6491554 778 2 9 7
397 6504070 782 0 4 1
398 6532223 798 4 4 100
399 6578181 820 2 2 104
400 6700820 822 2 3 5
401 6700820 822 6 7 8297
402 6700820 822 5 1 1
403 6700820 822 9 8 239
404 6700820 822 6 5 26
405 6700820 822 4 10 1
406 6700820 822 5 3 1
407 6799086 823 10 5 599
408 6799086 823 2 1 969
409 6799086 823 8 2 6
410 6801575 824 0 10 47
411 6830230 825 1 9 18
412 6847891 830 1 1 74
413 6870485 833 7 6 12731
414 6870485 833 7 2 89
415 6884926 834 2 5 908
416 6884926 834 1 0 15
417 6907888 842 1 0 94
418 6926943 846 5 9 17114
419 6949990 857 9 4 62
420 6949990 857 9 3 192
421 6960722 859 6 3 63
422 6971288 861 3 10 7689
423 7047713 864 10 9 35
424 7082662 874 2 7 312
425 7155306 886 8 8 20
426 7155306 886 8 4 1
427 7155306 886 2 2 1476
428 7155306 886 10 3 12
429 7155922 887 6 4 158
430 7164960 888 10 6 3020
431 7167760 889 6 2 173
432 7219027 894 9 1 4
433 7219027 894 0 2 11
434 7219027 894 4 7 10
435 7219027 894 5 7 1
436 7219027 894 0 8 1
437 7219027 894 6 3 6
438 7250275 896 3 9 10
439 7254092 897 0 6 1763
440 7256890 898 1 1 158
441 7273615 901 4 2 30
442 7289747 904 5 6 59
443 7322134 907 4 3 18
444 7322134 907 4 9 76
445 7343384 911 5 0 682
446 7343384 911 1 0 682
447 7395920 924 8 6 3
448 7535600 929 8 7 6
449 7535600 929 0 8 4
450 7535600 929 5 0 2
451 7535600 929 10 1 1
452 7535600 929 4 1 2
453 7535600 929 10 8 4
454 7535600 929 10 3 3
455 7535600 929 7 9 4
456 7535600 929 1 4 878
457 7607970 930 10 5 22
458 7607970 930 9 2 7
459 7607970 930 10 3 15
460 7607970 930 0 5 22
461 7673326 931 5 1 10
462 7673326 931 3 2 81995
463 7673326 931 0 2 6431
464 7673326 931 8 6 8
465 7673326 931 8 0 1056
466 7673326 931 3 3 124
467 7716573 932 0 4 6
468 7716573 932 6 0 2
469 7716573 932 0 10 23
470 7858979 941 1 10 36
471 7858979 941 6 4 1
472 7858979 941 2 5 27
473 7858979 941 7 7 2
474 7858979 941 7 4 3
475 7858979 941 9 4 1
476 7858979 941 10 4 1
477 7859381 942 10 5 700
478 7860697 943 4 0 2
479 7862101 944 8 1 104
480 7888818 950 9 8 7
481 7892983 954 10 1 315
482 7915344 959 10 1 1320
483 7927348 961 7 5 2407
484 7927348 961 8 5 343
485 7932106 965 10 8 564
486 8013149 967 5 9 2
487 8013149 967 7 0 29
488 8013149 967 6 8 44
489 8013149 967 1 8 44
490 8013149 967 1 6 3080
491 8016400 968 1 3 51
492 8060874 973 2 1 4
493 8060874 973 0 2 17
494 8060874 973 2 8 1312
495 8065761 976 2 8 113
496 8074998 979 0 1 41
497 8089814 989 7 5 56
498 8121559 994 0 5 16
499 8121559 994 2 1 1
