11 242 500
0 120519 0 1 3 195
1 128292 2 0 10 1004
2 459971 3 10 5 113
3 459971 3 10 8 592
4 532415 4 7 5 43
5 557185 6 3 9 2025
6 840790 9 4 4 2
7 840790 9 1 7 39
8 840790 9 1 9 7
9 1180324 13 8 1 265
10 1544175 17 7 8 1
11 1544175 17 7 9 658
12 1544175 17 3 5 16
13 1611148 18 1 1 13067
14 1812558 21 4 7 86
15 1812558 21 3 4 45
16 1812558 21 4 8 86
17 1883634 25 4 0 1977
18 1883991 26 0 8 2366
19 2133408 29 2 10 58
20 2191334 31 3 3 475
21 2335994 37 6 0 25
22 2410654 38 8 5 55
23 2447067 39 4 5 6
24 2558336 42 8 0 5
25 2604860 44 1 5 455
26 2619723 46 5 10 186
27 3440766 51 0 1 15
28 3440766 51 3 0 10
29 3440766 51 3 10 1
30 3440766 51 5 6 1
31 3882463 59 8 8 1
32 3882463 59 8 9 18
33 3882463 59 1 0 2
34 4000575 65 7 7 118
35 4087854 66 0 5 116
36 4087854 66 0 0 2
37 4087912 67 1 7 10
38 4119210 68 10 4 23
39 4374733 74 7 7 25
40 4813086 75 1 5 231
41 4872092 77 10 4 31
42 4872092 77 0 4 105
43 5533786 84 10 6 1
44 5533786 84 2 9 84
45 5533786 84 10 5 4
46 5533786 84 6 3 17
47 5533786 84 2 10 6
48 5533786 84 3 1 24
49 5533786 84 10 10 2
50 5683389 89 7 4 298
51 5749695 91 4 2 550
52 5842580 94 9 5 756
53 5842580 94 10 5 756
54 6296576 99 0 5 5
55 6869164 102 0 1 3
56 6869164 102 8 3 17
57 6869164 102 8 10 21
58 6869164 102 4 0 35
59 7249761 108 5 4 34
60 7249761 108 0 0 226
61 7249761 108 4 5 90
62 7284718 110 3 6 59
63 7284718 110 3 9 116
64 7561649 120 1 7 62
65 7572362 122 6 1 49
66 7807953 131 1 3 226
67 7880122 132 6 0 21
68 8540966 137 7 4 99
69 8540966 137 5 6 2
70 8587408 139 10 1 50
71 9432758 154 2 1 33
72 9432758 154 10 10 1
73 10022927 160 7 6 19
74 10022927 160 5 6 2
75 10022927 160 0 4 19
76 10022927 160 6 5 11
77 10022927 160 8 10 5
78 10022927 160 2 8 613
79 10022927 160 4 0 11
80 10022927 160 8 5 11
81 10223372 162 7 6 44
82 10225302 163 4 3 297
83 10317756 165 8 3 93
84 10350258 168 7 2 30
85 10350258 168 1 2 15
86 10430644 170 3 3 61
87 10577421 174 0 3 36
88 10577421 174 7 2 9
89 10587427 175 8 6 39
90 10808683 181 9 0 206
91 10827672 183 4 0 35
92 10913843 187 4 2 24
93 10913843 187 7 2 8
94 11043103 192 3 2 14
95 11497828 198 6 6 111
96 11497828 198 5 9 31
97 11907540 210 7 3 1
98 11940164 215 7 4 8130
99 12082792 223 2 2 68
100 12082792 223 7 2 68
101 12342996 229 0 7 28
102 12595136 230 0 7 226
103 12615187 231 8 6 2
104 13083901 233 0 7 1
105 13083901 233 1 1 8
106 13888881 241 9 2 5857
107 13888881 241 7 7 6
108 13888881 241 6 7 6
109 13888881 241 7 1 6
110 13944420 246 10 0 30
111 14014922 256 4 0 18
112 14270784 259 2 1 1783
113 14270784 259 3 0 14
114 14826136 262 9 7 1
115 14826136 262 4 7 1
116 14826136 262 4 4 12
117 14895592 263 4 10 1524
118 14906027 264 4 4 5132
119 15015241 269 4 8 138
120 15204931 282 8 6 237
121 15284357 285 4 5 15527
122 16160168 287 1 9 3
123 16160168 287 1 4 10
124 16160168 287 2 3 5
125 16160168 287 8 5 2
126 16160168 287 8 4 1
127 16160168 287 3 10 15
128 16160168 287 7 10 15
129 16160168 287 1 6 48
130 16160168 287 6 0 1
131 16486675 291 9 5 25
132 16486675 291 5 2 3435
133 16486675 291 8 6 409
134 16486675 291 1 2 3435
135 16486675 291 10 9 365
136 16785971 292 7 6 106
137 16785971 292 5 8 218
138 17037036 302 2 8 113
139 17365377 303 10 7 33
140 17365377 303 4 6 795
141 17365377 303 4 0 158
142 17365377 303 2 1 25
143 17365377 303 1 0 1
144 17630269 307 0 4 476
145 17698988 308 6 0 160
146 17733005 310 0 1 221
147 18283624 317 0 10 55
148 18283624 317 6 2 565
149 18316418 319 7 10 78
150 18452902 324 1 5 7
151 18509612 327 3 3 686
152 18717105 328 4 0 1
153 18717105 328 2 9 2
154 18793744 330 0 2 201
155 18793744 330 0 4 194
156 18795363 332 2 8 19
157 18928211 338 4 5 18
158 19062589 339 9 3 1290
159 19272744 340 0 4 1
160 19272744 340 2 3 126
161 19308649 342 9 4 133
162 19528936 353 0 0 27082
163 19587663 358 0 4 7138
164 19782263 366 0 2 23
165 19903820 369 9 8 28
166 20106864 370 7 3 10
167 20141012 373 6 3 66
168 20147366 375 9 0 228
169 20376384 386 10 3 976
170 20404980 387 7 9 1
171 21033420 390 9 8 2301
172 21230327 393 8 1 46
173 21230327 393 2 1 46
174 21830385 395 4 8 33
175 21830385 395 8 8 33
176 21830385 395 9 4 1
177 21830385 395 2 7 1
178 21830385 395 10 4 1
179 21880421 397 3 10 99
180 21921054 400 2 6 38920
181 22153347 402 2 7 17
182 22320194 407 2 5 310
183 22740283 409 1 4 2
184 22740283 409 2 9 45
185 23056270 420 6 1 29
186 23152161 422 8 7 4
187 23989784 428 5 8 2
188 23989784 428 9 7 1
189 23989784 428 2 8 2
190 23989784 428 9 4 1
191 23989784 428 9 8 2
192 23989784 428 6 8 7
193 23989784 428 6 7 1
194 23989784 428 7 8 2
195 23989784 428 2 4 1
196 24409266 430 9 3 8
197 24409266 430 3 4 7
198 24409266 430 3 8 1
199 24409266 430 2 8 2
200 24409266 430 0 1 1051
201 24409266 430 1 4 24
202 24440498 432 7 7 22
203 24512337 435 7 6 24
204 25100653 457 8 4 1
205 25100653 457 4 3 14
206 25100653 457 6 0 25
207 25136059 458 3 6 11201
208 25259441 460 1 7 335
209 25583830 461 7 8 9
210 25583830 461 10 9 7
211 25583830 461 7 6 614
212 25583830 461 7 5 1
213 25583830 461 4 6 122
214 25583830 461 7 10 1
215 25583830 461 3 7 1
216 25583830 461 5 5 163
217 26644898 466 7 6 28
218 26644898 466 8 0 7
219 26644898 466 4 3 1801
220 26644898 466 8 9 4
221 26644898 466 3 1 11
222 26896574 467 2 5 86
223 27394563 473 10 10 1
224 27394563 473 7 5 68
225 28277340 475 2 5 2
226 28277340 475 7 7 9
227 28277340 475 10 5 2
228 28277340 475 1 4 1
229 28277340 475 0 2 1
230 28277340 475 7 3 1
231 28277340 475 8 7 4
232 28372749 478 8 2 76
233 28439657 479 4 9 1
234 28439657 479 10 9 1
235 28719518 489 3 7 5
236 29614038 498 6 4 50
237 29614038 498 2 6 1
238 29614038 498 1 6 1
239 29614038 498 3 6 1
240 29614038 498 10 10 13
241 29614038 498 8 10 26
242 29682670 499 7 2 121
243 30225322 507 8 6 3
244 30225322 507 0 9 7
245 30225322 507 1 0 6
246 30225322 507 4 7 72
247 30225322 507 2 1 1
248 30225322 507 8 9 7
249 30412481 510 6 1 5
250 30412481 510 7 8 7
251 30911084 513 0 0 5
252 30911084 513 1 0 1
253 31013592 516 1 3 1
254 31129030 529 9 9 374
255 31129030 529 2 9 374
256 31392505 542 1 1 3993
257 32572384 555 5 10 1
258 32572384 555 4 5 3
259 32572384 555 0 5 3
260 32572384 555 7 1 95
261 32572384 555 5 0 1
262 32572384 555 1 10 1
263 32887204 556 3 5 3164
264 32887204 556 9 10 335
265 32887204 556 8 8 765
266 32959402 557 3 8 1648
267 33048966 558 1 3 9246
268 33191993 562 10 5 78
269 33191993 562 10 3 1378
270 33191993 562 10 0 17
271 33275417 563 10 5 318
272 33340482 565 1 6 430
273 33685520 569 1 6 1
274 33685520 569 1 0 52
275 33685520 569 2 9 2
276 33685520 569 5 5 1
277 33725598 573 10 5 50
278 33770036 575 6 8 15
279 34028004 576 10 10 989
280 34028004 576 10 3 30
281 34096821 581 6 9 62
282 34307467 583 6 7 1421
283 34444734 591 0 1 40
284 34505696 597 0 4 14
285 34793966 602 6 8 259
286 34907831 606 10 1 70
287 34932850 610 2 3 27
288 35014393 611 0 8 1981
289 35014393 611 5 8 990
290 35014393 611 10 6 205
291 35771153 612 6 7 2539
292 35771153 612 10 3 19
293 35771153 612 3 0 71
294 35771153 612 5 10 5
295 35771153 612 9 3 1
296 35771153 612 0 7 2539
297 35771153 612 2 5 120
298 35771153 612 0 6 1
299 35771153 612 6 3 1
300 35771153 612 3 6 6
301 36549632 616 10 7 200
302 36549632 616 4 5 1227
303 36549632 616 7 0 494
304 36549632 616 5 10 854
305 36549632 616 6 0 494
306 36549632 616 10 4 1
307 36549632 616 2 8 1
308 36549632 616 10 1 1
309 36549632 616 5 7 200
310 36563266 617 3 9 85
311 36693279 624 9 5 2839
312 36693279 624 0 5 2839
313 36699402 625 7 0 104
314 36813518 627 1 4 258
315 36895030 628 1 8 78
316 37150463 633 5 0 4797
317 37150463 633 5 10 15
318 37150463 633 5 4 225
319 37274263 637 2 10 16
320 37773497 644 3 3 21
321 37773497 644 9 3 64
322 37773497 644 2 7 92
323 37773497 644 3 7 648
324 37773497 644 6 1 6
325 37773497 644 3 1 748
326 37773497 644 6 6 1
327 37773497 644 5 0 8
328 37773497 644 10 3 10
329 37918973 661 4 0 26
330 37919004 662 4 4 2
331 37923598 664 5 3 26
332 37945942 666 9 3 2
333 37988012 668 5 3 3071
334 38590215 671 4 2 13
335 38590215 671 5 7 2
336 38590215 671 2 9 68
337 38590215 671 9 5 30
338 38590215 671 9 4 671
339 38590215 671 2 3 123
340 38604084 672 8 5 20
341 38621390 674 4 2 83
342 38773853 679 10 7 6010
343 38842426 681 0 4 2639
344 38842426 681 5 4 1319
345 38842426 681 6 5 12
346 39320831 683 10 5 1
347 39320831 683 10 7 1097
348 39320831 683 1 3 29
349 39320831 683 6 4 638
350 39363226 687 5 7 16
351 39707464 690 4 4 863
352 39707464 690 4 9 17
353 39707464 690 0 7 11086
354 39707464 690 0 8 150
355 39917303 692 7 7 181
356 40930743 695 3 6 1
357 40930743 695 4 7 1
358 40930743 695 10 1 3
359 40930743 695 9 7 1
360 40930743 695 10 10 1
361 40930743 695 2 7 1
362 40930743 695 0 10 3
363 40930743 695 7 3 4
364 40930743 695 0 6 38
365 40930743 695 7 5 28
366 40930743 695 1 1 3
367 41185025 698 5 0 4
368 41185025 698 10 7 2
369 41185025 698 5 3 7885
370 41484605 702 4 10 74
371 41671654 703 9 5 40
372 41671654 703 2 9 325
373 41829395 710 3 0 36
374 41898740 712 4 4 99
375 42321128 718 1 3 15
376 42321128 718 1 5 87
377 42321128 718 3 0 36
378 42321128 718 3 8 2911
379 42488041 723 6 10 11
380 42488041 723 3 6 66
381 42551827 724 6 8 63
382 42551827 724 6 7 124
383 42635047 727 10 10 104
384 42889853 732 6 6 2
385 43107925 735 6 1 62
386 43761680 741 9 7 2
387 43761680 741 10 2 3
388 43857029 744 6 3 1
389 43877308 748 7 8 28
390 44400333 751 2 9 31
391 44400333 751 1 1 15
392 44400333 751 10 3 242
393 44400333 751 3 7 14
394 44400333 751 0 3 1455
395 44400333 751 5 5 12
396 44400333 751 8 2 2628
397 44480231 752 7 1 168
398 44593249 755 9 4 137
399 44715584 757 5 1 77
400 44715584 757 8 5 578
401 45069829 766 8 5 13
402 45069829 766 3 3 1
403 45263667 768 0 10 47
404 45440882 778 3 1 279
405 45440882 778 7 9 14
406 46018190 817 9 3 1577
407 46905743 822 2 0 1
408 46905743 822 3 1 1
409 46905743 822 2 5 26
410 46905743 822 10 6 8
411 46905743 822 4 2 9
412 46905743 822 6 4 1
413 46905743 822 10 8 239
414 46905743 822 8 7 138
415 47593607 823 5 9 1
416 47593607 823 10 9 1
417 47811612 825 4 9 18
418 47942352 832 1 1 30673
419 48355222 842 1 8 2391
420 48355222 842 1 4 6007
421 48355222 842 1 9 9530
422 48662891 858 10 2 1
423 49333997 864 0 10 517
424 49371517 868 10 6 201
425 49458730 871 5 9 3
426 49489474 872 6 10 5
427 49638703 876 1 3 18
428 49704815 881 1 2 561
429 49704815 881 0 2 561
430 50087144 886 4 5 25
431 50087144 886 1 3 48
432 50087144 886 2 0 14
433 50091458 887 6 4 158
434 50533190 894 4 3 12
435 50533190 894 0 9 35
436 50533190 894 5 1 19
437 50533190 894 8 3 6
438 50751926 896 1 10 33
439 50751926 896 8 2 38
440 50915309 901 4 2 30
441 51403693 911 9 0 682
442 51403693 911 5 0 682
443 51503631 914 4 3 171
444 51575933 917 3 9 3
445 51649573 919 10 1 2
446 51677588 922 1 4 99
447 51878409 926 7 5 9235
448 52749200 929 8 3 169
449 52749200 929 9 8 14
450 52749200 929 1 0 2
451 52749200 929 5 9 4
452 52749200 929 9 6 381
453 52749200 929 2 1 1
454 52749200 929 6 5 227
455 53255791 930 7 6 13
456 53255791 930 2 8 1548
457 53255791 930 4 10 683
458 53255791 930 0 2 7
459 53255791 930 1 0 2492
460 53255791 930 0 8 309
461 53255791 930 6 7 10
462 53713284 931 4 3 49
463 54016013 932 8 0 2
464 54016013 932 10 8 6
465 54086799 936 0 4 58
466 55012853 941 5 9 2610
467 55012853 941 9 3 1
468 55012853 941 8 5 13
469 55012853 941 9 6 8
470 55012853 941 2 5 27
471 55012853 941 2 3 1
472 55012853 941 6 8 1
473 55012853 941 2 6 5
474 55012853 941 5 7 1
475 55012853 941 6 5 388
476 55012853 941 9 2 8
477 55012853 941 8 3 1
478 55012853 941 0 9 1305
479 55024885 943 6 0 1
480 55124684 948 1 4 16
481 55145972 949 10 4 3132
482 55507411 963 0 8 229
483 55524746 965 9 8 9024
484 56092044 967 5 7 486
485 56092044 967 5 6 3080
486 56092044 967 4 5 7
487 56092044 967 7 4 14
488 56092044 967 7 3 8
489 56092044 967 0 3 4
490 56092044 967 7 9 4
491 56092044 967 5 1 1846
492 56092044 967 1 0 9
493 56167665 970 10 6 74
494 56426118 973 2 6 19
495 56524992 979 0 8 1268
496 56524992 979 4 8 1268
497 56725452 993 4 9 48
498 56850919 994 3 1 1
499 56873810 995 6 6 518
