11 238 500
0 24103 0 1 1 3
1 91994 3 5 9 20
2 91994 3 5 4 3213
3 106483 4 9 8 4
4 168158 9 4 4 2
5 168158 9 7 2 19
6 168158 9 1 2 19
7 236064 13 8 10 297
8 236064 13 10 4 340
9 236064 13 3 5 41
10 308835 17 5 8 30
11 308835 17 1 5 16
12 322229 18 1 10 164
13 362511 21 4 1 31
14 391445 27 2 0 1300
15 426681 29 2 2 8778
16 426681 29 10 7 2267
17 438266 31 3 6 1
18 445553 35 7 10 74
19 445814 36 3 4 53
20 467198 37 8 0 25
21 467198 37 4 10 4
22 467198 37 6 8 61
23 467198 37 8 9 4214
24 489413 39 6 5 20
25 509199 41 10 5 3030
26 543883 50 2 3 14
27 688153 51 0 2 10
28 688153 51 5 4 15
29 776492 59 2 7 6
30 776492 59 8 1 22
31 776492 59 1 1 67
32 776492 59 8 3 10
33 790889 61 10 4 63
34 793793 63 8 5 77
35 817570 66 0 1 84
36 817570 66 0 8 966
37 817582 67 1 7 10
38 849871 70 3 10 99
39 849871 70 4 8 43
40 871506 72 6 7 60
41 962617 75 8 0 63
42 962617 75 8 5 115
43 962617 75 5 1 5916
44 962617 75 10 4 3
45 984678 81 0 6 119
46 1106757 84 10 9 1
47 1106757 84 2 2 231
48 1149939 91 9 2 4953
49 1168516 94 6 5 756
50 1259315 99 9 6 70
51 1259315 99 7 2 19
52 1259315 99 0 3 63
53 1259315 99 0 10 3070
54 1259315 99 7 0 1829
55 1261110 100 7 2 57
56 1373832 102 7 9 9
57 1373832 102 5 2 483
58 1393829 104 4 9 60
59 1449952 108 6 4 68
60 1456943 110 3 3 4665
61 1492278 117 0 2 132816
62 1557423 127 0 6 358
63 1576024 132 5 0 21
64 1615990 136 1 7 22
65 1615990 136 1 5 496
66 1615990 136 8 10 32
67 1708193 137 8 10 668
68 1708193 137 7 3 9
69 1708193 137 6 0 4
70 1708193 137 6 3 9
71 1708193 137 2 10 890
72 1708193 137 4 8 4
73 1761011 146 8 4 11
74 1886551 154 5 2 498
75 2063551 165 8 3 93
76 2070051 168 7 2 30
77 2070051 168 2 2 15
78 2115484 174 0 7 14
79 2115484 174 9 2 9
80 2115484 174 9 10 9
81 2156901 178 7 0 104
82 2211512 194 5 3 4
83 2215141 196 9 4 86
84 2299565 198 8 5 1
85 2302039 201 5 5 64
86 2309382 202 3 1 8
87 2334241 203 7 5 4342
88 2334241 203 8 5 8684
89 2334241 203 7 0 49
90 2334241 203 7 8 150
91 2381508 210 8 3 299
92 2381508 210 3 3 1
93 2381508 210 0 3 1
94 2403100 218 1 2 17074
95 2416558 223 2 2 68
96 2425418 226 3 9 222
97 2426861 228 9 2 15
98 2468599 229 2 3 28
99 2468599 229 0 5 4
100 2468599 229 6 2 1233
101 2519027 230 3 0 48
102 2519027 230 0 10 8
103 2616780 233 8 2 4
104 2616780 233 10 5 4
105 2660602 237 10 4 215
106 2777776 241 3 3 1
107 2777776 241 7 2 3905
108 2777776 241 7 5 5047
109 2777776 241 4 5 1682
110 2854156 259 8 5 600
111 2854156 259 2 10 622
112 2965227 262 2 0 9
113 2965227 262 3 2 6
114 2965227 262 9 3 1
115 2965227 262 4 9 15
116 2965227 262 4 6 17
117 2965227 262 9 10 6
118 2965227 262 9 9 15
119 2965227 262 3 9 15
120 3040986 282 8 7 200
121 3056871 285 4 2 275
122 3056871 285 4 3 17
123 3056871 285 4 6 319
124 3232033 287 10 6 24
125 3232033 287 1 6 48
126 3232033 287 7 8 5
127 3232033 287 5 3 5
128 3232033 287 2 8 5
129 3297335 291 9 1 256
130 3297335 291 2 5 25
131 3297335 291 1 0 1
132 3297335 291 6 8 8
133 3357194 292 2 10 1
134 3357194 292 9 8 218
135 3357194 292 1 8 1090
136 3398437 298 1 1 12
137 3398437 298 9 3 134
138 3398437 298 1 5 75
139 3398437 298 1 7 60
140 3405330 301 2 5 59
141 3473075 303 0 10 14
142 3473075 303 2 7 1
143 3473075 303 1 7 3
144 3473075 303 4 6 795
145 3526053 307 8 4 476
146 3546601 310 0 7 73
147 3560238 314 9 1 54
148 3656724 317 2 5 964
149 3656724 317 7 1 42
150 3656724 317 10 4 10
151 3656724 317 4 2 565
152 3660020 318 2 7 11
153 3743421 328 2 0 3
154 3771317 335 1 9 28
155 3784795 337 4 2 67
156 3812517 339 9 3 1290
157 3812517 339 8 5 95
158 3812517 339 3 7 31
159 3854548 340 7 7 2998
160 3854548 340 9 4 1
161 3956452 366 0 2 23
162 4021372 370 2 5 1
163 4021372 370 10 5 1
164 4027549 372 3 0 349
165 4031104 378 10 6 120
166 4062021 380 10 8 9844
167 4062021 380 10 9 703
168 4062021 380 10 1 100
169 4108874 388 0 1 16
170 4206684 390 8 6 459
171 4206684 390 4 7 3
172 4206684 390 0 9 349
173 4206684 390 8 10 1
174 4206684 390 1 9 174
175 4246065 393 8 1 46
176 4366077 395 7 2 1
177 4366077 395 9 0 440
178 4366077 395 9 9 2555
179 4366077 395 5 9 2555
180 4446485 406 8 0 35
181 4464038 407 2 2 73
182 4464325 408 2 8 119
183 4548056 409 8 0 1056
184 4548056 409 8 8 26
185 4548056 409 10 0 1584
186 4548056 409 6 8 40
187 4548056 409 6 4 2
188 4548056 409 1 1 1084
189 4595041 414 7 9 40
190 4603379 419 3 8 77
191 4648333 424 7 3 5146
192 4655022 427 10 2 48
193 4797956 428 1 3 136
194 4797956 428 9 1 668
195 4797956 428 8 3 7
196 4797956 428 3 10 4
197 4797956 428 6 5 822
198 4797956 428 7 7 1
199 4797956 428 4 0 1
200 4881853 430 4 8 1
201 4881853 430 8 4 3
202 4881853 430 2 3 2
203 4881853 430 10 4 3
204 4881853 430 7 3 21
205 4881853 430 3 1 3154
206 4907032 438 8 4 10191
207 4915659 442 6 1 1280
208 4927655 444 7 0 19
209 4936238 447 3 1 17
210 4940207 450 10 4 617
211 5020130 457 6 0 25
212 5020130 457 8 4 1
213 5020130 457 0 1 1
214 5038972 459 0 5 651
215 5116766 461 10 10 1
216 5116766 461 4 6 122
217 5328979 466 8 0 7
218 5328979 466 1 10 2
219 5328979 466 4 5 1
220 5328979 466 9 4 217
221 5328979 466 1 5 2
222 5328979 466 2 2 50
223 5328979 466 5 2 50
224 5379314 467 0 6 6
225 5379314 467 2 1 1
226 5393131 468 7 0 6237
227 5421898 472 6 0 14
228 5478912 473 9 2 7
229 5478912 473 2 2 23
230 5478912 473 6 8 52
231 5478912 473 2 7 26
232 5478912 473 5 2 23
233 5655468 475 0 7 4
234 5655468 475 10 1 13
235 5655468 475 10 2 3
236 5655468 475 9 0 1
237 5655468 475 7 7 9
238 5655468 475 2 10 51
239 5721613 487 5 0 66373
240 5743903 489 0 4 48
241 5743903 489 9 9 62
242 5749131 491 10 10 39
243 5759363 497 9 7 51
244 5922807 498 4 5 175
245 5922807 498 6 3 1
246 5922807 498 8 0 10
247 5922807 498 7 0 10
248 5922807 498 1 0 10
249 5922807 498 1 8 5658
250 5922807 498 1 3 1
251 5922807 498 0 5 1579
252 5936534 499 7 10 10
253 6045064 507 8 6 3
254 6045064 507 8 9 7
255 6045064 507 1 7 72
256 6045064 507 10 6 3
257 6083802 512 2 3 5300
258 6182216 513 6 9 20
259 6182216 513 8 8 1009
260 6182216 513 0 4 200
261 6182216 513 1 4 300
262 6182216 513 9 5 690
263 6182216 513 5 4 300
264 6182216 513 6 7 11
265 6202718 516 2 3 1
266 6209953 522 4 9 174
267 6249465 536 3 6 467
268 6251984 537 7 10 11
269 6255883 539 10 1 6
270 6298015 549 8 5 792
271 6310750 550 4 6 31
272 6310750 550 7 6 6
273 6514476 555 1 0 1
274 6514476 555 8 4 829
275 6577440 556 5 8 109
276 6577440 556 8 1 1
277 6577440 556 10 4 26
278 6591880 557 3 9 238
279 6609793 558 1 10 174
280 6609793 558 1 7 123
281 6638398 562 10 4 31234
282 6737104 569 0 1 65
283 6737104 569 1 1 16
284 6805600 576 1 9 73
285 6807375 577 0 0 2339
286 6815127 579 3 0 57
287 6861493 583 6 7 1421
288 6876825 588 4 2 98
289 6888946 591 4 1 2
290 6958793 602 8 2 848
291 6958793 602 8 5 30
292 6981566 606 10 9 101
293 6981566 606 10 8 31
294 6981566 606 10 7 327
295 7002878 611 5 8 990
296 7002878 611 7 6 205
297 7154230 612 9 5 120
298 7154230 612 2 5 120
299 7154230 612 7 8 8
300 7154230 612 5 0 214
301 7154230 612 6 10 5
302 7154230 612 2 6 40
303 7154230 612 9 2 1346
304 7166954 613 3 7 12697
305 7166954 613 3 4 36562
306 7309926 616 4 1 1
307 7309926 616 5 9 14
308 7309926 616 0 2 11
309 7309926 616 0 10 12823
310 7309926 616 10 2 2
311 7309926 616 10 9 2
312 7309926 616 2 2 1
313 7309926 616 2 10 854
314 7312653 617 3 9 85
315 7379006 628 1 2 47
316 7466916 642 9 1 5170
317 7554699 644 6 8 1817
318 7554699 644 4 7 834
319 7554699 644 3 8 908
320 7554699 644 5 0 8
321 7564899 652 3 8 767
322 7573694 660 7 7 16605
323 7583794 661 7 0 13
324 7589188 666 9 3 2
325 7718043 671 3 9 8
326 7718043 671 1 9 17
327 7742083 675 2 3 19475
328 7768485 681 2 4 1319
329 7864166 683 6 8 5
330 7864166 683 2 2 1527
331 7864166 683 4 3 29
332 7864166 683 7 2 1527
333 7941492 690 4 2 11
334 7941492 690 8 9 17
335 7941492 690 8 3 45
336 7941492 690 8 7 6335
337 7941492 690 0 6 14
338 7983460 692 10 1 48
339 7999108 694 4 6 1358
340 8186148 695 1 7 1
341 8186148 695 5 9 214
342 8186148 695 4 6 1
343 8186148 695 0 9 2791
344 8186148 695 2 0 128
345 8186148 695 4 3 4
346 8186148 695 7 3 4
347 8186148 695 6 1 3
348 8237005 698 10 6 20
349 8237005 698 2 4 268
350 8237005 698 2 1 3
351 8237005 698 5 9 66
352 8259854 701 1 2 3
353 8334330 703 2 6 38
354 8334330 703 2 8 52
355 8338338 705 0 5 52
356 8340565 706 5 7 40
357 8365879 710 3 3 119
358 8365879 710 3 8 105
359 8365879 710 3 10 1
360 8464225 718 7 5 3430
361 8464225 718 5 9 11729
362 8464225 718 8 9 31
363 8510365 724 6 2 205
364 8511997 726 3 9 3974
365 8527009 727 6 5 7
366 8578816 733 9 8 3956
367 8621585 735 6 1 62
368 8621585 735 6 7 1348
369 8752336 741 0 8 1
370 8752336 741 6 5 22
371 8771405 744 1 3 64
372 8771405 744 8 8 75
373 8792041 749 2 9 1
374 8792041 749 9 7 41
375 8792041 749 4 4 130
376 8880066 751 5 6 111
377 8880066 751 9 2 119
378 8880066 751 1 6 167
379 8943116 757 9 5 1734
380 8943116 757 7 5 578
381 9013965 766 5 3 1
382 9065423 773 6 10 17
383 9065423 773 8 10 34
384 9088176 778 0 1 279
385 9088176 778 10 1 279
386 9099635 780 2 1 117
387 9105698 782 3 4 21
388 9105698 782 0 4 1
389 9113493 786 6 0 54
390 9117926 787 1 4 3
391 9117926 787 7 4 3
392 9145112 798 4 9 293
393 9145112 798 4 0 65
394 9165149 804 4 4 621
395 9165149 804 4 0 117
396 9165149 804 4 10 98
397 9194141 816 2 8 132
398 9203638 817 8 3 1577
399 9209454 820 2 2 104
400 9381148 822 8 0 1
401 9381148 822 8 7 138
402 9381148 822 8 2 3
403 9381148 822 7 10 1
404 9381148 822 3 6 4
405 9518721 823 2 10 1
406 9518721 823 2 5 1797
407 9518721 823 10 0 8
408 9518721 823 10 9 1
409 9518721 823 2 9 1
410 9568894 828 6 0 60
411 9587048 830 3 2 42
412 9587048 830 2 1 24
413 9618679 833 7 8 800
414 9638897 834 8 5 908
415 9638897 834 9 10 1400
416 9638897 834 7 0 177
417 9671044 842 1 3 757
418 9671044 842 1 5 143
419 9673930 843 9 3 39
420 9685929 845 4 7 9
421 9697721 846 5 8 80
422 9697721 846 5 7 59
423 9697721 846 5 4 14
424 9773537 863 6 0 9
425 9866799 864 3 8 113
426 9866799 864 10 7 1
427 9927740 876 4 3 37
428 9940963 881 10 2 1685
429 9942460 884 0 6 33
430 10030945 888 10 3 87
431 10106638 894 10 3 6
432 10106638 894 7 10 33
433 10106638 894 10 8 1
434 10106638 894 6 9 71
435 10171190 899 6 2 250
436 10183061 901 3 2 517
437 10250988 907 4 1 233
438 10250988 907 2 10 6
439 10250988 907 2 2 1642
440 10265807 909 9 1 6168
441 10265807 909 9 4 1528
442 10265807 909 9 10 26
443 10267006 910 10 5 3
444 10280738 911 10 0 682
445 10549840 929 9 7 4
446 10549840 929 7 5 4774
447 10549840 929 1 2 12
448 10549840 929 7 1 18
449 10549840 929 9 9 4
450 10549840 929 9 10 2
451 10549840 929 6 5 227
452 10549840 929 8 10 2
453 10549840 929 10 6 54
454 10549840 929 0 8 4
455 10549840 929 10 8 4
456 10549840 929 7 9 4
457 10651158 930 0 7 10
458 10651158 930 6 7 10
459 10651158 930 10 10 683
460 10651158 930 7 6 13
461 10742656 931 10 9 2119
462 10742656 931 2 6 8
463 10742656 931 4 4 909
464 10742656 931 1 10 901
465 10742656 931 7 6 8
466 10803202 932 0 4 6
467 10803202 932 5 6 69
468 10803202 932 9 0 2
469 10803202 932 3 7 3
470 10809389 934 10 1 14278
471 10813588 935 5 1 1573
472 11002570 941 4 10 18
473 11002570 941 0 4 3
474 11002570 941 6 5 388
475 11002570 941 4 7 1
476 11002570 941 6 6 24
477 11002570 941 5 6 2
478 11002570 941 4 5 41
479 11024936 948 6 6 791
480 11046124 951 2 8 158
481 11050176 954 6 9 78
482 11058688 958 3 3 2
483 11081482 959 10 10 18
484 11098288 961 9 5 1719
485 11098288 961 2 5 687
486 11098288 961 6 5 2407
487 11098288 961 1 5 343
488 11218408 967 1 3 4
489 11218408 967 0 4 14
490 11218408 967 4 4 14
491 11218408 967 5 5 7
492 11218408 967 4 10 13
493 11285223 973 0 8 2624
494 11285223 973 0 0 2
495 11289958 975 6 8 1
496 11313731 983 0 10 188
497 11314010 984 10 4 10212
498 11329340 991 9 10 233
499 11370183 994 1 0 3
