11 243 500
0 13391 0 9 8 56
1 51107 3 5 3 126
2 51107 3 10 1 14
3 59157 4 7 5 43
4 59157 4 5 8 14
5 93421 9 7 2 19
6 131147 13 6 5 13
7 131147 13 5 10 495
8 131147 13 7 10 99
9 131147 13 5 1 530
10 135603 16 2 4 209
11 135603 16 4 4 11
12 171575 17 1 5 16
13 171575 17 1 2 526
14 171575 17 2 2 8942
15 171575 17 3 5 16
16 217469 27 3 0 130
17 217469 27 0 0 1040
18 237045 29 10 0 33
19 237045 29 2 2 8778
20 243481 31 1 6 46
21 271896 39 0 5 34
22 284296 43 5 8 154
23 289428 44 1 0 118
24 289428 44 1 6 217
25 302157 50 7 0 44
26 302157 50 2 10 3160
27 382307 51 9 8 1
28 382307 51 9 0 10
29 384685 55 0 9 3923
30 431384 59 8 5 14
31 431384 59 1 1 67
32 431384 59 5 3 63
33 431384 59 5 8 15
34 472150 70 8 8 21
35 534787 75 10 5 1270
36 534787 75 3 4 1
37 534787 75 7 9 1
38 534787 75 8 7 3
39 541343 77 9 4 42
40 614865 84 10 4 10
41 614865 84 2 6 2
42 614865 84 7 1 8
43 614865 84 7 8 1
44 662502 97 10 9 5530
45 662502 97 8 9 1843
46 699619 99 0 10 3070
47 699619 99 9 5 5
48 699619 99 0 2 19
49 699619 99 0 6 10
50 763240 102 8 7 78
51 763240 102 7 7 1
52 763240 102 4 4 4
53 763240 102 5 2 483
54 763240 102 3 8 29219
55 805529 108 5 3 13
56 805529 108 7 4 34
57 812788 114 6 9 34
58 829043 117 0 5 160
59 838376 118 8 5 16
60 897772 136 8 9 9
61 948996 137 10 10 222
62 948996 137 5 1 12
63 948996 137 0 8 14
64 948996 137 1 7 3
65 948996 137 9 8 4
66 948996 137 7 10 1559
67 964665 143 0 9 7
68 978339 146 4 3 36
69 1048084 154 8 4 10
70 1048084 154 0 7 642
71 1048084 154 7 6 115
72 1048084 154 9 5 69
73 1051760 157 4 4 87
74 1113658 160 3 5 46
75 1113658 160 10 1 1
76 1135930 162 2 10 75
77 1135930 162 3 6 14
78 1135930 162 0 7 1351
79 1146417 165 3 3 93
80 1158960 170 3 1 57
81 1159147 171 4 8 604
82 1164428 172 7 2 54
83 1175269 174 6 10 9
84 1176380 175 2 6 13
85 1197286 177 0 5 42
86 1197286 177 3 10 393
87 1227011 192 3 3 5872
88 1227011 192 3 9 1320
89 1277536 198 9 0 5
90 1277536 198 0 1 4
91 1277536 198 8 0 5
92 1277536 198 2 10 7
93 1277536 198 0 2 2
94 1277536 198 2 4 2
95 1299562 205 3 2 11780
96 1303952 207 7 0 68
97 1323060 210 5 3 7
98 1347454 226 3 9 222
99 1371444 229 2 5 133
100 1371444 229 2 6 55
101 1371444 229 0 3 28
102 1371444 229 0 7 28
103 1399459 230 3 1 230
104 1399459 230 0 1 46
105 1399459 230 3 9 29
106 1453766 233 6 0 44
107 1453766 233 8 10 9
108 1453766 233 4 1 39
109 1453766 233 2 0 22
110 1478112 237 10 3 224
111 1479369 238 3 9 432
112 1487320 239 0 1 9
113 1543209 241 3 9 1226
114 1543209 241 1 4 14
115 1543209 241 7 4 14
116 1543209 241 4 10 1014
117 1543209 241 4 9 1226
118 1543209 241 3 2 1952
119 1550715 248 1 4 194
120 1647348 262 2 3 1
121 1647348 262 2 7 5
122 1647348 262 8 6 43
123 1647348 262 9 1 30
124 1647348 262 8 10 55
125 1647348 262 4 2 13
126 1655065 263 2 10 1524
127 1668360 269 4 2 8281
128 1668360 269 4 10 438
129 1668360 269 4 4 68
130 1669822 270 8 3 19537
131 1698261 285 4 5 15527
132 1795574 287 5 4 1
133 1795574 287 6 5 4
134 1795574 287 9 1 53
135 1795574 287 1 1 3
136 1795574 287 8 5 2
137 1831852 291 6 7 333
138 1831852 291 0 1 128
139 1870357 295 5 4 1
140 1888020 298 1 6 844
141 1888020 298 9 10 40
142 1891850 301 1 6 4864
143 1929486 303 4 8 324
144 1929486 303 3 7 1
145 1929486 303 3 2 1892
146 1929486 303 10 6 397
147 1956798 305 4 7 38
148 1966867 309 3 0 37
149 1976724 311 9 4 3
150 2031513 317 0 5 1929
151 2035157 319 7 10 78
152 2050322 324 3 10 24
153 2050322 324 6 5 7
154 2056623 327 2 1 180
155 2079678 328 2 5 297
156 2079678 328 5 0 1
157 2079678 328 10 5 297
158 2088193 330 0 6 47
159 2088373 332 2 8 19
160 2095176 335 1 1 17
161 2118065 339 3 2 288
162 2118065 339 6 3 215
163 2169881 353 0 7 193
164 2188777 362 1 2 1
165 2192996 365 2 3 670
166 2198029 366 7 9 52
167 2211535 369 10 3 6
168 2211535 369 6 5 186
169 2211535 369 3 9 224
170 2234096 370 7 3 10
171 2234096 370 1 10 35
172 2234096 370 3 5 8
173 2234096 370 3 8 3
174 2238235 374 7 10 23
175 2239455 377 9 8 86
176 2256678 380 10 2 57
177 2264042 386 0 3 488
178 2282708 388 0 2 35
179 2337046 390 4 3 596
180 2337046 390 4 7 3
181 2337046 390 8 7 38
182 2337046 390 10 3 596
183 2425598 395 9 9 2555
184 2425598 395 4 6 13
185 2425598 395 4 0 881
186 2425598 395 1 7 41
187 2425598 395 1 10 10
188 2425598 395 0 7 1
189 2425598 395 2 3 10
190 2432081 398 3 9 12
191 2461483 402 2 1 907
192 2461483 402 9 6 88
193 2480021 407 2 5 310
194 2526698 409 1 2 11
195 2526698 409 8 4 782
196 2526698 409 1 3 7
197 2526698 409 1 5 797
198 2552077 413 9 7 32
199 2557433 419 10 1 7
200 2557433 419 6 1 60
201 2572462 422 5 3 54
202 2582407 424 7 2 215
203 2665531 428 3 8 2
204 2665531 428 5 6 1
205 2665531 428 5 10 4
206 2665531 428 5 1 6684
207 2665531 428 2 1 668
208 2665531 428 10 3 14
209 2665531 428 10 2 1
210 2665531 428 3 9 1
211 2712140 430 9 4 67
212 2712140 430 2 10 2
213 2723593 435 7 6 24
214 2734471 443 6 1 15
215 2788961 457 8 7 1
216 2788961 457 8 10 5
217 2806604 460 1 7 335
218 2842647 461 9 7 1
219 2842647 461 8 0 1
220 2842647 461 7 10 1
221 2842647 461 10 9 7
222 2960544 466 6 9 4
223 2960544 466 7 1 8
224 2960544 466 3 7 61
225 2960544 466 4 0 15
226 2960544 466 6 7 1
227 2988508 467 2 1 1
228 2996184 468 7 7 38
229 3004328 471 4 10 7385
230 3043840 473 9 2 7
231 3043840 473 9 8 52
232 3043840 473 4 9 2
233 3141926 475 3 5 5
234 3141926 475 9 0 1
235 3141926 475 10 8 5
236 3141926 475 6 6 1
237 3141926 475 4 2 3
238 3141926 475 0 3 1
239 3141926 475 7 6 37
240 3152497 477 2 6 69
241 3152497 477 2 3 89
242 3163471 480 8 5 25
243 3166738 483 5 10 8
244 3178674 487 5 10 202
245 3178674 487 5 8 1304
246 3191057 489 0 5 94
247 3193962 491 2 10 39
248 3197279 493 8 7 18
249 3290448 498 2 0 10
250 3290448 498 10 7 7
251 3290448 498 7 1 17
252 3290448 498 4 10 13
253 3290448 498 1 2 56
254 3290448 498 4 4 100
255 3290448 498 1 9 1
256 3290448 498 8 4 50
257 3298074 499 7 5 7680
258 3305424 504 10 3 26
259 3358369 507 3 7 72
260 3358369 507 9 8 13
261 3358369 507 6 3 7
262 3358369 507 2 5 199
263 3358369 507 5 2 40
264 3379164 510 6 0 189
265 3379164 510 7 6 71
266 3379890 512 2 3 5300
267 3434564 513 0 6 80
268 3434564 513 1 0 1
269 3434564 513 5 7 35
270 3445954 516 2 3 1
271 3463149 534 3 4 114
272 3477262 541 4 3 230
273 3488206 543 7 4 113
274 3496906 547 4 10 15
275 3505972 550 7 6 6
276 3619153 555 8 3 1620
277 3619153 555 7 8 102
278 3619153 555 7 9 2
279 3619153 555 9 10 1
280 3619153 555 0 6 47
281 3619153 555 10 3 607
282 3619153 555 8 0 4
283 3619153 555 5 1 95
284 3619153 555 3 7 3
285 3654133 556 10 7 15
286 3662155 557 3 2 52
287 3680125 561 8 10 28
288 3699952 564 4 9 23
289 3742835 569 2 1 1
290 3742835 569 6 7 1
291 3742835 569 3 6 1
292 3742835 569 7 2 26
293 3780889 576 1 2 102
294 3780889 576 0 1 1
295 3780889 576 10 3 30
296 3781875 577 8 0 1169
297 3785960 578 7 9 11
298 3811940 583 6 2 76
299 3813226 586 8 1 1762
300 3814618 587 2 1 6
301 3814618 587 5 1 31
302 3827192 591 0 1 40
303 3865996 602 8 10 2547
304 3878647 606 10 3 161
305 3890488 611 7 2 147
306 3974572 612 1 5 120
307 3974572 612 8 0 713
308 3974572 612 8 4 26
309 3974572 612 7 7 5079
310 3974572 612 2 3 1
311 3974572 612 3 8 8
312 3974572 612 9 1 13
313 3974572 612 1 8 17
314 3981641 613 3 1 10
315 3981641 613 3 5 22
316 4061070 616 3 9 11
317 4061070 616 6 2 1
318 4061070 616 4 1 1
319 4061070 616 8 4 1
320 4061070 616 0 1 1
321 4067640 619 8 6 91
322 4068008 620 10 8 40
323 4077031 624 2 5 2839
324 4077711 625 4 0 34
325 4077711 625 7 0 104
326 4090390 627 1 7 2270
327 4099447 628 1 6 127
328 4127829 633 5 0 4797
329 4127829 633 5 1 368
330 4131612 634 7 3 109
331 4136513 635 5 4 37
332 4136513 635 5 10 15796
333 4146951 638 2 7 203
334 4148961 643 1 4 19
335 4197055 644 0 0 25
336 4197055 644 2 0 8
337 4197055 644 7 3 21
338 4197055 644 9 1 6
339 4197055 644 4 3 21
340 4216215 666 9 3 2
341 4287801 671 3 2 6
342 4287801 671 6 4 3355
343 4301157 675 2 3 19475
344 4301157 675 2 4 30
345 4303535 677 6 8 67
346 4308063 678 6 4 18
347 4308063 678 7 6 409
348 4315825 681 3 4 2639
349 4315825 681 4 4 1319
350 4368981 683 2 4 1277
351 4368981 683 6 10 16
352 4368981 683 7 3 29
353 4368981 683 10 9 30
354 4368981 683 8 1 50
355 4368981 683 5 9 15
356 4373691 687 10 2 32
357 4373691 687 10 7 98
358 4384700 689 9 10 4
359 4411940 690 0 3 90
360 4411940 690 0 9 34
361 4435255 692 2 5 10
362 4435255 692 7 10 12
363 4547860 695 10 5 7
364 4547860 695 2 3 13
365 4547860 695 10 9 214
366 4547860 695 0 2 793
367 4547860 695 4 7 1
368 4547860 695 4 6 1
369 4547860 695 3 8 1
370 4547860 695 3 5 7
371 4576113 698 2 10 32
372 4577334 700 9 4 4666
373 4588807 701 3 9 1
374 4609400 702 0 9 6
375 4727980 724 6 6 2
376 4740814 730 0 2 68
377 4765539 732 0 1 103
378 4765539 732 6 5 66
379 4765539 732 0 3 15
380 4789769 735 9 7 1348
381 4806790 739 10 8 67
382 4806790 739 10 0 372
383 4806790 739 10 2 39026
384 4862408 741 8 10 2
385 4884467 749 9 7 41
386 4885119 750 9 3 49
387 4933370 751 2 9 31
388 4933370 751 0 9 15
389 4933370 751 3 8 1
390 4933370 751 9 9 15
391 4933370 751 8 4 13
392 4978957 765 9 0 12661
393 5007758 766 3 4 16
394 5029296 768 0 4 59
395 5036346 773 8 10 34
396 5036346 773 4 10 87
397 5048986 778 4 9 7
398 5048986 778 1 1 837
399 5055352 780 9 5 34
400 5055352 780 3 5 4
401 5058721 782 0 4 1
402 5069897 791 0 1 26
403 5080618 798 4 8 632
404 5211749 822 6 8 1679
405 5211749 822 1 2 9
406 5288178 823 2 8 5
407 5288178 823 2 3 1
408 5288178 823 5 4 3553
409 5288178 823 9 6 1414
410 5288178 823 9 4 7107
411 5288178 823 10 1 969
412 5405548 857 9 4 62
413 5405548 857 9 0 2932
414 5406987 858 5 2 5
415 5413895 859 6 6 60
416 5413895 859 6 8 506
417 5413895 859 6 7 207
418 5422112 861 3 1 145
419 5481555 864 3 8 113
420 5481555 864 4 8 113
421 5481555 864 5 10 172
422 5481555 864 6 10 172
423 5482537 866 10 3 552
424 5495414 871 10 8 8344
425 5508737 874 2 7 312
426 5508737 874 2 1 40
427 5513644 875 3 7 9
428 5515411 876 10 3 37
429 5522757 881 1 2 561
430 5565238 886 7 2 41
431 5565238 886 5 3 48
432 5572747 888 10 4 103
433 5575692 890 8 10 13
434 5614798 894 5 3 6
435 5614798 894 7 10 33
436 5639102 896 4 9 10
437 5639102 896 3 2 38
438 5657256 901 0 3 1484
439 5657256 901 7 2 30
440 5657256 901 8 2 30
441 5675927 905 1 8 95
442 5694993 907 2 10 6
443 5694993 907 4 10 3
444 5703226 909 9 8 5
445 5722625 914 4 3 171
446 5738841 919 9 1 16
447 5752382 924 8 6 3
448 5766039 928 7 10 102
449 5861022 929 6 4 878
450 5861022 929 3 7 2
451 5861022 929 5 1 2
452 5861022 929 10 2 4
453 5917310 930 8 7 10
454 5917310 930 2 7 21
455 5917310 930 3 0 2492
456 5917310 930 3 3 15
457 5917310 930 7 1 14
458 5968142 931 0 0 1056
459 5968142 931 3 10 2703
460 5968142 931 1 5 349
461 5968142 931 6 2 1607
462 5968142 931 6 7 6
463 5968142 931 4 0 3169
464 5968142 931 8 10 225
465 6001779 932 7 3 16
466 6001779 932 3 9 4
467 6001779 932 8 4 43
468 6001779 932 4 2 902
469 6001779 932 9 9 9
470 6001779 932 1 0 4
471 6001779 932 9 10 23
472 6007549 935 5 1 1573
473 6010854 938 9 5 48
474 6022403 940 0 10 1313
475 6112539 941 9 8 1
476 6112539 941 7 9 1305
477 6112539 941 2 10 18
478 6112539 941 5 3 8
479 6112539 941 9 5 13
480 6112539 941 3 4 1
481 6112539 941 1 0 5
482 6112539 941 5 5 13
483 6112539 941 7 3 1
484 6112539 941 8 2 2
485 6112852 942 10 5 700
486 6135747 950 2 8 14
487 6143650 957 4 9 17
488 6156379 959 10 6 11
489 6156379 959 10 1 1320
490 6165715 961 0 5 343
491 6169416 965 10 8 564
492 6232449 967 4 9 9
493 6232449 967 7 0 29
494 6232449 967 0 2 15
495 6232449 967 1 4 29
496 6232449 967 6 7 243
497 6252450 972 10 3 94
498 6269568 973 2 10 26
499 6302828 993 4 10 91
