11 250 500
0 17217 0 1 0 2
1 18327 2 0 10 1004
2 65710 3 5 10 935
3 65710 3 5 1 14
4 65710 3 5 6 284
5 65710 3 9 1 84
6 120112 9 4 9 7
7 120112 9 4 3 74
8 120112 9 4 2 98
9 168617 13 10 5 13
10 168617 13 8 4 340
11 169988 15 3 6 109
12 220596 17 9 9 658
13 232751 19 1 0 84
14 258936 21 3 5 18
15 258936 21 4 2 6055
16 269090 25 3 0 5933
17 304772 29 10 0 33
18 304772 29 10 3 99
19 313047 31 4 6 1
20 333713 37 8 9 4214
21 388488 50 2 0 44
22 388488 50 7 8 1
23 388488 50 9 3 14
24 491538 51 5 1 15
25 491538 51 2 6 1
26 491538 51 5 9 1
27 554637 59 8 5 14
28 583979 66 0 0 2
29 622504 72 6 2 8
30 624961 74 3 7 8
31 624961 74 7 7 25
32 687583 75 6 5 231
33 687583 75 1 7 1
34 696013 77 6 4 52
35 703342 81 0 6 119
36 708052 83 0 2 165
37 790540 84 3 4 5
38 790540 84 3 5 4
39 821385 91 4 2 550
40 827142 93 9 10 67
41 851788 97 3 9 3687
42 899510 99 7 8 5
43 981309 102 5 5 14
44 981309 102 7 3 5
45 995592 104 4 10 38979
46 1035680 108 3 0 226
47 1040674 110 3 1 64
48 1077912 118 10 5 16
49 1083879 123 10 10 32
50 1088192 124 7 3 7
51 1088192 124 9 3 28
52 1091736 126 0 0 119
53 1112445 127 0 9 22699
54 1125731 132 0 1 6
55 1133665 134 8 3 3
56 1134196 135 1 8 667
57 1220138 137 5 6 2
58 1221216 138 4 5 109
59 1226772 139 10 1 50
60 1240284 143 0 10 7810
61 1257865 146 10 4 11
62 1257865 146 10 8 333
63 1257865 146 3 8 333
64 1347536 154 4 8 43
65 1347536 154 3 4 10
66 1347536 154 7 9 11
67 1347536 154 0 8 196
68 1351903 156 1 8 23
69 1355290 158 5 2 59
70 1431846 160 4 7 1
71 1431846 160 1 9 48
72 1431846 160 5 8 306
73 1434718 161 0 8 17
74 1460481 162 6 4 92
75 1490092 170 3 7 102
76 1497122 172 6 8 29
77 1543242 180 5 0 216
78 1550372 184 1 6 21
79 1579651 194 3 3 63
80 1642546 198 7 0 20
81 1642546 198 3 6 1002
82 1642546 198 8 0 5
83 1642546 198 9 5 1
84 1642546 198 9 2 2
85 1670866 205 3 2 11780
86 1683163 209 3 5 39
87 1701077 210 0 3 1
88 1718516 220 0 5 2340
89 1727069 224 3 2 49443
90 1729652 225 6 8 316
91 1763285 229 6 4 17
92 1799305 230 3 2 1
93 1799305 230 8 0 12
94 1869128 233 4 2 8
95 1912269 239 0 1 9
96 1984125 241 9 10 1014
97 1984125 241 3 5 8412
98 2038683 259 1 7 25
99 2038683 259 3 8 4050
100 2038830 260 0 8 471
101 2118019 262 4 2 13
102 2118019 262 9 2 6
103 2118019 262 8 7 1
104 2118019 262 2 10 12
105 2118019 262 4 0 69
106 2145034 269 4 10 438
107 2145034 269 4 8 138
108 2153513 271 7 7 34
109 2155119 272 1 5 106
110 2157878 276 8 5 169
111 2172133 282 8 3 286
112 2172133 282 8 0 16296
113 2183479 285 4 6 319
114 2308595 287 7 7 807
115 2308595 287 5 2 28
116 2308595 287 2 7 12118
117 2308595 287 8 1 28
118 2308595 287 4 6 24
119 2308595 287 8 7 1615
120 2308595 287 4 3 11
121 2308595 287 2 3 5
122 2308595 287 9 10 7
123 2308595 287 2 5 6
124 2355239 291 0 2 3435
125 2355239 291 10 1 2688
126 2355239 291 5 7 111
127 2355239 291 5 0 3
128 2355239 291 6 0 3
129 2397995 292 7 8 218
130 2397995 292 7 6 106
131 2401241 293 8 1 87
132 2408515 297 1 10 64
133 2427455 298 1 1 12
134 2431307 300 10 1 1505
135 2432378 301 1 6 4864
136 2480768 303 2 9 204
137 2480768 303 3 6 5173
138 2510202 304 2 1 7
139 2510202 304 2 7 8
140 2515883 305 7 7 38
141 2528426 308 6 0 160
142 2533286 310 7 6 6
143 2541502 311 6 4 133
144 2611946 317 4 1 14
145 2611946 317 10 8 83
146 2611946 317 2 1 14
147 2611946 317 1 9 27
148 2611946 317 2 9 16
149 2611946 317 4 9 5
150 2636128 324 10 5 7
151 2684820 330 0 2 201
152 2684820 330 0 7 67
153 2686710 334 6 9 105
154 2703425 337 4 9 42
155 2753249 340 7 1 11
156 2753249 340 3 1 3
157 2753249 340 0 0 20
158 2762062 344 4 7 106
159 2769333 346 3 5 489
160 2774628 349 1 6 568
161 2778050 350 8 6 14
162 2789848 353 0 10 3133
163 2818667 364 4 6 40
164 2826037 366 7 2 23
165 2843402 369 3 8 28
166 2872409 370 5 10 11
167 2872409 370 3 5 8
168 2872409 370 9 3 10
169 2904539 382 1 0 15
170 2904539 382 8 0 15
171 2907270 385 2 6 17811
172 2934910 388 7 9 4765
173 2934910 388 0 1 16
174 3004774 390 10 4 27
175 3004774 390 0 3 1193
176 3004774 390 1 0 29
177 3029681 392 3 9 3
178 3033098 394 2 4 16746
179 3118626 395 3 7 1
180 3118626 395 9 0 440
181 3118626 395 4 6 13
182 3118626 395 5 7 3
183 3125774 397 3 10 99
184 3164763 402 9 7 35
185 3164763 402 9 10 117
186 3176060 406 4 0 35
187 3248611 409 5 9 15
188 3248611 409 1 6 1
189 3248611 409 6 4 2
190 3248611 409 2 3 3
191 3248611 409 2 0 528
192 3281243 413 2 1 168
193 3320238 424 7 7 63
194 3427112 428 5 2 1
195 3427112 428 0 7 1
196 3427112 428 7 4 1
197 3427112 428 3 7 97
198 3427112 428 2 1 668
199 3487038 430 8 3 8
200 3487038 430 9 10 15
201 3487038 430 10 5 33
202 3523735 446 8 4 28
203 3528719 450 10 4 617
204 3528719 450 9 4 2471
205 3585807 457 10 7 10
206 3654832 461 9 4 42
207 3654832 461 6 10 1
208 3654832 461 4 7 1
209 3654832 461 5 2 55
210 3806414 466 4 5 1
211 3806414 466 6 1 2
212 3806414 466 8 6 4
213 3806414 466 1 1 2
214 3806414 466 8 9 4
215 3806414 466 0 1 14
216 3806414 466 5 6 8
217 3806414 466 0 7 1
218 3806414 466 3 0 7
219 3806414 466 0 6 12
220 3842367 467 9 1 1
221 3842367 467 6 0 430
222 3842367 467 1 6 6
223 3913509 473 9 2 7
224 4039620 475 0 3 1
225 4039620 475 7 1 10
226 4039620 475 9 10 15
227 4039620 475 9 6 1
228 4039620 475 7 5 2
229 4039620 475 5 5 15
230 4039620 475 3 9 5
231 4039620 475 2 2 1
232 4039620 475 10 8 5
233 4071520 483 5 10 8
234 4079858 486 6 8 21916
235 4230576 498 0 3 1
236 4230576 498 10 1 35
237 4230576 498 5 1 35
238 4230576 498 4 5 175
239 4230576 498 3 5 526
240 4230576 498 6 7 7
241 4230576 498 9 10 261
242 4230576 498 7 4 50
243 4317903 507 2 5 199
244 4317903 507 3 9 21
245 4344640 510 7 7 2681
246 4344640 510 6 10 29
247 4415869 513 4 8 1009
248 4415869 513 3 1 10
249 4415869 513 1 6 240
250 4415869 513 1 1 5
251 4415869 513 6 6 80
252 4415869 513 4 7 11
253 4415869 513 9 10 2
254 4415869 513 2 7 5
255 4447799 530 3 10 50
256 4450712 533 9 4 779
257 4462637 535 2 1 59
258 4463903 536 3 6 467
259 4465703 537 7 10 11
260 4465703 537 2 10 22
261 4465703 537 9 10 88
262 4469860 540 7 7 98
263 4484643 542 1 9 38
264 4486250 545 0 6 7157
265 4524005 551 0 1 26
266 4653197 555 2 5 1
267 4653197 555 6 6 23
268 4653197 555 6 7 3
269 4653197 555 3 2 876
270 4653197 555 0 8 7
271 4653197 555 3 10 1
272 4653197 555 0 9 2
273 4653197 555 2 10 32
274 4653197 555 5 2 876
275 4653197 555 9 5 1
276 4653197 555 7 6 47
277 4698172 556 5 4 4
278 4741713 562 10 1 15233
279 4753631 563 10 10 127
280 4763775 568 8 2 137
281 4812217 569 1 1 16
282 4812217 569 2 6 1
283 4867663 578 6 8 233
284 4901066 583 6 3 83
285 4901066 583 6 4 5985
286 4912018 588 4 9 111
287 4928022 595 2 9 194
288 4929385 597 7 4 43
289 4970566 602 6 5 30
290 4970566 602 6 0 4869
291 4970566 602 6 1 81
292 4986833 606 10 8 31
293 5002056 611 2 2 8
294 5110164 612 6 0 71
295 5110164 612 5 4 80
296 5110164 612 6 3 1
297 5110164 612 7 0 71
298 5110164 612 8 3 1
299 5110164 612 3 3 1
300 5110164 612 4 8 17
301 5110164 612 3 4 26
302 5119253 613 3 8 94
303 5221376 616 7 9 2
304 5221376 616 9 3 20
305 5221376 616 6 2 1
306 5221376 616 7 7 200
307 5221376 616 1 6 36
308 5221376 616 4 2 11
309 5221376 616 5 6 72
310 5241897 624 8 5 2839
311 5242771 625 2 0 34
312 5281675 631 7 5 232
313 5307209 633 5 2 6
314 5307209 633 5 8 159
315 5331795 638 4 1 10
316 5396213 644 3 10 1
317 5396213 644 2 9 27
318 5396213 644 0 0 25
319 5396213 644 5 0 8
320 5403594 653 7 10 4838
321 5416996 661 4 0 26
322 5427724 670 5 9 92
323 5512887 671 6 7 1
324 5512887 671 5 1 715
325 5512887 671 1 9 17
326 5548918 681 5 4 1319
327 5617261 683 6 5 1
328 5617261 683 2 4 1277
329 5617261 683 0 5 12
330 5637471 689 8 4 318
331 5672494 690 8 10 16
332 5672494 690 4 2 11
333 5672494 690 4 10 4
334 5672494 690 0 8 150
335 5702471 692 10 7 4345
336 5847249 695 5 9 214
337 5847249 695 5 3 4
338 5847249 695 8 1 3
339 5847249 695 9 7 1
340 5847249 695 3 9 214
341 5847249 695 10 5 7
342 5847249 695 3 3 4
343 5847249 695 7 10 5
344 5847249 695 8 7 8
345 5847249 695 0 2 793
346 5848816 696 4 9 362
347 5883575 698 10 3 1526
348 5899895 701 10 2 7
349 5899895 701 2 9 1
350 5926372 702 4 2 28
351 5926372 702 4 10 74
352 5953093 703 9 1 49
353 5953093 703 2 0 74
354 5953093 703 2 3 37
355 6045875 718 0 0 1
356 6045875 718 7 5 3430
357 6045875 718 0 7 5
358 6069720 723 3 9 11
359 6069720 723 6 9 23
360 6069720 723 6 2 3584
361 6069720 723 3 6 66
362 6069720 723 6 4 174
363 6092524 729 1 6 6073
364 6127121 732 0 0 3
365 6127121 732 9 3 7
366 6158275 735 6 2 5
367 6158275 735 9 8 70
368 6251668 741 8 6 2
369 6251668 741 10 0 1634
370 6251668 741 9 5 11
371 6251668 741 2 4 66
372 6251668 741 1 9 119
373 6253826 743 2 8 31
374 6265289 744 6 8 1133
375 6265553 745 3 10 118
376 6268186 748 5 8 56
377 6342904 751 8 2 2628
378 6342904 751 0 2 119
379 6342904 751 3 7 14
380 6342904 751 8 1 30
381 6342904 751 6 10 17
382 6342904 751 10 3 242
383 6342904 751 1 8 1
384 6342904 751 3 6 55
385 6354318 752 0 1 8
386 6370464 755 9 1 352
387 6370464 755 9 9 56
388 6387940 757 5 1 77
389 6438547 766 8 10 106
390 6491554 778 8 9 7
391 6518439 791 7 1 1
392 6546535 804 4 8 8560
393 6574027 817 9 3 1577
394 6700820 822 0 9 1
395 6700820 822 4 5 52
396 6700820 822 8 2 3
397 6700820 822 5 2 3
398 6700820 822 9 9 1
399 6799086 823 2 0 8
400 6799086 823 5 9 1
401 6799086 823 10 6 7637
402 6799086 823 2 10 1
403 6799086 823 2 9 1
404 6830230 825 1 8 63
405 6830230 825 10 2 54
406 6884926 834 1 5 908
407 6885981 836 1 3 86
408 6909950 843 9 3 39
409 6926943 846 5 3 96
410 6928665 849 7 10 39
411 6929201 850 9 6 662
412 6939043 856 4 4 30
413 6949990 857 9 7 83
414 6960722 859 6 1 2
415 7047713 864 2 0 1809
416 7047713 864 5 7 1
417 7065532 871 5 8 758
418 7069924 872 2 6 11
419 7082662 874 2 10 51
420 7082662 874 2 7 312
421 7088971 875 2 7 9
422 7088971 875 3 7 9
423 7091243 876 4 3 37
424 7091677 877 10 6 24
425 7155306 886 4 6 555
426 7219027 894 0 5 1
427 7219027 894 0 2 11
428 7219027 894 6 7 54
429 7219027 894 0 8 1
430 7222656 895 5 9 36
431 7250275 896 1 10 33
432 7250275 896 4 2 38
433 7250275 896 9 9 30
434 7265135 899 6 6 12658
435 7273615 901 6 2 30
436 7289703 903 1 1 7
437 7322134 907 2 10 6
438 7322134 907 4 2 821
439 7332719 909 9 0 5739
440 7343384 911 2 0 682
441 7355247 913 1 2 19
442 7381980 921 8 1 88
443 7535600 929 8 1 1
444 7535600 929 0 10 1
445 7535600 929 6 9 28
446 7535600 929 8 5 227
447 7535600 929 4 3 3
448 7535600 929 6 5 227
449 7535600 929 9 10 2
450 7535600 929 8 8 9
451 7535600 929 9 6 381
452 7535600 929 10 5 227
453 7535600 929 4 10 1
454 7535600 929 7 6 54
455 7535600 929 3 7 2
456 7535600 929 0 7 2
457 7535600 929 9 7 4
458 7607970 930 8 7 10
459 7607970 930 3 2 29
460 7607970 930 4 8 309
461 7607970 930 10 0 7476
462 7673326 931 4 3 49
463 7673326 931 4 1 10
464 7673326 931 3 4 2727
465 7673326 931 10 0 3169
466 7673326 931 1 4 909
467 7716573 932 4 9 4
468 7716573 932 6 10 47
469 7720992 934 3 7 45
470 7723991 935 6 1 1573
471 7743090 940 0 3 11398
472 7858979 941 10 1 288
473 7858979 941 6 1 96
474 7858979 941 3 0 5
475 7858979 941 3 7 2
476 7858979 941 8 10 18
477 7858979 941 9 5 13
478 7858979 941 8 5 13
479 7858979 941 10 8 1
480 7858979 941 7 0 16
481 7915344 959 10 1 1320
482 7927348 961 5 5 343
483 8013149 967 6 7 243
484 8013149 967 0 7 243
485 8013149 967 4 9 9
486 8013149 967 1 9 9
487 8013149 967 0 3 4
488 8013149 967 6 6 3080
489 8038865 972 10 2 558
490 8038865 972 10 1 225
491 8038865 972 10 6 244
492 8038865 972 10 8 28
493 8060874 973 2 1 4
494 8067264 977 2 2 5970
495 8074998 979 0 1 41
496 8074998 979 6 1 290
497 8087554 987 7 9 42
498 8103636 993 4 0 4812
499 8128876 997 6 3 22
