11 232 500
0 20086 0 1 0 2
1 20086 0 1 4 103
2 76661 3 5 3 126
3 76661 3 9 1 84
4 140131 9 7 1 19
5 150829 11 0 9 88
6 196720 13 10 4 340
7 196720 13 6 4 340
8 196720 13 5 4 340
9 196720 13 10 5 13
10 257362 17 10 3 93
11 257362 17 1 8 1
12 257362 17 6 1 88
13 257362 17 2 3 46
14 268524 18 1 2 19
15 302093 21 3 1 17
16 302093 21 4 9 47
17 302093 21 3 2 1009
18 326204 27 0 0 1040
19 355568 29 2 8 170
20 355568 29 10 9 5
21 358305 30 2 6 11
22 434143 44 1 9 19650
23 434143 44 1 10 3951
24 434143 44 1 5 455
25 436036 45 5 6 2127
26 438931 48 10 8 53
27 453236 50 9 0 44
28 453236 50 1 3 14
29 573461 51 7 7 5
30 573461 51 0 4 15
31 573461 51 7 4 15
32 573461 51 2 6 1
33 587318 58 1 2 7830
34 647077 59 5 7 26
35 647077 59 1 2 204
36 647077 59 1 10 3
37 647077 59 8 2 204
38 647077 59 2 3 5
39 726255 72 6 7 60
40 802181 75 7 3 168
41 802181 75 4 7 4
42 922297 84 2 4 5
43 922297 84 2 7 21
44 922297 84 10 0 7
45 922297 84 3 8 1
46 922297 84 2 9 84
47 922570 85 9 6 404
48 929452 88 1 6 30
49 993753 97 2 9 3687
50 1049429 99 0 2 19
51 1144860 102 2 2 483
52 1144860 102 5 2 483
53 1144860 102 10 4 8
54 1144860 102 7 7 1
55 1144860 102 8 1 91
56 1144860 102 5 6 1
57 1144860 102 0 0 35
58 1144860 102 2 3 17
59 1144860 102 6 2 483
60 1144860 102 0 10 21
61 1153977 103 0 5 6
62 1208293 108 3 2 1
63 1208293 108 4 5 90
64 1214119 110 3 0 197
65 1231699 116 2 2 161
66 1257564 118 1 5 301
67 1297852 127 0 8 19017
68 1297852 127 0 3 27
69 1297852 127 0 4 115
70 1299270 128 2 0 5
71 1313353 132 8 1 6
72 1346658 136 8 5 496
73 1346658 136 1 1 31
74 1346658 136 1 8 15
75 1423494 137 3 0 8
76 1423494 137 8 8 9
77 1423494 137 9 8 4
78 1423494 137 5 2 21
79 1446998 143 0 5 3991
80 1446998 143 0 6 85
81 1446998 143 0 0 349
82 1446998 143 0 2 200
83 1467509 146 8 8 999
84 1468389 147 9 6 19051
85 1484589 150 2 9 28
86 1572126 154 0 1 5
87 1572126 154 9 4 10
88 1572126 154 0 8 196
89 1572126 154 2 0 2
90 1572126 154 3 4 10
91 1577640 157 4 4 87
92 1670487 160 4 6 5
93 1670487 160 7 3 137
94 1670487 160 1 7 1
95 1673838 161 0 8 17
96 1703895 162 2 10 75
97 1703895 162 10 6 14
98 1721455 167 2 5 23577
99 1738721 171 4 8 604
100 1747416 173 4 2 87
101 1762903 174 2 3 36
102 1764958 176 6 9 8
103 1795930 177 3 3 2171
104 1821533 189 1 7 16203
105 1916304 198 7 9 7
106 1916304 198 0 0 5
107 1924485 202 3 3 146
108 1984590 210 1 3 1
109 1984590 210 0 3 1
110 1991307 216 9 5 2
111 2022384 228 9 2 15
112 2057166 229 0 9 74
113 2057166 229 2 3 28
114 2180650 233 4 2 8
115 2180650 233 4 8 5
116 2180650 233 7 2 17
117 2180650 233 9 2 4
118 2217168 237 4 9 11
119 2230980 239 2 1 9
120 2314813 241 1 1 18
121 2314813 241 4 10 1014
122 2314813 241 3 10 4056
123 2314813 241 7 2 3905
124 2314813 241 9 8 23
125 2378464 259 2 1 1783
126 2378464 259 4 7 25
127 2378464 259 5 5 85
128 2378464 259 1 10 622
129 2378635 260 0 8 471
130 2471022 262 2 4 9
131 2471022 262 2 6 8
132 2471022 262 8 10 55
133 2534155 282 8 4 326
134 2534215 283 5 1 81
135 2693361 287 7 5 2
136 2693361 287 2 10 30
137 2693361 287 1 7 807
138 2693361 287 2 9 1
139 2693361 287 4 1 3
140 2693361 287 6 1 15
141 2693361 287 0 4 1
142 2693361 287 0 10 7
143 2693361 287 1 1 3
144 2693361 287 10 3 5
145 2747779 291 5 0 3
146 2747779 291 9 5 25
147 2747779 291 2 7 111
148 2832031 298 1 9 8
149 2894229 303 2 1 25
150 2894229 303 1 7 3
151 2894229 303 2 9 204
152 2894229 303 3 6 5173
153 2928569 304 3 0 17
154 2928569 304 3 3 9291
155 2935197 305 7 7 38
156 2938378 307 5 4 3332
157 2955500 310 0 7 73
158 3047270 317 3 9 5
159 3047270 317 1 2 3961
160 3075483 324 3 10 24
161 3075483 324 1 5 7
162 3084935 327 2 1 180
163 3119517 328 0 0 1
164 3119517 328 9 0 4
165 3153996 337 4 8 4762
166 3218108 342 9 4 133
167 3237067 349 8 6 1136
168 3254822 353 0 9 9
169 3254822 353 0 7 193
170 3254822 353 0 5 7115
171 3264610 358 0 4 7138
172 3289495 365 9 3 670
173 3317303 369 6 5 186
174 3317303 369 6 0 34
175 3351144 370 8 3 10
176 3351144 370 9 5 1
177 3358648 376 9 10 108
178 3424062 388 7 5 19
179 3505570 390 3 9 174
180 3505570 390 7 5 20
181 3505570 390 7 9 1924
182 3505570 390 7 0 14
183 3505570 390 0 9 349
184 3638397 395 9 10 10
185 3638397 395 7 8 33
186 3638397 395 8 3 10
187 3638397 395 10 7 1
188 3645537 396 9 1 405
189 3692224 402 9 8 34
190 3692224 402 9 6 88
191 3720032 407 2 1 9
192 3790047 409 2 10 15
193 3790047 409 6 10 15
194 3790047 409 10 5 797
195 3790047 409 6 7 1
196 3790047 409 8 9 15
197 3790047 409 5 0 528
198 3836149 419 3 8 77
199 3873611 424 7 3 5146
200 3998297 428 2 7 1
201 3998297 428 2 9 5
202 3998297 428 8 4 21
203 3998297 428 7 1 110959
204 3998297 428 7 6 2
205 3998297 428 9 8 2
206 3998297 428 6 6 1
207 3998297 428 5 2 1
208 4068211 430 3 1 3154
209 4096383 442 6 1 1280
210 4101706 443 6 8 4
211 4110367 445 10 0 208
212 4183442 457 5 10 5
213 4183442 457 0 9 13
214 4183442 457 4 5 32
215 4183442 457 10 0 8
216 4183442 457 8 7 1
217 4209906 460 1 6 9
218 4209906 460 1 2 8
219 4263971 461 6 6 122
220 4263971 461 0 2 5
221 4263971 461 1 8 9
222 4440816 466 5 10 4
223 4440816 466 7 6 28
224 4440816 466 0 2 50
225 4440816 466 9 5 1
226 4440816 466 5 9 4
227 4440816 466 10 9 4
228 4440816 466 9 10 12
229 4440816 466 6 3 1801
230 4494276 468 7 4 34
231 4506492 471 7 10 923
232 4506492 471 4 10 7385
233 4518248 472 4 0 7
234 4565760 473 3 5 204
235 4565760 473 7 9 2
236 4565760 473 4 9 2
237 4712890 475 0 1 6
238 4712890 475 0 5 2
239 4712890 475 1 3 23
240 4712890 475 9 1 6
241 4712890 475 8 7 4
242 4712890 475 10 4 2
243 4712890 475 9 4 1
244 4712890 475 2 9 5
245 4712890 475 10 10 5
246 4712890 475 8 1 3
247 4712890 475 8 5 2
248 4714399 476 8 10 15
249 4728746 477 2 6 69
250 4739942 479 9 9 1
251 4759834 486 6 1 461
252 4759834 486 6 3 91
253 4786586 489 0 0 785
254 4790943 491 10 10 39
255 4799249 496 10 3 2626
256 4935673 498 2 9 1
257 4935673 498 4 1 17
258 4935673 498 1 4 50
259 4935673 498 8 6 1
260 4935673 498 7 8 514
261 4935673 498 6 4 50
262 4935673 498 3 8 514
263 4935673 498 0 4 50
264 4935673 498 10 2 4
265 4935673 498 1 0 10
266 4935673 498 7 3 9
267 4935673 498 10 6 1
268 4947111 499 7 10 10
269 4958136 504 10 3 26
270 5037553 507 4 2 120
271 5037553 507 9 4 1429
272 5037553 507 6 3 7
273 5037553 507 10 4 1429
274 5037553 507 5 1 2
275 5037553 507 3 0 15
276 5151847 513 5 2 6
277 5151847 513 7 4 200
278 5169967 518 9 8 52
279 5188171 529 2 9 374
280 5191016 531 3 0 195
281 5191092 532 9 9 7164
282 5194724 534 3 4 114
283 5206410 535 0 7 12
284 5232084 542 1 4 16
285 5245360 547 4 1 2357
286 5248346 549 5 5 264
287 5278006 551 4 1 3
288 5278006 551 3 6 60
289 5428730 555 3 0 2
290 5428730 555 6 7 3
291 5428730 555 8 5 13
292 5428730 555 3 8 22
293 5481200 556 9 0 1
294 5508161 558 1 6 81
295 5508161 558 1 0 204
296 5531998 562 10 9 2695
297 5549928 564 4 9 23
298 5614253 569 3 7 8
299 5614253 569 5 7 1
300 5614253 569 7 1 1
301 5614253 569 3 0 26
302 5614253 569 5 3 1
303 5615627 571 1 7 32
304 5620933 573 10 5 50
305 5671334 576 6 6 9
306 5671334 576 0 1 1
307 5671334 576 1 0 51
308 5671334 576 1 1 1
309 5682803 581 6 9 62
310 5705021 582 4 9 88
311 5717911 583 6 6 89
312 5730688 588 4 9 111
313 5758832 600 3 8 66
314 5798994 602 8 9 57
315 5800676 604 9 6 322
316 5817971 606 10 0 183
317 5835732 611 8 2 17
318 5961858 612 9 8 8
319 5961858 612 8 6 1
320 5961858 612 9 9 8
321 5961858 612 4 9 1
322 5961858 612 4 7 2539
323 5961858 612 3 7 5079
324 5972774 614 6 5 252
325 6091605 616 8 4 1
326 6091605 616 9 0 494
327 6091605 616 6 4 1
328 6116567 625 4 0 34
329 6149171 628 1 3 228
330 6149869 629 5 8 164
331 6197418 634 7 6 15150
332 6197418 634 7 5 82
333 6197418 634 7 0 1249
334 6204769 635 5 7 192
335 6204769 635 5 8 1373
336 6220427 638 4 1 10
337 6295582 644 10 6 1
338 6295582 644 1 8 1817
339 6295582 644 7 5 10
340 6302459 650 10 10 29
341 6431702 671 3 0 3
342 6431702 671 6 2 6
343 6431702 671 8 0 7
344 6431702 671 2 3 123
345 6431702 671 8 8 5
346 6431702 671 1 7 1
347 6431702 671 8 7 1
348 6451736 675 2 10 205
349 6451736 675 2 9 21
350 6473737 681 3 4 2639
351 6473794 682 10 7 108
352 6553471 683 9 6 10
353 6553471 683 2 1 25
354 6553471 683 10 0 1
355 6553471 683 2 4 1277
356 6553471 683 8 6 10
357 6577050 689 8 10 1
358 6577050 689 8 4 318
359 6617910 690 4 9 17
360 6617910 690 0 8 150
361 6821790 695 10 0 21
362 6821790 695 10 10 1
363 6821790 695 5 5 7
364 6821790 695 7 6 2
365 6821790 695 5 6 1
366 6821790 695 6 5 49
367 6821790 695 4 9 429
368 6821790 695 5 0 21
369 6823619 696 4 9 362
370 6828217 697 1 6 1569
371 6864170 698 10 8 312
372 6883211 701 8 9 1
373 6883211 701 1 2 3
374 6914100 702 4 4 649
375 6914100 702 3 5 112
376 6945275 703 9 9 325
377 6945275 703 9 0 37
378 6945275 703 2 7 1370
379 6971565 710 3 2 96
380 6983123 712 10 4 49
381 6983123 712 2 4 49
382 7053521 718 3 10 5
383 7053521 718 0 5 87
384 7053521 718 5 9 11729
385 7081340 723 6 6 66
386 7081340 723 3 1 113
387 7105841 727 10 0 769
388 7105841 727 8 0 769
389 7148308 732 9 5 52
390 7184654 735 9 9 40
391 7184654 735 9 0 35
392 7196209 737 9 0 44
393 7293613 741 4 8 1
394 7309504 744 6 8 1133
395 7326701 749 2 7 20
396 7327678 750 9 3 49
397 7400055 751 9 2 119
398 7452597 757 7 5 578
399 7452597 757 8 5 578
400 7511638 766 3 4 16
401 7511638 766 10 3 1
402 7543944 768 8 1 41
403 7543944 768 8 9 704
404 7573480 778 4 9 7
405 7573480 778 2 9 7
406 7583029 780 3 1 117
407 7584246 781 0 3 77
408 7588081 782 8 4 1
409 7598272 787 2 4 78
410 7602202 789 3 2 30
411 7620927 798 4 2 46
412 7622427 801 9 6 20
413 7651108 814 1 3 170
414 7669698 817 7 3 1577
415 7817623 822 3 7 414
416 7817623 822 9 3 1
417 7817623 822 0 1 1
418 7817623 822 1 2 9
419 7817623 822 9 7 138
420 7932267 823 9 9 1
421 7932267 823 8 5 1198
422 7932267 823 10 2 12
423 7932267 823 1 5 4195
424 7932267 823 9 1 1938
425 7932267 823 10 7 751
426 7968602 825 10 2 54
427 7968602 825 4 2 27
428 7989207 830 1 1 74
429 7989207 830 8 5 5
430 7989207 830 2 2 63
431 8108322 857 9 7 83
432 8120842 859 6 2 342
433 8120842 859 6 1 2
434 8222332 864 1 4 5
435 8222332 864 1 8 226
436 8222332 864 0 6 8
437 8222332 864 6 9 70
438 8222332 864 10 8 113
439 8222332 864 5 7 1
440 8228586 868 10 6 201
441 8248245 872 2 6 11
442 8284135 881 2 2 561
443 8284135 881 10 2 1685
444 8347857 886 2 1 33
445 8422198 894 6 9 71
446 8422198 894 2 4 56
447 8422198 894 4 8 1
448 8458654 896 3 0 1968
449 8458654 896 1 3 1586
450 8458654 896 2 2 38
451 8485884 901 3 2 517
452 8542490 907 2 0 36
453 8542490 907 2 2 1642
454 8581122 913 6 2 19
455 8791533 929 4 9 8
456 8791533 929 3 9 4
457 8791533 929 8 3 169
458 8791533 929 0 4 878
459 8791533 929 10 9 4
460 8791533 929 0 3 6
461 8791533 929 8 0 25
462 8791533 929 6 0 655
463 8791533 929 5 6 54
464 8875965 930 7 1 14
465 8875965 930 3 7 10
466 8875965 930 1 9 71
467 8875965 930 6 4 15609
468 8875965 930 7 7 73
469 8875965 930 6 10 1367
470 8952214 931 8 0 1056
471 8952214 931 3 5 4188
472 8952214 931 0 4 909
473 8952214 931 1 10 901
474 8952214 931 8 7 45
475 8952214 931 7 8 4
476 8952214 931 6 2 1607
477 8952214 931 5 1 10
478 9011323 935 0 1 1573
479 9025462 939 2 8 14263
480 9033605 940 0 8 217
481 9168808 941 9 3 1
482 9168808 941 6 5 388
483 9168808 941 0 4 3
484 9168808 941 8 3 1
485 9168808 941 6 10 18
486 9168808 941 5 4 1
487 9168808 941 3 3 2
488 9174409 946 8 9 37
489 9187447 948 6 7 18
490 9348674 967 6 3 8
491 9348674 967 1 3 4
492 9348674 967 7 4 14
493 9348674 967 5 6 3080
494 9404353 973 0 9 112
495 9404353 973 0 3 3
496 9404353 973 2 3 1
497 9425752 980 10 10 306
498 9425795 981 1 6 406
499 9492169 998 5 3 1030
