11 244 500
0 140131 9 1 0 14
1 140131 9 7 2 19
2 196720 13 1 4 340
3 196720 13 5 5 13
4 196720 13 6 10 99
5 257362 17 1 5 16
6 302093 21 4 7 86
7 313998 26 0 8 2366
8 355568 29 10 7 2267
9 355568 29 2 8 170
10 355568 29 10 8 170
11 355568 29 2 10 58
12 371512 36 3 4 53
13 401775 38 10 1 381
14 407844 39 6 5 20
15 424333 41 10 10 49
16 434143 44 1 8 59
17 434143 44 1 0 118
18 434143 44 1 1 36
19 436036 45 0 6 3190
20 453236 50 2 3 14
21 573461 51 0 10 1
22 573461 51 8 8 1
23 573461 51 10 4 15
24 573461 51 5 8 1
25 647077 59 5 2 102
26 647077 59 2 10 3
27 647077 59 1 10 3
28 647077 59 1 4 1
29 647077 59 8 0 4
30 681309 66 0 8 966
31 686535 68 10 4 23
32 686535 68 3 4 3
33 802181 75 1 5 231
34 802181 75 6 0 11
35 802181 75 6 5 231
36 802181 75 7 8 1
37 922297 84 2 0 15
38 922297 84 3 7 21
39 922297 84 7 0 7
40 922297 84 3 2 308
41 922297 84 2 5 71
42 922297 84 10 9 1
43 922297 84 7 4 5
44 922297 84 3 5 4
45 947231 89 7 10 53
46 973763 94 2 5 756
47 1049429 99 7 7 12
48 1144860 102 0 2 483
49 1144860 102 4 7 1
50 1161524 104 4 9 60
51 1208293 108 6 2 1
52 1214119 110 3 6 59
53 1231699 116 2 0 61
54 1231699 116 2 2 161
55 1257564 118 1 5 301
56 1260750 121 4 1 48
57 1262060 122 0 1 98
58 1297852 127 0 6 358
59 1346658 136 8 3 215
60 1423494 137 10 8 34
61 1423494 137 8 10 668
62 1446998 143 0 10 7810
63 1446998 143 0 3 45
64 1484589 150 2 4 17932
65 1572126 154 9 2 6235
66 1572126 154 4 0 4
67 1572126 154 2 4 10
68 1670487 160 7 2 421
69 1670487 160 8 1 17
70 1670487 160 1 3 2
71 1670487 160 1 6 2
72 1670487 160 4 0 11
73 1670487 160 3 9 4
74 1670487 160 0 3 5
75 1673838 161 10 8 1
76 1703895 162 2 3 191
77 1703895 162 7 6 44
78 1703895 162 7 0 3799
79 1703895 162 7 7 675
80 1703895 162 6 4 92
81 1703895 162 0 4 30
82 1707306 164 6 8 11399
83 1719626 165 4 4 14
84 1719626 165 1 5 110
85 1725043 168 5 2 15
86 1738721 171 4 8 604
87 1795930 177 0 2 189
88 1795930 177 0 0 89
89 1797418 178 7 0 104
90 1819847 188 4 10 27
91 1840517 192 3 6 110
92 1916304 198 5 0 5
93 1916304 198 1 0 10
94 1916304 198 8 4 2
95 1949343 205 0 3 62
96 1984590 210 5 3 7
97 1984590 210 3 3 1
98 1998577 217 8 5 78
99 2005050 221 8 7 220
100 2022384 228 3 2 31
101 2057166 229 6 1 1
102 2057166 229 0 1 1
103 2057166 229 6 7 9
104 2057166 229 2 7 9
105 2099189 230 0 7 226
106 2099189 230 0 5 11
107 2180650 233 0 5 1
108 2180650 233 0 6 26
109 2180650 233 10 3 12
110 2219054 238 3 7 58456
111 2314813 241 3 10 4056
112 2314813 241 4 8 1
113 2314813 241 7 7 6
114 2314813 241 4 9 1226
115 2314813 241 6 7 6
116 2314813 241 9 1 6
117 2335820 256 4 0 18
118 2471022 262 2 10 12
119 2471022 262 4 0 69
120 2471022 262 9 9 15
121 2515653 274 8 9 85
122 2547392 285 4 9 314
123 2693361 287 3 7 807
124 2693361 287 0 1 6
125 2693361 287 3 3 23
126 2693361 287 3 0 5
127 2693361 287 0 0 3
128 2693361 287 4 5 2
129 2693361 287 1 6 48
130 2747779 291 1 9 1096
131 2747779 291 3 6 409
132 2747779 291 5 7 111
133 2747779 291 6 0 3
134 2747779 291 8 6 409
135 2797661 292 4 10 1
136 2797661 292 10 6 39
137 2839506 302 2 8 113
138 2894229 303 0 0 3
139 2928569 304 3 4 11
140 2936545 306 7 9 19562
141 2938378 307 5 4 3332
142 3047270 317 8 10 110
143 3047270 317 2 9 16
144 3047270 317 9 10 55
145 3047270 317 8 3 382
146 3047270 317 10 9 27
147 3075483 324 2 5 510
148 3132290 330 0 3 9862
149 3134495 334 6 9 105
150 3142764 335 1 6 179
151 3177098 339 10 2 2880
152 3177098 339 1 5 856
153 3212124 340 5 2 3
154 3212124 340 5 8 451
155 3222406 344 4 7 106
156 3227544 345 7 3 13
157 3288440 363 4 4 31
158 3317303 369 3 3 18
159 3351144 370 5 5 5
160 3351144 370 4 8 3
161 3351144 370 0 5 1
162 3389550 384 6 2 220
163 3396064 386 9 3 488
164 3400830 387 9 9 1
165 3424062 388 0 3 9366
166 3424062 388 7 10 17
167 3505570 390 6 10 1
168 3505570 390 3 10 26
169 3505570 390 1 0 29
170 3505570 390 4 9 174
171 3534628 392 10 2 117
172 3638397 395 10 3 10
173 3638397 395 0 7 1
174 3638397 395 7 0 440
175 3638397 395 10 6 13
176 3650771 399 5 7 15502
177 3790047 409 10 6 11
178 3790047 409 5 5 797
179 3790047 409 1 6 1
180 3790047 409 2 9 45
181 3790047 409 1 5 797
182 3790047 409 2 6 1
183 3790047 409 1 1 1084
184 3793314 410 6 3 1
185 3796872 411 9 4 206
186 3828116 413 2 0 144
187 3828116 413 9 3 3
188 3828116 413 9 9 16
189 3842711 420 7 8 9
190 3843507 421 5 9 27455
191 3876207 425 10 3 34
192 3998297 428 3 2 2
193 3998297 428 6 9 1
194 3998297 428 9 2 2
195 3998297 428 5 10 4
196 3998297 428 2 10 25
197 3998297 428 8 6 1
198 3998297 428 8 7 1
199 3998297 428 7 7 1
200 3998297 428 6 5 822
201 3998297 428 10 7 1
202 3998297 428 7 1 110959
203 3998297 428 10 6 1
204 4068211 430 0 8 2
205 4068211 430 4 1 7361
206 4068211 430 2 5 8
207 4068211 430 7 0 2
208 4068211 430 2 0 2
209 4071967 431 6 0 184
210 4094452 440 0 3 120
211 4183442 457 10 1 3
212 4183442 457 10 10 5
213 4263971 461 8 10 1
214 4263971 461 6 5 4
215 4263971 461 2 7 147
216 4263971 461 10 8 9
217 4440816 466 4 0 15
218 4440816 466 10 5 1
219 4440816 466 6 1 2
220 4440816 466 3 6 8
221 4440816 466 0 2 50
222 4440816 466 9 0 7
223 4440816 466 10 0 7
224 4440816 466 2 10 2
225 4482762 467 9 9 8
226 4482762 467 6 7 5
227 4565760 473 7 10 5
228 4712890 475 4 6 6
229 4712890 475 0 9 5
230 4712890 475 3 1 3
231 4759834 486 6 3 91
232 4786586 489 3 5 94
233 4799249 496 10 3 2626
234 4935673 498 2 2 23
235 4935673 498 5 8 514
236 4935673 498 8 0 10
237 4935673 498 7 2 9
238 4935673 498 6 2 9
239 4935673 498 8 7 7
240 4935673 498 9 10 261
241 4935673 498 6 10 13
242 4935673 498 0 3 1
243 4935673 498 7 7 29
244 4947111 499 7 2 121
245 4952615 502 2 6 191
246 4953331 503 1 1 6017
247 4958136 504 3 9 1629
248 5037553 507 4 7 72
249 5037553 507 8 6 3
250 5040528 508 5 8 38
251 5068746 510 7 5 3
252 5068746 510 6 6 71
253 5151847 513 0 6 80
254 5151847 513 3 1 10
255 5151847 513 1 8 5049
256 5168932 516 1 3 1
257 5174172 521 1 4 152
258 5189099 530 3 10 50
259 5194724 534 3 4 114
260 5206410 535 1 7 6
261 5209986 537 2 10 22
262 5213235 539 9 1 15
263 5245903 548 5 7 298
264 5248346 549 8 5 792
265 5258959 550 1 6 6
266 5278006 551 3 6 60
267 5282987 552 10 0 76
268 5428730 555 6 2 876
269 5428730 555 7 9 2
270 5428730 555 3 7 3
271 5428730 555 5 7 7
272 5428730 555 10 3 607
273 5428730 555 7 5 11
274 5428730 555 3 3 202
275 5481200 556 10 7 15
276 5493233 557 3 7 70
277 5493233 557 3 8 1648
278 5513675 560 6 0 10
279 5531998 562 10 7 2
280 5545902 563 10 2 11
281 5614253 569 0 6 5
282 5614253 569 5 3 1
283 5614253 569 1 1 16
284 5671334 576 0 1 1
285 5671334 576 6 1 1
286 5717911 583 6 0 11861
287 5721927 587 4 1 12
288 5744963 594 0 5 74
289 5750949 597 0 4 14
290 5798994 602 8 3 56
291 5798994 602 6 5 30
292 5800676 604 9 6 322
293 5817971 606 10 5 1333
294 5817971 606 10 6 184
295 5817971 606 10 1 70
296 5835732 611 1 4 39
297 5961858 612 7 9 1
298 5961858 612 7 8 8
299 5961858 612 7 5 120
300 5961858 612 4 6 1
301 5961858 612 4 10 5
302 5961858 612 10 1 6
303 5961858 612 4 8 17
304 5961858 612 2 7 2539
305 5961858 612 3 9 1
306 5961858 612 5 10 5
307 5961858 612 5 1 6
308 5961858 612 9 2 1346
309 6091605 616 10 7 200
310 6091605 616 3 4 1
311 6091605 616 10 5 1227
312 6091605 616 9 1 1
313 6091605 616 1 8 1
314 6091605 616 7 2 1
315 6115546 624 2 5 2839
316 6115546 624 3 5 14198
317 6197418 634 7 7 20
318 6204769 635 5 7 192
319 6204769 635 5 2 135
320 6295582 644 2 9 27
321 6295582 644 1 3 10
322 6295582 644 7 0 8
323 6295582 644 2 0 8
324 6301408 649 4 1 3092
325 6331335 668 5 8 15767
326 6332344 670 5 9 92
327 6431702 671 1 0 1
328 6431702 671 5 7 2
329 6451736 675 2 6 44
330 6451736 675 2 8 300
331 6553471 683 7 10 16
332 6553471 683 10 9 30
333 6553471 683 10 3 59
334 6560537 687 10 7 98
335 6560537 687 7 5 2915
336 6617910 690 4 10 4
337 6652883 692 7 4 19
338 6652883 692 2 10 12
339 6821790 695 8 10 1
340 6821790 695 0 0 42
341 6821790 695 9 7 1
342 6821790 695 7 4 1
343 6821790 695 2 5 7
344 6821790 695 1 8 1
345 6821790 695 3 5 7
346 6821790 695 8 0 21
347 6821790 695 7 6 2
348 6821790 695 5 5 7
349 6821790 695 0 6 38
350 6821790 695 3 0 21
351 6821790 695 2 10 1
352 6823619 696 4 9 362
353 6864170 698 5 3 7885
354 6883211 701 5 2 11
355 6914100 702 3 0 1187
356 6914100 702 3 1 61
357 6971565 710 3 4 1221
358 7053521 718 5 7 5
359 7053521 718 7 3 15
360 7053521 718 0 9 31
361 7053521 718 6 10 2
362 7053521 718 3 0 36
363 7053521 718 7 4 27
364 7055800 720 10 8 8567
365 7081340 723 3 0 39
366 7091971 724 6 0 16260
367 7148308 732 6 6 2
368 7184654 735 6 9 10
369 7210185 739 10 0 372
370 7293613 741 0 8 1
371 7293613 741 5 6 5
372 7293613 741 2 2 3
373 7326701 749 10 7 20
374 7400055 751 6 9 15
375 7400055 751 7 4 13
376 7400055 751 3 8 1
377 7400055 751 7 6 55
378 7400055 751 8 3 485
379 7400055 751 9 9 15
380 7400055 751 1 6 167
381 7400055 751 6 1 15
382 7432208 755 9 2 84
383 7432208 755 9 3 269
384 7452597 757 1 5 578
385 7457794 759 10 3 11
386 7511638 766 2 4 48
387 7511638 766 6 10 15
388 7511638 766 3 3 1
389 7511638 766 10 7 7
390 7511638 766 1 4 16
391 7543944 768 8 10 47
392 7559417 775 9 3 95
393 7573480 778 6 9 7
394 7573480 778 4 9 7
395 7583029 780 3 5 4
396 7605057 792 0 8 118
397 7620927 798 4 9 293
398 7637624 804 4 4 621
399 7637624 804 4 9 9
400 7643052 806 3 0 10
401 7670769 818 9 4 82
402 7676855 821 7 9 36
403 7817623 822 10 5 78
404 7817623 822 6 1 1
405 7817623 822 10 6 8
406 7817623 822 0 10 3
407 7817623 822 8 7 138
408 7817623 822 0 0 1
409 7817623 822 9 5 26
410 7817623 822 9 6 4
411 7817623 822 8 2 3
412 7817623 822 9 4 1
413 7817623 822 3 8 239
414 7932267 823 10 9 1
415 7968602 825 1 2 27
416 7968602 825 5 8 63
417 7968602 825 0 0 3
418 7989207 830 8 1 24
419 7989207 830 1 5 5
420 7989207 830 3 9 16
421 8015566 833 7 6 12731
422 8032414 834 2 5 908
423 8043543 841 10 5 4815
424 8059203 842 1 2 12
425 8066126 844 7 9 283
426 8071608 845 4 7 9
427 8081434 846 5 6 89
428 8082289 847 6 6 38995
429 8222332 864 0 0 7236
430 8222332 864 3 10 172
431 8222332 864 9 9 105
432 8232567 870 8 10 22
433 8232567 870 3 3 6
434 8248245 872 1 6 11
435 8263106 874 2 10 51
436 8270466 875 2 7 9
437 8273117 876 1 3 18
438 8347857 886 1 9 2254
439 8347857 886 8 8 20
440 8347857 886 5 6 555
441 8347857 886 8 0 29
442 8347857 886 9 5 77
443 8359121 888 10 4 103
444 8364549 891 2 8 118
445 8422198 894 8 9 35
446 8422198 894 8 4 18
447 8426432 895 3 9 18
448 8458654 896 10 2 38
449 8475991 899 6 4 32
450 8475991 899 6 0 1733
451 8486033 902 5 10 39173
452 8542490 907 2 2 1642
453 8542490 907 2 4 4
454 8554839 909 9 1 6168
455 8567282 911 1 0 682
456 8567282 911 10 0 682
457 8567282 911 5 0 682
458 8581122 913 2 2 19
459 8591645 916 7 3 49
460 8608262 919 10 1 2
461 8611220 920 2 10 8
462 8612310 921 8 1 88
463 8628574 924 10 6 1
464 8791533 929 9 4 878
465 8791533 929 3 8 4
466 8791533 929 10 0 10
467 8791533 929 2 3 13
468 8791533 929 9 0 5
469 8791533 929 1 8 4
470 8791533 929 3 5 227
471 8875965 930 4 4 13007
472 8875965 930 8 3 15
473 8952214 931 3 4 2727
474 8952214 931 8 6 8
475 8952214 931 0 6 17
476 8952214 931 3 9 2119
477 9002668 932 6 10 47
478 9002668 932 6 3 3
479 9002668 932 5 0 2
480 9007824 934 8 7 122
481 9033605 940 0 1 55
482 9168808 941 0 1 96
483 9168808 941 0 3 1
484 9168808 941 6 10 18
485 9168808 941 5 1 192
486 9168808 941 9 8 1
487 9187447 948 8 4 5
488 9234568 959 10 5 196
489 9348674 967 5 5 7
490 9348674 967 1 10 13
491 9361277 970 4 4 50
492 9361277 970 10 4 16
493 9366388 971 1 8 30
494 9378675 972 10 0 323
495 9404353 973 2 2 3
496 9404353 973 0 10 26
497 9429434 985 5 10 2635
498 9435479 987 9 9 42
499 9454242 993 4 0 4812
