11 245 500
0 40173 0 9 10 942
1 153323 3 5 8 197
2 153323 3 9 9 20
3 153323 3 9 5 5552
4 153323 3 10 2 11041
5 202904 8 10 0 624
6 280263 9 7 5 35
7 280263 9 4 7 39
8 393441 13 5 5 13
9 393441 13 8 10 297
10 406810 16 9 4 3
11 514725 17 2 2 8942
12 514725 17 3 8 6
13 514725 17 10 3 93
14 514725 17 3 7 19
15 514725 17 2 5 100
16 514725 17 0 7 2
17 537049 18 1 2 19
18 604186 21 3 3 9711
19 652409 27 0 0 1040
20 652409 27 10 0 130
21 711136 29 2 3 99
22 711136 29 2 7 377
23 711136 29 10 4 20
24 711136 29 10 6 2425
25 716611 30 0 6 11
26 778664 37 0 10 4
27 852778 42 8 0 5
28 868286 44 1 8 59
29 873241 46 5 10 186
30 906472 50 10 0 44
31 906472 50 10 4 2237
32 1146922 51 9 8 1
33 1146922 51 7 7 5
34 1146922 51 5 0 10
35 1146922 51 3 5 8
36 1294154 59 1 9 128
37 1294154 59 8 0 4
38 1294154 59 2 0 6
39 1416452 70 10 6 45
40 1452511 72 6 4 12101
41 1604362 75 10 9 1
42 1844595 84 10 3 8
43 1845141 85 8 6 404
44 1858905 88 9 6 10
45 1916565 91 3 2 550
46 2289721 102 9 2 967
47 2289721 102 10 3 5
48 2289721 102 8 2 967
49 2323049 104 4 10 38979
50 2416587 108 3 6 15
51 2428239 110 3 5 196
52 2487130 117 0 5 160
53 2515129 118 7 5 16
54 2515129 118 2 2 2
55 2515129 118 9 7 55
56 2539116 124 1 3 7
57 2595705 127 0 3 27
58 2626718 133 5 1 154
59 2693317 136 1 1 31
60 2846988 137 7 9 2136
61 2846988 137 2 2 63
62 2846988 137 3 1 38
63 2846988 137 7 4 99
64 2862469 139 8 1 504
65 2935019 146 8 4 11
66 2935019 146 3 8 333
67 2969178 150 2 2 69
68 3144252 154 0 8 196
69 3144252 154 5 8 21
70 3144252 154 0 0 4
71 3155280 157 4 4 87
72 3340975 160 3 9 4
73 3340975 160 0 4 19
74 3340975 160 0 3 5
75 3407790 162 0 10 15
76 3407790 162 10 3 382
77 3407790 162 7 6 44
78 3407790 162 8 6 14
79 3439252 165 0 5 110
80 3450086 168 7 2 30
81 3450086 168 8 2 30
82 3493285 172 4 10 18
83 3591860 177 0 5 42
84 3591860 177 3 6 172
85 3681034 192 3 1 640
86 3832609 198 7 4 2
87 3890402 203 7 9 14
88 3890402 203 8 0 228
89 3927382 209 7 5 39
90 3979221 214 0 7 47
91 3997154 217 1 4 27
92 4027597 223 2 2 68
93 4027597 223 7 9 1
94 4029829 224 3 5 91
95 4114332 229 0 1 1
96 4114332 229 6 6 27
97 4114332 229 2 5 133
98 4198378 230 3 9 29
99 4198378 230 3 6 6
100 4198378 230 0 4 78
101 4198378 230 8 3 136
102 4205062 231 8 6 2
103 4211703 232 6 5 18
104 4361300 233 10 3 12
105 4361300 233 1 6 6
106 4361300 233 5 7 1
107 4461961 239 5 1 9
108 4629627 241 1 3 1
109 4629627 241 9 7 12
110 4659394 252 1 10 17
111 4756928 259 6 3 623
112 4756928 259 1 10 622
113 4942045 262 2 2 6
114 4942045 262 8 6 43
115 4942045 262 3 8 14
116 4965197 263 9 10 1524
117 5024864 271 2 7 8
118 5031307 274 8 9 85
119 5041441 279 0 10 162
120 5044593 281 1 7 651
121 5068310 282 8 10 44
122 5094785 285 4 6 319
123 5386722 287 8 8 5
124 5386722 287 9 10 7
125 5386722 287 1 7 807
126 5386722 287 10 0 1
127 5386722 287 1 3 5
128 5386722 287 4 10 7
129 5386722 287 4 2 6
130 5386722 287 0 8 11
131 5386722 287 1 6 48
132 5495558 291 4 1 128
133 5495558 291 10 1 2688
134 5495558 291 2 7 111
135 5495558 291 0 1 128
136 5595323 292 2 10 1
137 5675550 301 2 5 59
138 5788459 303 9 6 1193
139 5788459 303 1 1 75
140 5788459 303 8 8 324
141 5857139 304 3 6 1731
142 5857139 304 3 9 58
143 5857139 304 3 7 25
144 5857139 304 2 1 7
145 5876756 307 0 4 476
146 5899662 308 6 1 147
147 5900602 309 3 0 37
148 5911001 310 0 1 221
149 5911001 310 10 7 73
150 6094541 317 7 1 42
151 6094541 317 10 4 10
152 6094541 317 10 7 1004
153 6094541 317 9 1 14
154 6094541 317 4 1 14
155 6094541 317 9 10 55
156 6094541 317 8 5 964
157 6094541 317 4 2 565
158 6150967 324 0 10 24
159 6239035 328 8 3 2
160 6239035 328 9 9 2
161 6264581 330 0 3 9862
162 6264581 330 0 7 67
163 6285529 335 1 0 231
164 6309403 338 4 5 18
165 6354196 339 9 5 95
166 6354196 339 3 7 31
167 6354196 339 10 2 2880
168 6424248 340 3 1 3
169 6461778 346 3 5 489
170 6461778 346 0 5 489
171 6474134 349 6 6 8522
172 6482118 350 8 6 14
173 6509645 353 0 3 163
174 6594087 366 7 2 23
175 6602202 368 0 7 1327
176 6634606 369 2 0 17
177 6634606 369 2 7 23
178 6634606 369 3 9 224
179 6634606 369 3 8 28
180 6702288 370 3 8 3
181 6702288 370 8 8 3
182 6702288 370 8 2 1
183 6702288 370 7 3 10
184 6702288 370 9 3 10
185 6713670 373 6 3 66
186 6770035 380 10 1 100
187 6848124 388 0 2 35
188 7011140 390 1 0 29
189 7011140 390 2 9 6824
190 7011140 390 1 3 298
191 7069256 392 5 5 1283
192 7076775 393 8 1 46
193 7276795 395 1 10 10
194 7276795 395 2 5 1065
195 7276795 395 3 5 177
196 7276795 395 9 10 10
197 7276795 395 6 4 94
198 7580094 409 8 2 3
199 7580094 409 10 1 542
200 7580094 409 6 7 1
201 7580094 409 10 6 11
202 7580094 409 6 2 3
203 7586629 410 6 3 1
204 7656233 413 9 9 16
205 7656233 413 2 1 168
206 7656233 413 9 10 29
207 7996594 428 8 5 822
208 7996594 428 0 4 1
209 7996594 428 3 9 1
210 8136422 430 10 2 18
211 8136422 430 9 1 1051
212 8136422 430 8 0 40
213 8136422 430 9 6 190
214 8136422 430 2 10 2
215 8136422 430 9 3 8
216 8136422 430 1 0 2
217 8136422 430 2 0 2
218 8243953 452 8 10 147
219 8244328 453 8 2 53
220 8366884 457 4 1 1
221 8366884 457 10 7 10
222 8366884 457 6 6 6
223 8366884 457 2 6 6
224 8366884 457 2 0 8
225 8419813 460 1 6 9
226 8419813 460 1 5 102
227 8419813 460 1 9 91
228 8527943 461 3 0 16
229 8527943 461 10 7 1
230 8527943 461 6 1 34
231 8881632 466 1 8 1
232 8881632 466 1 9 4
233 8881632 466 4 2 50
234 8881632 466 3 5 1
235 8881632 466 9 4 217
236 8881632 466 4 6 4
237 8881632 466 8 5 1
238 8965524 467 2 5 86
239 8965524 467 6 8 7
240 9036497 472 6 0 14
241 9131521 473 10 2 7
242 9425780 475 10 3 4
243 9425780 475 9 9 5
244 9425780 475 5 1 3
245 9425780 475 4 4 1
246 9457492 477 2 0 196
247 9479885 479 9 9 1
248 9490414 480 5 8 224
249 9573172 489 3 0 785
250 9573172 489 9 9 62
251 9581886 491 10 10 39
252 9871346 498 5 6 1
253 9871346 498 7 3 9
254 9871346 498 1 8 5658
255 9871346 498 5 0 10
256 9871346 498 5 4 50
257 9871346 498 2 5 526
258 10075107 507 6 3 7
259 10075107 507 2 5 199
260 10075107 507 1 0 6
261 10075107 507 8 7 145
262 10137493 510 6 0 189
263 10137493 510 7 5 3
264 10137493 510 6 1 5
265 10303694 513 8 1 5
266 10303694 513 4 3 5
267 10303694 513 7 2 42
268 10303694 513 5 6 80
269 10303694 513 9 3 5
270 10303694 513 5 4 300
271 10337864 516 3 3 1
272 10337864 516 5 3 1
273 10378199 530 3 10 50
274 10419973 537 4 10 11
275 10422280 538 0 8 23
276 10465266 544 7 5 54
277 10490720 547 4 9 79
278 10490720 547 4 10 15
279 10517918 550 3 6 6
280 10556012 551 9 1 7
281 10556012 551 3 6 60
282 10857461 555 4 7 60
283 10857461 555 5 7 7
284 10857461 555 1 5 1
285 10857461 555 1 6 23
286 10857461 555 10 8 7
287 10857461 555 3 6 47
288 10962401 556 0 7 15
289 10986467 557 3 4 51
290 11027350 560 10 2 45
291 11228506 569 3 7 8
292 11228506 569 1 1 16
293 11228506 569 5 5 1
294 11256678 575 6 8 15
295 11342668 576 6 6 9
296 11342668 576 0 1 1
297 11357880 578 6 0 132
298 11410042 582 4 1 20340
299 11435822 583 6 4 5985
300 11461376 588 4 7 10
301 11461811 589 4 5 342
302 11481578 591 7 1 1
303 11517665 600 3 8 66
304 11597988 602 6 2 848
305 11635943 606 10 9 101
306 11923717 612 5 9 1
307 11923717 612 10 8 26
308 11923717 612 7 4 26
309 11923717 612 2 1 16
310 11923717 612 10 0 142
311 11923717 612 1 0 71
312 11923717 612 9 2 1346
313 11923717 612 2 4 80
314 11923717 612 1 3 1
315 11923717 612 9 8 8
316 11944924 613 3 4 36562
317 11944924 613 3 7 12697
318 11944924 613 3 3 19596
319 11949753 615 2 7 39103
320 12183210 616 3 2 3
321 12183210 616 5 10 854
322 12183210 616 3 9 11
323 12183210 616 9 10 1709
324 12183210 616 7 3 20
325 12187755 617 3 9 85
326 12231093 624 1 5 2839
327 12264573 626 2 9 226
328 12409539 635 5 4 37
329 12424754 637 0 10 8
330 12591165 644 3 0 8
331 12601214 647 1 3 1338
332 12604918 650 10 10 29
333 12604918 650 7 10 29
334 12609456 654 7 5 44
335 12662670 668 5 1 200
336 12863405 671 7 6 8
337 12863405 671 5 1 715
338 12863405 671 10 0 1
339 12863405 671 9 4 671
340 12863405 671 7 0 14
341 13106943 683 2 2 1527
342 13106943 683 10 7 1097
343 13106943 683 8 8 5
344 13106943 683 1 3 29
345 13106943 683 2 4 1277
346 13106943 683 5 5 82
347 13106943 683 4 0 4
348 13121075 687 2 7 41
349 13154100 689 9 4 318
350 13154100 689 8 10 1
351 13235821 690 4 2 11
352 13235821 690 8 7 6335
353 13235821 690 4 3 45
354 13235821 690 0 3 90
355 13305767 692 7 10 12
356 13305767 692 6 10 51
357 13305767 692 10 0 2
358 13643581 695 10 6 2
359 13643581 695 4 6 1
360 13643581 695 1 9 214
361 13656435 697 6 6 3138
362 13656435 697 2 1 77
363 13728341 698 5 4 89
364 13728341 698 10 7 2
365 13828201 702 3 6 22
366 13890551 703 2 3 37
367 13905240 708 7 4 12039
368 14107042 718 7 1 13
369 14107042 718 7 3 15
370 14107042 718 10 4 275
371 14162680 723 3 2 3584
372 14186417 725 2 3 90
373 14211682 727 10 0 769
374 14296617 732 6 3 7
375 14296617 732 9 0 2
376 14369308 735 9 8 70
377 14587226 741 6 1 989
378 14587226 741 9 2 3
379 14587226 741 3 7 2
380 14587226 741 2 2 3
381 14587226 741 10 0 1634
382 14587226 741 7 7 2
383 14619009 744 5 8 302
384 14619009 744 7 8 75
385 14653403 749 4 4 130
386 14800111 751 8 6 55
387 14800111 751 5 3 727
388 14800111 751 4 1 46
389 14800111 751 7 4 13
390 14864416 755 9 8 92
391 14905194 757 1 5 578
392 14928115 761 8 5 91
393 15087889 768 8 5 373
394 15087889 768 0 4 59
395 15109038 773 4 10 87
396 15125261 776 6 10 137
397 15217610 797 3 10 18
398 15241854 798 4 6 33
399 15345727 819 4 3 21
400 15635247 822 8 8 239
401 15635247 822 6 10 1
402 15635247 822 10 1 1
403 15635247 822 9 10 1
404 15635247 822 0 6 4
405 15635247 822 0 10 3
406 15635247 822 4 1 1
407 15635247 822 3 6 4
408 15635247 822 8 0 1
409 15864535 823 8 0 26
410 15864535 823 2 8 5
411 15864535 823 5 0 8
412 15864535 823 3 3 4
413 15864535 823 5 7 751
414 15864535 823 1 3 13
415 15870342 824 0 10 47
416 15937204 825 1 2 27
417 15937204 825 5 5 16
418 15937758 826 2 8 28
419 15978414 830 1 5 5
420 15978414 830 0 1 24
421 16064828 834 8 10 1400
422 16162869 846 5 10 165
423 16168135 850 7 2 15
424 16241685 859 6 7 207
425 16241685 859 6 8 506
426 16241685 859 6 6 60
427 16444665 864 1 9 35
428 16444665 864 1 4 5
429 16444665 864 1 7 4
430 16486243 871 10 8 8344
431 16486243 871 5 9 3
432 16540933 875 4 7 9
433 16546234 876 10 3 37
434 16568271 881 1 2 561
435 16569131 882 9 2 223
436 16570712 883 1 6 102
437 16695714 886 5 0 59
438 16695714 886 7 2 41
439 16718242 888 10 8 196
440 16844396 894 9 1 4
441 16844396 894 5 1 19
442 16844396 894 3 3 6
443 16951983 899 6 4 32
444 16971769 901 6 2 30
445 17027782 905 10 8 95
446 17032639 906 8 8 271
447 17109679 909 9 9 226
448 17162244 913 4 2 19
449 17216524 919 8 1 1
450 17216524 919 0 1 1
451 17216524 919 10 1 2
452 17222441 920 2 10 8
453 17257148 924 0 6 1
454 17583066 929 3 9 4
455 17583066 929 4 10 1
456 17583066 929 5 3 3
457 17583066 929 2 7 2
458 17583066 929 3 4 878
459 17583066 929 8 4 1756
460 17583066 929 3 8 4
461 17583066 929 7 5 4774
462 17583066 929 5 0 2
463 17583066 929 4 1 2
464 17583066 929 9 4 878
465 17583066 929 7 7 231
466 17583066 929 2 2 8
467 17751930 930 1 5 22
468 17751930 930 8 8 309
469 17751930 930 2 7 21
470 17751930 930 3 7 10
471 17751930 930 9 0 9968
472 17751930 930 0 2 7
473 17904428 931 7 10 225
474 17904428 931 5 2 4823
475 17904428 931 1 10 901
476 18005337 932 8 4 43
477 18005337 932 4 9 4
478 18005337 932 0 10 23
479 18050925 939 9 9 59
480 18337617 941 8 7 1
481 18337617 941 4 3 4
482 18337617 941 2 7 1
483 18337617 941 2 10 18
484 18337617 941 5 1 192
485 18337617 941 4 8 1
486 18469137 959 10 9 43
487 18503623 964 2 8 204
488 18697348 967 7 6 3080
489 18697348 967 7 1 1476
490 18697348 967 1 0 9
491 18722555 970 10 4 16
492 18732776 971 1 8 30
493 18732776 971 9 8 90
494 18816597 975 6 8 1
495 18841664 979 4 8 1268
496 18874867 988 8 4 7153
497 18908484 993 4 10 91
498 18950306 994 4 5 64
499 18967378 997 0 3 22
