11 237 500
0 20086 0 1 0 2
1 76661 3 10 5 113
2 76661 3 5 9 20
3 140131 9 7 9 45
4 140131 9 1 0 14
5 140131 9 7 2 19
6 140131 9 4 0 7
7 196720 13 1 8 1
8 198319 15 3 6 109
9 257362 17 0 7 2
10 257362 17 2 3 46
11 257362 17 9 9 658
12 257362 17 1 8 1
13 257362 17 0 10 1
14 257362 17 6 9 1976
15 257362 17 7 9 658
16 257362 17 2 7 2
17 268524 18 1 9 179
18 268524 18 1 5 253
19 302093 21 4 5 18
20 308212 23 8 10 4218
21 308412 24 7 4 6073
22 401775 38 8 8 11723
23 401775 38 10 1 381
24 407844 39 4 5 6
25 411967 40 0 1 119
26 434143 44 1 10 3951
27 434143 44 1 0 118
28 453236 50 9 0 44
29 573461 51 9 0 10
30 573461 51 5 8 1
31 573461 51 9 9 1
32 573461 51 10 0 64
33 573461 51 10 9 1
34 587318 58 8 2 1566
35 647077 59 8 2 204
36 647077 59 1 8 1
37 647077 59 5 4 3
38 647077 59 8 0 4
39 802181 75 5 10 3
40 802181 75 9 10 7
41 802181 75 9 7 1
42 802181 75 10 6 14
43 802181 75 1 6 163
44 802181 75 4 4 7
45 922297 84 3 10 6
46 922297 84 6 5 4
47 922297 84 10 6 1
48 922297 84 10 10 2
49 922297 84 3 7 21
50 923067 86 7 5 3487
51 947231 89 7 3 43
52 947231 89 7 10 53
53 964999 93 7 7 13
54 978814 96 0 5 44
55 978814 96 10 5 88
56 993753 97 7 9 5530
57 1049429 99 9 10 3070
58 1144860 102 1 7 2
59 1144860 102 4 7 1
60 1144860 102 9 3 11
61 1144860 102 9 2 967
62 1161524 104 4 6 5599
63 1214119 110 3 4 18
64 1219182 114 6 9 34
65 1257564 118 4 2 2
66 1262060 122 6 1 49
67 1322609 134 8 3 3
68 1346658 136 8 10 32
69 1346658 136 1 5 496
70 1423494 137 1 0 4
71 1423494 137 8 9 6410
72 1473093 148 0 10 87
73 1473373 149 7 7 229
74 1486185 151 5 9 3
75 1572126 154 7 0 21
76 1572126 154 8 1 5
77 1572126 154 9 2 6235
78 1572126 154 2 7 642
79 1572126 154 10 8 87
80 1572126 154 10 10 1
81 1572126 154 1 6 460
82 1670487 160 5 1 1
83 1670487 160 10 5 5
84 1670487 160 3 10 17
85 1670487 160 3 5 46
86 1670487 160 6 5 11
87 1673838 161 10 8 1
88 1703895 162 5 3 574
89 1703895 162 10 10 5
90 1719626 165 4 4 14
91 1725043 168 5 2 15
92 1738440 170 3 5 103
93 1747416 173 4 2 87
94 1762903 174 9 10 9
95 1762903 174 2 3 36
96 1795930 177 0 3 10858
97 1797418 178 7 0 104
98 1818973 187 4 9 35
99 1828719 191 8 6 7153
100 1916304 198 5 4 4
101 1916304 198 10 8 11
102 1945201 203 7 1 21
103 1984590 210 5 3 7
104 1984590 210 7 3 1
105 1984590 210 2 3 1
106 1991307 216 6 5 29
107 2004936 220 0 5 2340
108 2022384 228 3 2 31
109 2057166 229 2 1 1
110 2057166 229 6 2 1233
111 2099189 230 3 9 29
112 2180650 233 2 8 5
113 2180650 233 6 3 5
114 2180650 233 1 3 4
115 2217168 237 10 6 47
116 2217168 237 4 6 47
117 2217168 237 10 4 215
118 2219054 238 3 8 83
119 2314813 241 6 2 3905
120 2314813 241 3 9 1226
121 2324070 246 10 0 30
122 2326072 248 1 4 194
123 2378464 259 7 8 2025
124 2378464 259 5 7 25
125 2378464 259 5 3 1246
126 2378464 259 2 7 25
127 2471022 262 8 10 55
128 2471022 262 3 2 6
129 2471022 262 2 3 1
130 2471022 262 4 5 1
131 2471022 262 8 9 15
132 2514996 273 6 9 4
133 2534155 282 8 3 286
134 2693361 287 1 9 3
135 2693361 287 6 2 3
136 2693361 287 2 8 5
137 2693361 287 4 1 3
138 2693361 287 9 1 53
139 2693361 287 7 4 6
140 2693361 287 6 5 4
141 2693361 287 9 3 5
142 2693361 287 2 1 3
143 2693361 287 8 5 2
144 2693361 287 7 5 2
145 2693361 287 2 4 1
146 2693361 287 6 3 11
147 2693361 287 5 6 170
148 2747779 291 8 0 6
149 2747779 291 3 0 6
150 2747779 291 2 2 6871
151 2747779 291 7 7 333
152 2797661 292 5 6 13
153 2837775 301 1 6 4864
154 2894229 303 4 7 3
155 2894229 303 0 6 397
156 2894229 303 3 9 204
157 2928569 304 2 3 929
158 2938378 307 8 4 476
159 2965086 311 6 4 133
160 2965086 311 2 10 76
161 3047270 317 9 0 4
162 3047270 317 8 7 2009
163 3047270 317 4 9 5
164 3047270 317 6 2 565
165 3052736 319 6 10 78
166 3084935 327 1 3 3434
167 3084935 327 3 1 60
168 3119517 328 1 5 297
169 3119517 328 7 0 11
170 3132290 330 0 2 201
171 3132290 330 0 3 9862
172 3153996 337 4 7 86
173 3177098 339 3 7 31
174 3177098 339 1 5 856
175 3212124 340 9 0 40
176 3212124 340 3 4 5
177 3232874 347 8 9 74
178 3255331 354 2 5 5284
179 3351144 370 9 2 1
180 3385017 380 10 7 110
181 3388629 382 4 0 30
182 3505570 390 9 5 6
183 3505570 390 1 9 174
184 3638397 395 7 5 177
185 3638397 395 8 3 10
186 3638397 395 2 4 1
187 3645537 396 3 1 405
188 3653509 400 2 6 38920
189 3692224 402 2 5 49
190 3692224 402 9 8 34
191 3692224 402 9 4 6
192 3698800 405 7 5 15
193 3790047 409 10 1 542
194 3790047 409 1 2 11
195 3790047 409 2 3 3
196 3790047 409 8 0 1056
197 3790047 409 5 10 10
198 3790047 409 2 0 528
199 3796872 411 9 4 206
200 3828116 413 2 9 66
201 3829200 414 7 9 40
202 3876207 425 10 3 34
203 3879185 427 10 2 48
204 3998297 428 8 1 7352
205 3998297 428 0 0 9
206 3998297 428 6 3 3
207 3998297 428 8 5 822
208 3998297 428 2 4 1
209 3998297 428 8 8 2
210 3998297 428 2 1 668
211 3998297 428 0 3 3
212 4068211 430 9 4 67
213 4068211 430 1 0 2
214 4094452 440 0 3 120
215 4096012 441 7 3 52
216 4101706 443 6 8 4
217 4101706 443 6 10 95
218 4101706 443 6 9 43
219 4101706 443 6 1 15
220 4106379 444 1 0 59
221 4122164 453 8 2 53
222 4183442 457 2 1 1
223 4183442 457 7 7 1
224 4183442 457 0 7 1
225 4263971 461 9 5 1
226 4263971 461 2 8 9
227 4440816 466 4 0 15
228 4440816 466 9 8 1
229 4440816 466 9 0 7
230 4440816 466 0 3 1801
231 4440816 466 8 4 217
232 4440816 466 3 8 1
233 4440816 466 10 3 1801
234 4440816 466 10 5 1
235 4482762 467 1 6 6
236 4494276 468 7 7 38
237 4494276 468 7 0 6237
238 4494276 468 7 1 79
239 4494276 468 7 3 165
240 4565760 473 9 8 52
241 4712890 475 6 10 10
242 4712890 475 7 6 37
243 4712890 475 6 1 13
244 4712890 475 6 4 1
245 4712890 475 2 9 5
246 4728746 477 2 2 17757
247 4745207 480 8 5 25
248 4750107 483 10 10 8
249 4759834 486 6 8 21916
250 4768011 487 5 0 66373
251 4768011 487 5 10 202
252 4786586 489 8 8 98
253 4935673 498 3 6 1
254 4935673 498 4 8 1028
255 4935673 498 8 7 7
256 4947111 499 7 6 4848
257 4948499 501 4 8 5123
258 5037553 507 5 2 40
259 5037553 507 4 2 120
260 5037553 507 3 3 26
261 5037553 507 10 0 3
262 5037553 507 10 6 3
263 5037553 507 2 2 28
264 5037553 507 0 0 12
265 5068746 510 7 10 87
266 5068746 510 7 5 3
267 5151847 513 10 9 20
268 5151847 513 7 0 1
269 5151847 513 2 5 862
270 5151847 513 9 9 40
271 5168932 516 8 3 12
272 5179944 526 3 2 56
273 5206410 535 7 1 59
274 5207887 536 3 6 467
275 5209986 537 4 10 11
276 5258959 550 5 6 6
277 5428730 555 10 0 4
278 5428730 555 10 6 47
279 5428730 555 5 1 95
280 5428730 555 2 5 1
281 5428730 555 6 1 191
282 5428730 555 3 5 1
283 5428730 555 2 4 829
284 5481200 556 3 0 1
285 5481200 556 5 1 2
286 5545902 563 10 4 100
287 5556747 565 1 1 233
288 5614253 569 5 10 6
289 5614253 569 4 10 73
290 5614253 569 6 10 12
291 5614253 569 3 9 2
292 5628339 575 1 8 15
293 5671334 576 1 6 4
294 5671334 576 6 3 30
295 5672813 577 0 0 2339
296 5678940 578 6 8 233
297 5678940 578 7 8 467
298 5705021 582 4 7 3007
299 5705021 582 4 10 93
300 5721927 587 4 1 12
301 5730688 588 4 3 51
302 5740789 591 2 1 1
303 5750949 597 7 4 43
304 5759302 601 6 10 6424
305 5835732 611 0 8 1981
306 5961858 612 5 7 2539
307 5961858 612 3 3 1
308 5961858 612 4 2 448
309 5961858 612 10 6 3
310 5961858 612 5 1 6
311 5961858 612 7 8 8
312 5961858 612 6 8 17
313 5961858 612 10 7 2539
314 5972462 613 3 0 119
315 6091605 616 4 6 72
316 6091605 616 7 1 1
317 6091605 616 8 9 2
318 6091605 616 3 7 200
319 6091605 616 4 10 6839
320 6091605 616 2 7 200
321 6091605 616 7 2 1
322 6091605 616 3 10 854
323 6091605 616 2 1 1
324 6093877 617 3 9 85
325 6115546 624 4 5 2839
326 6116567 625 7 0 104
327 6132286 626 2 2 106
328 6135586 627 1 4 258
329 6212377 637 7 10 8
330 6220427 638 0 7 406
331 6295582 644 8 4 4530
332 6295582 644 3 0 8
333 6295582 644 9 9 54
334 6295582 644 5 10 11
335 6295582 644 10 1 6
336 6295582 644 2 8 1817
337 6301140 648 9 2 178
338 6302459 650 0 10 58
339 6324323 666 4 3 2
340 6431702 671 6 7 1
341 6431702 671 9 6 8
342 6431702 671 8 8 5
343 6553471 683 10 3 59
344 6577050 689 6 4 636
345 6617910 690 0 1 12
346 6617910 690 8 5 4
347 6652883 692 6 5 222
348 6652883 692 2 6 43
349 6664182 693 8 7 220
350 6821790 695 2 7 1
351 6821790 695 10 3 35
352 6821790 695 5 10 1
353 6821790 695 0 1 3
354 6821790 695 1 7 1
355 6821790 695 0 6 38
356 6821790 695 4 0 21
357 6821790 695 3 2 793
358 6821790 695 0 2 793
359 6821790 695 3 10 1
360 6821790 695 2 10 1
361 6821790 695 6 1 3
362 6821790 695 3 1 11
363 6821790 695 9 3 4
364 6821790 695 2 8 1
365 6864170 698 2 3 127
366 6864170 698 2 7 2
367 6864170 698 2 6 13
368 6914100 702 3 0 1187
369 6914100 702 3 5 112
370 6914100 702 0 0 2375
371 6914100 702 4 4 649
372 6945275 703 2 0 74
373 7053521 718 1 5 87
374 7053521 718 0 9 31
375 7053521 718 0 1 39
376 7055800 720 10 8 8567
377 7081340 723 6 9 23
378 7105841 727 2 7 5
379 7112832 731 3 10 2
380 7148308 732 4 5 13
381 7148308 732 6 3 7
382 7149013 733 10 8 12
383 7184654 735 9 3 20
384 7184654 735 6 8 280
385 7293613 741 10 7 2
386 7293613 741 2 5 11
387 7293613 741 9 7 2
388 7294628 742 9 10 31
389 7309504 744 5 0 8
390 7312884 748 5 8 56
391 7326701 749 9 4 6
392 7326701 749 5 0 33
393 7400055 751 8 9 15
394 7400055 751 0 5 12
395 7400055 751 7 7 3
396 7400055 751 3 1 15
397 7432208 755 9 7 346
398 7452597 757 9 1 38
399 7467840 764 3 2 84
400 7511638 766 0 10 30
401 7543944 768 8 4 59
402 7543944 768 8 2 620
403 7573480 778 5 1 279
404 7573480 778 7 9 14
405 7583029 780 0 2 6098
406 7626063 802 5 2 4521
407 7650374 812 1 5 1916
408 7661154 815 6 9 32
409 7672863 819 7 3 21
410 7817623 822 5 2 3
411 7817623 822 9 0 4
412 7817623 822 4 8 239
413 7817623 822 7 0 1
414 7817623 822 10 1 1
415 7817623 822 10 4 25
416 7817623 822 7 6 13
417 7817623 822 10 5 78
418 7817623 822 7 3 5
419 7817623 822 4 3 1
420 7932267 823 8 3 9
421 7932267 823 8 5 1198
422 7968602 825 0 8 63
423 7989207 830 2 7 448
424 7989207 830 1 1 74
425 8032414 834 7 0 177
426 8061608 843 9 3 39
427 8087877 852 2 9 48
428 8108322 857 9 10 21849
429 8120842 859 6 10 7
430 8144614 863 6 7 8
431 8222332 864 7 2 954
432 8222332 864 2 8 113
433 8222332 864 10 9 35
434 8263106 874 2 7 312
435 8277378 880 1 7 27314
436 8347857 886 6 5 25
437 8347857 886 1 7 1
438 8347857 886 5 9 751
439 8347857 886 9 9 1503
440 8347857 886 8 8 20
441 8347857 886 10 1 11
442 8347857 886 1 6 1111
443 8347857 886 7 2 41
444 8359121 888 10 7 651
445 8422198 894 9 8 1
446 8422198 894 0 2 11
447 8422198 894 8 9 35
448 8422198 894 4 3 12
449 8422198 894 8 3 6
450 8458654 896 8 3 3173
451 8485884 901 3 2 517
452 8485884 901 7 2 30
453 8504653 903 1 5 36
454 8542490 907 4 8 14
455 8542490 907 2 2 1642
456 8554839 909 9 8 5
457 8567282 911 4 0 682
458 8612310 921 8 1 88
459 8646401 926 7 7 22675
460 8646401 926 7 8 20
461 8647605 927 7 0 85
462 8791533 929 3 0 2
463 8791533 929 5 9 4
464 8791533 929 4 5 227
465 8791533 929 0 8 4
466 8791533 929 0 4 878
467 8791533 929 4 3 3
468 8791533 929 6 10 1
469 8791533 929 4 8 4
470 8791533 929 7 10 1
471 8791533 929 3 5 227
472 8791533 929 1 1 3
473 8791533 929 7 1 18
474 8875965 930 6 4 15609
475 8875965 930 9 0 9968
476 8952214 931 0 4 909
477 8952214 931 10 9 2119
478 9002668 932 9 10 23
479 9002668 932 10 8 6
480 9002668 932 2 10 23
481 9002668 932 4 2 902
482 9025462 939 9 9 59
483 9033605 940 0 8 217
484 9033605 940 0 5 111
485 9168808 941 0 1 96
486 9168808 941 8 3 1
487 9168808 941 5 9 2610
488 9168808 941 9 9 2610
489 9168808 941 9 4 1
490 9170814 943 4 0 2
491 9215475 957 8 9 17
492 9234568 959 10 4 73
493 9234568 959 10 6 11
494 9348674 967 7 0 29
495 9348674 967 6 9 2
496 9348674 967 4 3 16
497 9404353 973 2 0 8
498 9404353 973 0 5 2131
499 9429434 985 5 10 2635
