11 238 500
0 76661 3 9 3 2654
1 76661 3 5 8 197
2 88735 4 2 0 15
3 140131 9 4 10 25
4 140131 9 4 6 70
5 140131 9 4 4 2
6 196720 13 1 9 30152
7 257362 17 2 4 12
8 257362 17 0 2 526
9 257362 17 10 3 93
10 268524 18 1 7 209
11 268524 18 1 4 20
12 308212 23 5 10 4218
13 326204 27 0 0 1040
14 355568 29 2 5 28
15 389332 37 0 8 6
16 401775 38 8 5 55
17 436036 45 4 6 1063
18 453236 50 7 0 44
19 573461 51 10 0 64
20 573461 51 7 0 21
21 573461 51 5 5 8
22 573461 51 9 4 31
23 573461 51 3 10 1
24 573461 51 3 0 10
25 573461 51 8 3 15
26 574368 52 9 4 249
27 647077 59 1 5 14
28 647077 59 2 6 19
29 647077 59 2 7 6
30 647077 59 1 3 5
31 647077 59 5 7 26
32 708302 71 8 0 65
33 726255 72 6 6 108
34 802181 75 0 7 1
35 812015 77 4 4 10
36 922297 84 10 0 7
37 922297 84 7 0 7
38 922297 84 2 1 8
39 973763 94 0 5 1513
40 993753 97 10 9 5530
41 1049429 99 0 8 1
42 1144860 102 3 6 1
43 1144860 102 3 7 1
44 1144860 102 6 3 5
45 1208293 108 2 2 1
46 1208293 108 5 7 4
47 1208293 108 6 4 68
48 1243565 117 0 8 56
49 1257564 118 7 5 16
50 1262060 122 0 1 98
51 1269936 125 0 2 16
52 1297852 127 0 10 2474
53 1423494 137 6 3 9
54 1423494 137 9 7 3
55 1423494 137 3 1 38
56 1423494 137 6 8 39
57 1423494 137 4 10 222
58 1484589 150 2 4 17932
59 1484589 150 2 9 28
60 1496481 153 8 9 37
61 1572126 154 7 6 115
62 1572126 154 0 6 115
63 1572126 154 3 9 11
64 1572126 154 4 10 2
65 1572126 154 4 1 16
66 1670487 160 3 1 1
67 1670487 160 7 5 5
68 1670487 160 10 7 293
69 1670487 160 4 0 11
70 1670487 160 10 1 1
71 1703895 162 3 6 14
72 1703895 162 3 0 1899
73 1719626 165 2 3 372
74 1738440 170 3 7 102
75 1746642 172 6 8 29
76 1746642 172 4 10 18
77 1762903 174 7 2 9
78 1762903 174 7 6 24
79 1762903 174 5 2 9
80 1795930 177 0 5 42
81 1795930 177 0 1 12993
82 1808767 184 3 5 54
83 1818973 187 4 2 24
84 1818973 187 9 9 71
85 1818973 187 4 9 35
86 1840517 192 3 1 640
87 1916304 198 10 10 7
88 1916304 198 3 6 1002
89 1916304 198 8 5 1
90 1956240 208 10 7 217
91 1963691 209 4 5 39
92 1998577 217 1 4 27
93 2003247 219 4 5 7677
94 2057166 229 6 6 27
95 2057166 229 2 0 31
96 2099189 230 3 6 6
97 2099189 230 8 0 12
98 2099189 230 3 4 78
99 2105851 232 10 5 1
100 2180650 233 3 5 1
101 2217168 237 4 4 4
102 2230980 239 7 1 18
103 2314813 241 1 1 18
104 2314813 241 1 6 48
105 2314813 241 4 3 1
106 2319680 244 1 1 1
107 2324070 246 10 0 30
108 2331797 253 2 6 83
109 2378464 259 10 3 623
110 2378464 259 9 1 891
111 2378464 259 2 10 622
112 2471022 262 8 1 30
113 2471022 262 4 10 18
114 2471022 262 0 1 30
115 2471022 262 2 1 30
116 2482598 263 8 10 3048
117 2482598 263 1 10 4572
118 2484337 264 4 4 5132
119 2489321 266 5 10 10
120 2502540 269 4 1 4881
121 2512432 271 2 7 8
122 2517524 276 8 5 169
123 2522026 280 5 2 647
124 2547392 285 4 3 17
125 2693361 287 3 6 24
126 2693361 287 6 10 7
127 2693361 287 1 7 807
128 2693361 287 1 0 5
129 2693361 287 0 10 7
130 2693361 287 1 3 5
131 2693361 287 8 5 2
132 2693361 287 9 2 3
133 2693361 287 0 8 11
134 2693361 287 2 5 6
135 2693361 287 6 2 3
136 2747779 291 10 3 211
137 2747779 291 2 6 1228
138 2747779 291 7 7 333
139 2747779 291 2 5 25
140 2747779 291 5 3 9080
141 2747779 291 6 6 409
142 2797661 292 0 0 6
143 2832031 298 9 8 8519
144 2832031 298 1 5 75
145 2894229 303 10 6 397
146 2894229 303 2 9 204
147 2928569 304 2 0 206
148 2955500 310 7 1 442
149 3047270 317 6 9 10
150 3047270 317 0 7 3013
151 3047270 317 7 5 964
152 3047270 317 2 1 14
153 3047270 317 0 4 10
154 3047270 317 3 9 5
155 3053908 320 5 0 8093
156 3056661 323 5 9 187
157 3075483 324 6 5 7
158 3119517 328 2 5 297
159 3119517 328 9 9 2
160 3119517 328 4 0 1
161 3119517 328 9 5 4162
162 3142764 335 1 10 1509
163 3142921 336 9 4 663
164 3177098 339 9 5 95
165 3212124 340 5 3 126
166 3237067 349 5 6 568
167 3254822 353 0 9 9
168 3254822 353 0 1 6
169 3258432 356 6 0 96
170 3289495 365 3 3 670
171 3289495 365 9 3 670
172 3297043 366 9 5 2928
173 3351144 370 9 5 1
174 3359253 378 10 6 120
175 3389550 384 6 2 220
176 3505570 390 8 8 767
177 3505570 390 3 10 26
178 3506348 391 5 3 356
179 3534628 392 7 4 427
180 3534628 392 1 5 5135
181 3638397 395 4 7 1
182 3638397 395 1 7 41
183 3638397 395 2 3 10
184 3638397 395 5 4 1
185 3638397 395 7 5 177
186 3638397 395 5 7 3
187 3692224 402 2 10 13
188 3692224 402 9 9 42
189 3790047 409 2 10 15
190 3790047 409 1 0 528
191 3790047 409 8 1 542
192 3790047 409 8 4 782
193 3790047 409 8 7 1
194 3790047 409 1 9 30
195 3793314 410 2 3 1
196 3828116 413 9 0 144
197 3828116 413 2 10 7
198 3858693 422 0 7 62
199 3873611 424 7 6 113
200 3873611 424 7 10 493
201 3873611 424 7 1 86
202 3873611 424 7 5 282
203 3998297 428 2 2 1
204 3998297 428 10 0 1
205 4068211 430 7 6 381
206 4068211 430 10 1 1051
207 4068211 430 9 1 1051
208 4068211 430 2 3 2
209 4071967 431 6 0 184
210 4085389 435 0 6 24
211 4085389 435 2 0 163
212 4094452 440 0 3 120
213 4110367 445 10 0 208
214 4116485 449 9 6 39058
215 4122164 453 8 2 53
216 4183442 457 6 0 25
217 4263971 461 2 8 9
218 4263971 461 0 2 5
219 4263971 461 7 1 11
220 4263971 461 0 6 245
221 4263971 461 0 8 9
222 4263971 461 4 9 7
223 4440816 466 7 10 2
224 4440816 466 10 0 7
225 4440816 466 7 8 1
226 4440816 466 10 5 1
227 4440816 466 3 7 61
228 4440816 466 1 1 2
229 4440816 466 3 0 7
230 4440816 466 0 5 6
231 4440816 466 3 9 4
232 4482762 467 5 9 8
233 4494276 468 7 6 61
234 4506492 471 6 10 923
235 4565760 473 2 7 26
236 4565760 473 3 6 5
237 4565760 473 9 8 52
238 4565760 473 6 2 15
239 4712890 475 0 3 1
240 4712890 475 2 0 1
241 4712890 475 10 9 10
242 4712890 475 10 2 3
243 4712890 475 10 4 2
244 4712890 475 2 7 4
245 4712890 475 7 10 5
246 4712890 475 1 3 23
247 4728746 477 2 4 41
248 4728746 477 2 7 60
249 4728746 477 2 1 282
250 4728746 477 2 0 196
251 4739942 479 8 9 1
252 4790943 491 10 10 39
253 4799249 496 10 3 2626
254 4935673 498 8 2 4
255 4935673 498 10 5 175
256 4935673 498 4 4 100
257 4935673 498 8 5 175
258 4935673 498 7 4 50
259 4935673 498 6 1 35
260 4935673 498 2 3 1
261 4935673 498 2 8 514
262 4935673 498 1 2 56
263 4935673 498 2 0 10
264 5037553 507 0 3 2
265 5037553 507 6 1 1
266 5037553 507 10 4 1429
267 5151847 513 5 2 6
268 5151847 513 2 4 200
269 5151847 513 2 9 20
270 5151847 513 0 0 5
271 5188171 529 4 9 374
272 5191016 531 3 0 195
273 5207887 536 3 6 467
274 5209986 537 2 10 22
275 5209986 537 9 10 88
276 5245360 547 4 7 18
277 5258959 550 2 6 6
278 5278006 551 6 1 7
279 5282987 552 5 0 76
280 5289348 554 10 7 2037
281 5428730 555 3 4 829
282 5428730 555 7 9 2
283 5428730 555 1 7 14
284 5428730 555 0 3 202
285 5428730 555 3 1 95
286 5428730 555 8 0 4
287 5428730 555 2 4 829
288 5493233 557 3 10 162
289 5493233 557 3 2 52
290 5493233 557 3 6 36
291 5513675 560 5 0 81
292 5513675 560 7 0 10
293 5556747 565 1 5 19648
294 5556747 565 1 2 99585
295 5556747 565 1 0 14
296 5614253 569 7 7 1
297 5614253 569 7 6 1
298 5671334 576 0 3 30
299 5671334 576 1 6 4
300 5671334 576 1 9 73
301 5672813 577 8 0 1169
302 5717911 583 6 6 89
303 5719839 586 8 1 1762
304 5721927 587 5 1 31
305 5730905 589 4 5 342
306 5740789 591 8 10 2
307 5798994 602 8 8 3636
308 5798994 602 8 1 81
309 5835732 611 3 6 410
310 5961858 612 3 0 71
311 5961858 612 2 9 14
312 5961858 612 4 6 1
313 5961858 612 3 7 5079
314 5961858 612 6 0 71
315 5961858 612 1 10 55
316 5961858 612 0 4 26
317 5961858 612 7 5 120
318 5961858 612 5 6 1
319 5961858 612 5 7 2539
320 5972462 613 3 2 20
321 6091605 616 1 10 3419
322 6091605 616 6 5 1227
323 6091605 616 10 4 1
324 6091605 616 9 4 1
325 6091605 616 1 0 1483
326 6091605 616 6 2 1
327 6091605 616 6 6 108
328 6091605 616 4 4 78
329 6113088 623 5 1 96
330 6132286 626 2 5 2333
331 6150941 630 10 6 226
332 6191743 633 5 9 17
333 6204769 635 5 8 1373
334 6220427 638 0 6 40
335 6295582 644 1 3 10
336 6295582 644 4 7 834
337 6295582 644 3 7 648
338 6295582 644 5 9 27
339 6295582 644 4 3 21
340 6296554 645 4 8 20
341 6308115 657 7 3 56
342 6331335 668 5 7 18
343 6431702 671 4 8 5
344 6431702 671 0 10 24
345 6431702 671 4 3 61
346 6451736 675 2 10 205
347 6553471 683 2 7 548
348 6560537 687 0 8 15
349 6560537 687 0 2 16
350 6560537 687 5 8 7
351 6577050 689 5 4 1591
352 6617910 690 8 8 600
353 6617910 690 8 1 1
354 6652883 692 2 5 10
355 6652883 692 7 6 43
356 6664182 693 8 10 1001
357 6821790 695 7 7 1
358 6821790 695 9 7 1
359 6821790 695 5 9 214
360 6821790 695 6 2 1587
361 6821790 695 9 4 2
362 6821790 695 6 4 8
363 6864170 698 2 7 2
364 6866002 700 9 4 4666
365 6914100 702 3 9 43
366 6914100 702 3 6 22
367 6914100 702 4 4 649
368 6945275 703 2 4 57
369 6945275 703 2 2 4702
370 6971565 710 3 10 1
371 6971565 710 3 5 9637
372 6995639 717 0 7 4
373 7053521 718 7 4 27
374 7053521 718 8 5 263
375 7053521 718 0 0 1
376 7058814 722 10 1 2439
377 7081340 723 3 4 523
378 7091971 724 6 2 205
379 7148308 732 7 6 7
380 7184654 735 6 6 3
381 7293613 741 7 6 5
382 7293613 741 9 5 11
383 7293613 741 0 0 15797
384 7293613 741 1 9 119
385 7293613 741 10 4 33
386 7293613 741 6 0 544
387 7309504 744 1 3 64
388 7309504 744 6 8 1133
389 7326701 749 4 9 1
390 7326701 749 9 7 41
391 7327678 750 9 3 49
392 7400055 751 8 1 30
393 7400055 751 0 9 15
394 7453357 758 6 1 123
395 7511638 766 5 7 7
396 7511638 766 4 4 32
397 7543944 768 8 9 704
398 7543944 768 0 0 103
399 7543944 768 0 4 59
400 7546313 772 1 1 94
401 7564810 777 10 6 150
402 7598272 787 1 4 3
403 7604846 791 0 1 26
404 7620927 798 4 9 293
405 7648280 809 0 8 54
406 7676855 821 7 9 36
407 7817623 822 5 8 479
408 7817623 822 2 7 1244
409 7817623 822 4 1 1
410 7817623 822 2 2 3
411 7817623 822 2 8 3838
412 7817623 822 7 4 1
413 7817623 822 8 4 1
414 7817623 822 10 3 3
415 7817623 822 10 0 1
416 7932267 823 10 9 1
417 7932267 823 5 8 1
418 7932267 823 3 10 1
419 7932267 823 3 3 4
420 7932267 823 5 10 1
421 7968602 825 1 9 18
422 7989207 830 8 5 5
423 7989207 830 3 9 16
424 7989207 830 0 1 24
425 8032414 834 1 5 908
426 8059203 842 1 9 9530
427 8066126 844 7 9 283
428 8084067 850 7 2 15
429 8120842 859 6 3 63
430 8120842 859 6 1 2
431 8222332 864 4 5 15
432 8222332 864 9 4 5
433 8222332 864 6 6 17
434 8226625 867 7 3 60
435 8243121 871 6 8 758
436 8248245 872 1 6 11
437 8263106 874 2 3 32
438 8347857 886 4 8 20
439 8347857 886 5 0 59
440 8347857 886 0 0 118
441 8347857 886 8 4 1
442 8347857 886 10 0 29
443 8458654 896 9 3 1586
444 8542490 907 4 5 207
445 8542490 907 2 7 3009
446 8554839 909 9 4 1528
447 8583938 914 2 3 171
448 8649058 928 1 10 51
449 8791533 929 2 1 1
450 8791533 929 0 10 1
451 8791533 929 0 6 54
452 8791533 929 8 4 1756
453 8791533 929 3 10 1
454 8791533 929 9 4 878
455 8791533 929 6 3 3
456 8791533 929 3 7 2
457 8791533 929 1 4 878
458 8791533 929 1 5 227
459 8791533 929 1 2 12
460 8791533 929 9 10 2
461 8791533 929 10 3 3
462 8791533 929 7 0 2
463 8875965 930 2 1 28
464 8875965 930 8 2 7
465 8875965 930 4 7 10
466 8875965 930 4 2 7
467 8875965 930 7 3 15
468 8875965 930 8 6 13
469 8875965 930 7 6 13
470 8952214 931 7 2 1607
471 8952214 931 4 0 3169
472 9002668 932 4 8 67
473 9002668 932 0 3 59
474 9002668 932 5 0 2
475 9002668 932 4 6 4
476 9033605 940 0 7 99809
477 9168808 941 0 2 2
478 9168808 941 0 7 1
479 9168808 941 6 7 18
480 9168808 941 7 0 16
481 9168808 941 3 10 18
482 9168808 941 2 0 5
483 9187447 948 0 1 107
484 9203621 950 7 8 44
485 9248573 961 3 5 343
486 9348674 967 6 0 19
487 9348674 967 5 5 7
488 9348674 967 5 4 14
489 9348674 967 1 8 44
490 9348674 967 6 2 15
491 9378675 972 10 7 53
492 9404353 973 2 10 26
493 9411808 977 7 2 1705
494 9425752 980 1 10 102
495 9429434 985 5 10 2635
496 9437433 988 8 4 7153
497 9454242 993 4 3 13014
498 9478968 995 0 10 199
499 9483689 997 6 3 22
