11 232 500
0 40173 0 9 10 942
1 153323 3 10 6 2558
2 153323 3 10 3 252
3 153323 3 5 6 284
4 280263 9 4 3 74
5 280263 9 4 1 2
6 297382 10 8 1 870
7 304250 12 3 2 8
8 393441 13 8 4 340
9 393441 13 8 10 297
10 393441 13 7 8 3
11 393441 13 3 5 41
12 514725 17 3 10 26
13 514725 17 0 2 526
14 514725 17 5 5 16
15 711136 29 2 1 11
16 711136 29 10 4 20
17 711136 29 2 2 8778
18 711136 29 2 4 83
19 730444 31 3 6 1
20 742589 35 7 10 74
21 778664 37 4 10 4
22 848666 41 10 10 49
23 868286 44 1 5 455
24 868286 44 1 2 89
25 872073 45 5 6 2127
26 1146922 51 5 6 1
27 1146922 51 3 7 11
28 1146922 51 9 0 10
29 1146922 51 8 6 51
30 1294154 59 2 6 19
31 1294154 59 8 2 204
32 1294154 59 1 8 1
33 1294154 59 2 4 8
34 1318149 61 7 4 126
35 1362618 66 0 10 2896
36 1416452 70 4 7 3
37 1604362 75 1 8 1
38 1604362 75 2 4 1
39 1624030 77 10 4 31
40 1648907 82 1 8 76
41 1844595 84 6 1 8
42 1844595 84 3 6 1
43 1844595 84 2 7 21
44 1844595 84 3 3 8
45 1844595 84 6 0 15
46 1844595 84 6 2 308
47 1894463 89 7 5 6
48 1894463 89 7 3 43
49 1987506 97 10 9 5530
50 2098858 99 0 6 10
51 2289721 102 3 2 1451
52 2289721 102 10 5 57
53 2289721 102 3 7 1
54 2289721 102 2 10 21
55 2307955 103 3 5 87
56 2416587 108 8 4 17
57 2416587 108 7 7 76
58 2416587 108 5 3 13
59 2487130 117 0 1 35
60 2515129 118 1 5 301
61 2602651 131 1 3 226
62 2626707 132 6 0 21
63 2645219 134 0 9 76
64 2846988 137 4 2 21
65 2846988 137 7 7 3
66 2846988 137 2 10 890
67 2969178 150 2 9 28
68 3144252 154 4 1 16
69 3144252 154 0 7 642
70 3144252 154 1 9 11
71 3144252 154 6 7 3210
72 3144252 154 7 9 11
73 3144252 154 2 0 2
74 3340975 160 7 9 4
75 3340975 160 10 8 306
76 3340975 160 0 9 9
77 3340975 160 9 2 210
78 3340975 160 4 6 5
79 3340975 160 4 0 11
80 3407790 162 3 6 14
81 3407790 162 7 6 44
82 3407790 162 5 3 574
83 3414612 164 6 8 11399
84 3439252 165 9 5 110
85 3450086 168 2 2 15
86 3450086 168 8 2 30
87 3525807 174 2 2 9
88 3525807 174 5 6 24
89 3529142 175 5 6 13
90 3617534 184 1 6 21
91 3655197 190 10 10 8155
92 3681034 192 3 10 87
93 3685853 194 3 3 63
94 3832609 198 6 0 5
95 3832609 198 10 10 7
96 3832609 198 6 6 111
97 3832609 198 7 4 2
98 3832609 198 9 4 4
99 3832609 198 6 4 2
100 3832609 198 10 6 111
101 3890402 203 7 9 14
102 3890402 203 7 5 4342
103 3969180 210 1 3 1
104 3982615 216 6 5 29
105 4029829 224 3 2 49443
106 4114332 229 6 4 17
107 4114332 229 2 9 74
108 4114332 229 6 0 10
109 4198378 230 0 1 46
110 4198378 230 8 5 3
111 4198378 230 3 3 136
112 4198378 230 3 2 1
113 4211703 232 6 5 18
114 4361300 233 10 7 1
115 4361300 233 1 1 8
116 4361300 233 3 2 4
117 4361300 233 0 1 4
118 4361300 233 6 10 47
119 4434337 237 10 3 224
120 4434337 237 4 0 72
121 4438108 238 3 7 58456
122 4629627 241 9 8 23
123 4629627 241 1 2 1952
124 4629627 241 9 10 1014
125 4629627 241 7 0 9
126 4629627 241 1 7 12
127 4629627 241 6 7 6
128 4630906 243 10 1 22
129 4648510 247 9 7 2966
130 4942045 262 4 2 13
131 4942045 262 8 5 8
132 4942045 262 2 1 30
133 4942045 262 4 5 1
134 5024864 271 1 7 8
135 5068310 282 8 3 286
136 5068310 282 8 10 44
137 5386722 287 10 0 1
138 5386722 287 2 10 30
139 5386722 287 8 6 24
140 5386722 287 2 2 3
141 5386722 287 6 2 3
142 5386722 287 5 3 5
143 5386722 287 9 8 5
144 5595323 292 4 8 218
145 5595323 292 8 0 6
146 5595323 292 1 10 2
147 5664062 298 9 9 5
148 5788459 303 1 2 1892
149 5788459 303 8 10 14
150 5788459 303 2 7 1
151 5857139 304 2 5 23
152 5873091 306 7 9 19562
153 5876756 307 8 4 476
154 5899662 308 6 1 147
155 6094541 317 9 0 4
156 6094541 317 8 3 382
157 6107816 320 5 0 8093
158 6239035 328 10 5 297
159 6264581 330 0 2 201
160 6285529 335 1 10 1509
161 6285843 336 9 4 663
162 6354196 339 9 3 1290
163 6424248 340 8 7 2998
164 6424248 340 0 9 15
165 6509645 353 0 9 9
166 6509645 353 0 6 5
167 6529221 358 0 8 24
168 6566331 362 0 2 1
169 6602202 368 0 7 1327
170 6702288 370 1 3 30
171 6702288 370 1 9 162
172 6702288 370 2 5 1
173 6770035 380 10 2 57
174 6792128 386 10 3 976
175 6848124 388 7 10 17
176 7011140 390 2 6 114
177 7011140 390 2 4 27
178 7069256 392 0 4 427
179 7069256 392 1 4 854
180 7069256 392 10 2 117
181 7069256 392 1 5 5135
182 7069256 392 3 0 19
183 7069256 392 8 4 427
184 7276795 395 5 8 66
185 7276795 395 8 2 1
186 7276795 395 4 1 1
187 7291075 396 8 1 405
188 7384449 402 2 9 21
189 7388000 404 2 0 10
190 7580094 409 8 10 10
191 7580094 409 1 10 10
192 7580094 409 2 0 528
193 7580094 409 10 0 1584
194 7580094 409 8 9 15
195 7580094 409 5 0 528
196 7580094 409 1 7 15
197 7656233 413 9 2 3014
198 7656233 413 9 9 16
199 7656233 413 9 1 56
200 7687015 421 5 9 27455
201 7717387 422 10 3 54
202 7747222 424 7 6 113
203 7996594 428 4 3 3
204 7996594 428 2 3 3
205 7996594 428 8 9 1
206 7996594 428 5 7 1
207 7996594 428 4 8 2
208 7996594 428 1 1 668
209 7996594 428 4 7 1
210 7996594 428 7 1 110959
211 7996594 428 2 2 1
212 7996594 428 5 10 4
213 7996594 428 2 5 822
214 8136422 430 3 6 190
215 8136422 430 8 8 1
216 8136422 430 2 5 8
217 8136422 430 1 3 4
218 8136422 430 7 4 3
219 8170993 436 0 3 109
220 8188904 440 6 10 20
221 8188904 440 4 2 100
222 8192766 442 6 1 1280
223 8366884 457 6 0 25
224 8366884 457 1 6 12
225 8366884 457 7 9 27
226 8419813 460 1 1 356
227 8527943 461 5 5 163
228 8527943 461 0 6 245
229 8527943 461 9 7 1
230 8527943 461 1 7 1
231 8881632 466 10 10 4
232 8881632 466 5 5 1
233 8881632 466 3 4 2174
234 8881632 466 6 1 2
235 8881632 466 3 5 1
236 8881632 466 8 8 1
237 8881632 466 6 10 2
238 8881632 466 4 0 15
239 8965524 467 6 5 5
240 9131521 473 5 3 14
241 9425780 475 1 7 9
242 9425780 475 10 3 4
243 9425780 475 1 10 5
244 9425780 475 1 0 6
245 9457492 477 2 4 41
246 9457492 477 2 2 17757
247 9479885 479 2 9 1
248 9490414 480 5 8 224
249 9502049 485 2 0 117
250 9536022 487 5 4 344
251 9573172 489 8 10 15052
252 9871346 498 10 8 514
253 9871346 498 4 5 175
254 9871346 498 4 0 10
255 9871346 498 7 7 29
256 9871346 498 2 8 514
257 9871346 498 4 2 4
258 9871346 498 3 10 13
259 9871346 498 10 7 7
260 9916273 504 3 9 1629
261 10075107 507 2 9 7
262 10075107 507 1 10 178
263 10075107 507 2 5 199
264 10081057 508 1 8 38
265 10303694 513 7 0 1
266 10303694 513 3 1 10
267 10303694 513 2 4 200
268 10303694 513 1 6 240
269 10339934 518 8 8 52
270 10356359 525 2 7 173
271 10412820 535 6 7 6
272 10419973 537 9 10 88
273 10464168 542 1 3 210
274 10490720 547 4 0 5771
275 10556012 551 10 6 30
276 10857461 555 4 6 47
277 10857461 555 6 0 1
278 10857461 555 4 10 197
279 10857461 555 4 8 7
280 10857461 555 7 1 95
281 10857461 555 9 6 71
282 10857461 555 8 1 478
283 10857461 555 2 7 3
284 10857461 555 2 9 2
285 10857461 555 10 8 7
286 11027350 560 6 0 10
287 11063997 562 10 6 12990
288 11091805 563 10 0 26
289 11091805 563 10 5 318
290 11228506 569 10 10 49
291 11228506 569 1 8 8
292 11228506 569 1 2 13
293 11228506 569 5 7 1
294 11342668 576 1 1 1
295 11357880 578 3 0 66
296 11410042 582 4 7 3007
297 11410042 582 4 10 93
298 11461376 588 4 7 10
299 11671464 611 10 6 205
300 11671464 611 8 2 17
301 11923717 612 10 10 15
302 11923717 612 0 7 2539
303 11923717 612 8 6 1
304 11923717 612 10 2 448
305 11923717 612 5 8 8
306 11923717 612 10 4 133
307 11923717 612 7 9 1
308 11923717 612 4 5 120
309 11923717 612 3 10 5
310 11923717 612 8 8 8
311 11944924 613 3 1 10
312 11944924 613 3 2 20
313 12183210 616 1 1 18
314 12183210 616 8 4 1
315 12183210 616 4 10 6839
316 12183210 616 5 10 854
317 12183210 616 10 9 2
318 12183210 616 3 0 988
319 12183210 616 3 9 11
320 12183210 616 7 7 200
321 12231093 624 3 5 14198
322 12233134 625 4 0 34
323 12264573 626 2 2 106
324 12323909 631 9 6 70
325 12383487 633 5 3 85
326 12440855 638 4 6 40
327 12591165 644 6 7 370
328 12591165 644 1 3 10
329 12591165 644 9 9 54
330 12591165 644 2 1 20
331 12863405 671 0 4 671
332 12863405 671 1 9 17
333 12863405 671 3 6 8
334 12863405 671 2 1 476
335 12870505 673 0 1 956
336 12873796 674 4 2 83
337 12903472 675 2 2 222
338 12903472 675 2 4 30
339 12903472 675 2 9 21
340 12924617 679 10 7 6010
341 12947475 681 4 4 1319
342 13106943 683 6 1 50
343 13106943 683 3 4 638
344 13106943 683 3 10 16
345 13106943 683 8 8 5
346 13106943 683 1 3 29
347 13121075 687 2 7 41
348 13154100 689 9 4 318
349 13154100 689 5 10 2
350 13235821 690 8 6 14
351 13235821 690 4 10 4
352 13235821 690 0 3 90
353 13235821 690 8 5 4
354 13643581 695 7 1 3
355 13643581 695 7 2 793
356 13643581 695 3 2 793
357 13643581 695 0 4 1
358 13643581 695 9 4 2
359 13643581 695 6 4 8
360 13728341 698 10 3 1526
361 13728341 698 2 7 2
362 13828201 702 0 5 112
363 13828201 702 4 1 5
364 13828201 702 3 4 649
365 13828201 702 3 6 22
366 13890551 703 2 9 325
367 13890551 703 2 4 57
368 13943131 710 3 6 32
369 13943131 710 3 0 36
370 13979650 714 2 8 105
371 14107042 718 7 4 27
372 14211682 727 2 5 14
373 14222442 730 8 2 34
374 14296617 732 5 0 4
375 14296617 732 5 5 26
376 14369308 735 6 5 36
377 14369308 735 6 10 8
378 14420371 739 10 9 6031
379 14587226 741 4 10 8
380 14587226 741 2 5 11
381 14589257 742 9 10 31
382 14619009 744 5 8 302
383 14653403 749 4 9 1
384 14655357 750 0 3 82
385 14800111 751 1 6 167
386 14800111 751 7 3 970
387 14800111 751 6 9 15
388 14915589 759 10 3 11
389 14915589 759 9 3 11
390 14931468 762 4 1 36
391 14936873 765 9 0 12661
392 15023276 766 8 10 106
393 15087889 768 0 8 21
394 15087889 768 8 8 1321
395 15087889 768 8 6 2
396 15109038 773 3 10 17
397 15117609 774 7 5 98
398 15217610 797 3 10 18
399 15241854 798 4 6 33
400 15275249 804 4 9 9
401 15341539 818 9 4 82
402 15635247 822 10 10 1
403 15635247 822 1 10 1
404 15635247 822 1 9 5
405 15635247 822 0 8 1679
406 15635247 822 2 9 1
407 15635247 822 5 6 4
408 15635247 822 2 5 26
409 15635247 822 2 3 5
410 15635247 822 9 6 4
411 15635247 822 7 1 1
412 15635247 822 7 2 12
413 15635247 822 0 1 1
414 15864535 823 2 9 1
415 15864535 823 2 5 1797
416 15864535 823 8 2 6
417 15864535 823 8 5 1198
418 15864535 823 3 5 599
419 15937204 825 1 9 18
420 15978414 830 2 1 24
421 16031133 833 7 4 24511
422 16064828 834 1 9 51
423 16132252 844 2 9 283
424 16162869 846 5 5 11850
425 16168135 850 7 2 15
426 16191101 856 4 4 30
427 16241685 859 6 2 342
428 16444665 864 1 1 4
429 16453250 867 7 3 60
430 16573221 885 10 5 37
431 16695714 886 9 6 555
432 16695714 886 10 3 12
433 16695714 886 3 8 20
434 16695714 886 4 1 5
435 16695714 886 4 7 1
436 16695714 886 4 8 20
437 16718242 888 10 9 16
438 16844396 894 6 5 2
439 16844396 894 0 9 35
440 16844396 894 0 5 1
441 16844396 894 3 2 11
442 16917308 896 2 0 1968
443 16917308 896 2 2 38
444 16951983 899 6 5 249
445 17084980 907 2 6 68
446 17109679 909 9 5 138
447 17134564 911 10 0 682
448 17162244 913 10 2 38
449 17162244 913 1 2 19
450 17292803 926 7 3 71
451 17583066 929 0 7 2
452 17583066 929 0 0 5
453 17583066 929 7 2 8
454 17583066 929 6 10 1
455 17583066 929 9 6 381
456 17583066 929 6 1 3
457 17583066 929 10 5 227
458 17583066 929 3 8 4
459 17583066 929 7 1 18
460 17583066 929 4 5 227
461 17583066 929 5 8 4
462 17751930 930 8 0 69778
463 17751930 930 9 3 15
464 17904428 931 6 3 24
465 17904428 931 6 10 225
466 17904428 931 6 7 6
467 17904428 931 4 10 225
468 17904428 931 10 2 1607
469 18005337 932 10 6 4
470 18005337 932 8 3 9
471 18005337 932 7 2 3611
472 18005337 932 1 7 3
473 18005337 932 6 0 2
474 18050925 939 9 9 59
475 18337617 941 4 8 1
476 18337617 941 2 2 5
477 18337617 941 8 3 1
478 18337617 941 3 3 2
479 18337617 941 0 4 3
480 18337617 941 0 1 96
481 18337617 941 2 4 1
482 18344903 944 8 1 104
483 18348818 946 1 9 112
484 18497147 961 5 5 343
485 18697348 967 1 8 44
486 18697348 967 6 5 7
487 18697348 967 7 7 243
488 18697348 967 0 7 243
489 18697348 967 6 9 2
490 18722555 970 10 4 16
491 18732776 971 9 8 90
492 18808706 973 0 10 26
493 18808706 973 2 3 1
494 18816597 975 6 8 1
495 18841664 979 4 7 105
496 18856683 984 10 4 10212
497 18882669 992 0 10 8980
498 18950306 994 8 0 3
499 18957936 995 0 10 199
