11 233 500
0 15064 0 9 3 1560
1 15064 0 9 0 1
2 57496 3 9 9 20
3 105098 9 1 8 2
4 105098 9 7 5 35
5 111518 10 2 1 870
6 148023 14 7 6 107
7 193021 17 10 2 1578
8 193021 17 9 10 1
9 193021 17 10 1 44
10 193021 17 5 5 16
11 193021 17 6 5 184
12 193021 17 7 7 2
13 193021 17 1 7 17
14 201393 18 1 3 19564
15 226569 21 4 0 25980
16 226569 21 3 1 17
17 231159 23 10 10 4218
18 266676 29 10 1 11
19 266676 29 2 0 72
20 325607 44 1 7 1307
21 325607 44 1 2 89
22 339927 50 1 8 12
23 339927 50 7 10 526
24 430095 51 3 3 15
25 430095 51 7 10 1
26 430095 51 2 9 1
27 430095 51 9 0 10
28 430095 51 5 5 8
29 430095 51 3 5 8
30 430095 51 10 1 30
31 437144 56 5 0 1
32 437144 56 5 2 461
33 485307 59 2 1 67
34 485307 59 5 6 19
35 485307 59 8 2 204
36 601635 75 5 7 10
37 601635 75 1 6 163
38 601635 75 4 4 7
39 601635 75 10 7 1
40 601635 75 10 5 1270
41 691723 84 10 4 10
42 691723 84 4 5 4
43 691723 84 6 1 8
44 691723 84 2 3 4
45 692300 86 7 5 3487
46 710423 89 7 8 6309
47 718711 91 1 2 10456
48 718869 92 4 0 66
49 723749 93 7 10 67
50 723749 93 9 10 67
51 730322 94 2 5 756
52 730322 94 0 5 1513
53 730322 94 8 5 756
54 734110 96 10 5 88
55 787072 99 0 6 10
56 787072 99 9 7 12
57 787072 99 0 3 63
58 858645 102 10 5 57
59 858645 102 1 9 9
60 858645 102 5 1 3
61 858645 102 2 4 4
62 858645 102 6 5 14
63 871143 104 4 4 19491
64 871143 104 4 8 216
65 906220 108 0 2 1
66 906220 108 0 7 4
67 906220 108 4 5 90
68 906220 108 5 10 3
69 910589 110 3 8 100
70 910782 111 4 0 2184
71 913299 113 10 6 349
72 923774 116 2 6 106
73 943173 118 10 5 16
74 946545 122 0 1 98
75 985015 132 0 1 6
76 991957 134 8 3 3
77 991957 134 1 9 76
78 1067620 137 4 8 4
79 1067620 137 2 10 890
80 1068564 138 4 5 109
81 1073426 139 7 1 25
82 1100632 146 7 8 1332
83 1179094 154 1 7 642
84 1179094 154 2 1 33
85 1252865 160 10 8 306
86 1252865 160 10 2 843
87 1252865 160 3 5 46
88 1252865 160 0 3 5
89 1289719 165 3 3 93
90 1322177 174 5 4 18
91 1346947 177 0 7 35
92 1437228 198 1 8 11
93 1437228 198 0 1 4
94 1437228 198 6 3 20
95 1437228 198 9 4 4
96 1437228 198 9 2 2
97 1458900 203 8 8 45
98 1472768 209 3 5 39
99 1491109 211 9 6 59
100 1492520 215 7 4 8130
101 1510349 223 2 7 68
102 1542874 229 2 2 616
103 1542874 229 0 3 28
104 1574392 230 8 3 136
105 1635487 233 7 10 160
106 1635487 233 4 8 5
107 1635487 233 7 7 85
108 1662876 237 10 9 11
109 1662876 237 4 6 47
110 1736110 241 4 5 1682
111 1736110 241 1 0 9
112 1736110 241 6 6 1
113 1736110 241 6 2 3905
114 1736110 241 9 8 23
115 1743052 246 7 0 7
116 1744554 248 1 4 194
117 1783848 259 8 0 89
118 1783848 259 9 3 623
119 1784206 261 2 6 94
120 1853267 262 9 4 1
121 1853267 262 4 5 1
122 1853267 262 9 8 7
123 1853267 262 0 1 30
124 1863253 264 4 4 5132
125 2020021 287 9 9 1
126 2020021 287 0 10 7
127 2020021 287 0 2 6
128 2020021 287 3 0 5
129 2020021 287 4 0 1
130 2020021 287 1 6 48
131 2020021 287 3 3 23
132 2020021 287 4 3 11
133 2060834 291 5 2 3435
134 2060834 291 5 3 9080
135 2060834 291 3 2 3435
136 2098246 292 1 8 1090
137 2098246 292 2 10 1
138 2101086 293 8 1 87
139 2104152 295 5 4 1
140 2124023 298 1 4 9674
141 2128331 301 2 5 59
142 2196427 304 2 8 40
143 2212373 308 6 0 160
144 2212373 308 6 3 284
145 2212725 309 3 0 37
146 2285453 317 3 1 14
147 2285453 317 1 9 27
148 2285453 317 1 3 109
149 2285453 317 8 7 2009
150 2285453 317 2 0 4
151 2285453 317 2 9 16
152 2285453 317 5 9 21
153 2306612 324 10 5 7
154 2306612 324 2 5 510
155 2308180 325 9 9 165
156 2339638 328 7 3 2
157 2339638 328 10 9 14
158 2349218 330 0 3 9862
159 2357073 335 1 8 44
160 2365497 337 4 7 86
161 2413828 343 6 4 129
162 2416804 344 4 7 106
163 2441117 353 0 3 163
164 2441117 353 0 4 219
165 2441498 354 2 5 5284
166 2442855 355 0 6 29
167 2448457 358 0 4 7138
168 2448457 358 1 4 2379
169 2448950 359 6 9 55
170 2487977 369 1 9 476
171 2487977 369 3 8 28
172 2513358 370 1 3 30
173 2550622 387 3 9 1
174 2568046 388 7 7 30
175 2568046 388 0 2 35
176 2568046 388 7 1 98
177 2568046 388 7 9 4765
178 2629177 390 7 5 20
179 2629761 391 5 3 356
180 2728798 395 1 6 27
181 2728798 395 3 9 10223
182 2774100 405 9 5 62
183 2842535 409 5 8 13
184 2842535 409 10 10 10
185 2842535 409 8 3 1
186 2842535 409 10 8 13
187 2842535 409 6 8 40
188 2876413 418 6 5 259
189 2882033 420 9 10 64
190 2882033 420 6 10 64
191 2905208 424 7 3 5146
192 2998723 428 6 2 1
193 2998723 428 8 0 4
194 2998723 428 8 6 1
195 2998723 428 9 3 3
196 2998723 428 3 7 97
197 2998723 428 4 5 822
198 2998723 428 10 2 1
199 2998723 428 0 7 1
200 2998723 428 9 8 2
201 3051158 430 1 8 4
202 3051158 430 3 1 3154
203 3051158 430 8 3 8
204 3070839 440 4 2 100
205 3076280 443 6 4 108
206 3137581 457 10 10 5
207 3137581 457 8 9 13
208 3137581 457 6 9 40
209 3137581 457 0 7 1
210 3137581 457 2 10 5
211 3197978 461 9 6 122
212 3197978 461 2 8 9
213 3197978 461 3 7 1
214 3197978 461 8 10 1
215 3201484 463 0 0 22
216 3203543 465 3 0 20
217 3330612 466 0 3 1801
218 3330612 466 9 0 7
219 3330612 466 8 5 1
220 3330612 466 6 6 16
221 3330612 466 5 2 50
222 3330612 466 2 8 1
223 3330612 466 7 6 28
224 3330612 466 2 5 1
225 3330612 466 6 7 1
226 3362071 467 0 9 8
227 3362071 467 2 1 1
228 3362071 467 9 5 5
229 3362071 467 0 3 4
230 3362071 467 6 5 5
231 3370707 468 7 5 422
232 3370707 468 7 9 22
233 3374265 470 9 2 75
234 3379869 471 1 10 923
235 3379869 471 6 10 923
236 3379869 471 4 10 7385
237 3388686 472 4 0 7
238 3424320 473 2 2 23
239 3424320 473 8 5 68
240 3424320 473 10 8 52
241 3424320 473 9 10 1
242 3424320 473 3 7 3
243 3534667 475 2 10 51
244 3534667 475 4 5 5
245 3534667 475 3 4 1
246 3534667 475 9 9 5
247 3546559 477 2 10 99647
248 3554957 479 5 9 1
249 3576008 487 5 2 306
250 3576008 487 5 9 2682
251 3576008 487 5 10 202
252 3589939 489 0 1 222
253 3589939 489 0 5 94
254 3595868 492 8 7 3095
255 3597940 494 7 2 10
256 3701754 498 8 0 10
257 3701754 498 4 6 1
258 3701754 498 2 4 50
259 3714998 503 1 1 6017
260 3778165 507 8 7 145
261 3778165 507 10 6 3
262 3778165 507 10 1 1
263 3778165 507 0 0 12
264 3863885 513 3 9 20
265 3863885 513 0 6 80
266 3863885 513 2 4 200
267 3863885 513 8 3 5
268 3863885 513 2 5 862
269 3863885 513 4 4 200
270 3863885 513 9 3 5
271 3878765 519 5 10 44
272 3894373 533 9 4 779
273 3907490 537 4 10 11
274 3934020 547 4 3 33039
275 3944219 550 7 6 6
276 3958504 551 3 6 60
277 4071548 555 0 9 2
278 4071548 555 0 5 3
279 4071548 555 2 3 202
280 4071548 555 4 0 3
281 4071548 555 7 1 95
282 4071548 555 9 5 1
283 4071548 555 1 5 1
284 4110900 556 9 0 1
285 4110900 556 3 1 1
286 4131120 558 1 8 329
287 4159427 563 10 5 318
288 4167560 565 1 2 99585
289 4210690 569 10 2 78
290 4210690 569 9 0 26
291 4278765 582 4 3 49
292 4278765 582 4 6 282
293 4291445 587 2 1 6
294 4305591 591 3 10 5
295 4349245 602 8 1 81
296 4350019 603 2 10 133
297 4471394 612 8 7 2539
298 4471394 612 8 9 1
299 4471394 612 4 10 5
300 4471394 612 5 10 5
301 4471394 612 9 10 5
302 4471394 612 5 4 80
303 4471394 612 4 2 448
304 4471394 612 8 10 5
305 4471394 612 3 4 26
306 4471394 612 6 3 1
307 4568704 616 1 1 18
308 4568704 616 0 7 200
309 4568704 616 7 5 3683
310 4568704 616 4 9 2
311 4568704 616 4 6 72
312 4587425 625 4 0 34
313 4599215 626 2 6 1690
314 4648063 634 7 7 20
315 4648063 634 7 3 109
316 4653577 635 5 3 16
317 4653577 635 5 10 15796
318 4659282 637 7 10 8
319 4665320 638 0 6 40
320 4665320 638 4 6 40
321 4665320 638 2 6 40
322 4667581 643 0 4 19
323 4721687 644 4 4 647
324 4721687 644 9 10 2
325 4721687 644 7 3 21
326 4721687 644 6 10 1
327 4721687 644 2 9 27
328 4731217 658 0 3 6037
329 4731916 659 10 5 113
330 4743242 666 9 3 2
331 4743599 667 2 7 77
332 4749258 670 5 9 92
333 4823776 671 1 3 61
334 4823776 671 5 2 6
335 4823776 671 9 5 30
336 4823776 671 3 0 3
337 4838802 675 2 5 29
338 4838802 675 2 7 2702
339 4855303 681 3 4 2639
340 4855303 681 7 5 12
341 4915103 683 1 5 4
342 4915103 683 3 6 31
343 4915103 683 6 7 548
344 4915103 683 6 5 1
345 4963433 690 4 3 45
346 4989662 692 6 1 96
347 5116342 695 4 10 1
348 5116342 695 3 6 1
349 5116342 695 0 8 1
350 5116342 695 9 7 1
351 5116342 695 7 1 3
352 5116342 695 0 9 2791
353 5116342 695 2 6 1
354 5116342 695 1 5 7
355 5148128 698 10 4 89
356 5162408 701 6 9 1
357 5162408 701 8 9 1
358 5185575 702 4 4 649
359 5185575 702 4 7 81
360 5208956 703 2 3 37
361 5208956 703 9 1 49
362 5242368 714 5 4 563
363 5311005 723 6 4 174
364 5329380 727 2 5 14
365 5361231 732 9 3 7
366 5361231 732 5 6 2
367 5388490 735 6 8 280
368 5407639 739 10 7 96
369 5470210 741 5 1 40583
370 5470210 741 7 1 989
371 5470210 741 1 10 2
372 5470210 741 3 7 2
373 5470210 741 6 0 544
374 5495026 749 10 0 33
375 5550041 751 9 4 27
376 5550041 751 6 10 17
377 5550041 751 5 5 12
378 5550041 751 2 9 31
379 5550041 751 2 0 47
380 5550041 751 0 5 12
381 5560028 752 1 9 1
382 5560708 753 9 4 9625
383 5589448 757 7 0 7
384 5599300 762 4 1 36
385 5633728 766 0 5 13
386 5657958 768 0 8 21
387 5657958 768 8 7 6
388 5687271 780 0 5 4
389 5698704 787 6 4 33
390 5719547 802 4 5 18
391 5745865 815 4 9 128
392 5863217 822 2 2 3
393 5863217 822 6 7 8297
394 5863217 822 9 0 4
395 5863217 822 3 1 1
396 5863217 822 4 10 1
397 5863217 822 3 0 7
398 5863217 822 5 3 1
399 5863217 822 3 6 4
400 5863217 822 7 8 479
401 5863217 822 4 8 239
402 5863217 822 6 5 26
403 5863217 822 1 7 276
404 5863217 822 7 1 1
405 5949200 823 10 3 2
406 5949200 823 3 0 8
407 5949200 823 5 3 6
408 5949200 823 10 6 7637
409 5949200 823 2 3 1
410 5949200 823 3 8 10
411 5951378 824 0 10 47
412 5976451 825 0 0 3
413 5991905 830 8 2 21
414 6024310 834 8 5 908
415 6032657 841 1 0 334
416 6062581 849 9 10 39
417 6081241 857 9 4 62
418 6090631 859 6 1 2
419 6166749 864 6 6 17
420 6166749 864 3 6 4
421 6182341 871 6 3 767
422 6186184 872 2 4 147
423 6197329 874 2 8 183
424 6213101 881 0 2 561
425 6260893 886 5 9 751
426 6260893 886 6 6 555
427 6260893 886 7 7 8
428 6260893 886 4 8 20
429 6260893 886 1 4 1
430 6260893 886 3 6 8888
431 6269340 888 10 6 3020
432 6269340 888 10 2 136
433 6276523 893 8 3 795
434 6316648 894 5 7 1
435 6316648 894 4 3 12
436 6356994 900 0 7 201
437 6364413 901 4 2 30
438 6385418 905 6 8 95
439 6385418 905 2 8 95
440 6406867 907 4 6 136
441 6406867 907 4 10 3
442 6406867 907 2 1 116
443 6416129 909 9 3 21
444 6425461 911 7 0 2047
445 6425461 911 4 0 682
446 6425461 911 0 0 682
447 6471746 925 1 0 92
448 6484801 926 7 8 20
449 6593650 929 1 8 4
450 6593650 929 10 0 10
451 6593650 929 1 6 54
452 6593650 929 4 3 3
453 6593650 929 4 4 2635
454 6593650 929 9 8 14
455 6593650 929 6 3 3
456 6593650 929 4 9 8
457 6656973 930 6 4 15609
458 6656973 930 0 8 309
459 6656973 930 7 2 7
460 6656973 930 4 4 13007
461 6656973 930 3 3 15
462 6656973 930 10 0 7476
463 6656973 930 6 2 7
464 6656973 930 9 0 9968
465 6656973 930 9 6 172
466 6656973 930 7 1 14
467 6656973 930 1 9 71
468 6656973 930 9 3 15
469 6714160 931 7 10 225
470 6752001 932 2 8 6
471 6752001 932 9 4 6
472 6752001 932 3 3 3
473 6752001 932 6 10 47
474 6752001 932 8 3 9
475 6760849 936 0 4 58
476 6769096 939 9 9 59
477 6775204 940 0 3 11398
478 6876606 941 4 6 2
479 6876606 941 1 5 13
480 6876606 941 4 0 22
481 6876606 941 8 2 2
482 6876606 941 8 10 18
483 6876606 941 6 0 5
484 6876606 941 5 7 1
485 6876606 941 7 1 96
486 6880807 946 7 9 37
487 6925926 959 10 8 1670
488 7011505 967 5 6 3080
489 7011505 967 1 1 369
490 7034006 972 10 3 94
491 7053264 973 0 5 2131
492 7053264 973 0 3 3
493 7057541 976 3 10 11971
494 7065624 979 0 8 1268
495 7078075 988 8 4 7153
496 7078587 989 7 5 56
497 7081001 992 0 10 8980
498 7090681 993 4 10 91
499 7106364 994 3 0 6
