11 237 500
0 30129 0 9 4 103
1 114992 3 5 8 197
2 114992 3 5 1 14
3 114992 3 5 2 11041
4 139296 6 3 9 2025
5 210197 9 1 6 23
6 295081 13 10 1 1591
7 386043 17 2 7 2
8 386043 17 0 8 1
9 386043 17 7 8 1
10 386043 17 7 4 12
11 402787 18 1 8 1476
12 453139 21 4 6 290
13 537458 30 0 6 11
14 537458 30 2 6 11
15 547833 31 3 3 475
16 583998 37 4 6 62
17 651215 44 1 8 59
18 654054 45 0 6 3190
19 658396 48 10 8 53
20 679854 50 7 0 44
21 679854 50 2 10 3160
22 679854 50 7 8 1
23 860191 51 3 5 8
24 860191 51 5 3 15
25 860191 51 0 5 33
26 860191 51 10 1 30
27 860191 51 8 2 26
28 861552 52 9 4 249
29 874289 56 5 6 86
30 880977 58 1 2 7830
31 970615 59 8 0 4
32 970615 59 8 1 22
33 970615 59 8 9 18
34 972704 60 6 6 322
35 988612 61 2 2 24
36 1029802 68 2 4 1
37 1029802 68 3 4 3
38 1062339 70 8 8 21
39 1093683 74 7 7 25
40 1203271 75 3 8 1
41 1203271 75 9 5 115
42 1236680 82 1 8 76
43 1383446 84 10 5 4
44 1383446 84 2 7 21
45 1383446 84 2 5 71
46 1383446 84 3 8 1
47 1386220 87 5 7 210
48 1420847 89 7 3 43
49 1437423 91 4 2 550
50 1574144 99 0 9 42
51 1574144 99 0 7 38
52 1717291 102 8 6 31
53 1717291 102 6 8 14609
54 1717291 102 8 10 21
55 1717291 102 10 10 21
56 1812440 108 7 0 3619
57 1812440 108 2 0 226
58 1812440 108 2 5 16
59 1812440 108 0 0 226
60 1812440 108 8 10 3
61 1821179 110 3 0 197
62 1821179 110 3 8 100
63 1828773 114 6 9 34
64 1847548 116 2 9 68
65 1886347 118 5 7 55
66 1886347 118 10 5 16
67 1946779 127 0 2 9547
68 1970030 132 5 1 6
69 1983914 134 1 6 1980
70 1984843 135 1 8 667
71 2135241 137 2 8 4
72 2135241 137 5 1 12
73 2135241 137 0 6 9
74 2135241 137 6 7 198
75 2358189 154 8 6 230
76 2358189 154 6 7 3210
77 2358189 154 0 0 4
78 2358189 154 4 10 2
79 2358189 154 1 7 642
80 2358189 154 9 2 6235
81 2359357 155 1 7 3
82 2505731 160 2 4 4
83 2505731 160 3 9 4
84 2505731 160 7 9 4
85 2505731 160 10 7 293
86 2555843 162 0 4 30
87 2555843 162 10 3 382
88 2555843 162 6 10 5
89 2555843 162 6 4 92
90 2579439 165 8 3 93
91 2579439 165 1 5 110
92 2587564 168 5 2 15
93 2644355 174 0 7 14
94 2647437 176 6 9 8
95 2693895 177 0 9 9
96 2693895 177 3 8 268
97 2874457 198 8 5 1
98 2874457 198 7 4 2
99 2874457 198 5 0 5
100 2874457 198 0 6 222
101 2917801 203 7 8 150
102 2934361 208 10 7 217
103 2976885 210 8 3 299
104 2982218 211 10 6 59
105 2984416 214 0 7 47
106 2997865 217 8 5 78
107 3148784 230 0 1 46
108 3148784 230 8 9 29
109 3148784 230 3 3 136
110 3148784 230 0 4 78
111 3270975 233 5 4 5766
112 3270975 233 7 5 3
113 3270975 233 8 0 7
114 3325752 237 4 6 47
115 3328581 238 3 8 83
116 3472220 241 9 7 12
117 3472220 241 3 8 1
118 3472220 241 9 3 1
119 3472220 241 9 9 3679
120 3472220 241 1 2 1952
121 3472220 241 1 9 1226
122 3472220 241 1 0 9
123 3472549 242 8 3 104
124 3567696 259 10 3 623
125 3567696 259 10 7 25
126 3567696 259 8 5 600
127 3706534 262 3 6 51
128 3706534 262 3 7 1
129 3706534 262 8 4 11
130 3706534 262 4 1 30
131 3706534 262 0 7 1
132 3723898 263 2 10 1524
133 3723898 263 4 10 1524
134 3733981 266 3 10 42
135 3801232 282 8 7 200
136 3821089 285 4 5 15527
137 3821089 285 4 10 220
138 4040042 287 3 0 5
139 4040042 287 8 1 28
140 4040042 287 8 4 1
141 4040042 287 9 7 807
142 4040042 287 10 3 5
143 4040042 287 5 0 3
144 4121668 291 10 3 211
145 4121668 291 7 2 3435
146 4196492 292 9 8 218
147 4248046 298 1 7 60
148 4256662 301 1 6 4864
149 4341344 303 9 6 1193
150 4341344 303 1 2 1892
151 4341344 303 0 2 1892
152 4341344 303 8 10 14
153 4341344 303 3 2 1892
154 4392854 304 2 7 8
155 4424747 308 6 1 147
156 4570906 317 7 0 4
157 4570906 317 5 9 21
158 4570906 317 5 3 54
159 4570906 317 0 10 55
160 4570906 317 6 0 4
161 4570906 317 7 3 54
162 4570906 317 7 5 964
163 4570906 317 4 1 14
164 4570906 317 8 8 83
165 4679276 328 1 5 297
166 4679276 328 2 0 3
167 4679276 328 9 0 4
168 4679276 328 5 0 1
169 4679276 328 4 0 1
170 4714146 335 1 1 17
171 4730994 337 4 2 67
172 4818186 340 7 9 15
173 4818186 340 7 1 11
174 4841317 345 7 3 13
175 4882234 353 0 5 7115
176 4887649 356 6 0 96
177 4896915 358 0 8 24
178 4896915 358 1 8 49
179 4906812 360 9 5 19696
180 4924748 362 1 2 1
181 4951651 368 0 7 1327
182 5026716 370 8 3 10
183 5026716 370 0 5 1
184 5026716 370 6 8 3
185 5094096 386 6 3 976
186 5101245 387 9 9 1
187 5258355 390 0 10 1
188 5258355 390 5 10 1
189 5258355 390 10 6 459
190 5301942 392 4 9 3
191 5457596 395 6 5 177
192 5457596 395 7 0 440
193 5485977 401 5 3 2385
194 5485977 401 0 3 1192
195 5538336 402 9 3 65
196 5541000 404 2 0 10
197 5685070 409 6 2 3
198 5788040 422 6 2 4553
199 5810416 424 7 6 113
200 5997446 428 9 3 3
201 5997446 428 4 8 2
202 5997446 428 10 4 1
203 5997446 428 3 4 28
204 5997446 428 5 10 4
205 5997446 428 1 3 136
206 5997446 428 3 5 822
207 5997446 428 5 2 1
208 5997446 428 0 2 2
209 5997446 428 7 10 4
210 5997446 428 4 9 3
211 5997446 428 5 8 2
212 5997446 428 9 8 2
213 5997446 428 6 8 7
214 6102316 430 1 5 16
215 6141678 440 6 3 60
216 6144574 442 6 1 1280
217 6170297 447 3 1 17
218 6275163 457 2 10 5
219 6275163 457 4 4 1
220 6395957 461 9 2 5
221 6395957 461 3 6 614
222 6395957 461 0 4 5
223 6395957 461 1 8 9
224 6395957 461 7 1 11
225 6395957 461 3 2 27
226 6661224 466 6 3 1801
227 6661224 466 10 1 2
228 6661224 466 1 5 2
229 6661224 466 10 4 217
230 6661224 466 8 2 150
231 6661224 466 2 3 1801
232 6661224 466 7 10 2
233 6661224 466 8 9 4
234 6724143 467 4 0 1291
235 6724143 467 0 6 6
236 6748531 470 9 2 75
237 6759738 471 5 10 923
238 7069335 475 2 1 3
239 7069335 475 9 8 2
240 7069335 475 9 5 2
241 7069335 475 6 1 13
242 7109914 479 3 9 2
243 7109914 479 5 9 1
244 7125160 483 2 10 40
245 7152016 487 5 6 23
246 7179879 489 3 5 94
247 7403509 498 7 9 18
248 7403509 498 4 9 1
249 7403509 498 8 5 175
250 7403509 498 1 6 1
251 7403509 498 6 4 50
252 7403509 498 4 6 1
253 7403509 498 0 9 1
254 7403509 498 0 7 7
255 7556330 507 9 1 1
256 7556330 507 10 1 1
257 7556330 507 0 2 17
258 7603120 510 7 5 3
259 7603120 510 7 1 5
260 7603120 510 7 0 47
261 7603120 510 6 5 3
262 7604753 512 2 3 5300
263 7727771 513 1 2 6
264 7727771 513 5 4 300
265 7727771 513 1 1 5
266 7727771 513 6 10 6
267 7727771 513 7 0 1
268 7727771 513 8 1 5
269 7761258 521 1 4 152
270 7762442 522 5 9 21
271 7782257 529 4 9 374
272 7809615 535 9 1 238
273 7868855 548 5 7 298
274 7872519 549 8 5 792
275 7917009 551 4 1 3
276 8143096 555 5 4 3318
277 8143096 555 5 8 7
278 8143096 555 6 4 829
279 8143096 555 7 1 95
280 8143096 555 10 6 47
281 8143096 555 9 1 95
282 8221801 556 8 8 765
283 8221801 556 10 0 11
284 8239850 557 3 3 26
285 8297998 562 10 6 12990
286 8335120 565 1 0 14
287 8335120 565 1 8 222
288 8421380 569 4 10 73
289 8421380 569 7 6 1
290 8421380 569 4 8 1
291 8421380 569 7 7 1
292 8421380 569 3 9 2
293 8421380 569 7 0 26
294 8421380 569 0 6 5
295 8507001 576 1 0 51
296 8507001 576 6 6 9
297 8507001 576 1 9 73
298 8596032 588 4 8 19655
299 8596358 589 4 5 342
300 8624038 595 2 9 194
301 8698491 602 6 7 74
302 8726957 606 10 0 183
303 8731383 608 8 4 11
304 8753598 611 0 8 1981
305 8753598 611 10 2 8
306 8942788 612 2 1 16
307 8942788 612 1 9 14
308 8942788 612 6 1 13
309 8942788 612 7 5 120
310 8942788 612 1 2 897
311 8942788 612 0 10 5
312 8942788 612 6 6 1
313 8942788 612 7 10 5
314 8942788 612 10 8 26
315 8942788 612 2 4 80
316 8958693 613 3 1 10
317 8958693 613 3 10 14831
318 9137408 616 8 1 1
319 9137408 616 6 1 2
320 9137408 616 0 1 1
321 9137408 616 4 8 1
322 9137408 616 1 0 1483
323 9137408 616 6 2 1
324 9137408 616 0 0 1977
325 9140816 617 3 9 85
326 9173319 624 3 5 14198
327 9174850 625 2 0 34
328 9198430 626 2 6 1690
329 9198430 626 2 1 8
330 9223757 628 1 10 95
331 9287615 633 5 1 368
332 9296127 634 7 1 38
333 9307154 635 5 4 37
334 9307154 635 5 2 135
335 9335163 643 0 4 19
336 9647553 671 3 6 8
337 9647553 671 1 6 16
338 9647553 671 0 4 671
339 9677604 675 2 10 205
340 9677604 675 2 2 222
341 9693142 678 6 6 409
342 9830207 683 9 7 548
343 9830207 683 6 4 638
344 9830207 683 0 7 3841
345 9833457 686 7 1 88
346 9840806 687 5 7 16
347 9840806 687 7 5 2915
348 9865575 689 5 4 1591
349 9865575 689 6 10 48
350 9926866 690 4 6 73
351 9926866 690 8 9 17
352 9929479 691 8 2 24
353 9979325 692 6 7 181
354 9979325 692 7 10 12
355 10232685 695 3 8 1
356 10232685 695 2 1 3
357 10232685 695 10 6 2
358 10232685 695 10 9 214
359 10232685 695 6 6 1
360 10232685 695 4 9 429
361 10232685 695 1 6 1
362 10296256 698 2 4 268
363 10296256 698 5 3 7885
364 10324817 701 9 2 76
365 10371151 702 4 0 1187
366 10371151 702 4 8 11
367 10371151 702 4 10 74
368 10371151 702 0 4 649
369 10417913 703 2 0 74
370 10417913 703 2 4 57
371 10457348 710 3 1 44
372 10457348 710 3 8 105
373 10484737 714 10 2 29274
374 10581821 719 2 7 4984
375 10622010 723 3 6 66
376 10622010 723 6 1 1
377 10637956 724 6 4 24
378 10639996 726 3 9 3974
379 10666831 730 0 2 68
380 10722463 732 0 1 103
381 10776981 735 6 3 8
382 10776981 735 9 0 35
383 10776981 735 6 7 1348
384 10776981 735 9 8 70
385 10794314 737 0 0 44
386 10815278 739 10 9 6031
387 10815278 739 10 1 78
388 10815278 739 10 8 67
389 10940420 741 6 5 22
390 10940420 741 10 4 33
391 10940420 741 5 9 14
392 10990052 749 2 7 20
393 11100083 751 3 1 15
394 11100083 751 6 4 13
395 11120057 752 0 0 717
396 11148312 755 9 1 352
397 11148312 755 9 2 84
398 11178896 757 9 5 1734
399 11202655 765 9 0 12661
400 11267457 766 6 7 3
401 11338207 774 7 5 98
402 11374543 780 3 1 117
403 11439095 802 5 2 4521
404 11464578 806 5 0 104
405 11491731 815 4 9 128
406 11726435 822 1 10 1
407 11726435 822 9 5 26
408 11726435 822 9 7 138
409 11726435 822 4 1 1
410 11726435 822 5 8 479
411 11726435 822 6 9 5
412 11726435 822 1 3 3
413 11726435 822 7 0 1
414 11726435 822 3 7 414
415 11726435 822 3 0 7
416 11898401 823 10 3 2
417 11898401 823 9 2 6
418 11898401 823 1 0 8
419 11898401 823 1 3 13
420 11898401 823 1 10 1
421 11952903 825 7 9 18
422 11952903 825 0 0 3
423 11952903 825 10 9 56
424 11953318 826 2 8 28
425 11983810 830 8 5 5
426 11985588 832 1 1 30673
427 12023349 833 7 10 8
428 12048621 834 1 0 15
429 12099189 844 7 9 283
430 12122151 846 5 6 89
431 12122151 846 5 9 17114
432 12126101 850 9 6 662
433 12162483 857 9 9 69
434 12181263 859 6 6 60
435 12199754 861 3 5 2029
436 12333499 864 7 5 30
437 12333499 864 4 6 26
438 12333499 864 6 8 339
439 12333499 864 6 9 70
440 12344269 869 6 9 164
441 12409675 876 1 3 18
442 12521786 886 7 5 25
443 12521786 886 5 9 751
444 12521786 886 0 0 118
445 12521786 886 4 1 5
446 12538681 888 10 1 119
447 12543580 889 6 2 173
448 12633297 894 3 1 19
449 12687981 896 8 9 10
450 12728827 901 7 2 30
451 12770836 905 10 8 95
452 12770836 905 7 8 95
453 12770836 905 0 8 95
454 12770836 905 2 8 95
455 12850923 911 2 0 682
456 12875907 914 2 3 171
457 13187300 929 1 0 2
458 13187300 929 5 10 1
459 13187300 929 8 10 2
460 13187300 929 0 3 6
461 13187300 929 10 0 10
462 13187300 929 4 3 3
463 13187300 929 2 1 1
464 13187300 929 8 5 227
465 13187300 929 9 7 4
466 13187300 929 2 4 2635
467 13313947 930 10 10 683
468 13313947 930 0 7 10
469 13313947 930 3 2 29
470 13313947 930 7 10 683
471 13428321 931 4 3 49
472 13428321 931 7 8 4
473 13428321 931 3 9 2119
474 13428321 931 3 2 81995
475 13504003 932 9 10 23
476 13504003 932 9 4 6
477 13504003 932 1 0 4
478 13504003 932 4 9 4
479 13504003 932 4 2 902
480 13516985 935 1 1 1573
481 13524423 938 9 5 48
482 13550408 940 0 6 15144
483 13753213 941 6 3 1
484 13753213 941 8 1 96
485 13753213 941 2 8 2
486 13753213 941 3 3 2
487 13753213 941 5 10 18
488 13753213 941 0 7 1
489 13753213 941 1 7 1
490 13753213 941 3 10 18
491 13753213 941 8 5 13
492 14023011 967 0 5 43
493 14023011 967 5 5 7
494 14041916 970 4 4 50
495 14068013 972 10 3 94
496 14112448 975 8 8 3
497 14131248 979 6 1 290
498 14142163 983 0 10 188
499 14142512 984 10 4 10212
