11 223 500
0 16036 2 0 10 1004
1 105098 9 7 5 35
2 147540 13 8 1 265
3 152553 16 4 4 11
4 193021 17 7 4 12
5 201393 18 1 1 13067
6 226569 21 4 3 9711
7 226569 21 4 9 47
8 226569 21 3 7 129
9 266676 29 2 7 377
10 266676 29 10 7 2267
11 273916 31 1 6 46
12 273916 31 3 6 1
13 291999 37 0 10 4
14 291999 37 6 10 4
15 291999 37 8 0 25
16 308975 40 0 1 119
17 327027 45 8 6 1063
18 327027 45 0 6 3190
19 339927 50 9 3 14
20 339927 50 1 4 745
21 339927 50 2 10 3160
22 430095 51 9 2 5
23 430095 51 2 4 15
24 430095 51 9 10 1
25 430095 51 7 10 1
26 430095 51 5 9 1
27 431302 53 4 10 10
28 485307 59 5 10 3
29 515167 69 5 1 15911
30 531226 71 8 0 65
31 601635 75 1 10 3
32 601635 75 7 6 14
33 609011 77 0 4 105
34 691723 84 2 8 1
35 691723 84 6 8 1
36 691723 84 7 5 716
37 691723 84 2 4 5
38 691723 84 10 2 77
39 691723 84 7 0 7
40 710423 89 7 10 53
41 718711 91 1 2 10456
42 730322 94 0 5 1513
43 745314 97 3 9 3687
44 787072 99 9 5 5
45 788194 100 7 2 57
46 858645 102 6 5 14
47 858645 102 10 5 57
48 858645 102 0 8 14609
49 858645 102 3 6 1
50 858645 102 1 7 2
51 858645 102 8 6 31
52 906220 108 3 10 3
53 906220 108 6 6 7
54 910589 110 3 7 345
55 913245 112 9 1 2
56 945206 120 9 7 124
57 973389 127 0 6 358
58 985015 132 0 7 7571
59 991957 134 1 9 76
60 1009993 136 8 6 21
61 1067620 137 6 3 9
62 1067620 137 2 10 890
63 1067620 137 4 10 222
64 1067620 137 0 10 222
65 1067620 137 1 9 2136
66 1085248 143 0 9 7
67 1085248 143 0 0 349
68 1100632 146 6 3 72
69 1122361 153 4 9 185
70 1179094 154 4 0 4
71 1179094 154 4 1 16
72 1182915 156 2 8 23
73 1252865 160 4 6 5
74 1252865 160 5 6 2
75 1252865 160 1 7 1
76 1252865 160 2 5 5
77 1252865 160 1 0 23
78 1277921 162 3 0 1899
79 1277921 162 6 4 92
80 1278162 163 4 3 297
81 1289719 165 7 4 29
82 1303830 170 3 6 163
83 1309982 172 7 2 54
84 1346947 177 0 1 12993
85 1346947 177 0 3 10858
86 1364230 187 7 2 8
87 1380387 192 3 5 27522
88 1380387 192 3 4 9
89 1437228 198 4 10 7
90 1437228 198 6 3 20
91 1463544 206 3 6 88
92 1488442 210 10 3 1
93 1491188 212 2 6 14
94 1498932 217 1 4 27
95 1503788 221 8 7 220
96 1510349 223 7 2 68
97 1542874 229 2 1 1
98 1542874 229 0 0 10
99 1574392 230 0 6 6
100 1574392 230 0 7 226
101 1576898 231 7 6 2
102 1635487 233 4 2 8
103 1635487 233 9 6 6
104 1635487 233 1 1 8
105 1635487 233 5 0 7
106 1635487 233 5 4 5766
107 1635487 233 0 5 1
108 1635487 233 0 6 26
109 1638961 235 2 7 17
110 1662876 237 4 0 72
111 1736110 241 7 1 6
112 1736110 241 6 8 1
113 1736110 241 6 5 1682
114 1736110 241 7 7 6
115 1736110 241 6 6 1
116 1736110 241 1 8 1
117 1739760 244 1 1 1
118 1743052 246 10 0 30
119 1748848 253 2 6 83
120 1748848 253 0 6 55
121 1783848 259 10 3 623
122 1783848 259 5 3 1246
123 1783848 259 3 0 14
124 1783848 259 9 7 25
125 1783848 259 5 7 25
126 1783848 259 6 1 1783
127 1783848 259 2 7 25
128 1783848 259 3 1 891
129 1783848 259 10 7 25
130 1853267 262 2 4 9
131 1861949 263 2 10 1524
132 1861949 263 1 10 4572
133 1884324 271 1 7 8
134 2020021 287 7 6 24
135 2020021 287 6 10 7
136 2020021 287 10 8 35
137 2020021 287 3 6 24
138 2020021 287 7 7 807
139 2020021 287 1 3 5
140 2098246 292 3 0 12
141 2101086 293 8 1 87
142 2107451 297 1 10 64
143 2124023 298 9 2 37
144 2170672 303 0 6 397
145 2170672 303 9 0 1
146 2170672 303 0 9 3069
147 2196427 304 2 3 929
148 2285453 317 3 1 14
149 2285453 317 5 10 55
150 2292495 323 5 9 187
151 2308737 326 7 7 118
152 2339638 328 8 5 297
153 2339638 328 5 0 1
154 2349218 330 0 6 47
155 2349218 330 0 7 67
156 2350871 334 1 9 1536
157 2357073 335 1 1 17
158 2357073 335 1 4 11349
159 2357191 336 9 4 663
160 2382823 339 3 2 288
161 2409093 340 9 0 40
162 2409093 340 3 0 20
163 2441117 353 0 5 7115
164 2462374 362 0 2 1
165 2475609 367 6 3 60
166 2513358 370 8 3 10
167 2519387 377 9 8 86
168 2520100 379 1 3 2
169 2629177 390 7 6 114
170 2629177 390 10 8 767
171 2629177 390 10 4 27
172 2629177 390 10 6 459
173 2629177 390 3 1 10
174 2629177 390 2 9 6824
175 2629177 390 3 4 27
176 2650971 392 10 2 117
177 2728798 395 6 8 33
178 2728798 395 10 3 10
179 2728798 395 7 2 1
180 2728798 395 2 7 1
181 2842535 409 5 6 1
182 2842535 409 5 4 2
183 2871087 413 9 9 16
184 2871087 413 2 3 25
185 2882033 420 7 8 9
186 2882033 420 5 1 59
187 2909389 427 10 2 48
188 2998723 428 7 4 1
189 2998723 428 0 0 9
190 2998723 428 7 9 1
191 2998723 428 7 5 822
192 2998723 428 0 5 822
193 2998723 428 10 4 1
194 2998723 428 5 6 1
195 2998723 428 9 10 4
196 2998723 428 6 7 1
197 2998723 428 9 8 2
198 2998723 428 3 8 2
199 2998723 428 10 7 1
200 3051158 430 9 8 1
201 3051158 430 0 10 2
202 3051158 430 7 0 2
203 3051158 430 5 4 3
204 3051158 430 1 3 4
205 3051158 430 0 3 2
206 3051158 430 1 4 24
207 3070839 440 5 0 14
208 3137581 457 10 0 8
209 3137581 457 2 1 1
210 3157430 460 1 9 91
211 3197978 461 4 9 7
212 3197978 461 2 9 3
213 3202816 464 9 0 17
214 3330612 466 6 10 2
215 3330612 466 9 9 8
216 3330612 466 7 6 28
217 3330612 466 0 7 1
218 3330612 466 5 2 50
219 3330612 466 8 0 7
220 3362071 467 6 0 430
221 3362071 467 1 1 2
222 3370707 468 7 1 79
223 3374265 470 9 2 75
224 3379869 471 1 10 923
225 3424320 473 7 9 2
226 3424320 473 6 9 2
227 3424320 473 2 5 68
228 3424320 473 8 2 15
229 3424320 473 7 3 14
230 3424320 473 5 7 3
231 3424721 474 4 9 211
232 3534667 475 6 4 1
233 3534667 475 8 4 1
234 3534667 475 4 6 6
235 3534667 475 6 0 2
236 3534667 475 1 8 2
237 3534667 475 8 5 2
238 3534667 475 5 2 1
239 3534667 475 9 8 2
240 3534667 475 10 7 4
241 3534667 475 10 5 2
242 3534667 475 7 7 9
243 3534667 475 0 7 4
244 3534667 475 0 1 6
245 3534667 475 2 4 8
246 3546559 477 2 6 69
247 3554957 479 10 9 1
248 3554957 479 9 9 1
249 3569876 486 6 1 461
250 3701754 498 4 9 1
251 3701754 498 8 7 7
252 3701754 498 4 0 10
253 3701754 498 1 2 56
254 3701754 498 1 3 1
255 3701754 498 5 8 514
256 3778165 507 2 2 28
257 3778165 507 5 5 49
258 3863885 513 6 1 5
259 3863885 513 0 6 80
260 3863885 513 8 10 2
261 3863885 513 7 2 42
262 3876699 516 1 3 1
263 3877475 518 8 8 52
264 3879255 520 0 2 1008
265 3891128 529 3 9 374
266 3891128 529 4 9 374
267 3904807 535 8 7 12
268 3905915 536 3 6 467
269 3934020 547 4 10 15
270 3944219 550 0 6 31
271 3944219 550 4 6 31
272 4071548 555 2 1 191
273 4071548 555 2 2 2628
274 4071548 555 1 0 1
275 4071548 555 8 10 1
276 4071548 555 2 4 829
277 4071548 555 2 9 2
278 4071548 555 4 6 47
279 4071548 555 2 7 3
280 4110900 556 0 5 3164
281 4119925 557 3 1 215
282 4119925 557 3 0 5258
283 4140140 561 7 10 28
284 4148999 562 10 2 37
285 4148999 562 10 4 31234
286 4167560 565 1 6 430
287 4210690 569 7 2 26
288 4210690 569 2 1 1
289 4210690 569 5 10 6
290 4253500 576 1 2 102
291 4260275 580 0 8 233
292 4278765 582 4 5 179
293 4298016 588 4 3 51
294 4471394 612 10 8 26
295 4471394 612 2 1 16
296 4471394 612 3 7 5079
297 4471394 612 5 7 2539
298 4471394 612 2 7 2539
299 4471394 612 6 1 13
300 4471394 612 5 4 80
301 4479346 613 3 3 19596
302 4479581 614 6 5 252
303 4568704 616 0 9 5
304 4568704 616 0 1 1
305 4568704 616 0 0 1977
306 4568704 616 9 7 200
307 4568704 616 10 8 6
308 4568704 616 7 7 200
309 4568704 616 9 10 1709
310 4568704 616 4 2 11
311 4568704 616 10 5 1227
312 4568704 616 7 8 3
313 4568704 616 1 7 1201
314 4584118 621 10 8 18
315 4586659 624 1 5 2839
316 4586659 624 0 5 2839
317 4599215 626 2 1 8
318 4611878 628 1 4 81
319 4611878 628 1 8 78
320 4611878 628 1 10 95
321 4659282 637 0 10 8
322 4659282 637 7 10 8
323 4665320 638 4 1 10
324 4721687 644 6 7 370
325 4721687 644 4 0 8
326 4721687 644 3 0 8
327 4721687 644 6 10 1
328 4721687 644 8 4 4530
329 4721687 644 0 3 10
330 4721687 644 9 1 6
331 4823776 671 7 5 30
332 4823776 671 3 1 4531
333 4823776 671 9 5 30
334 4823776 671 10 0 1
335 4823776 671 8 2 6
336 4823776 671 0 0 2
337 4823776 671 2 3 123
338 4855303 681 1 5 12
339 4915103 683 2 2 1527
340 4915103 683 8 6 10
341 4915103 683 6 8 5
342 4915103 683 7 7 548
343 4920403 687 10 2 32
344 4963433 690 4 7 527
345 4963433 690 0 6 14
346 4963433 690 4 4 863
347 4963433 690 4 9 17
348 4989662 692 7 6 43
349 4998137 693 8 4 80
350 4998137 693 8 3 1542
351 5116342 695 8 4 1
352 5116342 695 6 10 1
353 5116342 695 10 4 1
354 5116342 695 9 5 7
355 5116342 695 3 9 214
356 5116342 695 0 9 2791
357 5116342 695 3 3 4
358 5116342 695 5 3 4
359 5116342 695 4 5 71
360 5116342 695 10 3 35
361 5148128 698 2 2 153
362 5162408 701 1 2 3
363 5185575 702 3 2 56
364 5185575 702 3 5 112
365 5185575 702 4 4 649
366 5185575 702 0 10 1
367 5208956 703 9 0 37
368 5208956 703 2 7 1370
369 5208956 703 2 1 49
370 5212853 706 2 4 2
371 5290141 718 7 5 3430
372 5290141 718 6 5 175
373 5290141 718 3 10 5
374 5290141 718 8 1 39
375 5290141 718 5 1 6
376 5311005 723 6 8 7
377 5333415 730 0 2 68
378 5361231 732 9 5 52
379 5388490 735 9 9 40
380 5407639 739 10 0 372
381 5407639 739 10 6 35
382 5470210 741 6 1 989
383 5470210 741 2 8 6
384 5470210 741 10 2 3
385 5470210 741 0 8 1
386 5482128 744 5 8 302
387 5550041 751 2 9 31
388 5550041 751 3 6 55
389 5550041 751 1 6 167
390 5550041 751 9 9 15
391 5550041 751 7 1 30
392 5550041 751 10 10 17
393 5550041 751 5 6 111
394 5574156 755 9 5 4130
395 5589448 757 8 1 38
396 5589448 757 9 1 38
397 5657958 768 8 3 102
398 5665889 773 6 10 17
399 5680110 778 6 9 7
400 5687271 780 9 5 34
401 5691769 783 7 10 8
402 5863217 822 5 1 1
403 5863217 822 4 9 1
404 5863217 822 4 4 28
405 5863217 822 0 4 1
406 5863217 822 9 5 26
407 5863217 822 4 10 1
408 5863217 822 8 0 1
409 5949200 823 5 1 969
410 5949200 823 3 10 1
411 5949200 823 8 7 751
412 5949200 823 5 9 1
413 5949200 823 2 0 8
414 5949200 823 9 3 13
415 5949200 823 5 2 6
416 5949200 823 9 5 599
417 5976451 825 7 2 27
418 5976451 825 0 2 27
419 5976451 825 5 2 27
420 5979682 827 0 9 116
421 6024310 834 7 4 4
422 6024310 834 1 5 908
423 6044402 842 1 0 94
424 6061075 846 5 2 142
425 6065156 851 0 6 15
426 6090631 859 6 2 342
427 6090631 859 6 0 3051
428 6101540 862 9 9 70
429 6166749 864 3 2 954
430 6166749 864 1 7 4
431 6166749 864 6 8 339
432 6166749 864 3 10 172
433 6166749 864 4 5 15
434 6174425 870 7 3 46
435 6186184 872 6 10 5
436 6197329 874 2 0 171
437 6260893 886 4 1 5
438 6260893 886 0 4 1
439 6260893 886 10 7 1
440 6260893 886 9 9 1503
441 6261432 887 6 4 158
442 6269340 888 10 7 651
443 6316648 894 4 3 12
444 6316648 894 0 8 1
445 6316648 894 6 5 2
446 6316648 894 9 10 33
447 6343990 896 2 3 4760
448 6343990 896 8 2 38
449 6343990 896 4 9 10
450 6343990 896 3 0 1968
451 6343990 896 10 10 16
452 6385418 905 5 8 95
453 6406867 907 2 6 68
454 6416129 909 9 5 138
455 6416879 910 10 5 3
456 6593650 929 6 8 4
457 6593650 929 4 8 4
458 6593650 929 2 4 2635
459 6593650 929 0 10 1
460 6593650 929 7 8 14
461 6593650 929 10 1 1
462 6656973 930 7 1 14
463 6656973 930 5 9 71
464 6656973 930 2 7 21
465 6656973 930 0 7 10
466 6714160 931 3 2 81995
467 6714160 931 2 6 8
468 6752001 932 5 3 13
469 6752001 932 10 9 4
470 6752001 932 7 3 16
471 6752001 932 9 2 902
472 6752001 932 8 2 902
473 6775204 940 0 1 55
474 6775204 940 0 5 111
475 6876606 941 1 0 5
476 6876606 941 10 3 1
477 6876606 941 9 0 22
478 6876606 941 1 2 2
479 6876606 941 5 5 13
480 6879338 944 8 1 104
481 6890585 948 0 1 107
482 6890585 948 1 4 16
483 6890585 948 8 4 5
484 6925926 959 10 4 73
485 7011505 967 7 4 14
486 7011505 967 5 0 9
487 7011505 967 5 1 1846
488 7011505 967 6 7 243
489 7011505 967 4 6 6161
490 7011505 967 1 10 13
491 7014801 969 2 0 14
492 7024791 971 9 8 90
493 7053264 973 0 4 10
494 7057541 976 2 8 113
495 7069314 980 1 10 102
496 7072854 986 1 0 968
497 7090681 993 4 7 154
498 7106364 994 9 1 1
499 7106364 994 6 1 1
