11 242 500
0 30129 0 9 6 12
1 30129 0 9 7 46
2 114992 3 10 0 2396
3 114992 3 5 9 20
4 114992 3 10 7 31
5 114992 3 10 3 252
6 114992 3 5 7 31
7 114992 3 10 9 40
8 114992 3 9 6 284
9 210197 9 4 0 7
10 210197 9 4 9 7
11 295081 13 8 10 297
12 295081 13 6 4 340
13 386043 17 0 2 526
14 386043 17 1 8 1
15 453139 21 3 8 86
16 453139 21 3 0 51960
17 489307 27 6 0 130
18 489307 27 0 0 1040
19 533352 29 10 4 20
20 537458 30 2 6 11
21 553782 32 6 4 72
22 602663 38 10 5 110
23 639666 43 5 8 154
24 651215 44 1 4 29
25 654054 45 0 6 3190
26 679854 50 7 10 526
27 679854 50 9 0 44
28 860191 51 2 2 5
29 860191 51 3 3 15
30 860191 51 9 5 24
31 860191 51 5 8 1
32 860191 51 8 0 21
33 860191 51 7 7 5
34 865541 55 0 9 3923
35 970615 59 2 8 1
36 970615 59 2 10 3
37 970615 59 2 3 5
38 970615 59 5 9 36
39 1062339 70 8 7 1
40 1089383 72 6 7 60
41 1089383 72 6 6 108
42 1203271 75 6 10 7
43 1203271 75 8 9 1
44 1203271 75 10 5 1270
45 1203271 75 5 2 778
46 1203271 75 0 9 1
47 1203271 75 8 0 63
48 1383446 84 10 9 1
49 1383446 84 7 3 4
50 1383446 84 3 10 6
51 1383446 84 2 2 231
52 1420847 89 7 9 100
53 1420847 89 7 1 10154
54 1437423 91 6 2 2201
55 1447498 93 9 10 67
56 1460645 94 8 5 756
57 1574144 99 7 9 42
58 1574144 99 0 1 40
59 1717291 102 7 7 1
60 1717291 102 5 5 14
61 1717291 102 9 10 21
62 1717291 102 5 1 3
63 1717291 102 6 2 483
64 1746376 106 4 9 39149
65 1812440 108 7 7 76
66 1847548 116 2 4 113
67 1886347 118 10 5 16
68 1886347 118 7 5 16
69 1886611 119 5 8 2988
70 1896788 123 10 10 32
71 1910539 126 3 0 39
72 2019987 136 1 7 22
73 2135241 137 6 8 39
74 2135241 137 7 10 1559
75 2170497 143 0 4 78
76 2170497 143 0 5 3991
77 2170497 143 0 8 4
78 2201264 146 8 8 999
79 2201264 146 6 3 72
80 2202584 147 6 2 182
81 2358189 154 2 4 10
82 2358189 154 5 10 2
83 2366460 157 4 4 87
84 2505731 160 1 2 210
85 2505731 160 6 7 1
86 2505731 160 6 1 1
87 2505731 160 10 1 1
88 2505731 160 5 1 1
89 2505731 160 0 9 9
90 2510757 161 10 8 1
91 2579439 165 4 4 14
92 2587564 168 8 2 30
93 2607661 170 3 6 163
94 2608081 171 4 8 604
95 2619964 172 7 2 54
96 2619964 172 6 8 29
97 2644355 174 7 6 24
98 2693895 177 0 8 1073
99 2693895 177 0 4 47
100 2874457 198 5 4 4
101 2874457 198 2 2 6
102 2874457 198 1 0 10
103 2917801 203 7 1 21
104 2976885 210 0 3 1
105 3085749 229 6 7 9
106 3085749 229 0 4 17
107 3148784 230 8 1 46
108 3148784 230 3 3 136
109 3148784 230 3 10 5
110 3158777 232 10 5 1
111 3270975 233 10 7 1
112 3270975 233 4 0 7
113 3270975 233 1 6 6
114 3270975 233 8 2 4
115 3325752 237 10 9 11
116 3325752 237 10 10 82
117 3325752 237 10 3 224
118 3346470 239 7 1 18
119 3472220 241 7 8 1
120 3472220 241 4 6 1
121 3567696 259 4 7 25
122 3567696 259 5 7 25
123 3567696 259 8 8 8101
124 3567696 259 5 5 85
125 3567696 259 8 0 89
126 3567696 259 1 10 622
127 3706534 262 3 0 9
128 3706534 262 3 9 15
129 3706534 262 2 10 12
130 3706534 262 2 1 30
131 3706534 262 9 7 1
132 3706534 262 9 10 6
133 3706534 262 3 10 6
134 3706534 262 9 4 1
135 3727449 265 1 3 69
136 3733981 266 5 10 10
137 3777699 278 7 6 166
138 3821089 285 4 0 5994
139 4040042 287 2 7 12118
140 4040042 287 4 9 1
141 4040042 287 2 5 6
142 4040042 287 1 2 3
143 4040042 287 1 5 2
144 4040042 287 8 8 5
145 4040042 287 2 8 5
146 4040042 287 10 2 3
147 4040042 287 0 1 6
148 4121668 291 7 7 333
149 4121668 291 6 8 8
150 4121668 291 6 0 3
151 4121668 291 1 9 1096
152 4121668 291 3 0 6
153 4121668 291 10 0 1
154 4196492 292 9 8 218
155 4196492 292 2 6 13
156 4196492 292 5 0 6
157 4196492 292 10 8 3054
158 4248046 298 9 0 21
159 4341344 303 3 10 14
160 4392854 304 2 5 23
161 4424747 308 6 1 147
162 4433251 310 10 6 6
163 4447629 311 0 10 19
164 4570906 317 1 7 2009
165 4570906 317 9 0 4
166 4570906 317 6 4 10
167 4627403 327 2 10 1020
168 4679276 328 4 3 1
169 4679276 328 7 3 2
170 4698436 330 0 8 10328
171 4714146 335 1 9 28
172 4765647 339 2 7 15
173 4818186 340 2 3 126
174 4818186 340 3 1 3
175 4882234 353 0 1 6
176 4882234 353 0 8 90
177 4934242 365 1 3 670
178 4951218 367 6 3 60
179 5026716 370 2 5 1
180 5077526 380 10 9 703
181 5077526 380 10 10 14
182 5094096 386 10 3 976
183 5136093 388 7 6 202
184 5136093 388 7 3 3122
185 5258355 390 8 1 2
186 5301942 392 1 4 854
187 5307922 394 2 4 16746
188 5457596 395 0 1 6
189 5457596 395 3 0 440
190 5457596 395 9 9 2555
191 5457596 395 10 1 3
192 5468306 396 10 1 1216
193 5468306 396 8 1 405
194 5685070 409 1 9 30
195 5685070 409 2 3 3
196 5685070 409 6 2 3
197 5685070 409 5 1 542
198 5685070 409 1 3 7
199 5685070 409 5 3 3
200 5742175 413 9 2 3014
201 5742175 413 9 0 144
202 5742175 413 9 7 32
203 5788040 422 10 3 54
204 5788696 423 3 1 4754
205 5997446 428 3 7 97
206 5997446 428 7 10 4
207 5997446 428 4 9 3
208 5997446 428 8 9 1
209 6102316 430 10 1 1051
210 6102316 430 10 4 3
211 6102316 430 7 0 2
212 6102316 430 0 2 18
213 6128245 436 0 3 109
214 6141678 440 0 0 29
215 6166536 446 8 4 28
216 6190380 454 8 8 35
217 6275163 457 2 1 1
218 6275163 457 4 4 1
219 6275163 457 2 0 8
220 6298715 459 0 5 651
221 6314860 460 1 3 39
222 6395957 461 6 9 85
223 6395957 461 3 6 614
224 6395957 461 8 8 9
225 6395957 461 7 6 614
226 6661224 466 7 0 15
227 6661224 466 5 9 4
228 6661224 466 8 6 4
229 6661224 466 2 1 5
230 6661224 466 0 5 6
231 6661224 466 6 4 217
232 6661224 466 2 9 28
233 6724143 467 0 6 6
234 6724143 467 5 9 8
235 6724143 467 2 5 86
236 6724143 467 5 0 430
237 6848640 473 6 9 2
238 7069335 475 5 8 2
239 7069335 475 2 9 5
240 7069335 475 5 1 3
241 7069335 475 4 6 6
242 7069335 475 9 6 1
243 7069335 475 8 6 4
244 7069335 475 9 0 1
245 7071599 476 8 10 15
246 7093119 477 2 2 17757
247 7093119 477 2 10 99647
248 7119405 481 5 10 87
249 7120468 482 4 2 222
250 7125160 483 10 10 8
251 7126537 485 2 0 117
252 7152016 487 5 4 344
253 7179879 489 3 7 5
254 7198874 496 10 3 2626
255 7403509 498 4 5 175
256 7403509 498 4 3 1
257 7403509 498 6 2 9
258 7403509 498 0 4 50
259 7403509 498 3 5 526
260 7403509 498 4 10 13
261 7403509 498 1 8 5658
262 7403509 498 2 9 1
263 7403509 498 5 9 1
264 7403509 498 4 1 17
265 7403509 498 3 8 514
266 7420667 499 7 4 225
267 7437205 504 6 9 296
268 7556330 507 9 4 1429
269 7556330 507 3 1 1
270 7556330 507 10 4 1429
271 7556330 507 2 5 199
272 7727771 513 4 4 200
273 7727771 513 3 1 10
274 7727771 513 1 8 5049
275 7727771 513 5 4 300
276 7753398 516 1 3 1
277 7753398 516 9 3 1
278 7757531 519 10 10 44
279 7761258 521 1 4 152
280 7848126 542 1 2 138
281 7848126 542 1 1 3993
282 7917009 551 5 1 3
283 8143096 555 0 3 202
284 8143096 555 7 3 202
285 8143096 555 2 3 202
286 8143096 555 2 4 829
287 8143096 555 7 8 102
288 8221801 556 8 0 1
289 8221801 556 9 0 1
290 8280281 561 7 10 28
291 8318854 563 10 10 127
292 8335120 565 1 6 430
293 8421380 569 0 6 5
294 8421380 569 2 8 1
295 8421380 569 5 6 1
296 8423441 571 7 7 16
297 8507001 576 0 6 27
298 8518410 578 3 0 66
299 8520551 580 0 8 233
300 8557531 582 4 5 179
301 8557531 582 4 2 114
302 8576866 583 6 4 5985
303 8626424 597 3 4 14
304 8627892 598 4 6 39008
305 8634601 599 7 1 186
306 8698491 602 8 3 56
307 8698491 602 6 3 169
308 8753598 611 0 2 43
309 8942788 612 8 0 713
310 8942788 612 1 10 55
311 8942788 612 5 2 448
312 8942788 612 9 2 1346
313 8942788 612 0 10 5
314 8942788 612 6 6 1
315 8942788 612 7 3 1
316 8958693 613 3 7 12697
317 9137408 616 7 2 1
318 9137408 616 7 0 494
319 9137408 616 0 1 1
320 9137408 616 5 3 20
321 9198430 626 2 7 117
322 9198430 626 2 3 6058
323 9223757 628 1 4 81
324 9287615 633 5 0 4797
325 9287615 633 5 1 368
326 9287615 633 5 7 3
327 9318565 637 0 10 8
328 9443374 644 1 0 8
329 9443374 644 0 2 152
330 9443374 644 1 4 647
331 9443374 644 9 2 101
332 9443374 644 6 8 1817
333 9443374 644 3 0 8
334 9443374 644 5 0 8
335 9443374 644 6 6 1
336 9457092 654 7 5 44
337 9497003 668 5 5 82
338 9647553 671 5 1 715
339 9647553 671 0 7 1
340 9647553 671 7 5 30
341 9647553 671 8 8 5
342 9693142 678 6 6 409
343 9710691 682 10 7 108
344 9830207 683 10 9 30
345 9830207 683 1 6 20
346 9926866 690 4 3 45
347 9926866 690 8 8 600
348 9929479 691 8 2 24
349 9979325 692 2 0 75
350 9979325 692 10 7 4345
351 9979325 692 7 3 3329
352 9996274 693 8 5 224
353 10232685 695 0 4 1
354 10232685 695 3 1 11
355 10232685 695 8 1 3
356 10232685 695 6 9 1503
357 10232685 695 3 10 1
358 10232685 695 1 9 214
359 10232685 695 7 9 429
360 10235429 696 4 9 362
361 10296256 698 10 4 89
362 10299003 700 9 4 4666
363 10371151 702 0 8 88
364 10371151 702 0 6 22
365 10417913 703 9 1 49
366 10428930 708 7 4 12039
367 10457348 710 3 9 22919
368 10484737 714 2 2 9758
369 10580282 718 5 9 11729
370 10581821 719 2 7 4984
371 10583866 721 4 10 231
372 10588221 722 10 1 2439
373 10637956 724 6 0 16260
374 10658761 727 2 7 5
375 10722463 732 7 6 7
376 10722463 732 4 3 39
377 10776981 735 9 9 40
378 10776981 735 9 8 70
379 10815278 739 10 0 372
380 10940420 741 3 7 2
381 10969327 748 7 8 28
382 11100083 751 6 4 13
383 11100083 751 9 2 119
384 11100083 751 5 0 23
385 11100083 751 2 6 55
386 11100083 751 7 6 55
387 11100083 751 2 8 1
388 11100083 751 9 5 343
389 11120057 752 1 0 168
390 11148312 755 9 1 352
391 11186692 759 9 3 11
392 11267457 766 0 10 30
393 11315916 768 8 8 1321
394 11315916 768 0 6 37
395 11316255 769 5 3 363
396 11316768 770 1 5 68
397 11360220 778 8 9 7
398 11431391 798 4 7 28
399 11491731 815 4 7 813
400 11491731 815 6 10 1677
401 11726435 822 0 1 1
402 11726435 822 6 4 1
403 11726435 822 10 5 78
404 11726435 822 10 8 239
405 11726435 822 2 1 1
406 11726435 822 6 9 5
407 11726435 822 9 9 1
408 11898401 823 1 6 1980
409 11983810 830 2 2 63
410 12023349 833 7 1 62
411 12048621 834 7 4 4
412 12107412 845 4 7 9
413 12122151 846 5 5 11850
414 12122151 846 5 4 14
415 12162483 857 9 6 9641
416 12199754 861 3 9 59
417 12333499 864 8 1 4
418 12333499 864 10 9 35
419 12333499 864 9 5 15
420 12333499 864 7 2 954
421 12333499 864 2 6 4
422 12333499 864 0 4 17
423 12333499 864 6 10 172
424 12333499 864 10 8 113
425 12348851 870 2 3 6
426 12394659 874 2 3 32
427 12409675 876 9 3 18
428 12411864 878 9 6 46
429 12429915 885 10 5 37
430 12521786 886 8 1 11
431 12521786 886 10 0 29
432 12521786 886 2 7 4
433 12521786 886 5 9 751
434 12538681 888 10 3 87
435 12538681 888 10 6 3020
436 12538681 888 10 1 119
437 12633297 894 3 9 35
438 12633297 894 4 3 12
439 12633297 894 8 5 30
440 12633297 894 9 1 4
441 12633297 894 9 3 12
442 12633297 894 2 1 4
443 12633297 894 0 2 11
444 12687981 896 10 2 38
445 12713987 899 6 0 1733
446 12728827 901 6 2 30
447 12770836 905 4 8 95
448 12832259 909 9 7 11407
449 12850923 911 1 0 682
450 12871683 913 2 2 19
451 12912393 919 10 1 2
452 12912393 919 1 1 1
453 12969602 926 7 8 20
454 12971408 927 7 0 85
455 12973587 928 7 10 102
456 13187300 929 5 5 682
457 13187300 929 0 10 1
458 13187300 929 3 8 4
459 13187300 929 3 9 4
460 13187300 929 4 4 2635
461 13313947 930 6 10 1367
462 13313947 930 2 10 683
463 13313947 930 5 8 309
464 13428321 931 4 5 349
465 13428321 931 4 3 49
466 13504003 932 2 8 6
467 13504003 932 10 7 10
468 13504003 932 6 0 2
469 13504003 932 4 9 4
470 13504003 932 5 4 6
471 13504003 932 10 2 1805
472 13504003 932 2 2 2708
473 13753213 941 3 4 1
474 13753213 941 4 0 22
475 13753213 941 7 0 16
476 13753213 941 5 6 2
477 13753213 941 2 6 5
478 13753213 941 7 9 1305
479 13753213 941 4 10 18
480 13753213 941 2 1 96
481 13753213 941 0 6 34
482 13753213 941 6 7 18
483 13753917 942 10 5 700
484 13756221 943 4 0 2
485 13756221 943 6 0 1
486 13781171 948 8 6 3958
487 14023011 967 7 0 29
488 14023011 967 6 5 7
489 14023011 967 4 2 15
490 14041916 970 8 6 37
491 14049582 971 9 8 90
492 14068013 972 10 10 169
493 14068013 972 10 9 152
494 14106529 973 0 8 2624
495 14181363 993 4 2 94
496 14212729 994 0 5 16
497 14212729 994 7 1 8
498 14212729 994 5 4 38
499 14212729 994 10 5 81
