11 80 100
0 13391 0 1 1 3
1 131147 13 6 5 13
2 171575 17 6 9 1976
3 217469 27 3 0 130
4 247674 36 3 4 53
5 382307 51 3 3 15
6 948996 137 1 10 222
7 954172 140 7 4 142
8 1113658 160 7 9 4
9 1135930 162 3 4 15
10 1150028 168 7 2 30
11 1197286 177 0 10 393
12 1230634 196 9 4 86
13 1343276 224 3 5 91
14 1371444 229 0 8 118
15 1371444 229 6 7 9
16 1399459 230 3 2 1
17 1403901 232 6 5 18
18 1453766 233 5 1 8
19 1543209 241 1 9 1226
20 1656644 265 1 3 69
21 1689436 282 8 0 16296
22 1795574 287 9 5 2
23 1865107 292 10 9 529
24 1929486 303 9 10 14
25 2031513 317 1 7 2009
26 2088193 330 0 10 1364
27 2088193 330 0 8 10328
28 2088373 332 2 8 19
29 2356418 392 6 5 3851
30 2356418 392 8 5 2567
31 2425598 395 0 9 2555
32 2425598 395 8 10 31
33 2665531 428 8 6 1
34 2665531 428 3 1 1336
35 2665531 428 0 4 1
36 2712140 430 10 5 33
37 2729634 440 5 10 4
38 2734471 443 6 1 15
39 2734471 443 6 6 1210
40 2743373 448 10 1 2
41 2788961 457 8 7 1
42 2960544 466 8 2 150
43 2988508 467 5 8 7
44 3178674 487 5 5 33572
45 3178674 487 5 10 202
46 3199499 496 10 3 2626
47 3290448 498 6 4 50
48 3290448 498 5 2 9
49 3290448 498 9 8 514
50 3461664 533 4 4 779
51 3488422 544 7 5 54
52 3619153 555 0 0 1
53 3619153 555 4 0 3
54 3654133 556 9 10 335
55 3662155 557 3 3 26
56 3704498 565 1 2 99585
57 3742835 569 6 3 21
58 3780889 576 10 5 2438
59 3786181 579 3 0 57
60 3865996 602 8 8 3636
61 3890488 611 10 2 8
62 3974572 612 10 4 133
63 3981641 613 3 2 20
64 4061070 616 0 7 200
65 4061070 616 0 3 20
66 4197055 644 3 3 21
67 4197055 644 9 3 64
68 4197055 644 5 8 908
69 4203442 655 8 3 82
70 4287801 671 9 4 671
71 4287801 671 10 0 1
72 4368981 683 2 2 1527
73 4647710 710 3 5 9637
74 4702347 718 5 1 6
75 5068134 789 3 2 30
76 5117903 821 7 9 36
77 5211749 822 9 10 1
78 5211749 822 6 10 1
79 5392725 853 9 0 60
80 5413895 859 6 6 60
81 5413937 860 9 6 11
82 5422112 861 3 6 1409
83 5422112 861 3 0 984
84 5495414 871 6 3 767
85 5565238 886 1 3 48
86 5565238 886 2 6 1111
87 5614798 894 3 9 35
88 5657256 901 1 3 1484
89 5694993 907 4 10 3
90 5711810 912 8 1 71
91 5861022 929 8 5 227
92 5968142 931 1 10 901
93 5968142 931 1 6 8
94 6001779 932 6 10 47
95 6022403 940 0 3 11398
96 6112539 941 0 10 18
97 6112539 941 6 4 1
98 6116272 946 7 9 37
99 6232449 967 7 4 14
