11 79 100
0 57496 3 5 2 11041
1 66551 4 6 8 9
2 235498 26 0 8 2366
3 266676 29 2 8 170
4 305883 39 0 5 34
5 430095 51 5 5 8
6 437695 57 7 9 705
7 485307 59 2 7 6
8 494306 61 10 4 63
9 906220 108 4 0 226
10 943173 118 2 2 2
11 1179094 154 8 4 10
12 1179094 154 7 3 56
13 1303830 170 3 5 103
14 1386128 197 1 1 1245
15 1542874 229 2 9 74
16 1542874 229 6 0 10
17 1574392 230 3 8 33
18 1635487 233 4 4 1153
19 1644069 236 9 6 55
20 1736110 241 6 9 1226
21 1853267 262 2 3 1
22 2020021 287 6 4 1
23 2060834 291 5 0 3
24 2098246 292 0 0 6
25 2098246 292 10 6 39
26 2170672 303 10 0 1
27 2357073 335 1 0 231
28 2365497 337 4 6 86
29 2382823 339 0 5 190
30 2629177 390 1 0 29
31 2894020 422 5 3 54
32 2998723 428 1 9 1
33 3197978 461 3 2 27
34 3330612 466 6 3 1801
35 3330612 466 9 7 1
36 3330612 466 10 5 1
37 3330612 466 4 1 2
38 3330612 466 9 5 1
39 3362071 467 5 9 8
40 3362071 467 10 8 39
41 3379869 471 6 10 923
42 3534667 475 8 9 5
43 3558905 480 5 8 224
44 3710333 499 7 5 7680
45 3778165 507 2 9 7
46 3778165 507 3 9 21
47 3778165 507 0 3 2
48 3863885 513 8 5 172
49 3863885 513 2 3 5
50 3863885 513 10 5 345
51 3924063 542 1 6 65
52 4071548 555 10 0 4
53 4210690 569 10 10 49
54 4210690 569 4 6 1
55 4210877 570 1 9 106
56 4349245 602 6 6 1
57 4363884 607 10 9 5247
58 4471394 612 7 0 71
59 4568704 616 1 9 5
60 4586659 624 2 5 2839
61 4721687 644 7 10 1
62 4748501 668 5 3 3071
63 4823776 671 7 0 14
64 4915103 683 5 1 25
65 4915103 683 9 4 638
66 5116342 695 7 3 4
67 5148128 698 10 10 32
68 5311005 723 6 5 29
69 5334624 731 3 10 2
70 5390360 736 2 6 1770
71 5470210 741 3 7 2
72 5484663 748 7 8 28
73 5550041 751 9 7 3
74 5550041 751 10 8 1
75 5560028 752 3 8 42
76 5598043 761 2 5 45
77 5687271 780 2 1 117
78 5703023 790 7 8 37
79 5863217 822 6 9 5
80 6061075 846 5 9 17114
81 6082861 858 4 2 1
82 6213101 881 10 2 1685
83 6316648 894 8 9 35
84 6356993 899 6 2 250
85 6378490 903 1 4 337
86 6385418 905 0 8 95
87 6593650 929 10 2 4
88 6593650 929 6 5 227
89 6593650 929 2 4 2635
90 6593650 929 1 2 12
91 6656973 930 1 6 13
92 6656973 930 9 7 31
93 6714160 931 10 0 3169
94 6714160 931 6 2 1607
95 6752001 932 0 6 9
96 6876606 941 9 1 288
97 6876606 941 10 10 36
98 6936430 961 8 5 343
99 7011505 967 5 1 1846
