11 83 100
0 76661 3 9 5 5552
1 196720 13 3 9 2319
2 308212 23 8 10 4218
3 573461 51 8 8 1
4 574368 52 9 4 249
5 647077 59 2 5 14
6 802181 75 4 1 1183
7 820565 81 0 6 119
8 973763 94 9 5 756
9 1049429 99 0 9 42
10 1572126 154 4 8 43
11 1572126 154 1 9 11
12 1670487 160 8 6 5
13 1795930 177 0 3 10858
14 1945201 203 7 7 7494
15 2013798 223 3 9 2
16 2057166 229 6 2 1233
17 2180650 233 1 6 6
18 2471022 262 0 8 21
19 2693361 287 1 0 5
20 2747779 291 0 7 111
21 2832031 298 1 7 60
22 3047270 317 5 5 5789
23 3047270 317 9 0 4
24 3047270 317 5 3 54
25 3119517 328 1 3 1
26 3119517 328 2 5 297
27 3154701 338 7 5 18
28 3154701 338 1 5 37
29 3177098 339 6 3 215
30 3212124 340 3 4 5
31 3212124 340 5 8 451
32 3243201 351 8 1 221
33 3300812 367 6 10 6
34 3317303 369 1 9 476
35 3424062 388 0 2 35
36 3692224 402 2 3 65
37 3790047 409 5 7 1
38 3790047 409 2 9 45
39 3842711 420 5 8 36
40 3998297 428 1 0 2
41 4110367 445 7 0 52
42 4209906 460 1 4 4695
43 4263971 461 6 1 34
44 4440816 466 8 3 1801
45 4712890 475 5 8 2
46 4935673 498 2 0 10
47 5037553 507 0 0 12
48 5068746 510 6 2 40
49 5151847 513 0 5 345
50 5151847 513 8 6 80
51 5169967 518 9 8 52
52 5206410 535 7 1 59
53 5245360 547 4 4 109
54 5282987 552 5 0 76
55 5428730 555 1 0 1
56 5428730 555 5 6 23
57 5428730 555 3 0 2
58 5481200 556 3 10 335
59 5508161 558 1 6 81
60 5678940 578 6 8 233
61 5961858 612 1 9 14
62 5961858 612 1 7 2539
63 6091605 616 4 8 1
64 6091605 616 1 7 1201
65 6091605 616 9 10 1709
66 6295582 644 1 0 8
67 6431702 671 5 9 8
68 6434014 672 8 2 85
69 6553471 683 1 6 20
70 6553471 683 4 9 123
71 6821790 695 3 3 4
72 6821790 695 4 1 41
73 6914100 702 0 8 88
74 6971565 710 3 1 44
75 7400055 751 10 8 1
76 7433774 756 7 0 152
77 7511638 766 7 10 7
78 7543944 768 0 4 59
79 7564810 777 10 6 150
80 7594577 786 6 0 54
81 7620927 798 4 9 293
82 7817623 822 3 0 7
83 7817623 822 5 1 1
84 7968602 825 5 5 16
85 8110481 858 4 2 1
86 8223806 866 10 3 552
87 8363538 890 8 10 13
88 8368697 893 8 3 795
89 8475991 899 6 1 58
90 8628574 924 10 6 1
91 8791533 929 9 1 2
92 8791533 929 0 5 454
93 8875965 930 7 2 7
94 8952214 931 10 1 10
95 9033605 940 0 6 15144
96 9168808 941 5 4 1
97 9174409 946 7 9 37
98 9348674 967 5 8 44
99 9475153 994 2 0 3
