11 73 100
0 462618 24 7 4 6073
1 537458 30 6 6 11
2 970615 59 2 10 3
3 988612 61 2 1 230
4 1203271 75 4 1 1183
5 1383446 84 2 2 231
6 1383446 84 7 0 7
7 1383446 84 10 4 10
8 1847548 116 2 3 15961
9 1983914 134 1 6 1980
10 2019987 136 8 5 496
11 2170497 143 0 1 26
12 2170497 143 0 10 7810
13 2619964 172 6 8 29
14 2693895 177 3 0 359
15 2696127 178 9 0 104
16 2874457 198 0 0 5
17 2874457 198 10 5 1
18 2917801 203 8 10 2495
19 3085749 229 0 9 74
20 3270975 233 0 5 1
21 3325752 237 10 3 224
22 3472220 241 1 5 3364
23 3472220 241 4 5 1682
24 3821089 285 4 6 319
25 4040042 287 9 1 53
26 4121668 291 8 3 1267
27 4121668 291 7 7 333
28 4121668 291 3 2 3435
29 4341344 303 10 6 397
30 4341344 303 0 9 3069
31 4579104 319 7 10 78
32 4698436 330 0 6 47
33 5538336 402 9 4 6
34 5742175 413 2 5 900
35 5997446 428 6 1 668
36 6128084 435 0 6 24
37 6165551 445 8 0 52
38 6275163 457 2 10 5
39 6314860 460 1 3 39
40 6395957 461 3 0 16
41 6661224 466 9 1 2
42 6724143 467 5 9 8
43 7403509 498 3 0 10
44 7603120 510 6 5 3
45 7603120 510 6 10 29
46 7727771 513 4 7 11
47 7727771 513 7 1 58
48 7753398 516 10 3 54
49 8143096 555 8 9 11
50 8143096 555 2 0 2
51 8143096 555 1 10 1
52 8143096 555 6 8 7
53 8143096 555 3 2 876
54 8239850 557 3 8 1648
55 8270513 560 3 2 29
56 8698491 602 6 8 259
57 8942788 612 6 6 1
58 8942788 612 1 10 55
59 8942788 612 5 5 360
60 9137408 616 7 9 2
61 9137408 616 2 3 83
62 9137408 616 5 9 14
63 9137408 616 3 9 11
64 9137408 616 4 5 1227
65 9456290 653 7 10 4838
66 9467118 660 10 7 16605
67 9479894 663 1 1 14315
68 9497003 668 5 0 9853
69 9830207 683 4 9 123
70 9840806 687 10 7 98
71 10232685 695 8 0 21
72 10232685 695 6 3 4
73 10296256 698 10 0 4
74 10296256 698 10 5 51
75 10296256 698 10 3 1526
76 10457348 710 3 7 220
77 10457348 710 3 10 1
78 10637956 724 6 2 205
79 10722463 732 7 5 26
80 10964257 744 6 3 1
81 10964257 744 1 8 151
82 11188147 760 5 0 1472
83 11200179 763 6 4 34
84 11726435 822 6 5 26
85 11726435 822 1 5 26
86 11983810 830 2 2 63
87 12023349 833 7 10 8
88 12063473 840 10 1 81
89 12333499 864 8 9 141
90 12633297 894 9 1 4
91 12912393 919 0 1 1
92 13187300 929 4 4 2635
93 13313947 930 2 7 21
94 13504003 932 5 0 2
95 13753213 941 9 1 288
96 13753213 941 0 7 1
97 14023011 967 5 2 15
98 14049582 971 10 8 30
99 14181363 993 4 8 12709
