11 81 100
0 65710 3 5 10 935
1 130392 12 6 2 40
2 258936 21 3 0 51960
3 304772 29 2 1 11
4 491538 51 7 4 15
5 491538 51 0 4 15
6 811912 89 7 5 6
7 899510 99 9 5 5
8 899510 99 0 6 10
9 981309 102 9 4 16
10 981309 102 5 7 2
11 1055742 116 2 6 106
12 1133665 134 6 7 32
13 1240284 143 0 5 3991
14 1347536 154 1 0 2
15 1474744 166 7 4 13
16 1511060 174 1 3 36
17 1900430 237 10 1 11
18 1984125 241 6 7 6
19 2118019 262 4 0 69
20 2145034 269 4 5 39
21 2308595 287 10 5 4
22 2308595 287 5 1 6
23 2308595 287 6 10 7
24 2308595 287 0 3 11
25 2611946 317 7 1 42
26 2614300 318 2 7 11
27 2684820 330 0 8 10328
28 2723227 339 2 7 15
29 2753249 340 7 7 2998
30 2774628 349 8 6 1136
31 2872409 370 6 8 3
32 2878841 376 9 10 108
33 3029681 392 1 5 5135
34 3248611 409 8 8 26
35 3427112 428 6 3 3
36 3528719 450 10 4 617
37 3654832 461 8 8 9
38 3806414 466 4 6 4
39 3806414 466 6 8 1
40 3854636 469 6 3 3988
41 3862707 471 1 10 923
42 3872784 472 7 0 7
43 3913509 473 7 9 2
44 4039620 475 3 0 1
45 4039620 475 1 0 6
46 4087385 488 10 4 7643
47 4109564 492 8 7 3095
48 4230576 498 3 10 13
49 4249831 504 6 8 77
50 4317903 507 6 7 800
51 4317903 507 10 0 3
52 4415869 513 6 9 20
53 4415869 513 10 9 20
54 4430513 516 0 3 1
55 4496022 547 4 7 18
56 4653197 555 10 7 7
57 4698172 556 5 4 4
58 4901066 583 6 1 2272
59 4904509 587 5 1 31
60 4912018 588 4 8 19655
61 4986833 606 10 3 161
62 5002056 611 10 2 8
63 5110164 612 8 8 8
64 5110164 612 9 4 26
65 5396213 644 5 0 8
66 5400520 647 3 3 1338
67 5402108 650 7 10 29
68 5673988 691 10 2 74
69 5712156 693 8 7 220
70 5847249 695 1 10 1
71 5953093 703 2 5 40
72 6069720 723 3 8 7
73 6127121 732 4 6 4
74 6251668 741 3 7 2
75 6342904 751 3 10 17
76 6370464 755 9 10 2193
77 6438547 766 3 5 13
78 6700820 822 2 9 1
79 6700820 822 2 5 26
80 6700820 822 7 9 3
81 6799086 823 1 1 969
82 6830230 825 6 0 115
83 6907888 842 1 9 9530
84 6949990 857 9 8 57
85 7219027 894 10 8 1
86 7219027 894 2 4 56
87 7219027 894 6 7 54
88 7273615 901 6 2 30
89 7395920 924 10 6 1
90 7411201 926 7 3 71
91 7535600 929 8 2 21
92 7535600 929 7 0 2
93 7535600 929 0 8 4
94 7607970 930 5 1 43
95 7607970 930 4 6 79
96 7607970 930 5 7 10
97 7858979 941 2 10 18
98 7927348 961 4 5 343
99 8060874 973 0 5 2131
