11 79 100
0 91994 3 10 4 3213
1 168158 9 4 5 248
2 236064 13 8 8 1
3 308835 17 10 9 1317
4 322229 18 1 5 253
5 391445 27 3 0 130
6 426681 29 2 2 8778
7 520972 44 1 0 118
8 776492 59 1 10 3
9 962617 75 5 10 3
10 1106757 84 3 5 4
11 1259315 99 7 10 3070
12 1449952 108 8 0 226
13 1449952 108 7 4 34
14 1708193 137 8 6 2
15 1717481 139 7 1 25
16 2004585 160 1 6 2
17 2086128 170 3 9 3937
18 2155116 177 3 3 2171
19 2523037 231 7 6 2
20 2616780 233 5 7 1
21 2965227 262 2 7 5
22 2965227 262 2 3 1
23 2988449 267 8 9 312
24 3232033 287 6 0 1
25 3232033 287 9 2 3
26 3232033 287 2 9 1
27 3232033 287 9 6 24
28 3366643 295 6 4 6
29 3473075 303 9 9 409
30 3514283 304 2 2 74
31 3656724 317 0 1 14
32 3656724 317 1 7 2009
33 3758748 330 0 10 1364
34 3784795 337 4 1 95
35 3812517 339 6 5 190
36 4021372 370 8 2 1
37 4548056 409 10 3 1
38 4548056 409 6 0 528
39 4593740 413 9 10 29
40 4797956 428 4 10 38
41 4881853 430 5 6 190
42 4881853 430 2 10 2
43 4915214 441 7 3 52
44 5124505 464 9 0 17
45 5125669 465 3 0 20
46 5393131 468 7 7 38
47 5655468 475 8 5 2
48 5721613 487 5 7 808
49 5922807 498 6 5 175
50 5922807 498 6 1 35
51 5949764 504 6 9 296
52 6045064 507 3 9 21
53 6082496 510 7 6 71
54 6514476 555 0 5 3
55 6514476 555 0 2 876
56 6638398 562 10 8 7631
57 6805600 576 10 3 30
58 6888946 591 1 10 5
59 6986570 610 2 3 27
60 7002878 611 10 2 8
61 7002878 611 10 6 205
62 7154230 612 8 9 1
63 7154230 612 7 7 5079
64 7154230 612 8 6 1
65 7309926 616 8 7 200
66 7309926 616 10 6 36
67 7334590 621 10 8 18
68 7554699 644 0 0 25
69 7554699 644 9 1 6
70 7597602 668 5 8 15767
71 7718043 671 5 9 8
72 7742083 675 2 2 222
73 7864166 683 2 7 548
74 8186148 695 9 9 214
75 8186148 695 10 4 1
76 8237005 698 2 10 32
77 8296921 702 4 9 6
78 8497608 723 3 6 66
79 8510365 724 6 9 286
80 8621585 735 9 6 47
81 8635956 738 5 1 213
82 8752336 741 5 1 40583
83 8880066 751 1 10 51
84 8896046 752 8 8 21
85 9052733 768 0 10 47
86 9129996 796 0 10 90
87 9381148 822 7 10 1
88 9381148 822 6 1 1
89 9518721 823 2 9 1
90 9518721 823 10 3 2
91 10017428 886 10 7 1
92 10017428 886 7 6 555
93 10250988 907 2 6 68
94 10549840 929 4 2 4
95 10549840 929 0 9 8
96 10549840 929 6 3 3
97 10803202 932 10 8 6
98 11002570 941 7 10 36
99 11049968 953 1 3 14
