11 75 100
0 168617 13 10 1 1591
1 220596 17 3 10 26
2 491538 51 2 6 1
3 703159 80 7 4 194
4 851788 97 4 9 1843
5 1035680 108 4 0 226
6 1220138 137 6 3 9
7 1431846 160 5 6 2
8 1497122 172 7 2 54
9 1539368 177 0 2 189
10 1544561 182 5 6 2663
11 1642546 198 1 2 2
12 1667315 203 8 0 228
13 1718516 220 0 5 2340
14 1763285 229 2 5 133
15 1869128 233 8 2 4
16 1869128 233 4 1 39
17 2038683 259 5 5 85
18 2118019 262 2 2 6
19 2308595 287 4 1 3
20 2308595 287 4 4 2
21 2355239 291 3 0 6
22 2397995 292 6 8 218
23 2397995 292 1 10 2
24 2427455 298 1 7 60
25 2611946 317 8 7 2009
26 2779886 351 8 1 221
27 2818667 364 4 6 40
28 3029681 392 1 5 5135
29 3164763 402 9 3 65
30 3281243 413 2 9 66
31 3293752 420 6 1 29
32 3427112 428 3 0 1
33 3427112 428 7 7 1
34 3427112 428 10 3 14
35 3487038 430 5 6 190
36 3654832 461 0 6 245
37 3654832 461 6 1 34
38 3654832 461 5 6 122
39 3806414 466 3 10 2
40 3806414 466 5 10 4
41 3913509 473 9 2 7
42 4039620 475 8 1 3
43 4039620 475 8 8 60
44 4039620 475 5 3 1
45 4079858 486 6 3 91
46 4111931 494 7 2 10
47 4230576 498 10 9 1
48 4230576 498 2 4 50
49 4230576 498 7 9 18
50 4230576 498 10 8 514
51 4317903 507 6 8 26
52 4317903 507 1 7 72
53 4415869 513 0 4 200
54 4653197 555 10 5 1
55 4653197 555 3 9 4
56 4762926 565 1 3 65
57 4928022 595 0 9 1
58 4970566 602 8 7 111
59 4986833 606 10 6 184
60 5110164 612 4 2 448
61 5396213 644 6 5 15
62 5548918 681 3 4 2639
63 5617261 683 6 10 16
64 5847249 695 9 8 1
65 5847249 695 3 7 5
66 5847249 695 4 7 1
67 5847249 695 5 7 8
68 5899895 701 10 2 7
69 5926372 702 4 3 13
70 5953093 703 2 7 1370
71 6397763 761 2 5 45
72 6397763 761 4 5 45
73 6466238 768 8 2 620
74 6499739 780 3 1 117
75 6509638 786 6 0 54
76 6536652 803 8 3 11335
77 6551187 806 3 0 10
78 6700820 822 10 6 8
79 6799086 823 10 1 969
80 6830230 825 7 9 18
81 6907888 842 1 7 25
82 6949990 857 9 9 69
83 7047713 864 7 2 954
84 7047713 864 10 9 35
85 7155306 886 7 6 555
86 7535600 929 0 3 6
87 7535600 929 0 4 878
88 7607970 930 9 0 9968
89 7607970 930 2 6 13
90 7716573 932 10 2 1805
91 7716573 932 9 10 23
92 7726950 937 4 6 76
93 7858979 941 3 5 13
94 7858979 941 5 8 1
95 8013149 967 6 9 2
96 8013149 967 5 3 4
97 8028332 971 9 8 90
98 8064256 975 2 8 3
99 8103636 993 4 2 94
