11 74 100
0 91994 3 10 5 113
1 91994 3 9 3 2654
2 308835 17 0 10 1
3 322229 18 1 6 36
4 443025 32 7 4 14
5 688153 51 3 9 1
6 817570 66 0 4 60
7 849962 71 8 0 65
8 1157998 93 9 7 13
9 1373832 102 8 1 91
10 1615990 136 1 5 496
11 1708193 137 1 0 4
12 1708193 137 6 8 39
13 2004585 160 4 6 5
14 2004585 160 0 10 5
15 2004585 160 9 6 2
16 2008606 161 0 8 17
17 2155116 177 0 5 42
18 2299565 198 0 1 4
19 2519027 230 3 2 1
20 3056871 285 4 6 319
21 3297335 291 3 2 3435
22 3297335 291 3 6 409
23 3297335 291 2 5 25
24 3297335 291 1 7 111
25 3539797 308 6 1 147
26 3746084 329 0 7 2
27 3784795 337 4 4 1536
28 3854548 340 2 3 126
29 3854548 340 8 7 2998
30 3980764 369 2 0 17
31 4029473 375 9 0 228
32 4108874 388 0 6 202
33 4206684 390 7 6 114
34 4206684 390 10 3 596
35 4366077 395 5 4 1
36 4366077 395 0 7 1
37 4377746 398 9 9 103
38 4548056 409 8 6 1
39 4797956 428 7 9 1
40 4797956 428 7 8 2
41 4797956 428 4 2 1
42 4881853 430 1 8 4
43 4902467 435 7 1 108
44 5020130 457 7 9 27
45 5020130 457 8 6 12
46 5116766 461 4 7 1
47 5328979 466 4 6 4
48 5328979 466 0 1 14
49 5328979 466 2 3 1801
50 5328979 466 0 2 50
51 5478912 473 3 8 52
52 5655468 475 4 6 6
53 5674495 477 2 10 99647
54 5687931 479 7 9 1
55 5922807 498 2 8 514
56 5922807 498 0 0 43
57 5943138 502 2 6 191
58 6045064 507 2 6 3
59 6082496 510 6 5 3
60 6209953 522 5 9 21
61 6577440 556 10 4 26
62 6737104 569 8 5 1
63 6737104 569 7 0 26
64 6805600 576 0 2 51
65 6846025 582 4 0 2716
66 7154230 612 10 1 6
67 7154230 612 9 2 1346
68 7309926 616 2 3 83
69 7554699 644 5 10 11
70 7718043 671 7 7 1
71 7892460 689 9 4 318
72 8186148 695 9 9 214
73 8186148 695 4 6 1
74 8186148 695 6 1 3
75 8365879 710 3 0 36
76 8379748 712 4 4 99
77 8464225 718 6 1 6
78 8792041 749 4 9 1
79 8943116 757 8 1 38
80 8956869 761 8 5 91
81 9145112 798 4 0 65
82 9381148 822 3 9 9
83 9381148 822 9 4 1
84 9381148 822 6 5 26
85 9381148 822 10 5 78
86 9518721 823 10 3 2
87 9518721 823 1 7 1502
88 9587048 830 3 5 172
89 10017428 886 9 7 4
90 10106638 894 4 3 12
91 10106638 894 0 9 35
92 10205646 904 5 6 59
93 10250988 907 2 3 18
94 10280738 911 7 0 2047
95 10651158 930 7 10 683
96 10813588 935 1 1 1573
97 11002570 941 3 0 5
98 11222960 968 1 3 51
99 11254411 972 10 5 263
