11 78 100
0 60259 0 9 5 6
1 61345 1 9 1 33309
2 772087 17 9 8 1
3 1095667 31 5 7 2070
4 1720383 51 7 7 5
5 1941231 59 5 9 36
6 2178766 72 6 7 60
7 2766893 84 6 10 10
8 3434582 102 6 8 14609
9 3484574 104 4 3 2306
10 3624880 108 7 4 34
11 3772694 118 6 2 15
12 3780824 120 0 7 124
13 4716379 154 7 0 21
14 4716379 154 2 0 2
15 5011463 160 3 1 1
16 5111686 162 5 3 574
17 5158878 165 1 5 110
18 5294874 176 6 9 8
19 5387791 177 0 4 47
20 5521551 192 3 0 139
21 5748914 198 1 2 2
22 7135392 259 8 8 8101
23 8080084 287 7 1 47
24 8392985 292 1 8 1090
25 8392985 292 2 10 1
26 8682688 303 8 0 1
27 8682688 303 0 6 397
28 8785709 304 2 0 206
29 9141812 317 4 2 565
30 9141812 317 3 4 10
31 9636372 340 6 1 3
32 9764468 353 0 7 193
33 9764468 353 0 4 219
34 10915192 395 8 10 31
35 11370141 409 6 5 797
36 11994892 428 10 4 1
37 12204633 430 7 3 21
38 12204633 430 0 2 18
39 12220301 433 7 4 12730
40 12629720 460 1 1 356
41 12791915 461 7 10 1
42 13322449 466 2 2 50
43 13697281 473 2 7 26
44 14138670 475 1 7 9
45 14138670 475 1 0 6
46 14138670 475 6 0 2
47 14186239 477 2 10 99647
48 14359759 489 2 0 1571
49 14807019 498 9 6 1
50 15112661 507 7 4 4287
51 15509902 518 8 8 52
52 15629960 537 5 10 11
53 15697899 544 7 5 54
54 16286192 555 4 6 47
55 16524483 558 1 9 64
56 17885576 612 3 5 120
57 17885576 612 0 1 3
58 18274816 616 9 10 1709
59 18274816 616 1 10 3419
60 18575231 633 5 5 19724
61 18886748 644 2 0 8
62 18972971 666 1 3 75
63 19305758 673 9 1 956
64 19665460 685 1 4 41
65 19958651 692 6 4 38
66 20465371 695 2 7 1
67 20465371 695 1 1 3
68 20465371 695 7 6 2
69 20592512 698 2 0 22
70 20592512 698 2 7 2
71 21244020 723 6 2 3584
72 21244020 723 3 1 113
73 21444926 732 9 5 52
74 21880840 741 9 5 11
75 22534914 766 5 3 1
76 22534914 766 7 7 3
77 23796803 823 5 6 282
78 23796803 823 2 8 5
79 23905806 825 5 8 63
80 24324967 857 9 6 9641
81 24666998 864 4 5 15
82 24666998 864 8 4 5
83 24666998 864 7 4 17
84 25043572 886 6 2 82
85 25077363 888 10 5 109
86 25457654 901 6 2 30
87 25541673 905 3 8 95
88 25701846 911 4 0 682
89 26374600 929 3 2 21
90 26374600 929 2 3 13
91 27008006 932 9 4 6
92 27008006 932 9 10 23
93 27506426 941 9 1 288
94 27506426 941 2 6 5
95 27625440 954 10 1 315
96 27646722 958 3 3 2
97 28046022 967 0 0 9
98 28046022 967 4 8 44
99 28306439 987 9 9 42
