11 81 100
0 459971 3 10 9 40
1 1180324 13 6 2 70
2 1544175 17 0 9 5269
3 3882463 59 8 4 6
4 4087854 66 0 9 82
5 5533786 84 3 0 7
6 5749695 91 8 2 550
7 5789994 93 7 7 13
8 6296576 99 0 6 10
9 6869164 102 2 10 21
10 6969148 104 4 8 216
11 6969148 104 4 10 38979
12 7325947 115 3 6 95
13 8079951 136 1 1 31
14 8540966 137 2 3 9
15 8810338 147 9 6 19051
16 10022927 160 6 1 1
17 10479857 172 4 2 54
18 10802698 180 5 0 216
19 10808683 181 9 0 206
20 10852604 184 3 5 54
21 11671207 203 7 9 14
22 11671207 203 7 8 150
23 12595136 230 3 3 136
24 13303011 237 10 10 82
25 13314325 238 3 8 83
26 14826136 262 9 9 15
27 15108771 277 2 7 3263
28 15284357 285 4 6 319
29 16160168 287 3 10 15
30 16486675 291 0 0 33
31 16992187 298 1 1 12
32 17365377 303 3 7 1
33 17365377 303 9 0 1
34 17571418 304 3 3 9291
35 18717105 328 2 5 297
36 18717105 328 1 8 44
37 19272744 340 7 9 15
38 19272744 340 9 4 1
39 19272744 340 6 2 7
40 19310631 343 6 4 129
41 19446355 350 8 6 14
42 19528936 353 0 9 9
43 21207769 392 10 2 117
44 22321629 408 2 8 119
45 22740283 409 6 7 1
46 23241667 424 7 2 215
47 23989784 428 9 7 1
48 25100653 457 8 6 12
49 25583830 461 2 2 5
50 26644898 466 4 5 1
51 26644898 466 10 7 22
52 26965657 468 7 7 38
53 28277340 475 10 5 2
54 28439657 479 9 9 1
55 28439657 479 4 9 1
56 28719518 489 3 8 69
57 29614038 498 0 1 53
58 30225322 507 9 7 72
59 30412481 510 7 10 87
60 30911084 513 3 2 6
61 32572384 555 10 1 95
62 32572384 555 3 3 202
63 34028004 576 0 1 1
64 34307467 583 6 9 208
65 35771153 612 2 3 1
66 35771153 612 10 7 2539
67 36549632 616 6 6 108
68 36549632 616 2 4 1
69 37773497 644 4 10 1
70 38772571 678 7 4 9
71 39320831 683 0 0 1
72 39320831 683 7 8 11
73 40930743 695 5 2 793
74 40930743 695 3 9 214
75 41185025 698 2 3 127
76 41185025 698 5 3 7885
77 41185025 698 5 7 21
78 42488041 723 6 7 16
79 43761680 741 8 5 28
80 44400333 751 0 10 17
81 44400333 751 3 8 1
82 44784347 761 4 5 45
83 45069829 766 1 4 16
84 45263667 768 8 6 2
85 45725713 799 2 10 54
86 46905743 822 8 4 1
87 47593607 823 10 9 1
88 47593607 823 9 5 599
89 48355222 842 1 2 12
90 50533190 894 2 4 56
91 50855950 899 6 0 1733
92 51083346 905 3 8 95
93 51695741 923 10 7 1223
94 54201634 940 0 1 55
95 55012853 941 5 6 2
96 55012853 941 5 3 8
97 55012853 941 1 2 2
98 56449793 975 10 8 1
99 56725452 993 4 9 48
