11 80 100
0 30129 0 1 5 6
1 114992 3 10 8 592
2 295081 13 8 1 265
3 386043 17 1 8 1
4 583998 37 3 0 25
5 658396 48 8 8 26
6 679854 50 10 0 44
7 860191 51 9 9 1
8 1021963 66 0 6 59
9 1383446 84 10 2 77
10 1717291 102 5 5 14
11 1847548 116 2 9 68
12 1970030 132 0 1 6
13 2358189 154 10 8 87
14 2555843 162 7 0 3799
15 2555843 162 2 3 191
16 2917801 203 7 2 64
17 2945536 209 7 5 39
18 3032442 227 5 7 1033
19 3567696 259 3 1 891
20 3706534 262 8 5 8
21 3801232 282 8 3 286
22 4121668 291 7 2 3435
23 4248046 298 1 5 75
24 4341344 303 0 9 3069
25 4818186 340 6 2 7
26 4846334 346 1 5 1467
27 5026716 370 7 3 10
28 5258355 390 4 5 20
29 5258355 390 2 8 767
30 5258355 390 0 10 1
31 5457596 395 8 8 33
32 5468306 396 9 1 405
33 5700607 412 7 1 86
34 5754224 419 6 1 60
35 5997446 428 4 0 1
36 6275163 457 8 10 5
37 6395957 461 7 5 1
38 6661224 466 5 5 1
39 6661224 466 0 3 1801
40 6741414 468 7 5 422
41 6848640 473 2 7 26
42 7069335 475 8 5 2
43 7403509 498 9 9 1
44 7403509 498 3 5 526
45 7420667 499 7 2 121
46 7727771 513 3 7 5
47 7917009 551 5 1 3
48 8143096 555 4 7 60
49 8143096 555 3 7 3
50 8221801 556 3 10 335
51 8318854 563 10 3 653
52 8421380 569 2 7 8
53 8507001 576 10 0 51
54 8576866 583 6 7 1421
55 8616493 593 9 9 1350
56 8753598 611 7 2 147
57 8942788 612 9 1 13
58 9137408 616 0 10 12823
59 9137408 616 5 2 1
60 9137408 616 8 8 1
61 9330641 638 4 6 40
62 9443374 644 5 8 908
63 9450911 647 1 3 1338
64 9926866 690 8 3 45
65 10232685 695 4 10 1
66 10232685 695 3 6 1
67 10232685 695 8 3 26
68 10232685 695 0 8 1
69 10242326 697 6 1 154
70 10371151 702 3 5 112
71 10371151 702 0 10 1
72 10474685 712 10 4 49
73 10580282 718 6 10 2
74 10580282 718 8 10 2
75 10940420 741 4 8 1
76 11148312 755 9 1 352
77 11148312 755 9 6 4
78 11267457 766 8 10 106
79 11272103 767 6 8 67
80 11472877 810 3 7 472
81 12048621 834 7 0 177
82 12122151 846 5 8 80
83 12521786 886 5 0 59
84 12893983 917 9 9 199
85 12969602 926 7 2 58
86 13187300 929 7 3 3
87 13313947 930 7 10 683
88 13313947 930 5 8 309
89 13313947 930 4 4 13007
90 13428321 931 1 10 901
91 13428321 931 4 10 225
92 13753213 941 7 8 6
93 13753213 941 1 10 36
94 13753213 941 5 6 2
95 13753213 941 0 2 2
96 13814804 956 4 1 1266
97 13872860 961 7 5 2407
98 14023011 967 4 2 15
99 14138628 980 10 10 306
