11 79 100
0 308835 17 10 3 93
1 322229 18 1 2 19
2 482130 38 10 5 110
3 526717 48 8 8 26
4 776492 59 1 6 19
5 776492 59 2 3 5
6 798361 64 2 6 218
7 962617 75 8 7 3
8 1393829 104 4 2 54
9 1449952 108 7 7 76
10 1523469 124 9 3 28
11 1615990 136 8 8 31
12 1736398 143 0 9 7
13 1761011 146 3 4 5
14 1886551 154 10 6 575
15 2004585 160 0 9 9
16 2004585 160 8 3 10
17 2004585 160 6 1 1
18 2044674 162 3 1 1445
19 2155116 177 0 6 344
20 2299565 198 5 4 4
21 2339212 205 3 2 11780
22 2519027 230 0 1 46
23 3232033 287 0 1 6
24 3771317 335 1 8 44
25 3884480 349 2 6 2272
26 3906397 354 2 5 5284
27 3910119 356 6 0 96
28 4062021 380 10 1 100
29 4108874 388 7 3 3122
30 4206684 390 3 10 26
31 4366077 395 5 9 2555
32 4548056 409 10 2 3
33 4611254 420 6 10 64
34 4797956 428 10 6 1
35 4797956 428 9 0 1
36 4881853 430 4 10 5
37 5020130 457 4 10 25
38 5020130 457 10 7 10
39 5116766 461 8 7 1
40 5116766 461 3 4 10
41 5328979 466 1 0 7
42 5328979 466 9 5 1
43 5379314 467 0 1 1
44 5379314 467 1 1 2
45 5478912 473 2 7 26
46 5478912 473 5 2 23
47 5655468 475 6 9 5
48 5655468 475 5 1 3
49 5655468 475 3 7 4
50 5655468 475 2 3 1
51 5694248 480 5 8 224
52 5743903 489 9 9 62
53 5936534 499 7 10 10
54 6045064 507 4 0 6
55 6224810 528 3 7 128
56 6278771 543 7 4 113
57 6514476 555 2 0 2
58 6514476 555 10 5 1
59 6577440 556 3 5 3164
60 7154230 612 5 5 360
61 7309926 616 3 1 1
62 7338655 624 4 5 2839
63 7445723 635 5 2 135
64 7554699 644 8 9 27
65 7720816 672 8 5 20
66 7768485 681 8 4 1319
67 7997019 693 8 1 66
68 8237005 698 2 9 33
69 8296921 702 4 2 28
70 8510365 724 6 9 286
71 8880066 751 8 4 13
72 8880066 751 2 9 31
73 8897134 753 9 4 9625
74 9145112 798 4 5 6106
75 9518721 823 9 3 13
76 9562322 825 4 9 18
77 9745011 859 6 9 148
78 9759803 861 3 10 7689
79 9866799 864 9 9 105
80 9866799 864 4 5 15
81 9940963 881 5 2 2247
82 10017428 886 10 7 1
83 10017428 886 8 8 20
84 10106638 894 3 7 3
85 10106638 894 5 7 1
86 10150385 896 10 2 38
87 10183061 901 1 3 1484
88 10216669 905 10 8 95
89 10549840 929 2 1 1
90 10549840 929 4 9 8
91 10549840 929 3 1 1
92 10549840 929 7 5 4774
93 10742656 931 8 1 84
94 11002570 941 7 2 5
95 11002570 941 7 10 36
96 11024936 948 0 1 107
97 11105333 966 4 5 3957
98 11289958 975 6 8 1
99 11329340 991 9 10 233
