11 73 100
0 60259 0 9 3 1560
1 420395 9 7 8 2
2 1066704 29 10 4 20
3 1359708 50 1 8 12
4 1720383 51 10 6 1
5 2406543 75 10 5 1270
6 2406543 75 2 8 1
7 2841694 89 7 9 100
8 3434582 102 7 9 9
9 3434582 102 10 3 5
10 3695097 116 2 10 8305
11 4270483 137 5 0 8
12 4270483 137 2 10 890
13 4453768 150 2 2 69
14 4716379 154 3 2 249
15 4716379 154 7 1 33
16 4716379 154 2 10 2
17 5011463 160 6 9 4
18 5011463 160 7 2 421
19 5111686 162 0 7 1351
20 5748914 198 10 8 11
21 6171498 229 0 4 17
22 6171498 229 0 1 1
23 6297568 230 0 6 6
24 6541950 233 3 7 1
25 6651505 237 4 1 55
26 6944440 241 7 6 1
27 7012704 258 3 0 83
28 7135392 259 0 8 2025
29 7447796 263 10 10 1524
30 8080084 287 9 3 5
31 8243337 291 3 6 409
32 9141812 317 8 10 110
33 9150051 318 2 7 11
34 9226451 324 7 9 95
35 9358552 328 6 9 2
36 9531294 339 10 7 31
37 10272187 388 0 0 709
38 11994892 428 0 5 822
39 11994892 428 2 9 5
40 11994892 428 2 0 1
41 12204633 430 3 6 190
42 12204633 430 10 2 18
43 13322449 466 7 3 3602
44 13322449 466 6 9 4
45 14138670 475 6 7 85
46 14138670 475 8 7 4
47 14807019 498 3 7 7
48 14807019 498 10 0 21
49 15112661 507 3 6 3
50 15455542 513 2 9 20
51 16286192 555 0 0 1
52 16286192 555 1 2 876
53 16286192 555 6 8 7
54 16479701 557 3 7 70
55 16524483 558 1 5 72
56 16842760 569 1 0 52
57 16842760 569 3 9 2
58 17153733 583 6 2 76
59 17153733 583 6 9 208
60 17250790 596 9 1 190
61 17885576 612 9 4 26
62 18396860 626 2 7 117
63 18447515 628 1 3 228
64 18886748 644 9 3 64
65 18997034 670 5 9 92
66 19295107 671 2 1 476
67 19660415 683 2 5 1
68 19660415 683 9 8 35
69 19853732 690 8 9 17
70 19853732 690 0 6 14
71 20465371 695 9 10 1
72 20649635 701 1 2 3
73 20649635 701 10 2 7
74 20853180 707 6 1 13
75 21167402 720 10 8 8567
76 21244020 723 6 6 66
77 21630557 739 10 3 809
78 21880840 741 9 2 3
79 22200166 751 2 0 47
80 22912873 804 4 10 98
81 23030565 821 7 9 36
82 23452871 822 1 3 3
83 23796803 823 8 8 2
84 23796803 823 8 0 26
85 23796803 823 9 7 751
86 23905806 825 4 9 18
87 23905806 825 1 1 19
88 24666998 864 7 2 954
89 25043572 886 6 2 82
90 25043572 886 6 0 14
91 25266595 894 2 1 4
92 26374600 929 4 2 4
93 26374600 929 6 10 1
94 27008006 932 3 9 4
95 27506426 941 5 3 8
96 27506426 941 4 7 1
97 27506426 941 5 4 1
98 27745720 961 3 5 343
99 28224896 975 10 8 1
