11 76 100
0 51107 3 10 0 2396
1 93421 9 1 6 23
2 171575 17 2 7 2
3 201395 21 4 5 18
4 259554 37 3 0 25
5 271896 39 10 5 6
6 292620 48 8 8 26
7 302157 50 9 10 5268
8 534787 75 7 8 1
9 805529 108 6 4 68
10 809413 110 3 2 330
11 838376 118 9 7 55
12 865235 127 0 0 130
13 897772 136 1 8 15
14 948996 137 8 6 2
15 989726 150 2 9 28
16 1048084 154 9 5 69
17 1113658 160 5 8 306
18 1135930 162 10 3 382
19 1158960 170 3 7 102
20 1232114 197 1 1 1245
21 1325500 212 2 6 14
22 1332384 217 7 4 13
23 1371444 229 2 10 5
24 1647348 262 2 8 7
25 1647348 262 8 8 7
26 1795574 287 8 6 24
27 1929486 303 2 2 1892
28 2031513 317 7 0 4
29 2031513 317 9 8 167
30 2162134 351 8 1 221
31 2425598 395 10 1 3
32 2461483 402 9 9 42
33 2526698 409 2 10 15
34 2572754 423 3 1 4754
35 2665531 428 7 2 2
36 2665531 428 0 3 3
37 2729634 440 5 10 4
38 2960544 466 9 10 12
39 2960544 466 10 9 4
40 3043840 473 7 3 14
41 3141926 475 4 7 4
42 3141926 475 2 8 2
43 3141926 475 6 0 2
44 3141926 475 5 7 9
45 3191057 489 3 8 69
46 3290448 498 8 0 10
47 3290448 498 9 3 1
48 3379164 510 6 6 71
49 3470940 535 0 7 12
50 3470940 535 3 7 31
51 3619153 555 5 8 7
52 3619153 555 7 10 4
53 3742835 569 8 2 26
54 3974572 612 5 5 360
55 3974572 612 1 1 3
56 3974572 612 9 8 8
57 4061070 616 2 1 1
58 4061070 616 0 3 20
59 4220890 668 5 4 33132
60 4368981 683 10 0 1
61 4411940 690 4 10 4
62 4547860 695 7 9 429
63 4547860 695 7 0 149
64 4547860 695 7 6 2
65 4702347 718 10 3 15
66 4702347 718 6 3 15
67 4720893 723 3 4 523
68 4806790 739 10 1 78
69 4942247 752 0 0 717
70 5007758 766 0 3 1
71 5007758 766 10 7 7
72 5055352 780 1 5 14
73 5107436 815 6 10 1677
74 5211749 822 5 10 27
75 5288178 823 9 6 1414
76 5290114 824 6 10 142
77 5354942 834 8 10 1400
78 5388961 849 9 10 39
79 5429742 863 2 9 264
80 5481555 864 7 2 954
81 5481555 864 2 7 1
82 5513644 875 3 7 9
83 5565238 886 2 1 33
84 5639102 896 8 9 10
85 5650661 899 6 0 1733
86 5861022 929 7 7 231
87 5861022 929 4 2 4
88 5861022 929 10 9 4
89 5917310 930 9 3 15
90 5917310 930 9 6 172
91 5917310 930 6 7 10
92 5968142 931 2 0 11622
93 6001779 932 8 2 902
94 6022403 940 0 2 131
95 6022403 940 0 10 1313
96 6112539 941 4 5 41
97 6232449 967 4 5 7
98 6232449 967 5 0 9
99 6274538 977 7 2 1705
