11 78 100
0 113121 11 0 9 88
1 147540 13 8 8 1
2 244653 27 7 0 130
3 329198 48 10 8 53
4 430095 51 0 1 15
5 430095 51 9 1 15
6 498975 64 2 6 218
7 601635 75 6 9 1
8 730322 94 0 5 1513
9 858645 102 10 3 5
10 858645 102 5 6 1
11 858645 102 7 4 16
12 858645 102 1 5 14
13 974452 128 2 0 5
14 1009993 136 1 0 2006
15 1067620 137 6 6 2
16 1067620 137 5 6 2
17 1179094 154 7 1 33
18 1252865 160 6 3 2
19 1289719 165 5 5 110
20 1370698 190 8 0 72
21 1443363 202 3 9 290
22 1443363 202 3 5 21864
23 1458900 203 8 8 45
24 1462007 205 3 2 11780
25 1576898 231 7 6 2
26 1673235 239 7 1 18
27 1853267 262 4 1 30
28 1900803 284 7 1 30
29 2020021 287 5 7 807
30 2060834 291 1 0 1
31 2098246 292 6 9 1235
32 2170672 303 0 9 3069
33 2223814 311 3 10 57
34 2285453 317 5 10 55
35 2409093 340 7 0 20
36 2871087 413 2 9 66
37 3051158 430 8 0 40
38 3076280 443 6 10 95
39 3137581 457 7 0 8
40 3137581 457 7 3 1
41 3157430 460 1 10 64
42 3197978 461 2 8 9
43 3330612 466 9 9 8
44 3424320 473 5 2 23
45 3424320 473 5 9 2
46 3534667 475 2 4 8
47 3534667 475 6 2 1
48 3534667 475 2 7 4
49 3701754 498 6 8 514
50 3701754 498 2 5 526
51 3778165 507 2 2 28
52 3863885 513 7 1 58
53 3911919 541 4 3 230
54 3924063 542 1 9 38
55 3924063 542 1 7 28344
56 4071548 555 1 7 14
57 4071548 555 0 4 829
58 4168055 566 3 6 39
59 4216983 574 8 5 178
60 4471394 612 8 9 1
61 4471394 612 9 10 5
62 4568704 616 5 1 1
63 4586659 624 8 5 2839
64 4823776 671 3 1 4531
65 4841477 677 6 8 67
66 4855303 681 7 5 12
67 4915103 683 8 2 3054
68 5148128 698 10 6 20
69 5208956 703 9 8 52
70 5318978 724 6 2 205
71 5550041 751 5 6 111
72 5633728 766 6 3 1
73 5633728 766 10 3 1
74 5863217 822 3 3 1
75 5863217 822 4 0 3
76 5863217 822 4 8 239
77 5863217 822 9 6 4
78 5949200 823 2 7 751
79 5949200 823 8 9 3
80 6011674 833 7 3 83
81 6186286 873 8 2 1986
82 6260893 886 4 1 5
83 6260893 886 10 7 1
84 6316648 894 3 1 19
85 6406867 907 4 2 821
86 6416129 909 9 3 21
87 6456196 919 0 1 1
88 6471746 925 8 0 184
89 6593650 929 0 6 54
90 6593650 929 5 6 54
91 6656973 930 5 8 309
92 6752001 932 8 8 6
93 6775204 940 0 2 131
94 6876606 941 10 9 1305
95 6876606 941 9 2 8
96 6890585 948 5 4 5
97 7053264 973 2 3 1
98 7080758 990 4 1 2
99 7106364 994 4 4 38
