11 83 100
0 840790 9 4 0 7
1 840790 9 7 9 45
2 1180324 13 7 9 48707
3 1180324 13 7 8 3
4 2191334 31 3 3 475
5 2410654 38 7 5 110
6 3440766 51 8 0 21
7 3882463 59 5 1 22
8 5535423 85 9 6 404
9 5576717 88 1 6 30
10 6296576 99 0 5 5
11 6869164 102 3 6 1
12 7880122 132 0 1 6
13 8540966 137 0 7 3
14 8681991 143 0 6 85
15 8907536 150 2 2 69
16 9432758 154 3 3 28
17 10223372 162 7 3 382
18 10225302 163 4 3 297
19 11089027 197 1 1 1245
20 11497828 198 0 1 4
21 11671207 203 7 9 14
22 13888881 241 6 8 1
23 15133780 281 1 7 651
24 16160168 287 0 7 1615
25 16160168 287 0 3 11
26 16486675 291 2 7 111
27 16785971 292 5 0 6
28 17698988 308 6 3 284
29 18452902 324 7 9 95
30 18717105 328 4 3 1
31 18923976 337 4 0 12758
32 20106864 370 6 8 3
33 21830385 395 4 1 1
34 22164000 404 2 0 10
35 23989784 428 7 10 4
36 24566714 440 5 10 4
37 25100653 457 5 4 1
38 25100653 457 0 7 1
39 25100653 457 6 5 32
40 25583830 461 8 5 283
41 25585805 462 10 3 3197
42 27394563 473 3 6 5
43 27394563 473 7 10 5
44 29614038 498 10 4 50
45 29614038 498 5 5 702
46 29614038 498 4 5 175
47 29682670 499 7 0 5705
48 29715694 502 2 6 191
49 29748821 504 10 9 1333
50 31129030 529 9 9 374
51 32572384 555 9 0 1
52 32572384 555 6 3 202
53 33191993 562 10 5 78
54 34075637 579 3 0 57
55 34511568 598 4 6 39008
56 36549632 616 5 3 20
57 36549632 616 6 6 108
58 37773497 644 1 6 1
59 37868472 660 10 7 16605
60 37918973 661 9 0 13
61 38590215 671 10 0 1
62 38590215 671 3 9 8
63 38590215 671 2 7 1
64 38710416 675 2 6 44
65 39320831 683 10 0 1
66 40930743 695 2 8 1
67 42889853 732 7 2 240
68 42889853 732 0 1 103
69 43761680 741 1 1 989
70 44400333 751 6 9 15
71 44480231 752 3 0 42
72 44715584 757 9 5 1734
73 45270033 771 0 3 264
74 45440882 778 1 1 837
75 45440882 778 4 9 7
76 45440882 778 2 9 7
77 45725713 799 2 10 54
78 46037182 819 7 3 21
79 46905743 822 10 9 1
80 47935243 830 0 5 5
81 48429648 845 4 7 9
82 48649934 857 9 3 192
83 48867686 863 2 4 116
84 49333997 864 9 9 105
85 49333997 864 8 4 5
86 49489474 872 1 6 11
87 50533190 894 2 5 30
88 51083346 905 10 8 95
89 51083346 905 4 8 95
90 52749200 929 5 2 8
91 53255791 930 9 3 15
92 54016013 932 5 4 6
93 55034710 944 8 1 104
94 55292850 957 8 9 17
95 55491441 961 0 5 343
96 56092044 967 5 0 9
97 56198328 971 0 8 30
98 56449793 975 6 8 1
99 56850919 994 10 5 81
