11 80 100
0 51107 3 9 8 18952
1 131147 13 1 9 30152
2 131147 13 6 5 13
3 171575 17 2 7 2
4 179016 18 1 7 209
5 302157 50 10 4 2237
6 431384 59 8 7 6
7 457690 68 8 4 1
8 534787 75 2 1 591
9 614865 84 6 5 4
10 763240 102 10 6 1
11 769318 103 3 5 87
12 805529 108 8 10 3
13 805529 108 7 2 1
14 982249 149 7 7 229
15 989726 150 2 2 69
16 1048084 154 3 4 10
17 1048084 154 8 6 230
18 1113658 160 6 7 1
19 1175269 174 9 2 9
20 1198278 178 7 0 104
21 1371444 229 0 6 27
22 1371444 229 0 8 118
23 1399459 230 3 6 6
24 1403901 232 10 5 1
25 1453766 233 1 3 4
26 1543209 241 4 0 9
27 1585642 259 6 1 1783
28 1795574 287 3 9 1
29 1795574 287 0 9 1
30 1795574 287 4 6 24
31 1795574 287 6 6 316
32 1929486 303 8 1 25
33 1966554 308 6 2 3
34 2056623 327 2 1 180
35 2148270 344 4 7 106
36 2237527 372 3 0 349
37 2256678 380 10 4 157
38 2356418 392 9 0 19
39 2425598 395 2 3 10
40 2582407 424 7 3 5146
41 2712140 430 4 8 1
42 2747984 452 8 10 147
43 2960544 466 6 9 4
44 2960544 466 0 1 14
45 3012165 472 3 0 7
46 3141926 475 7 1 10
47 3141926 475 8 3 1
48 3141926 475 4 8 2
49 3191057 489 8 9 31
50 3290448 498 0 8 1028
51 3298074 499 7 1 3309
52 3358369 507 1 6 3
53 3434564 513 1 8 5049
54 3619153 555 4 4 829
55 3619153 555 5 10 1
56 3662155 557 3 5 64
57 3662155 557 3 6 36
58 3687999 562 10 6 12990
59 3742835 569 9 0 26
60 3742835 569 4 6 1
61 3780889 576 10 3 30
62 3839535 601 6 10 6424
63 4136513 635 5 4 37
64 4197055 644 1 3 10
65 4197055 644 8 6 1
66 4287801 671 2 6 8
67 4315862 682 10 7 108
68 4368981 683 2 9 30
69 4370102 685 1 4 41
70 4411940 690 4 2 11
71 4443949 694 4 6 1358
72 4547860 695 9 1 7
73 4576113 698 10 2 25
74 4634040 707 6 1 13
75 4702347 718 10 3 15
76 4702347 718 6 1 6
77 4727980 724 6 4 24
78 4765539 732 6 9 46
79 4765539 732 9 6 4
80 4862408 741 1 4 3198
81 4874026 746 6 9 88
82 4933370 751 9 9 15
83 4933370 751 2 2 119
84 4933370 751 3 9 108
85 5007758 766 2 6 14
86 5055352 780 1 5 14
87 5488378 870 2 3 6
88 5516550 879 1 5 24
89 5614798 894 9 3 12
90 5639102 896 9 9 30
91 5694993 907 4 6 136
92 5861022 929 10 7 2
93 5861022 929 4 8 4
94 5917310 930 2 7 21
95 6007549 935 3 1 1573
96 6016975 939 3 8 14263
97 6112539 941 2 5 27
98 6112539 941 6 8 1
99 6114967 944 8 1 104
