11 77 100
0 106483 4 9 8 4
1 236064 13 8 8 1
2 509199 41 10 0 90
3 688153 51 10 9 1
4 688153 51 10 8 21
5 688153 51 2 8 3
6 776492 59 8 5 14
7 871506 72 6 3 18
8 1106757 84 10 9 1
9 1456943 110 3 7 345
10 1615990 136 1 6 153
11 1761011 146 7 9 50
12 1887485 155 1 7 3
13 2004585 160 6 3 2
14 2155116 177 0 0 89
15 2209343 193 5 3 108
16 2299565 198 2 4 2
17 2381508 210 6 3 1
18 2417897 224 3 4 238
19 2519027 230 3 0 48
20 2616780 233 0 7 1
21 2616780 233 8 10 9
22 2660602 237 10 5 107
23 2777776 241 3 9 1226
24 2777776 241 3 8 1
25 2777776 241 1 1 18
26 2854156 259 6 0 14
27 3232033 287 1 1 3
28 3232033 287 8 10 7
29 3297335 291 9 4 89
30 3297335 291 3 3 844
31 3357194 292 6 10 1
32 4366077 395 4 0 881
33 4366077 395 8 5 177
34 4464038 407 2 9 3032
35 5020130 457 4 1 1
36 5020130 457 8 7 1
37 5116766 461 8 7 1
38 5328979 466 7 10 2
39 5328979 466 10 5 1
40 5379314 467 0 1 1
41 5478912 473 7 9 2
42 5655468 475 6 1 13
43 5655468 475 0 1 6
44 5721613 487 5 8 1304
45 5755102 493 8 7 18
46 5922807 498 8 7 7
47 6045064 507 4 0 6
48 6045064 507 7 6 7
49 6182216 513 6 1 5
50 6209006 521 1 4 152
51 6211423 523 8 2 3
52 6224810 528 3 7 128
53 6805600 576 10 0 51
54 7154230 612 3 8 8
55 7309926 616 6 7 5205
56 7358744 626 2 6 1690
57 7554699 644 3 0 8
58 7718043 671 9 2 6
59 7718043 671 5 4 1342
60 7768485 681 1 5 12
61 7864166 683 6 10 16
62 8186148 695 6 7 1
63 8186148 695 10 9 214
64 8259854 701 2 9 1
65 8527009 727 6 7 2
66 8527009 727 6 5 7
67 8792041 749 5 4 26
68 8792041 749 4 4 130
69 8880066 751 1 10 51
70 8880066 751 10 6 950
71 9013965 766 4 3 1
72 9065423 773 9 10 52
73 9099635 780 1 1 117
74 9381148 822 8 0 1
75 9381148 822 10 8 239
76 9518721 823 10 6 7637
77 9618679 833 7 8 800
78 9638897 834 2 5 908
79 9671044 842 1 6 11325
80 9732578 858 10 2 1
81 9759803 861 3 5 2029
82 9866799 864 2 7 1
83 9874303 868 10 6 201
84 9915727 874 2 3 32
85 10037459 891 2 8 118
86 10106638 894 4 2 5
87 10267006 910 10 5 3
88 10334772 921 3 9 79
89 10549840 929 3 6 109
90 10651158 930 10 3 15
91 10651158 930 6 4 15609
92 10651158 930 4 2 7
93 10651158 930 7 1 14
94 10742656 931 3 9 2119
95 10803202 932 1 0 4
96 11002570 941 1 2 2
97 11002570 941 6 0 5
98 11002570 941 7 6 5
99 11218408 967 6 4 14
