11 72 100
0 196720 13 1 8 1
1 196720 13 10 4 340
2 196720 13 7 8 3
3 436036 45 8 6 1063
4 922297 84 7 3 4
5 922297 84 3 1 24
6 1214119 110 3 10 47
7 1257564 118 7 5 16
8 1260274 120 0 7 124
9 1322609 134 1 9 76
10 1423494 137 9 1 12
11 1423494 137 2 0 4
12 1468389 147 6 2 182
13 1670487 160 10 1 1
14 1795930 177 3 8 268
15 1916304 198 10 10 7
16 1916304 198 6 0 5
17 1998577 217 6 4 13
18 2180650 233 6 0 44
19 2471022 262 9 2 6
20 2534155 282 8 6 237
21 2693361 287 3 0 5
22 2693361 287 0 7 1615
23 2894229 303 9 9 409
24 2894229 303 0 2 1892
25 2894229 303 2 0 2
26 2955500 310 7 6 6
27 3177098 339 1 5 856
28 3638397 395 4 0 881
29 3638397 395 0 5 177
30 3790047 409 8 10 10
31 3998297 428 7 7 1
32 4068211 430 2 8 2
33 4183442 457 1 4 1
34 4263971 461 4 6 122
35 4263971 461 10 8 9
36 4440816 466 5 10 4
37 4440816 466 6 0 7
38 4565760 473 0 10 1
39 4712890 475 2 10 51
40 4712890 475 3 10 5
41 4728746 477 2 0 196
42 4786586 489 3 5 94
43 4935673 498 4 9 1
44 4935673 498 7 3 9
45 4935673 498 2 10 13
46 5068746 510 7 4 1991
47 5232084 542 1 9 38
48 5428730 555 10 8 7
49 5614253 569 7 6 1
50 5759302 601 6 10 6424
51 5818512 607 10 9 5247
52 5961858 612 5 5 360
53 5961858 612 4 3 1
54 6091605 616 1 3 20
55 6091605 616 2 5 1227
56 6091605 616 10 10 1709
57 6091605 616 1 1 18
58 6091605 616 4 0 12359
59 6191743 633 5 9 17
60 6191743 633 5 8 159
61 6295582 644 2 8 1817
62 6295582 644 4 7 834
63 6299133 646 2 9 12
64 6431702 671 6 5 270
65 6553471 683 7 8 11
66 6664182 693 8 9 102
67 6821790 695 5 10 1
68 6821790 695 0 0 42
69 6957567 709 2 9 9272
70 7053521 718 8 7 5
71 7055910 721 4 10 231
72 7148308 732 7 0 1
73 7293613 741 10 4 33
74 7293613 741 4 2 9
75 7294628 742 9 10 31
76 7400055 751 6 3 242
77 7511638 766 2 6 14
78 7661154 815 4 7 813
79 7817623 822 0 2 3
80 7932267 823 3 10 1
81 7989207 830 0 5 5
82 8015566 833 7 10 8
83 8086875 851 0 6 15
84 8222332 864 9 5 15
85 8222332 864 8 4 5
86 8222332 864 0 4 17
87 8228586 868 10 6 201
88 8243121 871 1 3 1534
89 8347857 886 7 6 555
90 8612310 921 3 9 79
91 8791533 929 8 8 9
92 8791533 929 6 10 1
93 9002668 932 2 0 4
94 9168808 941 5 8 1
95 9168808 941 3 7 2
96 9168808 941 2 10 18
97 9234568 959 10 5 196
98 9404353 973 2 10 26
99 9435479 987 9 9 42
