11 80 100
0 120112 9 1 9 7
1 120112 9 4 8 2
2 269090 25 4 0 1977
3 333713 37 4 6 62
4 372122 44 1 9 19650
5 491538 51 10 7 5
6 491538 51 3 5 8
7 494410 54 0 10 4501
8 554637 59 2 7 6
9 687583 75 9 10 7
10 1035680 108 6 6 7
11 1220138 137 10 10 222
12 1347536 154 3 7 1284
13 1431846 160 7 2 421
14 1460481 162 3 4 15
15 1511060 174 9 10 9
16 1539368 177 0 1 12993
17 1643492 200 5 5 18
18 1667315 203 8 8 45
19 1869128 233 5 5 4
20 1900430 237 4 4 4
21 2038683 259 4 0 14
22 2118019 262 2 7 5
23 2118019 262 2 8 7
24 2127941 263 6 10 1524
25 2308595 287 3 9 1
26 2308595 287 7 4 6
27 2397995 292 5 6 13
28 2644230 327 1 10 1020
29 2723227 339 2 7 15
30 2798237 358 0 4 7138
31 2803892 360 9 5 19696
32 2814141 362 8 2 2
33 2843402 369 1 9 476
34 2872409 370 8 3 10
35 2901443 380 10 5 64
36 2904539 382 4 0 30
37 3029681 392 4 4 427
38 3170400 405 7 5 15
39 3248611 409 1 3 7
40 3248611 409 2 9 45
41 3487038 430 5 5 8
42 3487038 430 4 8 1
43 3515748 443 6 4 108
44 3585807 457 2 0 8
45 3654832 461 3 4 10
46 3654832 461 2 2 5
47 3806414 466 3 3 7204
48 3806414 466 1 2 804
49 3806414 466 1 6 4
50 3862707 471 6 10 923
51 4039620 475 3 3 1
52 4230576 498 7 8 514
53 4415869 513 6 9 20
54 4415869 513 0 6 80
55 4432874 519 10 10 44
56 4496022 547 4 2 327
57 4496022 547 4 3 33039
58 4530115 553 2 2 3
59 4653197 555 1 3 202
60 4653197 555 3 0 2
61 4726007 560 6 0 10
62 4812217 569 10 10 49
63 4986833 606 10 0 183
64 5110164 612 10 5 3603
65 5110164 612 5 10 5
66 5119253 613 3 4 36562
67 5221376 616 6 7 5205
68 5230297 620 10 8 40
69 5238992 621 10 8 18
70 5396213 644 7 8 908
71 5396213 644 1 8 1817
72 5420848 666 1 3 75
73 5426858 668 5 3 3071
74 5512887 671 8 7 1
75 5617261 683 8 1 50
76 5847249 695 0 0 42
77 5847249 695 6 7 1
78 5883575 698 2 3 127
79 5883575 698 5 9 66
80 6069720 723 6 0 79
81 6127121 732 0 3 15
82 6158275 735 9 2 1
83 6251668 741 10 9 44
84 6251668 741 1 4 3198
85 6251668 741 4 9 14
86 6342904 751 8 3 485
87 6342904 751 8 2 2628
88 7047713 864 8 9 141
89 7155306 886 1 3 48
90 7250275 896 2 0 1968
91 7250275 896 1 3 1586
92 7395920 924 10 6 1
93 7535600 929 9 2 12
94 7607970 930 0 5 22
95 7673326 931 2 3 24
96 7716573 932 9 0 2
97 7874954 948 5 4 5
98 7888818 950 7 8 44
99 7915344 959 10 3 152
