11 82 100
0 131147 13 3 9 2319
1 217869 28 0 8 53
2 246125 32 0 4 14
3 289428 44 1 6 217
4 382307 51 10 1 30
5 631487 89 7 2 266
6 881739 134 1 6 1980
7 1048084 154 3 8 261
8 1048084 154 2 2 249
9 1150028 168 1 2 15
10 1175269 174 2 10 174
11 1175269 174 6 2 19
12 1214355 189 1 7 16203
13 1218399 190 8 10 8155
14 1343276 224 3 4 238
15 1371444 229 6 1 1
16 1453766 233 1 8 5
17 1478112 237 10 1 11
18 1549380 246 10 0 30
19 1689436 282 8 10 44
20 1795574 287 8 8 5
21 1865107 292 3 0 12
22 1867786 294 0 5 99583
23 1891850 301 1 6 4864
24 1952379 304 2 4 11
25 1966554 308 6 8 78
26 1976724 311 3 10 57
27 1976724 311 9 4 3
28 1977844 313 3 2 18
29 2050322 324 3 10 24
30 2079678 328 2 0 3
31 2095176 335 1 7 96
32 2234096 370 5 9 23
33 2234096 370 7 3 10
34 2337046 390 9 5 6
35 2337046 390 10 4 27
36 2461483 402 2 6 88
37 2465866 405 7 5 15
38 2665531 428 7 6 2
39 2665531 428 5 9 3
40 2665531 428 1 4 1
41 2712140 430 7 3 21
42 2734471 443 6 9 43
43 2806604 460 1 6 9
44 2960544 466 5 4 217
45 2960544 466 4 2 50
46 2960544 466 1 7 1
47 3043840 473 9 2 7
48 3141926 475 6 4 1
49 3152497 477 2 4 41
50 3191057 489 9 0 11786
51 3199499 496 10 3 2626
52 3290448 498 7 0 10
53 3290448 498 9 0 64
54 3358369 507 1 6 3
55 3434564 513 4 3 5
56 3496906 547 4 7 18
57 3619153 555 6 6 23
58 3619153 555 7 1 95
59 3704498 565 1 8 222
60 3827192 591 2 1 1
61 3865996 602 6 0 4869
62 3866683 603 2 10 133
63 4061070 616 2 1 1
64 4074856 622 7 6 13081
65 4136513 635 5 4 37
66 4216215 666 4 3 2
67 4287801 671 5 2 6
68 4547860 695 4 4 1
69 4588807 701 9 2 76
70 4609400 702 0 0 2375
71 4720893 723 3 0 39
72 4884467 749 2 9 1
73 4968398 757 3 1 38
74 5009823 767 6 8 67
75 5099230 811 6 2 58
76 5211749 822 0 4 1
77 5211749 822 7 2 12
78 5312401 825 5 0 3
79 5387623 846 5 2 142
80 5388193 847 6 6 38995
81 5389378 850 5 2 5
82 5405548 857 9 9 69
83 5482537 866 10 3 552
84 5498830 872 1 6 11
85 5694993 907 4 6 136
86 5861022 929 10 2 4
87 5861022 929 10 8 4
88 5861022 929 0 5 454
89 5861022 929 8 8 9
90 5861022 929 2 1 1
91 5968142 931 8 7 45
92 6001779 932 2 10 23
93 6112539 941 1 5 13
94 6165715 961 5 5 343
95 6232449 967 6 6 3080
96 6232449 967 0 4 14
97 6232449 967 7 5 7
98 6269568 973 2 0 8
99 6274786 978 5 5 281
