11 77 100
0 308835 17 9 7 5
1 362511 21 3 9 94
2 511732 43 5 8 154
3 874946 74 10 7 17
4 962617 75 7 6 14
5 1106757 84 7 7 21
6 1106757 84 4 5 4
7 1149939 91 4 2 550
8 1373832 102 9 4 16
9 1373832 102 1 5 14
10 1373832 102 0 1 3
11 1478038 116 2 3 15961
12 1708193 137 2 0 4
13 1739777 145 5 4 231
14 1886551 154 5 2 498
15 2004585 160 10 3 7
16 2004585 160 8 10 5
17 2299565 198 8 4 2
18 2299565 198 9 4 4
19 2299565 198 4 10 7
20 2519027 230 0 2 1
21 2616780 233 5 7 1
22 2616780 233 0 2 13
23 2660602 237 10 9 11
24 2662865 238 3 7 58456
25 2777776 241 9 10 1014
26 2965227 262 4 1 30
27 3021754 277 2 7 3263
28 3056871 285 4 2 275
29 3232033 287 10 4 1
30 3297335 291 5 0 3
31 3539797 308 6 0 160
32 3656724 317 3 1 14
33 3854548 340 3 4 5
34 3980764 369 1 7 2
35 4029473 375 9 0 228
36 4108874 388 7 0 709
37 4206684 390 1 9 174
38 4206684 390 0 10 1
39 4913342 440 6 10 20
40 4913342 440 0 0 29
41 5020130 457 10 7 10
42 5328979 466 5 0 7
43 5328979 466 9 9 8
44 5379314 467 0 6 6
45 5478912 473 4 7 3
46 5655468 475 3 7 4
47 5655468 475 2 1 3
48 5922807 498 0 3 1
49 6045064 507 7 9 43
50 6045064 507 6 3 7
51 6045064 507 0 3 2
52 6182216 513 6 10 6
53 6182216 513 9 9 40
54 6182216 513 2 5 862
55 6182216 513 8 1 5
56 6333607 551 7 9 4879
57 6577440 556 10 0 11
58 6591880 557 3 3 26
59 6737104 569 5 5 1
60 6754007 575 6 8 15
61 6805600 576 10 0 51
62 6888946 591 8 10 2
63 7154230 612 5 6 1
64 7309926 616 5 2 1
65 7358744 626 2 5 2333
66 7554699 644 7 10 1
67 7597602 668 5 9 34
68 7864166 683 10 5 1
69 7864166 683 1 4 638
70 7864166 683 8 2 3054
71 7892460 689 5 4 1591
72 8186148 695 1 0 42
73 8186148 695 6 8 1
74 8193861 697 6 1 154
75 8527009 727 8 0 769
76 8752336 741 1 0 1089
77 8880066 751 6 9 15
78 9013965 766 7 7 3
79 9089710 779 2 1 1518
80 9700881 850 9 6 662
81 9745011 859 6 7 207
82 9745011 859 6 1 2
83 9773537 863 6 9 792
84 9866799 864 1 1 4
85 9929791 879 1 5 24
86 10106638 894 8 9 35
87 10150385 896 9 10 16
88 10329914 919 3 1 1
89 10549840 929 8 4 1756
90 10651158 930 10 3 15
91 10651158 930 0 6 26
92 10803202 932 10 8 6
93 10803202 932 6 7 3
94 11002570 941 9 1 288
95 11002570 941 0 9 1305
96 11233533 970 10 6 74
97 11304998 979 6 1 290
98 11322575 987 7 9 42
99 11329213 990 4 1 2
