11 82 100
0 150829 11 0 9 88
1 257362 17 10 9 1317
2 302093 21 3 1 17
3 573461 51 10 8 21
4 681309 66 0 4 60
5 802181 75 0 1 591
6 922297 84 4 8 3
7 1049429 99 7 6 5
8 1050925 100 7 2 57
9 1208293 108 8 4 17
10 1322609 134 0 3 7
11 1346658 136 8 7 14
12 1423494 137 10 9 2136
13 1423494 137 10 7 3
14 1572126 154 2 4 10
15 1670487 160 6 10 5
16 1670487 160 3 5 46
17 1707306 164 6 8 11399
18 1719626 165 6 5 220
19 1738440 170 3 9 3937
20 1819847 188 4 10 27
21 1827598 190 8 10 8155
22 1842926 194 5 3 4
23 1984590 210 6 3 1
24 2003247 219 4 5 7677
25 2099189 230 0 10 8
26 2314813 241 4 0 9
27 2471022 262 0 4 1
28 2693361 287 10 9 1
29 2693361 287 0 3 11
30 2693361 287 4 3 11
31 2693361 287 9 5 2
32 2747779 291 10 0 1
33 2797661 292 9 8 218
34 2966865 314 9 1 54
35 3132290 330 0 0 683
36 3142764 335 1 1 17
37 3177098 339 4 7 15
38 3212124 340 3 4 5
39 3534628 392 9 0 19
40 3638397 395 10 4 1
41 3638397 395 5 7 3
42 3998297 428 6 7 1
43 3998297 428 1 0 2
44 4068211 430 3 4 7
45 4068211 430 4 7 17
46 4068211 430 8 8 1
47 4440816 466 1 4 217
48 4482762 467 6 8 7
49 4494276 468 7 9 22
50 4799249 496 10 3 2626
51 4947111 499 7 9 100
52 4959177 505 0 7 64
53 5234152 546 4 7 78
54 5258959 550 0 6 31
55 5428730 555 1 10 1
56 5493233 557 3 10 162
57 5545902 563 10 7 235
58 5671334 576 6 6 9
59 5678940 578 7 8 467
60 5961858 612 10 1 6
61 6091605 616 2 9 5
62 6115546 624 3 5 14198
63 6197418 634 7 3 109
64 6431702 671 10 10 4
65 6553471 683 5 8 11
66 6664182 693 8 7 220
67 6821790 695 6 3 4
68 6821790 695 9 8 1
69 6828217 697 6 6 3138
70 6828217 697 1 10 15
71 7054547 719 2 7 4984
72 7091971 724 6 7 124
73 7091971 724 6 4 24
74 7196630 738 5 1 213
75 7293613 741 10 0 1634
76 7400055 751 10 8 1
77 7817623 822 0 0 1
78 7817623 822 2 0 1
79 7817623 822 10 3 3
80 7932267 823 8 4 3553
81 7976381 829 9 6 347
82 8284135 881 5 2 2247
83 8347857 886 3 4 1
84 8347857 886 3 0 14
85 8348576 887 6 4 158
86 8485884 901 10 3 7420
87 8628574 924 1 6 1
88 8791533 929 1 7 2
89 8875965 930 8 7 10
90 8875965 930 4 10 683
91 9168808 941 5 8 1
92 9168808 941 7 9 1305
93 9175248 947 10 10 71
94 9348674 967 0 8 44
95 9361277 970 4 3 16276
96 9378675 972 10 1 225
97 9404353 973 0 7 14257
98 9404353 973 2 8 1312
99 9427424 982 3 10 41
