11 83 100
0 420395 9 1 5 35
1 1272999 41 10 5 3030
2 1272999 41 10 4 238
3 1720383 51 0 8 6
4 1941231 59 8 10 27
5 1978872 62 8 5 5726
6 2406543 75 0 7 1
7 2443600 78 6 1 47
8 2766893 84 7 5 716
9 3148288 99 0 5 5
10 3434582 102 2 10 21
11 3903976 131 1 3 226
12 4270483 137 7 9 2136
13 4274259 138 4 5 109
14 5011463 160 9 3 10
15 5158878 165 5 5 110
16 5288710 174 6 2 19
17 5293713 175 2 6 13
18 5748914 198 6 3 20
19 6541950 233 2 8 5
20 6541950 233 4 2 8
21 6944440 241 6 10 8112
22 7135392 259 2 10 622
23 7413068 262 8 1 30
24 7507620 269 4 1 4881
25 8080084 287 1 6 48
26 8080084 287 9 1 53
27 8392985 292 2 1 197
28 8496093 298 9 2 37
29 8905756 315 2 10 1706
30 9226451 324 9 9 47
31 9396872 330 0 4 194
32 9636372 340 9 4 1
33 9764468 353 0 0 27082
34 10188192 386 8 3 1952
35 11370141 409 5 10 10
36 11370141 409 10 4 4
37 11484350 413 2 7 32
38 11620833 424 7 6 113
39 12204633 430 5 8 4
40 12204633 430 0 1 1051
41 12230212 434 2 2 37
42 12283357 440 4 2 100
43 13322449 466 3 9 4
44 13448287 467 1 8 7
45 13448287 467 2 5 86
46 14138670 475 7 1 10
47 14138670 475 7 7 9
48 14807019 498 3 0 10
49 14807019 498 5 7 14
50 15112661 507 3 6 3
51 15124270 509 2 1 115
52 15455542 513 9 10 2
53 15848962 552 10 0 76
54 16286192 555 5 1 95
55 16286192 555 0 2 876
56 16842760 569 8 2 26
57 16842760 569 8 5 1
58 16862799 573 2 5 6
59 17014002 576 0 6 27
60 17153733 583 6 10 61
61 17153733 583 6 3 83
62 17396983 602 6 5 30
63 17885576 612 6 3 1
64 17885576 612 7 3 1
65 18447515 628 1 6 127
66 18994006 668 5 7 18
67 19295107 671 5 7 2
68 19295107 671 7 5 30
69 20465371 695 6 3 4
70 20465371 695 9 3 4
71 20592512 698 10 9 66
72 20742302 702 0 10 1
73 20835827 703 9 9 325
74 21333663 730 0 2 68
75 21980104 749 2 7 20
76 21980104 749 5 9 2
77 22200166 751 0 10 17
78 22296624 755 9 0 195
79 22781038 785 8 2 7
80 22923212 805 1 6 154
81 23796803 823 5 8 1
82 23796803 823 9 6 1414
83 23906637 826 9 8 28
84 24046699 833 7 8 800
85 24214824 845 3 7 4
86 24399508 861 3 2 309
87 25043572 886 6 5 25
88 25043572 886 9 6 555
89 25266595 894 4 8 1
90 25375963 896 3 9 10
91 25627471 907 4 10 3
92 25701846 911 9 0 682
93 25743366 913 0 2 19
94 26627895 930 9 2 7
95 27008006 932 7 3 16
96 27624921 953 1 3 14
97 27746159 962 1 9 174
98 28046022 967 4 3 16
99 28136027 972 10 7 53
