11 79 100
0 65710 3 5 6 284
1 120112 9 7 5 35
2 220596 17 6 1 88
3 230164 18 1 0 61
4 583979 66 0 0 2
5 687583 75 6 9 1
6 790540 84 7 9 1
7 981309 102 5 10 21
8 1114017 129 4 10 22
9 1133665 134 6 7 32
10 1257865 146 8 4 11
11 1347536 154 10 10 1
12 1347536 154 6 2 748
13 1348204 155 1 7 3
14 1460481 162 6 3 191
15 1473965 165 4 4 14
16 1490092 170 3 6 163
17 1642546 198 5 5 1
18 1649558 202 3 4 167
19 1649558 202 3 7 44
20 1672622 206 3 6 88
21 1701077 210 6 3 1
22 1869128 233 3 4 11532
23 1869128 233 9 1 8
24 1991396 245 10 8 40
25 2118019 262 2 10 12
26 2308595 287 9 2 3
27 2308595 287 2 7 12118
28 2397995 292 10 6 39
29 2427455 298 9 8 8519
30 2433862 302 2 8 113
31 2673872 328 9 0 4
32 2684820 330 0 0 683
33 2814141 362 5 2 1
34 2843402 369 3 3 18
35 2934910 388 0 2 35
36 3004774 390 1 6 229
37 3118626 395 7 1 1
38 3286363 416 8 1 2
39 3427112 428 6 2 1
40 3487038 430 5 4 3
41 3501762 435 6 0 163
42 3509530 440 6 10 20
43 3585807 457 4 1 1
44 3585807 457 4 4 1
45 3654832 461 10 10 1
46 3806414 466 9 3 1801
47 3806414 466 6 3 1801
48 4039620 475 2 4 8
49 4039620 475 1 6 11
50 4053211 477 2 8 74
51 4230576 498 9 6 1
52 4230576 498 0 7 7
53 4415869 513 3 8 1009
54 4430513 516 0 3 1
55 4507679 550 1 6 6
56 4524005 551 2 9 4879
57 4653197 555 8 1 478
58 4753631 563 10 0 26
59 4812217 569 10 7 1
60 4920676 591 10 1 1
61 4928022 595 5 9 1
62 5110164 612 9 6 3
63 5110164 612 7 0 71
64 5548918 681 1 5 12
65 5623318 687 7 5 2915
66 5637471 689 6 10 48
67 5702471 692 2 0 75
68 5847249 695 0 5 14
69 5847249 695 4 10 1
70 5883575 698 2 6 13
71 5883575 698 10 2 25
72 5926372 702 4 3 13
73 5926372 702 4 0 1187
74 6127121 732 5 3 31
75 6251668 741 1 4 3198
76 6280867 750 0 3 82
77 6799086 823 5 2 6
78 6799086 823 5 10 1
79 6830230 825 6 9 56
80 6830230 825 0 1 19
81 6830230 825 0 8 63
82 6907888 842 1 9 9530
83 6931607 851 0 6 15
84 7047713 864 5 9 35
85 7047713 864 7 0 3618
86 7047713 864 3 8 113
87 7411201 926 7 4 65
88 7411201 926 7 7 22675
89 7413478 928 1 10 51
90 7535600 929 9 7 4
91 7535600 929 2 0 2
92 7673326 931 3 5 4188
93 7673326 931 3 3 124
94 7673326 931 4 3 49
95 7726950 937 4 6 76
96 7864498 947 10 10 71
97 7898978 957 4 9 17
98 8028332 971 0 8 30
99 8121559 994 3 1 1
