11 75 100
0 120112 9 1 4 2
1 264182 23 10 10 4218
2 372122 44 1 1 36
3 373745 45 5 6 2127
4 491538 51 2 5 8
5 491538 51 8 9 1
6 554637 59 8 4 6
7 565392 62 8 5 5726
8 687583 75 7 9 1
9 687583 75 1 2 778
10 981309 102 8 3 17
11 981309 102 8 7 78
12 995592 104 4 0 1
13 1035680 108 5 4 34
14 1040674 110 3 1 64
15 1112445 127 0 6 358
16 1220138 137 4 2 21
17 1240284 143 0 0 349
18 1347536 154 10 6 575
19 1539368 177 3 10 393
20 1642546 198 9 5 1
21 1704125 211 9 6 59
22 1799305 230 0 2 1
23 1799305 230 8 1 46
24 1900430 237 10 6 47
25 1984125 241 7 2 3905
26 1984125 241 3 9 1226
27 2001152 255 1 1 42
28 2183479 285 4 2 275
29 2308595 287 3 6 24
30 2308595 287 1 5 2
31 2308595 287 8 6 24
32 2510202 304 3 2 24
33 2611946 317 3 9 5
34 2611946 317 0 10 55
35 2611946 317 2 5 964
36 2673872 328 8 5 297
37 2684820 330 0 10 1364
38 2778050 350 8 6 14
39 2789848 353 0 9 9
40 2798800 359 6 9 55
41 2843402 369 1 9 476
42 3118626 395 7 0 440
43 3118626 395 3 5 177
44 3118626 395 0 7 1
45 3248611 409 2 6 1
46 3427112 428 4 10 38
47 3427112 428 9 4 1
48 3487038 430 10 5 33
49 3585807 457 1 0 25
50 3654832 461 8 7 1
51 3806414 466 3 6 8
52 3806414 466 1 10 2
53 3872784 472 2 0 14
54 4086866 487 5 9 2682
55 4317903 507 4 2 120
56 4317903 507 7 9 43
57 4317903 507 8 9 7
58 4415869 513 4 3 5
59 4507679 550 3 6 6
60 4698172 556 0 8 655
61 4970566 602 8 7 111
62 4986833 606 10 5 1333
63 4990407 610 1 3 27
64 5110164 612 9 7 2539
65 5221376 616 7 10 854
66 5238992 621 2 8 37
67 5396213 644 1 10 1
68 5400977 648 9 2 178
69 5512887 671 6 2 6
70 5512887 671 10 5 30
71 5847249 695 4 3 4
72 5847249 695 3 7 5
73 5953093 703 2 8 52
74 6045875 718 5 1 6
75 6438547 766 0 10 30
76 6466238 768 8 4 59
77 6700820 822 1 1 1
78 6700820 822 3 3 1
79 6799086 823 10 10 1
80 7047713 864 9 9 105
81 7065532 871 6 8 758
82 7069924 872 1 4 73
83 7082662 874 2 2 46
84 7155306 886 1 9 2254
85 7155306 886 7 5 25
86 7172173 892 10 7 320
87 7250275 896 10 3 3173
88 7673326 931 2 4 909
89 7673326 931 2 8 4
90 7858979 941 9 3 1
91 7858979 941 9 9 2610
92 7858979 941 2 6 5
93 7858979 941 8 9 1305
94 7860697 943 2 8 4884
95 7927348 961 0 5 343
96 7927348 961 8 5 343
97 8013149 967 5 6 3080
98 8121559 994 2 0 3
99 8121559 994 1 0 3
