11 73 100
0 278634 36 3 4 53
1 291999 37 4 0 25
2 601635 75 8 7 3
3 691723 84 2 5 71
4 691723 84 4 6 1
5 691723 84 2 7 21
6 871143 104 4 1 18
7 943173 118 9 7 55
8 973389 127 0 8 19017
9 985015 132 6 0 21
10 1113442 150 2 2 69
11 1179094 154 2 0 2
12 1179094 154 2 2 249
13 1252865 160 1 3 2
14 1277921 162 7 6 44
15 1498932 217 1 4 27
16 1542874 229 0 0 10
17 1662876 237 4 1 55
18 1736110 241 6 10 8112
19 1751008 255 1 1 42
20 1853267 262 8 3 1
21 1853267 262 2 0 9
22 1853267 262 2 10 12
23 1884324 271 2 7 8
24 2020021 287 6 6 316
25 2020021 287 10 9 1
26 2020021 287 10 10 61
27 2020021 287 7 8 5
28 2020021 287 1 7 807
29 2060834 291 5 3 9080
30 2098246 292 2 1 197
31 2124023 298 1 2 37
32 2357073 335 1 4 11349
33 2382823 339 5 5 951
34 2424689 348 4 1 2240
35 2441117 353 0 10 3133
36 2513358 370 10 8 22
37 2629177 390 3 5 6
38 2734153 396 10 1 1216
39 2842535 409 6 1 1627
40 2998723 428 1 1 668
41 3070839 440 0 0 29
42 3086294 448 10 1 2
43 3197978 461 4 0 1
44 3330612 466 4 9 8
45 3424320 473 9 3 14
46 3424320 473 7 9 2
47 3534667 475 10 9 10
48 3701754 498 0 9 1
49 3701754 498 7 5 8250
50 3701754 498 9 5 175
51 3701754 498 4 1 17
52 3714998 503 1 1 6017
53 3891128 529 4 9 374
54 4071548 555 4 1 191
55 4071548 555 7 0 1
56 4131120 558 1 2 194
57 4131120 558 1 0 204
58 4211720 571 1 7 32
59 4253500 576 10 1 1
60 4471394 612 5 10 5
61 4471394 612 5 2 448
62 4568704 616 1 7 1201
63 4568704 616 7 10 854
64 4665639 639 2 3 55
65 4728145 653 7 10 4838
66 4739871 661 7 0 13
67 4739947 663 1 1 14315
68 4748501 668 5 3 3071
69 4748501 668 5 0 9853
70 4823776 671 0 4 671
71 4823776 671 4 6 8
72 4823776 671 5 9 8
73 4915103 683 5 8 11
74 4915103 683 4 10 16
75 4989662 692 6 10 51
76 5116342 695 5 8 1
77 5148128 698 2 0 22
78 5148128 698 2 5 3
79 5211461 705 5 5 263
80 5290141 718 6 10 2
81 5361231 732 9 6 4
82 5388490 735 9 5 36
83 5470210 741 10 4 33
84 5550041 751 0 10 17
85 5680110 778 7 9 14
86 5703634 791 8 1 1
87 5949200 823 2 6 282
88 6099877 861 3 9 59
89 6213101 881 0 2 561
90 6260893 886 2 0 14
91 6260893 886 1 9 2254
92 6260893 886 7 5 25
93 6484801 926 7 0 37
94 6593650 929 8 5 227
95 6593650 929 2 6 218
96 6714160 931 4 0 3169
97 6714160 931 6 6 8
98 6876606 941 3 1 384
99 6876606 941 1 6 5
