11 76 100
0 174347 16 4 4 11
1 304772 29 2 9 94
2 344379 38 2 5 55
3 363714 41 10 10 49
4 388488 50 10 8 1
5 491538 51 5 3 15
6 554637 59 2 2 204
7 834654 94 7 5 2270
8 899510 99 9 3 63
9 899510 99 0 6 10
10 899510 99 0 4 28
11 989123 103 3 5 87
12 1077912 118 0 2 55
13 1080235 120 9 7 124
14 1083879 123 10 10 32
15 1220138 137 4 1 25
16 1257865 146 3 8 333
17 1431846 160 0 3 5
18 1460481 162 5 7 225
19 1490092 170 3 3 61
20 1577586 192 3 6 110
21 1763285 229 6 8 118
22 1763285 229 2 1 1
23 1869128 233 4 8 5
24 1984125 241 3 10 4056
25 1984125 241 3 5 8412
26 1984125 241 4 5 1682
27 1984125 241 6 7 6
28 2118019 262 8 2 6
29 2308595 287 8 6 24
30 2308595 287 3 7 807
31 2308595 287 6 1 15
32 2611946 317 1 2 3961
33 2611946 317 10 7 1004
34 2675774 329 0 7 2
35 2693798 335 1 2 44
36 2723227 339 7 5 95
37 2818667 364 4 6 40
38 3248611 409 8 6 1
39 3585807 457 1 10 5
40 3806414 466 9 4 217
41 4039620 475 7 7 9
42 4039620 475 7 0 1
43 4062808 479 3 9 2
44 4062808 479 10 9 1
45 4230576 498 1 7 14
46 4317903 507 2 10 89
47 4317903 507 1 0 6
48 4415869 513 3 7 5
49 4653197 555 5 8 7
50 4653197 555 8 10 1
51 4812217 569 8 6 1
52 4817942 573 10 5 50
53 4861143 576 10 5 2438
54 4890018 582 4 10 93
55 4936545 601 6 10 6424
56 5110164 612 3 2 448
57 5396213 644 8 9 27
58 5399256 646 2 9 12
59 5512887 671 1 5 30
60 5512887 671 8 8 5
61 5512887 671 8 9 8
62 5617261 683 0 8 5
63 5702471 692 2 5 10
64 5712156 693 8 6 75
65 5847249 695 4 5 71
66 5847249 695 6 10 1
67 5847249 695 5 5 7
68 5883575 698 5 8 43
69 6045875 718 6 0 1
70 6045875 718 3 1 85
71 6127121 732 5 6 2
72 6466238 768 0 3 102
73 6504070 782 3 4 21
74 6513832 788 10 8 200
75 6518439 791 8 1 1
76 6532223 798 4 4 100
77 6700820 822 7 5 52
78 6799086 823 5 7 751
79 6799086 823 10 4 14215
80 6799086 823 9 8 1
81 6847891 830 8 5 5
82 6913822 844 7 9 283
83 7082662 874 2 6 213
84 7082662 874 2 8 183
85 7100687 881 2 2 561
86 7102809 885 10 5 37
87 7164960 888 10 9 16
88 7273615 901 6 2 30
89 7297620 905 0 8 95
90 7535600 929 5 9 4
91 7607970 930 6 8 928
92 7607970 930 6 4 15609
93 7716573 932 9 9 9
94 7858979 941 9 4 1
95 7858979 941 3 2 2
96 8013149 967 5 7 486
97 8060874 973 0 1 24
98 8060874 973 2 8 1312
99 8067264 977 2 2 5970
