11 74 100
0 20086 0 9 9 1
1 20086 0 1 1 3
2 20086 0 9 1 6
3 20086 0 1 2 152
4 302093 21 4 2 6055
5 326204 27 1 0 130
6 401775 38 8 8 11723
7 573461 51 8 3 15
8 573461 51 5 4 15
9 573461 51 0 10 1
10 573461 51 8 0 21
11 573461 51 5 5 8
12 573461 51 7 10 1
13 1049429 99 0 7 38
14 1300796 130 7 10 226
15 1346658 136 8 4 6084
16 1423494 137 2 8 4
17 1572126 154 10 4 91
18 1670487 160 4 6 5
19 1670487 160 7 2 421
20 1746642 172 4 10 18
21 2099189 230 3 1 230
22 2180650 233 2 5 1
23 2319680 244 2 1 1
24 2329541 251 2 5 87
25 2471022 262 8 2 6
26 2471022 262 8 7 1
27 2693361 287 6 2 3
28 2693361 287 1 10 7
29 2747779 291 4 9 182
30 2797661 292 1 10 2
31 2950301 309 3 0 37
32 3047270 317 9 8 167
33 3119517 328 8 3 2
34 3283165 362 5 2 1
35 3385017 380 10 0 984
36 3692224 402 9 9 42
37 3698800 405 8 5 15
38 3698800 405 9 5 62
39 3720032 407 2 1 9
40 3858693 422 6 2 4553
41 3998297 428 0 10 4
42 4110367 445 7 6 2
43 4482762 467 0 3 4
44 4482762 467 5 6 60
45 4518248 472 0 0 7
46 4712890 475 8 7 4
47 4712890 475 6 4 1
48 4935673 498 2 0 10
49 4947111 499 7 6 4848
50 5037553 507 1 10 178
51 5037553 507 9 4 1429
52 5151847 513 8 10 2
53 5285134 553 2 2 3
54 5428730 555 8 2 876
55 5557407 566 3 6 39
56 5614253 569 8 7 1
57 5614253 569 6 5 1
58 5614253 569 7 1 1
59 5678940 578 6 8 233
60 5682803 581 6 9 62
61 5961858 612 0 4 26
62 6091605 616 9 4 1
63 6295582 644 6 10 1
64 6451736 675 2 2 222
65 6553471 683 8 8 5
66 6553471 683 10 6 135
67 6553471 683 0 2 3054
68 6560537 687 0 8 15
69 6864170 698 10 1 12
70 7311356 747 8 5 26
71 7400055 751 8 4 13
72 7400055 751 5 6 111
73 7543944 768 0 5 373
74 7620927 798 4 0 65
75 7817623 822 6 4 1
76 7817623 822 0 7 414
77 7817623 822 2 1 1
78 7932267 823 3 9 1
79 7932267 823 8 9 3
80 7932267 823 2 9 1
81 7932267 823 3 4 3553
82 7989207 830 1 1 74
83 8108322 857 9 8 57
84 8222332 864 5 8 113
85 8243121 871 10 8 8344
86 8263106 874 2 3 32
87 8273117 876 10 3 37
88 8347857 886 10 3 12
89 8359121 888 10 2 136
90 8422198 894 6 2 5
91 8475991 899 6 1 58
92 8513891 905 3 8 95
93 8554839 909 9 3 21
94 8791533 929 9 5 227
95 8875965 930 2 7 21
96 9168808 941 1 2 2
97 9168808 941 3 3 2
98 9251811 964 2 8 204
99 9454242 993 4 3 13014
