11 80 100
0 236064 13 10 5 13
1 482130 38 10 5 110
2 489413 39 6 5 20
3 489413 39 0 5 34
4 543883 50 7 0 44
5 688153 51 10 10 1
6 776492 59 8 0 4
7 962617 75 2 3 33
8 1106757 84 10 2 77
9 1106757 84 7 2 154
10 1106757 84 4 7 21
11 1174576 96 0 5 44
12 1449952 108 5 7 4
13 1492278 117 0 7 29
14 1509077 118 6 2 15
15 1615990 136 8 5 496
16 1708193 137 10 9 2136
17 1708193 137 8 9 6410
18 1708193 137 9 7 3
19 2004585 160 2 3 2
20 2004585 160 2 4 4
21 2004585 160 2 5 5
22 2063551 165 0 5 110
23 2208620 192 3 7 6128
24 2309382 202 3 4 167
25 2309382 202 3 6 222
26 2385775 211 10 6 59
27 2616780 233 2 2 4
28 2777776 241 3 5 8412
29 2777776 241 9 0 9
30 2965227 262 8 10 55
31 3232033 287 6 9 1
32 3232033 287 4 10 7
33 3366643 295 5 4 1
34 3539797 308 6 3 284
35 3546601 310 10 7 73
36 3546601 310 7 1 442
37 3746084 329 2 7 8
38 3785642 338 7 5 18
39 3956452 366 7 2 23
40 4080996 387 9 9 1
41 4206684 390 0 9 349
42 4946372 452 8 10 147
43 4952551 455 5 0 30
44 5020130 457 8 7 1
45 5027211 458 2 4 1978
46 5328979 466 9 10 12
47 5328979 466 3 4 2174
48 5479553 474 4 9 211
49 5922807 498 3 1 35
50 5922807 498 3 4 50
51 5949764 504 10 3 26
52 6082496 510 6 3 4
53 6202718 516 8 3 12
54 6310750 550 7 6 6
55 6514476 555 2 2 2628
56 6514476 555 0 1 95
57 6514476 555 7 6 47
58 6577440 556 3 1 1
59 6609793 558 1 1 97
60 6737104 569 0 7 1
61 6805600 576 10 1 1
62 6981566 606 10 0 183
63 7002878 611 5 8 990
64 7154230 612 7 6 4
65 7309926 616 5 9 14
66 7309926 616 4 2 11
67 7338655 624 2 5 2839
68 7447612 636 6 5 1003
69 7562951 650 0 10 58
70 7597602 668 5 5 82
71 7718043 671 1 6 16
72 7718043 671 1 3 61
73 7718043 671 9 5 30
74 7718043 671 1 9 17
75 8186148 695 6 2 1587
76 8237005 698 10 2 25
77 8365879 710 3 0 36
78 8527009 727 8 7 2
79 8880066 751 0 5 12
80 9117926 787 8 4 6
81 9125815 791 0 1 26
82 9193385 815 4 7 813
83 9562322 825 7 9 18
84 9587048 830 8 5 5
85 9671044 842 1 8 2391
86 9745011 859 6 8 506
87 9915727 874 2 3 32
88 10111718 895 7 9 9
89 10150385 896 3 2 38
90 10183061 901 5 2 30
91 10216669 905 5 8 95
92 10280738 911 9 0 682
93 10309975 916 0 3 49
94 10549840 929 6 10 1
95 10742656 931 1 6 8
96 10803202 932 2 3 3
97 11002570 941 2 7 1
98 11002570 941 4 3 4
99 11218408 967 0 3 4
