11 71 100
0 120112 9 4 6 70
1 120112 9 4 8 2
2 236614 20 4 8 333
3 258936 21 3 8 86
4 372122 44 1 10 3951
5 491538 51 5 4 15
6 790540 84 10 10 2
7 834654 94 3 5 756
8 851788 97 4 9 1843
9 1154278 136 1 3 16
10 1220138 137 7 4 99
11 1273872 151 5 9 3
12 1431846 160 8 6 5
13 1460481 162 5 7 225
14 1460481 162 5 10 5
15 1490092 170 3 5 103
16 1511060 174 9 2 9
17 1550372 184 1 6 21
18 1642546 198 9 0 5
19 1701077 210 7 3 1
20 1763285 229 0 1 1
21 1869128 233 1 3 4
22 1984125 241 7 4 14
23 2183479 285 4 3 17
24 2183479 285 4 9 314
25 2308595 287 5 9 1
26 2308595 287 8 1 28
27 2308595 287 1 0 5
28 2355239 291 1 9 1096
29 2427455 298 1 9 8
30 2541502 311 9 4 3
31 2611946 317 9 10 55
32 2611946 317 7 0 4
33 2611946 317 7 5 964
34 2673872 328 4 0 1
35 2753249 340 7 1 11
36 2791835 355 0 6 29
37 2872409 370 10 5 1
38 2872409 370 2 10 11
39 3004774 390 5 7 3
40 3004774 390 9 5 6
41 3164763 402 2 8 69
42 3248611 409 6 10 15
43 3281243 413 2 4 4707
44 3533283 453 8 2 53
45 3585807 457 2 4 1
46 3590865 458 3 6 11201
47 3806414 466 10 10 4
48 3842367 467 6 7 5
49 3913509 473 10 3 59
50 3913509 473 2 2 23
51 4039620 475 4 0 1
52 4230576 498 1 5 175
53 4230576 498 10 0 21
54 4230576 498 8 8 514
55 4240381 499 7 7 71
56 4436731 523 8 2 3
57 4447799 530 3 10 50
58 4653197 555 9 9 30
59 4653197 555 9 6 71
60 4653197 555 5 9 2
61 4867948 579 3 0 57
62 4912018 588 4 0 70
63 5110164 612 1 3 1
64 5110164 612 5 10 5
65 5512887 671 4 6 8
66 5672494 690 4 4 863
67 5847249 695 5 2 793
68 5847249 695 6 8 1
69 5847249 695 7 9 429
70 5847249 695 1 5 7
71 5883575 698 5 3 7885
72 6158275 735 9 7 1348
73 6158275 735 9 10 136
74 6158275 735 6 5 36
75 6342904 751 3 9 108
76 6354318 752 7 1 168
77 6438547 766 0 5 13
78 6475302 773 3 10 17
79 6499739 780 3 1 117
80 6700820 822 4 9 1
81 6700820 822 2 1 1
82 6700820 822 3 6 4
83 6700820 822 4 4 28
84 6700820 822 6 0 4
85 6799086 823 10 7 751
86 6799086 823 8 5 1198
87 6870485 833 7 7 1338
88 6918521 845 4 7 9
89 7155306 886 1 3 48
90 7367990 917 6 9 3
91 7607970 930 7 1 14
92 7743090 940 0 5 111
93 7858979 941 4 1 192
94 7858979 941 2 5 27
95 7858979 941 1 10 36
96 7858979 941 7 9 1305
97 7858979 941 5 2 2
98 8013149 967 0 1 369
99 8060874 973 0 3 3
