11 76 100
0 111437 6 3 9 2025
1 168158 9 1 8 2
2 236064 13 10 5 13
3 688153 51 8 8 1
4 688153 51 5 7 5
5 776492 59 2 7 6
6 776492 59 1 1 67
7 1149939 91 9 2 4953
8 1192503 97 1 9 1843
9 1397101 106 4 9 39149
10 1514472 122 0 1 98
11 1708193 137 2 10 890
12 1708193 137 5 6 2
13 1717481 139 10 1 50
14 1761011 146 10 8 333
15 1781507 150 2 4 17932
16 2004585 160 3 10 17
17 2004585 160 8 3 10
18 2063551 165 3 3 93
19 2115484 174 9 10 9
20 2117949 176 6 9 8
21 2398292 217 9 5 39
22 2616780 233 1 3 4
23 2616780 233 7 7 85
24 2616780 233 6 10 47
25 2660602 237 4 8 53
26 2660602 237 10 1 11
27 2660602 237 4 2 27
28 2965227 262 3 2 6
29 2979118 263 1 10 4572
30 3232033 287 4 9 1
31 3297335 291 3 2 3435
32 3297335 291 6 6 409
33 3357194 292 0 1 197
34 3514283 304 2 1 7
35 3667993 323 5 9 187
36 3746084 329 2 7 8
37 3759072 332 2 8 19
38 3812517 339 7 3 430
39 3854548 340 9 7 2998
40 3905787 353 0 8 90
41 3905787 353 0 4 219
42 4021372 370 8 2 1
43 4064287 381 9 6 9029
44 4108874 388 7 6 202
45 4241553 392 6 4 427
46 4366077 395 8 5 177
47 4366077 395 7 0 440
48 4430669 402 2 1 907
49 4464038 407 2 6 71
50 4548056 409 6 8 40
51 4593740 413 2 2 3014
52 4593740 413 2 4 4707
53 4797956 428 4 7 1
54 4797956 428 7 1 110959
55 4881853 430 8 3 8
56 4881853 430 1 3 4
57 5020130 457 2 4 1
58 5328979 466 10 4 217
59 5393131 468 7 5 422
60 6045064 507 4 4 1429
61 6182216 513 2 3 5
62 6202910 517 3 10 33396
63 6514476 555 7 8 102
64 6577440 556 0 5 3164
65 6861493 583 6 0 11861
66 6888946 591 2 1 1
67 7154230 612 5 2 448
68 7154230 612 4 5 120
69 7309926 616 3 9 11
70 7309926 616 3 6 36
71 7554699 644 6 1 6
72 7718043 671 3 4 1342
73 7742083 675 2 10 205
74 7746363 677 6 8 67
75 7941492 690 0 1 12
76 7941492 690 8 6 14
77 8186148 695 3 3 4
78 8186148 695 10 8 1
79 8186148 695 4 4 1
80 8237005 698 2 4 268
81 8296921 702 4 3 13
82 8365879 710 3 8 105
83 8464225 718 5 1 6
84 8464225 718 3 10 5
85 8752336 741 3 0 544
86 8792041 749 2 0 33
87 8880066 751 3 7 14
88 8880066 751 5 3 727
89 9165149 804 4 9 9
90 9381148 822 8 2 3
91 9898059 873 8 2 1986
92 9940963 881 0 2 561
93 10106638 894 0 2 11
94 10651158 930 3 4 7804
95 11002570 941 2 0 5
96 11002570 941 4 5 41
97 11370183 994 1 0 3
98 11370183 994 3 1 1
99 11370183 994 4 4 38
