11 84 100
0 229985 3 10 9 40
1 772087 17 5 10 1
2 1359708 50 1 4 745
3 1720383 51 8 4 15
4 2406543 75 8 1 4733
5 2766893 84 4 10 2
6 2766893 84 2 7 21
7 2841694 89 7 1 10154
8 2921290 94 6 5 756
9 3434582 102 10 1 3
10 3897811 128 2 0 5
11 4039975 136 1 7 22
12 4716379 154 10 10 1
13 4716379 154 7 3 56
14 5011463 160 10 7 293
15 5175129 168 7 2 30
16 5293713 175 5 6 13
17 5456921 187 9 9 71
18 5748914 198 1 2 2
19 5891073 209 8 5 39
20 6044744 224 3 4 238
21 6541950 233 0 1 4
22 6541950 233 4 0 7
23 6541950 233 9 8 94
24 6651505 237 4 10 82
25 6944440 241 4 9 1226
26 6944440 241 3 9 1226
27 6944440 241 9 0 9
28 6972210 246 7 0 7
29 7413068 262 8 7 1
30 7413068 262 3 8 14
31 8080084 287 4 7 807
32 8243337 291 6 6 409
33 8785709 304 3 2 24
34 9636372 340 8 7 2998
35 10188192 386 10 3 976
36 11484350 413 9 4 9414
37 11528135 420 9 1 29
38 11528135 420 5 8 36
39 11620833 424 7 2 215
40 11994892 428 2 5 822
41 12204633 430 7 6 381
42 12204633 430 0 2 18
43 12791915 461 3 7 1
44 12811264 464 9 0 17
45 13322449 466 4 7 1
46 14138670 475 0 6 1
47 14807019 498 2 9 1
48 14807019 498 6 8 514
49 15112661 507 5 0 12
50 15455542 513 6 3 21
51 15455542 513 8 3 5
52 15776877 550 3 6 6
53 15834018 551 0 1 26
54 16286192 555 1 10 1
55 16443602 556 0 4 4
56 17192064 588 4 9 111
57 17222367 591 10 1 1
58 17507196 611 10 6 205
59 17885576 612 8 9 1
60 17917386 613 3 3 19596
61 18274816 616 9 6 36
62 18396860 626 2 7 117
63 18614308 635 5 6 96
64 19310695 674 4 2 83
65 20465371 695 10 3 35
66 20465371 695 4 4 1
67 20914697 710 3 9 22919
68 20949370 712 4 4 99
69 20982958 716 3 10 175
70 21160564 718 10 10 10
71 21160564 718 8 10 2
72 21444926 732 7 6 7
73 21880840 741 0 8 1
74 21938654 748 5 8 56
75 22200166 751 7 6 55
76 22200166 751 0 3 1455
77 22296624 755 9 8 92
78 22749087 780 3 5 4
79 22764245 782 0 4 1
80 22878282 803 8 3 11335
81 23030565 821 7 9 36
82 23452871 822 8 10 3
83 24130630 841 1 0 334
84 24177611 842 1 7 25
85 24406160 862 9 9 70
86 24433843 863 2 4 116
87 24729365 871 1 3 1534
88 24744737 872 2 6 11
89 24824478 879 1 5 24
90 25043572 886 1 4 1
91 25266595 894 2 4 56
92 26374600 929 7 3 3
93 26856642 931 1 1 10
94 27008006 932 0 6 9
95 27506426 941 10 1 288
96 28046022 967 5 0 9
97 28046022 967 4 6 6161
98 28046022 967 4 0 9
99 28230166 976 2 8 113
