11 73 100
0 229985 3 10 8 592
1 229985 3 10 3 252
2 912174 22 6 5 14781
3 1107564 32 6 4 72
4 1279332 43 5 8 154
5 1720383 51 0 4 15
6 1720383 51 10 4 15
7 1941231 59 8 10 27
8 2043927 66 0 6 59
9 3148288 99 9 0 203
10 3434582 102 3 7 1
11 3695097 116 2 8 217
12 4270483 137 4 1 25
13 4270483 137 7 3 9
14 5161606 166 10 4 13
15 5995731 217 4 4 150
16 6541950 233 2 2 4
17 6944440 241 3 0 9
18 7135392 259 3 8 4050
19 7413068 262 9 0 19
20 7413068 262 0 9 30
21 7413068 262 0 6 8
22 7413068 262 4 0 69
23 8682688 303 9 10 14
24 8785709 304 2 4 11
25 9141812 317 2 5 964
26 9358552 328 10 0 312
27 9531294 339 4 7 15
28 9793831 358 0 4 7138
29 9849496 362 1 2 1
30 10053432 370 5 9 23
31 10068872 372 3 0 349
32 11116213 406 4 0 35
33 11370141 409 6 9 60
34 11994892 428 3 0 1
35 11994892 428 6 10 4
36 12230212 434 8 2 37
37 12256168 435 6 0 163
38 13322449 466 7 2 50
39 13322449 466 8 8 1
40 13448287 467 5 6 60
41 13482828 468 7 9 22
42 14138670 475 2 9 5
43 14138670 475 5 2 1
44 14186239 477 2 3 89
45 14807019 498 3 5 526
46 15539834 526 3 2 56
47 15539834 526 8 2 56
48 15745039 549 5 5 264
49 16443602 556 8 8 765
50 16842760 569 0 0 52
51 17036821 578 7 8 467
52 17396983 602 8 3 56
53 17462767 608 8 4 11
54 17885576 612 6 9 3
55 17885576 612 10 2 448
56 17885576 612 3 8 8
57 18274816 616 7 6 36
58 18274816 616 9 4 1
59 18614308 635 5 4 37
60 18886748 644 10 1 6
61 18886748 644 1 8 1817
62 18886748 644 4 7 834
63 18897399 646 5 9 12
64 19295107 671 10 8 5
65 19295107 671 10 5 30
66 19295107 671 3 4 1342
67 19958651 692 6 7 181
68 20465371 695 3 9 214
69 20465371 695 4 3 4
70 20465371 695 6 4 8
71 20742302 702 4 3 13
72 20742302 702 0 3 1
73 20835827 703 2 2 4702
74 20835827 703 2 5 40
75 21160564 718 6 1 6
76 21160564 718 8 10 2
77 21160564 718 0 9 31
78 21275913 724 6 7 124
79 21980104 749 2 9 1
80 21980104 749 5 4 26
81 22534914 766 8 10 106
82 22631833 768 0 3 102
83 22867282 801 9 6 20
84 23796803 823 5 3 6
85 23905806 825 5 8 63
86 24324967 857 9 0 2932
87 24666998 864 1 8 226
88 24666998 864 7 2 954
89 24744737 872 1 4 73
90 25043572 886 2 0 14
91 25457654 901 8 2 30
92 25513961 903 1 9 9
93 25541673 905 5 8 95
94 26374600 929 0 9 8
95 26374600 929 0 0 5
96 27745720 961 5 5 343
97 28046022 967 4 4 14
98 28046022 967 7 4 14
99 28489762 999 8 2 26
