11 77 100
0 105098 9 7 8 2
1 193021 17 9 7 5
2 193021 17 5 4 12
3 440488 58 8 2 1566
4 514901 68 3 4 3
5 544691 72 6 4 12101
6 601635 75 5 1 5916
7 601635 75 10 9 1
8 906220 108 8 4 17
9 923774 116 2 7 208
10 973389 127 0 6 358
11 985015 132 6 7 7571
12 1009993 136 8 1 94
13 1252865 160 0 4 19
14 1252865 160 6 3 2
15 1290401 166 7 4 13
16 1351085 181 9 0 206
17 1382195 194 5 3 4
18 1437228 198 10 5 1
19 1662876 237 4 0 72
20 1853267 262 3 1 30
21 1853267 262 2 8 7
22 1861949 263 0 10 3048
23 1900661 283 5 1 81
24 2098246 292 1 0 6
25 2170672 303 10 7 33
26 2170672 303 9 10 14
27 2285453 317 5 9 21
28 2365497 337 4 7 86
29 2382823 339 2 3 645
30 2441117 353 0 2 34
31 2487977 369 2 7 23
32 2513358 370 7 9 23
33 2629177 390 2 8 767
34 2728798 395 3 6 54
35 2998723 428 10 6 1
36 2998723 428 4 2 1
37 3051158 430 9 1 1051
38 3197978 461 2 9 3
39 3197978 461 5 1 22
40 3197978 461 9 6 122
41 3197978 461 3 2 27
42 3330612 466 2 9 28
43 3362071 467 6 5 5
44 3534667 475 2 0 1
45 3534667 475 9 7 9
46 3534667 475 0 4 2
47 3701754 498 10 2 4
48 3701754 498 2 6 1
49 3701754 498 6 9 1
50 3701754 498 4 7 7
51 3701754 498 9 8 514
52 3701754 498 10 0 21
53 3701754 498 1 8 5658
54 3876699 516 10 3 54
55 4071548 555 3 6 47
56 4071548 555 0 5 3
57 4210690 569 5 6 1
58 4211720 571 7 7 16
59 4260275 580 3 8 25
60 4278765 582 4 5 179
61 4305591 591 9 1 1
62 4349245 602 8 9 57
63 4376799 611 7 6 205
64 4568704 616 2 5 1227
65 4731916 659 10 5 113
66 4823776 671 8 1 238
67 4823776 671 9 2 6
68 4825510 672 8 2 85
69 4915103 683 9 6 10
70 4963433 690 8 0 3850
71 5185575 702 3 1 61
72 5361231 732 7 5 26
73 5550041 751 3 8 1
74 5550041 751 8 6 55
75 5633728 766 6 10 15
76 5657958 768 8 0 103
77 5673607 777 10 6 150
78 5687271 780 1 5 14
79 5746338 816 2 8 132
80 5863217 822 8 7 138
81 5949200 823 1 6 1980
82 5979682 827 5 9 116
83 6011674 833 7 9 12629
84 6166749 864 3 6 4
85 6260893 886 6 6 555
86 6349779 898 1 1 158
87 6406867 907 2 1 116
88 6425461 911 3 0 682
89 6593650 929 3 0 2
90 6593650 929 10 10 1
91 6593650 929 5 1 2
92 6593650 929 6 4 878
93 6714160 931 1 4 909
94 6752001 932 7 2 3611
95 6775204 940 0 7 99809
96 6906230 953 1 3 14
97 7011505 967 1 6 3080
98 7034006 972 10 3 94
99 7090681 993 4 9 48
