11 74 100
0 193021 17 10 2 1578
1 193021 17 5 10 1
2 244653 27 10 0 130
3 327465 46 5 10 186
4 430095 51 2 7 5
5 430095 51 8 9 1
6 430095 51 10 6 1
7 601635 75 6 8 68
8 602198 76 9 3 98
9 787072 99 7 4 28
10 787072 99 0 5 5
11 858645 102 2 3 17
12 985019 133 5 1 154
13 1067620 137 5 2 21
14 1067620 137 2 10 890
15 1252865 160 10 3 7
16 1346947 177 3 4 23
17 1515886 226 3 9 222
18 1576898 231 7 6 2
19 1736110 241 1 0 9
20 1736110 241 7 8 1
21 1853267 262 0 5 2
22 1910544 285 4 5 15527
23 2020021 287 5 10 7
24 2020021 287 1 3 5
25 2060834 291 6 0 3
26 2170672 303 4 2 1892
27 2201397 305 4 7 38
28 2223814 311 0 10 19
29 2223814 311 6 4 133
30 2285453 317 4 9 5
31 2382823 339 9 5 95
32 2409093 340 0 0 20
33 2441117 353 0 1 6
34 2487977 369 6 0 34
35 2513358 370 7 9 23
36 2650971 392 7 4 427
37 2650971 392 5 5 1283
38 2842535 409 5 0 528
39 2871087 413 9 0 144
40 2894020 422 7 2 569
41 2998723 428 1 0 2
42 2998723 428 9 4 1
43 2998723 428 6 3 3
44 2998723 428 0 8 7
45 3064042 435 2 0 163
46 3330612 466 6 0 7
47 3330612 466 6 2 100
48 3534667 475 5 4 1
49 3534667 475 0 2 1
50 3576008 487 5 2 306
51 3701754 498 6 5 175
52 4071548 555 5 1 95
53 4110900 556 3 1 1
54 4253500 576 6 1 1
55 4278765 582 4 10 93
56 4288433 583 6 3 83
57 4288433 583 6 6 89
58 4305591 591 0 1 40
59 4349245 602 8 1 81
60 4568704 616 7 9 2
61 4587425 625 2 0 34
62 4721687 644 8 4 4530
63 5116342 695 8 10 1
64 5116342 695 4 3 4
65 5185575 702 0 1 25
66 5185575 702 0 3 1
67 5208956 703 9 10 81
68 5208956 703 2 4 57
69 5361231 732 9 3 7
70 5482358 745 3 10 118
71 5550041 751 1 1 15
72 5633728 766 4 10 7
73 5657958 768 0 8 21
74 5657958 768 0 9 352
75 5752273 817 9 3 1577
76 5949200 823 9 4 7107
77 5949200 823 5 9 1
78 5976451 825 4 5 112
79 6032657 841 10 5 4815
80 6044402 842 1 1 148
81 6182341 871 5 8 758
82 6213101 881 1 2 561
83 6260893 886 9 0 14
84 6260893 886 6 0 14
85 6385418 905 6 8 95
86 6406867 907 4 0 36
87 6471430 924 0 6 1
88 6593650 929 5 3 3
89 6593650 929 0 1 2
90 6656973 930 3 3 15
91 6656973 930 3 0 2492
92 6656973 930 3 2 29
93 6876606 941 0 7 1
94 6876606 941 10 1 288
95 7011505 967 1 4 29
96 7011505 967 4 3 16
97 7053264 973 2 4 10
98 7071256 984 10 4 10212
99 7080758 990 4 1 2
