11 74 100
0 65710 3 10 9 40
1 120112 9 4 5 248
2 168617 13 1 9 30152
3 258936 21 4 0 25980
4 363714 41 10 5 3030
5 373745 45 4 6 1063
6 491538 51 5 5 8
7 622504 72 6 3 18
8 687583 75 4 1 1183
9 1035680 108 4 0 226
10 1112445 127 0 8 19017
11 1112445 127 0 1 237
12 1154278 136 1 1 31
13 1229915 142 3 3 77
14 1257865 146 7 8 1332
15 1347536 154 1 7 642
16 1543131 179 8 7 57
17 1559120 187 4 9 35
18 1642546 198 4 1 4
19 1701077 210 1 3 1
20 1701077 210 2 3 1
21 1984125 241 4 3 1
22 1984125 241 6 3 1
23 1984125 241 9 4 28
24 2118019 262 9 4 1
25 2118019 262 9 9 15
26 2155711 273 6 9 4
27 2183479 285 4 3 17
28 2308595 287 5 1 6
29 2480768 303 0 9 3069
30 2829267 367 6 3 60
31 2907270 385 2 6 17811
32 2934910 388 7 5 19
33 3005441 391 5 3 356
34 3029681 392 1 5 5135
35 3164763 402 2 4 6
36 3307451 422 7 2 569
37 3427112 428 4 4 4
38 3487038 430 5 7 17
39 3654832 461 7 6 614
40 3852236 468 7 7 38
41 4039620 475 2 2 1
42 4039620 475 5 10 25
43 4039620 475 4 6 6
44 4039620 475 8 3 1
45 4230576 498 1 4 50
46 4249831 504 0 9 148
47 4344640 510 6 7 383
48 4415869 513 1 4 300
49 4415869 513 1 0 1
50 4430513 516 5 3 1
51 4698172 556 9 7 110
52 4708486 557 3 5 64
53 4812217 569 6 2 170
54 4970566 602 8 0 1082
55 4970566 602 8 3 56
56 5221376 616 0 3 20
57 5221376 616 3 4 1
58 5270718 628 1 8 78
59 5270718 628 1 10 95
60 5396213 644 8 3 10
61 5421256 667 2 7 77
62 5713648 694 4 6 1358
63 5953093 703 2 2 4702
64 5953093 703 9 2 9404
65 5975627 710 3 3 119
66 6045875 718 5 7 5
67 6045875 718 0 9 31
68 6045875 718 10 4 275
69 6127121 732 5 0 4
70 6158275 735 6 7 1348
71 6438547 766 4 4 32
72 6700820 822 4 6 8
73 6700820 822 2 10 1
74 6926943 846 5 5 11850
75 6960722 859 6 5 14093
76 7065532 871 10 9 7
77 7155306 886 1 6 1111
78 7155306 886 0 2 82
79 7155306 886 6 6 555
80 7155306 886 7 5 25
81 7167760 889 6 2 173
82 7265135 899 6 0 1733
83 7381046 920 6 9 28
84 7413478 928 0 10 51
85 7535600 929 10 2 4
86 7535600 929 5 7 18
87 7535600 929 4 3 3
88 7535600 929 6 3 3
89 7535600 929 7 8 14
90 7607970 930 5 6 13
91 7673326 931 8 1 84
92 7716573 932 6 3 3
93 7858979 941 3 6 2
94 7858979 941 7 10 36
95 7858979 941 2 0 5
96 7858979 941 7 2 5
97 8038865 972 10 8 28
98 8074998 979 6 8 3805
99 8092385 991 9 10 233
