11 76 100
0 1544175 17 1 2 526
1 1656304 20 4 8 333
2 2604860 44 1 1 36
3 2719417 50 10 0 44
4 3440766 51 3 6 1
5 3440766 51 10 10 1
6 3440766 51 9 0 10
7 4249357 70 10 6 45
8 5962518 97 6 9 1843
9 6296576 99 7 6 5
10 6296576 99 7 2 19
11 6869164 102 2 0 70
12 7249761 108 3 2 1
13 7461392 117 0 7 29
14 8079951 136 1 7 22
15 8540966 137 6 8 39
16 10022927 160 3 9 4
17 11497828 198 2 10 7
18 11907540 210 8 3 299
19 12342996 229 2 0 31
20 13083901 233 5 0 7
21 13093907 234 1 7 11379
22 13303011 237 4 1 55
23 14826136 262 8 4 11
24 14826136 262 4 6 17
25 16160168 287 10 2 3
26 16160168 287 0 8 11
27 17365377 303 0 9 3069
28 17571418 304 2 3 929
29 17698988 308 6 3 284
30 18717105 328 9 5 4162
31 18717105 328 1 5 297
32 18928211 338 4 5 18
33 22740283 409 8 0 1056
34 22968701 413 9 4 9414
35 24409266 430 9 4 67
36 24409266 430 1 3 4
37 24512337 435 2 6 24
38 28277340 475 6 3 1
39 28277340 475 7 7 9
40 28500642 483 2 10 40
41 29614038 498 3 2 28
42 29614038 498 0 3 1
43 29682670 499 7 10 10
44 30225322 507 9 7 72
45 30911084 513 2 9 20
46 30911084 513 2 5 862
47 31129030 529 3 9 374
48 31295358 541 4 3 230
49 32572384 555 6 9 35
50 32572384 555 1 7 14
51 32572384 555 5 10 1
52 32572384 555 7 1 95
53 32959402 557 3 5 64
54 33121126 561 7 10 28
55 34028004 576 1 4 37
56 34307467 583 6 8 46
57 34793966 602 8 0 1082
58 34907831 606 10 1 70
59 35771153 612 10 5 3603
60 35849261 615 2 7 39103
61 36549632 616 3 2 3
62 37773497 644 2 1 20
63 37988012 668 5 1 200
64 38590215 671 2 1 476
65 38590215 671 9 2 6
66 38590215 671 0 10 24
67 38590215 671 3 4 1342
68 38842426 681 5 4 1319
69 39365047 688 7 4 43
70 41185025 698 10 7 2
71 41484605 702 0 2 28
72 41484605 702 3 1 61
73 41671654 703 9 4 57
74 42889853 732 4 9 138
75 43261114 739 10 3 809
76 43761680 741 7 7 2
77 43960209 749 5 9 2
78 44400333 751 9 6 55
79 44400333 751 2 0 47
80 44752589 760 5 0 1472
81 45562077 785 8 2 7
82 45858312 806 5 0 104
83 45970708 816 7 10 175
84 46905743 822 5 5 26
85 48261261 841 1 0 334
86 49458730 871 10 9 7
87 50533190 894 4 7 10
88 51894351 928 7 10 102
89 52749200 929 5 5 682
90 52749200 929 5 3 3
91 52749200 929 1 6 54
92 52749200 929 4 2 4
93 53713284 931 8 8 4
94 53713284 931 4 4 909
95 53713284 931 6 7 6
96 54016013 932 6 8 20
97 54097692 938 9 5 48
98 55491441 961 5 5 343
99 55491441 961 8 5 343
