11 84 100
0 76661 3 5 7 31
1 355568 29 2 3 99
2 389332 37 6 8 61
3 434143 44 1 10 3951
4 434143 44 1 6 217
5 573461 51 2 10 1
6 681309 66 0 5 116
7 802181 75 0 7 1
8 1144860 102 4 6 1
9 1297852 127 0 7 4651
10 1423494 137 6 7 198
11 1484589 150 2 3 66
12 1572126 154 0 8 196
13 1572126 154 5 0 2
14 1670487 160 9 1 1
15 1746642 172 6 10 36
16 1804612 183 4 0 35
17 1916304 198 7 4 2
18 1984590 210 9 3 1
19 2013798 223 3 2 68
20 2314813 241 7 4 14
21 2378464 259 0 8 2025
22 2471022 262 2 2 6
23 2547392 285 4 2 275
24 2693361 287 3 4 1
25 2693361 287 6 10 7
26 2693361 287 4 7 807
27 2693361 287 8 5 2
28 2695235 289 10 10 47
29 2894229 303 4 8 324
30 2950301 309 3 0 37
31 3153996 337 4 8 4762
32 3212124 340 6 2 7
33 3317303 369 9 7 1
34 3351144 370 8 8 3
35 3385017 380 10 6 315
36 3505570 390 1 4 27
37 3858693 422 0 7 62
38 3998297 428 5 10 4
39 4110367 445 7 6 2
40 4440816 466 5 8 1
41 4440816 466 9 3 1801
42 4565760 473 7 3 14
43 4712890 475 9 2 6
44 4712890 475 9 6 1
45 4712890 475 1 5 13
46 4728746 477 2 9 103
47 4935673 498 0 2 4
48 5151847 513 7 2 42
49 5209986 537 5 10 11
50 5232084 542 1 10 78241
51 5428730 555 5 2 876
52 5428730 555 10 5 1
53 5493233 557 3 0 5258
54 5493233 557 3 1 215
55 5493233 557 3 4 51
56 5557407 566 3 6 39
57 5679272 579 3 0 57
58 5740789 591 6 10 2
59 5798994 602 8 0 1082
60 5817971 606 10 1 70
61 5961858 612 5 6 1
62 5961858 612 7 9 1
63 6091605 616 8 6 36
64 6091605 616 9 0 494
65 6222430 642 9 1 5170
66 6309222 659 10 5 113
67 6320599 664 5 3 26
68 6431702 671 2 0 3
69 6553471 683 6 7 548
70 6555638 686 7 1 88
71 6821790 695 9 3 4
72 6914100 702 0 5 112
73 7093208 725 2 3 90
74 7105841 727 6 7 2
75 7293613 741 6 7 14
76 7413371 752 0 1 8
77 7464057 761 4 5 45
78 7573480 778 5 1 279
79 7598272 787 7 4 3
80 7647829 808 1 3 14
81 7932267 823 5 8 1
82 8059203 842 1 7 25
83 8081434 846 5 4 14
84 8222332 864 10 8 113
85 8222332 864 3 8 113
86 8270466 875 2 7 9
87 8347857 886 7 2 41
88 8458654 896 9 10 16
89 8567282 911 2 0 682
90 8567716 912 8 1 71
91 8646401 926 7 5 9235
92 8791533 929 6 5 227
93 8875965 930 0 6 26
94 9002668 932 1 6 4
95 9002668 932 9 2 902
96 9168808 941 5 0 5
97 9168808 941 3 3 2
98 9348674 967 5 3 4
99 9404353 973 2 2 3
