11 79 100
0 382307 51 2 10 1
1 443534 64 2 6 218
2 534787 75 6 5 231
3 549635 82 1 8 76
4 699619 99 0 10 3070
5 805529 108 8 10 3
6 948996 137 6 3 9
7 948996 137 9 1 12
8 1113658 160 1 7 1
9 1164428 172 4 10 18
10 1277536 198 7 2 6
11 1277536 198 7 8 11
12 1345285 225 6 8 316
13 1399459 230 3 0 48
14 1461395 236 5 6 55
15 1546453 244 10 9 11740
16 1554845 254 2 4 52
17 1585757 260 0 8 471
18 1647348 262 8 2 6
19 1795574 287 6 1 15
20 1795574 287 1 8 5
21 1929486 303 1 0 1
22 2118065 339 5 5 951
23 2141416 340 3 2 3
24 2141416 340 6 2 7
25 2256678 380 10 3 238
26 2425598 395 3 7 1
27 2425598 395 1 8 33
28 2425598 395 7 5 177
29 2665531 428 10 6 1
30 2665531 428 10 9 1
31 2665531 428 10 2 1
32 2712140 430 7 8 5
33 2734471 443 6 8 4
34 2842647 461 8 5 283
35 2998050 469 6 3 3988
36 3141926 475 1 6 11
37 3290448 498 4 9 1
38 3379164 510 6 6 71
39 3434564 513 6 7 11
40 3445954 516 2 3 1
41 3458781 529 9 9 374
42 3619153 555 0 3 202
43 3619153 555 5 4 3318
44 3697268 563 10 7 235
45 3742835 569 6 5 1
46 3780889 576 10 1 1
47 3865996 602 6 0 4869
48 3878647 606 10 10 996
49 3974572 612 6 6 1
50 3974572 612 2 7 2539
51 3974572 612 2 8 8
52 3974572 612 2 9 14
53 3981849 614 6 5 252
54 4074772 621 2 8 37
55 4074772 621 6 8 18
56 4107969 631 7 5 232
57 4127829 633 5 8 159
58 4136513 635 5 8 1373
59 4137562 636 6 5 1003
60 4206148 659 10 5 113
61 4287801 671 4 8 5
62 4442788 693 8 5 224
63 4547860 695 10 1 3
64 4576113 698 2 10 32
65 4609400 702 4 2 28
66 4630183 703 9 1 49
67 4659883 714 10 2 29274
68 4765539 732 9 3 7
69 4806790 739 10 9 6031
70 4874026 746 6 9 88
71 4884467 749 9 4 6
72 4976038 761 2 5 45
73 5048986 778 3 1 279
74 5315273 827 5 9 116
75 5326138 830 0 5 5
76 5326543 831 1 10 1198
77 5381072 845 2 7 4
78 5481699 865 4 2 165
79 5565238 886 10 7 1
80 5703226 909 9 3 21
81 5752382 924 10 6 1
82 5752663 925 1 0 92
83 5861022 929 3 9 4
84 5861022 929 0 4 878
85 5861022 929 4 3 3
86 5861022 929 8 2 21
87 5968142 931 7 8 4
88 6112539 941 3 10 18
89 6112539 941 9 1 288
90 6112539 941 5 3 8
91 6112539 941 5 6 2
92 6112539 941 7 7 2
93 6138871 953 1 3 14
94 6143650 957 1 9 17
95 6156379 959 10 6 11
96 6165715 961 5 5 343
97 6269568 973 2 9 112
98 6269568 973 0 0 2
99 6302828 993 4 3 13014
