11 84 100
0 60259 0 1 10 471
1 610215 16 2 4 209
2 772087 17 10 2 1578
3 1066704 29 2 3 99
4 1720383 51 9 0 10
5 1720383 51 0 1 15
6 1720383 51 8 3 15
7 2766893 84 2 2 231
8 2841694 89 7 8 6309
9 2841694 89 7 9 100
10 2921290 94 8 5 756
11 2981773 98 10 1 117
12 3772694 118 10 5 16
13 3782250 121 4 1 48
14 3967829 134 8 9 76
15 5011463 160 8 1 17
16 5215322 170 3 4 341
17 5748914 198 7 0 20
18 5755098 201 5 5 64
19 6064885 227 4 7 1033
20 6171498 229 0 10 5
21 6307593 231 5 6 6
22 6541950 233 2 7 1
23 6657162 238 3 9 432
24 6944440 241 6 2 3905
25 6972210 246 10 0 30
26 7413068 262 4 7 1
27 7413068 262 9 9 15
28 8080084 287 5 0 3
29 8080084 287 8 8 5
30 8243337 291 1 8 35
31 8392985 292 10 8 3054
32 8682688 303 10 6 397
33 8805591 305 7 7 38
34 8849494 308 6 0 160
35 9141812 317 7 2 1697
36 9531294 339 10 7 31
37 9765994 354 2 5 5284
38 10202490 387 7 9 1
39 11076673 402 2 1 907
40 11082000 404 2 0 10
41 11528135 420 6 1 29
42 12204633 430 5 4 3
43 12204633 430 5 7 17
44 12204633 430 0 2 18
45 12204633 430 4 4 3
46 12333073 446 8 4 28
47 13322449 466 4 6 4
48 13322449 466 7 6 28
49 13448287 467 10 7 23
50 13697281 473 8 8 104
51 14138670 475 6 3 1
52 14807019 498 10 6 1
53 14807019 498 5 8 514
54 15112661 507 3 3 26
55 16286192 555 5 10 1
56 16443602 556 5 7 31
57 16524483 558 1 0 204
58 16637708 563 10 3 653
59 16842760 569 6 7 1
60 16843509 570 1 9 106
61 17192064 588 4 3 51
62 17276498 600 3 8 66
63 17396983 602 8 2 848
64 17885576 612 1 6 1
65 17917386 613 3 2 20
66 18274816 616 8 4 1
67 18339265 623 5 1 96
68 18575231 633 5 4 225
69 18886748 644 1 10 1
70 19853732 690 4 7 527
71 19958651 692 7 3 3329
72 20465371 695 6 10 1
73 20465371 695 4 8 1
74 20465371 695 9 0 64
75 20742302 702 0 1 25
76 20835827 703 2 4 57
77 20914697 710 3 3 119
78 21160564 718 1 9 31
79 21317523 727 6 5 7
80 21980104 749 9 4 6
81 22200166 751 2 5 25
82 22240115 752 3 0 42
83 22720441 778 10 1 279
84 23452871 822 5 4 1
85 24399508 861 3 8 8
86 25043572 886 4 8 20
87 25266595 894 2 8 1
88 25627471 907 2 5 23
89 25627471 907 2 3 18
90 25701846 911 4 0 682
91 26374600 929 3 6 109
92 26627895 930 4 7 10
93 26627895 930 6 2 7
94 27506426 941 1 4 1
95 27506426 941 3 5 13
96 27506426 941 6 5 388
97 27746159 962 1 9 174
98 28224896 975 10 8 1
99 28442964 996 1 5 37
