11 71 100
0 111518 10 2 1 870
1 231309 24 7 4 6073
2 305883 39 3 5 6
3 325607 44 1 10 3951
4 430095 51 9 4 31
5 430095 51 7 2 5
6 601635 75 8 1 4733
7 601635 75 3 3 33
8 601635 75 8 5 115
9 601635 75 1 8 1
10 745314 97 8 9 1843
11 871143 104 4 1 18
12 906220 108 0 7 4
13 1067620 137 2 2 63
14 1179094 154 1 4 10
15 1252865 160 1 0 23
16 1252865 160 10 5 5
17 1277921 162 5 0 1899
18 1277921 162 6 10 5
19 1289719 165 5 5 110
20 1437228 198 5 5 1
21 1736110 241 6 6 1
22 1853267 262 3 7 1
23 1853267 262 0 10 12
24 2020021 287 7 8 5
25 2020021 287 2 2 3
26 2020021 287 4 1 3
27 2124023 298 1 5 75
28 2366026 338 1 5 37
29 2413828 343 6 4 129
30 2462374 362 6 3 357
31 2487977 369 10 3 6
32 2568046 388 0 4 28
33 2728798 395 5 0 2203
34 2728798 395 10 6 13
35 2871087 413 9 2 3014
36 3051158 430 9 8 1
37 3142007 458 4 4 1978
38 3157430 460 1 9 91
39 3197978 461 6 9 85
40 3197978 461 10 9 7
41 3330612 466 9 3 1801
42 3330612 466 4 8 1
43 3330612 466 9 9 8
44 3330612 466 2 1 5
45 3330612 466 0 10 6
46 3362071 467 0 9 8
47 3370707 468 7 4 34
48 3424320 473 1 9 12
49 3424320 473 10 2 7
50 3424320 473 7 5 68
51 3424320 473 8 2 15
52 3424320 473 0 8 1669
53 3534667 475 7 5 2
54 3701754 498 0 8 1028
55 3701754 498 9 9 1
56 4071548 555 2 6 94
57 4110900 556 3 10 335
58 4110900 556 0 0 1
59 4253500 576 0 2 51
60 4312697 596 9 1 190
61 4313212 597 0 4 14
62 4568704 616 6 8 1
63 4568704 616 3 4 1
64 4568704 616 6 7 5205
65 4611878 628 1 4 81
66 4721687 644 7 3 21
67 4823776 671 9 8 34
68 4915103 683 6 4 638
69 4989662 692 10 4 19
70 5116342 695 0 7 2
71 5116342 695 1 9 214
72 5185575 702 0 1 25
73 5237342 712 10 4 49
74 5290141 718 6 0 1
75 5361231 732 6 5 66
76 5361231 732 9 6 4
77 5388490 735 9 0 35
78 5407639 739 10 2 39026
79 5495026 749 10 7 20
80 5550041 751 10 3 242
81 5574156 755 9 0 195
82 5599300 762 9 1 36
83 5680110 778 1 1 837
84 5863217 822 7 3 5
85 5863217 822 9 5 26
86 5949200 823 8 7 751
87 5949200 823 2 10 1
88 6011674 833 7 8 800
89 6046206 843 9 3 39
90 6063050 850 5 2 5
91 6166749 864 6 9 70
92 6260893 886 3 1 5
93 6593650 929 3 3 3
94 6656973 930 8 0 69778
95 6752001 932 1 10 23
96 6752001 932 2 0 4
97 6752001 932 8 4 43
98 6876606 941 7 7 2
99 6938426 963 0 8 229
