11 79 100
0 122691 1 9 1 33309
1 2227769 35 7 10 74
2 3440766 51 7 2 5
3 3440766 51 0 10 1
4 3954449 61 2 2 24
5 4357533 72 6 0 6120
6 5533786 84 2 9 84
7 5544881 87 5 7 210
8 5872884 96 10 5 88
9 7249761 108 8 10 3
10 7390194 116 2 5 254
11 7880122 132 5 1 6
12 8805059 146 6 4 5
13 8926617 152 4 1 1312
14 9432758 154 2 7 642
15 10022927 160 8 4 9
16 10775582 177 3 8 268
17 11497828 198 6 4 2
18 11671207 203 8 8 45
19 13385883 239 2 1 9
20 13888881 241 3 2 1952
21 13888881 241 6 10 8112
22 15284357 285 4 7 350
23 16160168 287 9 4 10
24 16486675 291 7 7 333
25 16785971 292 0 0 6
26 16785971 292 2 10 1
27 18283624 317 1 7 2009
28 18283624 317 5 2 565
29 18283624 317 5 10 55
30 18283624 317 10 8 83
31 18452902 324 4 9 142
32 18717105 328 5 5 297
33 18717105 328 9 5 4162
34 20544374 388 0 5 38
35 21830385 395 8 5 177
36 23989784 428 8 4 21
37 23989784 428 5 0 1
38 23989784 428 1 5 822
39 24701038 450 9 4 2471
40 24731860 452 5 10 36
41 25259441 460 1 8 47
42 25583830 461 5 7 1
43 27394563 473 0 10 1
44 28277340 475 9 10 15
45 28277340 475 8 6 4
46 28372478 477 2 0 196
47 29614038 498 2 0 10
48 30225322 507 2 2 28
49 30412481 510 7 4 1991
50 31034046 520 0 2 1008
51 32572384 555 1 10 1
52 32572384 555 5 5 1
53 32887204 556 3 5 3164
54 33082052 560 2 2 8
55 33685520 569 7 6 1
56 33685520 569 9 10 6
57 33735868 574 8 5 178
58 34907831 606 10 3 161
59 34907831 606 10 4 1308
60 35771153 612 0 6 1
61 35771153 612 7 3 1
62 35771153 612 3 3 1
63 36693279 624 2 5 2839
64 36699402 625 7 0 104
65 36994427 632 7 1 1214
66 37773497 644 0 0 25
67 37815287 651 5 8 25
68 38590215 671 1 9 17
69 39320831 683 6 5 1
70 39320831 683 8 8 5
71 39462300 689 5 10 2
72 41185025 698 5 1 3
73 41299270 701 1 2 3
74 41484605 702 4 0 1187
75 41829395 710 3 8 105
76 42889853 732 4 6 4
77 42889853 732 9 0 2
78 44593249 755 9 9 56
79 45528490 782 3 4 21
80 46905743 822 7 9 3
81 46905743 822 10 10 1
82 47593607 823 5 4 3553
83 48396758 844 1 9 851
84 49333997 864 0 4 17
85 50087144 886 0 2 82
86 50087144 886 9 6 555
87 50533190 894 5 7 1
88 51254942 907 4 9 76
89 51486732 913 1 2 19
90 51649573 919 0 1 1
91 52749200 929 4 3 3
92 55012853 941 5 1 192
93 55012853 941 1 10 36
94 56092044 967 4 9 9
95 56167665 970 10 6 74
96 56426118 973 2 0 8
97 56426118 973 2 9 112
98 56725452 993 4 7 154
99 56850919 994 0 1 28
