11 84 100
0 91994 3 5 10 935
1 236064 13 8 8 1
2 308835 17 1 7 17
3 482130 38 10 1 381
4 509199 41 10 8 44
5 523243 45 4 6 1063
6 688153 51 10 4 15
7 688153 51 0 4 15
8 817570 66 0 2 233
9 962617 75 6 5 231
10 1106757 84 2 8 1
11 1373832 102 5 1 3
12 1393829 104 4 7 132
13 1509288 119 5 8 2988
14 1709703 138 9 5 109
15 1783422 151 3 9 3
16 2044674 162 7 0 3799
17 2095971 172 4 10 18
18 2299565 198 1 4 4
19 2299565 198 6 0 5
20 2309382 202 3 10 415
21 2425954 227 4 7 1033
22 2426861 228 9 2 15
23 2616780 233 6 3 5
24 2777776 241 6 8 1
25 2787955 245 10 8 40
26 2965227 262 9 9 15
27 2965227 262 0 10 12
28 3056871 285 4 2 275
29 3232033 287 0 6 24
30 3297335 291 3 2 3435
31 3473075 303 8 1 25
32 3656724 317 8 3 382
33 3743421 328 9 9 2
34 3884480 349 6 6 8522
35 3905787 353 0 2 34
36 4021372 370 10 5 1
37 4108874 388 0 7 60
38 4241553 392 6 5 3851
39 4366077 395 10 6 13
40 4366077 395 3 0 440
41 4548056 409 6 2 3
42 4648333 424 7 4 84
43 4652620 426 5 10 30
44 4797956 428 8 4 21
45 4797956 428 5 6 1
46 4797956 428 2 7 1
47 4797956 428 0 4 1
48 4881853 430 4 1 7361
49 5328979 466 1 2 804
50 5328979 466 1 5 2
51 5379314 467 10 7 23
52 5393131 468 7 7 38
53 5407791 471 1 10 923
54 5407791 471 10 10 2769
55 5655468 475 8 6 4
56 5655468 475 7 1 10
57 5655468 475 5 4 1
58 5655468 475 6 2 1
59 5743903 489 9 9 62
60 5753390 492 8 7 3095
61 5922807 498 5 10 13
62 5922807 498 0 6 1
63 6182216 513 1 2 6
64 6333607 551 5 1 3
65 6514476 555 0 2 876
66 6514476 555 2 2 2628
67 6577440 556 8 7 15
68 6591880 557 3 5 64
69 6668096 565 1 0 14
70 6668908 567 1 5 9237
71 6981566 606 10 9 101
72 7154230 612 9 8 8
73 7379006 628 1 8 78
74 7554699 644 0 9 136
75 7597602 668 5 10 160
76 7718043 671 0 8 5
77 7720816 672 10 0 82
78 7864166 683 4 6 10
79 7864166 683 4 9 123
80 7872645 687 10 7 98
81 7941492 690 8 5 4
82 8186148 695 3 9 214
83 8334330 703 9 6 38
84 8365879 710 3 5 9637
85 8387790 714 10 2 29274
86 8464225 718 10 1 6
87 8621585 735 6 7 1348
88 9088176 778 0 1 279
89 9088176 778 4 9 7
90 9126390 793 4 7 6073
91 9562322 825 7 9 18
92 10216669 905 8 8 95
93 10250988 907 2 1 116
94 10803202 932 2 10 23
95 11002570 941 7 10 36
96 11218408 967 5 8 44
97 11239665 971 1 8 30
98 11329213 990 4 1 2
99 11370183 994 8 0 3
