11 80 100
0 20086 0 1 8 28
1 196720 13 3 9 2319
2 257362 17 1 7 17
3 308212 23 5 10 4218
4 365222 31 3 6 1
5 389332 37 3 8 6
6 573461 51 7 0 21
7 647077 59 5 9 36
8 647077 59 1 0 2
9 973763 94 7 5 2270
10 1243565 117 0 9 4276
11 1260274 120 9 7 124
12 1423494 137 10 7 3
13 1484589 150 2 3 66
14 1572126 154 2 0 2
15 1670487 160 0 0 35
16 1703895 162 6 3 191
17 1703895 162 7 7 675
18 1762903 174 5 6 24
19 1916304 198 1 0 10
20 1924485 202 3 2 18
21 1990027 215 7 4 8130
22 2057166 229 6 4 17
23 2099189 230 8 5 3
24 2185282 235 2 7 17
25 2314813 241 3 9 1226
26 2378464 259 7 1 2675
27 2502540 269 4 9 210
28 2693361 287 8 9 1
29 2693361 287 0 2 6
30 2747779 291 4 1 128
31 2797661 292 5 6 13
32 3142764 335 1 9 28
33 3283165 362 3 2 2
34 3317303 369 2 9 869
35 3351144 370 9 3 10
36 3534628 392 7 4 427
37 3692224 402 2 8 69
38 3692224 402 9 3 65
39 3790047 409 1 8 13
40 3879185 427 10 2 48
41 3998297 428 3 9 1
42 3998297 428 2 2 1
43 3998297 428 9 0 1
44 4068211 430 2 2 18
45 4068211 430 0 8 2
46 4263971 461 7 8 9
47 4263971 461 9 7 1
48 4263971 461 1 2 11
49 4264300 462 10 3 3197
50 4440816 466 4 3 1801
51 4440816 466 9 6 4
52 4482762 467 10 9 8
53 4712890 475 9 7 9
54 4712890 475 7 8 5
55 4712890 475 0 2 1
56 4739942 479 1 9 1
57 5037553 507 10 1 1
58 5151847 513 3 2 6
59 5206410 535 2 1 59
60 5245360 547 4 10 15
61 5428730 555 2 3 202
62 5493233 557 3 1 215
63 5678940 578 7 8 467
64 5740789 591 8 10 2
65 6091605 616 3 2 3
66 6091605 616 10 2 2
67 6197418 634 7 9 19581
68 6220427 638 4 6 40
69 6331335 668 5 7 18
70 6431702 671 0 10 24
71 6431702 671 3 6 8
72 6431702 671 10 7 2
73 6462308 679 10 7 6010
74 6560537 687 0 8 15
75 6821790 695 9 4 2
76 6821790 695 1 9 214
77 7053521 718 1 5 87
78 7091971 724 6 5 1502
79 7148308 732 7 6 7
80 7311356 747 8 5 26
81 7452597 757 7 0 7
82 7573480 778 1 1 837
83 7573480 778 5 1 279
84 7817623 822 3 8 239
85 7817623 822 10 0 1
86 7817623 822 1 0 1
87 7989207 830 1 1 74
88 8032414 834 9 10 1400
89 8071608 845 10 7 4
90 8347857 886 2 7 4
91 8422198 894 4 7 10
92 8458654 896 10 10 16
93 8485884 901 9 2 30
94 8513891 905 5 8 95
95 8791533 929 10 1 1
96 8791533 929 1 8 4
97 9168808 941 2 0 5
98 9174409 946 8 9 37
99 9348674 967 1 10 13
