11 77 100
0 210197 9 7 7 39
1 679854 50 10 0 44
2 1093683 74 10 7 17
3 1203271 75 3 3 33
4 1574144 99 0 5 5
5 1574144 99 9 0 203
6 1886347 118 1 5 301
7 1951194 130 7 10 226
8 2019987 136 1 7 22
9 2358189 154 5 7 642
10 2358189 154 7 6 115
11 2358189 154 5 10 2
12 2372773 159 1 4 95
13 2555843 162 2 1 2890
14 2760775 192 3 3 5872
15 2919545 204 9 0 97
16 3085749 229 2 0 31
17 3270975 233 4 1 39
18 3472220 241 6 7 6
19 3472220 241 9 2 5857
20 3567696 259 5 7 25
21 3706534 262 9 10 6
22 3723898 263 0 10 3048
23 3723898 263 10 10 1524
24 4040042 287 3 8 11
25 4121668 291 3 2 3435
26 4121668 291 10 3 211
27 4121668 291 4 5 25
28 4196492 292 2 6 13
29 4341344 303 9 0 1
30 4818186 340 9 4 1
31 4846334 346 1 5 1467
32 5026716 370 8 2 1
33 5258355 390 7 8 767
34 5685070 409 2 10 15
35 5997446 428 7 10 4
36 5997446 428 0 5 822
37 6102316 430 3 6 190
38 6152560 443 6 7 3945
39 6314860 460 1 3 39
40 6661224 466 6 0 7
41 7069335 475 7 1 10
42 7069335 475 0 0 2
43 7603120 510 7 2 20
44 7727771 513 2 7 5
45 7727771 513 10 3 26
46 7764321 524 1 8 1009
47 7872519 549 5 5 264
48 8143096 555 10 10 2
49 8221801 556 10 7 15
50 8698491 602 6 9 19
51 9137408 616 1 6 36
52 9137408 616 9 4 1
53 9309515 636 6 5 1003
54 9443374 644 1 4 647
55 9647553 671 6 2 6
56 9647553 671 2 7 1
57 9647553 671 10 7 2
58 9647553 671 9 5 30
59 9647553 671 4 8 5
60 9710606 681 2 4 1319
61 9926866 690 8 1 1
62 9926866 690 8 7 6335
63 9996274 693 8 4 80
64 10232685 695 6 3 4
65 10232685 695 2 6 1
66 10296256 698 2 7 2
67 10296256 698 5 8 43
68 10371151 702 3 0 1187
69 10940420 741 2 2 3
70 11178896 757 9 5 1734
71 11178896 757 9 1 38
72 11196086 761 8 5 91
73 11267457 766 4 3 1
74 11383539 783 7 10 8
75 11397408 787 2 4 78
76 11726435 822 3 9 9
77 11898401 823 9 6 1414
78 11898401 823 5 3 6
79 11952903 825 7 8 63
80 11953318 826 2 8 28
81 12333499 864 10 9 35
82 12333499 864 2 6 4
83 12521786 886 3 4 1
84 12551303 892 10 7 320
85 12633297 894 6 2 5
86 12728827 901 4 2 30
87 12770836 905 1 8 95
88 13187300 929 0 0 5
89 13313947 930 4 2 7
90 13428321 931 8 8 4
91 13504003 932 4 8 67
92 13550408 940 0 3 11398
93 13753213 941 2 8 2
94 13753213 941 4 4 32
95 14023011 967 1 9 9
96 14068013 972 10 2 558
97 14106529 973 2 2 3
98 14106529 973 0 8 2624
99 14212729 994 8 0 3
