11 75 100
0 406810 16 4 4 11
1 514725 17 9 7 5
2 711136 29 2 2 8778
3 711136 29 2 4 83
4 730444 31 5 6 1
5 878405 49 5 3 10203
6 1146922 51 2 6 1
7 1146922 51 3 2 5
8 1146922 51 0 1 15
9 1165719 56 5 6 86
10 1294154 59 1 2 204
11 1294154 59 1 5 14
12 1294154 59 8 1 22
13 1373778 69 5 1 15911
14 1844595 84 2 6 2
15 1844595 84 6 5 4
16 1845141 85 8 6 404
17 1894463 89 7 8 6309
18 2289721 102 4 6 1
19 2289721 102 6 0 35
20 2428239 110 3 7 345
21 2645219 134 8 3 3
22 2849506 138 9 5 109
23 3144252 154 5 10 2
24 3340975 160 1 7 1
25 3407790 162 2 10 75
26 3407790 162 7 6 44
27 3525807 174 9 7 14
28 3681034 192 3 0 139
29 3832609 198 7 4 2
30 3848970 202 3 9 290
31 3848970 202 3 3 146
32 3890402 203 8 5 8684
33 4648140 246 7 0 7
34 4757884 261 2 6 94
35 5068310 282 8 3 286
36 5094785 285 4 10 220
37 5386722 287 8 10 7
38 5495558 291 5 2 3435
39 5664062 298 1 9 8
40 5788459 303 0 6 397
41 5899662 308 6 2 3
42 6465839 348 4 1 2240
43 6514281 355 0 6 29
44 6848124 388 0 1 16
45 6848124 388 0 8 3
46 6848124 388 0 6 202
47 7011140 390 0 0 14
48 7384449 402 2 9 21
49 8243953 452 5 10 36
50 9131521 473 3 6 5
51 9131521 473 9 8 52
52 9131521 473 0 2 7
53 9425780 475 4 2 3
54 9595034 495 10 10 23
55 9871346 498 9 9 1
56 9871346 498 9 0 64
57 9871346 498 4 2 4
58 9916273 504 3 10 30
59 10075107 507 8 7 145
60 10075107 507 5 6 3
61 10304786 514 9 9 87
62 10490720 547 4 9 79
63 10857461 555 10 9 2
64 10962401 556 9 0 1
65 10962401 556 3 1 1
66 11091805 563 10 1 192
67 11228506 569 6 2 170
68 11498718 595 0 9 1
69 11635943 606 10 3 161
70 11642582 609 9 8 117
71 11671464 611 8 8 990
72 11923717 612 9 5 120
73 11923717 612 0 6 1
74 11923717 612 0 7 2539
75 11923717 612 0 8 8
76 11945549 614 6 5 252
77 12183210 616 8 6 36
78 12383487 633 5 3 85
79 12863405 671 3 6 8
80 13643581 695 6 0 64
81 13643581 695 7 1 3
82 13766423 701 5 2 11
83 13766423 701 3 9 1
84 14162680 723 6 3 13
85 14296617 732 5 9 46
86 14653403 749 2 0 33
87 15088340 769 5 3 363
88 15196544 787 8 4 6
89 15635247 822 4 8 239
90 16166885 849 9 10 39
91 16216644 857 9 5 4
92 16844396 894 3 3 6
93 17751930 930 3 2 29
94 17751930 930 1 6 13
95 17751930 930 6 10 1367
96 17904428 931 4 10 225
97 18337617 941 3 0 5
98 18337617 941 2 6 5
99 18808706 973 0 5 2131
