11 81 100
0 91994 3 10 6 2558
1 236064 13 6 4 340
2 236064 13 3 4 1361
3 308835 17 3 5 16
4 362511 21 3 0 51960
5 426681 29 2 6 2425
6 482130 38 10 1 381
7 543883 50 2 3 14
8 688153 51 10 1 30
9 849871 70 10 8 21
10 962617 75 3 3 33
11 991273 83 0 2 165
12 1106757 84 4 10 2
13 1373832 102 0 0 35
14 1557423 127 0 5 244
15 1708193 137 0 6 9
16 1783422 151 3 9 3
17 1886551 154 9 8 21
18 1886551 154 8 8 21
19 1886551 154 6 6 690
20 2115484 174 7 2 9
21 2160383 179 8 7 57
22 2334241 203 7 6 48
23 2523037 231 4 6 2
24 3040986 282 8 1 106
25 3040986 282 8 0 16296
26 3232033 287 5 0 3
27 3232033 287 8 3 11
28 3232033 287 2 0 3
29 3357194 292 10 9 529
30 3357194 292 2 10 1
31 3514283 304 2 7 8
32 3560120 313 3 2 18
33 3656724 317 0 5 1929
34 3693979 326 7 7 118
35 3771317 335 1 7 96
36 3812517 339 3 7 31
37 3854548 340 5 3 126
38 3866887 344 4 7 106
39 3905787 353 0 7 193
40 3906397 354 2 5 5284
41 3980764 369 6 5 186
42 4206684 390 8 6 459
43 4366077 395 10 6 13
44 4366077 395 9 5 532
45 4548056 409 6 10 15
46 4797956 428 8 1 7352
47 4797956 428 5 5 822
48 4881853 430 2 2 18
49 4922048 443 6 5 69
50 5116766 461 2 2 5
51 5328979 466 0 1 14
52 5407791 471 7 10 923
53 5478912 473 4 7 3
54 5655468 475 4 1 6
55 5922807 498 5 7 14
56 6045064 507 5 1 2
57 6045064 507 3 6 3
58 6182216 513 8 5 172
59 6230996 533 4 4 779
60 6514476 555 7 10 4
61 6514476 555 4 5 3
62 6745119 573 10 5 50
63 7154230 612 4 0 71
64 7167329 614 6 5 252
65 7309926 616 3 3 62
66 7309926 616 5 9 14
67 7718043 671 5 4 1342
68 7718043 671 10 10 4
69 7718043 671 0 0 2
70 7864166 683 7 2 1527
71 7872645 687 2 7 41
72 8186148 695 5 7 8
73 8259854 701 0 9 1
74 8387790 714 10 2 29274
75 8464225 718 2 7 23
76 8527009 727 8 0 769
77 8880066 751 9 4 27
78 8880066 751 1 0 23
79 8918649 755 9 3 269
80 9052733 768 8 3 102
81 9099635 780 0 5 4
82 9117926 787 4 4 18
83 9193385 815 4 7 813
84 9381148 822 1 10 1
85 9518721 823 2 1 969
86 9732578 858 5 2 5
87 9915727 874 2 3 32
88 9915727 874 2 8 183
89 10280738 911 4 0 682
90 10329914 919 3 1 1
91 10742656 931 8 10 225
92 10803202 932 10 9 4
93 10803202 932 10 6 4
94 10819538 938 9 5 48
95 11002570 941 1 6 5
96 11218408 967 6 3 8
97 11218408 967 4 7 243
98 11218408 967 7 7 243
99 11310903 980 7 10 306
