11 86 100
0 120519 0 1 0 2
1 459971 3 5 6 284
2 2133408 29 2 6 2425
3 2410654 38 7 5 110
4 2633587 48 8 8 26
5 3440766 51 10 0 64
6 5533786 84 6 4 5
7 6869164 102 2 10 21
8 7249761 108 7 0 3619
9 7284718 110 3 2 330
10 7461392 117 0 4 101
11 7939372 135 1 6 8481
12 8540966 137 8 8 9
13 8907536 150 2 3 66
14 9432758 154 9 7 1284
15 9432758 154 9 5 69
16 10022927 160 3 1 1
17 11497828 198 9 1 4
18 11671207 203 7 1 21
19 11907540 210 5 3 7
20 13083901 233 6 10 47
21 13888881 241 7 3 1
22 15204931 282 8 1 106
23 15284357 285 4 7 350
24 16160168 287 9 4 10
25 17365377 303 9 10 14
26 17611183 305 7 7 38
27 18283624 317 9 0 4
28 18717105 328 8 5 297
29 18717105 328 9 9 2
30 18717105 328 10 5 297
31 19528936 353 0 8 90
32 20106864 370 7 2 9
33 21830385 395 2 10 10
34 21943908 401 0 3 1192
35 22153347 402 9 4 6
36 22968701 413 9 10 29
37 23989784 428 7 8 2
38 25100653 457 1 4 1
39 25583830 461 0 7 1
40 26644898 466 0 6 12
41 26896574 467 4 6 6
42 27109492 472 2 0 14
43 28608066 487 5 1 65
44 28719518 489 9 8 8
45 29682670 499 7 10 10
46 29690999 501 4 8 5123
47 29715694 502 2 6 191
48 30412481 510 7 8 7
49 31129030 529 4 9 374
50 32572384 555 1 5 1
51 33191993 562 10 6 12990
52 33340482 565 1 8 222
53 33346429 568 8 2 137
54 33685520 569 4 6 1
55 35771153 612 7 5 120
56 36549632 616 10 9 2
57 36549632 616 3 2 3
58 36971727 631 7 5 232
59 37184511 634 7 7 20
60 37322566 638 4 1 10
61 37340654 643 0 4 19
62 37773497 644 9 8 3635
63 37773497 644 10 3 10
64 37868472 660 10 7 16605
65 37919577 663 1 1 14315
66 39320831 683 7 8 11
67 40930743 695 8 0 21
68 40930743 695 9 5 7
69 40930743 695 8 6 145
70 41185025 698 10 5 51
71 42321128 718 10 3 15
72 42352887 722 10 1 2439
73 43761680 741 0 5 147
74 43761680 741 2 7 2
75 44480231 752 1 9 1
76 45440882 778 5 1 279
77 45966925 815 4 9 128
78 45970708 816 7 10 175
79 46905743 822 6 5 26
80 46905743 822 5 3 1
81 47593607 823 1 9 1
82 47593607 823 10 1 969
83 47611026 824 0 10 47
84 47938893 831 1 10 1198
85 48093399 833 7 10 8
86 48194485 834 1 5 908
87 50087144 886 9 5 77
88 51028234 904 5 6 59
89 51649573 919 10 1 2
90 52749200 929 6 9 28
91 53255791 930 8 0 69778
92 53713284 931 3 5 4188
93 55012853 941 10 0 5
94 55012853 941 9 3 1
95 55012853 941 2 9 1305
96 55012853 941 7 9 1305
97 55012853 941 5 8 1
98 55249843 953 1 3 14
99 56092044 967 0 7 243
