11 78 100
0 236064 13 1 1 265
1 688153 51 10 4 15
2 688153 51 3 9 1
3 776492 59 1 6 19
4 1106757 84 6 5 4
5 1557423 127 0 9 22699
6 1615990 136 8 1 94
7 1615990 136 8 10 32
8 1708193 137 5 8 4
9 1736398 143 0 4 78
10 2004585 160 1 9 48
11 2086465 171 4 8 604
12 2299565 198 4 9 7
13 2309382 202 3 2 18
14 2334241 203 8 8 45
15 2334241 203 7 2 64
16 2381508 210 6 3 1
17 2468599 229 2 3 28
18 2519027 230 0 3 136
19 2523037 231 7 6 2
20 2777776 241 4 10 1014
21 2965227 262 3 8 14
22 2965227 262 0 1 30
23 2979118 263 4 10 1524
24 3232033 287 7 6 24
25 3232033 287 8 1 28
26 3232033 287 2 0 3
27 3357194 292 6 10 1
28 3473075 303 2 2 1892
29 3526053 307 4 4 476
30 3656724 317 0 1 14
31 3667993 323 5 9 187
32 3758748 330 0 9 26
33 3759895 333 3 5 304
34 3812517 339 5 5 951
35 3905787 353 0 10 3133
36 4021372 370 4 8 3
37 4206684 390 9 5 6
38 4611254 420 7 10 64
39 4630432 422 2 7 9
40 4797956 428 9 6 1
41 4797956 428 0 0 9
42 4902467 435 2 0 163
43 4902467 435 2 6 24
44 5328979 466 1 3 3602
45 5328979 466 10 10 4
46 5393131 468 7 4 34
47 5421898 472 6 0 14
48 6082496 510 7 1 5
49 6083802 512 2 3 5300
50 6182216 513 9 7 5
51 6182216 513 0 4 200
52 6253368 538 0 8 23
53 6514476 555 5 5 1
54 6514476 555 0 1 95
55 6514476 555 8 2 876
56 6514476 555 3 7 3
57 6577440 556 5 1 2
58 6958793 602 6 3 169
59 7154230 612 1 5 120
60 7309926 616 3 9 11
61 7554699 644 0 2 152
62 7554699 644 6 7 370
63 7718043 671 3 9 8
64 7718043 671 6 6 41
65 7864166 683 1 6 20
66 7864166 683 6 10 16
67 7941492 690 4 6 73
68 7983460 692 2 6 43
69 8259854 701 3 9 1
70 8338338 705 0 5 52
71 8393183 716 3 10 175
72 8466961 720 10 8 8567
73 8497608 723 6 10 11
74 8752336 741 9 4 33
75 8752336 741 9 7 2
76 8771774 745 3 10 118
77 8880066 751 8 1 30
78 9013965 766 8 5 13
79 9088176 778 1 1 837
80 9117926 787 4 4 18
81 9381148 822 9 5 26
82 9381148 822 7 8 479
83 9518721 823 9 1 1938
84 9618679 833 7 8 800
85 9745011 859 6 7 207
86 9866799 864 7 0 3618
87 9866799 864 9 5 15
88 9866799 864 0 6 8
89 9891746 871 6 3 767
90 10150385 896 1 3 1586
91 10549840 929 1 10 2
92 10742656 931 1 5 349
93 10803202 932 10 6 4
94 10803202 932 7 9 9
95 11002570 941 4 10 18
96 11285223 973 0 6 19
97 11285223 973 0 9 112
98 11294615 978 5 5 281
99 11325740 989 7 5 56
