11 84 100
0 20086 0 9 2 76
1 140131 9 7 7 39
2 257362 17 7 1 44
3 304058 22 6 5 14781
4 365222 31 4 6 1
5 708226 70 3 10 99
6 922297 84 3 2 308
7 922297 84 2 10 6
8 922570 85 9 6 404
9 958282 91 6 2 2201
10 1144860 102 2 0 70
11 1144860 102 7 4 16
12 1208293 108 4 5 90
13 1423494 137 6 6 2
14 1423494 137 0 8 14
15 1446998 143 0 4 78
16 1473373 149 7 7 229
17 1577640 157 4 4 87
18 1670487 160 2 0 11
19 1703895 162 3 4 15
20 1762903 174 9 7 14
21 1840517 192 3 4 9
22 1963691 209 7 5 39
23 2378464 259 0 7 51
24 2492217 268 9 0 17
25 2534155 282 8 1 106
26 2693361 287 3 6 24
27 2693361 287 0 9 1
28 2832031 298 1 6 844
29 2894229 303 4 6 795
30 3047270 317 2 5 964
31 3077573 325 9 9 165
32 3119517 328 7 0 11
33 3142764 335 1 3 1
34 3254822 353 0 6 5
35 3288445 364 4 6 40
36 3505570 390 7 8 767
37 3534628 392 6 4 427
38 3638397 395 3 5 177
39 3998297 428 4 7 1
40 3998297 428 10 6 1
41 4068211 430 0 1 1051
42 4071967 431 6 0 184
43 4183442 457 4 1 1
44 4263971 461 8 8 9
45 4440816 466 6 10 2
46 4440816 466 4 8 1
47 4440816 466 7 3 3602
48 4712890 475 7 2 1
49 4712890 475 3 2 1
50 4947111 499 7 9 100
51 5068746 510 6 0 189
52 5151847 513 6 9 20
53 5151847 513 5 10 18
54 5188171 529 9 9 374
55 5215893 541 4 3 230
56 5428730 555 2 4 829
57 5493233 557 3 9 238
58 5531998 562 10 2 37
59 5545902 563 10 6 1067
60 5545902 563 10 1 192
61 5614253 569 6 3 21
62 5614253 569 6 2 170
63 5705021 582 4 1 20340
64 5798994 602 6 3 169
65 5817971 606 10 0 183
66 5961858 612 10 4 133
67 5961858 612 8 9 1
68 5972462 613 3 0 119
69 6091605 616 6 7 5205
70 6113088 623 5 1 96
71 6149171 628 1 2 47
72 6197418 634 7 2 95
73 6324323 666 1 3 75
74 6473794 682 10 7 108
75 6821790 695 6 2 1587
76 6971565 710 3 3 119
77 7081340 723 6 3 13
78 7210185 739 10 1 78
79 7293613 741 6 7 14
80 7400055 751 3 9 108
81 7400055 751 7 6 55
82 7583029 780 2 5 4
83 7661154 815 4 9 128
84 7817623 822 0 10 3
85 8081434 846 5 6 89
86 8263106 874 2 3 32
87 8270466 875 5 7 18
88 8347857 886 0 4 1
89 8347857 886 2 1 33
90 8475991 899 6 2 250
91 8485884 901 10 3 7420
92 8513891 905 0 8 95
93 8542490 907 2 6 68
94 8628995 925 8 0 184
95 8791533 929 2 0 2
96 9002668 932 7 9 9
97 9002668 932 2 3 3
98 9002668 932 3 7 3
99 9348674 967 0 7 243
