11 77 100
0 304250 12 6 2 40
1 738376 32 7 4 14
2 868286 44 1 8 59
3 1146922 51 8 4 15
4 1373070 68 3 4 3
5 1604362 75 4 8 1
6 2289721 102 1 9 9
7 2328051 105 1 5 326
8 2416587 108 6 6 7
9 2416587 108 8 4 17
10 2416587 108 2 2 1
11 2846988 137 1 9 2136
12 3340975 160 1 9 48
13 3832609 198 8 3 2
14 3890402 203 8 3 1767
15 3997154 217 8 5 78
16 4043256 227 4 7 1033
17 4114332 229 2 4 52
18 4361300 233 5 4 5766
19 4434337 237 4 9 11
20 4757271 260 0 8 471
21 5036257 277 2 7 3263
22 5068310 282 8 9 41
23 5386722 287 9 1 53
24 5386722 287 4 9 1
25 5386722 287 2 7 12118
26 5386722 287 7 2 3
27 5386722 287 4 2 6
28 5495558 291 6 9 731
29 5664062 298 1 8 2839
30 6150967 324 5 10 48
31 6239035 328 8 3 2
32 6601624 367 6 10 6
33 6702288 370 8 2 1
34 7996594 428 4 10 38
35 7996594 428 6 7 1
36 8136422 430 1 5 16
37 8220735 445 7 0 52
38 8881632 466 6 3 1801
39 8881632 466 10 9 4
40 8881632 466 6 7 1
41 8881632 466 1 1 2
42 8965524 467 6 5 5
43 9425780 475 10 9 10
44 9425780 475 9 6 1
45 9425780 475 6 8 5
46 9457492 477 2 10 99647
47 9573172 489 8 10 15052
48 9871346 498 3 7 7
49 9871346 498 5 10 13
50 9871346 498 6 9 1
51 10075107 507 6 3 7
52 10075107 507 9 3 14
53 10139670 512 2 3 5300
54 10303694 513 8 3 5
55 10857461 555 2 6 94
56 10857461 555 7 2 876
57 10857461 555 9 8 7
58 10857461 555 5 0 1
59 11114847 567 1 5 9237
60 11357880 578 7 8 467
61 11503856 598 4 6 39008
62 11597988 602 6 10 509
63 11641845 608 8 4 11
64 11923717 612 6 2 448
65 11944924 613 3 9 4062
66 12183210 616 5 8 1
67 12298343 628 1 10 95
68 12662670 668 5 0 9853
69 12924190 678 7 6 409
70 13106943 683 9 7 548
71 13235821 690 8 8 600
72 13656435 697 1 10 15
73 13828201 702 3 7 81
74 13966246 712 10 4 49
75 14587226 741 5 9 14
76 14587226 741 8 9 44
77 14653403 749 2 0 33
78 14800111 751 9 7 3
79 14800111 751 3 7 14
80 15023276 766 2 4 48
81 15241854 798 4 0 65
82 15635247 822 6 0 4
83 15635247 822 2 5 26
84 15635247 822 10 3 3
85 15635247 822 4 8 239
86 15937204 825 6 5 16
87 15978414 830 0 1 24
88 16241685 859 6 9 148
89 16695714 886 6 0 14
90 16718242 888 10 9 16
91 16724773 889 6 2 173
92 16951983 899 6 10 114
93 17084980 907 2 8 156
94 17216524 919 0 1 1
95 17583066 929 9 1 2
96 18005337 932 8 0 2
97 18430950 957 1 9 17
98 18820110 976 3 10 11971
99 18882022 990 4 1 2
