11 81 100
0 15064 0 9 8 56
1 16036 2 0 10 1004
2 57496 3 9 8 18952
3 193021 17 10 7 2
4 226569 21 3 8 86
5 235454 25 4 0 1977
6 277623 34 3 5 1261
7 301331 38 2 5 55
8 318249 41 10 7 58
9 432608 54 0 10 4501
10 485307 59 5 5 28
11 531169 70 3 10 99
12 601635 75 3 1 591
13 691723 84 7 5 716
14 691723 84 2 3 4
15 1104819 148 0 10 87
16 1179094 154 6 4 10
17 1252865 160 5 1 1
18 1322177 174 2 2 9
19 1348063 178 9 0 104
20 1364885 188 4 10 27
21 1498932 217 9 5 39
22 1515886 226 3 9 222
23 1635487 233 8 3 1
24 1853267 262 3 7 1
25 2020021 287 4 6 24
26 2060834 291 2 6 1228
27 2098246 292 8 1 1776
28 2098246 292 5 8 218
29 2285453 317 4 9 5
30 2339638 328 8 5 297
31 2339638 328 2 5 297
32 2366026 338 7 5 18
33 2409093 340 2 4 1
34 2442855 355 0 6 29
35 2650971 392 7 4 427
36 2728798 395 9 0 440
37 2728798 395 9 1 1
38 2728798 395 3 7 1
39 2728798 395 6 4 94
40 2998723 428 5 9 3
41 3051158 430 2 5 8
42 3137581 457 5 4 1
43 3137581 457 1 5 64
44 3330612 466 0 6 12
45 3330612 466 9 2 50
46 3362071 467 1 6 6
47 3424320 473 0 2 7
48 3534667 475 4 3 1
49 3534667 475 10 0 1
50 3589939 489 8 8 98
51 3701754 498 9 0 64
52 3710333 499 7 3 51
53 3710333 499 7 4 225
54 3718602 504 10 3 26
55 4071548 555 4 2 4380
56 4131120 558 1 7 123
57 4148999 562 10 0 17
58 4168055 566 3 6 39
59 4211736 572 8 0 9018
60 4253500 576 0 3 30
61 4312019 595 5 9 1
62 4363478 606 10 2 49
63 4471394 612 1 9 14
64 4471394 612 7 6 4
65 4648063 634 7 3 109
66 4721687 644 0 2 152
67 4823776 671 3 2 6
68 4915103 683 4 3 29
69 4920630 688 7 4 43
70 4963433 690 8 8 600
71 4963433 690 0 10 48
72 5116342 695 2 9 1503
73 5116342 695 9 9 214
74 5116342 695 4 4 1
75 5290141 718 2 7 23
76 5361231 732 9 5 52
77 5560028 752 3 0 42
78 5574156 755 9 3 269
79 5599300 762 9 1 36
80 5680110 778 9 9 21
81 5863217 822 8 3 13
82 5863217 822 1 5 26
83 5863217 822 9 9 1
84 5949200 823 8 2 6
85 6090631 859 6 10 7
86 6166749 864 10 9 35
87 6186184 872 6 10 5
88 6260893 886 10 0 29
89 6260893 886 4 8 20
90 6260893 886 2 1 33
91 6316648 894 4 7 10
92 6593650 929 8 5 227
93 6656973 930 4 10 683
94 6656973 930 6 2 7
95 6714160 931 8 6 8
96 6876606 941 9 7 1
97 6936430 961 9 5 1719
98 7053264 973 2 6 19
99 7059134 978 5 5 281
