11 77 100
0 24103 0 9 2 76
1 308835 17 3 1 44
2 308835 17 0 8 1
3 426681 29 2 6 2425
4 543883 50 10 0 44
5 543883 50 1 3 14
6 688153 51 3 0 10
7 688153 51 2 10 1
8 688153 51 5 9 1
9 692433 55 0 9 3923
10 776492 59 1 1 67
11 962617 75 5 7 10
12 1106757 84 6 0 15
13 1192503 97 7 9 5530
14 1708193 137 6 7 198
15 1708193 137 5 0 8
16 1761011 146 7 8 1332
17 1761011 146 4 8 333
18 1767711 148 1 10 43
19 1886551 154 7 7 642
20 1886551 154 6 6 690
21 1886551 154 4 1 16
22 2004585 160 8 1 17
23 2208620 192 3 2 14
24 2519027 230 8 2 48
25 2777776 241 6 10 8112
26 2777776 241 9 5 1682
27 2783616 244 2 1 1
28 3003048 269 4 3 93
29 3232033 287 5 1 6
30 3232033 287 9 10 7
31 3232033 287 9 9 1
32 3398437 298 9 5 37
33 3473075 303 8 0 1
34 3514283 304 3 10 1954
35 3663283 319 7 10 78
36 3812517 339 5 10 8843
37 4108874 388 7 8 88
38 4206684 390 1 6 229
39 4241553 392 9 2 352
40 4366077 395 0 9 2555
41 4464038 407 2 6 71
42 4548056 409 5 5 797
43 4648333 424 7 3 5146
44 4797956 428 9 10 4
45 4797956 428 5 8 2
46 4797956 428 7 1 110959
47 5020130 457 1 6 12
48 5051888 460 1 8 47
49 5328979 466 4 2 50
50 5328979 466 5 6 8
51 5328979 466 0 2 50
52 5421898 472 6 0 14
53 5478912 473 3 8 52
54 5655468 475 5 0 8
55 5721613 487 5 0 66373
56 6182216 513 7 10 4
57 6182216 513 8 6 80
58 6202718 516 5 3 1
59 6202718 516 2 3 1
60 6514476 555 7 10 4
61 6514476 555 6 0 1
62 6805600 576 6 7 65
63 6815127 579 3 0 57
64 6876825 588 4 10 9
65 7154230 612 2 2 448
66 7154230 612 0 10 5
67 7154230 612 4 6 1
68 7309926 616 7 2 1
69 7358744 626 2 9 226
70 7554699 644 1 0 8
71 7742083 675 2 3 19475
72 7941492 690 8 7 6335
73 7941492 690 4 10 4
74 8186148 695 6 2 1587
75 8186148 695 1 2 1587
76 8237005 698 5 6 48
77 8334330 703 9 1 49
78 8387790 714 5 2 19516
79 8510365 724 6 7 124
80 8527009 727 10 0 769
81 8621585 735 6 10 8
82 8752336 741 1 1 989
83 8956869 761 5 5 45
84 8958881 762 4 1 36
85 9052733 768 8 6 2
86 9130566 797 3 10 18
87 9381148 822 4 4 28
88 9759803 861 3 4 112
89 10017428 886 3 1 5
90 10205584 903 1 2 22
91 10265807 909 9 0 5739
92 10297346 913 7 2 19
93 10378870 928 7 10 102
94 10549840 929 3 3 3
95 10817730 937 4 6 76
96 11002570 941 0 5 13
97 11002570 941 9 10 18
98 11254411 972 10 8 28
99 11285223 973 2 0 8
