11 76 100
0 20086 0 9 7 46
1 302093 21 3 10 68
2 438931 48 8 8 26
3 726255 72 6 8 12198
4 802181 75 10 4 3
5 814533 78 6 1 47
6 973763 94 3 5 756
7 1049429 99 7 6 5
8 1049429 99 0 5 5
9 1144860 102 8 10 21
10 1322609 134 1 9 76
11 1423494 137 4 1 25
12 1467509 146 6 3 72
13 1572126 154 7 0 21
14 1670487 160 8 1 17
15 1670487 160 3 1 1
16 1738440 170 3 9 3937
17 1746642 172 7 2 54
18 1746642 172 6 10 36
19 1800319 179 8 7 57
20 1916304 198 1 2 2
21 1988145 211 10 6 59
22 2099189 230 8 6 13
23 2099189 230 0 5 11
24 2180650 233 2 2 4
25 2314813 241 3 10 4056
26 2314813 241 4 3 1
27 2471022 262 8 1 30
28 2471022 262 0 2 13
29 2471022 262 3 5 2
30 2547392 285 4 8 94
31 2693361 287 9 0 1
32 2693361 287 2 3 5
33 2797661 292 1 10 2
34 2797661 292 5 0 6
35 2928569 304 3 7 25
36 3119517 328 7 3 2
37 3317303 369 9 7 1
38 3505570 390 4 1 2
39 3534628 392 2 4 427
40 3638397 395 2 7 1
41 3692224 402 2 9 21
42 3790047 409 2 9 45
43 3998297 428 10 6 1
44 3998297 428 8 0 4
45 4068211 430 5 8 4
46 4440816 466 4 3 1801
47 4440816 466 5 5 1
48 4440816 466 5 4 217
49 4440816 466 8 0 7
50 4565760 473 8 5 68
51 4565760 473 4 9 2
52 4565760 473 7 9 2
53 4712890 475 1 2 13
54 4935673 498 9 3 1
55 4935673 498 1 3 1
56 5068746 510 6 5 3
57 5151847 513 2 4 200
58 5151847 513 4 3 5
59 5172341 520 0 2 1008
60 5245360 547 4 1 2357
61 5245360 547 4 5 7822
62 5705021 582 4 5 179
63 5730688 588 4 6 76
64 5798994 602 6 5 30
65 5800676 604 9 6 322
66 6091605 616 3 5 1227
67 6161954 631 5 6 491
68 6295582 644 1 6 1
69 6553471 683 0 9 15
70 6553471 683 5 2 1527
71 6554758 684 9 2 1039
72 6560537 687 7 2 16
73 6617910 690 8 7 6335
74 6821790 695 4 9 429
75 6821790 695 1 10 1
76 6948615 705 5 5 263
77 7053521 718 8 7 5
78 7053521 718 5 7 5
79 7210185 739 10 2 39026
80 7400055 751 1 0 23
81 7400055 751 5 0 23
82 7583029 780 2 5 4
83 7674545 820 2 2 104
84 7932267 823 2 9 1
85 7968602 825 10 0 17
86 8015566 833 7 2 89
87 8061608 843 9 3 39
88 8347857 886 1 4 1
89 8422198 894 0 8 1
90 8486033 902 5 10 39173
91 8791533 929 3 3 3
92 8952214 931 6 10 225
93 8952214 931 7 6 8
94 9002668 932 8 4 43
95 9002668 932 1 1 779
96 9168808 941 10 8 1
97 9187447 948 8 4 5
98 9234568 959 10 4 73
99 9475153 994 8 4 38
