11 79 100
0 168617 13 5 4 340
1 373745 45 6 6 1063
2 491538 51 0 3 107
3 491538 51 8 10 1
4 583979 66 0 3 61
5 687583 75 10 9 1
6 687583 75 8 7 3
7 688226 76 9 3 98
8 790540 84 6 1 8
9 811912 89 7 9 100
10 811912 89 7 4 298
11 899510 99 9 3 63
12 901911 101 10 8 35
13 981309 102 2 10 21
14 981309 102 1 5 14
15 1134196 135 1 6 8481
16 1220138 137 5 2 21
17 1220138 137 6 6 2
18 1257865 146 4 8 333
19 1347536 154 0 9 11
20 1460481 162 5 10 5
21 1460481 162 0 7 1351
22 1511060 174 0 7 14
23 1799305 230 8 0 12
24 1984125 241 6 1 6
25 2118019 262 2 10 12
26 2118019 262 9 10 6
27 2153513 271 7 7 34
28 2308595 287 5 5 70
29 2636128 324 8 5 7
30 2684820 330 0 9 26
31 2704030 338 7 5 18
32 2798800 359 6 9 55
33 2819567 365 9 3 670
34 3118626 395 3 3 21
35 3170400 405 9 5 62
36 3427112 428 0 1 668
37 3427112 428 5 1 6684
38 3427112 428 8 5 822
39 3427112 428 4 4 4
40 3509530 440 4 2 100
41 3510867 441 7 3 52
42 3806414 466 3 5 1
43 3806414 466 9 7 1
44 4039620 475 4 10 5
45 4039620 475 8 8 60
46 4053211 477 2 1 282
47 4230576 498 5 10 13
48 4430513 516 3 3 1
49 4452621 534 3 4 114
50 4462637 535 2 1 59
51 4484836 543 7 4 113
52 4653197 555 10 1 95
53 4653197 555 1 1 95
54 4653197 555 10 8 7
55 4812217 569 1 2 13
56 4812217 569 7 0 26
57 4890018 582 4 9 88
58 4920676 591 7 1 1
59 4970566 602 8 9 57
60 5110164 612 4 1 3
61 5221376 616 4 7 25228
62 5221376 616 5 1 1
63 5271316 629 5 8 164
64 5307209 633 5 2 6
65 5332159 639 2 3 55
66 5512887 671 1 3 61
67 5517341 674 4 2 83
68 5617261 683 8 1 50
69 5623318 687 2 8 23
70 5899895 701 0 9 1
71 6127121 732 0 2 722
72 6265289 744 5 8 302
73 6342904 751 9 7 3
74 6466238 768 0 6 37
75 6580161 821 7 9 36
76 6799086 823 8 9 3
77 6799086 823 10 0 8
78 6884926 834 1 9 51
79 6949990 857 9 8 57
80 6971288 861 3 0 984
81 7047713 864 4 6 26
82 7155306 886 9 7 4
83 7167760 889 9 2 34
84 7250275 896 1 0 15751
85 7297620 905 5 8 95
86 7378510 919 10 1 2
87 7378510 919 1 1 1
88 7381046 920 6 10 8
89 7395920 924 0 6 1
90 7535600 929 10 3 3
91 7535600 929 4 8 4
92 7535600 929 8 7 6
93 7607970 930 6 8 928
94 7858979 941 0 1 96
95 7927348 961 3 5 343
96 8013149 967 4 0 9
97 8028332 971 1 8 30
98 8121559 994 5 5 16
99 8121559 994 8 0 3
