11 75 100
0 20086 0 1 9 151
1 76661 3 5 8 197
2 647077 59 1 1 67
3 647077 59 5 0 2
4 681309 66 0 6 59
5 922297 84 6 7 65
6 922297 84 2 2 231
7 1208293 108 7 0 3619
8 1572126 154 4 8 43
9 1703895 162 6 0 1899
10 1719626 165 4 4 14
11 1795930 177 0 7 35
12 1812476 186 8 0 11839
13 2013798 223 3 9 2
14 2180650 233 9 1 8
15 2180650 233 0 6 26
16 2217168 237 4 3 1
17 2314813 241 6 6 1
18 2319680 244 1 1 1
19 2337568 258 3 0 83
20 2471022 262 9 7 1
21 2502540 269 4 3 93
22 2693361 287 8 1 28
23 2797661 292 10 9 529
24 2832031 298 1 4 9674
25 2894229 303 10 2 1892
26 2894229 303 8 8 324
27 2894229 303 0 6 397
28 2894229 303 2 9 204
29 2968585 315 2 10 1706
30 3047270 317 6 4 10
31 3212124 340 7 9 15
32 3317303 369 3 9 224
33 3424062 388 7 4 84
34 3505570 390 7 5 20
35 3638397 395 0 0 1322
36 4209906 460 1 2 8
37 4440816 466 8 0 7
38 4440816 466 5 10 4
39 4565760 473 3 5 204
40 4712890 475 2 6 1
41 4712890 475 10 0 1
42 4712890 475 6 2 1
43 4712890 475 7 1 10
44 4739942 479 2 9 1
45 4935673 498 9 2 4
46 5037553 507 5 3 2
47 5037553 507 10 1 1
48 5037553 507 0 0 12
49 5037553 507 0 4 1429
50 5068746 510 7 4 1991
51 5168932 516 5 3 1
52 5508161 558 1 0 204
53 5556747 565 1 2 99585
54 5614253 569 1 0 52
55 5705021 582 4 0 2716
56 5798994 602 6 7 74
57 5798994 602 6 8 259
58 5835732 611 5 6 4930
59 5961858 612 9 8 8
60 5961858 612 6 1 13
61 5961858 612 7 3 1
62 6132286 626 2 6 1690
63 6132286 626 2 10 96
64 6197418 634 7 5 82
65 6295582 644 3 10 1
66 6295582 644 3 3 21
67 6331335 668 5 3 3071
68 6473737 681 3 4 2639
69 6617910 690 8 3 45
70 6617910 690 0 8 150
71 6821790 695 1 0 42
72 6821790 695 5 2 793
73 6914100 702 3 5 112
74 6945275 703 2 7 1370
75 7053521 718 6 5 175
76 7053521 718 1 7 17
77 7293613 741 3 5 17
78 7326701 749 10 0 33
79 7400055 751 3 10 17
80 7669698 817 8 3 1577
81 7672863 819 7 3 21
82 7817623 822 6 0 4
83 7817623 822 1 7 276
84 7932267 823 10 9 1
85 7932267 823 2 8 5
86 8081434 846 5 2 142
87 8081434 846 5 7 59
88 8133169 861 3 6 1409
89 8222332 864 5 7 1
90 8359121 888 10 6 3020
91 8458654 896 8 2 38
92 8567282 911 6 0 1365
93 8791533 929 8 6 272
94 8791533 929 3 9 4
95 8875965 930 4 4 13007
96 8952214 931 5 0 1056
97 9168808 941 6 2 5
98 9411808 977 7 2 1705
99 9478968 995 5 6 518
