11 80 100
0 193021 17 0 10 1
1 193021 17 2 7 2
2 201393 18 1 3 19564
3 226569 21 3 10 68
4 266676 29 2 5 28
5 431302 53 4 10 10
6 437695 57 7 9 705
7 601635 75 8 1 4733
8 691723 84 7 10 95
9 710423 89 7 1 10154
10 923774 116 2 7 208
11 1067620 137 9 1 12
12 1076175 142 3 3 77
13 1179094 154 5 7 642
14 1179094 154 6 4 10
15 1290401 166 7 4 13
16 1574392 230 0 9 29
17 1574392 230 8 1 46
18 1635487 233 4 8 5
19 1736110 241 4 7 12
20 1783848 259 8 0 89
21 1853267 262 9 4 1
22 1891722 281 1 7 651
23 1910544 285 4 1 297
24 2060834 291 5 3 9080
25 2098246 292 8 0 6
26 2285453 317 1 4 32
27 2306612 324 3 10 24
28 2349218 330 0 8 10328
29 2513358 370 4 2 1
30 2538763 380 10 9 703
31 2629177 390 3 10 26
32 2629177 390 5 3 2686
33 2653790 393 8 1 46
34 2728798 395 0 5 177
35 2728798 395 8 2 1
36 2894020 422 1 7 4
37 2998723 428 0 0 9
38 2998723 428 1 3 136
39 2998723 428 2 5 822
40 2998723 428 9 3 3
41 3051158 430 10 5 33
42 3197978 461 2 1 11
43 3197978 461 2 8 9
44 3330612 466 1 8 1
45 3362071 467 1 1 2
46 3370707 468 7 2 226
47 3554957 479 2 9 1
48 3593207 491 10 10 39
49 3701754 498 8 9 1
50 3701754 498 9 2 4
51 3701754 498 0 6 1
52 3778165 507 7 6 7
53 3778165 507 10 1 1
54 3863885 513 10 9 20
55 3876699 516 4 3 1
56 3909926 539 10 1 6
57 3944219 550 5 6 6
58 4363478 606 10 1 70
59 4574771 618 7 8 12
60 4611878 628 1 9 181
61 4823776 671 3 2 6
62 4915103 683 10 5 1
63 4920403 687 7 2 16
64 4920630 688 7 4 43
65 4963433 690 0 10 48
66 5116342 695 9 8 1
67 5116342 695 5 1 3
68 5116342 695 8 8 1
69 5148128 698 2 3 127
70 5185575 702 0 6 22
71 5311005 723 6 4 174
72 5329380 727 10 0 769
73 5388490 735 6 9 10
74 5409323 740 2 2 25990
75 5470210 741 10 4 33
76 5550041 751 9 7 3
77 5600089 763 6 4 34
78 5657958 768 8 3 102
79 5657958 768 8 1 41
80 5665889 773 4 10 87
81 5719547 802 4 0 8
82 5863217 822 0 6 4
83 5863217 822 0 2 3
84 5863217 822 7 5 52
85 5949200 823 2 1 969
86 5976451 825 5 5 16
87 6182341 871 1 9 3
88 6186184 872 2 6 11
89 6316648 894 10 3 6
90 6364413 901 1 3 1484
91 6485704 927 7 0 85
92 6593650 929 9 7 4
93 6593650 929 2 6 218
94 6593650 929 3 10 1
95 6656973 930 7 7 73
96 6752001 932 4 9 4
97 6758492 935 5 1 1573
98 6876606 941 8 0 5
99 6876606 941 5 8 1
