11 76 100
0 840790 9 7 5 35
1 1544175 17 5 10 1
2 1544175 17 9 7 5
3 2133408 29 10 1 11
4 3440766 51 8 3 15
5 3440766 51 8 0 21
6 3523908 58 8 2 1566
7 3882463 59 1 3 5
8 3882463 59 1 4 1
9 3954449 61 10 4 63
10 4357533 72 6 4 12101
11 4813086 75 1 2 778
12 6296576 99 9 6 70
13 6869164 102 2 7 1
14 6869164 102 7 9 9
15 7545388 118 9 7 55
16 7798119 129 4 10 22
17 7935659 134 6 7 32
18 8540966 137 7 10 1559
19 8810338 147 6 2 182
20 8978889 153 4 9 185
21 9432758 154 4 8 43
22 10022927 160 2 0 11
23 11497828 198 4 3 10
24 11907540 210 8 3 299
25 13083901 233 8 2 4
26 13888881 241 7 0 9
27 14826136 262 3 7 1
28 14826136 262 2 3 1
29 14826136 262 9 10 6
30 16160168 287 2 5 6
31 16486675 291 10 6 1228
32 16486675 291 8 0 6
33 19272744 340 7 1 11
34 19903820 369 3 9 224
35 21033420 390 3 4 27
36 21207769 392 2 2 58
37 23152161 422 9 7 4
38 23241667 424 7 0 119
39 23989784 428 0 10 4
40 23989784 428 1 3 136
41 23989784 428 3 6 1
42 24409266 430 10 4 3
43 26644898 466 2 7 10
44 28277340 475 6 6 1
45 28277340 475 1 6 11
46 28471242 480 8 5 25
47 29614038 498 0 4 50
48 30412481 510 6 5 3
49 31013592 516 4 3 1
50 31392505 542 1 5 33196
51 31472160 547 4 1 2357
52 33121126 561 7 10 28
53 34075637 579 3 0 57
54 35014393 611 10 6 205
55 35771153 612 8 5 120
56 36549632 616 9 5 1227
57 36549632 616 10 5 1227
58 36598175 618 2 8 38
59 37184511 634 7 9 19581
60 37773497 644 7 5 10
61 40930743 695 7 10 5
62 40930743 695 10 6 2
63 41185025 698 5 2 25
64 41671654 703 2 6 38
65 41829395 710 3 4 1221
66 43261114 739 10 4 84
67 43761680 741 6 5 22
68 43761680 741 10 0 1634
69 43761680 741 7 7 2
70 44400333 751 4 1 46
71 44400333 751 0 7 3
72 44400333 751 4 7 10
73 45069829 766 4 4 32
74 45263667 768 0 4 59
75 45263667 768 0 0 103
76 45528490 782 3 4 21
77 46905743 822 2 1 1
78 46905743 822 5 0 16
79 48548695 854 3 10 1
80 50087144 886 1 6 1111
81 50154726 888 10 4 103
82 50533190 894 2 8 1
83 50533190 894 3 2 11
84 50855950 899 6 1 58
85 51083346 905 5 8 95
86 51254942 907 4 8 14
87 52749200 929 4 7 2
88 52749200 929 6 4 878
89 52749200 929 4 8 4
90 53255791 930 10 3 15
91 53255791 930 6 2 7
92 53713284 931 0 4 909
93 54201634 940 0 2 131
94 55258765 955 9 4 12686
95 55491441 961 4 5 343
96 56092044 967 6 10 27
97 56092044 967 7 7 243
98 56092044 967 5 5 7
99 56850919 994 10 5 81
