11 75 100
0 51107 3 10 7 31
1 51107 3 9 3 2654
2 171575 17 9 9 658
3 171575 17 3 8 6
4 259554 37 4 10 4
5 259554 37 8 9 4214
6 267850 38 8 8 11723
7 431384 59 2 6 19
8 486081 74 7 7 25
9 614865 84 7 3 4
10 699619 99 9 7 12
11 763240 102 10 6 1
12 763240 102 5 7 2
13 948996 137 7 9 2136
14 1113658 160 9 3 10
15 1175269 174 0 3 36
16 1227011 192 3 4 9
17 1277536 198 10 5 1
18 1296800 203 7 3 353
19 1296800 203 8 3 1767
20 1335056 218 1 2 17074
21 1371444 229 2 5 133
22 1453766 233 7 7 85
23 1553027 251 2 5 87
24 1647348 262 2 2 6
25 1655065 263 9 10 1524
26 1795574 287 10 0 1
27 1795574 287 5 1 6
28 1795574 287 3 3 23
29 1865107 292 3 10 3
30 1929486 303 4 6 795
31 1929486 303 9 8 649
32 2141416 340 0 4 1
33 2160706 350 8 6 14
34 2192996 365 2 3 670
35 2234096 370 5 5 5
36 2425598 395 4 0 881
37 2461483 402 9 10 117
38 2561807 420 7 8 9
39 2665531 428 1 3 136
40 2665531 428 10 0 1
41 2665531 428 10 2 1
42 2665531 428 0 8 7
43 2712140 430 0 7 17
44 2712140 430 3 8 1
45 2734471 443 6 5 69
46 2842647 461 8 7 1
47 2842647 461 5 1 22
48 2960544 466 6 4 217
49 2960544 466 3 0 7
50 2999347 470 9 2 75
51 3043840 473 9 3 14
52 3141926 475 10 5 2
53 3152497 477 2 10 99647
54 3191057 489 8 8 98
55 3290448 498 7 5 8250
56 3358369 507 5 5 49
57 3459399 530 3 10 50
58 3518670 551 10 6 30
59 3619153 555 5 2 876
60 3654133 556 9 5 3164
61 3687999 562 10 1 15233
62 3974572 612 4 5 120
63 3974572 612 1 7 2539
64 3974572 612 5 5 360
65 3981641 613 3 6 58
66 4061070 616 9 4 1
67 4136513 635 5 5 334
68 4136513 635 5 2 135
69 4301157 675 2 2 222
70 4547860 695 7 3 4
71 4576113 698 5 8 43
72 4576113 698 5 1 3
73 4630183 703 2 4 57
74 4702347 718 6 5 175
75 4702347 718 7 4 27
76 4862408 741 7 7 2
77 4862408 741 6 8 1
78 5113846 818 9 4 82
79 5211749 822 4 1 1
80 5211749 822 9 10 1
81 5288178 823 2 2 12
82 5343711 833 7 3 83
83 5405548 857 9 8 57
84 5565238 886 0 4 1
85 5657355 902 5 10 39173
86 5861022 929 10 6 54
87 5861022 929 6 0 655
88 5861022 929 9 5 227
89 5861022 929 8 5 227
90 5968142 931 7 5 2443
91 5968142 931 2 4 909
92 6001779 932 2 0 4
93 6009850 937 4 6 76
94 6112539 941 0 2 2
95 6280554 979 4 8 1268
96 6283863 981 1 6 406
97 6302828 993 4 5 84
98 6316768 994 10 0 3
99 6320658 996 1 5 37
