11 80 100
0 114992 3 10 8 592
1 114992 3 9 8 18952
2 386043 17 7 7 2
3 453139 21 3 9 94
4 453139 21 4 2 6055
5 456087 22 6 5 14781
6 533352 29 10 2 2926
7 602663 38 2 5 55
8 970615 59 5 6 19
9 1089383 72 6 3 18
10 1203271 75 3 8 1
11 1383446 84 3 1 24
12 1574144 99 7 7 12
13 1970030 132 5 0 21
14 1970030 132 0 1 6
15 2019987 136 8 5 496
16 2135241 137 9 1 12
17 2170497 143 0 7 238
18 2209639 148 1 10 43
19 2226884 150 2 7 5692
20 2358189 154 9 7 1284
21 2372773 159 1 4 95
22 2505731 160 0 5 35
23 2644355 174 2 2 9
24 2743079 191 8 6 7153
25 2874457 198 0 0 5
26 3270975 233 6 10 47
27 3270975 233 6 7 1
28 3346470 239 10 1 9
29 3821089 285 4 6 319
30 4248046 298 1 7 60
31 4341344 303 3 6 5173
32 4341344 303 0 9 3069
33 4570906 317 7 0 4
34 4679276 328 10 9 14
35 4679276 328 7 0 11
36 4882234 353 0 7 193
37 5026716 370 4 9 46
38 5077526 380 10 6 315
39 5136093 388 0 2 35
40 5258355 390 5 3 2686
41 5258355 390 8 10 1
42 5685070 409 5 1 542
43 5685070 409 10 2 3
44 5751136 416 8 1 2
45 5997446 428 7 2 2
46 5997446 428 10 0 1
47 6102316 430 4 7 17
48 6275163 457 5 9 13
49 7069335 475 5 7 9
50 7069335 475 5 4 1
51 7069335 475 1 4 1
52 7109914 479 1 9 1
53 7403509 498 0 9 1
54 7420667 499 7 4 225
55 7727771 513 8 8 1009
56 7727771 513 6 3 21
57 7761258 521 1 4 152
58 7888438 550 6 6 6
59 8518909 579 3 0 57
60 8524205 581 6 9 62
61 9198430 626 2 4 100
62 9443374 644 4 10 1
63 9443374 644 10 9 27
64 9497003 668 5 4 33132
65 9830207 683 7 9 15
66 9840806 687 0 8 15
67 10232685 695 5 1 3
68 10232685 695 4 9 429
69 10242326 697 6 1 154
70 10722463 732 7 0 1
71 11100083 751 9 5 343
72 11100083 751 3 10 17
73 11100083 751 0 3 1455
74 11148312 755 9 5 4130
75 11178896 757 9 1 38
76 11186692 759 10 3 11
77 11267457 766 6 7 3
78 11315916 768 0 8 21
79 11362138 779 2 1 1518
80 11726435 822 8 6 4
81 11726435 822 4 5 52
82 11726435 822 7 4 1
83 11726435 822 9 3 1
84 11898401 823 5 0 8
85 12023349 833 7 3 83
86 12048621 834 7 0 177
87 12122151 846 5 1 9
88 12216921 863 2 9 264
89 12756980 903 1 2 22
90 12832259 909 9 6 8913
91 13187300 929 1 2 12
92 13428321 931 4 5 349
93 13504003 932 0 6 9
94 13753917 942 10 5 700
95 13851853 959 10 0 127
96 13872860 961 2 5 687
97 14023011 967 6 8 44
98 14023011 967 6 5 7
99 14029603 969 2 0 14
