11 73 100
0 66551 4 2 0 15
1 339927 50 9 0 44
2 339927 50 1 8 12
3 430095 51 9 9 1
4 430095 51 10 1 30
5 430095 51 7 2 5
6 485307 59 1 6 19
7 601635 75 5 7 10
8 609011 77 8 4 21
9 691723 84 7 3 4
10 858645 102 1 4 4
11 858645 102 2 7 1
12 906220 108 3 2 1
13 910589 110 3 2 330
14 1179094 154 0 8 196
15 1277921 162 7 3 382
16 1289719 165 5 5 110
17 1323428 175 5 6 13
18 1472768 209 1 5 39
19 1574392 230 0 5 11
20 1635487 233 5 4 5766
21 1853267 262 8 1 30
22 2020021 287 1 9 3
23 2098246 292 9 8 218
24 2098246 292 3 8 654
25 2285453 317 10 8 83
26 2285453 317 9 2 565
27 2285453 317 8 8 83
28 2365497 337 4 7 86
29 2550622 387 7 9 1
30 2568046 388 7 8 88
31 2568046 388 7 4 84
32 2728798 395 5 4 1
33 2728798 395 7 8 33
34 2769168 402 9 8 34
35 2998723 428 9 10 4
36 2998723 428 1 1 668
37 3330612 466 5 3 3602
38 3424320 473 1 9 12
39 3534667 475 3 9 5
40 3534667 475 7 7 9
41 3558905 480 5 8 224
42 3701754 498 1 4 50
43 3701754 498 6 1 35
44 3701754 498 1 5 175
45 3719944 506 7 10 2637
46 3778165 507 9 8 13
47 3778165 507 6 10 89
48 3893262 531 3 0 195
49 3944219 550 3 6 6
50 3944219 550 0 6 31
51 4071548 555 5 4 3318
52 4119925 557 3 8 1648
53 4159427 563 10 9 33
54 4210690 569 1 1 16
55 4221254 575 10 8 15
56 4253500 576 6 3 30
57 4253500 576 1 9 73
58 4568704 616 2 9 5
59 4568704 616 9 0 494
60 4823776 671 9 2 6
61 4915103 683 3 0 1
62 4963433 690 0 0 5775
63 4963433 690 4 0 1925
64 5116342 695 3 5 7
65 5116342 695 9 1 7
66 5116342 695 0 4 1
67 5242368 714 10 2 29274
68 5290141 718 7 3 15
69 5290141 718 8 9 31
70 5388490 735 9 9 40
71 5470210 741 2 4 66
72 5470210 741 2 5 11
73 5482128 744 6 8 1133
74 5550041 751 9 7 3
75 5550041 751 1 6 167
76 5550041 751 4 5 355
77 5633728 766 0 10 30
78 5657958 768 8 2 620
79 5687271 780 2 5 4
80 5863217 822 0 2 3
81 5976451 825 5 5 16
82 6028923 837 8 9 19
83 6053706 845 4 7 9
84 6166749 864 0 5 30
85 6166749 864 6 7 2
86 6202849 875 5 7 18
87 6387239 906 8 8 271
88 6406867 907 4 1 233
89 6435841 913 4 2 19
90 6656973 930 5 9 71
91 6656973 930 5 1 43
92 6714160 931 2 8 4
93 6752001 932 7 3 16
94 6752001 932 9 10 23
95 6876606 941 10 0 5
96 6890585 948 6 7 18
97 6936430 961 4 5 343
98 6938426 963 0 8 229
99 7053264 973 0 10 26
