11 78 100
0 308835 17 7 1 44
1 523243 45 6 6 1063
2 688153 51 10 9 1
3 700313 57 7 9 705
4 790889 61 2 1 230
5 962617 75 6 1 591
6 984678 81 0 6 119
7 1106757 84 4 9 6
8 1373832 102 10 4 8
9 1886551 154 7 6 115
10 1886551 154 1 0 2
11 2299565 198 3 4 2
12 2299565 198 6 3 20
13 2381508 210 2 3 1
14 2385901 212 2 6 14
15 2616780 233 9 6 6
16 2616780 233 10 8 26
17 2854156 259 0 7 51
18 2965227 262 4 0 69
19 2965227 262 9 9 15
20 2965227 262 4 2 13
21 3232033 287 6 1 15
22 3232033 287 0 2 6
23 3297335 291 7 7 333
24 3357194 292 6 10 1
25 3514283 304 3 8 10
26 3514283 304 2 10 977
27 3812517 339 5 5 951
28 4027549 372 3 0 349
29 4206684 390 2 8 767
30 4366077 395 3 0 440
31 4430669 402 9 4 6
32 4548056 409 5 6 1
33 4600908 416 8 1 2
34 4797956 428 5 1 6684
35 4797956 428 9 8 2
36 4881853 430 9 4 67
37 4892085 434 8 2 37
38 5020130 457 10 0 8
39 5116766 461 6 5 4
40 5328979 466 0 10 6
41 5379314 467 4 3 45
42 5478912 473 4 8 52
43 5655468 475 10 8 5
44 5674495 477 2 6 69
45 5759099 496 10 3 2626
46 6048634 508 5 8 38
47 6182216 513 7 4 200
48 6202910 517 3 10 33396
49 6247692 535 4 7 6
50 6280982 546 4 7 78
51 6333607 551 6 1 7
52 6514476 555 5 8 7
53 6514476 555 4 1 191
54 6805600 576 1 6 4
55 6863656 585 10 3 1425
56 6961705 605 4 6 53
57 7154230 612 5 0 214
58 7154230 612 10 1 6
59 7154230 612 6 10 5
60 7309926 616 9 9 8
61 7379006 628 1 9 181
62 7394345 631 5 6 491
63 7718043 671 3 6 8
64 7718043 671 0 8 5
65 7742083 675 2 7 2702
66 7864166 683 5 2 1527
67 7864166 683 1 1 50
68 7864166 683 3 10 16
69 7872645 687 2 7 41
70 8186148 695 0 2 793
71 8334330 703 2 4 57
72 8497608 723 3 5 29
73 8497608 723 6 2 3584
74 8510365 724 6 0 16260
75 8652222 739 10 9 6031
76 8752336 741 10 4 33
77 8880066 751 5 5 12
78 8880066 751 9 7 3
79 8918649 755 9 10 2193
80 8918649 755 9 0 195
81 8918649 755 9 1 352
82 9105698 782 8 4 1
83 9381148 822 9 10 1
84 9381148 822 7 9 3
85 9381148 822 1 2 9
86 9518721 823 1 0 8
87 9671044 842 1 1 148
88 9697721 846 5 4 14
89 9759803 861 3 2 309
90 10017428 886 4 8 20
91 10183061 901 1 3 1484
92 10265807 909 9 7 11407
93 10549840 929 0 5 454
94 10549840 929 0 10 1
95 11002570 941 9 10 18
96 11002570 941 6 6 24
97 11008548 945 9 1 9558
98 11081482 959 10 3 152
99 11285223 973 2 4 10
