11 75 100
0 76661 3 9 6 284
1 436036 45 8 6 1063
2 647077 59 5 6 19
3 647077 59 2 10 3
4 681309 66 0 3 61
5 726255 72 6 7 60
6 802181 75 3 4 1
7 802181 75 5 10 3
8 922297 84 6 6 1
9 1257564 118 7 5 16
10 1269558 124 7 3 7
11 1423494 137 8 9 6410
12 1468389 147 9 6 19051
13 1484589 150 2 6 229
14 1572126 154 10 5 139
15 1670487 160 4 8 306
16 1670487 160 1 0 23
17 1670487 160 9 0 11
18 1738440 170 3 9 3937
19 1795930 177 3 9 9
20 1916304 198 4 3 10
21 1916304 198 9 2 2
22 2099189 230 8 2 48
23 2099189 230 8 8 135
24 2471022 262 2 6 8
25 2471022 262 0 3 1
26 2492217 268 5 0 210
27 2693361 287 1 8 5
28 2832031 298 1 8 2839
29 2832031 298 1 1 12
30 2894229 303 1 0 1
31 2928569 304 2 6 577
32 3052736 319 7 10 78
33 3212124 340 6 9 153
34 3212124 340 7 9 15
35 3505570 390 6 10 1
36 3505570 390 1 4 27
37 3638397 395 0 9 2555
38 3638397 395 8 3 10
39 3638397 395 0 7 1
40 3790047 409 6 5 797
41 3842711 420 7 10 64
42 3998297 428 2 4 1
43 3998297 428 1 1 668
44 3998297 428 4 5 822
45 4068211 430 1 3 4
46 4068211 430 9 8 1
47 4116864 451 10 10 11840
48 4263971 461 4 0 1
49 4440816 466 8 7 1
50 4565760 473 1 10 3
51 4712890 475 4 1 6
52 4799249 496 10 3 2626
53 5037553 507 3 7 72
54 5037553 507 4 0 6
55 5068746 510 6 7 383
56 5151847 513 7 0 1
57 5151847 513 0 6 80
58 5154720 515 10 1 15
59 5209986 537 10 10 11
60 5245360 547 4 3 33039
61 5481200 556 0 0 1
62 5508161 558 1 5 72
63 5961858 612 7 5 120
64 6132286 626 2 3 6058
65 6431702 671 7 5 30
66 6553471 683 8 7 548
67 6652883 692 6 1 96
68 6821790 695 3 5 7
69 6914100 702 3 7 81
70 6945275 703 2 0 74
71 7112832 731 2 10 8
72 7293613 741 0 0 15797
73 7400055 751 5 6 111
74 7511638 766 10 3 1
75 7559417 775 9 3 95
76 7650936 813 10 8 83
77 7817623 822 2 0 1
78 7932267 823 9 6 1414
79 7989207 830 1 5 5
80 8108322 857 9 10 21849
81 8120842 859 6 1 2
82 8133169 861 3 0 984
83 8222332 864 2 7 1
84 8222332 864 8 1 4
85 8359121 888 10 8 196
86 8422198 894 10 9 35
87 8422198 894 7 8 1
88 8422198 894 6 9 71
89 8422198 894 5 7 1
90 8791533 929 2 0 2
91 8791533 929 4 5 227
92 8875965 930 5 4 2601
93 8952214 931 0 6 17
94 8952214 931 5 1 10
95 9002668 932 10 9 4
96 9168808 941 1 4 1
97 9168808 941 10 3 1
98 9168808 941 1 1 1248
99 9209869 956 4 1 1266
