11 82 100
0 20086 0 9 4 103
1 76661 3 5 3 126
2 196720 13 6 5 13
3 659074 61 2 1 230
4 802181 75 2 3 33
5 802181 75 5 2 778
6 922297 84 10 0 7
7 1049429 99 7 4 28
8 1144860 102 6 0 35
9 1208293 108 3 2 1
10 1214119 110 3 1 64
11 1264525 123 10 10 32
12 1572126 154 4 0 4
13 1670487 160 8 5 11
14 1703895 162 3 6 14
15 1795930 177 0 3 10858
16 2099189 230 0 10 8
17 2099189 230 3 9 29
18 2180650 233 9 5 1
19 2185282 235 2 7 17
20 2217168 237 10 4 215
21 2489321 266 3 10 42
22 2693361 287 0 6 24
23 2693361 287 2 5 6
24 2693361 287 5 3 5
25 2832031 298 1 9 8
26 2894229 303 0 6 397
27 2936545 306 7 9 19562
28 3119517 328 9 9 2
29 3357352 374 7 10 23
30 3505570 390 0 9 349
31 3638397 395 3 0 440
32 4110367 445 8 6 2
33 4440816 466 10 6 16
34 4440816 466 1 5 2
35 4565760 473 2 7 26
36 4712890 475 0 9 5
37 4712890 475 4 7 4
38 4712890 475 5 0 8
39 4712890 475 2 3 1
40 4768011 487 5 10 202
41 4786586 489 9 10 7526
42 4935673 498 0 2 4
43 5037553 507 2 6 3
44 5151847 513 10 3 26
45 5151847 513 1 0 1
46 5151847 513 7 7 11
47 5174172 521 1 4 152
48 5232084 542 1 7 28344
49 5556747 565 1 10 1219
50 5717911 583 6 0 11861
51 5750949 597 3 4 14
52 5961858 612 0 0 142
53 5961858 612 6 7 2539
54 6091605 616 9 10 1709
55 6295582 644 9 8 3635
56 6331335 668 5 4 33132
57 6431702 671 7 7 1
58 6431702 671 2 3 123
59 6431702 671 9 2 6
60 6451736 675 2 7 2702
61 6473737 681 1 5 12
62 6553471 683 9 7 548
63 6560537 687 5 7 16
64 6821790 695 9 2 793
65 6821790 695 7 10 5
66 6864170 698 2 4 268
67 7053521 718 1 5 87
68 7081340 723 6 3 13
69 7148308 732 7 0 1
70 7210185 739 10 0 372
71 7311039 746 6 9 88
72 7413371 752 0 1 8
73 7414278 753 9 4 9625
74 7543944 768 0 10 47
75 7573480 778 4 9 7
76 7608805 797 3 10 18
77 7626094 803 8 3 11335
78 7637624 804 4 6 21
79 7932267 823 3 6 282
80 8032414 834 8 5 908
81 8248245 872 6 6 114
82 8284135 881 2 2 561
83 8347857 886 8 8 20
84 8422198 894 8 4 18
85 8458654 896 8 9 10
86 8542490 907 2 10 6
87 8567282 911 0 0 682
88 8791533 929 5 4 878
89 8791533 929 5 3 3
90 8791533 929 2 7 2
91 8952214 931 0 4 909
92 8952214 931 7 5 2443
93 9002668 932 1 10 23
94 9168808 941 0 3 1
95 9168808 941 4 0 22
96 9169278 942 10 5 700
97 9361277 970 8 6 37
98 9378675 972 10 7 53
99 9437433 988 8 4 7153
