11 75 100
0 131147 13 7 10 99
1 382307 51 2 4 15
2 389062 57 7 9 705
3 454206 66 0 10 2896
4 484170 72 6 0 6120
5 614865 84 10 1 16
6 638855 91 3 2 550
7 649175 94 1 5 756
8 699619 99 0 0 203
9 763240 102 5 5 14
10 763240 102 9 6 7
11 948996 137 5 0 8
12 954156 139 2 1 25
13 964665 143 0 9 7
14 1048084 154 5 10 2
15 1048084 154 10 8 87
16 1277536 198 6 6 111
17 1277536 198 7 2 6
18 1371444 229 6 2 1233
19 1453766 233 3 4 11532
20 1453766 233 4 0 7
21 1550715 248 1 4 194
22 1554531 253 2 6 83
23 1689436 282 8 0 16296
24 1970333 310 0 7 73
25 2031513 317 10 4 10
26 2031513 317 1 7 2009
27 2160706 350 8 6 14
28 2188777 362 5 2 1
29 2211535 369 9 8 28
30 2234096 370 4 2 1
31 2261210 385 2 6 17811
32 2267220 387 3 9 1
33 2282708 388 7 8 88
34 2337046 390 7 0 14
35 2356418 392 8 5 2567
36 2425598 395 5 4 1
37 2433847 399 5 7 15502
38 2526698 409 2 10 15
39 2526698 409 1 0 528
40 2526698 409 2 3 3
41 2552077 413 9 4 9414
42 2734471 443 6 10 95
43 2743373 448 10 1 2
44 2747984 452 5 10 36
45 2788961 457 7 7 1
46 2960544 466 0 2 50
47 2960544 466 8 1 5
48 2996184 468 7 8 13074
49 3043840 473 0 3 14
50 3141926 475 2 8 2
51 3141926 475 4 5 5
52 3152497 477 2 5 349
53 3434564 513 2 5 862
54 3434564 513 6 3 21
55 3434564 513 9 7 5
56 3475490 539 10 1 6
57 3488056 542 1 0 34
58 3619153 555 10 5 1
59 3619153 555 6 1 191
60 3742835 569 5 6 1
61 3742835 569 5 10 6
62 3865996 602 6 5 30
63 3866683 603 2 10 133
64 3890488 611 5 8 990
65 3974572 612 4 9 1
66 3974572 612 1 3 1
67 3974572 612 10 7 2539
68 3974572 612 3 6 6
69 4061070 616 0 0 1977
70 4061070 616 3 5 1227
71 4214851 665 8 8 45
72 4315825 681 9 4 1319
73 4547860 695 9 7 1
74 4547860 695 2 4 1
75 4552145 697 2 2 466
76 4576113 698 2 1 3
77 4634040 707 6 1 13
78 4647710 710 3 9 22919
79 4727980 724 6 8 63
80 4765539 732 4 2 240
81 5007758 766 10 3 1
82 5211749 822 7 7 691
83 5312586 826 2 8 28
84 5326138 830 0 5 5
85 5343711 833 7 9 12629
86 5389378 850 9 6 662
87 5614798 894 4 3 12
88 5861022 929 5 3 3
89 5861022 929 8 8 9
90 5861022 929 1 6 54
91 5861022 929 2 2 8
92 5917310 930 1 9 71
93 6112539 941 0 0 5
94 6156379 959 10 7 35
95 6156379 959 10 2 32
96 6232449 967 4 6 6161
97 6232449 967 6 4 14
98 6232449 967 1 4 29
99 6232449 967 7 9 4
