11 88 100
0 40173 0 1 5 6
1 514725 17 6 5 184
2 711136 29 2 0 72
3 730444 31 3 3 475
4 852888 43 5 8 154
5 872073 45 1 6 1063
6 1146922 51 5 6 1
7 1458244 74 3 7 8
8 1844595 84 2 2 231
9 1844595 84 4 5 4
10 1987506 97 7 9 5530
11 2289721 102 4 10 21
12 2463398 116 2 2 161
13 2693317 136 1 0 2006
14 2969178 150 2 8 12718
15 3407790 162 2 3 191
16 3525807 174 9 7 14
17 3639694 188 4 10 27
18 3832609 198 6 3 20
19 4029829 224 3 4 238
20 4114332 229 2 7 9
21 4361300 233 9 1 8
22 4629627 241 4 8 1
23 4942045 262 2 6 8
24 5386722 287 8 5 2
25 5386722 287 9 5 2
26 5664062 298 9 0 21
27 6094541 317 4 9 5
28 6094541 317 2 9 16
29 6150967 324 5 10 48
30 6268990 334 1 9 1536
31 6718367 377 9 8 86
32 6770035 380 10 1 100
33 6770035 380 10 2 57
34 6848124 388 0 0 709
35 7011140 390 10 5 13
36 7069256 392 4 9 3
37 7291075 396 3 1 405
38 7593744 411 9 4 206
39 7600810 412 7 1 86
40 8136422 430 9 8 1
41 8170779 435 6 0 163
42 8188904 440 6 10 20
43 8366884 457 7 1 3
44 8881632 466 8 9 4
45 9425780 475 6 5 2
46 9457492 477 2 4 41
47 9573172 489 9 0 11786
48 9573172 489 2 10 7526
49 9871346 498 7 8 514
50 9894223 499 7 0 5705
51 10137493 510 7 1 5
52 10857461 555 8 0 4
53 11016322 558 1 4 2269
54 11091805 563 10 8 1666
55 11443855 587 2 1 6
56 11597988 602 6 8 259
57 11923717 612 1 1 3
58 12183210 616 8 1 1
59 12409539 635 5 1 1250
60 12409539 635 5 4 37
61 12618444 659 9 5 5
62 12863405 671 2 1 476
63 12924190 678 6 6 409
64 13235821 690 8 7 6335
65 13643581 695 9 0 64
66 13893504 704 5 6 1995
67 14296617 732 7 0 1
68 14369308 735 6 5 36
69 14587226 741 4 9 14
70 14800111 751 2 9 31
71 14905194 757 1 5 578
72 15087889 768 8 9 704
73 15176163 782 8 4 1
74 15241854 798 4 7 28
75 15294020 807 3 10 55
76 15635247 822 10 5 78
77 15635247 822 4 6 8
78 15864535 823 5 3 6
79 15980784 832 1 1 30673
80 16118407 842 1 4 6007
81 16182898 854 6 10 67
82 16695714 886 8 4 1
83 16697152 887 6 4 158
84 16844396 894 5 3 6
85 16917308 896 3 0 1968
86 16971769 901 0 3 1484
87 17134564 911 6 0 1365
88 17583066 929 0 8 4
89 17583066 929 1 10 2
90 17583066 929 7 8 14
91 17904428 931 4 1 10
92 18005337 932 5 4 6
93 18005337 932 8 8 6
94 18005337 932 8 0 2
95 18005337 932 4 6 4
96 18337617 941 1 7 1
97 18697348 967 5 7 486
98 18722555 970 4 3 16276
99 18908484 993 4 0 4812
