11 73 100
0 57496 3 9 8 18952
1 105098 9 4 10 25
2 105098 9 4 1 2
3 147540 13 6 5 13
4 485307 59 8 0 4
5 485307 59 2 2 204
6 531169 70 3 7 1
7 601635 75 5 1 5916
8 601635 75 8 7 3
9 691723 84 4 2 694
10 691723 84 4 1 120
11 723749 93 9 10 67
12 1185878 158 5 2 59
13 1346947 177 3 9 9
14 1346947 177 0 9 9
15 1437228 198 10 6 111
16 1437228 198 0 2 2
17 1574392 230 3 6 6
18 1736110 241 7 6 1
19 1736110 241 4 10 1014
20 1739760 244 4 1 1
21 1783848 259 1 10 622
22 2020021 287 1 10 7
23 2020021 287 10 4 1
24 2060834 291 3 0 6
25 2124023 298 1 0 21
26 2124023 298 9 10 40
27 2196427 304 3 0 17
28 2285453 317 2 0 4
29 2441117 353 0 7 193
30 2547048 386 10 3 976
31 2728798 395 7 3 10
32 2734153 396 10 1 1216
33 2779053 406 8 0 35
34 2842535 409 1 6 1
35 2905208 424 7 0 119
36 2998723 428 3 10 4
37 2998723 428 0 6 1
38 2998723 428 0 3 3
39 2998723 428 5 10 4
40 2998723 428 1 8 2
41 2998723 428 4 1 2673
42 3051158 430 0 8 2
43 3051158 430 7 3 21
44 3051158 430 3 4 7
45 3064042 435 6 6 24
46 3362071 467 10 9 8
47 3534667 475 1 0 6
48 3546559 477 2 7 60
49 3701754 498 2 4 50
50 3778165 507 8 2 17
51 3801560 510 6 10 29
52 3801560 510 6 4 1991
53 3863885 513 8 1 5
54 3863885 513 0 0 5
55 3863885 513 4 8 1009
56 3876699 516 4 3 1
57 4071548 555 5 8 7
58 4071548 555 8 8 7
59 4210690 569 6 5 1
60 4278765 582 4 6 282
61 4288433 583 6 1 2272
62 4305591 591 5 10 34
63 4376799 611 1 4 39
64 4568704 616 1 7 1201
65 4568704 616 0 3 20
66 4721687 644 6 10 1
67 4748501 668 5 0 9853
68 4823776 671 5 2 6
69 4840974 676 8 4 41
70 4915103 683 3 2 4582
71 4989662 692 10 0 2
72 5116342 695 8 8 1
73 5116342 695 1 9 214
74 5116342 695 1 4 1
75 5116342 695 6 1 3
76 5121163 697 6 1 154
77 5148128 698 5 5 6
78 5148128 698 10 5 51
79 5228674 710 3 3 119
80 5242368 714 10 2 29274
81 5311005 723 6 8 7
82 5311005 723 6 2 3584
83 5388490 735 6 7 1348
84 5470210 741 10 7 2
85 5495026 749 9 5 1
86 5550041 751 1 2 119
87 5691769 783 7 10 8
88 5719547 802 5 0 43
89 5949200 823 5 6 282
90 6101540 862 9 9 70
91 6166749 864 1 4 5
92 6343990 896 8 2 38
93 6385418 905 6 8 95
94 6656973 930 9 7 31
95 6714160 931 10 5 349
96 7011505 967 7 9 4
97 7011505 967 6 6 3080
98 7056224 975 2 8 3
99 7090681 993 4 4 210
