11 72 100
0 51107 3 10 4 3213
1 93421 9 1 7 39
2 541343 77 9 4 42
3 614865 84 2 1 8
4 638855 91 6 2 2201
5 643332 93 9 10 67
6 829043 117 0 0 125
7 989726 150 2 0 219
8 997654 153 8 9 37
9 1113658 160 10 1 1
10 1113658 160 7 2 421
11 1113658 160 10 8 306
12 1297575 204 9 0 97
13 1347454 226 3 9 222
14 1371444 229 0 5 4
15 1585642 259 8 0 89
16 1647348 262 8 10 55
17 1660249 267 8 9 312
18 1795574 287 9 7 807
19 1795574 287 2 2 3
20 1795574 287 9 2 3
21 1888020 298 1 3 1
22 1929486 303 10 0 1
23 1966867 309 3 0 37
24 2079678 328 6 9 2
25 2079678 328 9 5 4162
26 2095176 335 1 9 28
27 2118065 339 6 5 190
28 2173879 357 2 8 157
29 2282708 388 0 0 709
30 2425598 395 10 3 10
31 2526698 409 8 3 1
32 2526698 409 2 7 2
33 2552077 413 9 1 56
34 2665531 428 2 1 668
35 2665531 428 5 0 1
36 2712140 430 9 1 1051
37 2712140 430 1 0 2
38 2723593 435 6 0 163
39 2788961 457 7 1 3
40 2788961 457 6 5 32
41 2842647 461 5 6 122
42 2960544 466 8 3 1801
43 2960544 466 0 1 14
44 3004328 471 6 10 923
45 3191057 489 8 8 98
46 3290448 498 10 6 1
47 3290448 498 2 10 13
48 3290448 498 1 3 1
49 3434564 513 7 10 4
50 3434564 513 3 2 6
51 3470940 535 1 7 6
52 3498897 549 8 5 792
53 3498897 549 5 5 264
54 3619153 555 8 0 4
55 3619153 555 2 8 7
56 3654133 556 3 1 1
57 3654133 556 0 7 15
58 3654133 556 5 1 2
59 3675783 560 6 0 10
60 3697268 563 10 7 235
61 3742835 569 6 3 21
62 3834618 598 4 6 39008
63 3974572 612 9 2 1346
64 3974572 612 8 5 120
65 4061070 616 10 3 20
66 4061070 616 8 1 1
67 4287801 671 3 0 3
68 4291265 674 4 2 83
69 4315825 681 0 4 2639
70 4368981 683 2 4 1277
71 4368981 683 7 3 29
72 4442788 693 8 1 66
73 4547860 695 2 0 128
74 4547860 695 6 2 1587
75 4547860 695 8 0 21
76 4547860 695 9 6 1
77 4547860 695 1 9 214
78 4862408 741 5 2 3
79 4933370 751 1 0 23
80 5007758 766 10 3 1
81 5055352 780 9 8 6604
82 5211749 822 9 6 4
83 5211749 822 9 9 1
84 5211749 822 7 9 3
85 5312401 825 10 4 62
86 5312401 825 6 1 171
87 5429742 863 2 7 8
88 5481555 864 0 4 17
89 5513644 875 5 7 18
90 5522757 881 0 2 561
91 5639102 896 1 0 15751
92 5669769 903 1 5 36
93 5694993 907 2 9 153
94 5917310 930 10 2 14
95 5917310 930 0 8 309
96 5968142 931 4 10 225
97 6156379 959 10 3 152
98 6240851 970 10 4 16
99 6285406 983 0 10 188
