11 82 100
0 514725 17 0 7 2
1 739448 33 8 7 56
2 778664 37 0 8 6
3 1146922 51 10 0 64
4 1146922 51 7 10 1
5 1362618 66 0 8 966
6 1452511 72 6 7 60
7 1604362 75 4 5 115
8 1844595 84 10 3 8
9 2289721 102 6 5 14
10 2323049 104 4 2 54
11 2416587 108 0 7 4
12 2969178 150 2 6 229
13 2969178 150 2 10 10
14 3144252 154 10 5 139
15 3145809 155 1 7 3
16 3493285 172 6 8 29
17 3655197 190 10 10 8155
18 3832609 198 5 4 4
19 3832609 198 5 1 9
20 4361300 233 3 7 1
21 4629627 241 1 10 1014
22 5068310 282 8 9 41
23 5386722 287 9 6 24
24 5386722 287 1 5 2
25 5857139 304 3 10 1954
26 5933361 312 6 10 391
27 6094541 317 3 9 5
28 6094541 317 2 9 16
29 6150967 324 0 10 24
30 6155147 325 9 9 165
31 6239035 328 0 0 1
32 6436877 343 6 4 129
33 6461778 346 3 5 489
34 6711880 371 1 8 116
35 6770035 380 10 0 984
36 7276795 395 7 3 10
37 7440064 407 2 6 71
38 7580094 409 8 7 1
39 7687015 421 5 9 27455
40 7747222 424 7 6 113
41 7996594 428 2 10 25
42 7996594 428 6 10 4
43 8419813 460 1 1 356
44 8881632 466 1 4 217
45 8965524 467 10 7 23
46 8965524 467 9 5 5
47 8988552 468 7 10 33231
48 9425780 475 1 2 13
49 9425780 475 5 10 25
50 9425780 475 3 6 1
51 9500214 483 5 10 8
52 9871346 498 7 10 39
53 9871346 498 0 10 13
54 10075107 507 5 2 40
55 10490720 547 4 5 7822
56 10517918 550 7 6 6
57 10556012 551 6 1 7
58 10857461 555 4 4 829
59 11228506 569 3 6 1
60 11228506 569 1 1 16
61 11228506 569 3 0 26
62 11345626 577 0 0 2339
63 11439678 586 8 1 1762
64 11481578 591 10 1 1
65 12183210 616 1 2 1
66 12591165 644 8 6 1
67 12863405 671 1 3 61
68 13106943 683 9 1 25
69 13305767 692 2 0 75
70 13643581 695 7 0 149
71 13643581 695 10 9 214
72 13643581 695 5 8 1
73 13643581 695 2 0 128
74 13643581 695 4 4 1
75 13890551 703 2 3 37
76 14107042 718 6 3 15
77 14296617 732 9 0 2
78 14369308 735 6 2 5
79 14587226 741 5 2 3
80 14587226 741 3 2 9
81 14800111 751 6 7 3
82 14905194 757 5 5 578
83 15023276 766 6 3 1
84 15252127 802 10 5 226
85 15635247 822 3 8 239
86 15864535 823 3 10 1
87 16486243 871 10 8 8344
88 16568271 881 6 2 1685
89 16695714 886 9 0 14
90 16844396 894 10 3 6
91 17009307 903 1 4 337
92 17292803 926 7 4 65
93 17583066 929 9 10 2
94 18005337 932 1 10 23
95 18374894 948 5 4 5
96 18697348 967 1 0 9
97 18697348 967 7 7 243
98 18908484 993 4 4 210
99 18950306 994 0 1 28
