11 89 100
0 1544175 17 9 7 5
1 1611148 18 1 10 164
2 2616219 45 1 6 1063
3 2719417 50 7 0 44
4 3523908 58 8 2 1566
5 3882463 59 5 9 36
6 5749695 91 0 2 550
7 5962518 97 8 9 1843
8 5963547 98 10 1 117
9 6296576 99 0 4 28
10 6869164 102 0 8 14609
11 7545388 118 1 5 301
12 7880156 133 5 1 154
13 8079951 136 8 10 32
14 8540966 137 7 4 99
15 10223372 162 0 7 1351
16 10223372 162 6 3 191
17 10223372 162 7 3 382
18 10430644 170 3 9 3937
19 11928875 211 10 6 59
20 11991463 217 7 4 13
21 12595136 230 0 7 226
22 12595136 230 3 7 226
23 13888881 241 6 9 1226
24 14270784 259 4 0 14
25 14271814 260 0 8 471
26 16160168 287 0 3 11
27 16160168 287 10 4 1
28 16160168 287 4 10 7
29 16486675 291 4 9 182
30 17037036 302 2 8 113
31 17571418 304 2 3 929
32 18283624 317 2 0 4
33 18316418 319 7 10 78
34 18717105 328 8 3 2
35 19062589 339 8 3 215
36 19272744 340 2 2 3
37 22321629 408 2 8 119
38 22740283 409 5 4 2
39 22740283 409 1 2 11
40 22968701 413 2 7 32
41 23989784 428 8 4 21
42 24409266 430 9 8 1
43 24538086 439 6 7 114
44 26644898 466 9 0 7
45 26896574 467 2 3 1
46 26982458 469 6 1 4673
47 28277340 475 9 3 1
48 28477620 481 5 10 87
49 28608066 487 5 9 2682
50 28608066 487 5 0 66373
51 29614038 498 5 10 13
52 29684490 500 3 0 227
53 30225322 507 1 10 178
54 30911084 513 6 3 21
55 32572384 555 1 7 14
56 32959402 557 3 6 36
57 33275417 563 10 6 1067
58 34028004 576 10 0 51
59 34230126 582 4 1 20340
60 34307467 583 6 10 61
61 34307467 583 6 4 5985
62 35771153 612 1 5 120
63 36549632 616 2 6 72
64 36672950 621 2 8 37
65 36693279 624 2 5 2839
66 36793720 626 2 1 8
67 38773853 679 10 7 6010
68 39320831 683 3 8 23
69 39320831 683 0 2 3054
70 40930743 695 5 6 1
71 40930743 695 6 7 1
72 41671654 703 2 6 38
73 41829395 710 3 8 105
74 42321128 718 8 9 31
75 42488041 723 6 10 11
76 42551827 724 6 9 286
77 43107925 735 9 4 153
78 44400333 751 6 7 3
79 45069829 766 6 3 1
80 45902248 812 1 5 1916
81 46905743 822 5 4 1
82 47593607 823 10 5 599
83 47935243 830 1 1 74
84 48488607 846 5 2 142
85 48504407 850 7 2 15
86 48662891 858 7 2 1
87 48725055 859 6 0 3051
88 49333997 864 2 9 35
89 50915309 901 5 2 30
90 51649573 919 5 1 1
91 51771445 924 0 6 1
92 52749200 929 0 7 2
93 53255791 930 7 3 15
94 53713284 931 10 1 10
95 54016013 932 7 9 9
96 54016013 932 6 0 2
97 55012853 941 10 7 2
98 55407412 959 10 5 196
99 56426118 973 0 10 26
