11 75 100
0 24103 0 9 6 12
1 91994 3 9 10 1871
2 91994 3 9 5 5552
3 168158 9 7 4 2
4 426681 29 10 1 11
5 776492 59 1 9 128
6 817570 66 0 2 233
7 962617 75 8 1 4733
8 962617 75 5 6 14
9 962617 75 8 8 1
10 962617 75 6 5 231
11 981968 79 10 3 38
12 1106757 84 4 2 694
13 1373832 102 6 2 483
14 1450801 109 6 0 101
15 1478038 116 2 3 15961
16 1509077 118 1 5 301
17 1587874 135 1 8 667
18 1708193 137 0 4 199
19 2004585 160 2 5 5
20 2854156 259 5 7 25
21 3040986 282 8 7 200
22 3056871 285 4 0 5994
23 3056871 285 4 8 94
24 3232033 287 10 0 1
25 3366643 295 6 4 6
26 3473075 303 3 6 5173
27 3514283 304 3 1 7
28 3539797 308 6 5 6089
29 3812517 339 4 7 15
30 3858678 341 10 2 91
31 3884480 349 1 6 568
32 3947394 365 9 3 670
33 3980764 369 2 9 869
34 3980764 369 3 9 224
35 4108874 388 7 3 3122
36 4206684 390 5 3 2686
37 4366077 395 7 5 177
38 4366077 395 8 1 33
39 4548056 409 5 0 528
40 4797956 428 5 1 6684
41 5020130 457 6 9 40
42 5116766 461 9 4 42
43 5478912 473 6 8 52
44 5478912 473 8 2 15
45 5655468 475 9 2 6
46 5674495 477 2 3 89
47 5743903 489 2 10 7526
48 5922807 498 2 6 1
49 6182216 513 4 4 200
50 6182216 513 1 8 5049
51 6202718 516 1 3 1
52 6206024 519 10 10 44
53 6211457 524 1 8 1009
54 6310750 550 2 6 6
55 6310750 550 1 6 6
56 6514476 555 6 10 1
57 6514476 555 5 8 7
58 6638398 562 10 7 2
59 6846025 582 4 9 88
60 6910599 600 3 8 66
61 7154230 612 5 0 214
62 7154230 612 3 6 6
63 7309926 616 6 6 108
64 7430092 633 5 3 85
65 7430092 633 5 5 19724
66 7718043 671 7 4 671
67 7718043 671 5 2 6
68 8186148 695 5 8 1
69 8186148 695 1 4 1
70 8296921 702 3 7 81
71 8497608 723 3 5 29
72 8528744 728 3 9 53
73 8792041 749 9 7 41
74 9099635 780 0 2 6098
75 9177394 808 1 3 14
76 9518721 823 2 4 3553
77 9518721 823 10 6 7637
78 9587048 830 0 9 32
79 9638897 834 2 0 15
80 9697721 846 5 6 89
81 9866799 864 1 4 5
82 9866799 864 1 1 4
83 9866799 864 0 4 17
84 9866799 864 2 7 1
85 9897894 872 6 10 5
86 9924559 875 2 7 9
87 10017428 886 6 6 555
88 10250988 907 2 4 4
89 10549840 929 1 7 2
90 10549840 929 1 8 4
91 10549840 929 8 1 1
92 10651158 930 8 8 309
93 10742656 931 1 1 10
94 10742656 931 7 2 1607
95 10803202 932 1 6 4
96 10803202 932 4 6 4
97 10803202 932 4 1 2337
98 11002570 941 4 10 18
99 11002570 941 9 3 1
