11 78 100
0 1725208 53 4 10 10
1 1941231 59 5 2 102
2 1941231 59 5 6 19
3 1941231 59 2 2 204
4 2406543 75 2 1 591
5 2766893 84 3 8 1
6 2766893 84 6 10 10
7 3434582 102 6 8 14609
8 3624880 108 7 2 1
9 4453768 150 2 2 69
10 4716379 154 9 3 28
11 5111686 162 8 6 14
12 5158878 165 0 5 110
13 5456921 187 4 2 24
14 5748914 198 7 8 11
15 5752224 200 5 5 18
16 6171498 229 6 5 19
17 7447796 263 10 10 1524
18 7602645 283 5 1 81
19 7642178 285 4 2 275
20 8080084 287 7 2 3
21 8080084 287 3 2 3
22 8080084 287 5 0 3
23 8682688 303 4 6 795
24 8849494 308 6 0 160
25 8895259 311 3 10 57
26 9141812 317 2 5 964
27 9636372 340 2 3 126
28 9793831 358 1 4 2379
29 9865320 363 8 4 62
30 10053432 370 7 2 9
31 10915192 395 3 6 54
32 10915192 395 8 5 177
33 11994892 428 5 6 1
34 12204633 430 7 0 2
35 12597430 459 0 5 651
36 13322449 466 7 3 3602
37 13322449 466 10 10 4
38 13322449 466 1 7 1
39 13491229 469 6 4 541
40 13554746 472 0 0 7
41 14138670 475 10 4 2
42 14841335 499 7 6 4848
43 15112661 507 3 3 26
44 16286192 555 5 1 95
45 16885018 575 6 8 15
46 16885018 575 1 8 15
47 17014002 576 6 5 2438
48 17014002 576 1 6 4
49 17252848 597 7 4 43
50 17885576 612 10 6 3
51 17885576 612 3 5 120
52 17885576 612 6 9 3
53 17885576 612 10 0 142
54 18274816 616 3 7 200
55 18575231 633 5 1 368
56 18886748 644 10 1 6
57 18961799 664 5 3 26
58 18974398 667 2 7 77
59 19295107 671 8 2 6
60 19681613 687 0 8 15
61 19731150 689 5 4 1591
62 19958651 692 2 5 10
63 20465371 695 0 6 38
64 20465371 695 1 9 214
65 20465371 695 6 1 3
66 20742302 702 4 1 5
67 21244020 723 6 7 16
68 21444926 732 0 0 3
69 21444926 732 9 5 52
70 21880840 741 3 2 9
71 21880840 741 5 2 3
72 21928514 744 6 3 1
73 21980104 749 5 0 33
74 22200166 751 7 7 3
75 22357792 757 5 1 77
76 22534914 766 2 6 14
77 22534914 766 3 4 16
78 23796803 823 9 5 599
79 23905806 825 6 9 56
80 23967621 830 2 1 24
81 24244303 846 5 6 89
82 24666998 864 4 1 14
83 24729365 871 5 9 3
84 24852407 881 4 2 561
85 25375963 896 2 2 38
86 25664519 909 9 6 8913
87 25664519 909 9 4 1528
88 25703148 912 8 1 71
89 26374600 929 8 1 1
90 26374600 929 0 5 454
91 26374600 929 10 10 1
92 26627895 930 1 2 43
93 27008006 932 10 2 1805
94 27076387 939 8 8 28526
95 27506426 941 9 6 8
96 27703706 959 10 0 127
97 28136027 972 10 2 558
98 28425459 994 10 5 81
99 28425459 994 9 0 3
