11 72 100
0 386043 17 9 9 658
1 386043 17 3 7 19
2 533352 29 10 2 2926
3 533352 29 10 1 11
4 860191 51 7 3 15
5 970615 59 8 4 6
6 1717291 102 2 10 21
7 1717291 102 6 0 35
8 1717291 102 10 4 8
9 1730966 103 0 5 6
10 1742287 104 4 1 18
11 1847548 116 2 9 68
12 1847548 116 2 8 217
13 1890412 120 0 7 124
14 2226884 150 2 7 5692
15 2358189 154 6 4 10
16 2358189 154 5 10 2
17 2505731 160 4 7 1
18 2510757 161 0 8 17
19 2693895 177 0 2 189
20 2741397 190 8 0 72
21 2976885 210 1 3 1
22 2986961 216 9 5 2
23 3007576 221 8 7 220
24 3148784 230 0 4 78
25 3706534 262 3 2 6
26 3735561 267 8 9 312
27 3772494 273 6 9 4
28 3821089 285 4 4 168
29 4040042 287 0 3 11
30 4040042 287 3 2 3
31 4040042 287 2 0 3
32 4040042 287 8 9 1
33 4121668 291 0 0 33
34 4121668 291 4 5 25
35 4196492 292 2 10 1
36 4341344 303 1 2 1892
37 4714146 335 1 10 1509
38 5036028 374 7 10 23
39 5094096 386 10 3 976
40 5457596 395 5 5 177
41 5685070 409 10 5 797
42 5742175 413 9 1 56
43 5997446 428 9 2 2
44 5997446 428 7 7 1
45 6128084 435 7 6 24
46 6190380 454 8 8 35
47 6275163 457 1 10 5
48 6275163 457 6 9 40
49 6395957 461 6 10 1
50 6395957 461 2 7 147
51 6395957 461 6 1 34
52 6661224 466 5 0 7
53 6848640 473 4 7 3
54 7069335 475 9 7 9
55 7069335 475 3 3 1
56 7069335 475 9 2 6
57 7069335 475 8 6 4
58 7556330 507 3 3 26
59 7809615 535 3 7 31
60 7816710 538 4 8 3
61 7917009 551 4 1 3
62 8143096 555 8 7 7
63 8143096 555 1 2 876
64 8262241 558 1 2 194
65 8421380 569 9 6 87
66 8421380 569 0 10 6
67 8702132 605 4 6 53
68 8942788 612 4 1 3
69 8942788 612 7 2 448
70 9137408 616 9 8 1
71 9330641 638 0 6 40
72 9443374 644 10 3 10
73 9830207 683 8 1 50
74 10232685 695 1 9 214
75 10232685 695 0 3 8
76 10417913 703 2 5 40
77 10474685 712 2 4 49
78 10580282 718 10 4 275
79 10941943 742 9 10 31
80 10990052 749 5 4 26
81 11267457 766 10 3 1
82 11726435 822 8 3 13
83 11726435 822 10 4 25
84 11726435 822 8 10 3
85 11898401 823 8 10 1
86 11898401 823 9 4 7107
87 12333499 864 8 1 4
88 12409675 876 1 3 18
89 12521786 886 1 3 48
90 12770836 905 4 8 95
91 13187300 929 5 9 4
92 13313947 930 4 8 309
93 13313947 930 7 10 683
94 13313947 930 9 7 31
95 13428321 931 2 2 1607
96 13428321 931 8 0 1056
97 13753213 941 10 0 5
98 13753213 941 10 3 1
99 14153219 987 7 9 42
