11 84 100
0 13391 0 9 7 46
1 171575 17 0 8 1
2 237045 29 10 1 11
3 259554 37 8 0 25
4 267850 38 8 5 55
5 282888 41 10 1 3192
6 457690 68 2 4 1
7 486081 74 7 7 25
8 534787 75 1 10 3
9 638855 91 9 2 4953
10 699619 99 9 10 3070
11 881739 134 6 3 3
12 897772 136 8 0 2006
13 1113658 160 1 7 1
14 1113658 160 6 9 4
15 1164428 172 6 10 36
16 1197286 177 0 0 89
17 1299562 205 0 3 62
18 1325430 211 9 6 59
19 1327538 216 6 5 29
20 1371444 229 2 7 9
21 1548864 245 10 8 40
22 1668360 269 4 2 8281
23 1795574 287 4 10 7
24 1929486 303 9 10 14
25 1976724 311 6 4 133
26 1977910 314 9 1 54
27 2141416 340 9 1 3
28 2141416 340 3 4 5
29 2211535 369 10 7 1
30 2211535 369 10 3 6
31 2282708 388 7 4 84
32 2425598 395 4 1 1
33 2526698 409 6 5 797
34 2526698 409 5 5 797
35 2552077 413 2 9 66
36 2665531 428 0 4 1
37 2665531 428 4 3 3
38 2712140 430 10 3 29
39 2788961 457 5 10 5
40 2806604 460 1 3 39
41 2842647 461 0 2 5
42 2960544 466 7 9 12
43 3043840 473 8 6 5
44 3152497 477 2 9 103
45 3290448 498 8 4 50
46 3290448 498 9 9 1
47 3298074 499 7 6 4848
48 3358369 507 2 5 199
49 3434564 513 7 4 200
50 3459399 530 3 10 50
51 3619153 555 9 8 7
52 3619153 555 5 5 1
53 3619153 555 3 5 1
54 3654133 556 5 1 2
55 3974572 612 4 9 1
56 3974572 612 10 7 2539
57 3974572 612 9 8 8
58 3974572 612 10 8 26
59 3974572 612 5 10 5
60 3981641 613 3 10 14831
61 4099447 628 1 10 95
62 4200760 648 9 2 178
63 4442788 693 8 7 220
64 4547860 695 10 0 21
65 4576113 698 10 0 4
66 4609400 702 4 7 81
67 4630183 703 9 5 40
68 4630183 703 9 7 548
69 4633647 706 2 4 2
70 4727980 724 6 8 63
71 4737227 727 2 5 14
72 4789769 735 6 10 8
73 4806790 739 10 5 86
74 4863085 742 7 10 31
75 4864087 743 2 8 31
76 5007758 766 4 3 1
77 5009823 767 6 8 67
78 5062453 785 8 2 7
79 5107856 816 7 10 175
80 5211749 822 8 2 3
81 5288178 823 5 4 3553
82 5288178 823 5 8 1
83 5312401 825 1 8 63
84 5326138 830 2 2 63
85 5355372 835 3 1 125
86 5565238 886 9 0 14
87 5657256 901 0 3 1484
88 5675927 905 2 8 95
89 5711521 911 1 0 682
90 5764267 926 7 0 37
91 5765070 927 7 0 85
92 5861022 929 5 5 682
93 5917310 930 9 3 15
94 5968142 931 0 4 909
95 6001779 932 3 1 779
96 6269568 973 2 3 1
97 6269568 973 2 6 19
98 6283835 980 10 10 306
99 6283835 980 2 10 102
