11 83 100
0 15064 0 1 3 195
1 105098 9 7 3 74
2 193021 17 10 3 93
3 494718 62 8 5 5726
4 510981 66 0 0 2
5 601635 75 3 1 591
6 601635 75 7 3 168
7 691723 84 6 8 1
8 787072 99 0 5 5
9 858645 102 2 3 17
10 952168 124 1 3 7
11 1009993 136 1 4 6084
12 1067620 137 8 3 48
13 1073426 139 10 1 50
14 1100632 146 8 8 999
15 1179094 154 4 10 2
16 1179094 154 8 9 11
17 1293782 168 5 2 15
18 1437228 198 1 8 11
19 1443363 202 3 10 415
20 1491198 213 8 4 106
21 1739760 244 2 1 1
22 1753152 257 6 9 7792
23 1853267 262 3 6 51
24 2020021 287 9 2 3
25 2060834 291 1 2 3435
26 2170672 303 2 2 1892
27 2227495 316 0 4 43
28 2285453 317 5 2 565
29 2339638 328 10 5 297
30 2382823 339 3 2 288
31 2382823 339 9 3 1290
32 2382823 339 10 2 2880
33 2441117 353 0 4 219
34 2466330 363 4 4 31
35 2629177 390 6 7 6
36 2728798 395 6 2 1
37 2728798 395 0 1 6
38 2905208 424 7 6 113
39 2998723 428 6 9 1
40 2998723 428 2 3 3
41 3051158 430 10 0 9
42 3051158 430 9 6 190
43 3051158 430 9 4 67
44 3051158 430 3 1 3154
45 3157430 460 1 0 38977
46 3197978 461 4 6 122
47 3330612 466 2 10 2
48 3362071 467 2 3 1
49 3534667 475 3 1 3
50 3534667 475 0 10 10
51 3534667 475 10 7 4
52 3562580 483 7 10 8
53 3599437 496 10 3 2626
54 3701754 498 5 4 50
55 3778165 507 5 2 40
56 3780396 508 5 8 38
57 3863885 513 8 3 5
58 3863885 513 4 7 11
59 3908355 538 4 8 3
60 4110900 556 9 1 1
61 4140140 561 8 10 28
62 4159427 563 10 10 127
63 4210690 569 0 1 65
64 4568704 616 5 10 854
65 4568704 616 5 4 3
66 4586659 624 1 5 2839
67 4721687 644 7 6 1
68 4721687 644 6 6 1
69 4724349 646 5 9 12
70 4823776 671 3 2 6
71 4827673 674 4 2 83
72 4838802 675 2 7 2702
73 4846731 679 10 7 6010
74 4855303 681 5 4 1319
75 4915103 683 9 8 35
76 5116342 695 9 8 1
77 5116342 695 9 6 1
78 5208956 703 2 2 4702
79 5218175 709 2 9 9272
80 5228674 710 3 0 36
81 5290141 718 8 5 263
82 5290141 718 0 5 87
83 5361231 732 7 5 26
84 5470210 741 2 2 3
85 5495026 749 2 0 33
86 5495759 750 0 3 82
87 5598043 761 8 5 91
88 5633728 766 1 6 172
89 5863217 822 8 9 9
90 5863217 822 7 9 3
91 6166749 864 0 4 17
92 6260893 886 5 4 25
93 6364525 902 5 10 39173
94 6385418 905 2 8 95
95 6714160 931 4 3 49
96 6876606 941 0 7 1
97 6903827 951 2 8 158
98 7020958 970 10 4 16
99 7053264 973 0 3 3
