11 78 100
0 114992 3 5 0 2396
1 651215 44 1 5 455
2 860191 51 8 2 26
3 970615 59 5 6 19
4 970615 59 2 4 8
5 1089383 72 6 6 108
6 1383446 84 3 3 8
7 1574144 99 9 3 63
8 1742287 104 4 5 74
9 1821179 110 3 6 59
10 1821179 110 3 1 64
11 1910539 126 3 0 39
12 2201264 146 8 4 11
13 2358189 154 1 6 460
14 2505731 160 7 6 19
15 2917801 203 8 6 48
16 3032442 227 5 7 1033
17 3270975 233 3 4 11532
18 3472220 241 4 9 1226
19 3472220 241 4 4 14
20 3723898 263 2 10 1524
21 4040042 287 6 4 1
22 4424747 308 6 2 3
23 4679276 328 1 5 297
24 5080359 381 9 6 9029
25 5136093 388 7 1 98
26 5258355 390 0 0 14
27 5258355 390 4 9 174
28 5457596 395 8 1 33
29 5685070 409 8 3 1
30 5685070 409 6 10 15
31 5685070 409 5 3 3
32 5788040 422 5 3 54
33 5810416 424 7 1 86
34 5997446 428 8 6 1
35 5997446 428 5 8 2
36 6102316 430 10 0 9
37 6102316 430 4 7 17
38 6275163 457 10 10 5
39 6395957 461 1 6 122
40 6661224 466 5 4 217
41 6661224 466 3 6 8
42 6724143 467 9 0 3875
43 7069335 475 3 2 1
44 7186414 491 10 10 39
45 7403509 498 6 2 9
46 7403509 498 5 9 1
47 7403509 498 9 4 50
48 7403509 498 9 10 261
49 7437205 504 6 9 296
50 7809615 535 4 7 6
51 7848126 542 1 10 78241
52 7848126 542 1 0 34
53 7927702 553 2 2 3
54 8143096 555 4 5 3
55 8143096 555 7 3 202
56 8143096 555 1 8 7
57 8221801 556 10 0 11
58 8421380 569 4 2 52
59 8698491 602 8 6 12
60 8942788 612 4 6 1
61 9137408 616 8 5 11051
62 9693142 678 7 6 409
63 9830207 683 9 3 29
64 9840806 687 0 8 15
65 10232685 695 8 3 26
66 10417913 703 2 3 37
67 10474685 712 4 4 99
68 10484737 714 2 2 9758
69 10580282 718 6 0 1
70 10661918 729 1 6 6073
71 10776981 735 6 5 36
72 11100083 751 2 9 31
73 11148312 755 9 2 84
74 11315916 768 0 3 102
75 11391866 786 6 0 54
76 11439141 803 8 3 11335
77 11898401 823 2 10 1
78 11898401 823 10 5 599
79 12333499 864 6 7 2
80 12521786 886 10 1 11
81 12633297 894 0 2 11
82 12813735 907 2 5 23
83 12832259 909 9 0 5739
84 13187300 929 3 6 109
85 13187300 929 7 7 231
86 13187300 929 10 10 1
87 13313947 930 3 4 7804
88 13313947 930 5 4 2601
89 13428321 931 10 0 3169
90 13428321 931 6 10 225
91 13504003 932 1 1 779
92 13504003 932 5 6 69
93 13522163 937 4 6 76
94 13753213 941 8 3 1
95 13753213 941 8 1 96
96 13756221 943 6 0 1
97 13781171 948 8 4 5
98 14106529 973 2 3 1
99 14108549 974 2 10 4704
