11 81 100
0 453139 21 3 2 1009
1 865541 55 0 9 3923
2 874289 56 5 2 461
3 1000143 65 7 7 118
4 1437423 91 4 2 550
5 1717291 102 0 0 35
6 1717291 102 4 4 4
7 1717291 102 3 9 9
8 1821179 110 3 0 197
9 1946779 127 0 2 9547
10 2201264 146 4 8 333
11 2505731 160 6 7 1
12 2555843 162 10 6 14
13 2579439 165 1 5 110
14 2579439 165 4 4 14
15 2700479 179 8 7 57
16 2917801 203 7 5 4342
17 2982218 211 9 6 59
18 3033577 228 3 2 31
19 3085749 229 0 1 1
20 3085749 229 0 9 74
21 3484944 245 10 8 40
22 3706534 262 0 4 1
23 4040042 287 2 0 3
24 4040042 287 1 3 5
25 4570906 317 8 3 382
26 4679276 328 9 0 4
27 4699869 333 3 5 304
28 4732052 338 4 5 18
29 4765647 339 10 7 31
30 4975955 369 3 3 18
31 5082943 382 1 0 15
32 5457596 395 4 1 1
33 5457596 395 8 2 1
34 5685070 409 5 7 1
35 5685070 409 5 8 13
36 5764067 420 6 10 64
37 6102316 430 8 4 3
38 6102316 430 3 8 1
39 6275163 457 1 10 5
40 6395957 461 8 5 283
41 6661224 466 4 4 434
42 6848640 473 9 10 1
43 7193878 493 8 7 18
44 7403509 498 10 0 21
45 7556330 507 1 6 3
46 7556330 507 4 7 72
47 7603120 510 7 1 5
48 7809615 535 2 1 59
49 8143096 555 9 7 3
50 8507001 576 0 6 27
51 8611183 591 1 10 5
52 8612080 592 10 1 40
53 8698491 602 6 9 19
54 8753598 611 7 2 147
55 8942788 612 8 1 13
56 9137408 616 8 9 2
57 9287615 633 5 2 6
58 9443374 644 9 8 3635
59 9443374 644 7 6 1
60 9647553 671 6 5 270
61 9830207 683 7 8 11
62 9840806 687 0 8 15
63 9926866 690 4 5 4
64 9979325 692 6 1 96
65 10232685 695 0 4 1
66 10299003 700 9 4 4666
67 10722463 732 6 9 46
68 10722463 732 5 9 46
69 10940420 741 6 7 14
70 10940420 741 0 0 15797
71 10940420 741 7 4 33
72 10940420 741 7 7 2
73 10990052 749 4 9 1
74 11148312 755 9 0 195
75 11178896 757 8 1 38
76 11267457 766 1 4 16
77 11267457 766 2 4 48
78 11267457 766 10 3 1
79 11316768 770 1 5 68
80 11726435 822 4 6 8
81 11898401 823 3 10 1
82 12107412 845 10 7 4
83 12199754 861 3 4 112
84 12521786 886 2 0 14
85 12522864 887 6 4 158
86 12687981 896 1 10 33
87 12713987 899 6 6 12658
88 12728827 901 10 3 7420
89 12887468 916 0 3 49
90 12895052 918 0 1 124
91 13313947 930 9 6 172
92 13313947 930 8 7 10
93 13504003 932 8 4 43
94 13753213 941 4 2 10
95 13753213 941 9 1 288
96 13753213 941 7 0 16
97 13881186 965 9 8 9024
98 14028700 968 1 3 51
99 14106529 973 2 1 4
