11 78 100
0 20086 0 9 7 46
1 76661 3 10 1 14
2 76661 3 5 5 113
3 257362 17 0 7 2
4 302093 21 4 1 31
5 365222 31 1 6 46
6 453236 50 9 3 14
7 573461 51 2 0 10
8 647077 59 2 3 5
9 708226 70 4 8 43
10 820353 80 7 4 194
11 922297 84 7 0 7
12 958282 91 7 2 550
13 973763 94 5 5 756
14 1049429 99 7 4 28
15 1049429 99 7 1 40
16 1050925 100 7 2 57
17 1144860 102 4 10 21
18 1208293 108 3 0 226
19 1322609 134 8 9 76
20 1346658 136 8 7 14
21 1423494 137 7 10 1559
22 1762903 174 5 2 9
23 1821533 189 1 7 16203
24 1916304 198 9 0 5
25 2180650 233 3 4 11532
26 2180650 233 3 5 1
27 2324070 246 7 0 7
28 2337536 257 6 9 7792
29 2693361 287 5 5 70
30 2693361 287 2 7 12118
31 2693361 287 10 2 3
32 2809935 297 1 10 64
33 3047270 317 8 5 964
34 3212124 340 3 2 3
35 3265266 359 6 9 55
36 3289495 365 9 3 670
37 3351144 370 9 2 1
38 3400830 387 3 9 1
39 3638397 395 4 6 13
40 3692224 402 2 0 126
41 3790047 409 10 8 13
42 3790047 409 6 9 60
43 3873611 424 7 5 282
44 3998297 428 0 3 3
45 4068211 430 0 3 2
46 4068211 430 5 7 17
47 4068211 430 8 3 8
48 4096012 441 7 3 52
49 4263971 461 3 0 16
50 4263971 461 10 4 5
51 4263971 461 8 0 1
52 4482762 467 9 5 5
53 4712890 475 1 1 3
54 4712890 475 10 7 4
55 4712890 475 0 4 2
56 4712890 475 2 3 1
57 4712890 475 3 2 1
58 4712890 475 7 8 5
59 4712890 475 9 4 1
60 4728746 477 2 1 282
61 4728746 477 2 4 41
62 4745207 480 4 8 89
63 4786586 489 3 0 785
64 4935673 498 2 6 1
65 4935673 498 4 8 1028
66 4935673 498 7 7 29
67 4953331 503 1 1 6017
68 5151847 513 5 7 35
69 5614253 569 10 7 1
70 5615627 571 7 7 16
71 5820922 608 8 4 11
72 6295582 644 1 4 647
73 6299133 646 2 9 12
74 6304193 653 7 10 4838
75 6473737 681 8 4 1319
76 6553471 683 5 2 1527
77 6664182 693 8 0 109
78 6821790 695 4 8 1
79 6945275 703 2 0 74
80 7093208 725 2 3 90
81 7184654 735 9 2 1
82 7210185 739 10 4 84
83 7583029 780 3 5 4
84 7620927 798 4 0 65
85 7643052 806 3 0 10
86 8059203 842 1 0 94
87 8133169 861 3 8 8
88 8222332 864 3 4 5
89 8222332 864 4 6 26
90 8222332 864 7 6 4
91 8422198 894 7 10 33
92 8611220 920 2 8 655
93 8875965 930 10 3 15
94 9002668 932 8 4 43
95 9002668 932 9 0 2
96 9208480 954 6 9 78
97 9404353 973 0 5 2131
98 9425752 980 1 10 102
99 9428109 983 0 10 188
