11 78 100
0 76059 4 5 8 14
1 316906 33 8 7 56
2 373745 45 1 6 1063
3 491538 51 0 5 33
4 491538 51 7 7 5
5 554637 59 1 9 128
6 588762 69 5 1 15911
7 687583 75 7 5 115
8 687583 75 7 8 1
9 790540 84 10 10 2
10 981309 102 6 0 35
11 981309 102 6 3 5
12 995592 104 4 6 5599
13 1091736 126 3 0 39
14 1125731 132 6 7 7571
15 1431846 160 3 10 17
16 1559120 187 7 1 15
17 1642546 198 2 4 2
18 1642546 198 6 4 2
19 1878937 236 5 6 55
20 1900430 237 10 7 51
21 1984125 241 4 7 12
22 2038683 259 6 1 1783
23 2038683 259 1 10 622
24 2127941 263 6 10 1524
25 2183479 285 4 4 168
26 2308595 287 6 0 1
27 2308595 287 5 6 170
28 2308595 287 1 2 3
29 2510202 304 2 0 206
30 2528426 308 6 0 160
31 2753249 340 8 7 2998
32 2819567 365 9 3 670
33 2934910 388 7 5 19
34 3004774 390 8 1 2
35 3004774 390 2 6 114
36 3281243 413 2 0 144
37 3427112 428 2 9 5
38 3427112 428 6 1 668
39 3427112 428 5 0 1
40 3427112 428 7 1 110959
41 3487038 430 9 1 1051
42 3501762 435 0 6 24
43 3511185 442 6 1 1280
44 3608491 460 1 3 39
45 3660361 464 9 0 17
46 3806414 466 4 5 1
47 3862707 471 5 10 923
48 4039620 475 6 10 10
49 4067320 480 4 8 89
50 4230576 498 7 6 1
51 4240381 499 7 8 324
52 4430513 516 4 3 1
53 4524005 551 10 6 30
54 4653197 555 7 7 3
55 4653197 555 10 1 95
56 4721280 558 1 3 9246
57 4721280 558 1 5 72
58 4812217 569 3 0 26
59 4970566 602 8 9 57
60 5110164 612 5 7 2539
61 5270718 628 1 3 228
62 5324894 637 7 10 8
63 5512887 671 3 6 8
64 5617261 683 4 4 3833
65 5847249 695 4 0 21
66 5926372 702 3 3 1
67 5926372 702 0 6 22
68 5953093 703 9 1 49
69 5953093 703 2 9 325
70 6127121 732 0 1 103
71 6127121 732 5 9 46
72 6342904 751 10 8 1
73 6342904 751 7 7 3
74 6387940 757 8 1 38
75 6438547 766 4 4 32
76 6479500 775 9 3 95
77 6700820 822 8 1 1
78 6700820 822 6 10 1
79 6700820 822 9 2 3
80 6799086 823 5 7 751
81 6834924 828 6 0 60
82 6907888 842 1 2 12
83 6981098 863 2 9 264
84 7051393 867 7 3 60
85 7101056 882 9 2 223
86 7219027 894 7 2 5
87 7289703 903 1 2 22
88 7381980 921 8 1 88
89 7395920 924 6 6 3
90 7396281 925 1 0 92
91 7411201 926 7 6 104
92 7535600 929 4 3 3
93 7535600 929 8 0 25
94 7535600 929 4 6 54
95 7673326 931 1 9 2119
96 7673326 931 2 4 909
97 8013149 967 6 7 243
98 8064256 975 10 8 1
99 8121559 994 7 1 8
