11 86 100
0 40173 0 9 5 6
1 153323 3 5 1 14
2 604186 21 3 3 9711
3 848666 41 10 7 58
4 868286 44 1 8 59
5 1146922 51 8 0 21
6 1296939 60 6 6 322
7 1362618 66 0 2 233
8 1416452 70 4 8 43
9 1844595 84 7 6 1
10 2846988 137 4 8 4
11 2935019 146 3 8 333
12 2969178 150 2 2 69
13 3144252 154 7 7 642
14 3407790 162 3 0 1899
15 3439252 165 10 4 73
16 3450086 168 8 2 30
17 3525807 174 0 4 18
18 3832609 198 10 8 11
19 3832609 198 0 3 2
20 3890402 203 8 5 8684
21 3890402 203 7 8 150
22 3969180 210 4 3 1
23 3979221 214 0 7 47
24 4205062 231 8 6 2
25 4361300 233 5 4 5766
26 4629627 241 7 0 9
27 4639361 244 10 9 11740
28 4756928 259 10 3 623
29 5068310 282 8 4 326
30 5068310 282 8 9 41
31 5386722 287 2 3 5
32 5495558 291 10 3 211
33 5664062 298 1 2 37
34 5679012 302 2 8 113
35 5857139 304 2 1 7
36 6094541 317 6 2 565
37 6150967 324 3 10 24
38 6702288 370 3 8 3
39 6777258 382 4 0 30
40 6848124 388 7 4 84
41 7011140 390 4 7 3
42 7069256 392 5 0 19
43 7656233 413 9 10 29
44 7747222 424 7 6 113
45 7996594 428 4 10 38
46 8188904 440 5 10 4
47 8881632 466 7 5 1
48 9425780 475 10 3 4
49 9479885 479 3 9 2
50 10075107 507 2 2 28
51 10075107 507 4 7 72
52 10356359 525 2 7 173
53 10426471 539 9 1 15
54 10857461 555 10 7 7
55 10857461 555 3 9 4
56 10962401 556 9 5 3164
57 10986467 557 3 10 162
58 11016322 558 1 8 329
59 11113494 565 1 7 39
60 11256678 575 0 8 15
61 11671464 611 5 8 990
62 11923717 612 3 1 6
63 11923717 612 3 8 8
64 11923717 612 6 5 240
65 11923717 612 10 9 31
66 12264573 626 2 6 1690
67 12298343 628 1 5 389
68 12591165 644 2 8 1817
69 13106943 683 6 5 1
70 13305767 692 2 6 43
71 13643581 695 5 8 1
72 13728341 698 2 6 13
73 14107042 718 7 3 15
74 14162680 723 6 3 13
75 14369308 735 6 10 8
76 14587226 741 6 7 14
77 14587226 741 10 0 1634
78 14905194 757 5 5 578
79 15087889 768 0 9 352
80 15635247 822 9 5 26
81 15635247 822 5 1 1
82 15864535 823 8 8 2
83 15864535 823 10 7 751
84 15937204 825 0 1 19
85 15937204 825 6 0 115
86 16444665 864 5 8 113
87 16526212 874 2 3 32
88 16540933 875 4 7 9
89 16971769 901 5 2 30
90 17084980 907 2 2 1642
91 17583066 929 3 0 2
92 17583066 929 6 0 655
93 17583066 929 8 0 25
94 17751930 930 0 6 26
95 18005337 932 1 7 3
96 18337617 941 3 0 5
97 18808706 973 0 5 2131
98 18854849 982 3 10 41
99 18950306 994 10 0 3
