11 77 100
0 362511 21 3 6 41
1 438266 31 3 3 475
2 543883 50 9 0 44
3 688153 51 8 0 21
4 688153 51 9 6 5
5 817570 66 0 9 82
6 849962 71 8 0 65
7 871506 72 6 10 83
8 981968 79 3 3 38
9 1106757 84 10 0 7
10 1373832 102 0 7 3
11 1373832 102 10 1 3
12 1373832 102 7 4 16
13 1449952 108 0 6 7
14 1449952 108 6 4 68
15 1492278 117 0 2 132816
16 1557423 127 0 2 9547
17 1886551 154 7 9 11
18 1886551 154 8 4 10
19 1893168 157 4 4 87
20 2004585 160 0 9 9
21 2004585 160 2 3 2
22 2004585 160 1 7 1
23 2211562 195 5 3 168
24 2299565 198 0 1 4
25 2381508 210 3 3 1
26 2468599 229 2 4 52
27 2616780 233 4 0 7
28 2616780 233 10 5 4
29 3232033 287 5 10 7
30 3233119 288 8 10 108
31 3297335 291 3 0 6
32 3473075 303 8 9 204
33 3656724 317 5 2 565
34 3956452 366 9 2 11
35 3956452 366 9 5 2928
36 4206684 390 6 8 767
37 4206684 390 3 9 174
38 4241553 392 5 5 1283
39 4366077 395 5 7 3
40 4464038 407 2 5 310
41 4797956 428 4 2 1
42 4892085 434 2 2 37
43 4940207 450 10 4 617
44 5020130 457 10 0 8
45 5379314 467 9 0 3875
46 5379314 467 2 7 5
47 5478912 473 3 5 204
48 5922807 498 10 2 4
49 6182216 513 4 10 102
50 6182216 513 3 9 20
51 6278501 542 1 9 38
52 6294432 547 4 2 327
53 6298015 549 5 5 264
54 6310750 550 5 6 6
55 6514476 555 1 8 7
56 6514476 555 9 8 7
57 6591880 557 3 0 5258
58 6616410 560 10 2 45
59 6814728 578 3 9 11
60 6958793 602 6 7 74
61 7339880 625 9 0 34
62 7554699 644 4 6 1
63 7554699 644 1 6 1
64 7554699 644 2 7 92
65 7558959 646 2 9 12
66 7718043 671 6 2 6
67 7941492 690 4 8 300
68 8186148 695 10 6 2
69 8186148 695 3 0 21
70 8296921 702 3 3 1
71 8296921 702 4 10 74
72 8365879 710 3 3 119
73 8464225 718 2 10 21
74 8621585 735 6 0 70
75 8621585 735 9 1 6
76 8752336 741 6 1 989
77 8752336 741 1 9 119
78 9013965 766 8 5 13
79 9088176 778 9 9 21
80 9518721 823 1 1 969
81 9518721 823 9 10 1
82 9518721 823 2 2 12
83 9562322 825 4 4 187
84 9646276 837 8 9 19
85 9732578 858 10 2 1
86 9871950 867 2 3 81
87 9879081 870 8 10 22
88 10018291 887 6 4 158
89 10042436 893 8 3 795
90 10106638 894 4 2 5
91 10106638 894 3 9 35
92 10150385 896 3 0 1968
93 10171190 899 6 10 114
94 10280738 911 3 0 682
95 10742656 931 1 4 909
96 10803202 932 10 8 6
97 10803202 932 1 0 4
98 11003134 942 10 5 700
99 11218408 967 5 8 44
