11 79 100
0 114992 3 5 5 113
1 210197 9 7 7 39
2 295081 13 8 1 265
3 453139 21 3 4 45
4 651215 44 1 3 43
5 679854 50 10 4 2237
6 860191 51 9 10 1
7 860191 51 7 6 9
8 860191 51 2 6 1
9 1062339 70 8 8 21
10 1386220 87 5 7 210
11 1420847 89 7 1 10154
12 1437423 91 9 2 4953
13 1717291 102 5 6 1
14 1730966 103 0 5 6
15 1886347 118 7 5 16
16 2135241 137 10 4 896
17 2135241 137 3 0 8
18 2358189 154 3 4 10
19 2358189 154 8 4 10
20 2579439 165 7 4 29
21 2579439 165 3 3 93
22 2772256 197 1 1 1245
23 3085749 229 6 5 19
24 3270975 233 2 8 5
25 3472220 241 3 0 9
26 3472220 241 7 2 3905
27 3567696 259 0 8 2025
28 3821089 285 4 4 168
29 4121668 291 4 8 8
30 4404818 306 7 9 19562
31 4570906 317 1 4 32
32 4699869 333 3 5 304
33 4714146 335 1 1 17
34 4975955 369 2 0 17
35 5457596 395 10 4 1
36 5685070 409 2 10 15
37 5814311 425 10 3 34
38 5997446 428 7 1 110959
39 6395957 461 7 5 1
40 6661224 466 7 1 8
41 6661224 466 3 8 1
42 6777373 472 7 0 7
43 7069335 475 0 0 2
44 7069335 475 7 9 5
45 7403509 498 1 8 5658
46 7437205 504 3 10 30
47 7560793 508 1 8 38
48 7727771 513 0 3 5
49 7727771 513 4 7 11
50 8143096 555 5 8 7
51 8143096 555 3 7 3
52 8239850 557 3 0 5258
53 8262241 558 1 10 174
54 8318854 563 10 6 1067
55 8942788 612 10 4 133
56 8942788 612 1 2 897
57 8942788 612 4 3 1
58 9137408 616 0 7 200
59 9137408 616 6 1 2
60 9149543 618 2 8 38
61 9296127 634 7 4 53
62 9453689 650 0 10 58
63 9647553 671 2 9 68
64 10232685 695 7 6 2
65 10232685 695 2 2 793
66 10669248 731 2 10 8
67 10776981 735 6 1 62
68 10815278 739 10 1 78
69 11100083 751 10 2 15409
70 11120057 752 3 0 42
71 11148312 755 9 8 92
72 11267457 766 4 10 7
73 11360220 778 2 9 7
74 11726435 822 10 4 25
75 11726435 822 0 1 1
76 12023349 833 7 3 83
77 12181263 859 6 8 506
78 12335710 866 10 3 552
79 12405699 875 4 7 9
80 12426203 881 10 2 1685
81 12713987 899 6 8 4891
82 12880384 915 5 10 65
83 12942861 924 6 6 3
84 13187300 929 9 8 14
85 13187300 929 0 6 54
86 13187300 929 3 8 4
87 13187300 929 6 9 28
88 13313947 930 9 2 7
89 13428321 931 0 8 4
90 13753213 941 7 0 16
91 13753213 941 9 1 288
92 13756221 943 4 0 2
93 13872860 961 9 5 1719
94 14023011 967 5 0 9
95 14023011 967 5 5 7
96 14023011 967 5 7 486
97 14049582 971 1 8 30
98 14068013 972 10 5 263
99 14153219 987 9 9 42
