11 82 100
0 147540 13 6 10 99
1 266676 29 2 4 83
2 514901 68 3 4 3
3 609011 77 0 4 105
4 691723 84 4 8 3
5 730322 94 5 5 756
6 787072 99 7 2 19
7 858645 102 4 4 4
8 906220 108 8 4 17
9 952168 124 9 3 28
10 1009993 136 1 9 1
11 1067620 137 7 7 3
12 1073443 140 7 4 142
13 1113442 150 2 2 69
14 1179094 154 10 0 2
15 1179094 154 9 7 1284
16 1252865 160 9 1 1
17 1252865 160 4 10 11
18 1277921 162 8 0 1899
19 1293782 168 7 2 30
20 1322177 174 2 2 9
21 1370698 190 10 0 36
22 1472768 209 8 5 39
23 1574392 230 0 7 226
24 1635487 233 4 1 39
25 1635487 233 1 6 6
26 1736110 241 3 1 18
27 1739760 244 1 1 1
28 1742472 245 0 8 20
29 1853267 262 0 8 21
30 1853267 262 8 9 15
31 2020021 287 8 1 28
32 2060834 291 7 2 3435
33 2060834 291 0 2 3435
34 2124023 298 9 8 8519
35 2339638 328 8 9 2
36 2448457 358 0 8 24
37 2487977 369 1 9 476
38 2513358 370 7 3 10
39 2519387 377 9 8 86
40 2629177 390 8 10 1
41 2728798 395 3 3 21
42 2769168 402 2 8 69
43 2842535 409 10 9 30
44 2871087 413 9 3 3
45 2998723 428 5 1 6684
46 3197978 461 5 5 163
47 3330612 466 1 7 1
48 3424320 473 9 8 52
49 3534667 475 6 10 10
50 3534667 475 3 9 5
51 3534667 475 3 3 1
52 3534667 475 8 6 4
53 3558905 480 5 8 224
54 3701754 498 1 1 17
55 3701754 498 2 3 1
56 3863885 513 9 7 5
57 3863885 513 3 1 10
58 3881221 522 5 9 21
59 3891824 530 3 10 50
60 3907490 537 5 10 11
61 3924474 544 7 5 54
62 4071548 555 5 8 7
63 4210690 569 7 2 26
64 4291445 587 2 1 6
65 4349245 602 6 0 4869
66 4349245 602 6 4 453
67 4621465 631 9 5 232
68 4748501 668 5 5 82
69 4838802 675 2 9 21
70 4963433 690 0 5 4
71 5116342 695 4 4 1
72 5116342 695 5 7 8
73 5116342 695 7 2 793
74 5185575 702 0 0 2375
75 5290141 718 8 9 31
76 5291933 721 4 10 231
77 5361231 732 9 0 2
78 5388490 735 6 10 8
79 5470210 741 10 4 33
80 5470210 741 4 8 1
81 5550041 751 2 0 47
82 5550041 751 2 8 1
83 5574156 755 9 10 2193
84 5754647 819 7 3 21
85 5863217 822 10 0 1
86 5863217 822 2 1 1
87 6030805 839 8 3 4
88 6166749 864 9 5 15
89 6166749 864 4 5 15
90 6343990 896 3 0 1968
91 6347330 897 0 6 1763
92 6406867 907 2 10 6
93 6407413 908 1 0 165
94 6714160 931 8 0 1056
95 6714160 931 0 6 17
96 6876606 941 6 6 24
97 7011505 967 7 3 8
98 7034006 972 10 4 228
99 7081001 992 0 10 8980
