11 86 100
0 57496 3 5 2 11041
1 67579 5 9 8 2075
2 111518 10 5 1 870
3 268729 30 0 6 11
4 273916 31 1 6 46
5 485307 59 8 3 10
6 601635 75 3 8 1
7 601635 75 7 6 14
8 697089 88 9 6 10
9 723749 93 7 10 67
10 952168 124 9 3 28
11 1009993 136 1 6 153
12 1085248 143 0 0 349
13 1104819 148 2 10 21
14 1277921 162 6 3 191
15 1290401 166 10 4 13
16 1322177 174 5 6 24
17 1322177 174 1 2 9
18 1346947 177 0 10 393
19 1493480 216 6 5 29
20 1635487 233 1 2 4
21 1736110 241 7 1 6
22 1739760 244 1 1 1
23 1783848 259 2 1 1783
24 1853267 262 8 10 55
25 1861949 263 1 10 4572
26 2020021 287 10 0 1
27 2020021 287 0 6 24
28 2060834 291 0 2 3435
29 2170672 303 0 10 14
30 2196427 304 2 6 577
31 2289552 319 6 10 78
32 2339638 328 1 3 1
33 2409093 340 7 9 15
34 2538763 380 10 7 110
35 2550622 387 9 9 1
36 2728798 395 8 5 177
37 2769168 402 2 8 69
38 2842535 409 1 0 528
39 2871087 413 9 4 9414
40 2882630 421 5 9 27455
41 3051158 430 2 10 2
42 3083268 446 8 4 28
43 3137581 457 2 6 6
44 3330612 466 5 5 1
45 3370707 468 7 10 33231
46 3379869 471 1 10 923
47 3424320 473 8 5 68
48 3546559 477 2 3 89
49 3710333 499 7 9 100
50 3714461 502 2 6 191
51 3778165 507 2 10 89
52 3778165 507 6 8 26
53 3781067 509 2 1 115
54 3801560 510 7 1 5
55 3911919 541 4 3 230
56 4071548 555 9 5 1
57 4210690 569 9 0 26
58 4211736 572 8 0 9018
59 4471394 612 2 10 5
60 4471394 612 0 3 1
61 4471394 612 9 0 1427
62 4665320 638 2 7 203
63 4721687 644 0 9 136
64 4823776 671 2 0 3
65 4915103 683 8 0 57
66 4963433 690 8 1 1
67 4989662 692 6 4 38
68 5162408 701 9 2 76
69 5290141 718 6 3 15
70 5388490 735 9 9 40
71 5409323 740 2 2 25990
72 5470210 741 0 0 15797
73 5470210 741 6 7 14
74 5550041 751 1 0 23
75 5665889 773 10 10 34
76 5691061 782 8 4 1
77 5863217 822 2 9 1
78 5949200 823 9 3 13
79 5976451 825 1 1 19
80 6024310 834 8 10 1400
81 6260893 886 7 7 8
82 6269340 888 10 10 10210
83 6316648 894 7 2 5
84 6316648 894 4 7 10
85 6316648 894 6 7 54
86 6385418 905 1 8 95
87 6656973 930 1 9 71
88 6752001 932 6 3 3
89 6752001 932 9 10 23
90 6760849 936 0 4 58
91 6876606 941 7 0 16
92 6876606 941 8 0 5
93 6876606 941 4 8 1
94 7011505 967 5 1 1846
95 7011505 967 0 3 4
96 7024791 971 9 8 90
97 7053264 973 2 2 3
98 7053264 973 0 8 2624
99 7072076 985 5 10 2635
