11 80 100
0 57496 3 10 6 2558
1 147540 13 7 8 3
2 193021 17 7 4 12
3 231309 24 7 4 6073
4 273916 31 1 6 46
5 277293 33 8 7 56
6 291999 37 4 10 4
7 339927 50 1 3 14
8 430095 51 10 0 64
9 437144 56 5 6 86
10 440488 58 8 2 1566
11 544691 72 6 5 28
12 601635 75 0 9 1
13 692300 86 7 5 3487
14 871143 104 4 7 132
15 1009993 136 1 4 6084
16 1009993 136 1 5 496
17 1067620 137 9 8 4
18 1252865 160 0 10 5
19 1437228 198 1 2 2
20 1662876 237 10 9 11
21 1673235 239 10 1 9
22 1783848 259 5 5 85
23 2020021 287 5 9 1
24 2060834 291 9 3 211
25 2124023 298 1 5 75
26 2170672 303 0 10 14
27 2212373 308 6 0 160
28 2339638 328 0 8 44
29 2341303 329 4 7 6
30 2382823 339 0 3 215
31 2629177 390 10 3 596
32 2728798 395 5 7 3
33 2728798 395 5 5 177
34 2998723 428 0 4 1
35 3076280 443 6 3 83
36 3091482 452 1 10 36
37 3137581 457 4 5 32
38 3197978 461 5 6 122
39 3330612 466 2 10 2
40 3379869 471 1 10 923
41 3424320 473 6 2 15
42 3424320 473 5 3 14
43 3424320 473 10 8 52
44 3424320 473 7 9 2
45 3534667 475 0 6 1
46 3701754 498 4 9 1
47 3701754 498 9 5 175
48 3701754 498 1 10 13
49 3778165 507 9 2 5
50 3944219 550 5 6 6
51 3944219 550 7 6 6
52 3967011 554 10 7 2037
53 4071548 555 3 8 22
54 4071548 555 8 10 1
55 4110900 556 8 1 1
56 4167560 565 1 0 14
57 4210690 569 8 2 26
58 4262102 581 6 9 62
59 4298016 588 4 9 111
60 4471394 612 7 9 1
61 4568704 616 10 6 36
62 4612402 629 5 8 164
63 4643807 633 5 7 3
64 4721687 644 9 8 3635
65 4743242 666 4 3 2
66 4963433 690 8 1 1
67 4963433 690 4 4 863
68 4989662 692 7 3 3329
69 4999442 694 4 6 1358
70 5116342 695 5 2 793
71 5116342 695 9 3 4
72 5116342 695 2 9 1503
73 5148128 698 10 5 51
74 5185575 702 0 3 1
75 5290141 718 5 9 11729
76 5311005 723 6 9 23
77 5311005 723 3 6 66
78 5311005 723 3 2 3584
79 5361231 732 9 0 2
80 5470210 741 8 5 28
81 5598043 761 6 5 45
82 5863217 822 10 8 239
83 5949200 823 9 2 6
84 5949200 823 1 6 1980
85 5991905 830 0 1 24
86 6099877 861 3 8 8
87 6166749 864 1 8 226
88 6197329 874 2 5 668
89 6269340 888 10 6 3020
90 6437953 914 2 3 171
91 6593650 929 3 7 2
92 6593650 929 10 7 2
93 6593650 929 8 6 272
94 6593650 929 0 7 2
95 6714160 931 6 2 1607
96 6714160 931 3 5 4188
97 6876606 941 1 7 1
98 6876606 941 9 0 22
99 7011505 967 1 2 15
