11 83 100
0 57496 3 10 9 40
1 105098 9 1 10 7
2 226569 21 4 6 290
3 244653 27 2 0 1300
4 318249 41 10 1 3192
5 430095 51 2 5 8
6 430095 51 8 2 26
7 485307 59 2 6 19
8 544691 72 6 3 18
9 691723 84 7 2 154
10 787072 99 7 6 5
11 858645 102 10 10 21
12 858645 102 4 6 1
13 975994 131 1 3 226
14 1067620 137 3 4 99
15 1101292 147 6 2 182
16 1252865 160 7 6 19
17 1277921 162 10 6 14
18 1309982 172 7 8 29
19 1346947 177 3 2 1
20 1366149 189 1 7 16203
21 1437228 198 8 4 2
22 1437228 198 9 4 4
23 1635487 233 8 5 9
24 1736110 241 3 4 28
25 1783848 259 5 7 25
26 1853267 262 0 7 1
27 1853267 262 8 10 55
28 2060834 291 3 2 3435
29 2124023 298 1 7 60
30 2124023 298 9 6 844
31 2124023 298 9 0 21
32 2124023 298 9 1 12
33 2170672 303 8 0 1
34 2196427 304 2 2 74
35 2339638 328 10 5 297
36 2409093 340 7 9 15
37 2462374 362 1 2 1
38 2475609 367 6 10 6
39 2513358 370 4 8 3
40 2842535 409 5 2 7
41 2842535 409 2 1 542
42 2850303 412 7 1 86
43 2882033 420 9 10 64
44 2894020 422 4 2 5692
45 2998723 428 3 6 1
46 3051158 430 5 8 4
47 3051158 430 1 5 16
48 3330612 466 1 8 1
49 3362071 467 9 9 8
50 3424320 473 8 6 5
51 3424320 473 0 2 7
52 3534667 475 10 8 5
53 3701754 498 1 9 1
54 3718602 504 0 9 148
55 3863885 513 2 7 5
56 4071548 555 3 2 876
57 4071548 555 0 8 7
58 4071548 555 2 7 3
59 4119925 557 3 10 162
60 4210690 569 1 6 1
61 4253500 576 0 1 1
62 4305591 591 4 1 2
63 4471394 612 2 8 8
64 4568704 616 9 5 1227
65 4568704 616 9 2 1
66 4568704 616 1 2 1
67 4653577 635 5 3 16
68 4659282 637 2 10 16
69 4743599 667 2 7 77
70 4825510 672 8 2 85
71 4915103 683 8 8 5
72 4916365 685 1 4 41
73 5228674 710 3 9 22919
74 5290141 718 6 0 1
75 5470210 741 9 5 11
76 5484663 748 5 8 56
77 5550041 751 8 2 2628
78 5550041 751 2 8 1
79 5706603 797 3 10 18
80 6024310 834 7 9 2
81 6044402 842 1 7 25
82 6071662 856 3 4 30
83 6166749 864 5 9 35
84 6174425 870 8 10 22
85 6205218 877 10 6 24
86 6260893 886 1 7 1
87 6269340 888 10 5 109
88 6269340 888 10 3 87
89 6406867 907 2 4 4
90 6593650 929 9 8 14
91 6769096 939 9 9 59
92 6876606 941 8 0 5
93 6925926 959 10 2 32
94 6925926 959 10 6 11
95 6926613 960 7 1 1039
96 7011505 967 7 1 1476
97 7065624 979 6 1 290
98 7069346 981 1 6 406
99 7090681 993 4 3 13014
