11 79 100
0 114992 3 10 6 2558
1 583998 37 3 0 25
2 654930 46 5 10 186
3 860191 51 3 8 13
4 860191 51 8 2 26
5 970615 59 8 2 204
6 1029802 68 8 4 1
7 1062339 70 8 8 21
8 2358189 154 9 5 69
9 2358189 154 4 1 16
10 2505731 160 7 9 4
11 2505731 160 4 7 1
12 2555843 162 3 0 1899
13 2607661 170 3 6 163
14 2886727 202 3 8 120
15 3085749 229 0 3 28
16 3270975 233 3 7 1
17 3270975 233 6 10 47
18 3567696 259 8 5 600
19 3706534 262 0 7 1
20 3706534 262 2 4 9
21 4040042 287 3 5 2
22 4040042 287 8 10 7
23 4121668 291 1 9 1096
24 4679276 328 10 5 297
25 4818186 340 8 3 126
26 4882234 353 0 0 27082
27 4882997 354 2 5 5284
28 5077526 380 10 3 238
29 5457596 395 10 7 1
30 5580048 407 2 0 54
31 5685070 409 2 9 45
32 5685070 409 2 3 3
33 5685070 409 6 9 60
34 5751136 416 8 1 2
35 5765261 421 5 9 27455
36 5997446 428 2 7 1
37 5997446 428 4 5 822
38 6152560 443 6 1 15
39 6661224 466 5 5 1
40 6661224 466 0 6 12
41 6724143 467 6 7 5
42 6745614 469 6 3 3988
43 6848640 473 10 2 7
44 6848640 473 7 10 5
45 7069335 475 8 10 5
46 7403509 498 10 9 1
47 7727771 513 7 2 42
48 7917009 551 5 1 3
49 8507001 576 1 4 37
50 8507001 576 6 3 30
51 8579570 585 10 3 1425
52 8698491 602 6 1 81
53 8942788 612 8 10 5
54 8942788 612 5 7 2539
55 8942788 612 1 1 3
56 8942788 612 4 6 1
57 9137408 616 1 5 1227
58 9318565 637 4 10 24
59 9677604 675 2 7 2702
60 9693142 678 6 4 18
61 9710606 681 1 5 12
62 9830207 683 7 8 11
63 9830207 683 2 1 25
64 9830207 683 9 6 10
65 9865575 689 8 4 318
66 9979325 692 10 4 19
67 10232685 695 6 6 1
68 10417913 703 9 2 9404
69 10941943 742 7 10 31
70 11120057 752 8 9 5
71 11178896 757 5 1 77
72 11267457 766 1 5 13
73 11316255 769 5 3 363
74 11376370 781 0 3 77
75 11726435 822 0 6 4
76 11952903 825 6 1 171
77 12023349 833 7 3 83
78 12049587 835 3 1 125
79 12122151 846 5 9 17114
80 12165722 858 4 2 1
81 12394659 874 2 1 40
82 12687981 896 10 2 38
83 12813735 907 4 1 233
84 12850923 911 10 0 682
85 12912393 919 4 1 1
86 12942861 924 1 6 1
87 12973587 928 0 10 51
88 13187300 929 1 3 6
89 13187300 929 7 3 3
90 13313947 930 5 6 13
91 13428321 931 8 8 4
92 13753213 941 5 6 2
93 13814691 955 7 4 6343
94 14023011 967 6 9 2
95 14023011 967 7 10 40
96 14023011 967 1 0 9
97 14023011 967 0 9 2
98 14041916 970 4 4 50
99 14212729 994 0 1 28
