11 77 100
0 40173 0 9 5 6
1 153323 3 10 4 3213
2 280263 9 4 0 7
3 537049 18 1 3 19564
4 848666 41 10 7 58
5 848666 41 10 3 35
6 1146922 51 9 2 5
7 1146922 51 7 3 15
8 1294154 59 5 1 22
9 1294154 59 2 7 6
10 1362637 67 1 7 10
11 1604362 75 7 5 115
12 1929998 93 7 10 67
13 1947526 94 5 5 756
14 1987506 97 3 9 3687
15 2289721 102 8 10 21
16 2289721 102 2 0 70
17 2289721 102 8 6 31
18 2328502 106 4 9 39149
19 2487130 117 0 6 1374
20 3407790 162 2 1 2890
21 3477442 171 4 8 604
22 3525807 174 2 2 9
23 3591860 177 3 10 393
24 3890402 203 8 3 1767
25 4044769 228 3 2 31
26 4198378 230 3 0 48
27 4198378 230 8 4 78
28 4198378 230 0 0 2
29 4461961 239 7 1 18
30 4629627 241 7 10 1014
31 4965197 263 2 10 1524
32 5386722 287 10 0 1
33 5495558 291 8 6 409
34 5495558 291 8 0 6
35 5788459 303 9 0 1
36 6094541 317 9 0 4
37 6094541 317 4 5 964
38 6239035 328 3 0 1
39 6239035 328 8 3 2
40 6354196 339 1 5 856
41 6529221 358 1 8 49
42 6634606 369 10 9 168
43 6848124 388 0 2 35
44 6848124 388 0 9 4765
45 7011140 390 0 10 1
46 7011140 390 2 9 6824
47 7011140 390 0 9 349
48 7069256 392 4 4 427
49 7276795 395 3 7 1
50 8188904 440 0 0 29
51 9425780 475 9 7 9
52 9425780 475 2 10 51
53 9536022 487 5 8 1304
54 9871346 498 10 5 175
55 10075107 507 7 4 4287
56 10303694 513 9 10 2
57 10337864 516 7 3 1
58 10857461 555 9 0 1
59 10962401 556 10 7 15
60 11020397 559 1 0 608
61 11228506 569 1 8 8
62 11410042 582 4 2 114
63 11923717 612 6 8 17
64 11923717 612 0 9 1
65 12394837 634 7 5 82
66 13106943 683 8 8 5
67 13106943 683 7 8 11
68 13109517 684 9 2 1039
69 13235821 690 4 10 4
70 13305767 692 10 4 19
71 14107042 718 8 9 31
72 14587226 741 6 5 22
73 14800111 751 8 2 2628
74 14864416 755 9 7 346
75 14864416 755 9 1 352
76 15088340 769 5 3 363
77 15146960 778 6 9 7
78 15166058 780 0 2 6098
79 15353710 821 6 9 68
80 15635247 822 7 3 5
81 15980784 832 1 1 30673
82 16031133 833 7 1 62
83 16175754 852 3 9 48
84 16444665 864 1 9 35
85 16917308 896 8 9 10
86 17583066 929 2 9 4
87 17583066 929 4 10 1
88 17904428 931 8 8 4
89 17904428 931 5 1 10
90 18005337 932 10 2 1805
91 18005337 932 5 4 6
92 18005337 932 6 3 3
93 18015649 934 3 7 45
94 18337617 941 2 9 1305
95 18722555 970 8 4 16
96 18808706 973 0 1 24
97 18808706 973 2 8 1312
98 18808706 973 2 6 19
99 18823616 977 7 2 1705
