11 81 100
0 13391 0 9 10 942
1 51107 3 5 1 14
2 217469 27 2 0 1300
3 238870 30 2 6 11
4 259554 37 0 8 6
5 289428 44 1 10 3951
6 484170 72 6 0 6120
7 534787 75 0 8 1
8 614865 84 10 5 4
9 699619 99 9 7 12
10 763240 102 6 2 483
11 769318 103 8 5 6
12 813994 115 10 6 95
13 865235 127 0 7 4651
14 875572 133 5 1 154
15 954156 139 2 1 25
16 990790 151 3 9 3
17 1048084 154 8 4 10
18 1115892 161 10 8 1
19 1135930 162 3 1 1445
20 1176380 175 8 6 39
21 1228617 194 5 3 4
22 1332384 217 9 5 39
23 1335056 218 1 2 17074
24 1371444 229 2 8 118
25 1478112 237 4 4 4
26 1546453 244 1 1 1
27 1585642 259 7 1 2675
28 1647348 262 3 10 6
29 1795574 287 0 10 7
30 1795574 287 2 8 5
31 1795574 287 3 10 15
32 1795574 287 6 2 3
33 1795574 287 8 5 2
34 1795574 287 1 6 48
35 1867786 294 0 5 99583
36 1952379 304 3 4 11
37 1958918 307 8 4 476
38 2079678 328 2 0 3
39 2095176 335 1 0 231
40 2141416 340 3 1 3
41 2425598 395 8 2 1
42 2425598 395 3 5 177
43 2526698 409 8 9 15
44 2556812 418 6 5 259
45 2665531 428 5 1 6684
46 2665531 428 10 7 1
47 2665531 428 9 2 2
48 2665531 428 4 2 1
49 2712140 430 5 3 2
50 2717825 434 9 2 74
51 2842647 461 4 6 122
52 2960544 466 1 9 4
53 2960544 466 6 10 2
54 2999347 470 9 2 75
55 3043840 473 7 5 68
56 3290448 498 2 5 526
57 3358369 507 10 0 3
58 3358369 507 7 4 4287
59 3358369 507 2 2 28
60 3434564 513 9 3 5
61 3496906 547 4 0 5771
62 3680125 561 8 10 28
63 3687999 562 10 7 2
64 3865996 602 6 2 848
65 3974572 612 5 6 1
66 4061070 616 2 7 200
67 4127829 633 5 9 17
68 4220890 668 5 0 9853
69 4301157 675 2 9 21
70 4411940 690 4 10 4
71 4413101 691 8 2 24
72 4547860 695 0 10 3
73 4547860 695 6 7 1
74 4576113 698 2 6 13
75 4576113 698 2 1 3
76 4765539 732 4 6 4
77 4884467 749 4 4 130
78 4971863 759 10 3 11
79 5007758 766 1 6 172
80 5007758 766 4 4 32
81 5043206 777 10 6 150
82 5065514 787 2 4 78
83 5211749 822 5 2 3
84 5288178 823 2 10 1
85 5288178 823 10 6 7637
86 5481555 864 2 9 35
87 5488378 870 7 3 46
88 5639102 896 9 3 1586
89 5675927 905 3 8 95
90 5694993 907 2 0 36
91 5694993 907 4 8 14
92 5711521 911 2 0 682
93 5917310 930 3 5 22
94 6022403 940 0 3 11398
95 6022403 940 0 8 217
96 6156379 959 10 8 1670
97 6232449 967 0 9 2
98 6232449 967 4 4 14
99 6280554 979 6 8 3805
