11 83 100
0 20086 0 9 3 1560
1 88735 4 5 8 14
2 268524 18 1 0 61
3 647077 59 5 2 102
4 686889 69 5 1 15911
5 802181 75 1 6 163
6 964999 93 9 10 67
7 973763 94 1 5 756
8 1346658 136 8 6 21
9 1467509 146 6 4 5
10 2057166 229 0 9 74
11 2180650 233 5 4 5766
12 2180650 233 1 8 5
13 2314813 241 3 1 18
14 2471022 262 4 1 30
15 2693361 287 10 5 4
16 2894229 303 0 6 397
17 2928569 304 3 5 23
18 2949831 308 6 5 6089
19 3047270 317 1 2 3961
20 3075483 324 6 5 7
21 3119517 328 2 0 3
22 3132290 330 0 7 67
23 3153996 337 4 9 42
24 3264610 358 0 8 24
25 3317303 369 2 0 17
26 3505570 390 8 1 2
27 3505570 390 4 3 596
28 3692224 402 2 2 7
29 3694000 404 5 0 21
30 3998297 428 8 7 1
31 4068211 430 4 4 3
32 4089681 439 6 7 114
33 4094452 440 5 10 4
34 4183442 457 7 9 27
35 4183442 457 1 0 25
36 4183442 457 7 0 8
37 4440816 466 10 8 1
38 4440816 466 2 3 1801
39 4440816 466 10 1 2
40 4565760 473 8 5 68
41 4712890 475 10 7 4
42 4947415 500 3 0 227
43 5037553 507 9 7 72
44 5151847 513 9 10 2
45 5232084 542 1 2 138
46 5428730 555 3 9 4
47 5545902 563 10 1 192
48 5556747 565 1 10 1219
49 5557423 567 1 5 9237
50 5614253 569 3 9 2
51 5671334 576 10 5 2438
52 5740789 591 10 1 1
53 5835732 611 2 2 8
54 5961858 612 3 6 6
55 5961858 612 8 2 897
56 6091605 616 3 0 988
57 6091605 616 2 8 1
58 6112284 622 7 6 13081
59 6295582 644 4 7 834
60 6331335 668 5 1 200
61 6431702 671 2 1 476
62 6553471 683 2 4 1277
63 6553471 683 2 9 30
64 6553471 683 10 9 30
65 6821790 695 3 0 21
66 6821790 695 8 5 28
67 6821790 695 5 7 8
68 6864170 698 10 1 12
69 6864170 698 2 5 3
70 6883211 701 10 2 7
71 6914100 702 4 9 6
72 6948615 705 0 5 52
73 6995639 717 0 7 4
74 7091971 724 6 8 63
75 7148308 732 7 2 240
76 7148308 732 5 5 26
77 7452597 757 3 1 38
78 7564810 777 1 6 75
79 7620927 798 4 8 632
80 7643052 806 3 0 10
81 7817623 822 0 1 1
82 7932267 823 3 6 282
83 7989207 830 3 2 42
84 8015566 833 7 5 22
85 8032414 834 2 0 15
86 8133169 861 3 3 2378
87 8222332 864 5 7 1
88 8284135 881 2 2 561
89 8347857 886 10 1 11
90 8504653 903 1 9 9
91 8554839 909 9 10 26
92 8628574 924 10 6 1
93 8875965 930 1 0 2492
94 8952214 931 7 10 225
95 8952214 931 5 5 349
96 8952214 931 1 6 8
97 8952214 931 4 1 10
98 9025462 939 8 8 28526
99 9378675 972 10 3 94
