11 84 100
0 17217 0 9 3 1560
1 174347 16 4 4 11
2 264182 23 5 10 4218
3 388488 50 2 3 14
4 388488 50 7 10 526
5 554637 59 8 6 19
6 571510 65 7 7 118
7 790540 84 7 7 21
8 834654 94 10 5 756
9 1220138 137 10 7 3
10 1220138 137 5 2 21
11 1226772 139 2 1 25
12 1229915 142 3 3 77
13 1257865 146 10 4 11
14 1347536 154 10 5 139
15 1431846 160 1 2 210
16 1490092 170 3 1 57
17 1511060 174 6 10 9
18 1566513 190 8 0 72
19 1667315 203 7 10 2495
20 1763285 229 0 7 28
21 1799305 230 0 2 1
22 1802169 231 0 6 2
23 1984125 241 3 2 1952
24 1992060 246 7 0 7
25 2038683 259 8 0 89
26 2038683 259 5 3 1246
27 2118019 262 4 7 1
28 2118019 262 4 4 12
29 2510202 304 3 7 25
30 2510202 304 3 9 58
31 2619995 323 5 9 187
32 2723227 339 2 7 15
33 2753249 340 5 2 3
34 2843402 369 2 7 23
35 2872409 370 6 8 3
36 2934910 388 0 7 60
37 3118626 395 8 3 10
38 3164763 402 2 9 21
39 3248611 409 6 1 1627
40 3427112 428 4 2 1
41 3487038 430 0 7 17
42 3487038 430 1 3 4
43 3654832 461 1 6 122
44 3806414 466 10 4 217
45 3806414 466 2 1 5
46 3842367 467 9 9 8
47 4039620 475 7 1 10
48 4039620 475 0 3 1
49 4039620 475 8 6 4
50 4039620 475 5 8 2
51 4039620 475 3 0 1
52 4102788 489 2 0 1571
53 4230576 498 1 8 5658
54 4230576 498 2 3 1
55 4249831 504 10 9 1333
56 4415869 513 6 1 5
57 4415869 513 7 2 42
58 4450712 533 9 4 779
59 4462637 535 7 1 59
60 4465703 537 9 10 88
61 4468487 539 10 1 6
62 4753631 563 10 0 26
63 4762926 565 1 7 39
64 4812217 569 6 10 12
65 4861143 576 0 1 1
66 4890018 582 4 1 20340
67 5110164 612 4 2 448
68 5110164 612 2 10 5
69 5221376 616 10 8 6
70 5238992 621 10 8 18
71 5242771 625 9 0 34
72 5270718 628 1 0 118
73 5331795 638 2 7 203
74 5617261 683 9 7 548
75 5617261 683 0 9 15
76 5672494 690 0 4 863
77 5847249 695 1 8 1
78 5847249 695 3 6 1
79 5953093 703 9 4 57
80 5991278 714 10 4 1126
81 6045875 718 3 3 31
82 6127726 733 10 8 12
83 6158275 735 9 0 35
84 6251668 741 0 4 33
85 6342904 751 0 7 3
86 6354318 752 3 8 42
87 6799086 823 3 10 1
88 6847891 830 0 5 5
89 6884926 834 7 0 177
90 7155306 886 8 1 11
91 7250275 896 3 9 10
92 7273615 901 5 2 30
93 7355247 913 0 2 19
94 7395920 924 10 6 1
95 7535600 929 10 4 1756
96 7673326 931 0 6 17
97 7716573 932 5 0 2
98 7743090 940 0 7 99809
99 7860697 943 4 0 2
