11 79 100
0 131147 13 10 5 13
1 171575 17 3 8 6
2 237045 29 2 1 11
3 243481 31 1 6 46
4 259554 37 0 9 2107
5 382307 51 0 3 107
6 382307 51 9 10 1
7 534787 75 10 3 33
8 614865 84 7 7 21
9 638855 91 1 2 10456
10 662502 97 10 9 5530
11 699619 99 9 2 19
12 699619 99 9 1 40
13 699619 99 9 3 63
14 763240 102 2 0 70
15 1051480 156 2 8 23
16 1135930 162 3 1 1445
17 1158960 170 3 3 61
18 1197286 177 3 9 9
19 1282990 202 3 1 8
20 1323060 210 2 3 1
21 1332384 217 8 5 78
22 1399459 230 0 8 16
23 1543209 241 1 9 1226
24 1543209 241 6 5 1682
25 1543635 243 10 1 22
26 1585642 259 10 7 25
27 1689436 282 8 0 16296
28 1795574 287 4 0 1
29 1795574 287 1 2 3
30 1831852 291 10 3 211
31 1831852 291 8 2 34357
32 1929486 303 8 1 25
33 2031513 317 8 5 964
34 2079678 328 10 0 312
35 2102664 337 4 9 42
36 2141416 340 2 2 3
37 2192996 365 3 3 670
38 2256678 380 10 0 984
39 2337046 390 5 10 1
40 2337046 390 2 8 767
41 2425598 395 4 0 881
42 2526698 409 5 8 13
43 2526698 409 5 5 797
44 2586123 427 10 2 48
45 2665531 428 5 8 2
46 2734471 443 6 0 121
47 2743373 448 10 1 2
48 2842647 461 0 2 5
49 2842647 461 4 9 7
50 3043840 473 0 3 14
51 3141926 475 8 4 1
52 3141926 475 1 1 3
53 3159961 479 0 9 1
54 3173223 486 6 1 461
55 3434564 513 1 4 300
56 3505972 550 2 6 6
57 3619153 555 8 5 13
58 3662155 557 3 6 36
59 3878647 606 10 5 1333
60 3974572 612 2 8 8
61 4061070 616 2 0 1483
62 4061070 616 1 9 5
63 4061070 616 6 6 108
64 4061070 616 0 10 12823
65 4061070 616 9 3 20
66 4127829 633 5 6 85
67 4197055 644 7 3 21
68 4203442 655 8 3 82
69 4213222 662 4 4 2
70 4411940 690 0 3 90
71 4411940 690 0 5 4
72 4442788 693 8 2 61
73 4547860 695 3 3 4
74 4547860 695 4 0 21
75 4630183 703 2 7 1370
76 4630183 703 2 2 4702
77 4765539 732 0 0 3
78 4766009 733 10 8 12
79 4862408 741 5 6 5
80 4862408 741 8 2 3
81 4933370 751 9 4 27
82 4954805 755 9 0 195
83 5211749 822 8 3 13
84 5211749 822 10 5 78
85 5288178 823 1 4 3553
86 5312401 825 6 5 16
87 5326543 831 1 10 1198
88 5354942 834 7 0 177
89 5413895 859 6 2 342
90 5413895 859 6 8 506
91 5481555 864 4 6 26
92 5515749 877 10 6 24
93 5657256 901 6 2 30
94 5657355 902 5 10 39173
95 5917310 930 10 3 15
96 5968142 931 8 0 1056
97 6022403 940 0 2 131
98 6022403 940 0 9 5
99 6232449 967 7 5 7
