11 75 100
0 171575 17 1 2 526
1 217869 28 0 8 53
2 237045 29 2 4 83
3 259554 37 3 0 25
4 302157 50 10 4 2237
5 382307 51 2 4 15
6 614865 84 6 5 4
7 763240 102 9 4 16
8 763240 102 8 2 967
9 805529 108 4 6 7
10 1048084 154 5 7 642
11 1113658 160 3 10 17
12 1135930 162 8 0 1899
13 1282990 202 3 9 290
14 1323060 210 5 3 7
15 1337622 222 7 7 112
16 1371444 229 6 0 10
17 1371444 229 0 4 17
18 1453766 233 9 1 8
19 1543209 241 9 10 1014
20 1546453 244 2 1 1
21 1585642 259 6 0 14
22 1585642 259 5 7 25
23 1647348 262 2 0 9
24 1698261 285 4 3 17
25 1831852 291 0 8 26
26 1891850 301 1 6 4864
27 1929486 303 10 6 397
28 2031513 317 1 4 32
29 2050322 324 9 9 47
30 2056623 327 3 3 686
31 2079678 328 2 9 2
32 2079678 328 2 5 297
33 2141416 340 6 9 153
34 2257937 381 9 6 9029
35 2337046 390 9 8 2301
36 2425598 395 1 1 24
37 2526698 409 6 6 1
38 2526698 409 6 2 3
39 2552077 413 2 4 4707
40 2665531 428 3 4 28
41 2665531 428 2 4 1
42 2665531 428 7 3 3
43 2712140 430 2 0 2
44 2712140 430 8 8 1
45 2734471 443 6 3 83
46 2740245 445 8 0 52
47 3141926 475 0 8 7
48 3141926 475 3 1 3
49 3141926 475 8 9 5
50 3290448 498 3 3 1
51 3290448 498 6 2 9
52 3290448 498 0 3 1
53 3358369 507 5 6 3
54 3475490 539 9 1 15
55 3619153 555 4 6 47
56 3619153 555 1 4 4978
57 3742835 569 1 0 52
58 3752226 575 6 8 15
59 3811940 583 6 1 2272
60 3820603 589 4 5 342
61 3974572 612 5 2 448
62 3974572 612 10 10 15
63 3981849 614 6 5 252
64 4061070 616 7 5 3683
65 4197055 644 7 6 1
66 4201639 650 10 10 29
67 4301157 675 2 9 21
68 4411940 690 4 9 17
69 4411940 690 4 6 73
70 4547860 695 1 5 7
71 4547860 695 2 1 3
72 4609400 702 4 6 22
73 4702347 718 7 5 3430
74 4741888 731 3 10 2
75 4765539 732 5 0 4
76 4806790 739 10 10 132
77 5055352 780 2 5 4
78 5055352 780 3 5 4
79 5084062 803 8 3 11335
80 5211749 822 2 4 5
81 5359042 837 6 9 79
82 5481555 864 10 8 113
83 5614798 894 4 2 5
84 5694993 907 2 2 1642
85 5738841 919 1 1 1
86 5861022 929 2 6 218
87 5861022 929 7 5 4774
88 5861022 929 8 1 1
89 5861022 929 6 9 28
90 5917310 930 1 10 683
91 5917310 930 7 7 73
92 5917310 930 8 7 10
93 5917310 930 3 7 10
94 5968142 931 6 10 225
95 6001779 932 8 0 2
96 6001779 932 0 4 6
97 6232449 967 7 9 4
98 6232449 967 5 0 9
99 6294007 990 4 1 2
