11 71 100
0 229985 3 5 8 197
1 420395 9 1 9 7
2 420395 9 4 6 70
3 590162 13 7 8 3
4 772087 17 9 8 1
5 772087 17 3 7 19
6 772087 17 5 4 12
7 2000287 65 7 7 118
8 2060668 69 5 1 15911
9 2772440 87 5 7 210
10 2841694 89 7 10 53
11 2981259 97 0 9 1843
12 3434582 102 4 5 14
13 3627003 109 6 0 101
14 3695097 116 2 2 161
15 4716379 154 2 7 642
16 4716379 154 8 0 6
17 4716379 154 10 10 1
18 5011463 160 2 5 5
19 5158878 165 5 5 110
20 5748914 198 10 0 5
21 6041396 223 3 9 2
22 6651505 237 4 1 55
23 6694602 240 1 6 190
24 6944440 241 4 0 9
25 6944440 241 4 6 1
26 7413068 262 8 2 6
27 7537296 271 2 7 8
28 8080084 287 0 5 17
29 8243337 291 2 2 6871
30 8392985 292 10 9 529
31 8392985 292 7 0 6
32 8392985 292 0 0 6
33 8785709 304 3 0 17
34 9141812 317 2 0 4
35 9141812 317 0 10 55
36 9461988 337 4 4 1536
37 9951910 369 1 8 28
38 10516710 390 10 5 13
39 10603884 392 1 4 854
40 11370141 409 5 3 3
41 11370141 409 6 6 1
42 11508449 419 6 1 60
43 11994892 428 0 10 4
44 11994892 428 4 9 3
45 11994892 428 9 2 2
46 11994892 428 0 6 1
47 11994892 428 6 9 1
48 12204633 430 1 3 4
49 12204633 430 5 8 4
50 12550326 457 4 4 1
51 13322449 466 6 6 16
52 14138670 475 1 0 6
53 14807019 498 1 3 1
54 15455542 513 9 3 5
55 15455542 513 5 7 35
56 15737711 548 5 7 298
57 16286192 555 2 9 2
58 16286192 555 7 0 1
59 17885576 612 3 8 8
60 18637131 637 6 10 40
61 18662557 639 2 3 55
62 18886748 644 1 4 647
63 18886748 644 10 1 6
64 18886748 644 2 7 92
65 18959486 661 4 0 26
66 18994006 668 5 10 160
67 19295107 671 9 8 34
68 19302042 672 10 5 10
69 20465371 695 10 9 214
70 20465371 695 6 7 1
71 20465371 695 3 4 1
72 21553962 735 6 1 62
73 22357792 757 8 5 578
74 22631833 768 0 4 59
75 22794817 787 7 4 3
76 22929156 806 3 0 10
77 23452871 822 3 8 239
78 23452871 822 4 9 1
79 23796803 823 9 2 6
80 24046699 833 7 7 1338
81 24399508 861 3 3 2378
82 25043572 886 8 9 751
83 25375963 896 2 0 1968
84 26374600 929 6 5 227
85 26374600 929 10 5 227
86 26627895 930 0 8 309
87 26627895 930 1 10 683
88 27100817 940 0 1 55
89 27506426 941 10 1 288
90 27506426 941 10 10 36
91 27506426 941 2 0 5
92 27506426 941 5 7 1
93 27506426 941 0 3 1
94 27745720 961 2 5 687
95 27745720 961 3 5 343
96 28213059 973 2 8 1312
97 28324004 992 0 10 8980
98 28425459 994 1 0 3
99 28489762 999 8 2 26
