11 83 100
0 168158 9 7 0 7
1 236064 13 8 1 265
2 308835 17 0 9 5269
3 362511 21 3 0 51960
4 362511 21 3 7 129
5 467198 37 4 10 4
6 688153 51 2 4 15
7 823842 68 5 4 1
8 962617 75 1 10 3
9 1106757 84 2 2 231
10 1106757 84 7 8 1
11 1259315 99 0 3 63
12 1465189 115 3 6 95
13 1478038 116 2 0 61
14 1886551 154 3 4 10
15 2004585 160 8 6 5
16 2004585 160 6 5 11
17 2063551 165 3 3 93
18 2155116 177 0 6 344
19 2616780 233 9 5 1
20 2630511 236 9 6 55
21 2777776 241 3 8 1
22 2854156 259 6 3 623
23 2965227 262 4 3 3
24 3232033 287 3 10 15
25 3232033 287 0 2 6
26 3232033 287 3 1 3
27 3297335 291 0 7 111
28 3558103 311 9 4 3
29 3743421 328 3 0 1
30 3812517 339 1 5 856
31 3917532 358 1 4 2379
32 3946128 363 8 4 62
33 3956452 366 0 5 1952
34 4366077 395 0 9 2555
35 4366077 395 3 0 440
36 4548056 409 5 1 542
37 4797956 428 9 3 3
38 4797956 428 9 9 1
39 4797956 428 2 2 1
40 4797956 428 4 3 3
41 4927655 444 7 0 19
42 5020130 457 6 5 32
43 5116766 461 5 6 122
44 5116766 461 8 0 1
45 5328979 466 0 8 1
46 5407791 471 7 10 923
47 5655468 475 10 9 10
48 5655468 475 4 4 1
49 5687931 479 1 9 1
50 5687931 479 6 9 1
51 5700128 483 10 10 8
52 5753390 492 8 7 3095
53 5922807 498 1 4 50
54 5936898 500 3 0 227
55 6202910 517 3 10 33396
56 6514476 555 3 4 829
57 6591880 557 3 9 238
58 6624225 561 7 10 28
59 6638398 562 10 1 15233
60 6981566 606 10 4 1308
61 7154230 612 0 4 26
62 7154230 612 9 3 1
63 7154230 612 2 2 448
64 7379006 628 1 1 107
65 7445723 635 5 2 135
66 7718043 671 10 5 30
67 7768485 681 0 4 2639
68 7941492 690 0 1 12
69 7997019 693 8 6 75
70 8186148 695 10 0 21
71 8186148 695 0 1 3
72 8334330 703 2 10 81
73 8387790 714 5 4 563
74 8464225 718 3 3 31
75 8880066 751 0 2 119
76 8956869 761 2 5 45
77 9117926 787 6 4 33
78 9381148 822 3 10 9
79 9587048 830 1 2 42
80 9646276 837 8 9 19
81 9866799 864 10 7 1
82 10106638 894 0 2 11
83 10106638 894 9 8 1
84 10354289 924 0 6 1
85 10377127 927 7 0 85
86 10549840 929 9 4 878
87 10803202 932 10 8 6
88 10817730 937 4 6 76
89 10840326 940 0 2 131
90 11002570 941 8 1 96
91 11002570 941 8 3 1
92 11051843 956 4 1 1266
93 11081482 959 10 4 73
94 11104949 965 10 8 564
95 11218408 967 4 5 7
96 11292066 976 3 10 11971
97 11315321 985 5 10 2635
98 11329340 991 9 10 233
99 11370183 994 5 4 38
