11 78 100
0 131147 13 7 10 99
1 131147 13 7 8 3
2 131147 13 10 4 340
3 209292 25 4 0 1977
4 431384 59 5 8 15
5 534787 75 8 0 63
6 763240 102 4 6 1
7 838493 119 5 8 2988
8 846624 125 0 2 16
9 897772 136 8 7 14
10 990790 151 5 9 3
11 1048084 154 8 8 21
12 1197286 177 0 1 12993
13 1277536 198 10 6 111
14 1299562 205 3 2 11780
15 1453766 233 8 0 7
16 1543209 241 9 6 1
17 1647348 262 4 1 30
18 1647348 262 2 0 9
19 1647348 262 8 10 55
20 1668360 269 4 8 138
21 1795574 287 10 9 1
22 1795574 287 4 5 2
23 1831852 291 7 2 3435
24 2031513 317 3 4 10
25 2079678 328 2 9 2
26 2095281 336 9 4 663
27 2102664 337 4 7 86
28 2141416 340 9 4 1
29 2151696 345 7 3 13
30 2267220 387 0 9 1
31 2337046 390 10 8 767
32 2461483 402 2 8 69
33 2526698 409 1 2 11
34 2665531 428 4 7 1
35 2712140 430 3 6 190
36 2842647 461 8 0 1
37 2960544 466 5 8 1
38 2960544 466 9 7 1
39 2988508 467 4 0 1291
40 2998050 469 6 1 4673
41 3043840 473 7 3 14
42 3191057 489 8 10 15052
43 3191057 489 9 9 62
44 3290448 498 1 5 175
45 3290448 498 10 9 1
46 3298074 499 7 2 121
47 3305424 504 6 9 296
48 3358369 507 0 10 4631
49 3358369 507 3 0 15
50 3434564 513 10 9 20
51 3452119 525 2 7 173
52 3619153 555 10 3 607
53 3619153 555 0 9 2
54 3654133 556 3 10 335
55 3654133 556 0 4 4
56 3697268 563 10 1 192
57 3974572 612 4 8 17
58 3981849 614 6 5 252
59 4074772 621 10 8 18
60 4088191 626 2 5 2333
61 4131612 634 7 7 20
62 4301157 675 2 8 300
63 4301157 675 2 0 55
64 4315825 681 7 5 12
65 4384700 689 6 4 636
66 4547860 695 0 0 42
67 4547860 695 5 4 1
68 4547860 695 10 9 214
69 4588807 701 8 9 1
70 4609400 702 3 0 1187
71 4703867 720 10 8 8567
72 4720893 723 3 8 7
73 4727980 724 6 2 205
74 4862408 741 2 2 3
75 5080618 798 4 10 193
76 5211749 822 4 0 3
77 5211749 822 8 9 9
78 5211749 822 9 8 239
79 5211749 822 5 8 479
80 5211749 822 10 2 3
81 5288178 823 1 3 13
82 5405548 857 9 10 21849
83 5406987 858 4 2 1
84 5422112 861 3 8 8
85 5481555 864 3 10 172
86 5565238 886 3 8 20
87 5650661 899 6 10 114
88 5675927 905 6 8 95
89 5703226 909 9 3 21
90 5968142 931 5 9 4239
91 6001779 932 1 10 23
92 6001779 932 6 7 3
93 6112539 941 7 7 2
94 6112539 941 2 9 1305
95 6112539 941 6 9 2610
96 6112539 941 5 9 2610
97 6165715 961 7 5 2407
98 6244258 971 0 8 30
99 6283835 980 2 10 102
