11 80 100
0 257362 17 2 2 8942
1 302093 21 4 8 86
2 365222 31 3 3 475
3 453236 50 2 3 14
4 573461 51 3 0 10
5 573461 51 3 2 5
6 726255 72 6 1 5
7 802181 75 8 0 63
8 958282 91 3 2 550
9 1144860 102 10 3 5
10 1257564 118 10 5 16
11 1423494 137 2 8 4
12 1764571 175 8 6 39
13 1808767 184 1 6 21
14 2329541 251 2 5 87
15 2471022 262 0 3 1
16 2534155 282 8 4 326
17 2693361 287 1 4 10
18 2747779 291 3 3 844
19 2747779 291 10 1 2688
20 2797661 292 1 10 2
21 2832031 298 9 7 60
22 2894229 303 3 7 1
23 2935197 305 7 7 38
24 3142764 335 1 7 96
25 3254822 353 0 10 3133
26 3300812 367 6 3 60
27 3351144 370 4 9 46
28 3385017 380 10 2 57
29 3505570 390 6 7 6
30 3638397 395 3 0 440
31 3790047 409 6 4 2
32 3998297 428 4 2 1
33 3998297 428 6 3 3
34 4068211 430 9 1 1051
35 4183442 457 5 4 1
36 4199143 459 0 5 651
37 4440816 466 10 3 1801
38 4440816 466 7 9 12
39 4565760 473 5 3 14
40 4712890 475 0 2 1
41 4768011 487 5 5 33572
42 4786586 489 0 4 48
43 4935673 498 7 6 1
44 4935673 498 5 3 1
45 4935673 498 6 10 13
46 5068746 510 6 4 1991
47 5176214 524 1 8 1009
48 5248346 549 5 5 264
49 5278006 551 2 9 4879
50 5428730 555 6 10 1
51 5428730 555 1 2 876
52 5481200 556 5 8 109
53 5481200 556 0 5 3164
54 5614253 569 2 6 1
55 5961858 612 7 0 71
56 5961858 612 4 2 448
57 5972462 613 3 10 14831
58 6091605 616 2 10 854
59 6091605 616 9 8 1
60 6295582 644 7 3 21
61 6305164 655 8 3 82
62 6431702 671 7 6 8
63 6431702 671 3 0 3
64 6553471 683 7 2 1527
65 6617910 690 8 0 3850
66 6617910 690 0 2 81
67 6821790 695 10 5 7
68 7053521 718 6 3 15
69 7091971 724 6 1 111
70 7184654 735 9 1 6
71 7293613 741 3 5 17
72 7400055 751 4 8 5
73 7400055 751 9 4 27
74 7511638 766 6 10 15
75 7511638 766 2 7 7
76 7620927 798 4 8 632
77 7650374 812 1 5 1916
78 7817623 822 6 1 1
79 7817623 822 5 4 1
80 7932267 823 9 6 1414
81 7989207 830 2 2 63
82 8222332 864 5 8 113
83 8222332 864 3 4 5
84 8222332 864 4 8 113
85 8222332 864 9 6 8
86 8232567 870 3 3 6
87 8243121 871 10 8 8344
88 8554839 909 9 4 1528
89 8791533 929 1 5 227
90 8791533 929 7 10 1
91 8875965 930 8 8 309
92 9002668 932 7 2 3611
93 9002668 932 0 3 59
94 9168808 941 7 0 16
95 9170814 943 6 0 1
96 9208307 953 1 3 14
97 9411808 977 2 2 5970
98 9441011 990 4 1 2
99 9475153 994 1 0 3
