11 78 100
0 220596 17 7 8 1
1 220596 17 10 7 2
2 258936 21 4 3 9711
3 269090 25 3 0 5933
4 554637 59 1 3 5
5 583979 66 0 1 84
6 583979 66 0 5 116
7 790540 84 7 7 21
8 834654 94 4 5 1513
9 851788 97 3 9 3687
10 1036286 109 3 0 33
11 1077912 118 9 7 55
12 1133665 134 8 9 76
13 1220138 137 5 2 21
14 1347536 154 7 9 11
15 1347536 154 10 0 2
16 1431846 160 9 10 57
17 1431846 160 1 3 2
18 1431846 160 3 10 17
19 1726113 223 3 2 68
20 1805015 232 6 5 18
21 1869128 233 10 5 4
22 1869128 233 5 5 4
23 1869128 233 9 6 6
24 1984125 241 9 1 6
25 2038683 259 1 0 14
26 2118019 262 3 7 1
27 2127941 263 10 10 1524
28 2161968 281 1 7 651
29 2183479 285 4 1 297
30 2789848 353 0 9 9
31 2936981 389 6 2 16284
32 3029681 392 1 5 5135
33 3118626 395 7 2 1
34 3164763 402 2 0 126
35 3164763 402 9 9 42
36 3188599 407 2 5 310
37 3248611 409 2 6 1
38 3248611 409 2 10 15
39 3288128 419 10 1 7
40 3293752 420 5 8 36
41 3427112 428 0 7 1
42 3427112 428 9 5 822
43 3654832 461 8 10 1
44 3913509 473 2 9 4
45 4039620 475 5 5 15
46 4039620 475 7 6 37
47 4039620 475 3 7 4
48 4230576 498 4 4 100
49 4230576 498 9 1 319
50 4317903 507 0 4 1429
51 4317903 507 9 2 5
52 4345225 511 8 2 14390
53 4415869 513 5 2 6
54 4653197 555 0 8 7
55 4698172 556 0 8 655
56 4721280 558 1 3 9246
57 4741713 562 10 2 37
58 4812217 569 0 10 6
59 5332321 640 1 0 113
60 5396213 644 4 4 647
61 5396213 644 3 0 8
62 5396213 644 8 9 27
63 5396213 644 7 6 1
64 5419094 665 8 8 45
65 5530059 675 2 7 2702
66 5712156 693 8 1 66
67 5847249 695 1 4 1
68 5848816 696 4 9 362
69 5926372 702 0 1 25
70 6158275 735 6 3 8
71 6251668 741 1 4 3198
72 6265289 744 5 0 8
73 6266877 747 8 5 26
74 6342904 751 8 6 55
75 6397763 761 5 5 45
76 6532223 798 4 8 632
77 6700820 822 9 2 3
78 6799086 823 5 3 6
79 6830230 825 4 9 18
80 6884926 834 1 5 908
81 6884926 834 8 10 1400
82 6907888 842 1 4 6007
83 6926943 846 5 9 17114
84 7047713 864 9 6 8
85 7047713 864 5 7 1
86 7053073 868 10 6 201
87 7056486 870 3 3 6
88 7343384 911 3 0 682
89 7535600 929 10 7 2
90 7535600 929 3 2 21
91 7607970 930 6 10 1367
92 7716573 932 6 8 20
93 7736110 939 8 8 28526
94 7858979 941 1 9 2610
95 7858979 941 6 5 388
96 8013149 967 5 5 7
97 8013149 967 4 6 6161
98 8038865 972 10 4 228
99 8092295 990 4 1 2
