11 76 100
0 514725 17 6 2 526
1 730444 31 1 6 46
2 868286 44 1 6 217
3 906472 50 2 0 44
4 906472 50 10 0 44
5 1294154 59 1 3 5
6 1844595 84 7 0 7
7 1894463 89 7 10 53
8 2104461 101 10 8 35
9 2307955 103 9 5 13
10 2515481 119 5 8 2988
11 2595705 127 0 3 27
12 3144252 154 3 2 249
13 3600639 179 8 7 57
14 3848970 202 3 5 21864
15 3969180 210 1 3 1
16 3976291 211 9 6 59
17 4434337 237 10 7 51
18 4629627 241 1 9 1226
19 4942045 262 8 5 8
20 5005080 269 4 9 210
21 5005080 269 4 10 438
22 5386722 287 6 5 4
23 5386722 287 9 1 53
24 5386722 287 4 2 6
25 5386722 287 10 9 1
26 5495558 291 7 0 3
27 5495558 291 2 0 8
28 5495558 291 10 0 1
29 5595323 292 1 10 2
30 5664062 298 9 2 37
31 5664062 298 9 6 844
32 5664062 298 9 4 483
33 5788459 303 0 0 3
34 6354196 339 1 5 856
35 6702288 370 3 2 1
36 7011140 390 8 8 767
37 7384449 402 9 2 1
38 7580094 409 8 5 797
39 7580094 409 10 6 11
40 7718262 423 3 1 4754
41 7747222 424 7 9 6021
42 7747222 424 7 2 215
43 7996594 428 2 5 822
44 8136422 430 3 6 190
45 8178387 438 8 4 10191
46 8203413 443 6 10 95
47 8233679 450 9 4 2471
48 8527943 461 3 6 614
49 8881632 466 2 10 2
50 8881632 466 3 9 4
51 8881632 466 4 4 434
52 8965524 467 6 0 430
53 8965524 467 2 3 1
54 9425780 475 4 4 1
55 9425780 475 7 7 9
56 9425780 475 10 2 3
57 9871346 498 0 6 1
58 10384994 533 4 4 779
59 10857461 555 6 6 23
60 11342668 576 6 3 30
61 11357880 578 3 0 66
62 11410042 582 4 9 88
63 11635943 606 10 0 183
64 11923717 612 9 1 13
65 12183210 616 0 6 72
66 12409539 635 5 0 102
67 12409539 635 5 9 102
68 12591165 644 4 3 21
69 12639657 661 6 0 13
70 13106943 683 9 4 638
71 13106943 683 0 7 3841
72 13328365 693 8 8 33
73 14296617 732 6 9 46
74 14369308 735 6 4 76
75 14587226 741 3 6 2
76 14800111 751 1 6 167
77 14800111 751 4 4 54
78 15294020 807 3 10 55
79 15635247 822 2 1 1
80 15635247 822 2 9 1
81 15864535 823 1 6 1980
82 16123217 843 9 3 39
83 16164579 847 6 6 38995
84 16718242 888 10 1 119
85 16844396 894 0 5 1
86 16844396 894 2 4 56
87 16917308 896 10 2 38
88 17193402 918 0 1 124
89 17583066 929 8 9 4
90 17904428 931 2 2 1607
91 18022647 935 6 1 1573
92 18067211 940 0 2 131
93 18337617 941 2 4 1
94 18337617 941 2 0 5
95 18337617 941 8 4 11
96 18337617 941 4 0 22
97 18407242 950 9 8 7
98 18497147 961 2 5 687
99 18697348 967 6 0 19
