11 83 100
0 93421 9 7 4 2
1 179016 18 1 2 19
2 259554 37 6 0 25
3 267850 38 7 5 110
4 289428 44 1 2 89
5 382307 51 10 7 5
6 454206 66 0 4 60
7 486081 74 7 7 25
8 486081 74 10 7 17
9 649175 94 4 5 1513
10 662502 97 0 9 1843
11 699619 99 9 4 28
12 763240 102 6 8 14609
13 964665 143 0 8 4
14 1048084 154 7 0 21
15 1135930 162 7 3 382
16 1135930 162 2 10 75
17 1175269 174 7 7 14
18 1200964 181 9 0 206
19 1296800 203 8 0 228
20 1371444 229 6 9 74
21 1453766 233 0 5 1
22 1543209 241 9 2 5857
23 1543209 241 4 1 6
24 1585642 259 5 5 85
25 1585642 259 9 3 623
26 1647348 262 0 6 8
27 2031513 317 5 10 55
28 2036787 322 7 5 121
29 2141416 340 5 4 1
30 2234096 370 2 8 3
31 2337046 390 3 4 27
32 2425598 395 9 0 440
33 2438212 401 5 3 2385
34 2480021 407 2 0 54
35 2556812 418 6 5 259
36 2665531 428 7 7 1
37 2665531 428 2 5 822
38 2665531 428 1 4 1
39 2729634 440 6 10 20
40 2960544 466 7 7 1
41 2960544 466 3 5 1
42 2960544 466 10 6 16
43 2998050 469 6 1 4673
44 3043840 473 8 5 68
45 3141926 475 1 10 5
46 3178674 487 5 8 1304
47 3290448 498 2 9 1
48 3290448 498 8 5 175
49 3290448 498 9 7 44
50 3358369 507 1 3 2
51 3358369 507 4 1 1
52 3379164 510 6 10 29
53 3379164 510 7 2 20
54 3434564 513 4 10 102
55 3434564 513 7 4 200
56 3445954 516 5 3 1
57 3445954 516 1 3 1
58 3458781 529 3 9 374
59 3619153 555 1 0 1
60 3742835 569 3 0 26
61 3832906 595 0 9 1
62 3867117 604 9 6 322
63 3974572 612 9 6 3
64 4061070 616 7 5 3683
65 4066463 618 7 8 12
66 4107969 631 9 6 70
67 4148961 643 0 4 19
68 4287801 671 0 0 2
69 4576113 698 2 9 33
70 4576113 698 5 9 66
71 4609400 702 4 8 11
72 4647710 710 3 10 1
73 4702347 718 8 10 2
74 4728805 725 2 3 90
75 4875256 748 5 8 56
76 4933370 751 2 8 1
77 4968398 757 1 0 7
78 5007758 766 0 3 1
79 5080618 798 4 6 33
80 5084062 803 8 3 11335
81 5091749 804 4 4 621
82 5098006 807 2 10 55
83 5312401 825 7 2 27
84 5372802 842 1 8 2391
85 5422112 861 3 3 2378
86 5565238 886 9 0 14
87 5565238 886 1 7 1
88 5565238 886 0 1 11
89 5617621 895 5 9 36
90 5650661 899 6 7 61
91 5711521 911 10 0 682
92 5917310 930 0 6 26
93 5968142 931 10 1 10
94 6112539 941 7 7 2
95 6138871 953 1 3 14
96 6165715 961 0 5 343
97 6232449 967 4 4 14
98 6302828 993 4 5 84
99 6316768 994 3 0 6
