11 78 100
0 153323 3 5 9 20
1 552101 20 4 8 333
2 604186 21 4 6 290
3 616824 24 7 4 6073
4 906472 50 2 10 3160
5 1318149 61 10 2 24
6 1604362 75 5 10 3
7 1844595 84 4 7 21
8 2463398 116 2 5 254
9 3144252 154 4 1 16
10 3407790 162 10 10 5
11 3407790 162 3 0 1899
12 3525807 174 2 3 36
13 3681034 192 3 0 139
14 3832609 198 3 5 1
15 3832609 198 1 2 2
16 3832609 198 1 0 10
17 3969180 210 0 3 1
18 4463068 240 1 6 190
19 4629627 241 6 2 3905
20 4942045 262 9 5 7
21 4965197 263 4 10 1524
22 5386722 287 0 1 6
23 5495558 291 6 0 3
24 5495558 291 2 0 8
25 5495558 291 5 7 111
26 5595323 292 9 8 218
27 5857139 304 3 10 1954
28 5911001 310 10 7 73
29 6150967 324 0 10 24
30 6150967 324 2 5 510
31 6465839 348 4 1 2240
32 6529221 358 0 4 7138
33 7069256 392 1 5 5135
34 7069256 392 4 4 427
35 7580094 409 6 7 1
36 7996594 428 3 4 28
37 7996594 428 0 3 3
38 7996594 428 3 6 1
39 8188904 440 0 3 120
40 8527943 461 9 6 122
41 8527943 461 9 4 42
42 8881632 466 10 0 7
43 8881632 466 0 9 20
44 8994152 469 6 1 4673
45 9131521 473 7 9 2
46 9425780 475 5 1 3
47 9519669 486 6 1 461
48 9573172 489 2 5 94
49 9871346 498 6 2 9
50 10303694 513 2 2 30
51 10337864 516 6 3 1
52 10857461 555 10 3 607
53 10857461 555 1 9 2
54 11016322 558 1 10 174
55 11443855 587 5 1 31
56 11644283 610 2 3 27
57 11923717 612 5 9 1
58 11923717 612 10 10 15
59 11923717 612 4 5 120
60 11923717 612 3 6 6
61 11923717 612 6 9 3
62 12264573 626 2 9 226
63 12383487 633 5 9 17
64 12591165 644 7 0 8
65 12863405 671 0 0 2
66 12863405 671 1 6 16
67 12903472 675 2 10 205
68 13235821 690 0 8 150
69 13235821 690 8 2 3
70 13235821 690 4 4 863
71 13305767 692 10 4 19
72 13728341 698 5 10 32
73 13728341 698 5 6 48
74 13890551 703 9 1 49
75 14107042 718 10 1 6
76 14587226 741 6 7 14
77 14625769 748 5 8 56
78 14800111 751 1 10 51
79 15635247 822 1 8 239
80 15937204 825 6 5 16
81 16067289 836 1 3 86
82 16220963 858 10 2 1
83 16444665 864 6 7 2
84 16526212 874 2 9 31
85 16917308 896 4 2 38
86 17027782 905 6 8 95
87 17583066 929 5 4 878
88 17751930 930 6 10 1367
89 18005337 932 9 10 23
90 18022647 935 0 1 1573
91 18337617 941 5 7 1
92 18337617 941 8 7 1
93 18469137 959 10 4 73
94 18697348 967 7 8 44
95 18757351 972 10 4 228
96 18808706 973 0 8 2624
97 18851505 980 6 10 204
98 18950306 994 3 0 6
99 18950306 994 2 0 3
