11 344 1000
0 120519 0 1 4 103
1 120519 0 9 0 1
2 120519 0 1 9 151
3 128292 2 0 10 1004
4 459971 3 5 5 113
5 459971 3 5 10 935
6 840790 9 7 0 7
7 840790 9 7 5 35
8 904974 11 0 9 88
9 912750 12 6 2 40
10 1180324 13 8 8 1
11 1184189 14 7 6 107
12 1220430 16 4 4 11
13 1544175 17 3 7 19
14 1544175 17 9 8 1
15 1544175 17 2 5 100
16 1544175 17 0 10 1
17 1544175 17 0 8 1
18 1611148 18 1 6 36
19 1812558 21 4 2 6055
20 1957229 27 10 0 130
21 2133408 29 10 8 170
22 2133408 29 2 10 58
23 2133408 29 10 9 5
24 2133408 29 2 7 377
25 2133408 29 2 9 94
26 2218345 33 8 7 56
27 2227769 35 7 10 74
28 2335994 37 0 8 6
29 2335994 37 4 6 62
30 2410654 38 7 5 110
31 2545999 41 10 8 44
32 2545999 41 10 10 49
33 2545999 41 10 5 3030
34 2545999 41 10 7 58
35 2545999 41 10 6 244
36 2558336 42 8 0 5
37 2604860 44 1 8 59
38 2604860 44 1 7 1307
39 2616219 45 0 6 3190
40 2719417 50 10 0 44
41 3440766 51 10 7 5
42 3440766 51 3 9 1
43 3440766 51 8 10 1
44 3440766 51 2 7 5
45 3440766 51 3 7 11
46 3440766 51 3 8 13
47 3440766 51 9 6 5
48 3440766 51 5 7 5
49 3450416 53 4 10 10
50 3523908 58 8 2 1566
51 3882463 59 5 1 22
52 3882463 59 2 0 6
53 3882463 59 8 2 204
54 3882463 59 8 0 4
55 3954449 61 2 2 24
56 4000575 65 7 7 118
57 4087854 66 0 5 116
58 4119210 68 8 4 1
59 4121336 69 5 1 15911
60 4359787 73 6 6 58
61 4813086 75 1 5 231
62 4813086 75 7 9 1
63 4813086 75 2 4 1
64 4813086 75 10 5 1270
65 4813086 75 6 10 7
66 4813086 75 9 9 33
67 4813086 75 3 3 33
68 4813086 75 2 1 591
69 4872092 77 10 4 31
70 4909844 79 3 3 38
71 5533786 84 4 6 1
72 5533786 84 7 7 21
73 5533786 84 2 8 1
74 5533786 84 7 2 154
75 5533786 84 7 3 4
76 5533786 84 4 0 7
77 5576717 88 9 6 10
78 5683389 89 7 10 53
79 5842580 94 4 5 1513
80 5842580 94 2 5 756
81 5872884 96 10 5 88
82 5962518 97 10 9 5530
83 5962518 97 8 9 1843
84 5962518 97 1 9 1843
85 6296576 99 7 6 5
86 6296576 99 7 2 19
87 6869164 102 6 2 483
88 6869164 102 1 4 4
89 6869164 102 9 2 967
90 6869164 102 8 6 31
91 6869164 102 7 2 483
92 6869164 102 6 5 14
93 6869164 102 3 8 29219
94 6869164 102 4 10 21
95 6869164 102 3 6 1
96 6869164 102 4 6 1
97 6869164 102 4 0 35
98 6869164 102 5 10 21
99 6869164 102 1 5 14
100 6869164 102 7 7 1
101 6969148 104 4 4 19491
102 6969148 104 4 10 38979
103 7249761 108 2 0 226
104 7249761 108 0 0 226
105 7249761 108 8 4 17
106 7249761 108 5 4 34
107 7249761 108 7 4 34
108 7254007 109 6 0 101
109 7284718 110 3 0 197
110 7284718 110 3 6 59
111 7390194 116 2 9 68
112 7390194 116 2 7 208
113 7461392 117 0 10 1361
114 7545388 118 9 7 55
115 7561649 120 9 7 124
116 7572362 122 6 1 49
117 7798119 129 4 10 22
118 7880122 132 6 0 21
119 7880156 133 5 1 154
120 8079951 136 8 4 6084
121 8079951 136 8 7 14
122 8540966 137 4 2 21
123 8540966 137 2 8 4
124 8540966 137 9 4 99
125 8540966 137 6 3 9
126 8540966 137 1 10 222
127 8548518 138 9 5 109
128 8587408 139 2 1 25
129 8587551 140 7 4 142
130 8681991 143 0 3 45
131 8681991 143 0 4 78
132 8805059 146 4 8 333
133 8805059 146 3 4 5
134 8840241 149 7 7 229
135 8917110 151 3 9 3
136 9432758 154 7 7 642
137 9432758 154 1 4 10
138 9432758 154 6 9 23
139 9432758 154 1 9 11
140 9432758 154 4 8 43
141 9432758 154 6 5 69
142 9432758 154 2 4 10
143 9432758 154 9 8 21
144 9432758 154 3 2 249
145 9432758 154 2 7 642
146 9432758 154 9 4 10
147 9432758 154 0 7 642
148 9463324 156 1 8 23
149 9491093 159 1 4 95
150 10022927 160 1 0 23
151 10022927 160 2 2 210
152 10022927 160 10 5 5
153 10022927 160 1 7 1
154 10022927 160 8 5 11
155 10022927 160 7 3 137
156 10223372 162 6 3 191
157 10223372 162 5 10 5
158 10223372 162 2 4 15
159 10223372 162 0 7 1351
160 10223372 162 8 7 225
161 10223372 162 3 1 1445
162 10223372 162 0 4 30
163 10223372 162 2 1 2890
164 10223372 162 3 6 14
165 10223372 162 10 3 382
166 10243838 164 6 8 11399
167 10317756 165 3 3 93
168 10323212 166 7 4 13
169 10323212 166 10 4 13
170 10430644 170 3 9 3937
171 10484501 173 4 2 87
172 10577421 174 6 2 19
173 10577421 174 0 4 18
174 10577421 174 5 6 24
175 10577421 174 2 2 9
176 10577421 174 6 6 96
177 10589749 176 6 9 8
178 10775582 177 0 5 42
179 10775582 177 0 2 189
180 10874860 186 8 0 11839
181 10913843 187 7 2 8
182 10972316 191 8 6 7153
183 11497828 198 7 9 7
184 11497828 198 10 8 11
185 11497828 198 6 6 111
186 11497828 198 5 5 1
187 11497828 198 7 2 6
188 11497828 198 4 9 7
189 11497828 198 2 4 2
190 11497828 198 8 9 31
191 11497828 198 0 3 2
192 11504448 200 5 5 18
193 11546911 202 3 0 194
194 11546911 202 3 3 146
195 11546911 202 3 5 21864
196 11546911 202 3 8 120
197 11671207 203 8 5 8684
198 11671207 203 7 1 21
199 11678180 204 9 0 97
200 11782146 209 1 5 39
201 11782146 209 4 5 39
202 11907540 210 3 3 1
203 11907540 210 7 3 1
204 11991463 217 1 4 27
205 12082792 223 2 2 68
206 12342996 229 6 10 5
207 12342996 229 2 8 118
208 12342996 229 6 9 74
209 12342996 229 0 0 10
210 12595136 230 0 4 78
211 12595136 230 8 1 46
212 12595136 230 8 0 12
213 12595136 230 3 3 136
214 12595136 230 0 3 136
215 12595136 230 0 10 8
216 12595136 230 8 10 2
217 13083901 233 0 7 1
218 13083901 233 9 6 6
219 13083901 233 6 3 5
220 13083901 233 0 5 1
221 13303011 237 4 8 53
222 13314325 238 3 8 83
223 13385883 239 9 1 9
224 13385883 239 10 1 9
225 13888881 241 4 8 1
226 13888881 241 1 10 1014
227 13888881 241 1 6 48
228 13990784 253 0 6 55
229 14270784 259 6 3 623
230 14270784 259 5 3 1246
231 14270784 259 10 3 623
232 14826136 262 3 3 1
233 14826136 262 8 9 15
234 14826136 262 0 1 30
235 14826136 262 9 6 8
236 14826136 262 3 4 1
237 14826136 262 9 2 6
238 14826136 262 0 4 1
239 14942246 267 8 9 312
240 14953304 268 5 0 210
241 15105149 276 8 5 169
242 15110798 278 7 6 166
243 15204931 282 8 8 145
244 15206430 284 7 1 30
245 15284357 285 4 10 220
246 16160168 287 7 4 6
247 16160168 287 2 5 6
248 16160168 287 4 1 3
249 16160168 287 2 10 30
250 16160168 287 5 4 1
251 16160168 287 4 9 1
252 16160168 287 1 3 5
253 16160168 287 8 2 9
254 16160168 287 7 9 1
255 16160168 287 8 9 1
256 16160168 287 6 5 4
257 16160168 287 4 0 1
258 16160168 287 3 10 15
259 16160168 287 10 6 24
260 16160168 287 3 3 23
261 16160168 287 1 0 5
262 16160168 287 1 10 7
263 16160168 287 6 3 11
264 16160168 287 7 1 47
265 16160168 287 2 0 3
266 16160168 287 4 8 5
267 16160168 287 5 3 5
268 16486675 291 10 3 211
269 16486675 291 3 7 111
270 16486675 291 1 9 1096
271 16486675 291 2 5 25
272 16486675 291 6 0 3
273 16486675 291 8 2 34357
274 16486675 291 8 3 1267
275 16486675 291 7 3 211
276 16486675 291 3 6 409
277 16486675 291 9 1 256
278 16486675 291 7 2 3435
279 16785971 292 6 8 218
280 16785971 292 10 8 3054
281 16785971 292 2 10 1
282 16785971 292 2 1 197
283 16785971 292 1 10 2
284 16785971 292 10 9 529
285 16849564 296 4 7 61
286 16992187 298 1 9 8
287 16992187 298 9 2 37
288 16992187 298 1 8 2839
289 16992187 298 1 5 75
290 17365377 303 8 0 1
291 17365377 303 3 6 5173
292 17365377 303 10 2 1892
293 17365377 303 9 10 14
294 17571418 304 3 5 23
295 17571418 304 2 6 577
296 17611183 305 7 7 38
297 17698988 308 6 2 3
298 17790519 311 3 10 57
299 17790519 311 6 4 133
300 18283624 317 7 1 42
301 18283624 317 7 5 964
302 18283624 317 9 2 565
303 18283624 317 9 8 167
304 18283624 317 8 3 382
305 18283624 317 1 3 109
306 18283624 317 9 0 4
307 18300102 318 2 7 11
308 18452902 324 1 5 7
309 18452902 324 5 10 48
310 18509612 327 1 10 1020
311 18717105 328 5 5 297
312 18717105 328 5 8 267
313 18793744 330 0 2 201
314 18806970 334 1 9 1536
315 18856587 335 1 5 7886
316 18857531 336 9 4 663
317 18923976 337 4 6 86
318 19062589 339 7 5 95
319 19062589 339 3 2 288
320 19272744 340 8 7 2998
321 19272744 340 5 3 126
322 19272744 340 7 7 2998
323 19272744 340 2 8 1806
324 19272744 340 6 2 7
325 19272744 340 9 4 1
326 19308649 342 7 4 33
327 19397247 347 8 7 80
328 19397247 347 8 9 74
329 19446355 350 9 6 38
330 19459208 351 8 1 221
331 19528936 353 0 3 163
332 19564914 357 2 8 157
333 19698993 362 3 2 2
334 19730674 364 4 6 40
335 19903820 369 6 3 6
336 20106864 370 10 8 22
337 20106864 370 8 8 3
338 20106864 370 5 10 11
339 20106864 370 6 9 23
340 20106864 370 4 2 1
341 20106864 370 1 10 35
342 20331775 382 8 0 15
343 20376384 386 7 3 976
344 20544374 388 7 8 88
345 20544374 388 7 10 17
346 21033420 390 9 5 6
347 21033420 390 0 3 1193
348 21033420 390 6 7 6
349 21033420 390 3 4 27
350 21033420 390 9 8 2301
351 21033420 390 10 3 596
352 21033420 390 5 3 2686
353 21033420 390 10 4 27
354 21207769 392 6 5 3851
355 21207769 392 8 5 2567
356 21230327 393 8 1 46
357 21231690 394 2 4 16746
358 21830385 395 6 5 177
359 21830385 395 5 4 1
360 21830385 395 3 0 440
361 21830385 395 8 2 1
362 21830385 395 7 2 1
363 21830385 395 4 8 33
364 21830385 395 5 9 2555
365 21830385 395 10 2 2
366 21830385 395 7 1 1
367 21830385 395 6 4 94
368 21830385 395 10 3 10
369 21830385 395 1 3 52
370 21873225 396 3 1 405
371 21873225 396 9 1 405
372 22153347 402 2 10 13
373 22153347 402 2 1 907
374 22153347 402 2 5 49
375 22192802 405 9 5 62
376 22192802 405 2 5 15
377 22232426 406 8 0 35
378 22320194 407 2 2 73
379 22740283 409 8 9 15
380 22740283 409 6 7 1
381 22740283 409 5 7 1
382 22740283 409 8 0 1056
383 22740283 409 8 2 3
384 22740283 409 10 1 542
385 22740283 409 5 3 3
386 22740283 409 5 2 7
387 22740283 409 10 0 1584
388 22968701 413 9 6 10095
389 22968701 413 9 10 29
390 22968701 413 9 2 3014
391 22968701 413 2 6 214
392 23152161 422 1 7 4
393 23989784 428 4 8 2
394 23989784 428 5 4 1
395 23989784 428 7 2 2
396 23989784 428 2 7 1
397 23989784 428 6 9 1
398 23989784 428 0 9 1
399 23989784 428 8 5 822
400 23989784 428 2 6 1
401 23989784 428 9 10 4
402 23989784 428 9 5 822
403 23989784 428 7 10 4
404 23989784 428 3 3 3
405 23989784 428 6 8 7
406 23989784 428 1 5 822
407 23989784 428 7 9 1
408 23989784 428 10 6 1
409 23989784 428 6 6 1
410 23989784 428 0 0 9
411 24409266 430 1 0 2
412 24409266 430 7 6 381
413 24409266 430 5 3 2
414 24409266 430 0 8 2
415 24566714 440 6 10 20
416 24662207 445 10 0 208
417 24701038 450 10 4 617
418 25100653 457 1 4 1
419 25100653 457 6 9 40
420 25100653 457 5 1 53
421 25100653 457 8 10 5
422 25100653 457 4 5 32
423 25259441 460 1 8 47
424 25259441 460 1 7 335
425 25583830 461 0 4 5
426 25583830 461 7 10 1
427 25583830 461 9 7 1
428 25583830 461 0 2 5
429 25583830 461 1 2 11
430 25583830 461 3 2 27
431 25583830 461 9 5 1
432 25583830 461 10 8 9
433 25583830 461 9 2 5
434 25583830 461 1 0 1
435 25583830 461 7 5 1
436 25583830 461 2 2 5
437 25611879 463 0 0 22
438 25622528 464 9 0 17
439 26644898 466 8 8 1
440 26644898 466 4 1 2
441 26644898 466 0 10 6
442 26644898 466 8 10 2
443 26644898 466 10 1 2
444 26644898 466 8 6 4
445 26644898 466 10 6 16
446 26644898 466 0 4 2609
447 26644898 466 4 7 1
448 26644898 466 4 6 4
449 26644898 466 7 2 50
450 26644898 466 0 1 14
451 26644898 466 2 2 50
452 26896574 467 0 9 8
453 26896574 467 0 3 4
454 26896574 467 9 9 8
455 26896574 467 5 8 7
456 26896574 467 10 9 8
457 26896574 467 9 5 5
458 26965657 468 7 2 226
459 26965657 468 7 1 79
460 27038955 471 7 10 923
461 27109492 472 4 0 7
462 27394563 473 8 6 5
463 27394563 473 1 9 12
464 27394563 473 5 7 3
465 27394563 473 0 3 14
466 27394563 473 10 10 1
467 28277340 475 8 6 4
468 28277340 475 7 2 1
469 28277340 475 9 7 9
470 28277340 475 2 4 8
471 28277340 475 7 0 1
472 28277340 475 4 8 2
473 28277340 475 7 6 37
474 28277340 475 5 0 8
475 28277340 475 7 7 9
476 28277340 475 2 8 2
477 28277340 475 8 10 5
478 28277340 475 4 4 1
479 28277340 475 2 9 5
480 28277340 475 4 1 6
481 28277340 475 6 6 1
482 28277340 475 9 3 1
483 28286397 476 6 10 30
484 28372478 477 2 4 41
485 28439657 479 5 9 1
486 28439657 479 9 9 1
487 28471242 480 5 8 224
488 28471242 480 8 5 25
489 28481872 482 4 2 222
490 28608066 487 5 2 306
491 28608066 487 5 7 808
492 28719518 489 2 4 48
493 28719518 489 3 5 94
494 28775512 493 8 7 18
495 29614038 498 3 4 50
496 29614038 498 8 5 175
497 29614038 498 7 5 8250
498 29614038 498 2 9 1
499 29614038 498 3 2 28
500 29614038 498 3 5 526
501 29614038 498 5 1 35
502 29614038 498 8 2 4
503 29614038 498 9 3 1
504 29614038 498 6 9 1
505 29614038 498 3 10 13
506 29614038 498 4 7 7
507 29614038 498 2 6 1
508 29614038 498 4 4 100
509 29614038 498 2 4 50
510 29614038 498 10 10 13
511 29614038 498 7 3 9
512 29614038 498 4 1 17
513 29614038 498 3 3 1
514 29614038 498 7 1 17
515 29614038 498 8 10 26
516 29690999 501 4 8 5123
517 29748821 504 3 10 30
518 29748821 504 1 3 52
519 30225322 507 6 4 2858
520 30225322 507 6 1 1
521 30225322 507 10 2 11
522 30225322 507 2 6 3
523 30225322 507 0 3 2
524 30225322 507 5 6 3
525 30225322 507 1 7 72
526 30412481 510 6 8 7
527 30412481 510 6 10 29
528 30412481 510 7 3 4
529 30412481 510 6 4 1991
530 30416581 511 8 2 14390
531 30911084 513 3 8 1009
532 30911084 513 4 7 11
533 30911084 513 0 8 6059
534 30911084 513 1 2 6
535 30911084 513 5 4 300
536 30911084 513 9 7 5
537 30911084 513 5 6 80
538 30911084 513 8 6 80
539 31013592 516 0 3 1
540 31013592 516 1 3 1
541 31030124 519 10 10 44
542 31045033 521 1 4 152
543 31049768 522 4 9 174
544 31238462 535 0 7 12
545 31238462 535 10 7 6
546 31238462 535 2 1 59
547 31295358 541 4 3 230
548 31392505 542 1 9 38
549 31392505 542 1 5 33196
550 31395799 544 7 5 54
551 31472160 547 4 0 5771
552 31553754 550 5 6 6
553 31553754 550 3 6 6
554 31668037 551 10 6 30
555 31668037 551 2 9 4879
556 32572384 555 5 4 3318
557 32572384 555 7 2 876
558 32572384 555 3 2 876
559 32572384 555 4 8 7
560 32572384 555 7 7 3
561 32572384 555 3 3 202
562 32572384 555 7 0 1
563 32572384 555 8 2 876
564 32572384 555 6 3 202
565 32572384 555 2 0 2
566 32572384 555 3 8 22
567 32572384 555 2 6 94
568 32572384 555 6 7 3
569 32572384 555 8 5 13
570 32572384 555 5 3 202
571 32572384 555 9 4 829
572 32572384 555 8 3 1620
573 32572384 555 6 0 1
574 32887204 556 8 7 15
575 32887204 556 9 0 1
576 32887204 556 0 5 3164
577 32887204 556 10 4 26
578 32887204 556 3 0 1
579 32887204 556 5 1 2
580 32959402 557 3 0 5258
581 32959402 557 3 9 238
582 33048966 558 1 0 204
583 33082052 560 6 0 10
584 33082052 560 3 2 29
585 33121126 561 2 10 28
586 33121126 561 8 10 28
587 33191993 562 10 6 12990
588 33275417 563 10 7 235
589 33275417 563 10 5 318
590 33340482 565 1 5 19648
591 33685520 569 1 8 8
592 33685520 569 2 8 1
593 33693765 571 1 7 32
594 33725598 573 10 5 50
595 33725598 573 2 5 6
596 34028004 576 1 2 102
597 34028004 576 1 9 73
598 34028004 576 10 3 30
599 34028004 576 1 6 4
600 34028004 576 6 6 9
601 34028004 576 0 3 30
602 34028004 576 6 1 1
603 34028004 576 10 6 4
604 34073642 578 3 0 66
605 34230126 582 4 7 3007
606 34307467 583 6 0 11861
607 34307467 583 6 5 15734
608 34331565 587 4 1 12
609 34384129 588 4 5 688
610 34384129 588 4 4 244
611 34384129 588 4 8 19655
612 34444734 591 3 10 5
613 34444734 591 9 1 1
614 34501580 596 9 1 190
615 34793966 602 6 1 81
616 34793966 602 8 0 1082
617 34808529 605 4 6 53
618 35771153 612 9 10 5
619 35771153 612 2 2 448
620 35771153 612 1 9 14
621 35771153 612 3 2 448
622 35771153 612 10 7 2539
623 35771153 612 2 8 8
624 35771153 612 4 10 5
625 35771153 612 7 3 1
626 35771153 612 7 5 120
627 35771153 612 4 9 1
628 35771153 612 7 0 71
629 35771153 612 5 2 448
630 35771153 612 1 10 55
631 35771153 612 9 9 8
632 35771153 612 3 1 6
633 35771153 612 4 6 1
634 35771153 612 5 3 1
635 35771153 612 0 0 142
636 35771153 612 1 0 71
637 35771153 612 7 2 448
638 35771153 612 5 7 2539
639 35834773 613 3 7 12697
640 35834773 613 3 0 119
641 35834773 613 3 4 36562
642 36549632 616 7 4 1
643 36549632 616 3 8 82
644 36549632 616 6 3 145
645 36549632 616 4 8 1
646 36549632 616 8 5 11051
647 36549632 616 6 9 11
648 36549632 616 6 4 1
649 36549632 616 1 1 18
650 36549632 616 7 10 854
651 36549632 616 2 4 1
652 36549632 616 5 9 14
653 36549632 616 8 4 1
654 36693279 624 3 5 14198
655 36793720 626 2 7 117
656 36793720 626 2 1 8
657 36895030 628 1 3 228
658 36895030 628 1 9 181
659 36971727 631 2 6 351
660 36971727 631 9 5 232
661 37150463 633 5 1 368
662 37184511 634 7 2 95
663 37184511 634 7 3 109
664 37228617 635 5 2 135
665 37340654 643 1 4 19
666 37773497 644 10 9 27
667 37773497 644 6 8 1817
668 37773497 644 2 0 8
669 37773497 644 6 10 1
670 37773497 644 0 8 908
671 37773497 644 8 7 92
672 37773497 644 6 1 6
673 37773497 644 7 10 1
674 37794798 646 5 9 12
675 37794798 646 2 9 12
676 37806843 648 9 2 178
677 37814756 650 7 10 29
678 37815287 651 5 8 25
679 37828369 654 7 5 44
680 37945942 666 1 3 75
681 37945942 666 4 3 2
682 37988012 668 5 6 68
683 38590215 671 7 5 30
684 38590215 671 9 5 30
685 38590215 671 5 2 6
686 38590215 671 3 0 3
687 38590215 671 0 10 24
688 38590215 671 4 8 5
689 38710416 675 2 0 55
690 38842426 681 9 4 1319
691 39320831 683 10 0 1
692 39320831 683 10 7 1097
693 39320831 683 2 2 1527
694 39320831 683 8 1 50
695 39320831 683 0 2 3054
696 39320831 683 0 0 1
697 39320831 683 6 8 5
698 39320831 683 8 8 5
699 39320831 683 9 3 29
700 39320831 683 6 4 638
701 39320831 683 4 0 4
702 39320831 683 10 3 59
703 39320831 683 4 6 10
704 39320831 683 3 6 31
705 39320831 683 1 1 50
706 39363226 687 0 2 16
707 39462300 689 5 10 2
708 39462300 689 9 4 318
709 39462300 689 5 4 1591
710 39707464 690 8 8 600
711 39717917 691 10 2 74
712 39717917 691 8 2 24
713 39917303 692 10 0 2
714 39917303 692 2 0 75
715 39985096 693 8 4 80
716 40930743 695 4 5 71
717 40930743 695 7 7 1
718 40930743 695 10 2 1587
719 40930743 695 2 9 1503
720 40930743 695 9 3 4
721 40930743 695 9 4 2
722 40930743 695 8 3 26
723 40930743 695 2 0 128
724 40930743 695 5 0 21
725 40930743 695 7 2 793
726 40930743 695 3 7 5
727 40930743 695 1 1 3
728 40930743 695 0 5 14
729 41185025 698 2 5 3
730 41185025 698 10 8 312
731 41185025 698 2 9 33
732 41185025 698 10 2 25
733 41185025 698 10 5 51
734 41185025 698 2 7 2
735 41299270 701 3 9 1
736 41299270 701 2 9 1
737 41299270 701 10 2 7
738 41484605 702 4 6 22
739 41484605 702 0 9 6
740 41484605 702 4 5 112
741 41484605 702 0 6 22
742 41484605 702 0 8 88
743 41484605 702 0 5 112
744 41484605 702 4 9 6
745 41715720 708 7 4 12039
746 41829395 710 3 8 105
747 41829395 710 3 5 9637
748 42321128 718 10 8 1455
749 42321128 718 3 8 2911
750 42321128 718 0 5 87
751 42321128 718 5 9 11729
752 42321128 718 0 7 5
753 42321128 718 6 3 15
754 42335464 721 4 10 231
755 42488041 723 6 0 79
756 42488041 723 3 7 32
757 42551827 724 6 7 124
758 42551827 724 6 3 4789
759 42551827 724 6 4 24
760 42635047 727 8 0 769
761 42643722 728 3 9 53
762 42889853 732 4 9 138
763 42889853 732 7 5 26
764 43122881 736 2 6 1770
765 43261114 739 10 9 6031
766 43761680 741 3 2 9
767 43761680 741 6 1 989
768 43761680 741 2 7 2
769 43761680 741 10 0 1634
770 43857029 744 5 8 302
771 43866238 746 6 9 88
772 43960209 749 5 9 2
773 43960209 749 10 7 20
774 44400333 751 0 2 119
775 44400333 751 9 2 119
776 44400333 751 1 1 15
777 44400333 751 6 7 3
778 44400333 751 3 7 14
779 44400333 751 1 8 1
780 44400333 751 8 9 15
781 44400333 751 1 2 119
782 44400333 751 8 6 55
783 44400333 751 0 7 3
784 44400333 751 0 5 12
785 44480231 752 3 8 42
786 44480231 752 8 9 5
787 44485671 753 9 4 9625
788 44593249 755 9 8 92
789 44715584 757 7 0 7
790 45069829 766 0 3 1
791 45069829 766 6 3 1
792 45069829 766 5 3 1
793 45069829 766 4 4 32
794 45069829 766 7 10 7
795 45069829 766 0 10 30
796 45069829 766 8 10 106
797 45069829 766 2 4 48
798 45263667 768 8 2 620
799 45263667 768 0 6 37
800 45327115 773 6 10 17
801 45352828 774 7 5 98
802 45440882 778 9 9 21
803 45440882 778 10 1 279
804 45448554 779 2 1 1518
805 45498175 780 2 5 4
806 45505481 781 0 3 77
807 45589634 787 6 4 33
808 45725564 798 4 2 46
809 45725564 798 4 1 2953
810 45725564 798 4 7 28
811 45825747 804 4 4 621
812 45825747 804 4 3 23
813 45886974 808 1 3 14
814 45891510 810 3 7 472
815 45966925 815 6 10 1677
816 46018190 817 8 3 1577
817 46024618 818 9 4 82
818 46037182 819 7 3 21
819 46905743 822 10 4 25
820 46905743 822 3 2 3
821 46905743 822 4 3 1
822 46905743 822 5 5 26
823 46905743 822 9 8 239
824 46905743 822 4 2 9
825 46905743 822 5 0 16
826 46905743 822 9 4 1
827 46905743 822 0 10 3
828 46905743 822 5 3 1
829 46905743 822 2 6 8
830 46905743 822 0 8 1679
831 46905743 822 10 7 138
832 46905743 822 5 10 27
833 46905743 822 0 4 1
834 47593607 823 5 4 3553
835 47593607 823 2 4 3553
836 47593607 823 2 2 12
837 47593607 823 3 3 4
838 47593607 823 1 10 1
839 47593607 823 10 2 12
840 47593607 823 9 10 1
841 47593607 823 2 5 1797
842 47593607 823 9 0 8
843 47811612 825 6 1 171
844 47811612 825 4 5 112
845 47811612 825 4 2 27
846 47837462 827 5 9 116
847 47844473 828 6 0 60
848 47935243 830 0 9 32
849 47935243 830 8 1 24
850 47935243 830 1 2 42
851 47935243 830 0 1 24
852 48194485 834 7 0 177
853 48355222 842 1 10 21
854 48488607 846 5 3 96
855 48494352 848 8 4 118
856 48649934 857 9 4 62
857 48649934 857 9 9 69
858 48725055 859 6 4 66
859 48725055 859 6 2 342
860 48725055 859 6 7 207
861 48725055 859 6 8 506
862 48799016 861 3 0 984
863 48867686 863 2 9 264
864 49333997 864 3 10 172
865 49333997 864 2 8 113
866 49333997 864 10 7 1
867 49333997 864 5 7 1
868 49333997 864 7 0 3618
869 49333997 864 8 9 141
870 49458730 871 6 8 758
871 49458730 871 5 9 3
872 49489474 872 2 6 11
873 49489474 872 1 6 11
874 49578636 874 2 6 213
875 49578636 874 2 10 51
876 49578636 874 2 2 46
877 49622799 875 3 7 9
878 49704815 881 5 2 2247
879 50087144 886 8 8 20
880 50087144 886 8 9 751
881 50087144 886 1 3 48
882 50087144 886 7 7 8
883 50087144 886 0 2 82
884 50087144 886 7 5 25
885 50533190 894 9 2 35
886 50533190 894 5 7 1
887 50533190 894 3 1 19
888 50533190 894 7 8 1
889 50751926 896 8 3 3173
890 50751926 896 4 2 38
891 50751926 896 9 10 16
892 50751926 896 4 3 1586
893 50855950 899 6 2 250
894 51027923 903 1 7 111
895 51083346 905 3 8 95
896 51083346 905 9 8 95
897 51097917 906 8 8 271
898 51254942 907 2 2 1642
899 51254942 907 4 6 136
900 51254942 907 2 5 23
901 51254942 907 2 3 18
902 51329039 909 9 8 5
903 51403693 911 0 0 682
904 51486732 913 1 2 19
905 51649573 919 5 1 1
906 51771445 924 0 6 1
907 51773972 925 8 0 184
908 51878409 926 7 0 37
909 52749200 929 9 9 4
910 52749200 929 5 2 8
911 52749200 929 10 6 54
912 52749200 929 1 7 2
913 52749200 929 0 2 4
914 52749200 929 2 1 1
915 52749200 929 8 0 25
916 52749200 929 3 8 4
917 52749200 929 10 10 1
918 52749200 929 7 9 4
919 52749200 929 3 9 4
920 52749200 929 9 6 381
921 53255791 930 5 8 309
922 53255791 930 2 1 28
923 53255791 930 4 10 683
924 53255791 930 1 5 22
925 53255791 930 3 4 7804
926 53255791 930 5 1 43
927 53255791 930 5 7 10
928 53255791 930 3 7 10
929 53255791 930 1 2 43
930 53255791 930 10 5 22
931 53255791 930 1 6 13
932 53255791 930 2 7 21
933 53713284 931 4 5 349
934 53713284 931 6 9 2119
935 53713284 931 1 9 2119
936 53713284 931 6 3 24
937 53713284 931 0 6 17
938 53713284 931 8 1 84
939 53713284 931 2 4 909
940 53713284 931 10 2 1607
941 53713284 931 3 4 2727
942 54016013 932 1 0 4
943 54016013 932 7 3 16
944 54016013 932 4 1 2337
945 54016013 932 9 0 2
946 54016013 932 0 2 1805
947 54016013 932 6 3 3
948 54016013 932 0 4 6
949 54016013 932 8 0 2
950 54016013 932 6 7 3
951 54016013 932 5 4 6
952 54016013 932 2 3 3
953 54016013 932 8 8 6
954 54016013 932 9 9 9
955 54016013 932 0 6 9
956 55012853 941 10 10 36
957 55012853 941 5 7 1
958 55012853 941 10 4 1
959 55012853 941 2 3 1
960 55012853 941 8 8 1
961 55012853 941 4 10 18
962 55012853 941 6 3 1
963 55012853 941 7 8 6
964 55012853 941 4 5 41
965 55012853 941 1 4 1
966 55012853 941 4 1 192
967 55012853 941 9 3 1
968 55012853 941 7 6 5
969 55012853 941 7 1 96
970 55012853 941 0 10 18
971 55012853 941 7 2 5
972 55012853 941 3 3 2
973 55012853 941 9 5 13
974 55046456 946 7 9 37
975 55124684 948 0 1 107
976 55145972 949 2 4 3132
977 55407412 959 10 6 11
978 55407412 959 10 3 152
979 55507411 963 0 8 229
980 56092044 967 5 2 15
981 56092044 967 7 1 1476
982 56092044 967 5 7 486
983 56092044 967 6 6 3080
984 56092044 967 5 5 7
985 56092044 967 1 6 3080
986 56092044 967 4 10 13
987 56092044 967 0 5 43
988 56092044 967 6 0 19
989 56118413 969 2 0 14
990 56167665 970 4 4 50
991 56167665 970 8 6 37
992 56167665 970 10 4 16
993 56167665 970 8 4 16
994 56426118 973 2 6 19
995 56473075 978 5 5 281
996 56568655 983 0 10 188
997 56582837 986 1 0 968
998 56725452 993 4 4 210
999 56850919 994 7 1 8
