11 342 1000
0 24103 0 9 10 942
1 24103 0 1 4 103
2 24103 0 9 7 46
3 24103 0 9 4 103
4 24103 0 9 5 6
5 24103 0 9 8 56
6 91994 3 9 1 84
7 91994 3 5 9 20
8 91994 3 9 2 11041
9 91994 3 5 8 197
10 91994 3 10 3 252
11 91994 3 10 5 113
12 106483 4 9 8 4
13 168158 9 1 10 7
14 168158 9 7 0 7
15 168158 9 7 2 19
16 180994 11 0 9 88
17 236064 13 7 8 3
18 236064 13 7 4 3064
19 236064 13 1 4 340
20 236064 13 6 2 70
21 236064 13 7 9 48707
22 236837 14 7 6 107
23 308835 17 10 3 93
24 308835 17 1 10 1
25 308835 17 6 2 526
26 308835 17 3 1 44
27 308835 17 9 10 1
28 308835 17 9 8 1
29 308835 17 3 7 19
30 322229 18 1 3 19564
31 362511 21 4 2 6055
32 362511 21 3 8 86
33 362511 21 4 8 86
34 426681 29 10 4 20
35 426681 29 10 10 175
36 426681 29 2 0 72
37 426681 29 2 8 170
38 426681 29 2 9 94
39 429966 30 2 6 11
40 438266 31 1 7 4140
41 467198 37 4 10 4
42 467198 37 3 8 6
43 467198 37 4 6 62
44 509199 41 10 1 3192
45 520972 44 1 6 217
46 520972 44 1 4 29
47 523243 45 4 6 1063
48 523243 45 6 6 1063
49 523944 46 5 10 186
50 526717 48 10 8 53
51 543883 50 7 0 44
52 688153 51 7 6 9
53 688153 51 9 2 5
54 688153 51 0 9 5
55 688153 51 5 3 15
56 688153 51 10 4 15
57 688153 51 10 7 5
58 688153 51 0 8 6
59 776492 59 1 7 13
60 776492 59 5 10 3
61 776492 59 1 3 5
62 776492 59 5 5 28
63 776492 59 1 0 2
64 800115 65 7 7 118
65 817570 66 0 9 82
66 817570 66 0 0 2
67 849871 70 3 10 99
68 849871 70 10 6 45
69 871957 73 6 6 58
70 962617 75 4 2 7002
71 962617 75 3 5 115
72 962617 75 8 1 4733
73 962617 75 1 2 778
74 962617 75 6 10 7
75 962617 75 8 0 63
76 962617 75 6 9 1
77 962617 75 9 9 33
78 962617 75 10 9 1
79 962617 75 3 4 1
80 962617 75 10 4 3
81 962617 75 3 8 1
82 974418 77 8 4 21
83 974418 77 0 4 105
84 974418 77 6 4 52
85 974418 77 10 4 31
86 984678 81 0 6 119
87 1106757 84 3 6 1
88 1106757 84 4 4 5
89 1106757 84 3 5 4
90 1106757 84 7 4 5
91 1106757 84 7 2 154
92 1106757 84 3 8 1
93 1106757 84 4 2 694
94 1106757 84 3 2 308
95 1106757 84 2 8 1
96 1106757 84 2 10 6
97 1106757 84 3 10 6
98 1108976 87 5 7 210
99 1150190 92 4 0 66
100 1168516 94 3 5 756
101 1168516 94 5 5 756
102 1168516 94 4 5 1513
103 1192503 97 5 9 3687
104 1192503 97 8 9 1843
105 1192709 98 10 1 117
106 1259315 99 7 5 5
107 1259315 99 7 4 28
108 1259315 99 9 10 3070
109 1259315 99 0 8 1
110 1373832 102 2 4 4
111 1373832 102 7 2 483
112 1373832 102 9 3 11
113 1373832 102 3 10 21
114 1373832 102 0 0 35
115 1373832 102 8 10 21
116 1393829 104 4 1 18
117 1393829 104 4 3 2306
118 1449952 108 6 4 68
119 1456943 110 3 8 100
120 1478038 116 2 9 68
121 1492278 117 0 4 101
122 1517430 123 10 10 32
123 1523469 124 7 3 7
124 1523469 124 2 3 7
125 1557423 127 0 6 358
126 1559124 128 2 0 5
127 1576024 132 8 1 6
128 1587131 134 0 9 76
129 1615990 136 8 8 31
130 1615990 136 1 8 15
131 1615990 136 1 7 22
132 1708193 137 0 10 222
133 1708193 137 5 1 12
134 1708193 137 1 9 2136
135 1708193 137 6 7 198
136 1708193 137 3 4 99
137 1721881 142 3 3 77
138 1736398 143 0 7 238
139 1761011 146 10 8 333
140 1781507 150 2 0 219
141 1781507 150 2 10 10
142 1886551 154 8 1 5
143 1886551 154 7 1 33
144 1886551 154 5 2 498
145 1886551 154 4 8 43
146 1886551 154 3 7 1284
147 1886551 154 4 10 2
148 1892664 156 2 8 23
149 1897406 158 5 2 59
150 1898218 159 1 4 95
151 2004585 160 10 3 7
152 2004585 160 0 9 9
153 2004585 160 0 3 5
154 2004585 160 10 8 306
155 2004585 160 3 5 46
156 2004585 160 4 0 11
157 2044674 162 3 6 14
158 2044674 162 0 1 1445
159 2044674 162 6 10 5
160 2044674 162 2 10 75
161 2044674 162 0 7 1351
162 2045060 163 4 3 297
163 2070051 168 2 2 15
164 2071413 169 3 4 102
165 2086128 170 3 7 102
166 2095971 172 4 2 54
167 2115484 174 1 2 9
168 2115484 174 9 10 9
169 2155116 177 3 5 42
170 2155116 177 0 3 10858
171 2155116 177 0 9 9
172 2170520 184 3 5 54
173 2194463 191 8 6 7153
174 2208620 192 3 4 9
175 2299565 198 0 3 2
176 2299565 198 2 1 18
177 2299565 198 1 0 10
178 2299565 198 6 3 20
179 2299565 198 7 9 7
180 2299565 198 8 4 2
181 2299565 198 10 6 111
182 2299565 198 0 1 4
183 2302039 201 5 5 64
184 2309382 202 3 10 415
185 2309382 202 3 0 194
186 2334241 203 7 0 49
187 2334241 203 7 8 150
188 2341671 206 3 6 88
189 2356429 209 8 5 39
190 2356429 209 7 5 39
191 2407720 222 7 7 112
192 2407720 222 0 7 28
193 2416558 223 3 2 68
194 2416558 223 7 9 1
195 2425418 226 3 9 222
196 2468599 229 6 0 10
197 2468599 229 2 5 133
198 2468599 229 0 4 17
199 2468599 229 0 0 10
200 2468599 229 6 5 19
201 2519027 230 8 9 29
202 2519027 230 8 0 12
203 2519027 230 0 7 226
204 2519027 230 8 10 2
205 2519027 230 8 2 48
206 2616780 233 8 3 1
207 2616780 233 2 2 4
208 2616780 233 8 2 4
209 2616780 233 9 5 1
210 2616780 233 3 4 11532
211 2616780 233 4 0 7
212 2660602 237 4 7 51
213 2677176 239 2 1 9
214 2777776 241 7 1 6
215 2777776 241 9 7 12
216 2777776 241 6 0 9
217 2777776 241 3 6 1
218 2777776 241 9 10 1014
219 2777776 241 9 6 1
220 2777776 241 6 2 3905
221 2777776 241 4 8 1
222 2777776 241 7 9 1226
223 2777776 241 4 5 1682
224 2777776 241 6 4 14
225 2798722 254 2 4 52
226 2801614 255 1 1 42
227 2854156 259 4 7 25
228 2854156 259 8 0 89
229 2854156 259 7 1 2675
230 2965227 262 2 9 15
231 2965227 262 9 10 6
232 2965227 262 2 2 6
233 2965227 262 4 0 69
234 2965227 262 9 1 30
235 2965227 262 8 3 1
236 2965227 262 8 4 11
237 2965227 262 3 8 14
238 2965227 262 8 7 1
239 2965227 262 2 0 9
240 3040986 282 8 0 16296
241 3040986 282 8 8 145
242 3040986 282 8 1 106
243 3040986 282 8 5 23
244 3056871 285 4 3 17
245 3232033 287 6 6 316
246 3232033 287 2 7 12118
247 3232033 287 0 3 11
248 3232033 287 8 6 24
249 3232033 287 2 8 5
250 3232033 287 10 9 1
251 3232033 287 3 9 1
252 3232033 287 1 9 3
253 3232033 287 8 1 28
254 3232033 287 6 5 4
255 3232033 287 10 3 5
256 3232033 287 1 8 5
257 3232033 287 6 3 11
258 3232033 287 6 8 5
259 3232033 287 5 6 170
260 3232033 287 4 9 1
261 3232033 287 0 10 7
262 3232033 287 3 4 1
263 3232033 287 5 0 3
264 3232033 287 1 1 3
265 3297335 291 7 7 333
266 3297335 291 1 9 1096
267 3297335 291 5 7 111
268 3297335 291 5 8 8
269 3297335 291 2 2 6871
270 3297335 291 6 0 3
271 3297335 291 6 7 333
272 3297335 291 4 9 182
273 3357194 292 7 8 218
274 3357194 292 5 8 218
275 3398437 298 9 7 60
276 3398437 298 1 7 60
277 3403830 300 10 1 1505
278 3405330 301 2 5 59
279 3473075 303 8 0 1
280 3473075 303 10 6 397
281 3473075 303 0 2 1892
282 3514283 304 3 10 1954
283 3514283 304 3 2 24
284 3514283 304 3 3 9291
285 3526053 307 5 4 3332
286 3539797 308 6 10 9873
287 3558103 311 6 4 133
288 3563992 316 0 4 43
289 3656724 317 3 9 5
290 3656724 317 7 0 4
291 3656724 317 10 7 1004
292 3690580 324 5 10 48
293 3690580 324 8 5 7
294 3690580 324 6 5 7
295 3690580 324 3 10 24
296 3693088 325 9 9 165
297 3693979 326 7 7 118
298 3701922 327 3 3 686
299 3743421 328 3 0 1
300 3743421 328 2 0 3
301 3743421 328 3 3 1
302 3743421 328 8 3 2
303 3743421 328 4 9 2
304 3743421 328 0 3 1
305 3743421 328 7 8 44
306 3746084 329 0 7 2
307 3758748 330 0 5 91
308 3758748 330 0 4 194
309 3771317 335 1 2 44
310 3784795 337 4 5 11902
311 3784795 337 4 3 98
312 3812517 339 2 3 645
313 3854548 340 5 2 3
314 3854548 340 8 1 3
315 3854548 340 7 9 15
316 3854548 340 6 2 7
317 3854548 340 9 0 40
318 3854548 340 6 1 3
319 3873053 345 7 3 13
320 3879503 348 4 1 2240
321 3884480 349 8 6 1136
322 3889271 350 9 6 38
323 3905787 353 0 7 193
324 3905787 353 0 8 90
325 3905787 353 0 5 7115
326 3908569 355 0 6 29
327 3917532 358 0 4 7138
328 3947394 365 2 3 670
329 3980764 369 10 3 6
330 3980764 369 6 0 34
331 3980764 369 3 9 224
332 3980764 369 10 7 1
333 3980764 369 9 7 1
334 3980764 369 2 7 23
335 4021372 370 8 8 3
336 4021372 370 8 2 1
337 4021372 370 4 2 1
338 4021372 370 0 8 6
339 4021372 370 7 3 10
340 4062021 380 10 4 157
341 4067327 383 4 6 187
342 4067461 384 6 2 220
343 4075276 386 7 3 976
344 4075276 386 8 3 1952
345 4108874 388 0 3 9366
346 4108874 388 0 4 28
347 4206684 390 9 0 14
348 4206684 390 9 1 110
349 4206684 390 10 3 596
350 4206684 390 2 4 27
351 4206684 390 4 7 3
352 4206684 390 9 8 2301
353 4207618 391 5 3 356
354 4241553 392 1 4 854
355 4241553 392 2 2 58
356 4241553 392 5 0 19
357 4366077 395 1 3 52
358 4366077 395 6 0 440
359 4366077 395 8 5 177
360 4366077 395 6 2 1
361 4366077 395 2 5 1065
362 4366077 395 9 5 532
363 4366077 395 10 1 3
364 4366077 395 10 2 2
365 4374645 396 8 1 405
366 4377746 398 9 9 103
367 4384210 400 2 6 38920
368 4388781 401 5 3 2385
369 4388781 401 0 3 1192
370 4430669 402 9 4 6
371 4430669 402 9 2 1
372 4464038 407 2 8 611
373 4548056 409 1 10 10
374 4548056 409 2 0 528
375 4548056 409 5 2 7
376 4548056 409 8 9 15
377 4548056 409 8 1 542
378 4548056 409 5 3 3
379 4548056 409 6 8 40
380 4548056 409 8 8 26
381 4593740 413 2 10 7
382 4593740 413 2 4 4707
383 4602035 417 6 2 58
384 4602262 418 6 5 259
385 4603379 419 10 1 7
386 4603379 419 3 8 77
387 4603379 419 6 1 60
388 4630432 422 3 2 3415
389 4648333 424 7 5 282
390 4797956 428 9 4 1
391 4797956 428 8 8 2
392 4797956 428 1 1 668
393 4797956 428 9 9 1
394 4797956 428 3 4 28
395 4797956 428 2 4 1
396 4797956 428 7 3 3
397 4797956 428 8 1 7352
398 4797956 428 2 1 668
399 4797956 428 1 5 822
400 4797956 428 4 3 3
401 4881853 430 4 8 1
402 4881853 430 1 5 16
403 4881853 430 3 6 190
404 4886360 431 6 0 184
405 4888120 433 7 4 12730
406 4902467 435 2 0 163
407 4902467 435 7 6 24
408 4922048 443 6 6 1210
409 4922048 443 6 9 43
410 4933229 446 8 4 28
411 5020130 457 5 9 13
412 5020130 457 1 4 1
413 5020130 457 0 1 1
414 5020130 457 1 10 5
415 5020130 457 0 7 1
416 5020130 457 7 3 1
417 5020130 457 4 1 1
418 5020130 457 7 9 27
419 5051888 460 1 8 47
420 5051888 460 1 1 356
421 5116766 461 1 2 11
422 5116766 461 8 7 1
423 5116766 461 9 6 122
424 5116766 461 6 9 85
425 5116766 461 10 7 1
426 5116766 461 3 0 16
427 5116766 461 7 5 1
428 5116766 461 2 8 9
429 5116766 461 0 8 9
430 5116766 461 7 10 1
431 5116766 461 7 8 9
432 5116766 461 0 4 5
433 5116766 461 2 1 11
434 5116766 461 2 2 5
435 5122375 463 2 0 60
436 5328979 466 6 7 1
437 5328979 466 7 2 50
438 5328979 466 9 0 7
439 5328979 466 7 4 652
440 5328979 466 10 3 1801
441 5328979 466 3 6 8
442 5328979 466 8 2 150
443 5328979 466 8 8 1
444 5328979 466 1 2 804
445 5328979 466 2 6 20
446 5328979 466 8 7 1
447 5328979 466 9 7 1
448 5328979 466 10 4 217
449 5328979 466 9 1 2
450 5328979 466 10 5 1
451 5328979 466 8 10 2
452 5379314 467 2 3 1
453 5379314 467 10 7 23
454 5379314 467 0 1 1
455 5393131 468 7 2 226
456 5393131 468 7 10 33231
457 5396491 469 6 4 541
458 5421898 472 9 0 7
459 5421898 472 1 0 7
460 5478912 473 1 9 12
461 5478912 473 7 5 68
462 5478912 473 4 5 68
463 5478912 473 6 9 2
464 5478912 473 1 2 15
465 5655468 475 2 6 1
466 5655468 475 8 6 4
467 5655468 475 5 5 15
468 5655468 475 7 8 5
469 5655468 475 4 6 6
470 5655468 475 10 1 13
471 5655468 475 9 9 5
472 5655468 475 0 10 10
473 5655468 475 1 8 2
474 5655468 475 3 8 2
475 5655468 475 7 9 5
476 5655468 475 3 6 1
477 5655468 475 6 8 5
478 5655468 475 3 5 5
479 5655468 475 2 1 3
480 5655468 475 1 3 23
481 5674495 477 2 5 349
482 5687931 479 0 9 1
483 5700128 483 2 10 40
484 5721613 487 5 10 202
485 5721613 487 5 3 3411
486 5721613 487 5 2 306
487 5721613 487 5 4 344
488 5722339 488 10 4 7643
489 5743903 489 2 4 48
490 5743903 489 9 0 11786
491 5922807 498 7 3 9
492 5922807 498 3 2 28
493 5922807 498 4 8 1028
494 5922807 498 8 4 50
495 5922807 498 1 7 14
496 5922807 498 8 2 4
497 5922807 498 8 9 1
498 5922807 498 9 0 64
499 5922807 498 2 8 514
500 5922807 498 9 3 1
501 5922807 498 5 3 1
502 5922807 498 0 1 53
503 5922807 498 10 9 1
504 5922807 498 0 3 1
505 5936534 499 7 7 71
506 5949764 504 3 9 1629
507 5949764 504 3 10 30
508 6045064 507 5 3 2
509 6045064 507 10 0 3
510 6045064 507 4 3 2
511 6045064 507 3 7 72
512 6045064 507 8 7 145
513 6045064 507 0 9 7
514 6182216 513 2 4 200
515 6182216 513 0 0 5
516 6182216 513 3 1 10
517 6182216 513 5 1 21
518 6182216 513 10 2 6
519 6182216 513 5 2 6
520 6182216 513 4 0 1
521 6182216 513 8 10 2
522 6182216 513 10 9 20
523 6182216 513 1 0 1
524 6182216 513 9 0 1
525 6202718 516 2 3 1
526 6202718 516 9 3 1
527 6203960 518 9 8 52
528 6224810 528 3 7 128
529 6278501 542 1 2 138
530 6280751 545 0 6 7157
531 6294432 547 4 5 7822
532 6294432 547 4 9 79
533 6310750 550 3 6 6
534 6333607 551 9 1 7
535 6342161 553 0 2 3
536 6514476 555 5 4 3318
537 6514476 555 7 0 1
538 6514476 555 10 3 607
539 6514476 555 0 10 5
540 6514476 555 8 4 829
541 6514476 555 7 10 4
542 6514476 555 3 9 4
543 6514476 555 4 2 4380
544 6514476 555 0 7 3
545 6514476 555 2 0 2
546 6514476 555 6 8 7
547 6514476 555 7 2 876
548 6514476 555 1 1 95
549 6514476 555 10 8 7
550 6514476 555 0 0 1
551 6577440 556 5 8 109
552 6577440 556 8 7 15
553 6577440 556 9 7 110
554 6577440 556 5 4 4
555 6577440 556 3 10 335
556 6591880 557 3 10 162
557 6609793 558 1 6 81
558 6609793 558 1 1 97
559 6609793 558 1 5 72
560 6616410 560 6 0 10
561 6616410 560 2 2 8
562 6624225 561 7 10 28
563 6638398 562 10 1 15233
564 6655083 563 10 6 1067
565 6655083 563 10 7 235
566 6668096 565 1 1 233
567 6668096 565 1 4 1356
568 6737104 569 1 8 8
569 6737104 569 7 2 26
570 6737104 569 0 1 65
571 6737104 569 1 2 13
572 6737104 569 0 0 52
573 6737104 569 1 1 16
574 6737104 569 10 3 1
575 6738753 571 1 7 32
576 6754007 575 1 8 15
577 6805600 576 6 1 1
578 6805600 576 0 3 30
579 6814728 578 7 9 11
580 6819364 581 6 9 62
581 6846025 582 4 1 20340
582 6866313 587 5 1 31
583 6888946 591 9 1 1
584 6893956 594 0 5 74
585 6901139 597 0 4 14
586 6958793 602 8 8 3636
587 6958793 602 8 3 56
588 7002878 611 7 2 147
589 7002878 611 7 6 205
590 7154230 612 1 3 1
591 7154230 612 2 9 14
592 7154230 612 0 4 26
593 7154230 612 6 0 71
594 7154230 612 5 10 5
595 7154230 612 3 10 5
596 7154230 612 2 8 8
597 7154230 612 8 5 120
598 7154230 612 10 8 26
599 7154230 612 7 4 26
600 7154230 612 8 7 2539
601 7154230 612 3 9 1
602 7154230 612 0 7 2539
603 7154230 612 2 2 448
604 7154230 612 1 0 71
605 7154230 612 4 4 2485
606 7154230 612 0 8 8
607 7154230 612 7 3 1
608 7154230 612 8 10 5
609 7154230 612 4 0 71
610 7309926 616 4 8 1
611 7309926 616 4 6 72
612 7309926 616 2 0 1483
613 7309926 616 3 3 62
614 7309926 616 6 3 145
615 7309926 616 10 9 2
616 7309926 616 2 6 72
617 7309926 616 2 2 1
618 7309926 616 9 9 8
619 7309926 616 9 3 20
620 7309926 616 8 0 6921
621 7309926 616 6 0 494
622 7309926 616 8 10 854
623 7309926 616 7 4 1
624 7309926 616 6 2 1
625 7309926 616 6 4 1
626 7334741 622 7 6 13081
627 7338655 624 2 5 2839
628 7338655 624 0 5 2839
629 7339880 625 7 0 104
630 7358744 626 2 7 117
631 7358744 626 2 3 6058
632 7394345 631 7 6 351
633 7430092 633 5 7 3
634 7436902 634 7 6 15150
635 7445723 635 5 0 102
636 7445723 635 5 10 15796
637 7447612 636 6 5 1003
638 7554699 644 1 0 8
639 7554699 644 10 6 1
640 7554699 644 8 4 4530
641 7554699 644 2 7 92
642 7554699 644 0 3 10
643 7554699 644 7 8 908
644 7554699 644 2 6 1
645 7554699 644 7 5 10
646 7555865 645 4 8 20
647 7561689 649 4 1 3092
648 7562951 650 7 10 29
649 7583794 661 7 0 13
650 7583915 663 1 1 14315
651 7718043 671 2 1 476
652 7718043 671 10 5 30
653 7718043 671 10 8 5
654 7718043 671 3 4 1342
655 7718043 671 3 9 8
656 7718043 671 8 0 7
657 7718043 671 0 7 1
658 7718043 671 10 10 4
659 7718043 671 4 6 8
660 7718043 671 6 2 6
661 7718043 671 4 3 61
662 7718043 671 1 3 61
663 7742083 675 2 0 55
664 7742083 675 2 9 21
665 7754514 678 6 4 18
666 7864166 683 7 7 548
667 7864166 683 4 0 4
668 7864166 683 6 8 5
669 7864166 683 4 10 16
670 7864166 683 9 4 638
671 7864166 683 10 7 1097
672 7864166 683 10 6 135
673 7864166 683 7 2 1527
674 7864166 683 1 4 638
675 7864166 683 8 1 50
676 7864166 683 8 6 10
677 7864166 683 9 1 25
678 7864166 683 3 2 4582
679 7864166 683 7 8 11
680 7864166 683 1 5 4
681 7866184 685 1 4 41
682 7866766 686 7 1 88
683 7872645 687 5 8 7
684 7872645 687 0 2 16
685 7892460 689 5 10 2
686 7892460 689 6 10 48
687 7941492 690 0 0 5775
688 7941492 690 4 9 17
689 7941492 690 4 6 73
690 7941492 690 0 1 12
691 7983460 692 7 7 181
692 7983460 692 2 10 12
693 7983460 692 6 7 181
694 7983460 692 7 3 3329
695 7983460 692 10 0 2
696 7997019 693 8 10 1001
697 8186148 695 5 10 1
698 8186148 695 9 8 1
699 8186148 695 2 10 1
700 8186148 695 1 8 1
701 8186148 695 2 5 7
702 8186148 695 6 9 1503
703 8186148 695 7 2 793
704 8186148 695 5 8 1
705 8186148 695 10 2 1587
706 8186148 695 2 7 1
707 8186148 695 3 1 11
708 8186148 695 8 2 793
709 8186148 695 5 4 1
710 8186148 695 0 3 8
711 8193861 697 4 10 15
712 8193861 697 6 1 154
713 8193861 697 6 6 3138
714 8237005 698 5 0 4
715 8237005 698 2 5 3
716 8237005 698 2 8 8
717 8237005 698 5 7 21
718 8237005 698 5 8 43
719 8259854 701 10 2 7
720 8259854 701 0 9 1
721 8296921 702 3 3 1
722 8296921 702 3 9 43
723 8334330 703 2 2 4702
724 8334330 703 2 0 74
725 8334330 703 2 10 81
726 8334330 703 9 7 548
727 8343144 708 7 4 12039
728 8365879 710 3 10 1
729 8365879 710 3 9 22919
730 8365879 710 3 1 44
731 8387790 714 10 4 1126
732 8388241 715 8 7 12
733 8464225 718 7 4 27
734 8464225 718 10 4 275
735 8464225 718 6 3 15
736 8464225 718 10 10 10
737 8497608 723 3 1 113
738 8497608 723 6 7 16
739 8497608 723 6 2 3584
740 8497608 723 6 0 79
741 8510365 724 6 5 1502
742 8577970 732 4 2 240
743 8577970 732 6 3 7
744 8577970 732 5 0 4
745 8577970 732 7 8 39
746 8621585 735 6 3 8
747 8621585 735 6 10 8
748 8621585 735 6 5 36
749 8624576 736 2 6 1770
750 8652222 739 10 2 39026
751 8752336 741 10 4 33
752 8752336 741 3 2 9
753 8752336 741 0 8 1
754 8752336 741 6 8 1
755 8752336 741 0 10 110
756 8752336 741 9 7 2
757 8752336 741 4 8 1
758 8752336 741 0 4 33
759 8773247 746 6 9 88
760 8792041 749 5 9 2
761 8792041 749 10 7 20
762 8880066 751 5 3 727
763 8880066 751 5 6 111
764 8880066 751 9 4 27
765 8880066 751 4 4 54
766 8880066 751 0 2 119
767 8880066 751 9 2 119
768 8880066 751 4 7 10
769 8880066 751 5 0 23
770 8880066 751 2 6 55
771 8880066 751 4 5 355
772 8880066 751 0 10 17
773 8897134 753 9 4 9625
774 8918649 755 9 4 137
775 8918649 755 9 6 4
776 8949353 759 9 3 11
777 8958881 762 4 1 36
778 8961408 764 3 2 84
779 9013965 766 5 5 54
780 9013965 766 7 5 41
781 9013965 766 8 5 13
782 9013965 766 1 6 172
783 9013965 766 3 3 1
784 9017682 767 6 8 67
785 9052733 768 0 10 47
786 9052733 768 8 1 41
787 9052733 768 0 5 373
788 9055576 772 1 1 94
789 9099635 780 0 2 6098
790 9105698 782 0 4 1
791 9106831 783 7 10 8
792 9126390 793 4 7 6073
793 9145112 798 4 10 193
794 9165149 804 4 10 98
795 9194141 816 7 10 175
796 9381148 822 8 9 9
797 9381148 822 2 9 1
798 9381148 822 7 3 5
799 9381148 822 9 6 4
800 9381148 822 5 3 1
801 9381148 822 9 3 1
802 9381148 822 6 0 4
803 9381148 822 9 5 26
804 9381148 822 2 2 3
805 9381148 822 2 7 1244
806 9381148 822 5 0 16
807 9381148 822 2 1 1
808 9381148 822 10 1 1
809 9381148 822 1 7 276
810 9518721 823 9 2 6
811 9518721 823 2 1 969
812 9518721 823 1 10 1
813 9518721 823 8 5 1198
814 9518721 823 2 5 1797
815 9518721 823 3 9 1
816 9518721 823 10 10 1
817 9518721 823 9 1 1938
818 9518721 823 1 0 8
819 9518721 823 1 6 1980
820 9518721 823 10 1 969
821 9522205 824 0 10 47
822 9562322 825 6 1 171
823 9562322 825 4 2 27
824 9568894 828 6 0 60
825 9587048 830 3 2 42
826 9587048 830 8 5 5
827 9618679 833 7 4 24511
828 9618679 833 7 7 1338
829 9638897 834 2 0 15
830 9638897 834 8 10 1400
831 9646276 837 6 9 79
832 9652252 841 10 5 4815
833 9671044 842 1 10 21
834 9685929 845 5 7 51
835 9697721 846 5 6 89
836 9698870 848 8 4 118
837 9700131 849 9 10 39
838 9704250 851 0 6 15
839 9729986 857 9 0 2932
840 9745011 859 6 6 60
841 9745011 859 6 3 63
842 9745011 859 6 10 7
843 9759803 861 3 7 1201
844 9759803 861 3 4 112
845 9866799 864 2 8 113
846 9866799 864 7 2 954
847 9866799 864 8 1 4
848 9866799 864 2 9 35
849 9866799 864 0 10 517
850 9866799 864 9 9 105
851 9866799 864 10 5 15
852 9866799 864 1 1 4
853 9866799 864 7 4 17
854 9891746 871 6 8 758
855 9898059 873 8 2 1986
856 9915727 874 2 6 213
857 9915727 874 2 10 51
858 9924559 875 4 7 9
859 9940963 881 6 2 1685
860 9940963 881 4 2 561
861 9941478 882 9 2 223
862 9942460 884 0 6 33
863 10017428 886 8 9 751
864 10017428 886 2 1 33
865 10017428 886 1 9 2254
866 10017428 886 7 7 8
867 10030945 888 10 8 196
868 10034864 889 9 2 34
869 10106638 894 10 8 1
870 10106638 894 5 1 19
871 10106638 894 10 10 33
872 10106638 894 7 7 1
873 10111718 895 7 9 9
874 10150385 896 9 3 1586
875 10150385 896 4 2 38
876 10150385 896 3 2 38
877 10205584 903 1 4 337
878 10205584 903 1 1 7
879 10205584 903 1 7 111
880 10216669 905 5 8 95
881 10216669 905 6 8 95
882 10250988 907 2 0 36
883 10250988 907 2 9 153
884 10250988 907 4 3 18
885 10250988 907 4 9 76
886 10265807 909 9 3 21
887 10280738 911 6 0 1365
888 10309975 916 10 3 99
889 10309975 916 0 3 49
890 10316041 918 0 1 124
891 10329914 919 9 1 16
892 10329914 919 7 1 9
893 10354289 924 6 6 3
894 10375681 926 7 5 9235
895 10378870 928 1 10 51
896 10549840 929 5 5 682
897 10549840 929 7 2 8
898 10549840 929 7 3 3
899 10549840 929 0 4 878
900 10549840 929 3 4 878
901 10549840 929 7 8 14
902 10549840 929 8 8 9
903 10549840 929 8 3 169
904 10549840 929 4 4 2635
905 10549840 929 3 2 21
906 10549840 929 5 10 1
907 10549840 929 10 4 1756
908 10549840 929 10 0 10
909 10549840 929 3 10 1
910 10549840 929 4 9 8
911 10549840 929 5 6 54
912 10651158 930 1 2 43
913 10651158 930 0 7 10
914 10651158 930 7 1 14
915 10651158 930 7 6 13
916 10651158 930 2 6 13
917 10651158 930 0 5 22
918 10651158 930 0 8 309
919 10651158 930 1 5 22
920 10651158 930 7 10 683
921 10742656 931 3 3 124
922 10742656 931 3 9 2119
923 10742656 931 2 0 11622
924 10742656 931 8 1 84
925 10742656 931 3 5 4188
926 10742656 931 5 10 225
927 10742656 931 6 2 1607
928 10742656 931 5 5 349
929 10742656 931 10 0 3169
930 10742656 931 10 8 16
931 10742656 931 5 1 10
932 10742656 931 8 10 225
933 10803202 932 0 2 1805
934 10803202 932 10 6 4
935 10803202 932 5 3 13
936 10803202 932 4 6 4
937 10803202 932 5 4 6
938 10803202 932 3 1 779
939 10803202 932 6 10 47
940 10803202 932 0 4 6
941 10809389 934 1 7 15
942 10813588 935 5 1 1573
943 10813588 935 1 1 1573
944 10817359 936 0 4 58
945 10840326 940 0 5 111
946 11002570 941 9 4 1
947 11002570 941 8 8 1
948 11002570 941 4 3 4
949 11002570 941 4 6 2
950 11002570 941 0 9 1305
951 11002570 941 1 2 2
952 11002570 941 4 9 3916
953 11002570 941 2 6 5
954 11002570 941 1 1 1248
955 11002570 941 5 1 192
956 11002570 941 10 2 2
957 11002570 941 8 4 11
958 11002570 941 6 4 1
959 11002570 941 10 4 1
960 11002570 941 0 3 1
961 11002570 941 6 5 388
962 11002570 941 1 0 5
963 11002570 941 1 6 5
964 11002570 941 0 6 34
965 11002570 941 9 0 22
966 11002570 941 6 0 5
967 11002570 941 0 2 2
968 11009291 946 8 9 37
969 11024936 948 8 6 3958
970 11024936 948 5 7 73
971 11024936 948 8 4 5
972 11029194 949 6 4 3132
973 11049497 952 4 4 55
974 11050176 954 10 1 315
975 11058570 957 1 9 17
976 11081482 959 10 4 73
977 11081482 959 10 6 11
978 11081482 959 10 9 43
979 11098288 961 9 5 1719
980 11218408 967 5 2 15
981 11218408 967 4 6 6161
982 11218408 967 6 6 3080
983 11218408 967 0 6 9242
984 11218408 967 4 1 369
985 11218408 967 5 7 486
986 11218408 967 7 5 7
987 11218408 967 5 5 7
988 11233533 970 10 6 74
989 11254411 972 10 0 323
990 11285223 973 0 8 2624
991 11285223 973 2 1 4
992 11310903 980 1 10 102
993 11310954 981 1 6 406
994 11324920 988 8 4 7153
995 11370183 994 9 0 3
996 11370183 994 6 1 1
997 11370183 994 10 0 3
998 11370183 994 7 0 6
999 11374762 995 6 6 518
