11 334 1000
0 17217 0 1 1 3
1 17217 0 9 1 6
2 17217 0 9 7 46
3 65710 3 10 4 3213
4 65710 3 5 2 11041
5 65710 3 10 5 113
6 76059 4 7 5 43
7 79597 6 3 9 2025
8 120112 9 4 10 25
9 120112 9 4 3 74
10 120112 9 7 9 45
11 120112 9 7 3 74
12 129282 11 0 9 88
13 168617 13 1 1 265
14 168617 13 5 5 13
15 168617 13 3 9 2319
16 168617 13 5 1 530
17 168617 13 1 9 30152
18 168617 13 10 9 18555
19 168617 13 1 8 1
20 220596 17 6 2 526
21 220596 17 7 7 2
22 220596 17 5 8 30
23 220596 17 6 8 1
24 220596 17 7 4 12
25 220596 17 1 8 1
26 230164 18 1 6 36
27 258936 21 3 5 18
28 258936 21 4 4 22
29 258936 21 3 7 129
30 258936 21 4 7 86
31 280118 28 0 8 53
32 304772 29 2 2 8778
33 304772 29 10 7 2267
34 304772 29 10 10 175
35 307119 30 2 6 11
36 313047 31 4 7 4140
37 317283 34 3 5 1261
38 333713 37 8 10 4
39 333713 37 3 9 6321
40 363714 41 10 5 3030
41 365476 42 8 0 5
42 372122 44 1 3 43
43 373745 45 4 6 1063
44 388488 50 1 3 14
45 388488 50 2 0 44
46 491538 51 9 6 5
47 491538 51 2 4 15
48 491538 51 0 4 15
49 491538 51 7 2 5
50 491538 51 3 0 10
51 491538 51 9 5 24
52 491538 51 3 6 1
53 492916 53 4 10 10
54 554637 59 8 9 18
55 554637 59 2 10 3
56 554637 59 2 9 18
57 554637 59 8 10 27
58 564921 61 10 2 24
59 583979 66 0 4 60
60 583979 66 0 2 233
61 583979 66 0 1 84
62 583987 67 1 7 10
63 588458 68 3 4 3
64 588762 69 5 1 15911
65 607051 70 8 7 1
66 607051 70 10 6 45
67 622504 72 6 1 5
68 622504 72 6 7 60
69 687583 75 9 7 1
70 687583 75 8 0 63
71 687583 75 4 2 7002
72 687583 75 5 1 5916
73 687583 75 1 7 1
74 687583 75 3 5 115
75 687583 75 6 9 1
76 688226 76 9 3 98
77 790540 84 3 5 4
78 790540 84 3 7 21
79 790540 84 10 9 1
80 790540 84 3 6 1
81 790540 84 7 7 21
82 790540 84 3 0 7
83 790540 84 2 0 15
84 790540 84 3 2 308
85 790540 84 10 3 8
86 811912 89 7 3 43
87 811912 89 7 9 100
88 811912 89 7 10 53
89 821385 91 1 2 10456
90 821385 91 6 2 2201
91 838983 96 10 5 88
92 851788 97 9 9 1843
93 851788 97 0 9 1843
94 899510 99 0 5 5
95 899510 99 9 8 1
96 981309 102 2 4 4
97 981309 102 0 0 35
98 981309 102 1 3 5
99 981309 102 6 8 14609
100 981309 102 5 6 1
101 981309 102 6 3 5
102 981309 102 0 7 3
103 981309 102 7 4 16
104 989123 103 9 5 13
105 995592 104 4 9 60
106 997929 106 4 9 39149
107 1035680 108 4 5 90
108 1035680 108 0 6 7
109 1035680 108 5 7 4
110 1055742 116 2 4 113
111 1077912 118 7 5 16
112 1088192 124 1 3 7
113 1091736 126 0 0 119
114 1091736 126 3 0 39
115 1112445 127 0 4 115
116 1125731 132 6 0 21
117 1154278 136 1 4 6084
118 1154278 136 8 10 32
119 1154278 136 8 5 496
120 1220138 137 2 8 4
121 1220138 137 10 7 3
122 1220138 137 0 8 14
123 1220138 137 10 9 2136
124 1220138 137 2 0 4
125 1220138 137 6 0 4
126 1220138 137 7 9 2136
127 1220138 137 8 10 668
128 1226772 139 7 1 25
129 1226772 139 10 1 50
130 1240284 143 0 1 26
131 1257865 146 7 8 1332
132 1257865 146 3 4 5
133 1258619 147 9 6 19051
134 1262651 148 9 10 21
135 1272505 150 2 7 5692
136 1282698 153 8 9 37
137 1347536 154 3 7 1284
138 1347536 154 0 6 115
139 1347536 154 1 10 17
140 1347536 154 4 8 43
141 1347536 154 3 9 11
142 1347536 154 5 8 21
143 1347536 154 1 4 10
144 1347536 154 6 5 69
145 1431846 160 2 5 5
146 1431846 160 5 6 2
147 1431846 160 7 0 11
148 1431846 160 3 9 4
149 1431846 160 9 6 2
150 1431846 160 4 3 2
151 1431846 160 8 1 17
152 1460481 162 5 0 1899
153 1460481 162 10 6 14
154 1460757 163 4 3 297
155 1473965 165 7 4 29
156 1473965 165 6 5 220
157 1478608 168 6 2 30
158 1490092 170 3 6 163
159 1490092 170 3 8 83
160 1511060 174 9 2 9
161 1511060 174 9 10 9
162 1539368 177 0 5 42
163 1539368 177 3 2 1
164 1642546 198 2 10 7
165 1642546 198 5 9 31
166 1642546 198 3 4 2
167 1642546 198 9 5 1
168 1642546 198 9 4 4
169 1649558 202 3 6 222
170 1649558 202 3 3 146
171 1667315 203 8 9 59
172 1667315 203 7 0 49
173 1701077 210 5 3 7
174 1701077 210 0 3 1
175 1701077 210 3 3 1
176 1719800 222 7 7 112
177 1727069 224 3 5 91
178 1727069 224 3 4 238
179 1732824 227 5 7 1033
180 1763285 229 6 4 17
181 1763285 229 6 9 74
182 1763285 229 0 1 1
183 1763285 229 6 8 118
184 1763285 229 0 8 118
185 1763285 229 0 6 27
186 1763285 229 6 5 19
187 1763285 229 2 2 616
188 1799305 230 8 2 48
189 1802169 231 7 6 2
190 1869128 233 9 5 1
191 1869128 233 6 7 1
192 1869128 233 7 2 17
193 1869128 233 5 7 1
194 1869128 233 2 5 1
195 1869128 233 9 6 6
196 1869128 233 4 8 5
197 1900430 237 4 3 1
198 1900430 237 10 9 11
199 1900430 237 4 9 11
200 1902046 238 3 9 432
201 1984125 241 9 10 1014
202 1984125 241 3 8 1
203 1984125 241 6 10 8112
204 1984125 241 6 8 1
205 1984125 241 6 7 6
206 1992060 246 7 0 7
207 1995770 250 3 9 15
208 1998683 253 2 6 83
209 2038683 259 10 0 14
210 2038683 259 0 1 891
211 2038683 259 8 0 89
212 2039093 261 2 6 94
213 2118019 262 8 6 43
214 2118019 262 9 0 19
215 2118019 262 3 8 14
216 2118019 262 4 3 3
217 2118019 262 0 4 1
218 2118019 262 2 3 1
219 2118019 262 9 7 1
220 2118019 262 2 1 30
221 2118019 262 8 10 55
222 2118019 262 4 9 15
223 2118019 262 2 7 5
224 2118019 262 2 10 12
225 2118019 262 9 2 6
226 2127941 263 6 10 1524
227 2127941 263 1 10 4572
228 2127941 263 9 10 1524
229 2129971 265 1 3 69
230 2136186 268 5 0 210
231 2145034 269 4 1 4881
232 2145034 269 4 5 39
233 2157878 276 8 5 169
234 2172133 282 8 2 74
235 2308595 287 9 9 1
236 2308595 287 7 8 5
237 2308595 287 5 7 807
238 2308595 287 3 4 1
239 2308595 287 5 10 7
240 2308595 287 9 5 2
241 2308595 287 5 0 3
242 2308595 287 8 6 24
243 2308595 287 1 1 3
244 2308595 287 5 3 5
245 2308595 287 4 2 6
246 2308595 287 0 0 3
247 2308595 287 4 5 2
248 2308595 287 10 1 3
249 2308595 287 1 0 5
250 2308595 287 7 0 74
251 2355239 291 2 0 8
252 2355239 291 1 8 35
253 2355239 291 6 0 3
254 2355239 291 10 3 211
255 2355239 291 3 3 844
256 2397995 292 8 6 13
257 2397995 292 3 0 12
258 2397995 292 6 9 1235
259 2397995 292 9 8 218
260 2397995 292 0 8 218
261 2397995 292 10 9 529
262 2397995 292 3 8 654
263 2408515 297 1 10 64
264 2427455 298 1 1 12
265 2427455 298 1 8 2839
266 2480768 303 8 9 204
267 2480768 303 1 7 3
268 2480768 303 0 0 3
269 2480768 303 9 10 14
270 2480768 303 2 0 2
271 2480768 303 3 9 204
272 2510202 304 2 6 577
273 2510202 304 3 0 17
274 2510202 304 2 9 58
275 2515883 305 6 7 116
276 2518609 307 8 4 476
277 2518609 307 5 4 3332
278 2528426 308 6 2 3
279 2533286 310 10 7 73
280 2545709 316 0 4 43
281 2611946 317 5 3 54
282 2611946 317 2 3 54
283 2611946 317 3 4 10
284 2611946 317 4 1 14
285 2611946 317 7 1 42
286 2611946 317 1 9 27
287 2611946 317 5 10 55
288 2611946 317 7 0 4
289 2611946 317 0 1 14
290 2611946 317 5 9 21
291 2611946 317 8 10 110
292 2618134 321 1 5 3080
293 2618727 322 7 5 121
294 2636128 324 7 9 95
295 2636128 324 0 10 24
296 2644230 327 3 1 60
297 2673872 328 6 5 594
298 2673872 328 5 8 267
299 2673872 328 1 3 1
300 2673872 328 9 5 4162
301 2673872 328 5 5 297
302 2673872 328 0 8 44
303 2685639 333 3 5 304
304 2686710 334 1 9 1536
305 2693798 335 1 7 96
306 2693798 335 1 4 11349
307 2693798 335 1 0 231
308 2703425 337 4 2 67
309 2703425 337 4 4 1536
310 2704030 338 7 5 18
311 2723227 339 2 7 15
312 2753249 340 6 2 7
313 2753249 340 9 7 2998
314 2753249 340 6 0 20
315 2753249 340 5 4 1
316 2758378 342 7 4 33
317 2758661 343 6 4 129
318 2790284 354 2 5 5284
319 2798237 358 1 8 49
320 2826037 366 0 2 23
321 2843402 369 6 0 34
322 2843402 369 1 9 476
323 2843402 369 1 8 28
324 2843402 369 2 0 17
325 2872409 370 9 2 1
326 2872409 370 9 3 10
327 2872409 370 0 5 1
328 2872409 370 2 5 1
329 2879300 377 9 8 86
330 2901443 380 10 0 984
331 2901443 380 10 1 100
332 2901443 380 10 8 9844
333 2904539 382 1 0 15
334 2905329 384 6 2 220
335 2910912 386 9 3 488
336 2910912 386 6 3 976
337 2934910 388 0 9 4765
338 2934910 388 7 10 17
339 2934910 388 0 3 9366
340 2934910 388 7 2 3
341 2934910 388 7 7 30
342 3004774 390 9 10 1
343 3004774 390 10 8 767
344 3004774 390 7 6 114
345 3004774 390 5 10 1
346 3004774 390 3 4 27
347 3004774 390 3 10 26
348 3005441 391 5 3 356
349 3029681 392 7 5 1283
350 3029681 392 9 2 352
351 3029681 392 2 4 427
352 3029681 392 3 9 3
353 3032903 393 8 1 46
354 3118626 395 8 2 1
355 3118626 395 7 3 10
356 3118626 395 3 3 21
357 3118626 395 10 1 3
358 3118626 395 1 3 52
359 3118626 395 2 10 10
360 3118626 395 8 8 33
361 3118626 395 4 8 33
362 3118626 395 4 9 2555
363 3118626 395 8 10 31
364 3164763 402 9 4 6
365 3164763 402 2 1 907
366 3164763 402 9 9 42
367 3166285 404 2 0 10
368 3176060 406 1 10 204
369 3248611 409 8 1 542
370 3248611 409 5 3 3
371 3248611 409 10 5 797
372 3248611 409 6 9 60
373 3248611 409 8 5 797
374 3248611 409 10 4 4
375 3248611 409 1 2 11
376 3248611 409 8 2 3
377 3248611 409 2 4 2
378 3248611 409 8 7 1
379 3248611 409 5 10 10
380 3248611 409 1 0 528
381 3248611 409 2 10 15
382 3248611 409 5 5 797
383 3281243 413 9 7 32
384 3307451 422 9 7 4
385 3307451 422 1 7 4
386 3307826 423 3 1 4754
387 3320238 424 7 4 84
388 3320238 424 7 8 143
389 3427112 428 7 5 822
390 3427112 428 0 3 3
391 3427112 428 4 10 38
392 3427112 428 1 7 1
393 3427112 428 9 6 1
394 3427112 428 0 7 1
395 3427112 428 7 4 1
396 3427112 428 0 1 668
397 3427112 428 5 9 3
398 3427112 428 3 3 3
399 3427112 428 5 4 1
400 3427112 428 10 0 1
401 3427112 428 6 8 7
402 3487038 430 5 8 4
403 3487038 430 8 4 3
404 3487038 430 3 1 3154
405 3487038 430 2 2 18
406 3487038 430 0 2 18
407 3487038 430 8 2 36
408 3487038 430 7 6 381
409 3487038 430 2 8 2
410 3494346 434 9 2 74
411 3501762 435 0 1 108
412 3501762 435 0 6 24
413 3509530 440 5 10 4
414 3511185 442 6 1 1280
415 3515748 443 6 8 4
416 3515748 443 6 2 42
417 3515748 443 6 9 43
418 3515748 443 6 3 83
419 3523735 446 8 4 28
420 3528416 449 9 6 39058
421 3533122 452 8 10 147
422 3537360 454 8 8 35
423 3585807 457 4 3 14
424 3585807 457 7 3 1
425 3585807 457 4 5 32
426 3585807 457 0 1 1
427 3590865 458 4 4 1978
428 3608491 460 1 8 47
429 3608491 460 1 10 64
430 3608491 460 1 9 91
431 3654832 461 0 6 245
432 3654832 461 4 7 1
433 3654832 461 9 7 1
434 3654832 461 3 6 614
435 3654832 461 1 6 122
436 3654832 461 4 8 9
437 3806414 466 1 4 217
438 3806414 466 5 5 1
439 3806414 466 10 7 22
440 3806414 466 8 5 1
441 3806414 466 7 8 1
442 3806414 466 1 5 2
443 3806414 466 2 9 28
444 3806414 466 3 1 11
445 3806414 466 0 10 6
446 3806414 466 0 7 1
447 3806414 466 8 0 7
448 3806414 466 2 10 2
449 3806414 466 1 3 3602
450 3806414 466 4 0 15
451 3806414 466 8 2 150
452 3806414 466 9 6 4
453 3806414 466 0 8 1
454 3806414 466 6 0 7
455 3806414 466 3 0 7
456 3806414 466 4 1 2
457 3806414 466 6 3 1801
458 3806414 466 6 1 2
459 3806414 466 10 0 7
460 3842367 467 6 0 430
461 3842367 467 4 5 5
462 3842367 467 0 3 4
463 3842367 467 6 7 5
464 3842367 467 5 0 430
465 3842367 467 0 6 6
466 3842367 467 9 0 3875
467 3842367 467 10 7 23
468 3842367 467 10 1 1
469 3852236 468 7 3 165
470 3852236 468 7 6 61
471 3852236 468 7 4 34
472 3872784 472 9 0 7
473 3913509 473 1 10 3
474 3913509 473 6 9 2
475 3913509 473 0 3 14
476 3913509 473 8 6 5
477 4039620 475 5 3 1
478 4039620 475 2 3 1
479 4039620 475 6 4 1
480 4039620 475 3 9 5
481 4039620 475 9 9 5
482 4039620 475 8 4 1
483 4039620 475 2 10 51
484 4039620 475 0 8 7
485 4039620 475 10 3 4
486 4039620 475 3 5 5
487 4039620 475 8 0 1
488 4039620 475 9 5 2
489 4039620 475 8 8 60
490 4039620 475 4 0 1
491 4039620 475 3 8 2
492 4053211 477 2 1 282
493 4053211 477 2 6 69
494 4071520 483 7 10 8
495 4072307 485 2 0 117
496 4086866 487 5 2 306
497 4086866 487 5 6 23
498 4102788 489 3 7 5
499 4102788 489 0 5 94
500 4102788 489 2 5 94
501 4230576 498 3 10 13
502 4230576 498 3 8 514
503 4230576 498 2 0 10
504 4230576 498 7 2 9
505 4230576 498 0 3 1
506 4230576 498 6 7 7
507 4230576 498 3 1 35
508 4230576 498 5 6 1
509 4230576 498 5 0 10
510 4230576 498 7 9 18
511 4230576 498 8 9 1
512 4230576 498 8 5 175
513 4230576 498 7 3 9
514 4230576 498 3 9 1
515 4230576 498 6 9 1
516 4230576 498 2 1 17
517 4230576 498 5 5 702
518 4230576 498 6 5 175
519 4230576 498 8 6 1
520 4240381 499 7 10 10
521 4317903 507 0 9 7
522 4317903 507 5 3 2
523 4317903 507 7 9 43
524 4317903 507 8 9 7
525 4317903 507 1 8 52
526 4317903 507 9 3 14
527 4317903 507 7 10 178
528 4317903 507 7 4 4287
529 4317903 507 5 1 2
530 4317903 507 3 7 72
531 4317903 507 7 7 72
532 4321220 509 2 1 115
533 4344640 510 6 8 7
534 4344640 510 7 10 87
535 4344640 510 7 9 1
536 4344640 510 6 10 29
537 4415869 513 3 2 6
538 4415869 513 7 2 42
539 4415869 513 2 9 20
540 4415869 513 0 0 5
541 4415869 513 9 0 1
542 4415869 513 2 2 30
543 4415869 513 6 7 11
544 4415869 513 0 4 200
545 4430513 516 10 3 54
546 4435681 522 5 9 21
547 4462637 535 9 1 238
548 4462637 535 7 1 59
549 4462637 535 2 1 59
550 4484643 542 1 3 210
551 4484643 542 1 8 84
552 4484643 542 1 4 16
553 4484643 542 1 7 28344
554 4486250 545 0 6 7157
555 4496022 547 4 2 327
556 4496489 548 5 7 298
557 4507679 550 1 6 6
558 4524005 551 5 1 3
559 4524005 551 4 1 3
560 4524005 551 9 1 7
561 4653197 555 2 4 829
562 4653197 555 5 2 876
563 4653197 555 6 2 876
564 4653197 555 0 8 7
565 4653197 555 0 7 3
566 4653197 555 0 3 202
567 4653197 555 9 8 7
568 4653197 555 3 4 829
569 4653197 555 2 2 2628
570 4653197 555 3 3 202
571 4653197 555 9 10 1
572 4653197 555 1 10 1
573 4653197 555 4 10 197
574 4698172 556 8 0 1
575 4698172 556 0 0 1
576 4698172 556 0 4 4
577 4721280 558 1 1 97
578 4721280 558 1 3 9246
579 4726007 560 7 0 10
580 4741713 562 10 0 17
581 4741713 562 10 3 1378
582 4762926 565 1 2 99585
583 4763775 568 8 2 137
584 4812217 569 0 7 1
585 4812217 569 3 6 1
586 4812217 569 4 6 1
587 4812217 569 3 7 8
588 4812217 569 6 10 12
589 4812217 569 3 0 26
590 4812217 569 1 6 1
591 4812217 569 4 5 1
592 4812217 569 0 0 52
593 4812217 569 10 2 78
594 4812217 569 5 6 1
595 4812217 569 6 5 1
596 4817942 573 2 5 6
597 4824290 575 0 8 15
598 4824290 575 6 8 15
599 4861143 576 10 3 30
600 4861143 576 0 7 9
601 4861143 576 1 6 4
602 4862411 577 0 0 2339
603 4867948 579 3 0 57
604 4901066 583 6 1 2272
605 4902611 585 10 3 1425
606 4912018 588 4 9 111
607 4920676 591 4 1 2
608 4921188 592 10 1 40
609 4934058 599 7 1 186
610 4936142 600 3 8 66
611 4970566 602 6 5 30
612 4972008 604 9 6 322
613 5002056 611 1 2 8
614 5110164 612 2 8 8
615 5110164 612 3 2 448
616 5110164 612 4 7 2539
617 5110164 612 6 6 1
618 5110164 612 0 0 142
619 5110164 612 2 7 2539
620 5110164 612 9 6 3
621 5110164 612 10 0 142
622 5110164 612 4 6 1
623 5110164 612 2 0 71
624 5110164 612 0 7 2539
625 5110164 612 6 3 1
626 5119253 613 3 6 58
627 5119253 613 3 10 14831
628 5119253 613 3 9 4062
629 5221376 616 4 7 25228
630 5221376 616 10 9 2
631 5221376 616 6 10 2564
632 5221376 616 0 9 5
633 5221376 616 10 3 20
634 5221376 616 7 8 3
635 5221376 616 5 4 3
636 5221376 616 9 3 20
637 5221376 616 4 5 1227
638 5221376 616 5 0 494
639 5221376 616 4 6 72
640 5221376 616 10 10 1709
641 5221376 616 1 6 36
642 5221376 616 6 8 1
643 5223323 617 4 2 116
644 5229823 619 8 6 91
645 5238992 621 6 8 18
646 5256245 626 2 6 1690
647 5270718 628 1 0 118
648 5270718 628 1 7 2415
649 5281675 631 9 5 232
650 5312073 634 7 0 1249
651 5312073 634 7 4 53
652 5312073 634 7 7 20
653 5318373 635 5 3 16
654 5318373 635 5 1 1250
655 5318373 635 5 8 1373
656 5318373 635 5 0 102
657 5331795 638 0 7 406
658 5333387 641 5 6 2
659 5396213 644 3 0 8
660 5396213 644 1 6 1
661 5396213 644 6 7 370
662 5396213 644 9 1 6
663 5396213 644 1 10 1
664 5396213 644 2 7 92
665 5396213 644 8 3 10
666 5397046 645 4 8 20
667 5402183 651 5 8 25
668 5409781 660 10 7 16605
669 5416996 661 9 0 13
670 5416996 661 7 0 13
671 5512887 671 9 8 34
672 5512887 671 7 2 19
673 5512887 671 2 6 8
674 5512887 671 0 8 5
675 5512887 671 8 7 1
676 5512887 671 9 5 30
677 5512887 671 7 5 30
678 5512887 671 5 9 8
679 5512887 671 6 2 6
680 5517341 674 4 2 83
681 5532542 676 8 4 41
682 5538938 678 6 4 18
683 5548966 682 10 7 108
684 5617261 683 1 4 638
685 5617261 683 10 3 59
686 5617261 683 10 6 135
687 5617261 683 6 4 638
688 5617261 683 1 5 4
689 5617261 683 1 1 50
690 5623318 687 5 8 7
691 5637471 689 6 10 48
692 5637471 689 9 4 318
693 5637471 689 6 4 636
694 5637471 689 8 10 1
695 5672494 690 8 6 14
696 5672494 690 0 0 5775
697 5672494 690 8 4 1727
698 5672494 690 0 7 11086
699 5672494 690 0 5 4
700 5673988 691 2 2 49
701 5702471 692 6 4 38
702 5712156 693 8 9 102
703 5847249 695 9 5 7
704 5847249 695 1 0 42
705 5847249 695 9 6 1
706 5847249 695 10 0 21
707 5847249 695 9 2 793
708 5847249 695 7 0 149
709 5847249 695 4 5 71
710 5847249 695 0 3 8
711 5847249 695 3 4 1
712 5847249 695 4 8 1
713 5847249 695 9 10 1
714 5847249 695 5 10 1
715 5847249 695 5 1 3
716 5847249 695 5 6 1
717 5847249 695 5 9 214
718 5847249 695 10 8 1
719 5847249 695 6 7 1
720 5848816 696 4 9 362
721 5852758 697 1 6 1569
722 5883575 698 2 0 22
723 5883575 698 10 8 312
724 5883575 698 5 9 66
725 5883575 698 2 4 268
726 5883575 698 5 1 3
727 5883575 698 5 5 6
728 5899895 701 8 9 1
729 5926372 702 4 10 74
730 5926372 702 4 4 649
731 5926372 702 0 1 25
732 5926372 702 0 0 2375
733 5926372 702 3 4 649
734 5926372 702 3 3 1
735 5953093 703 9 7 548
736 5957547 706 5 7 40
737 5975627 710 3 9 22919
738 5975627 710 3 6 32
739 6045875 718 6 0 1
740 6045875 718 1 5 87
741 6045875 718 5 7 5
742 6045875 718 3 8 2911
743 6045875 718 5 9 11729
744 6069720 723 6 5 29
745 6069720 723 6 6 66
746 6078832 724 6 6 2
747 6079998 726 3 9 3974
748 6095332 730 8 2 34
749 6127121 732 5 0 4
750 6127121 732 9 8 39
751 6158275 735 9 6 47
752 6158275 735 9 2 1
753 6158275 735 9 1 6
754 6180159 739 10 10 132
755 6251668 741 10 9 44
756 6251668 741 3 2 9
757 6251668 741 6 7 14
758 6251668 741 0 4 33
759 6251668 741 4 10 8
760 6251668 741 1 9 119
761 6251668 741 5 7 2
762 6268186 748 7 8 28
763 6280029 749 9 5 1
764 6280029 749 10 7 20
765 6280029 749 4 9 1
766 6280029 749 2 0 33
767 6280029 749 5 9 2
768 6280029 749 5 4 26
769 6280029 749 5 0 33
770 6280867 750 0 3 82
771 6342904 751 4 7 10
772 6342904 751 3 6 55
773 6342904 751 8 4 13
774 6342904 751 2 5 25
775 6342904 751 4 2 597
776 6342904 751 10 8 1
777 6342904 751 9 5 343
778 6342904 751 8 3 485
779 6342904 751 4 5 355
780 6342904 751 3 7 14
781 6342904 751 9 2 119
782 6354318 752 3 8 42
783 6354318 752 1 9 1
784 6370464 755 9 6 4
785 6370464 755 9 1 352
786 6438547 766 10 3 1
787 6441201 767 6 8 67
788 6466238 768 8 0 103
789 6466238 768 0 2 36
790 6466238 768 0 4 59
791 6466238 768 0 9 352
792 6482254 776 6 10 137
793 6484122 777 10 6 150
794 6491554 778 3 1 279
795 6491554 778 7 9 14
796 6491554 778 6 9 7
797 6499739 780 1 1 117
798 6499739 780 9 5 34
799 6499739 780 0 5 4
800 6512804 787 8 4 6
801 6532223 798 4 8 632
802 6536625 802 5 0 43
803 6536625 802 4 0 8
804 6546535 804 4 9 9
805 6549489 805 1 6 154
806 6567244 816 7 10 175
807 6700820 822 1 10 1
808 6700820 822 6 5 26
809 6700820 822 4 4 28
810 6700820 822 1 9 5
811 6700820 822 1 8 239
812 6700820 822 0 3 1
813 6700820 822 10 7 138
814 6700820 822 9 7 138
815 6700820 822 7 5 52
816 6700820 822 5 4 1
817 6700820 822 6 3 1
818 6700820 822 0 8 1679
819 6700820 822 1 0 1
820 6700820 822 10 0 1
821 6799086 823 8 9 3
822 6799086 823 9 8 1
823 6799086 823 2 10 1
824 6799086 823 3 7 3756
825 6799086 823 1 10 1
826 6799086 823 5 9 1
827 6799086 823 2 7 751
828 6830230 825 0 1 19
829 6830230 825 4 9 18
830 6830230 825 7 1 19
831 6830230 825 10 4 62
832 6847891 830 3 5 172
833 6847891 830 1 2 42
834 6884926 834 2 5 908
835 6884926 834 8 10 1400
836 6884926 834 7 4 4
837 6890197 837 8 9 19
838 6892349 839 8 3 4
839 6907888 842 1 2 12
840 6907888 842 1 7 25
841 6926943 846 5 9 17114
842 6926943 846 5 5 11850
843 6928665 849 7 10 39
844 6949990 857 9 3 192
845 6949990 857 9 4 62
846 6949990 857 9 5 4
847 6949990 857 9 7 83
848 6949990 857 9 8 57
849 6949990 857 9 1 1575
850 6951841 858 7 2 1
851 6951841 858 4 2 1
852 6960722 859 6 10 7
853 6981098 863 6 0 9
854 7047713 864 2 7 1
855 7047713 864 9 9 105
856 7047713 864 2 6 4
857 7047713 864 5 10 172
858 7047713 864 1 9 35
859 7047713 864 9 5 15
860 7047713 864 1 7 4
861 7047713 864 1 4 5
862 7048977 866 10 3 552
863 7065532 871 10 9 7
864 7082662 874 2 7 312
865 7082662 874 2 4 61
866 7155306 886 2 0 14
867 7155306 886 9 9 1503
868 7155306 886 5 4 25
869 7155306 886 3 0 14
870 7155306 886 4 7 1
871 7155306 886 3 8 20
872 7155306 886 6 5 25
873 7155306 886 2 6 1111
874 7155306 886 5 6 555
875 7155306 886 0 5 25
876 7164960 888 10 0 12
877 7164960 888 10 1 119
878 7169613 891 2 8 118
879 7219027 894 2 4 56
880 7219027 894 5 1 19
881 7219027 894 7 2 5
882 7219027 894 4 2 5
883 7219027 894 10 9 35
884 7219027 894 9 3 12
885 7219027 894 2 1 4
886 7219027 894 8 9 35
887 7222656 895 7 9 9
888 7250275 896 3 0 1968
889 7250275 896 2 0 1968
890 7265135 899 6 1 58
891 7273615 901 10 3 7420
892 7289747 904 5 6 59
893 7297620 905 2 8 95
894 7297620 905 4 8 95
895 7297620 905 7 8 95
896 7322134 907 2 5 23
897 7332719 909 9 0 5739
898 7332719 909 9 1 6168
899 7333576 910 10 5 3
900 7343384 911 0 0 682
901 7343384 911 4 0 682
902 7343384 911 3 0 682
903 7364267 916 10 3 99
904 7367990 917 6 9 3
905 7367990 917 9 9 199
906 7368601 918 1 8 100
907 7378510 919 0 1 1
908 7378510 919 9 1 16
909 7378510 919 6 1 1
910 7385105 923 10 7 1223
911 7395920 924 5 6 11
912 7411201 926 7 7 22675
913 7411201 926 7 0 37
914 7411201 926 7 3 71
915 7413478 928 1 10 51
916 7535600 929 8 7 6
917 7535600 929 9 10 2
918 7535600 929 6 5 227
919 7535600 929 3 6 109
920 7535600 929 8 10 2
921 7535600 929 9 9 4
922 7535600 929 9 7 4
923 7535600 929 4 8 4
924 7535600 929 2 8 4
925 7535600 929 10 8 4
926 7535600 929 8 6 272
927 7535600 929 5 7 18
928 7535600 929 8 2 21
929 7607970 930 6 0 4984
930 7607970 930 10 3 15
931 7607970 930 9 3 15
932 7607970 930 5 6 13
933 7607970 930 10 9 71
934 7607970 930 7 2 7
935 7607970 930 1 2 43
936 7607970 930 3 2 29
937 7607970 930 2 7 21
938 7607970 930 5 4 2601
939 7673326 931 8 10 225
940 7673326 931 4 5 349
941 7673326 931 0 7 6
942 7673326 931 1 5 349
943 7673326 931 1 1 10
944 7673326 931 3 4 2727
945 7716573 932 5 3 13
946 7716573 932 10 6 4
947 7716573 932 4 1 2337
948 7716573 932 8 2 902
949 7716573 932 5 0 2
950 7716573 932 6 7 3
951 7716573 932 1 7 3
952 7716573 932 0 2 1805
953 7716573 932 6 10 47
954 7726950 937 4 6 76
955 7743090 940 0 5 111
956 7858979 941 0 7 1
957 7858979 941 4 3 4
958 7858979 941 0 9 1305
959 7858979 941 3 1 384
960 7858979 941 0 2 2
961 7858979 941 1 10 36
962 7858979 941 1 1 1248
963 7858979 941 1 6 5
964 7858979 941 1 5 13
965 7858979 941 0 10 18
966 7874954 948 8 6 3958
967 7927348 961 9 5 1719
968 7927348 961 10 5 343
969 7927348 961 5 5 343
970 7927348 961 8 5 343
971 7932381 966 4 5 3957
972 8013149 967 5 5 7
973 8013149 967 7 1 1476
974 8013149 967 5 10 13
975 8013149 967 7 2 30
976 8013149 967 0 3 4
977 8013149 967 4 9 9
978 8013149 967 1 8 44
979 8013149 967 5 4 14
980 8013149 967 6 6 3080
981 8013149 967 7 5 7
982 8013149 967 5 1 1846
983 8023952 970 8 6 37
984 8023952 970 10 6 74
985 8038865 972 10 3 94
986 8038865 972 10 8 28
987 8038865 972 10 0 323
988 8074998 979 6 1 290
989 8083262 986 1 0 968
990 8103636 993 4 2 94
991 8103636 993 4 3 13014
992 8103636 993 4 4 210
993 8121559 994 3 0 6
994 8121559 994 7 1 8
995 8121559 994 9 0 3
996 8121559 994 1 1 1
997 8121559 994 9 1 1
998 8128876 997 0 3 22
999 8128876 997 6 3 22
