11 354 1000
0 30129 0 9 7 46
1 30129 0 1 10 471
2 30129 0 9 6 12
3 30129 0 1 7 23
4 30129 0 9 0 1
5 30129 0 9 3 1560
6 114992 3 9 7 63
7 114992 3 10 0 2396
8 114992 3 10 10 1871
9 139296 6 3 9 2025
10 210197 9 4 7 39
11 210197 9 1 2 19
12 210197 9 1 0 14
13 223036 10 4 1 8702
14 295081 13 1 1 265
15 295081 13 5 5 13
16 295081 13 10 1 1591
17 295081 13 8 1 265
18 295081 13 3 4 1361
19 305107 16 9 4 3
20 386043 17 0 10 1
21 386043 17 10 1 44
22 386043 17 9 3 46
23 386043 17 5 8 30
24 402787 18 1 9 179
25 402787 18 1 4 20
26 402787 18 1 3 19564
27 453139 21 3 5 18
28 453139 21 4 8 86
29 462318 23 8 10 4218
30 470997 26 0 8 2366
31 489307 27 2 0 1300
32 490206 28 0 8 53
33 533352 29 2 1 11
34 533352 29 2 4 83
35 533352 29 10 6 2425
36 547833 31 1 6 46
37 556942 35 7 5 100
38 583998 37 3 8 6
39 636499 41 10 5 3030
40 639584 42 8 0 5
41 651215 44 1 5 455
42 654054 45 4 6 1063
43 658396 48 8 8 26
44 679854 50 10 4 2237
45 860191 51 9 8 1
46 860191 51 8 0 21
47 860191 51 2 4 15
48 860191 51 3 5 8
49 860191 51 2 6 1
50 860191 51 0 4 15
51 860191 51 5 3 15
52 860191 51 0 10 1
53 865541 55 0 9 3923
54 970615 59 8 2 204
55 970615 59 8 5 14
56 970615 59 2 4 8
57 970615 59 1 5 14
58 970615 59 8 8 1
59 970615 59 1 4 1
60 1021963 66 0 1 84
61 1029802 68 3 4 3
62 1062339 70 3 7 1
63 1089383 72 6 7 60
64 1089383 72 6 1 5
65 1093683 74 10 7 17
66 1203271 75 7 5 115
67 1203271 75 2 9 1
68 1203271 75 6 9 1
69 1203271 75 0 9 1
70 1203271 75 9 7 1
71 1203271 75 10 3 33
72 1203271 75 2 1 591
73 1203271 75 9 4 1
74 1203271 75 6 10 7
75 1203271 75 10 5 1270
76 1203271 75 4 8 1
77 1203271 75 10 4 3
78 1203271 75 8 1 4733
79 1203271 75 6 5 231
80 1203271 75 3 3 33
81 1383446 84 4 9 6
82 1383446 84 10 6 1
83 1383446 84 2 1 8
84 1383446 84 6 0 15
85 1383446 84 10 10 2
86 1383446 84 6 5 4
87 1383446 84 10 5 4
88 1383446 84 4 1 120
89 1383446 84 2 7 21
90 1383446 84 6 7 65
91 1383446 84 6 3 17
92 1383446 84 7 7 21
93 1383446 84 10 7 43
94 1383446 84 6 2 308
95 1383446 84 2 10 6
96 1420847 89 7 10 53
97 1420847 89 7 6 1461
98 1437423 91 7 2 550
99 1447498 93 9 10 67
100 1460645 94 3 5 756
101 1460645 94 4 5 1513
102 1490629 97 4 9 1843
103 1490629 97 10 9 5530
104 1574144 99 7 3 63
105 1574144 99 9 4 28
106 1574144 99 0 7 38
107 1574144 99 9 3 63
108 1574144 99 9 7 12
109 1574144 99 0 5 5
110 1717291 102 3 6 1
111 1717291 102 9 4 16
112 1717291 102 5 10 21
113 1717291 102 9 1 7
114 1717291 102 4 7 1
115 1717291 102 0 2 483
116 1742287 104 4 7 132
117 1742287 104 4 10 38979
118 1747074 107 6 2 1524
119 1812440 108 3 0 226
120 1812440 108 2 2 1
121 1812440 108 6 4 68
122 1812440 108 0 0 226
123 1812440 108 6 2 1
124 1812440 108 5 3 13
125 1812440 108 8 0 226
126 1812440 108 0 6 7
127 1821179 110 3 10 47
128 1821179 110 3 0 197
129 1847548 116 2 7 208
130 1886347 118 1 5 301
131 1886347 118 5 7 55
132 1890412 120 1 7 62
133 1893090 122 6 1 49
134 1946779 127 0 6 358
135 1946779 127 0 10 2474
136 1946779 127 0 5 244
137 1948905 128 2 0 5
138 1970030 132 8 0 21
139 1983914 134 6 7 32
140 1984843 135 1 6 8481
141 2019987 136 8 9 9
142 2019987 136 8 0 2006
143 2135241 137 0 8 14
144 2135241 137 3 9 2136
145 2135241 137 1 10 222
146 2135241 137 1 7 3
147 2135241 137 2 0 4
148 2146852 139 10 1 50
149 2146852 139 7 1 25
150 2170497 143 0 4 78
151 2201264 146 6 3 72
152 2201264 146 10 4 11
153 2202584 147 9 6 19051
154 2358189 154 7 0 21
155 2358189 154 10 6 575
156 2358189 154 3 4 10
157 2358189 154 6 2 748
158 2358189 154 5 8 21
159 2358189 154 10 10 1
160 2358189 154 5 0 2
161 2505731 160 4 10 11
162 2505731 160 10 7 293
163 2505731 160 7 9 4
164 2505731 160 10 5 5
165 2505731 160 5 6 2
166 2505731 160 7 2 421
167 2510757 161 0 8 17
168 2555843 162 8 6 14
169 2579439 165 10 4 73
170 2579439 165 8 3 93
171 2579439 165 2 3 372
172 2587564 168 2 2 15
173 2607661 170 3 8 83
174 2607661 170 3 7 102
175 2644355 174 6 2 19
176 2644355 174 5 4 18
177 2644355 174 7 7 14
178 2644355 174 1 3 36
179 2644355 174 2 2 9
180 2646856 175 8 6 39
181 2693895 177 3 1 25986
182 2693895 177 0 6 344
183 2713151 184 3 5 54
184 2760775 192 3 1 640
185 2764390 194 5 3 4
186 2764390 194 3 3 63
187 2874457 198 5 5 1
188 2874457 198 4 5 9
189 2874457 198 3 8 46
190 2874457 198 8 4 2
191 2874457 198 7 4 2
192 2874457 198 1 1 4
193 2874457 198 2 1 18
194 2886727 202 3 2 18
195 2917801 203 8 5 8684
196 2917801 203 7 3 353
197 2917801 203 7 7 7494
198 2924015 205 0 3 62
199 2933893 207 7 0 68
200 2976885 210 2 3 1
201 2986961 216 6 5 29
202 2986961 216 9 5 2
203 3007576 221 8 7 220
204 3009650 222 7 7 112
205 3020698 223 7 9 1
206 3022372 224 3 5 91
207 3085749 229 0 2 616
208 3085749 229 0 6 27
209 3085749 229 0 3 28
210 3085749 229 2 3 28
211 3085749 229 6 10 5
212 3148784 230 3 9 29
213 3148784 230 8 2 48
214 3148784 230 3 0 48
215 3153796 231 8 6 2
216 3270975 233 1 8 5
217 3270975 233 6 10 47
218 3270975 233 8 0 7
219 3270975 233 8 10 9
220 3270975 233 4 0 7
221 3270975 233 2 5 1
222 3325752 237 4 6 47
223 3325752 237 10 5 107
224 3325752 237 4 8 53
225 3472220 241 3 8 1
226 3472220 241 6 7 6
227 3472220 241 6 4 14
228 3472220 241 7 2 3905
229 3472220 241 7 3 1
230 3472220 241 4 4 14
231 3472220 241 9 10 1014
232 3472220 241 7 4 14
233 3472220 241 6 2 3905
234 3479520 244 1 1 1
235 3492598 250 3 9 15
236 3494312 251 2 5 87
237 3567696 259 3 1 891
238 3567696 259 10 3 623
239 3567696 259 7 0 14
240 3706534 262 4 9 15
241 3706534 262 2 0 9
242 3723898 263 6 10 1524
243 3723898 263 9 10 1524
244 3727449 265 1 3 69
245 3753810 269 4 0 22
246 3753810 269 4 6 99
247 3753810 269 4 2 8281
248 3753810 269 4 5 39
249 3771459 272 1 5 106
250 3772494 273 6 9 4
251 3801232 282 8 6 237
252 4040042 287 10 2 3
253 4040042 287 6 10 7
254 4040042 287 0 5 17
255 4040042 287 3 9 1
256 4040042 287 4 8 5
257 4040042 287 7 6 24
258 4040042 287 4 1 3
259 4040042 287 5 10 7
260 4040042 287 1 4 10
261 4040042 287 1 7 807
262 4040042 287 10 6 24
263 4040042 287 1 6 48
264 4040042 287 2 3 5
265 4040042 287 4 3 11
266 4040042 287 1 0 5
267 4040042 287 6 2 3
268 4040042 287 8 10 7
269 4040042 287 1 9 3
270 4121668 291 3 7 111
271 4121668 291 9 9 548
272 4121668 291 10 6 1228
273 4121668 291 10 1 2688
274 4121668 291 1 0 1
275 4121668 291 0 2 3435
276 4121668 291 4 6 2047
277 4121668 291 5 8 8
278 4196492 292 0 0 6
279 4196492 292 4 10 1
280 4196492 292 10 6 39
281 4196492 292 7 0 6
282 4196492 292 4 9 176
283 4196492 292 3 8 654
284 4214902 297 1 10 64
285 4248046 298 9 5 37
286 4248046 298 1 6 844
287 4248046 298 1 7 60
288 4341344 303 0 0 3
289 4341344 303 4 8 324
290 4341344 303 3 6 5173
291 4392854 304 3 4 11
292 4392854 304 3 8 10
293 4392854 304 2 4 11
294 4392854 304 2 5 23
295 4392854 304 2 7 8
296 4392854 304 3 0 17
297 4447629 311 6 4 133
298 4570906 317 7 5 964
299 4570906 317 9 10 55
300 4570906 317 4 2 565
301 4570906 317 8 10 110
302 4570906 317 3 7 1004
303 4570906 317 8 8 83
304 4570906 317 4 9 5
305 4570906 317 10 9 27
306 4570906 317 0 7 3013
307 4570906 317 8 3 382
308 4570906 317 1 7 2009
309 4570906 317 2 9 16
310 4581735 321 1 5 3080
311 4613225 324 3 10 24
312 4679276 328 3 0 1
313 4679276 328 5 8 267
314 4679276 328 2 9 2
315 4698436 330 0 10 1364
316 4730994 337 4 1 95
317 4730994 337 4 0 12758
318 4765647 339 7 3 430
319 4765647 339 8 3 215
320 4765647 339 10 2 2880
321 4818186 340 6 2 7
322 4818186 340 5 3 126
323 4818186 340 2 4 1
324 4823347 341 10 2 91
325 4827162 342 9 4 133
326 4849311 347 8 7 80
327 4855600 349 5 6 568
328 4855600 349 8 6 1136
329 4882234 353 0 7 193
330 4882234 353 0 10 3133
331 4882234 353 0 3 163
332 4882234 353 0 2 34
333 4897900 359 6 9 55
334 4934242 365 9 3 670
335 4945565 366 0 5 1952
336 4945565 366 9 5 2928
337 4975955 369 1 8 28
338 4975955 369 3 3 18
339 4975955 369 6 0 34
340 5026716 370 8 8 3
341 5026716 370 10 2 9
342 5026716 370 9 2 1
343 5026716 370 3 2 1
344 5036841 375 9 0 228
345 5038880 378 10 6 120
346 5040200 379 3 3 2
347 5077526 380 10 10 14
348 5084159 383 4 6 187
349 5087724 385 2 6 17811
350 5136093 388 0 10 199
351 5136093 388 0 2 35
352 5258355 390 6 10 1
353 5258355 390 1 3 298
354 5258355 390 6 6 114
355 5258355 390 2 8 767
356 5258355 390 2 4 27
357 5258355 390 7 9 1924
358 5301942 392 1 5 5135
359 5301942 392 5 5 1283
360 5301942 392 2 4 427
361 5457596 395 7 2 1
362 5457596 395 6 4 94
363 5457596 395 9 1 1
364 5457596 395 10 4 1
365 5457596 395 3 0 440
366 5457596 395 9 0 440
367 5457596 395 8 1 33
368 5457596 395 4 9 2555
369 5457596 395 4 6 13
370 5476157 399 5 7 15502
371 5538336 402 2 0 126
372 5538336 402 2 7 17
373 5541000 404 5 0 21
374 5580048 407 2 9 3032
375 5685070 409 5 1 542
376 5685070 409 2 1 542
377 5685070 409 2 6 1
378 5685070 409 2 0 528
379 5685070 409 8 5 797
380 5685070 409 1 3 7
381 5685070 409 6 1 1627
382 5700607 412 7 1 86
383 5742175 413 9 1 56
384 5742175 413 2 7 32
385 5743801 414 7 9 40
386 5754224 419 6 1 60
387 5788040 422 5 3 54
388 5788040 422 1 7 4
389 5997446 428 5 5 822
390 5997446 428 0 2 2
391 5997446 428 10 8 2
392 5997446 428 9 4 1
393 5997446 428 10 5 822
394 5997446 428 8 1 7352
395 5997446 428 4 0 1
396 5997446 428 7 1 110959
397 5997446 428 1 7 1
398 5997446 428 2 4 1
399 5997446 428 5 2 1
400 5997446 428 6 8 7
401 5997446 428 9 10 4
402 5997662 429 0 6 415
403 6102316 430 9 6 190
404 6102316 430 8 0 40
405 6102316 430 0 2 18
406 6102316 430 7 3 21
407 6102316 430 8 4 3
408 6102316 430 2 10 2
409 6102316 430 10 0 9
410 6115106 434 8 2 37
411 6128084 435 7 1 108
412 6128084 435 2 6 24
413 6128084 435 7 6 24
414 6152560 443 6 8 4
415 6165551 445 8 6 2
416 6165551 445 7 6 2
417 6275163 457 1 6 12
418 6275163 457 2 0 8
419 6275163 457 4 4 1
420 6275163 457 10 7 10
421 6275163 457 0 7 1
422 6275163 457 8 7 1
423 6314860 460 1 8 47
424 6314860 460 1 1 356
425 6395957 461 8 5 283
426 6395957 461 2 9 3
427 6395957 461 10 9 7
428 6395957 461 3 2 27
429 6395957 461 9 4 42
430 6395957 461 4 8 9
431 6395957 461 1 8 9
432 6395957 461 8 0 1
433 6407087 465 3 0 20
434 6661224 466 9 2 50
435 6661224 466 5 2 50
436 6661224 466 7 4 652
437 6661224 466 7 9 12
438 6661224 466 1 3 3602
439 6661224 466 4 3 1801
440 6661224 466 7 8 1
441 6661224 466 0 1 14
442 6661224 466 10 9 4
443 6661224 466 7 0 15
444 6661224 466 1 5 2
445 6661224 466 9 3 1801
446 6661224 466 1 0 7
447 6661224 466 10 4 217
448 6724143 467 5 9 8
449 6724143 467 0 9 8
450 6724143 467 4 0 1291
451 6724143 467 2 7 5
452 6741414 468 7 6 61
453 6741414 468 7 10 33231
454 6777373 472 4 0 7
455 6777373 472 3 0 7
456 6848640 473 1 9 12
457 6848640 473 6 8 52
458 6848640 473 7 5 68
459 6848640 473 9 10 1
460 6848640 473 1 7 66
461 7069335 475 8 4 1
462 7069335 475 1 0 6
463 7069335 475 7 5 2
464 7069335 475 6 9 5
465 7069335 475 1 8 2
466 7069335 475 0 4 2
467 7069335 475 0 9 5
468 7069335 475 7 10 5
469 7069335 475 1 1 3
470 7069335 475 0 8 7
471 7069335 475 2 9 5
472 7069335 475 4 6 6
473 7069335 475 5 3 1
474 7069335 475 6 5 2
475 7069335 475 6 0 2
476 7069335 475 6 8 5
477 7069335 475 5 4 1
478 7069335 475 2 10 51
479 7069335 475 9 10 15
480 7093119 477 2 8 74
481 7109914 479 6 9 1
482 7119405 481 5 10 87
483 7120468 482 10 0 122
484 7139752 486 6 1 461
485 7152016 487 5 2 306
486 7179879 489 8 8 98
487 7179879 489 3 0 785
488 7191737 492 8 7 3095
489 7196275 495 10 10 23
490 7403509 498 0 3 1
491 7403509 498 3 9 1
492 7403509 498 2 6 1
493 7403509 498 6 1 35
494 7403509 498 1 7 14
495 7403509 498 3 6 1
496 7403509 498 2 3 1
497 7403509 498 1 1 17
498 7403509 498 5 1 35
499 7403509 498 6 2 9
500 7403509 498 6 10 13
501 7403509 498 6 0 10
502 7403509 498 0 6 1
503 7403509 498 10 1 35
504 7403509 498 10 2 4
505 7403509 498 7 0 10
506 7420667 499 7 3 51
507 7420667 499 7 8 324
508 7420667 499 7 2 121
509 7437205 504 1 10 30
510 7437205 504 1 3 52
511 7556330 507 6 10 89
512 7556330 507 5 2 40
513 7556330 507 3 0 15
514 7556330 507 10 7 72
515 7556330 507 8 4 1429
516 7556330 507 1 0 6
517 7556330 507 3 9 21
518 7603120 510 7 8 7
519 7603120 510 7 7 2681
520 7603120 510 6 4 1991
521 7727771 513 3 7 5
522 7727771 513 4 10 102
523 7727771 513 9 10 2
524 7727771 513 2 5 862
525 7727771 513 5 2 6
526 7727771 513 9 9 40
527 7727771 513 6 9 20
528 7727771 513 3 9 20
529 7727771 513 1 1 5
530 7727771 513 5 4 300
531 7727771 513 0 6 80
532 7753398 516 9 3 1
533 7754951 518 8 8 52
534 7754951 518 9 8 52
535 7769917 526 3 2 56
536 7809615 535 2 1 59
537 7823839 541 4 3 230
538 7848126 542 1 6 65
539 7851228 546 4 7 78
540 7868040 547 4 9 79
541 7872519 549 8 5 792
542 7888438 550 3 6 6
543 7888438 550 0 6 31
544 7917009 551 5 1 3
545 8143096 555 2 3 202
546 8143096 555 1 8 7
547 8143096 555 1 10 1
548 8143096 555 5 5 1
549 8143096 555 8 4 829
550 8143096 555 4 5 3
551 8143096 555 9 2 1752
552 8143096 555 6 4 829
553 8143096 555 9 4 829
554 8143096 555 9 6 71
555 8143096 555 5 8 7
556 8143096 555 8 9 11
557 8143096 555 5 7 7
558 8143096 555 4 4 829
559 8221801 556 3 3 23
560 8221801 556 10 0 11
561 8239850 557 3 1 215
562 8239850 557 3 2 52
563 8239850 557 3 9 238
564 8262241 558 1 3 9246
565 8262241 558 1 0 204
566 8270513 560 7 0 10
567 8270513 560 6 0 10
568 8297998 562 10 1 15233
569 8318854 563 10 3 653
570 8324893 564 4 9 23
571 8335120 565 1 9 136
572 8336607 568 8 2 137
573 8421380 569 9 0 26
574 8421380 569 10 7 1
575 8421380 569 5 7 1
576 8421380 569 3 9 2
577 8421380 569 4 2 52
578 8421380 569 9 9 2
579 8421380 569 9 10 6
580 8421380 569 6 2 170
581 8442509 575 1 8 15
582 8507001 576 10 10 989
583 8507001 576 1 6 4
584 8518410 578 3 9 11
585 8518909 579 3 0 57
586 8557531 582 4 0 2716
587 8557531 582 4 3 49
588 8557531 582 4 6 282
589 8596032 588 4 5 688
590 8698491 602 6 4 453
591 8698491 602 6 6 1
592 8698491 602 8 6 12
593 8701015 604 9 6 322
594 8726957 606 10 1 70
595 8726957 606 10 6 184
596 8731383 608 8 4 11
597 8753598 611 2 2 8
598 8942788 612 5 7 2539
599 8942788 612 10 2 448
600 8942788 612 3 5 120
601 8942788 612 2 6 40
602 8942788 612 6 10 5
603 8942788 612 10 1 6
604 8942788 612 8 9 1
605 8942788 612 5 0 214
606 8942788 612 9 6 3
607 8942788 612 7 5 120
608 8942788 612 7 8 8
609 8942788 612 3 6 6
610 8942788 612 4 7 2539
611 8942788 612 9 3 1
612 8942788 612 5 5 360
613 8942788 612 1 0 71
614 8942788 612 10 3 19
615 8942788 612 10 7 2539
616 8942788 612 8 10 5
617 8958693 613 3 3 19596
618 9137408 616 10 10 1709
619 9137408 616 3 4 1
620 9137408 616 6 10 2564
621 9137408 616 10 7 200
622 9137408 616 9 6 36
623 9137408 616 9 9 8
624 9137408 616 0 9 5
625 9137408 616 5 3 20
626 9137408 616 10 1 1
627 9137408 616 8 0 6921
628 9137408 616 2 1 1
629 9137408 616 7 6 36
630 9137408 616 10 8 6
631 9137408 616 2 4 1
632 9137408 616 6 1 2
633 9137408 616 5 2 1
634 9137408 616 1 8 1
635 9137408 616 2 10 854
636 9137408 616 3 1 1
637 9137408 616 7 9 2
638 9137408 616 4 2 11
639 9149543 618 2 8 38
640 9173319 624 9 5 2839
641 9173319 624 0 5 2839
642 9198430 626 2 0 55
643 9198430 626 2 2 106
644 9223757 628 1 10 95
645 9223757 628 1 5 389
646 9223757 628 1 9 181
647 9223757 628 1 4 81
648 9242931 631 9 5 232
649 9287615 633 5 0 4797
650 9296127 634 7 1 38
651 9309515 636 6 5 1003
652 9318565 637 6 10 40
653 9331278 639 2 3 55
654 9335163 643 0 4 19
655 9443374 644 9 9 54
656 9443374 644 10 3 10
657 9443374 644 0 8 908
658 9443374 644 6 7 370
659 9443374 644 6 1 6
660 9456124 652 3 8 767
661 9457092 654 7 5 44
662 9479743 661 9 0 13
663 9497003 668 5 0 9853
664 9497003 668 5 3 3071
665 9647553 671 1 6 16
666 9647553 671 8 1 238
667 9647553 671 0 6 8
668 9647553 671 1 9 17
669 9647553 671 6 6 41
670 9647553 671 4 3 61
671 9647553 671 10 5 30
672 9647553 671 9 5 30
673 9647553 671 5 7 2
674 9647553 671 8 2 6
675 9647553 671 10 1 238
676 9652879 673 9 1 956
677 9677604 675 2 1 64
678 9677604 675 2 10 205
679 9710606 681 10 5 12
680 9710606 681 7 5 12
681 9710606 681 1 5 12
682 9830207 683 3 8 23
683 9830207 683 1 3 29
684 9830207 683 2 5 1
685 9830207 683 0 9 15
686 9830207 683 2 9 30
687 9830207 683 8 8 5
688 9830207 683 2 4 1277
689 9840806 687 2 7 41
690 9840806 687 7 2 16
691 9926866 690 8 7 6335
692 9926866 690 0 0 5775
693 9926866 690 8 9 17
694 9926866 690 4 4 863
695 9926866 690 4 7 527
696 9926866 690 0 6 14
697 9926866 690 8 4 1727
698 9979325 692 6 1 96
699 9979325 692 7 6 43
700 9996274 693 8 3 1542
701 10232685 695 0 2 793
702 10232685 695 8 0 21
703 10232685 695 7 4 1
704 10232685 695 8 2 793
705 10232685 695 8 4 1
706 10232685 695 9 10 1
707 10232685 695 9 8 1
708 10232685 695 4 7 1
709 10232685 695 10 1 3
710 10232685 695 0 1 3
711 10232685 695 1 7 1
712 10232685 695 7 9 429
713 10232685 695 1 8 1
714 10232685 695 8 7 8
715 10232685 695 7 10 5
716 10232685 695 4 10 1
717 10232685 695 1 1 3
718 10232685 695 8 9 214
719 10232685 695 3 10 1
720 10242326 697 2 1 77
721 10296256 698 2 4 268
722 10296256 698 2 3 127
723 10296256 698 10 10 32
724 10371151 702 0 6 22
725 10371151 702 4 5 112
726 10371151 702 4 8 11
727 10371151 702 4 4 649
728 10371151 702 3 6 22
729 10417913 703 2 5 40
730 10417913 703 2 3 37
731 10417913 703 2 4 57
732 10420128 704 9 6 3990
733 10426590 707 6 1 13
734 10457348 710 3 2 96
735 10457348 710 3 3 119
736 10580282 718 3 1 85
737 10580282 718 10 4 275
738 10580282 718 5 1 6
739 10580282 718 8 10 2
740 10580282 718 10 3 15
741 10622010 723 3 1 113
742 10637956 724 6 0 16260
743 10669248 731 3 10 2
744 10669248 731 2 10 8
745 10722463 732 4 5 13
746 10722463 732 6 5 66
747 10722463 732 4 6 4
748 10722463 732 6 3 7
749 10722463 732 4 2 240
750 10776981 735 9 7 1348
751 10776981 735 6 5 36
752 10776981 735 9 5 36
753 10776981 735 6 10 8
754 10794314 737 0 0 44
755 10815278 739 10 7 96
756 10815278 739 10 3 809
757 10818647 740 2 2 25990
758 10940420 741 0 4 33
759 10940420 741 5 6 5
760 10940420 741 10 9 44
761 10940420 741 10 2 3
762 10940420 741 5 7 2
763 10940420 741 2 5 11
764 10944196 743 2 8 31
765 10964257 744 5 8 302
766 10990052 749 9 4 6
767 11100083 751 7 2 477
768 11100083 751 7 7 3
769 11100083 751 10 8 1
770 11100083 751 1 1 15
771 11100083 751 5 9 15
772 11120057 752 0 1 8
773 11120057 752 3 0 42
774 11120057 752 3 8 42
775 11148312 755 9 0 195
776 11178896 757 9 1 38
777 11178896 757 3 0 7
778 11196086 761 6 5 45
779 11200179 763 6 4 34
780 11202655 765 9 0 12661
781 11267457 766 7 7 3
782 11267457 766 8 7 39
783 11267457 766 3 4 16
784 11267457 766 6 7 3
785 11272103 767 6 8 67
786 11315916 768 0 8 21
787 11315916 768 0 5 373
788 11315916 768 0 2 36
789 11315916 768 8 1 41
790 11315916 768 0 6 37
791 11315916 768 0 9 352
792 11331778 773 9 10 52
793 11343946 776 6 10 137
794 11360220 778 0 1 279
795 11360220 778 10 1 279
796 11362138 779 4 1 18222
797 11390519 785 8 2 7
798 11407269 791 7 1 1
799 11409088 794 4 6 74
800 11431391 798 4 3 11778
801 11431527 800 8 7 69
802 11439095 802 5 0 43
803 11456436 804 4 8 8560
804 11470515 807 3 10 55
805 11472421 809 0 8 54
806 11475562 812 7 5 958
807 11726435 822 7 9 3
808 11726435 822 0 2 3
809 11726435 822 7 6 13
810 11726435 822 5 3 1
811 11726435 822 8 10 3
812 11726435 822 9 8 239
813 11726435 822 0 0 1
814 11726435 822 5 6 4
815 11726435 822 9 1 1
816 11726435 822 6 6 4
817 11726435 822 1 3 3
818 11726435 822 8 6 4
819 11726435 822 2 1 1
820 11726435 822 6 4 1
821 11726435 822 1 2 9
822 11898401 823 1 10 1
823 11898401 823 2 5 1797
824 11898401 823 1 3 13
825 11898401 823 1 0 8
826 11898401 823 10 7 751
827 11898401 823 3 5 599
828 11898401 823 8 3 9
829 11898401 823 1 8 1
830 11902756 824 0 10 47
831 11952903 825 6 1 171
832 11952903 825 10 4 62
833 11952903 825 0 2 27
834 11953318 826 9 8 28
835 11964572 829 9 6 347
836 11985588 832 1 1 30673
837 12023349 833 7 1 62
838 12048621 834 7 9 2
839 12057846 837 6 9 79
840 12088805 842 1 0 94
841 12099189 844 2 9 283
842 12107412 845 10 7 4
843 12107412 845 3 7 4
844 12122151 846 5 0 54
845 12122151 846 5 6 89
846 12126101 850 7 2 15
847 12181263 859 6 8 506
848 12199754 861 3 4 112
849 12199754 861 3 10 7689
850 12333499 864 6 9 70
851 12333499 864 8 8 113
852 12333499 864 7 5 30
853 12333499 864 3 10 172
854 12333499 864 2 6 4
855 12333499 864 1 9 35
856 12333499 864 10 1 14
857 12333499 864 8 7 12
858 12333499 864 3 8 113
859 12333499 864 9 4 5
860 12342879 868 10 6 201
861 12348851 870 8 10 22
862 12348851 870 0 3 6
863 12348851 870 3 3 6
864 12364682 871 6 8 758
865 12364682 871 5 8 758
866 12364682 871 10 8 8344
867 12364682 871 5 9 3
868 12394659 874 2 8 183
869 12405699 875 2 7 9
870 12428034 883 1 6 102
871 12428075 884 0 6 33
872 12521786 886 7 5 25
873 12521786 886 5 9 751
874 12521786 886 4 7 1
875 12521786 886 5 0 59
876 12521786 886 10 4 19
877 12521786 886 3 0 14
878 12522864 887 6 4 158
879 12538681 888 10 0 12
880 12538681 888 10 9 16
881 12538681 888 10 10 10210
882 12543580 889 6 2 173
883 12633297 894 9 3 12
884 12633297 894 10 8 1
885 12633297 894 4 5 8
886 12633297 894 5 7 1
887 12633297 894 0 8 1
888 12633297 894 6 2 5
889 12633297 894 9 8 1
890 12633297 894 5 2 128
891 12633297 894 4 8 1
892 12639648 895 3 9 18
893 12687981 896 3 9 10
894 12713987 899 6 4 32
895 12728827 901 6 2 30
896 12729050 902 5 10 39173
897 12770836 905 8 8 95
898 12813735 907 4 7 6019
899 12813735 907 4 2 821
900 12832259 909 9 7 11407
901 12875907 914 2 3 171
902 12875907 914 4 3 171
903 12893983 917 6 9 3
904 12895052 918 0 1 124
905 12912393 919 6 1 1
906 12942861 924 5 6 11
907 12943493 925 8 0 184
908 12969602 926 7 4 65
909 13187300 929 4 4 2635
910 13187300 929 5 6 54
911 13187300 929 9 2 12
912 13187300 929 9 3 3
913 13187300 929 0 5 454
914 13187300 929 0 7 2
915 13187300 929 3 6 109
916 13187300 929 9 8 14
917 13187300 929 1 0 2
918 13187300 929 10 0 10
919 13187300 929 9 10 2
920 13187300 929 1 10 2
921 13187300 929 7 10 1
922 13187300 929 9 9 4
923 13187300 929 6 1 3
924 13187300 929 8 4 1756
925 13187300 929 2 6 218
926 13187300 929 7 7 231
927 13313947 930 0 5 22
928 13313947 930 5 6 13
929 13313947 930 10 5 22
930 13313947 930 5 9 71
931 13313947 930 4 2 7
932 13313947 930 5 1 43
933 13313947 930 10 9 71
934 13313947 930 10 0 7476
935 13313947 930 6 0 4984
936 13313947 930 7 7 73
937 13313947 930 10 10 683
938 13313947 930 1 6 13
939 13428321 931 3 3 124
940 13428321 931 2 0 11622
941 13428321 931 8 1 84
942 13428321 931 5 9 4239
943 13428321 931 1 6 8
944 13428321 931 8 7 45
945 13428321 931 7 8 4
946 13428321 931 0 0 1056
947 13428321 931 8 10 225
948 13504003 932 0 3 59
949 13504003 932 6 3 3
950 13504003 932 7 9 9
951 13504003 932 2 8 6
952 13504003 932 8 2 902
953 13504003 932 2 2 2708
954 13504003 932 3 1 779
955 13516985 935 0 1 1573
956 13538193 939 2 8 14263
957 13753213 941 2 4 1
958 13753213 941 10 0 5
959 13753213 941 6 4 1
960 13753213 941 4 0 22
961 13753213 941 3 7 2
962 13753213 941 5 5 13
963 13753213 941 4 9 3916
964 13753213 941 5 0 5
965 13753213 941 6 9 2610
966 13753213 941 0 10 18
967 13753213 941 10 7 2
968 13753213 941 10 3 1
969 13753213 941 2 9 1305
970 13758677 944 8 1 104
971 13781171 948 6 6 791
972 13781171 948 0 7 18
973 13781171 948 1 4 16
974 13805431 950 3 8 7
975 13851853 959 10 4 73
976 13851853 959 10 10 18
977 13872860 961 9 5 1719
978 13876852 963 0 8 229
979 14023011 967 4 7 243
980 14023011 967 1 1 369
981 14023011 967 6 2 15
982 14023011 967 0 7 243
983 14023011 967 7 4 14
984 14023011 967 5 10 13
985 14023011 967 1 5 7
986 14023011 967 1 7 243
987 14023011 967 5 8 44
988 14029603 969 2 0 14
989 14049582 971 9 8 90
990 14068013 972 10 5 263
991 14106529 973 2 1 4
992 14108549 974 2 10 4704
993 14112448 975 10 8 1
994 14138628 980 7 10 306
995 14162002 992 0 10 8980
996 14181363 993 4 0 4812
997 14181363 993 4 1 115
998 14212729 994 6 5 97
999 14212729 994 10 5 81
