11 357 1000
0 17217 0 9 2 76
1 17217 0 9 5 6
2 17217 0 1 2 152
3 17527 1 9 1 33309
4 65710 3 9 1 84
5 65710 3 9 7 63
6 65710 3 10 3 252
7 65710 3 9 5 5552
8 76059 4 5 8 14
9 76059 4 2 0 15
10 120112 9 1 9 7
11 127449 10 8 1 870
12 129282 11 0 9 88
13 168617 13 7 8 3
14 168617 13 1 1 265
15 174347 16 2 4 209
16 220596 17 7 8 1
17 220596 17 5 7 2
18 220596 17 2 7 2
19 220596 17 10 2 1578
20 220596 17 2 2 8942
21 220596 17 6 5 184
22 230164 18 1 9 179
23 230164 18 1 4 20
24 230164 18 1 2 19
25 230164 18 1 1 13067
26 230164 18 1 6 36
27 230164 18 1 0 61
28 258936 21 4 7 86
29 258936 21 4 5 18
30 258936 21 3 2 1009
31 258936 21 3 9 94
32 258936 21 4 0 25980
33 264182 23 10 10 4218
34 264182 23 8 10 4218
35 269090 25 3 0 5933
36 304772 29 2 6 2425
37 304772 29 2 1 11
38 304772 29 10 0 33
39 304772 29 2 10 58
40 313047 31 3 3 475
41 363714 41 10 10 49
42 363714 41 10 6 244
43 363714 41 10 5 3030
44 372122 44 1 10 3951
45 373745 45 5 6 2127
46 373745 45 6 6 1063
47 388488 50 9 10 5268
48 388488 50 1 4 745
49 491538 51 7 0 21
50 491538 51 5 9 1
51 491538 51 10 1 30
52 491538 51 7 7 5
53 491538 51 8 3 15
54 491538 51 5 0 10
55 491538 51 8 0 21
56 491538 51 0 9 5
57 491538 51 8 2 26
58 491538 51 10 6 1
59 491538 51 10 10 1
60 491538 51 9 10 1
61 491538 51 9 8 1
62 491538 51 0 2 10
63 494410 54 9 10 4501
64 554637 59 2 8 1
65 554637 59 5 6 19
66 554637 59 1 3 5
67 554637 59 5 8 15
68 554637 59 8 9 18
69 583979 66 0 0 2
70 583979 66 0 9 82
71 588458 68 8 4 1
72 588458 68 4 4 13
73 622504 72 6 2 8
74 622504 72 6 0 6120
75 622826 73 6 6 58
76 687583 75 4 8 1
77 687583 75 1 2 778
78 687583 75 2 3 33
79 687583 75 7 6 14
80 687583 75 10 5 1270
81 687583 75 7 8 1
82 701406 79 3 3 38
83 790540 84 10 4 10
84 790540 84 2 9 84
85 790540 84 2 4 5
86 790540 84 4 2 694
87 790540 84 4 6 1
88 790540 84 6 2 308
89 811912 89 7 4 298
90 811912 89 7 2 266
91 811912 89 7 7 1448
92 827142 93 9 7 13
93 827142 93 7 7 13
94 834654 94 2 5 756
95 834654 94 4 5 1513
96 834654 94 3 5 756
97 851788 97 6 9 1843
98 899510 99 9 4 28
99 899510 99 9 9 85
100 899510 99 0 5 5
101 899510 99 7 4 28
102 981309 102 1 6 1
103 981309 102 2 4 4
104 981309 102 1 3 5
105 981309 102 6 5 14
106 981309 102 4 0 35
107 981309 102 0 7 3
108 981309 102 5 10 21
109 981309 102 3 2 1451
110 981309 102 9 1 7
111 981309 102 6 0 35
112 981309 102 7 3 5
113 981309 102 6 4 12
114 989123 103 8 5 6
115 1035680 108 3 6 15
116 1035680 108 4 0 226
117 1035680 108 0 2 1
118 1035680 108 8 10 3
119 1035680 108 8 0 226
120 1035680 108 2 5 16
121 1035680 108 0 6 7
122 1040674 110 3 9 116
123 1040674 110 3 2 330
124 1040674 110 3 1 64
125 1040674 110 3 7 345
126 1046563 115 3 6 95
127 1046563 115 10 6 95
128 1055742 116 2 6 106
129 1065913 117 0 0 125
130 1077912 118 9 7 55
131 1077912 118 0 2 55
132 1077912 118 10 5 16
133 1081766 122 6 1 49
134 1112445 127 0 10 2474
135 1154278 136 8 8 31
136 1154278 136 1 2 59
137 1220138 137 9 8 4
138 1220138 137 6 6 2
139 1220138 137 1 10 222
140 1220138 137 6 0 4
141 1220138 137 4 10 222
142 1227510 141 5 8 67
143 1240284 143 0 9 7
144 1262651 148 9 10 21
145 1262891 149 7 7 229
146 1272505 150 2 5 126
147 1273872 151 3 9 3
148 1275231 152 4 1 1312
149 1347536 154 1 0 2
150 1347536 154 3 7 1284
151 1347536 154 1 9 11
152 1347536 154 6 2 748
153 1347536 154 4 10 2
154 1347536 154 4 5 69
155 1347536 154 6 6 690
156 1355290 158 5 2 59
157 1431846 160 3 9 4
158 1431846 160 3 5 46
159 1431846 160 0 9 9
160 1431846 160 9 0 11
161 1460481 162 5 3 574
162 1460481 162 0 7 1351
163 1460481 162 7 0 3799
164 1474744 166 7 4 13
165 1497122 172 7 8 29
166 1497785 173 4 2 87
167 1511060 174 2 3 36
168 1511060 174 6 6 96
169 1511060 174 6 2 19
170 1511060 174 1 2 9
171 1511060 174 2 10 174
172 1512489 175 5 6 13
173 1559120 187 9 9 71
174 1559120 187 7 1 15
175 1561314 189 1 7 16203
176 1566513 190 10 0 36
177 1567473 191 8 6 7153
178 1579687 195 5 3 168
179 1642546 198 6 10 86
180 1642546 198 1 8 11
181 1642546 198 10 5 1
182 1642546 198 4 9 7
183 1642546 198 3 8 46
184 1642546 198 0 0 5
185 1642546 198 7 8 11
186 1642546 198 0 3 2
187 1642546 198 3 6 1002
188 1642546 198 7 4 2
189 1642546 198 10 0 5
190 1649558 202 3 10 415
191 1667315 203 7 5 4342
192 1667315 203 7 3 353
193 1667315 203 7 4 4534
194 1667315 203 7 6 48
195 1683163 209 3 5 39
196 1704215 212 2 6 14
197 1704227 213 8 4 106
198 1705380 214 0 7 47
199 1713066 217 8 5 78
200 1716500 218 1 2 17074
201 1719800 222 7 7 112
202 1727069 224 3 2 49443
203 1727069 224 3 4 238
204 1763285 229 6 5 19
205 1763285 229 2 2 616
206 1763285 229 6 6 27
207 1805015 232 10 5 1
208 1869128 233 5 1 8
209 1869128 233 6 0 44
210 1869128 233 7 7 85
211 1869128 233 1 3 4
212 1869128 233 2 0 22
213 1869128 233 5 0 7
214 1869128 233 6 3 5
215 1900430 237 10 9 11
216 1900430 237 4 9 11
217 1900430 237 4 6 47
218 1912269 239 2 1 9
219 1984125 241 6 2 3905
220 1984125 241 1 3 1
221 1984125 241 7 5 5047
222 1984125 241 1 6 48
223 1984125 241 4 1 6
224 1984125 241 9 1 6
225 1984125 241 1 10 1014
226 1988297 244 4 1 1
227 1996883 252 1 10 17
228 2001152 255 1 1 42
229 2003602 257 6 9 7792
230 2038683 259 0 1 891
231 2038683 259 7 1 2675
232 2038683 259 3 8 4050
233 2038683 259 3 0 14
234 2038683 259 7 8 2025
235 2038683 259 4 1 891
236 2038683 259 1 7 25
237 2118019 262 0 3 1
238 2118019 262 3 6 51
239 2118019 262 2 1 30
240 2118019 262 4 3 3
241 2118019 262 8 10 55
242 2118019 262 8 0 9
243 2118019 262 3 4 1
244 2118019 262 0 0 19
245 2118019 262 8 3 1
246 2127941 263 1 10 4572
247 2127941 263 4 10 1524
248 2145034 269 4 4 68
249 2145034 269 4 8 138
250 2153513 271 7 7 34
251 2172133 282 8 4 326
252 2172133 282 8 1 106
253 2172133 282 8 5 23
254 2308595 287 7 0 74
255 2308595 287 5 4 1
256 2308595 287 5 7 807
257 2308595 287 7 2 3
258 2308595 287 5 8 5
259 2308595 287 9 6 24
260 2308595 287 7 9 1
261 2308595 287 1 5 2
262 2308595 287 0 8 11
263 2308595 287 1 4 10
264 2308595 287 3 1 3
265 2308595 287 4 7 807
266 2308595 287 1 8 5
267 2308595 287 0 5 17
268 2308595 287 9 2 3
269 2308595 287 8 8 5
270 2308595 287 10 7 807
271 2355239 291 5 8 8
272 2355239 291 1 8 35
273 2355239 291 3 6 409
274 2355239 291 1 2 3435
275 2355239 291 4 5 25
276 2355239 291 4 6 2047
277 2355239 291 5 7 111
278 2355239 291 3 0 6
279 2355239 291 7 7 333
280 2397995 292 5 0 6
281 2397995 292 2 6 13
282 2427455 298 9 0 21
283 2427455 298 9 1 12
284 2480768 303 3 9 204
285 2480768 303 0 2 1892
286 2480768 303 9 0 1
287 2518609 307 8 4 476
288 2518609 307 5 4 3332
289 2528829 309 3 0 37
290 2542943 313 3 2 18
291 2543027 314 9 1 54
292 2611946 317 8 7 2009
293 2611946 317 4 2 565
294 2611946 317 9 10 55
295 2611946 317 10 8 83
296 2611946 317 9 0 4
297 2611946 317 8 10 110
298 2611946 317 5 9 21
299 2611946 317 8 5 964
300 2611946 317 4 1 14
301 2614300 318 2 7 11
302 2637920 325 9 9 165
303 2644230 327 2 10 1020
304 2673872 328 0 0 1
305 2673872 328 0 8 44
306 2673872 328 2 0 3
307 2675774 329 4 7 6
308 2703425 337 4 2 67
309 2703425 337 4 3 98
310 2703425 337 4 9 42
311 2704030 338 7 5 18
312 2723227 339 10 2 2880
313 2723227 339 3 7 31
314 2753249 340 2 4 1
315 2753249 340 7 9 15
316 2758661 343 6 4 129
317 2774628 349 5 6 568
318 2779886 351 8 1 221
319 2789848 353 0 7 193
320 2791835 355 6 6 29
321 2798237 358 0 8 24
322 2814141 362 6 3 357
323 2814141 362 5 2 1
324 2814141 362 0 2 1
325 2819567 365 3 3 670
326 2826037 366 0 5 1952
327 2829267 367 6 10 6
328 2843402 369 9 8 28
329 2872409 370 6 9 23
330 2872409 370 5 9 23
331 2872409 370 7 2 9
332 2872409 370 8 3 10
333 2872409 370 7 9 23
334 2872409 370 4 2 1
335 2879360 378 10 6 120
336 2880114 379 1 3 2
337 2901443 380 10 3 238
338 2901443 380 10 6 315
339 2901443 380 10 0 984
340 2901443 380 10 2 57
341 2901443 380 10 5 64
342 2914997 387 3 9 1
343 2934910 388 0 1 16
344 2934910 388 0 6 202
345 2934910 388 7 2 3
346 2934910 388 7 7 30
347 3004774 390 2 6 114
348 3004774 390 5 7 3
349 3004774 390 0 3 1193
350 3004774 390 0 10 1
351 3004774 390 9 0 14
352 3004774 390 4 1 2
353 3004774 390 9 5 6
354 3004774 390 2 8 767
355 3029681 392 8 4 427
356 3029681 392 6 5 3851
357 3118626 395 6 5 177
358 3118626 395 6 4 94
359 3118626 395 7 3 10
360 3118626 395 0 9 2555
361 3118626 395 7 1 1
362 3118626 395 0 4 1
363 3118626 395 9 9 2555
364 3118626 395 2 10 10
365 3124746 396 10 1 1216
366 3134844 401 5 3 2385
367 3164763 402 9 7 35
368 3164763 402 9 6 88
369 3164763 402 2 0 126
370 3164763 402 9 9 42
371 3170400 405 9 5 62
372 3188599 407 2 5 310
373 3188599 407 2 0 54
374 3188804 408 2 8 119
375 3248611 409 2 1 542
376 3248611 409 1 0 528
377 3248611 409 6 0 528
378 3248611 409 1 6 1
379 3281243 413 9 1 56
380 3281243 413 2 9 66
381 3281243 413 9 2 3014
382 3281243 413 2 1 168
383 3288128 419 10 1 7
384 3307451 422 7 2 569
385 3325016 427 10 2 48
386 3427112 428 0 4 1
387 3427112 428 8 5 822
388 3427112 428 9 3 3
389 3427112 428 9 8 2
390 3427112 428 1 9 1
391 3427112 428 3 1 1336
392 3427112 428 10 0 1
393 3427112 428 6 3 3
394 3427112 428 5 1 6684
395 3427112 428 2 2 1
396 3427112 428 4 9 3
397 3427112 428 4 0 1
398 3427112 428 7 7 1
399 3427112 428 5 4 1
400 3427112 428 6 6 1
401 3427112 428 10 4 1
402 3427112 428 0 10 4
403 3427112 428 10 10 4
404 3487038 430 5 7 17
405 3487038 430 8 6 190
406 3487038 430 5 4 3
407 3487038 430 7 5 16
408 3487038 430 7 8 5
409 3487038 430 1 0 2
410 3487038 430 1 3 4
411 3487038 430 1 4 24
412 3487038 430 2 5 8
413 3487038 430 7 3 21
414 3509530 440 0 0 29
415 3509530 440 6 3 60
416 3515748 443 6 5 69
417 3515748 443 6 10 95
418 3523172 445 10 6 2
419 3533122 452 8 10 147
420 3585807 457 10 7 10
421 3585807 457 4 4 1
422 3585807 457 0 0 8
423 3585807 457 2 6 6
424 3585807 457 6 0 25
425 3608491 460 1 10 64
426 3654832 461 1 6 122
427 3654832 461 9 5 1
428 3654832 461 10 9 7
429 3654832 461 7 5 1
430 3654832 461 4 9 7
431 3654832 461 4 0 1
432 3654832 461 5 2 55
433 3654832 461 2 9 3
434 3654832 461 1 7 1
435 3661192 465 0 0 7
436 3806414 466 1 6 4
437 3806414 466 4 1 2
438 3806414 466 9 1 2
439 3806414 466 8 3 1801
440 3806414 466 5 9 4
441 3806414 466 0 10 6
442 3806414 466 7 10 2
443 3806414 466 6 8 1
444 3806414 466 8 8 1
445 3806414 466 4 5 1
446 3806414 466 7 2 50
447 3806414 466 4 0 15
448 3806414 466 2 1 5
449 3806414 466 5 10 4
450 3806414 466 6 10 2
451 3842367 467 5 9 8
452 3842367 467 5 8 7
453 3842367 467 2 7 5
454 3842367 467 2 1 1
455 3852236 468 7 10 33231
456 3854636 469 6 1 4673
457 3862707 471 10 10 2769
458 3862707 471 1 10 923
459 3862707 471 7 10 923
460 3872784 472 7 0 7
461 3872784 472 2 0 14
462 3913509 473 8 5 68
463 3913509 473 7 5 68
464 3913509 473 3 7 3
465 3913509 473 4 8 52
466 3913509 473 9 10 1
467 3913509 473 7 9 2
468 3913509 473 0 8 1669
469 3913509 473 6 9 2
470 4039620 475 6 8 5
471 4039620 475 3 3 1
472 4039620 475 4 7 4
473 4039620 475 0 5 2
474 4039620 475 10 9 10
475 4039620 475 2 9 5
476 4039620 475 7 9 5
477 4039620 475 9 8 2
478 4039620 475 10 8 5
479 4039620 475 9 0 1
480 4039620 475 4 0 1
481 4039620 475 6 3 1
482 4039620 475 0 4 2
483 4039620 475 8 6 4
484 4039620 475 2 6 1
485 4053211 477 2 3 89
486 4053249 478 8 2 76
487 4062808 479 8 9 1
488 4068838 482 10 0 122
489 4071520 483 2 10 40
490 4079858 486 6 3 91
491 4079858 486 6 1 461
492 4086866 487 5 3 3411
493 4086866 487 5 4 344
494 4106522 491 10 10 39
495 4113642 496 10 3 2626
496 4230576 498 2 8 514
497 4230576 498 0 0 43
498 4230576 498 6 10 13
499 4230576 498 7 9 18
500 4230576 498 10 4 50
501 4230576 498 5 10 13
502 4230576 498 10 6 1
503 4230576 498 2 6 1
504 4230576 498 2 10 13
505 4230576 498 3 0 10
506 4230576 498 2 5 526
507 4230576 498 5 1 35
508 4230576 498 1 4 50
509 4230576 498 4 4 100
510 4240381 499 7 5 7680
511 4241571 501 4 8 5123
512 4317903 507 3 7 72
513 4317903 507 8 9 7
514 4317903 507 9 3 14
515 4317903 507 2 9 7
516 4317903 507 2 2 28
517 4317903 507 7 7 72
518 4317903 507 8 6 3
519 4317903 507 10 4 1429
520 4317903 507 8 4 1429
521 4317903 507 3 1 1
522 4317903 507 9 4 1429
523 4317903 507 3 6 3
524 4344640 510 7 9 1
525 4415869 513 6 3 21
526 4415869 513 6 9 20
527 4415869 513 10 9 20
528 4415869 513 6 10 6
529 4415869 513 5 7 35
530 4415869 513 1 6 240
531 4415869 513 3 6 80
532 4415869 513 7 2 42
533 4415869 513 6 7 11
534 4415869 513 1 2 6
535 4430513 516 3 3 1
536 4430513 516 2 3 1
537 4435681 522 4 9 174
538 4436731 523 8 2 3
539 4449442 531 3 0 195
540 4462637 535 9 1 238
541 4462637 535 1 7 6
542 4484643 542 1 1 3993
543 4496022 547 4 7 18
544 4507679 550 5 6 6
545 4507679 550 2 6 6
546 4524005 551 3 6 60
547 4653197 555 10 3 607
548 4653197 555 6 5 1
549 4653197 555 4 4 829
550 4653197 555 4 1 191
551 4653197 555 5 8 7
552 4653197 555 5 1 95
553 4653197 555 3 1 95
554 4653197 555 1 7 14
555 4653197 555 7 3 202
556 4653197 555 6 3 202
557 4653197 555 9 3 202
558 4653197 555 6 7 3
559 4653197 555 8 9 11
560 4653197 555 10 0 4
561 4653197 555 4 5 3
562 4653197 555 3 8 22
563 4698172 556 5 4 4
564 4698172 556 10 4 26
565 4698172 556 9 0 1
566 4698172 556 9 1 1
567 4698172 556 8 0 1
568 4698172 556 0 0 1
569 4698172 556 10 7 15
570 4698172 556 3 10 335
571 4721280 558 1 8 329
572 4741713 562 10 9 2695
573 4741713 562 10 6 12990
574 4741713 562 10 2 37
575 4753631 563 10 4 100
576 4762926 565 1 0 14
577 4812217 569 0 6 5
578 4812217 569 10 7 1
579 4812217 569 3 9 2
580 4817942 573 10 5 50
581 4824290 575 10 8 15
582 4861143 576 0 3 30
583 4861143 576 6 6 9
584 4861143 576 1 4 37
585 4862411 577 8 0 1169
586 4867948 579 3 0 57
587 4890018 582 4 0 2716
588 4901066 583 6 3 83
589 4902611 585 10 3 1425
590 4904509 587 4 1 12
591 4912018 588 4 10 9
592 4912018 588 4 0 70
593 4912018 588 4 8 19655
594 4912204 589 4 5 342
595 4920676 591 2 1 1
596 4920676 591 8 10 2
597 4928797 596 9 1 190
598 4929385 597 0 4 14
599 4936142 600 3 8 66
600 4970566 602 8 8 3636
601 4970566 602 6 2 848
602 4972647 605 4 6 53
603 4986833 606 10 3 161
604 4986833 606 10 7 327
605 4986833 606 10 9 101
606 4989362 608 8 4 11
607 4990407 610 1 3 27
608 5002056 611 5 8 990
609 5002056 611 2 2 8
610 5002056 611 3 4 39
611 5002056 611 1 4 39
612 5110164 612 6 1 13
613 5110164 612 5 10 5
614 5110164 612 2 4 80
615 5110164 612 9 10 5
616 5110164 612 4 5 120
617 5110164 612 2 3 1
618 5110164 612 0 9 1
619 5110164 612 4 0 71
620 5110164 612 3 10 5
621 5110164 612 9 7 2539
622 5110164 612 8 0 713
623 5110164 612 1 6 1
624 5119253 613 3 4 36562
625 5221376 616 3 6 36
626 5221376 616 2 6 72
627 5221376 616 3 8 82
628 5221376 616 2 8 1
629 5221376 616 0 8 1
630 5221376 616 6 4 1
631 5221376 616 9 1 1
632 5221376 616 7 7 200
633 5221376 616 1 5 1227
634 5221376 616 1 0 1483
635 5221376 616 2 10 854
636 5221376 616 10 3 20
637 5221376 616 8 4 1
638 5221376 616 0 1 1
639 5221376 616 4 6 72
640 5221376 616 6 10 2564
641 5221376 616 4 7 25228
642 5221376 616 2 1 1
643 5221376 616 8 5 11051
644 5228310 618 2 8 38
645 5229823 619 8 6 91
646 5242771 625 2 0 34
647 5256245 626 2 10 96
648 5270718 628 1 7 2415
649 5270718 628 1 6 127
650 5281675 631 5 6 491
651 5281675 631 9 5 232
652 5307209 633 5 4 225
653 5312073 634 7 2 95
654 5318373 635 5 5 334
655 5318373 635 5 1 1250
656 5318373 635 5 3 16
657 5396213 644 2 0 8
658 5396213 644 0 2 152
659 5396213 644 5 10 11
660 5397046 645 4 8 20
661 5400520 647 3 3 1338
662 5402108 650 0 10 58
663 5416996 661 6 0 13
664 5416996 661 9 0 13
665 5420848 666 4 3 2
666 5421256 667 2 7 77
667 5426858 668 5 10 160
668 5426858 668 5 1 200
669 5512887 671 7 0 14
670 5512887 671 4 2 13
671 5512887 671 2 7 1
672 5512887 671 9 8 34
673 5512887 671 6 2 6
674 5512887 671 2 6 8
675 5512887 671 7 7 1
676 5530059 675 2 3 19475
677 5530059 675 2 4 30
678 5538938 678 7 6 409
679 5548918 681 6 5 12
680 5548918 681 9 4 1319
681 5617261 683 5 2 1527
682 5617261 683 8 1 50
683 5617261 683 9 3 29
684 5617261 683 3 10 16
685 5617261 683 1 10 32
686 5617261 683 4 6 10
687 5617261 683 5 5 82
688 5617261 683 2 7 548
689 5617261 683 10 7 1097
690 5618364 684 9 2 1039
691 5618703 685 1 4 41
692 5672494 690 4 5 4
693 5672494 690 0 10 48
694 5672494 690 8 1 1
695 5673988 691 2 2 49
696 5702471 692 7 3 3329
697 5847249 695 9 8 1
698 5847249 695 5 7 8
699 5847249 695 6 9 1503
700 5847249 695 6 2 1587
701 5847249 695 1 7 1
702 5847249 695 10 3 35
703 5847249 695 7 2 793
704 5847249 695 1 2 1587
705 5847249 695 10 2 1587
706 5847249 695 8 5 28
707 5847249 695 2 8 1
708 5847249 695 7 10 5
709 5847249 695 2 0 128
710 5847249 695 10 9 214
711 5847249 695 6 1 3
712 5847249 695 7 7 1
713 5847249 695 3 3 4
714 5847249 695 9 10 1
715 5847249 695 10 7 1
716 5883575 698 5 2 25
717 5883575 698 10 8 312
718 5883575 698 2 9 33
719 5883575 698 2 10 32
720 5883575 698 2 1 3
721 5883575 698 10 5 51
722 5883575 698 10 0 4
723 5883575 698 10 2 25
724 5883575 698 2 8 8
725 5884415 699 8 8 218
726 5899895 701 9 2 76
727 5899895 701 0 9 1
728 5926372 702 3 2 56
729 5926372 702 3 1 61
730 5953093 703 2 0 74
731 5954359 704 9 6 3990
732 5954359 704 5 6 1995
733 5955956 705 5 5 263
734 5976554 711 9 10 28
735 5985534 712 4 4 99
736 5986125 713 0 6 9483
737 5991601 715 8 7 12
738 6045875 718 0 9 31
739 6045875 718 8 10 2
740 6045875 718 3 1 85
741 6045875 718 0 1 39
742 6090721 727 8 7 2
743 6092524 729 1 6 6073
744 6127121 732 9 5 52
745 6127121 732 5 5 26
746 6127121 732 5 6 2
747 6127121 732 9 8 39
748 6158275 735 6 0 70
749 6158275 735 6 2 5
750 6158275 735 9 0 35
751 6168179 737 5 0 44
752 6180159 739 10 8 67
753 6251668 741 7 6 5
754 6251668 741 2 7 2
755 6251668 741 4 2 9
756 6251668 741 8 2 3
757 6251668 741 4 10 8
758 6251668 741 2 8 6
759 6251668 741 2 4 66
760 6251668 741 5 6 5
761 6251668 741 4 8 1
762 6251668 741 6 7 14
763 6251668 741 0 10 110
764 6265289 744 7 0 8
765 6266605 746 6 9 88
766 6268186 748 5 8 56
767 6280029 749 9 7 41
768 6280029 749 9 4 6
769 6342904 751 1 8 1
770 6342904 751 7 1 30
771 6342904 751 7 6 55
772 6342904 751 1 6 167
773 6370464 755 9 7 346
774 6397763 761 6 5 45
775 6397763 761 4 5 45
776 6438547 766 2 4 48
777 6438547 766 4 3 1
778 6438547 766 0 3 1
779 6438547 766 4 4 32
780 6466238 768 8 7 6
781 6466238 768 8 4 59
782 6466238 768 0 1 41
783 6475302 773 10 10 34
784 6512804 787 2 4 78
785 6512804 787 4 4 18
786 6518439 791 7 1 1
787 6520086 795 3 7 39
788 6532223 798 4 2 46
789 6532244 799 2 10 54
790 6533509 801 9 6 20
791 6536625 802 10 5 226
792 6536652 803 8 3 11335
793 6546535 804 4 10 98
794 6546535 804 4 9 9
795 6546535 804 4 6 21
796 6557464 812 1 5 1916
797 6576740 819 4 3 21
798 6580161 821 6 9 68
799 6700820 822 10 7 138
800 6700820 822 6 5 26
801 6700820 822 6 1 1
802 6700820 822 4 7 138
803 6700820 822 4 10 1
804 6700820 822 3 7 414
805 6700820 822 10 1 1
806 6700820 822 7 4 1
807 6700820 822 3 8 239
808 6700820 822 3 3 1
809 6700820 822 5 10 27
810 6799086 823 1 9 1
811 6799086 823 8 9 3
812 6799086 823 10 7 751
813 6799086 823 8 3 9
814 6799086 823 8 2 6
815 6799086 823 8 10 1
816 6830230 825 6 9 56
817 6830230 825 0 8 63
818 6830230 825 1 1 19
819 6830230 825 10 0 17
820 6833923 827 0 9 116
821 6847891 830 1 1 74
822 6847891 830 0 1 24
823 6870485 833 7 0 119
824 6870485 833 7 10 8
825 6884926 834 2 5 908
826 6884926 834 2 0 15
827 6884926 834 8 5 908
828 6884926 834 7 4 4
829 6907888 842 1 8 2391
830 6907888 842 1 6 11325
831 6913822 844 7 9 283
832 6918521 845 10 7 4
833 6926943 846 5 4 14
834 6926943 846 5 10 165
835 6926943 846 5 7 59
836 6931607 851 0 6 15
837 6932466 852 2 9 48
838 6936426 855 2 0 234
839 6949990 857 9 7 83
840 6951841 858 10 2 1
841 6960722 859 6 6 60
842 6960722 859 6 10 7
843 6960722 859 6 5 14093
844 6981098 863 2 7 8
845 7047713 864 2 0 1809
846 7047713 864 4 1 14
847 7047713 864 10 9 35
848 7047713 864 8 1 4
849 7047713 864 0 0 7236
850 7047713 864 7 2 954
851 7047713 864 5 6 17
852 7047713 864 7 5 30
853 7047713 864 10 5 15
854 7056486 870 7 3 46
855 7082662 874 2 9 31
856 7100687 881 5 2 2247
857 7155306 886 7 2 41
858 7155306 886 10 7 1
859 7155306 886 3 6 8888
860 7155306 886 8 9 751
861 7155306 886 2 6 1111
862 7155306 886 2 0 14
863 7155306 886 5 3 48
864 7155306 886 0 1 11
865 7155306 886 2 2 1476
866 7155306 886 7 0 14
867 7164960 888 10 7 651
868 7167760 889 6 2 173
869 7219027 894 7 2 5
870 7219027 894 6 7 54
871 7219027 894 3 2 11
872 7219027 894 9 1 4
873 7219027 894 6 9 71
874 7219027 894 0 9 35
875 7219027 894 2 4 56
876 7219027 894 0 8 1
877 7250275 896 4 3 1586
878 7250275 896 2 3 4760
879 7265135 899 6 7 61
880 7265135 899 6 6 12658
881 7265136 900 0 7 201
882 7273615 901 5 2 30
883 7273743 902 5 10 39173
884 7297620 905 3 8 95
885 7322134 907 4 5 207
886 7332719 909 9 0 5739
887 7332719 909 9 2 801
888 7343384 911 5 0 682
889 7343384 911 8 0 1365
890 7343384 911 6 0 1365
891 7355247 913 2 2 19
892 7364267 916 0 3 49
893 7367990 917 3 9 3
894 7367990 917 6 9 3
895 7378510 919 2 1 1
896 7382512 922 1 4 99
897 7395920 924 1 6 1
898 7411201 926 7 4 65
899 7413478 928 0 10 51
900 7535600 929 7 3 3
901 7535600 929 7 5 4774
902 7535600 929 2 6 218
903 7535600 929 10 1 1
904 7535600 929 9 2 12
905 7535600 929 1 4 878
906 7535600 929 5 0 2
907 7535600 929 10 2 4
908 7535600 929 4 3 3
909 7535600 929 2 8 4
910 7535600 929 0 0 5
911 7535600 929 0 7 2
912 7535600 929 5 10 1
913 7535600 929 4 5 227
914 7535600 929 2 1 1
915 7535600 929 3 6 109
916 7535600 929 2 7 2
917 7535600 929 2 0 2
918 7535600 929 2 5 454
919 7535600 929 8 3 169
920 7535600 929 9 0 5
921 7535600 929 6 9 28
922 7535600 929 10 3 3
923 7535600 929 0 8 4
924 7607970 930 3 4 7804
925 7607970 930 4 4 13007
926 7607970 930 6 7 10
927 7607970 930 4 10 683
928 7607970 930 1 6 13
929 7607970 930 4 2 7
930 7607970 930 10 9 71
931 7607970 930 1 2 43
932 7607970 930 0 6 26
933 7673326 931 10 9 2119
934 7673326 931 10 2 1607
935 7673326 931 6 7 6
936 7673326 931 1 6 8
937 7716573 932 3 3 3
938 7716573 932 3 1 779
939 7716573 932 10 8 6
940 7716573 932 5 0 2
941 7716573 932 8 4 43
942 7717639 933 9 6 7857
943 7720992 934 1 7 15
944 7858979 941 10 1 288
945 7858979 941 2 9 1305
946 7858979 941 8 1 96
947 7858979 941 8 2 2
948 7858979 941 8 10 18
949 7858979 941 0 8 5
950 7858979 941 3 2 2
951 7858979 941 2 2 5
952 7858979 941 2 3 1
953 7858979 941 7 8 6
954 7858979 941 0 0 5
955 7858979 941 9 6 8
956 7858979 941 1 3 1
957 7858979 941 4 8 1
958 7858979 941 6 10 18
959 7858979 941 10 2 2
960 7858979 941 0 3 1
961 7860697 943 2 8 4884
962 7863249 945 9 1 9558
963 7864498 947 10 10 71
964 7874954 948 8 6 3958
965 7874954 948 6 7 18
966 7874954 948 0 7 18
967 7877996 949 2 4 3132
968 7888818 950 9 8 7
969 7892834 953 1 3 14
970 7894173 956 4 1 1266
971 7915344 959 10 0 127
972 7915344 959 10 2 32
973 7915344 959 10 4 73
974 7927348 961 3 5 343
975 7927348 961 9 5 1719
976 8013149 967 6 7 243
977 8013149 967 0 4 14
978 8013149 967 0 0 9
979 8013149 967 7 7 243
980 8013149 967 4 6 6161
981 8013149 967 1 9 9
982 8013149 967 1 5 7
983 8013149 967 6 9 2
984 8028332 971 10 8 30
985 8028332 971 9 8 90
986 8038865 972 10 4 228
987 8038865 972 10 7 53
988 8038865 972 10 2 558
989 8060874 973 2 6 19
990 8060874 973 0 8 2624
991 8060874 973 0 4 10
992 8060874 973 2 10 26
993 8065761 976 2 8 113
994 8074998 979 4 7 105
995 8083262 986 1 0 968
996 8103636 993 4 1 115
997 8121559 994 5 4 38
998 8121559 994 2 1 1
999 8128876 997 0 3 22
