11 377 1000
0 120519 0 1 0 2
1 459971 3 10 0 2396
2 459971 3 5 6 284
3 459971 3 10 1 14
4 459971 3 9 0 4792
5 459971 3 10 6 2558
6 459971 3 5 4 3213
7 532415 4 8 0 205
8 532415 4 7 5 43
9 840790 9 7 6 23
10 840790 9 4 10 25
11 840790 9 1 7 39
12 840790 9 1 8 2
13 840790 9 1 10 7
14 840790 9 1 6 23
15 840790 9 7 8 2
16 840790 9 7 4 2
17 892147 10 0 1 1740
18 904974 11 0 9 88
19 1180324 13 5 1 530
20 1180324 13 6 5 13
21 1180324 13 8 4 340
22 1180324 13 10 9 18555
23 1180324 13 7 9 48707
24 1184189 14 7 6 107
25 1544175 17 5 10 1
26 1544175 17 5 8 30
27 1544175 17 9 7 5
28 1544175 17 6 1 88
29 1544175 17 2 3 46
30 1544175 17 9 8 1
31 1544175 17 10 1 44
32 1544175 17 1 5 16
33 1544175 17 6 2 526
34 1611148 18 1 9 179
35 1629260 19 1 0 84
36 1812558 21 3 4 45
37 1812558 21 3 8 86
38 1812558 21 4 8 86
39 1824348 22 6 5 14781
40 1850473 24 7 4 6073
41 1883634 25 4 0 1977
42 1883991 26 0 8 2366
43 1957229 27 10 0 130
44 1957229 27 6 0 130
45 2133408 29 2 3 99
46 2133408 29 10 7 2267
47 2133408 29 2 1 11
48 2215129 32 0 4 14
49 2218345 33 8 7 56
50 2335994 37 8 0 25
51 2335994 37 6 8 61
52 2335994 37 6 0 25
53 2447067 39 6 5 20
54 2447067 39 3 5 6
55 2616219 45 0 6 3190
56 2719417 50 2 3 14
57 2719417 50 10 4 2237
58 2719417 50 1 4 745
59 2719417 50 1 8 12
60 3440766 51 8 4 15
61 3440766 51 8 6 51
62 3440766 51 2 0 10
63 3440766 51 2 10 1
64 3440766 51 7 9 1
65 3440766 51 10 3 15
66 3440766 51 5 3 15
67 3462167 55 0 9 3923
68 3882463 59 8 2 204
69 3882463 59 8 3 10
70 3882463 59 8 9 18
71 3882463 59 2 4 8
72 3882463 59 5 0 2
73 3954449 61 7 2 24
74 4087854 66 0 7 227
75 4087854 66 0 6 59
76 4087912 67 1 7 10
77 4119210 68 5 4 1
78 4249357 70 8 8 21
79 4813086 75 0 8 1
80 4813086 75 8 0 63
81 4813086 75 3 1 591
82 4813086 75 10 7 1
83 4813086 75 9 7 1
84 4813086 75 1 2 778
85 4813086 75 7 8 1
86 4813086 75 7 5 115
87 4813086 75 2 5 577
88 4813086 75 2 3 33
89 4813086 75 3 3 33
90 4946723 82 1 8 76
91 5533786 84 3 3 8
92 5533786 84 3 0 7
93 5533786 84 7 0 7
94 5533786 84 2 6 2
95 5533786 84 3 4 5
96 5533786 84 10 7 43
97 5533786 84 7 1 8
98 5535423 85 9 6 404
99 5535423 85 8 6 404
100 5683389 89 7 6 1461
101 5683389 89 7 2 266
102 5749695 91 1 2 10456
103 5750952 92 9 0 133
104 5842580 94 0 5 1513
105 5962518 97 9 9 1843
106 6296576 99 0 4 28
107 6296576 99 7 9 42
108 6296576 99 0 2 19
109 6296576 99 9 8 1
110 6296576 99 9 2 19
111 6869164 102 1 9 9
112 6869164 102 8 6 31
113 6869164 102 3 10 21
114 6869164 102 8 2 967
115 6869164 102 5 1 3
116 6869164 102 8 3 17
117 6869164 102 9 10 21
118 6923867 103 9 5 13
119 6969148 104 4 6 5599
120 6988298 107 6 2 1524
121 7249761 108 4 6 7
122 7249761 108 5 4 34
123 7249761 108 7 7 76
124 7284718 110 3 0 197
125 7284718 110 3 2 330
126 7390194 116 2 3 15961
127 7461392 117 0 2 132816
128 7461392 117 0 5 160
129 7545388 118 6 2 15
130 7545388 118 8 5 16
131 7564501 121 4 1 48
132 7572362 122 0 1 98
133 7617349 124 1 3 7
134 7880122 132 6 0 21
135 7880122 132 0 7 7571
136 8079951 136 8 5 496
137 8540966 137 6 7 198
138 8540966 137 5 2 21
139 8540966 137 0 10 222
140 8540966 137 7 4 99
141 8548518 138 4 5 109
142 8587408 139 7 1 25
143 8587408 139 8 1 504
144 8609405 142 3 3 77
145 8681991 143 0 8 4
146 8805059 146 7 8 1332
147 8805059 146 6 3 72
148 8838558 148 9 10 21
149 8840241 149 7 7 229
150 8907536 150 2 8 12718
151 8907536 150 2 7 5692
152 8907536 150 2 9 28
153 8907536 150 2 5 126
154 8926617 152 4 1 1312
155 9432758 154 2 0 2
156 9432758 154 5 1 33
157 9432758 154 10 10 1
158 9432758 154 10 0 2
159 9432758 154 3 2 249
160 9432758 154 2 1 33
161 10022927 160 10 3 7
162 10022927 160 0 5 35
163 10022927 160 6 7 1
164 10022927 160 10 1 1
165 10022927 160 6 9 4
166 10022927 160 8 10 5
167 10022927 160 1 0 23
168 10022927 160 10 8 306
169 10022927 160 1 3 2
170 10022927 160 3 7 1
171 10223372 162 7 6 44
172 10223372 162 5 3 574
173 10223372 162 8 7 225
174 10223372 162 6 4 92
175 10223372 162 6 10 5
176 10223372 162 2 1 2890
177 10243838 164 6 8 11399
178 10317756 165 7 4 29
179 10317756 165 8 3 93
180 10317756 165 3 3 93
181 10323212 166 10 4 13
182 10350258 168 2 2 15
183 10479857 172 4 2 54
184 10484501 173 4 2 87
185 10577421 174 0 3 36
186 10775582 177 3 4 23
187 10775582 177 0 4 47
188 10775582 177 3 5 42
189 10913843 187 4 2 24
190 10913843 187 7 1 15
191 11046718 193 5 3 108
192 11057560 194 3 3 63
193 11057811 195 5 3 168
194 11497828 198 2 1 18
195 11497828 198 0 3 2
196 11497828 198 7 9 7
197 11497828 198 6 10 86
198 11497828 198 8 9 31
199 11497828 198 0 0 5
200 11497828 198 2 10 7
201 11497828 198 3 10 14
202 11497828 198 4 5 9
203 11546911 202 3 6 222
204 11671207 203 7 6 48
205 11671207 203 7 10 2495
206 11671207 203 8 4 1511
207 11678180 204 9 0 97
208 11782146 209 3 5 39
209 11907540 210 8 3 299
210 11907540 210 10 3 1
211 11991463 217 6 4 13
212 12038600 222 0 7 28
213 12089488 224 3 5 91
214 12107568 225 6 8 316
215 12134308 228 3 2 31
216 12342996 229 6 3 14
217 12342996 229 6 7 9
218 12342996 229 0 5 4
219 12342996 229 0 6 27
220 12342996 229 2 5 133
221 12342996 229 2 2 616
222 12342996 229 6 9 74
223 12342996 229 6 5 19
224 12342996 229 0 2 616
225 12595136 230 0 2 1
226 12595136 230 8 0 12
227 12595136 230 3 8 33
228 12595136 230 0 10 8
229 12615187 231 8 6 2
230 13083901 233 4 1 39
231 13083901 233 5 0 7
232 13303011 237 10 3 224
233 13314325 238 3 8 83
234 13888881 241 1 5 3364
235 13888881 241 1 8 1
236 13888881 241 9 2 5857
237 13888881 241 6 4 14
238 13888881 241 1 9 1226
239 13888881 241 9 5 1682
240 13888881 241 4 8 1
241 13888881 241 1 6 48
242 13888881 241 3 10 4056
243 13918083 244 1 1 1
244 13970394 250 2 9 38
245 14025408 258 3 0 83
246 14270784 259 2 10 622
247 14270784 259 0 8 2025
248 14270784 259 1 10 622
249 14270784 259 2 7 25
250 14270784 259 5 3 1246
251 14273653 261 2 6 94
252 14826136 262 4 4 12
253 14826136 262 2 3 1
254 14826136 262 9 1 30
255 14826136 262 4 3 3
256 14826136 262 2 6 8
257 14826136 262 3 4 1
258 15015241 269 4 5 39
259 15093921 274 8 9 85
260 15110798 278 7 6 166
261 15132159 280 5 2 647
262 15133780 281 1 7 651
263 15204931 282 8 3 286
264 15204931 282 8 1 106
265 16160168 287 5 3 5
266 16160168 287 1 0 5
267 16160168 287 3 9 1
268 16160168 287 7 5 2
269 16160168 287 5 1 6
270 16160168 287 4 3 11
271 16160168 287 0 8 11
272 16160168 287 4 10 7
273 16160168 287 7 6 24
274 16160168 287 8 3 11
275 16160168 287 3 3 23
276 16175915 290 5 7 223
277 16486675 291 9 9 548
278 16486675 291 6 0 3
279 16486675 291 10 9 365
280 16486675 291 1 2 3435
281 16486675 291 2 6 1228
282 16486675 291 4 9 182
283 16785971 292 8 0 6
284 16785971 292 10 9 529
285 16785971 292 9 8 218
286 16785971 292 0 0 6
287 16785971 292 1 10 2
288 16785971 292 0 8 218
289 16785971 292 5 0 6
290 16992187 298 9 4 483
291 16992187 298 1 7 60
292 17019153 300 10 1 1505
293 17365377 303 10 9 613
294 17365377 303 0 2 1892
295 17365377 303 0 0 3
296 17365377 303 10 7 33
297 17365377 303 1 0 1
298 17365377 303 1 2 1892
299 17571418 304 3 9 58
300 17630269 307 8 4 476
301 17790519 311 9 4 3
302 18283624 317 5 10 55
303 18283624 317 6 9 10
304 18283624 317 1 3 109
305 18283624 317 2 3 54
306 18283624 317 5 5 5789
307 18283624 317 4 2 565
308 18283624 317 0 4 10
309 18283624 317 1 2 3961
310 18300102 318 2 7 11
311 18323448 320 5 0 8093
312 18339967 323 5 9 187
313 18452902 324 7 9 95
314 18452902 324 10 5 7
315 18717105 328 1 5 297
316 18717105 328 9 0 4
317 18717105 328 3 0 1
318 18717105 328 10 9 14
319 18717105 328 2 5 297
320 18717105 328 2 0 3
321 18793744 330 0 4 194
322 18793744 330 0 0 683
323 18856587 335 1 6 179
324 18923976 337 4 3 98
325 18928211 338 7 5 18
326 19062589 339 7 3 430
327 19062589 339 7 5 95
328 19062589 339 1 7 15
329 19272744 340 5 4 1
330 19272744 340 5 8 451
331 19272744 340 7 9 15
332 19272744 340 7 1 11
333 19310631 343 6 4 129
334 19385336 346 3 5 489
335 19422402 349 2 6 2272
336 19422402 349 1 6 568
337 19446355 350 9 6 38
338 19528936 353 0 8 90
339 19528936 353 0 3 163
340 19542845 355 0 6 29
341 19550597 356 6 0 96
342 19698993 362 3 2 2
343 19736971 365 3 3 670
344 19782263 366 0 2 23
345 19804873 367 6 10 6
346 19806606 368 0 7 1327
347 19903820 369 1 7 2
348 19903820 369 2 7 23
349 19903820 369 10 3 6
350 20106864 370 5 10 11
351 20106864 370 7 2 9
352 20106864 370 7 9 23
353 20135640 371 1 8 116
354 20310107 380 10 6 315
355 20310107 380 10 8 9844
356 20331775 382 4 0 30
357 20376384 386 7 3 976
358 20376384 386 8 3 1952
359 20544374 388 0 4 28
360 20544374 388 0 6 202
361 21033420 390 3 9 174
362 21033420 390 4 3 596
363 21033420 390 1 9 174
364 21033420 390 4 5 20
365 21033420 390 5 10 1
366 21033420 390 8 6 459
367 21207769 392 3 9 3
368 21230327 393 8 1 46
369 21830385 395 0 5 177
370 21830385 395 4 7 1
371 21830385 395 6 9 17890
372 21830385 395 3 9 10223
373 21830385 395 10 7 1
374 21830385 395 10 6 13
375 21830385 395 4 9 2555
376 21830385 395 2 7 1
377 21830385 395 8 10 31
378 21830385 395 9 4 1
379 21830385 395 1 6 27
380 21830385 395 3 7 1
381 21830385 395 1 10 10
382 21880421 397 3 10 99
383 21943908 401 5 3 2385
384 22153347 402 9 6 88
385 22153347 402 2 2 7
386 22153347 402 2 7 17
387 22153347 402 9 8 34
388 22153347 402 9 0 2920
389 22192802 405 9 5 62
390 22192802 405 2 5 15
391 22232426 406 4 0 35
392 22320194 407 2 6 71
393 22320194 407 2 7 98
394 22740283 409 10 3 1
395 22740283 409 1 6 1
396 22740283 409 10 1 542
397 22740283 409 8 2 3
398 22740283 409 1 9 30
399 22740283 409 2 9 45
400 22740283 409 5 2 7
401 22740283 409 10 6 11
402 22740283 409 8 8 26
403 22740283 409 10 0 1584
404 22740283 409 1 4 2
405 22740283 409 6 2 3
406 22740283 409 6 3 65
407 22740283 409 10 10 10
408 22759888 410 6 3 1
409 22802431 412 7 1 86
410 22968701 413 9 2 3014
411 22968701 413 2 7 32
412 22968701 413 9 7 32
413 23016899 419 3 8 77
414 23056270 420 9 10 64
415 23061045 421 5 9 27455
416 23152161 422 1 7 4
417 23152161 422 3 2 3415
418 23241667 424 7 3 5146
419 23241667 424 7 7 63
420 23989784 428 0 7 1
421 23989784 428 2 6 1
422 23989784 428 9 1 668
423 23989784 428 5 5 822
424 23989784 428 4 8 2
425 23989784 428 3 3 3
426 23989784 428 8 6 1
427 23989784 428 6 10 4
428 23989784 428 7 6 2
429 23989784 428 5 1 6684
430 23989784 428 0 10 4
431 23989784 428 7 10 4
432 23989784 428 6 4 1
433 23989784 428 8 4 21
434 23989784 428 6 9 1
435 24409266 430 2 0 2
436 24409266 430 1 0 2
437 24409266 430 3 4 7
438 24409266 430 1 1 2103
439 24409266 430 7 8 5
440 24409266 430 7 3 21
441 24460425 434 3 2 37
442 24512337 435 2 6 24
443 24530063 437 8 1 4733
444 24538086 439 6 7 114
445 24701184 451 10 10 11840
446 24768451 456 6 5 8547
447 25100653 457 10 3 44
448 25100653 457 8 9 13
449 25100653 457 6 6 6
450 25100653 457 2 0 8
451 25136059 458 2 4 1978
452 25259441 460 1 2 8
453 25259441 460 1 4 4695
454 25259441 460 1 10 64
455 25259441 460 1 5 102
456 25583830 461 3 6 614
457 25583830 461 1 6 122
458 25583830 461 3 2 27
459 25583830 461 0 8 9
460 25583830 461 10 10 1
461 25583830 461 1 2 11
462 25583830 461 4 7 1
463 26644898 466 1 7 1
464 26644898 466 4 8 1
465 26644898 466 8 0 7
466 26644898 466 7 9 12
467 26644898 466 9 9 8
468 26644898 466 6 1 2
469 26644898 466 7 8 1
470 26644898 466 1 10 2
471 26644898 466 3 4 2174
472 26644898 466 1 4 217
473 26644898 466 4 7 1
474 26644898 466 2 3 1801
475 26644898 466 9 6 4
476 26644898 466 2 4 652
477 26644898 466 4 10 2
478 26644898 466 8 8 1
479 26644898 466 10 5 1
480 26896574 467 1 8 7
481 26896574 467 4 6 6
482 26896574 467 5 9 8
483 26982458 469 6 3 3988
484 27038955 471 4 10 7385
485 27038955 471 5 10 923
486 27109492 472 0 0 7
487 27109492 472 9 0 7
488 27394563 473 4 5 68
489 27394563 473 5 3 14
490 27394563 473 1 2 15
491 27394563 473 6 9 2
492 27394563 473 5 7 3
493 28277340 475 8 9 5
494 28277340 475 0 3 1
495 28277340 475 7 2 1
496 28277340 475 4 2 3
497 28277340 475 0 1 6
498 28277340 475 10 10 5
499 28277340 475 10 4 2
500 28277340 475 1 10 5
501 28277340 475 7 9 5
502 28372478 477 2 3 89
503 28439657 479 7 9 1
504 28477620 481 5 10 87
505 28500642 483 5 10 8
506 28506149 485 2 0 117
507 28559009 486 6 8 21916
508 28719518 489 3 8 69
509 28775512 493 8 7 18
510 29614038 498 10 2 4
511 29614038 498 5 5 702
512 29614038 498 4 10 13
513 29614038 498 9 5 175
514 29614038 498 0 3 1
515 29614038 498 10 5 175
516 29614038 498 0 8 1028
517 29614038 498 1 8 5658
518 29614038 498 2 8 514
519 29614038 498 7 0 10
520 29614038 498 5 4 50
521 29614038 498 6 3 1
522 29614038 498 8 0 10
523 29682670 499 7 6 4848
524 29682670 499 7 5 7680
525 29748821 504 3 10 30
526 29759559 506 7 10 2637
527 30225322 507 10 4 1429
528 30225322 507 7 6 7
529 30225322 507 5 1 2
530 30225322 507 9 3 14
531 30225322 507 0 9 7
532 30225322 507 8 9 7
533 30225322 507 9 2 5
534 30225322 507 0 0 12
535 30225322 507 9 1 1
536 30911084 513 3 8 1009
537 30911084 513 10 1 5
538 30911084 513 2 3 5
539 30911084 513 5 10 18
540 30911084 513 10 9 20
541 30911084 513 6 10 6
542 30911084 513 6 7 11
543 30911084 513 6 6 80
544 30911084 513 2 4 200
545 30911084 513 8 8 1009
546 30911084 513 5 2 6
547 30911084 513 2 7 5
548 30911084 513 7 2 42
549 30914358 514 9 9 87
550 30928323 515 10 1 15
551 31013592 516 7 3 1
552 31014550 517 3 10 33396
553 31049768 522 4 9 174
554 31057118 523 8 2 3
555 31057287 524 1 8 1009
556 31079668 526 8 2 56
557 31129030 529 4 9 374
558 31129030 529 3 9 374
559 31259921 537 7 10 11
560 31259921 537 9 10 88
561 31392505 542 1 2 138
562 31472160 547 4 1 2357
563 31668037 551 6 1 7
564 31710808 553 2 2 3
565 32572384 555 6 8 7
566 32572384 555 7 7 3
567 32572384 555 2 0 2
568 32572384 555 6 9 35
569 32572384 555 5 6 23
570 32572384 555 3 10 1
571 32572384 555 7 1 95
572 32887204 556 0 5 3164
573 32887204 556 3 0 1
574 32887204 556 10 3 92
575 32887204 556 5 1 2
576 32887204 556 5 5 3164
577 32887204 556 9 10 335
578 32887204 556 9 7 110
579 33048966 558 1 2 194
580 33082052 560 2 2 8
581 33275417 563 10 1 192
582 33340482 565 1 10 1219
583 33340482 565 1 9 136
584 33685520 569 2 6 1
585 33685520 569 6 7 1
586 33685520 569 8 0 26
587 33685520 569 9 0 26
588 33685520 569 1 2 13
589 33685520 569 0 10 6
590 33685520 569 3 9 2
591 33687019 570 1 9 106
592 34028004 576 6 5 2438
593 34028004 576 1 0 51
594 34028004 576 0 4 74
595 34230126 582 4 5 179
596 34307467 583 6 0 11861
597 34307467 583 6 4 5985
598 34411516 590 3 9 2305
599 34444734 591 8 10 2
600 34444734 591 5 10 34
601 34448321 592 10 1 40
602 34793966 602 8 10 2547
603 34793966 602 6 4 453
604 34793966 602 6 1 81
605 34793966 602 8 9 57
606 35014393 611 8 2 17
607 35771153 612 9 4 26
608 35771153 612 5 6 1
609 35771153 612 8 7 2539
610 35771153 612 2 1 16
611 35771153 612 3 7 5079
612 35771153 612 0 0 142
613 35771153 612 1 10 55
614 35771153 612 7 3 1
615 35771153 612 1 7 2539
616 35771153 612 2 0 71
617 35771153 612 5 1 6
618 35771153 612 1 2 897
619 35771153 612 1 8 17
620 35771153 612 7 2 448
621 35771153 612 7 9 1
622 35771153 612 9 0 1427
623 35771153 612 6 5 240
624 35834773 613 3 7 12697
625 35834773 613 3 1 10
626 35834773 613 3 0 119
627 35834773 613 3 5 22
628 36549632 616 3 4 1
629 36549632 616 1 5 1227
630 36549632 616 7 4 1
631 36549632 616 0 1 1
632 36549632 616 8 5 11051
633 36549632 616 4 8 1
634 36549632 616 2 4 1
635 36549632 616 10 3 20
636 36549632 616 5 7 200
637 36549632 616 3 5 1227
638 36549632 616 8 10 854
639 36549632 616 10 9 2
640 36598175 618 7 8 12
641 36608766 619 8 6 91
642 36673708 622 7 6 13081
643 36693279 624 2 5 2839
644 36693279 624 0 5 2839
645 36693279 624 4 5 2839
646 36793720 626 2 9 226
647 36793720 626 2 10 96
648 36793720 626 2 7 117
649 36971727 631 7 5 232
650 36994427 632 7 1 1214
651 37150463 633 5 8 159
652 37150463 633 5 3 85
653 37184511 634 7 7 20
654 37184511 634 7 1 38
655 37184511 634 7 9 19581
656 37184511 634 7 10 105
657 37274263 637 7 10 8
658 37274263 637 0 10 8
659 37322566 638 0 7 406
660 37333713 641 5 6 2
661 37773497 644 6 8 1817
662 37773497 644 10 3 10
663 37773497 644 0 8 908
664 37773497 644 6 1 6
665 37773497 644 9 8 3635
666 37773497 644 4 10 1
667 37803644 647 1 3 1338
668 37825161 653 7 10 4838
669 37830986 655 8 3 82
670 37849736 658 0 3 6037
671 37919577 663 1 1 14315
672 37923598 664 5 3 26
673 37945942 666 4 3 2
674 37988012 668 5 10 160
675 38590215 671 9 5 30
676 38590215 671 2 9 68
677 38590215 671 2 7 1
678 38590215 671 8 7 1
679 38590215 671 6 0 1
680 38590215 671 1 6 16
681 38590215 671 2 6 8
682 38590215 671 8 8 5
683 38710416 675 2 7 2702
684 38710416 675 2 6 44
685 38772571 678 6 4 18
686 38842426 681 2 4 1319
687 39320831 683 3 4 638
688 39320831 683 2 2 1527
689 39320831 683 1 4 638
690 39320831 683 2 4 1277
691 39320831 683 2 7 548
692 39363226 687 10 2 32
693 39363226 687 2 8 23
694 39462300 689 8 4 318
695 39462300 689 6 4 636
696 39707464 690 0 5 4
697 39707464 690 0 4 863
698 39707464 690 4 10 4
699 39707464 690 8 3 45
700 39707464 690 4 1 1
701 39707464 690 4 7 527
702 39917303 692 7 7 181
703 39917303 692 10 1 48
704 40930743 695 8 6 145
705 40930743 695 8 3 26
706 40930743 695 9 9 214
707 40930743 695 3 7 5
708 40930743 695 8 10 1
709 40930743 695 9 3 4
710 40930743 695 1 4 1
711 40930743 695 0 3 8
712 40930743 695 3 4 1
713 40930743 695 2 8 1
714 40969306 697 4 6 1569
715 41185025 698 5 4 89
716 41185025 698 10 0 4
717 41185025 698 5 0 4
718 41185025 698 10 5 51
719 41185025 698 10 1 12
720 41185025 698 5 5 6
721 41299270 701 8 9 1
722 41299270 701 9 2 76
723 41484605 702 3 4 649
724 41671654 703 2 7 1370
725 41671654 703 9 6 38
726 41671654 703 9 4 57
727 41671654 703 2 9 325
728 41671654 703 2 8 52
729 41680514 704 9 6 3990
730 41702829 706 5 7 40
731 41706361 707 6 1 13
732 41898740 712 4 4 99
733 42321128 718 1 1 6
734 42321128 718 6 1 6
735 42321128 718 8 7 5
736 42321128 718 6 5 175
737 42321128 718 5 8 4366
738 42321128 718 2 9 31
739 42334805 720 10 8 8567
740 42335464 721 4 10 231
741 42488041 723 3 9 11
742 42488041 723 6 10 11
743 42488041 723 3 6 66
744 42551827 724 6 3 4789
745 42551827 724 6 4 24
746 42551827 724 6 0 16260
747 42635047 727 6 7 2
748 42676993 731 2 10 8
749 42889853 732 7 6 7
750 42889853 732 6 6 2
751 42889853 732 4 3 39
752 42889853 732 5 3 31
753 43107925 735 6 4 76
754 43179782 738 5 1 213
755 43261114 739 10 3 809
756 43261114 739 10 9 6031
757 43761680 741 1 0 1089
758 43761680 741 6 1 989
759 43761680 741 8 10 2
760 43761680 741 5 9 14
761 43761680 741 9 4 33
762 43761680 741 9 2 3
763 43761680 741 1 4 3198
764 43761680 741 0 10 110
765 43761680 741 7 2 3
766 43857029 744 5 0 8
767 43868140 747 8 5 26
768 44400333 751 5 3 727
769 44400333 751 10 3 242
770 44400333 751 3 7 14
771 44400333 751 4 5 355
772 44400333 751 7 6 55
773 44400333 751 7 4 13
774 44400333 751 5 1 15
775 44400333 751 2 0 47
776 44480231 752 3 0 42
777 44715584 757 3 0 7
778 44715584 757 3 1 38
779 44784347 761 2 5 45
780 44794405 762 9 1 36
781 45088412 767 6 8 67
782 45263667 768 0 6 37
783 45263667 768 8 8 1321
784 45270033 771 0 3 264
785 45327115 773 3 10 17
786 45327115 773 4 10 87
787 45440882 778 2 9 7
788 45440882 778 10 1 279
789 45498175 780 2 5 4
790 45498175 780 3 5 4
791 45498175 780 9 5 34
792 45505481 781 0 3 77
793 45589634 787 1 4 3
794 45636355 794 4 6 74
795 45725564 798 4 9 293
796 45725713 799 2 10 54
797 45756381 802 5 2 4521
798 45825747 804 4 0 117
799 45825747 804 4 3 23
800 46905743 822 10 6 8
801 46905743 822 7 5 52
802 46905743 822 1 9 5
803 46905743 822 4 7 138
804 46905743 822 1 2 9
805 46905743 822 5 4 1
806 46905743 822 3 6 4
807 46905743 822 0 5 26
808 46905743 822 3 0 7
809 46905743 822 0 2 3
810 46905743 822 10 9 1
811 46905743 822 8 5 156
812 46905743 822 7 8 479
813 47593607 823 8 5 1198
814 47593607 823 8 7 751
815 47593607 823 8 9 3
816 47593607 823 1 2 6
817 47593607 823 3 3 4
818 47593607 823 3 4 3553
819 47593607 823 2 3 1
820 47593607 823 3 1 969
821 47593607 823 3 9 1
822 47593607 823 10 9 1
823 47593607 823 1 1 969
824 47935243 830 0 5 5
825 48093399 833 7 4 24511
826 48093399 833 7 0 119
827 48093399 833 7 9 12629
828 48194485 834 8 4 9
829 48194485 834 7 9 2
830 48194485 834 7 4 4
831 48194485 834 2 5 908
832 48194485 834 2 10 700
833 48253894 840 10 1 81
834 48355222 842 1 0 94
835 48355222 842 1 5 143
836 48355222 842 1 3 757
837 48429648 845 10 7 4
838 48488607 846 5 9 17114
839 48488607 846 5 7 59
840 48500655 849 7 10 39
841 48573303 856 3 4 30
842 48649934 857 9 9 69
843 48725055 859 6 9 148
844 48725055 859 6 3 63
845 48799016 861 3 0 984
846 48812320 862 9 9 70
847 48867686 863 2 4 116
848 49333997 864 3 4 5
849 49333997 864 10 8 113
850 49333997 864 5 8 113
851 49333997 864 1 7 4
852 49333997 864 5 10 172
853 49333997 864 2 8 113
854 49458730 871 1 3 1534
855 49458730 871 5 8 758
856 49489474 872 6 6 114
857 49578636 874 2 2 46
858 49578636 874 2 10 51
859 49622799 875 2 7 9
860 49622799 875 3 7 9
861 50087144 886 9 7 4
862 50087144 886 1 3 48
863 50087144 886 0 5 25
864 50087144 886 7 7 8
865 50087144 886 1 4 1
866 50087144 886 10 3 12
867 50087144 886 0 1 11
868 50087144 886 0 0 118
869 50087144 886 10 7 1
870 50087144 886 5 0 59
871 50087144 886 3 8 20
872 50154726 888 10 10 10210
873 50154726 888 10 8 196
874 50154726 888 10 3 87
875 50154726 888 10 2 136
876 50533190 894 7 10 33
877 50533190 894 0 10 33
878 50533190 894 7 7 1
879 50533190 894 4 8 1
880 50533190 894 7 2 5
881 50533190 894 3 3 6
882 50533190 894 7 5 4
883 50533190 894 3 9 35
884 50751926 896 8 9 10
885 50751926 896 3 9 10
886 50751926 896 9 9 30
887 50855950 899 6 8 4891
888 50915309 901 6 2 30
889 50915309 901 4 2 30
890 51083346 905 8 8 95
891 51254942 907 2 0 36
892 51254942 907 2 10 6
893 51254942 907 4 6 136
894 51329039 909 9 10 26
895 51403693 911 7 0 2047
896 51549875 916 0 3 49
897 51649573 919 2 1 1
898 51649573 919 4 1 1
899 51878409 926 7 8 20
900 51878409 926 7 2 58
901 51894351 928 0 10 51
902 52749200 929 4 1 2
903 52749200 929 2 7 2
904 52749200 929 7 10 1
905 52749200 929 10 9 4
906 52749200 929 0 5 454
907 52749200 929 8 2 21
908 52749200 929 0 10 1
909 52749200 929 7 2 8
910 52749200 929 7 3 3
911 52749200 929 7 5 4774
912 52749200 929 6 0 655
913 52749200 929 2 0 2
914 52749200 929 2 10 30
915 52749200 929 1 6 54
916 52749200 929 10 7 2
917 52749200 929 7 7 231
918 52749200 929 2 1 1
919 53255791 930 2 10 683
920 53255791 930 4 2 7
921 53255791 930 4 8 309
922 53255791 930 6 4 15609
923 53255791 930 10 5 22
924 53255791 930 2 8 1548
925 53255791 930 6 7 10
926 53255791 930 1 0 2492
927 53255791 930 10 3 15
928 53255791 930 7 1 14
929 53255791 930 4 10 683
930 53713284 931 1 6 8
931 53713284 931 8 10 225
932 53713284 931 0 7 6
933 53713284 931 0 4 909
934 53713284 931 8 7 45
935 53713284 931 2 0 11622
936 54016013 932 9 0 2
937 54016013 932 10 9 4
938 54016013 932 0 3 59
939 54016013 932 0 10 23
940 54016013 932 7 2 3611
941 54016013 932 3 3 3
942 54016013 932 6 8 20
943 54016013 932 8 8 6
944 54016013 932 10 7 10
945 54046947 934 3 7 45
946 54067943 935 0 1 1573
947 54152775 939 2 8 14263
948 55012853 941 5 1 192
949 55012853 941 0 3 1
950 55012853 941 1 2 2
951 55012853 941 5 8 1
952 55012853 941 0 7 1
953 55012853 941 4 4 32
954 55012853 941 4 9 3916
955 55012853 941 1 7 1
956 55012853 941 10 10 36
957 55012853 941 4 10 18
958 55012853 941 6 9 2610
959 55012853 941 7 10 36
960 55024885 943 6 0 1
961 55046456 946 7 9 37
962 55124684 948 1 6 11083
963 55124684 948 0 7 18
964 55221727 950 7 8 44
965 55221727 950 3 8 7
966 55247487 952 4 4 55
967 55258765 955 9 4 12686
968 55407412 959 10 10 18
969 55407412 959 10 6 11
970 55407412 959 10 9 43
971 56092044 967 5 5 7
972 56092044 967 1 9 9
973 56092044 967 6 6 3080
974 56092044 967 6 5 7
975 56092044 967 7 0 29
976 56092044 967 0 1 369
977 56118413 969 2 0 14
978 56167665 970 4 3 16276
979 56198328 971 10 8 30
980 56272055 972 10 3 94
981 56426118 973 0 10 26
982 56426118 973 0 3 3
983 56426118 973 2 5 1938
984 56426118 973 0 9 112
985 56449793 975 6 8 1
986 56449793 975 2 8 3
987 56524992 979 4 7 105
988 56524992 979 0 8 1268
989 56554515 980 7 10 306
990 56554770 981 1 6 406
991 56576609 985 5 10 2635
992 56612879 987 7 9 42
993 56624601 988 8 4 7153
994 56628701 989 8 5 56
995 56646067 990 4 1 2
996 56725452 993 4 4 210
997 56850919 994 2 0 3
998 56850919 994 4 5 64
999 56953016 998 5 3 1030
