11 364 1000
0 60259 0 9 0 1
1 64146 2 0 10 1004
2 229985 3 9 3 2654
3 229985 3 9 7 63
4 229985 3 5 6 284
5 229985 3 9 1 84
6 229985 3 9 4 3213
7 278592 6 3 9 2025
8 420395 9 4 3 74
9 420395 9 7 7 39
10 420395 9 4 1 2
11 420395 9 7 2 19
12 420395 9 7 8 2
13 590162 13 6 5 13
14 590162 13 10 1 1591
15 590162 13 3 5 41
16 772087 17 5 5 16
17 772087 17 5 10 1
18 772087 17 3 5 16
19 772087 17 0 9 5269
20 772087 17 3 7 19
21 772087 17 6 8 1
22 772087 17 3 8 6
23 772087 17 5 8 30
24 805574 18 1 2 19
25 906279 21 3 9 94
26 1066704 29 2 7 377
27 1066704 29 10 4 20
28 1066704 29 2 6 2425
29 1066704 29 10 8 170
30 1066704 29 2 1 11
31 1074916 30 0 6 11
32 1095667 31 4 7 4140
33 1109172 33 8 7 56
34 1110492 34 3 5 1261
35 1205327 38 8 8 11723
36 1223533 39 3 5 6
37 1272999 41 10 6 244
38 1272999 41 10 10 49
39 1272999 41 10 2 50
40 1302430 44 1 3 43
41 1308109 45 1 6 1063
42 1308109 45 0 6 3190
43 1359708 50 2 10 3160
44 1359708 50 9 0 44
45 1359708 50 7 8 1
46 1720383 51 3 3 15
47 1720383 51 7 10 1
48 1720383 51 3 0 10
49 1720383 51 3 5 8
50 1720383 51 10 0 64
51 1720383 51 7 6 9
52 1720383 51 5 8 1
53 1720383 51 9 1 15
54 1720383 51 0 6 1
55 1720383 51 2 4 15
56 1720383 51 8 2 26
57 1720383 51 0 9 5
58 1748578 56 5 6 86
59 1941231 59 1 6 19
60 1941231 59 5 2 102
61 1941231 59 2 8 1
62 1941231 59 2 9 18
63 1941231 59 8 7 6
64 1941231 59 1 9 128
65 1941231 59 8 0 4
66 1941231 59 2 2 204
67 1941231 59 5 7 26
68 1941231 59 8 2 204
69 1941231 59 5 6 19
70 1977224 61 10 2 24
71 1995903 64 2 6 218
72 2043927 66 0 4 60
73 2043927 66 0 1 84
74 2043927 66 0 8 966
75 2124678 70 10 8 21
76 2178766 72 6 10 83
77 2406543 75 2 1 591
78 2406543 75 2 3 33
79 2406543 75 6 0 11
80 2406543 75 4 4 7
81 2406543 75 7 9 1
82 2406543 75 10 4 3
83 2436046 77 6 4 52
84 2436046 77 4 4 10
85 2443600 78 6 1 47
86 2461059 80 7 4 194
87 2766893 84 2 8 1
88 2766893 84 2 6 2
89 2766893 84 6 6 1
90 2766893 84 10 7 43
91 2766893 84 6 8 1
92 2766893 84 3 5 4
93 2766893 84 10 9 1
94 2766893 84 7 10 95
95 2766893 84 10 1 16
96 2766893 84 10 6 1
97 2841694 89 7 5 6
98 2981259 97 2 9 3687
99 2981259 97 1 9 1843
100 3148288 99 0 3 63
101 3148288 99 7 5 5
102 3148288 99 7 1 40
103 3148288 99 7 10 3070
104 3434582 102 6 0 35
105 3434582 102 3 9 9
106 3434582 102 2 4 4
107 3461933 103 3 5 87
108 3484574 104 4 1 18
109 3484574 104 4 4 19491
110 3484574 104 4 7 132
111 3494149 107 6 2 1524
112 3624880 108 7 4 34
113 3624880 108 5 3 13
114 3624880 108 3 2 1
115 3624880 108 0 7 4
116 3624880 108 2 3 69
117 3642359 110 3 2 330
118 3642359 110 3 9 116
119 3642359 110 3 10 47
120 3642359 110 3 6 59
121 3642359 110 3 7 345
122 3652980 112 3 1 5
123 3662973 115 3 6 95
124 3695097 116 2 8 217
125 3695097 116 2 3 15961
126 3730696 117 0 4 101
127 3730696 117 0 5 160
128 3793576 123 10 10 32
129 3793576 123 6 3 7858
130 3808674 124 7 3 7
131 3893558 127 0 4 115
132 3899059 129 4 10 22
133 3903976 131 1 3 226
134 3940061 132 5 1 6
135 3940061 132 8 1 6
136 4039975 136 8 8 31
137 4039975 136 8 6 21
138 4039975 136 8 5 496
139 4039975 136 8 3 215
140 4270483 137 4 10 222
141 4270483 137 1 0 4
142 4270483 137 5 8 4
143 4270483 137 5 2 21
144 4270483 137 1 9 2136
145 4270483 137 6 6 2
146 4293775 140 7 4 142
147 4340995 143 0 8 4
148 4402529 146 6 3 72
149 4402529 146 3 8 333
150 4420120 149 7 7 229
151 4716379 154 6 4 10
152 4716379 154 10 8 87
153 4716379 154 0 6 115
154 4716379 154 4 1 16
155 4716379 154 1 9 11
156 4716379 154 6 9 23
157 4731662 156 1 8 23
158 5011463 160 6 1 1
159 5011463 160 7 2 421
160 5011463 160 5 2 210
161 5011463 160 5 8 306
162 5011463 160 5 1 1
163 5011463 160 6 10 5
164 5011463 160 5 7 1
165 5011463 160 10 5 5
166 5011463 160 3 5 46
167 5111686 162 2 4 15
168 5111686 162 8 10 5
169 5111686 162 0 1 1445
170 5121919 164 6 8 11399
171 5158878 165 5 5 110
172 5158878 165 9 5 110
173 5215322 170 3 2 1368
174 5215322 170 3 10 19
175 5216163 171 4 8 604
176 5288710 174 9 7 14
177 5288710 174 6 10 9
178 5387791 177 0 4 47
179 5387791 177 3 2 1
180 5387791 177 0 5 42
181 5392254 178 9 0 104
182 5432721 185 10 10 36
183 5456921 187 4 9 35
184 5521551 192 3 4 9
185 5521551 192 3 10 87
186 5521551 192 3 2 14
187 5521551 192 3 6 110
188 5521551 192 3 0 139
189 5528780 194 3 3 63
190 5748914 198 7 8 11
191 5748914 198 3 5 1
192 5748914 198 3 8 46
193 5748914 198 0 2 2
194 5748914 198 10 10 7
195 5748914 198 4 3 10
196 5748914 198 0 6 222
197 5748914 198 9 0 5
198 5748914 198 8 5 1
199 5748914 198 0 0 5
200 5748914 198 6 3 20
201 5752224 200 5 5 18
202 5773455 202 3 8 120
203 5773455 202 3 10 415
204 5835603 203 7 3 353
205 5848031 205 3 2 11780
206 5868722 208 10 7 217
207 5891073 209 7 5 39
208 5891073 209 8 5 39
209 5891073 209 4 5 39
210 5953770 210 6 3 1
211 5973923 216 6 5 29
212 5995731 217 4 4 150
213 6053784 225 6 8 316
214 6171498 229 0 0 10
215 6171498 229 6 2 1233
216 6171498 229 2 4 52
217 6171498 229 6 5 19
218 6297568 230 0 3 136
219 6297568 230 3 9 29
220 6297568 230 0 8 16
221 6297568 230 8 0 12
222 6297568 230 8 5 3
223 6541950 233 7 4 1153
224 6541950 233 1 8 5
225 6541950 233 8 5 9
226 6541950 233 7 2 17
227 6541950 233 3 4 11532
228 6576279 236 5 6 55
229 6651505 237 4 1 55
230 6651505 237 10 10 82
231 6657162 238 3 9 432
232 6657162 238 3 8 83
233 6944440 241 1 9 1226
234 6944440 241 6 0 9
235 6944440 241 1 4 14
236 6944440 241 3 4 28
237 6944440 241 9 8 23
238 6944440 241 4 9 1226
239 6944440 241 1 5 3364
240 7012609 257 6 9 7792
241 7135392 259 8 5 600
242 7135392 259 9 3 623
243 7135392 259 4 1 891
244 7413068 262 9 3 1
245 7413068 262 2 4 9
246 7413068 262 4 6 17
247 7413068 262 0 2 13
248 7413068 262 3 3 1
249 7413068 262 4 0 69
250 7413068 262 2 8 7
251 7413068 262 3 6 51
252 7413068 262 3 10 6
253 7467963 266 5 10 10
254 7476652 268 9 0 17
255 7507620 269 4 6 99
256 7507620 269 4 7 59
257 7544989 273 6 9 4
258 7566890 281 1 7 651
259 7602465 282 8 10 44
260 7602465 282 8 8 145
261 7602465 282 8 0 16296
262 8080084 287 4 4 2
263 8080084 287 6 3 11
264 8080084 287 3 7 807
265 8080084 287 5 0 3
266 8080084 287 4 6 24
267 8080084 287 0 4 1
268 8080084 287 8 4 1
269 8080084 287 5 5 70
270 8080084 287 9 10 7
271 8080084 287 1 1 3
272 8080084 287 1 10 7
273 8080084 287 3 5 2
274 8080084 287 0 0 3
275 8080084 287 4 7 807
276 8085706 289 10 10 47
277 8243337 291 0 2 3435
278 8243337 291 8 0 6
279 8243337 291 9 9 548
280 8243337 291 4 8 8
281 8243337 291 0 0 33
282 8243337 291 2 7 111
283 8243337 291 4 1 128
284 8243337 291 8 6 409
285 8392985 292 5 6 13
286 8392985 292 8 0 6
287 8392985 292 1 10 2
288 8392985 292 4 8 218
289 8392985 292 2 6 13
290 8392985 292 1 8 1090
291 8424782 296 4 7 61
292 8496093 298 9 0 21
293 8518518 302 2 8 113
294 8682688 303 10 2 1892
295 8682688 303 4 6 795
296 8682688 303 2 2 1892
297 8682688 303 0 9 3069
298 8785709 304 2 5 23
299 8785709 304 3 3 9291
300 8785709 304 2 1 7
301 8809637 306 7 9 19562
302 8815134 307 4 4 476
303 8850903 309 3 0 37
304 8900301 313 3 2 18
305 9141812 317 6 5 3859
306 9141812 317 5 3 54
307 9141812 317 8 5 964
308 9141812 317 2 0 4
309 9141812 317 1 7 2009
310 9141812 317 0 4 10
311 9141812 317 10 8 83
312 9141812 317 3 9 5
313 9141812 317 4 7 3013
314 9141812 317 7 2 1697
315 9150051 318 2 7 11
316 9165545 322 7 5 121
317 9232721 325 9 9 165
318 9358552 328 2 9 2
319 9358552 328 4 0 1
320 9396872 330 0 2 201
321 9461988 337 4 3 98
322 9531294 339 8 3 215
323 9531294 339 3 2 288
324 9636372 340 8 7 2998
325 9636372 340 5 8 451
326 9682634 345 7 3 13
327 9729604 351 8 1 221
328 9764468 353 0 9 9
329 9764468 353 0 10 3133
330 9782457 357 2 8 157
331 9793831 358 1 4 2379
332 9891131 366 7 2 23
333 9903303 368 0 7 1327
334 10053432 370 6 9 23
335 10053432 370 2 10 11
336 10053432 370 10 5 1
337 10077760 378 10 6 120
338 10080400 379 1 3 2
339 10080400 379 3 3 2
340 10165887 382 8 0 15
341 10202490 387 7 9 1
342 10272187 388 0 3 9366
343 10272187 388 7 7 30
344 10516710 390 6 10 1
345 10516710 390 5 7 3
346 10516710 390 6 6 114
347 10516710 390 10 8 767
348 10516710 390 8 7 38
349 10516710 390 5 6 10335
350 10516710 390 2 6 114
351 10516710 390 6 1 6
352 10516710 390 7 5 20
353 10516710 390 9 0 14
354 10516710 390 3 1 10
355 10603884 392 10 2 117
356 10603884 392 4 9 3
357 10615845 394 2 4 16746
358 10915192 395 0 1 6
359 10915192 395 5 4 1
360 10915192 395 2 3 10
361 10915192 395 6 8 33
362 10915192 395 5 8 66
363 10915192 395 8 3 10
364 10915192 395 2 4 1
365 10915192 395 1 8 33
366 10936612 396 9 1 405
367 10936612 396 8 1 405
368 10944365 398 9 9 103
369 11076673 402 9 3 65
370 11076673 402 2 0 126
371 11076673 402 9 6 88
372 11096401 405 8 5 15
373 11096401 405 7 5 15
374 11370141 409 8 4 782
375 11370141 409 2 10 15
376 11370141 409 6 0 528
377 11370141 409 6 10 15
378 11370141 409 5 1 542
379 11484350 413 2 6 214
380 11484350 413 2 4 4707
381 11502272 416 8 1 2
382 11530522 421 5 9 27455
383 11576080 422 7 2 569
384 11576080 422 1 7 4
385 11576080 422 3 2 3415
386 11577393 423 3 1 4754
387 11620833 424 7 2 215
388 11637556 427 10 2 48
389 11994892 428 8 6 1
390 11994892 428 3 4 28
391 11994892 428 0 8 7
392 11994892 428 1 9 1
393 11994892 428 7 6 2
394 11994892 428 6 5 822
395 11994892 428 10 9 1
396 11994892 428 9 3 3
397 11994892 428 7 1 110959
398 11994892 428 9 8 2
399 11994892 428 5 6 1
400 11994892 428 10 8 2
401 11994892 428 3 6 1
402 11994892 428 5 0 1
403 11994892 428 10 10 4
404 11994892 428 1 1 668
405 11994892 428 6 0 2
406 12204633 430 5 5 8
407 12204633 430 3 4 7
408 12204633 430 5 6 190
409 12230212 434 2 2 37
410 12256168 435 6 6 24
411 12331103 445 10 0 208
412 12350519 450 10 4 617
413 12350519 450 9 4 2471
414 12365930 452 1 10 36
415 12366493 453 8 2 53
416 12550326 457 4 5 32
417 12550326 457 0 9 13
418 12550326 457 4 10 25
419 12550326 457 5 10 5
420 12550326 457 7 9 27
421 12550326 457 10 0 8
422 12550326 457 1 4 1
423 12550326 457 5 9 13
424 12550326 457 6 9 40
425 12550326 457 0 0 8
426 12629720 460 1 9 91
427 12629720 460 1 3 39
428 12791915 461 5 2 55
429 12791915 461 6 9 85
430 12791915 461 7 8 9
431 12791915 461 8 7 1
432 12791915 461 4 0 1
433 12791915 461 0 8 9
434 12791915 461 2 9 3
435 12791915 461 8 8 9
436 12791915 461 8 10 1
437 12791915 461 2 1 11
438 12792902 462 10 3 3197
439 13322449 466 7 7 1
440 13322449 466 6 2 100
441 13322449 466 5 10 4
442 13322449 466 3 2 100
443 13322449 466 3 9 4
444 13322449 466 2 4 652
445 13322449 466 0 4 2609
446 13322449 466 1 6 4
447 13322449 466 4 5 1
448 13322449 466 2 8 1
449 13322449 466 6 7 1
450 13448287 467 9 0 3875
451 13448287 467 10 9 8
452 13482828 468 7 4 34
453 13482828 468 7 3 165
454 13482828 468 7 1 79
455 13482828 468 7 5 422
456 13519477 471 7 10 923
457 13697281 473 6 8 52
458 13697281 473 2 9 4
459 13697281 473 10 10 1
460 13697281 473 7 3 14
461 13697281 473 4 7 3
462 13697281 473 5 7 3
463 13697281 473 1 2 15
464 13697281 473 9 2 7
465 13697281 473 2 5 68
466 13697281 473 7 9 2
467 14138670 475 0 4 2
468 14138670 475 10 0 1
469 14138670 475 3 9 5
470 14138670 475 7 7 9
471 14138670 475 0 0 2
472 14138670 475 8 9 5
473 14138670 475 2 7 4
474 14138670 475 9 2 6
475 14138670 475 5 7 9
476 14138670 475 10 4 2
477 14138670 475 2 1 3
478 14138670 475 7 8 5
479 14138670 475 10 7 4
480 14138670 475 1 8 2
481 14138670 475 7 4 1
482 14186239 477 2 7 60
483 14219828 479 10 9 1
484 14219828 479 8 9 1
485 14235621 480 4 8 89
486 14304033 487 5 9 2682
487 14359759 489 9 0 11786
488 14359759 489 0 4 48
489 14359759 489 8 4 48
490 14359759 489 8 10 15052
491 14359759 489 3 5 94
492 14383475 492 8 7 3095
493 14807019 498 2 0 10
494 14807019 498 8 7 7
495 14807019 498 4 0 10
496 14807019 498 1 2 56
497 14807019 498 2 7 7
498 14807019 498 7 1 17
499 14807019 498 3 6 1
500 14807019 498 0 9 1
501 14807019 498 6 7 7
502 14807019 498 1 0 10
503 14807019 498 8 9 1
504 14841335 499 7 8 324
505 14874410 504 1 3 52
506 15112661 507 3 0 15
507 15112661 507 4 4 1429
508 15112661 507 9 7 72
509 15112661 507 10 2 11
510 15112661 507 10 1 1
511 15112661 507 7 6 7
512 15112661 507 3 3 26
513 15206240 510 7 7 2681
514 15206240 510 7 5 3
515 15206240 510 6 6 71
516 15455542 513 0 5 345
517 15455542 513 5 4 300
518 15455542 513 4 0 1
519 15455542 513 3 7 5
520 15455542 513 7 7 11
521 15455542 513 5 2 6
522 15455542 513 1 1 5
523 15464161 515 10 1 15
524 15524884 522 5 9 21
525 15528643 524 1 8 1009
526 15539834 526 8 2 56
527 15573276 532 9 9 7164
528 15584174 534 3 4 114
529 15696252 542 1 1 3993
530 15696252 542 1 9 38
531 15702457 546 4 7 78
532 15736080 547 4 10 15
533 15776877 550 1 6 6
534 15834018 551 5 1 3
535 16286192 555 8 9 11
536 16286192 555 4 6 47
537 16286192 555 4 4 829
538 16286192 555 10 3 607
539 16286192 555 3 5 1
540 16286192 555 0 2 876
541 16286192 555 5 10 1
542 16286192 555 1 5 1
543 16286192 555 1 10 1
544 16286192 555 2 3 202
545 16286192 555 7 4 829
546 16286192 555 8 2 876
547 16286192 555 8 6 23
548 16443602 556 0 4 4
549 16443602 556 0 8 655
550 16443602 556 10 4 26
551 16443602 556 5 8 109
552 16443602 556 9 0 1
553 16443602 556 0 7 15
554 16443602 556 10 1 1
555 16479701 557 3 6 36
556 16524483 558 1 10 174
557 16524483 558 1 0 204
558 16595996 562 10 8 7631
559 16595996 562 10 10 8302
560 16637708 563 10 5 318
561 16649786 564 4 9 23
562 16670241 565 1 1 233
563 16670241 565 1 3 65
564 16670241 565 1 6 430
565 16672221 566 3 6 39
566 16672271 567 1 5 9237
567 16842760 569 0 0 52
568 16842760 569 1 2 13
569 16842760 569 1 1 16
570 16842760 569 4 5 1
571 16842760 569 6 3 21
572 16842760 569 5 7 1
573 16842760 569 9 9 2
574 16842760 569 3 6 1
575 16842760 569 10 5 1
576 16842760 569 2 9 2
577 16842760 569 3 0 26
578 16842760 569 6 5 1
579 17014002 576 0 2 51
580 17014002 576 10 6 4
581 17014002 576 0 6 27
582 17014002 576 6 7 65
583 17014002 576 1 4 37
584 17014002 576 6 9 146
585 17014002 576 0 3 30
586 17014002 576 10 3 30
587 17018439 577 8 0 1169
588 17036821 578 6 0 132
589 17036821 578 3 9 11
590 17036821 578 6 8 233
591 17041102 580 0 8 233
592 17115063 582 4 6 282
593 17159140 585 10 3 1425
594 17192064 588 4 5 688
595 17192716 589 4 5 342
596 17232987 593 9 9 1350
597 17248077 595 5 9 1
598 17252848 597 0 4 14
599 17277908 601 6 10 6424
600 17396983 602 8 10 2547
601 17396983 602 8 4 906
602 17453915 606 10 5 1333
603 17885576 612 3 5 120
604 17885576 612 4 3 1
605 17885576 612 10 5 3603
606 17885576 612 2 0 71
607 17885576 612 1 0 71
608 17885576 612 10 4 133
609 17885576 612 5 6 1
610 17885576 612 7 0 71
611 17885576 612 4 0 71
612 17885576 612 6 3 1
613 17885576 612 3 10 5
614 17885576 612 6 7 2539
615 17885576 612 1 2 897
616 17885576 612 0 3 1
617 17885576 612 8 5 120
618 17885576 612 1 6 1
619 17885576 612 10 3 19
620 18274816 616 6 0 494
621 18274816 616 0 10 12823
622 18274816 616 7 9 2
623 18274816 616 6 9 11
624 18274816 616 3 4 1
625 18274816 616 5 0 494
626 18274816 616 9 6 36
627 18274816 616 7 8 3
628 18274816 616 7 1 1
629 18274816 616 8 0 6921
630 18274816 616 3 8 82
631 18274816 616 2 0 1483
632 18274816 616 0 0 1977
633 18274816 616 0 1 1
634 18274816 616 3 10 854
635 18304383 619 8 6 91
636 18306040 620 10 8 40
637 18336475 621 2 8 37
638 18346639 624 2 5 2839
639 18346639 624 4 5 2839
640 18396860 626 2 2 106
641 18447515 628 1 3 228
642 18447515 628 1 5 389
643 18575231 633 5 2 6
644 18575231 633 5 5 19724
645 18614308 635 5 9 102
646 18614308 635 5 1 1250
647 18614308 635 5 7 192
648 18666856 641 5 6 2
649 18886748 644 9 8 3635
650 18886748 644 4 10 1
651 18886748 644 9 2 101
652 18886748 644 7 10 1
653 18886748 644 5 10 11
654 18886748 644 8 6 1
655 18889663 645 4 8 20
656 18904224 649 4 1 3092
657 18959486 661 9 0 13
658 18961799 664 5 3 26
659 19295107 671 8 1 238
660 19295107 671 6 4 3355
661 19295107 671 3 1 4531
662 19295107 671 1 9 17
663 19295107 671 6 2 6
664 19295107 671 2 9 68
665 19295107 671 0 8 5
666 19295107 671 5 2 6
667 19295107 671 7 0 14
668 19295107 671 3 2 6
669 19295107 671 5 7 2
670 19355208 675 2 10 205
671 19386285 678 6 6 409
672 19421213 681 4 4 1319
673 19660415 683 2 2 1527
674 19660415 683 5 9 15
675 19660415 683 7 7 548
676 19660415 683 10 7 1097
677 19660415 683 6 5 1
678 19660415 683 7 8 11
679 19660415 683 2 7 548
680 19666915 686 7 1 88
681 19681613 687 7 5 2915
682 19853732 690 0 4 863
683 19853732 690 0 5 4
684 19853732 690 0 9 34
685 19853732 690 0 6 14
686 19853732 690 4 5 4
687 19958651 692 7 7 181
688 19992548 693 8 0 109
689 20465371 695 3 7 5
690 20465371 695 7 3 4
691 20465371 695 10 5 7
692 20465371 695 7 2 793
693 20465371 695 0 3 8
694 20465371 695 0 1 3
695 20465371 695 0 0 42
696 20465371 695 6 2 1587
697 20465371 695 2 8 1
698 20465371 695 1 8 1
699 20465371 695 6 9 1503
700 20465371 695 10 9 214
701 20465371 695 2 1 3
702 20465371 695 2 4 1
703 20465371 695 5 6 1
704 20465371 695 5 5 7
705 20465371 695 8 4 1
706 20465371 695 5 8 1
707 20592512 698 2 9 33
708 20592512 698 5 8 43
709 20592512 698 5 0 4
710 20595453 699 8 8 218
711 20649635 701 10 2 7
712 20649635 701 8 9 1
713 20649635 701 1 2 3
714 20742302 702 4 0 1187
715 20742302 702 3 9 43
716 20742302 702 0 6 22
717 20845847 705 0 5 52
718 20851414 706 5 7 40
719 20872702 709 2 9 9272
720 20914697 710 3 3 119
721 20969475 714 2 2 9758
722 21160564 718 7 4 27
723 21160564 718 7 5 3430
724 21160564 718 6 10 2
725 21176443 722 10 1 2439
726 21244020 723 3 8 7
727 21244020 723 6 3 13
728 21244020 723 3 0 39
729 21244020 723 3 6 66
730 21275913 724 6 10 39
731 21317523 727 2 7 5
732 21323837 729 1 6 6073
733 21333663 730 0 2 68
734 21444926 732 5 5 26
735 21444926 732 0 5 132
736 21444926 732 4 2 240
737 21447041 733 9 8 3956
738 21553962 735 9 6 47
739 21553962 735 6 10 8
740 21553962 735 6 7 1348
741 21588629 737 0 0 44
742 21630557 739 10 5 86
743 21880840 741 7 2 3
744 21880840 741 2 5 11
745 21880840 741 1 4 3198
746 21880840 741 5 7 2
747 21880840 741 9 2 3
748 21880840 741 8 9 44
749 21880840 741 10 7 2
750 21928514 744 7 0 8
751 21980104 749 5 4 26
752 21980104 749 9 5 1
753 21980104 749 2 7 20
754 22200166 751 4 4 54
755 22200166 751 10 6 950
756 22200166 751 5 1 15
757 22200166 751 0 3 1455
758 22200166 751 10 10 17
759 22200166 751 4 2 597
760 22200166 751 4 7 10
761 22200166 751 9 2 119
762 22296624 755 9 4 137
763 22296624 755 9 5 4130
764 22357792 757 7 0 7
765 22403520 764 3 2 84
766 22534914 766 1 6 172
767 22534914 766 6 3 1
768 22534914 766 10 7 7
769 22631833 768 8 8 1321
770 22631833 768 8 9 704
771 22631833 768 0 2 36
772 22631833 768 8 6 2
773 22638941 772 1 1 94
774 22694430 777 10 6 150
775 22694430 777 1 6 75
776 22720441 778 10 1 279
777 22794817 787 1 4 3
778 22815171 792 0 8 118
779 22862782 798 4 4 100
780 22862782 798 4 7 28
781 22862782 798 4 5 6106
782 22878190 802 10 5 226
783 22878190 802 4 0 8
784 22912873 804 4 4 621
785 22912873 804 4 0 117
786 22929156 806 5 0 104
787 22945755 810 3 7 472
788 22946537 811 6 2 58
789 23009095 817 8 3 1577
790 23018591 819 4 3 21
791 23452871 822 1 2 9
792 23452871 822 4 4 28
793 23452871 822 10 10 1
794 23452871 822 8 2 3
795 23452871 822 3 10 9
796 23452871 822 6 3 1
797 23452871 822 0 4 1
798 23452871 822 0 1 1
799 23452871 822 10 0 1
800 23452871 822 1 5 26
801 23452871 822 4 2 9
802 23452871 822 7 0 1
803 23452871 822 2 1 1
804 23452871 822 0 9 1
805 23796803 823 2 7 751
806 23796803 823 3 3 4
807 23796803 823 8 6 282
808 23796803 823 3 8 10
809 23796803 823 5 4 3553
810 23796803 823 9 9 1
811 23796803 823 5 8 1
812 23796803 823 5 6 282
813 23796803 823 2 8 5
814 23796803 823 10 1 969
815 23796803 823 2 6 282
816 23796803 823 10 0 8
817 23796803 823 3 1 969
818 23796803 823 9 4 7107
819 23796803 823 8 0 26
820 23796803 823 2 10 1
821 23796803 823 10 8 30
822 23905806 825 5 5 16
823 23967621 830 1 5 5
824 23967621 830 8 2 21
825 23967621 830 8 5 5
826 24097242 834 7 9 2
827 24097242 834 2 10 700
828 24097242 834 2 5 908
829 24177611 842 1 4 6007
830 24198379 844 2 9 283
831 24214824 845 5 7 51
832 24244303 846 5 0 54
833 24244303 846 5 4 14
834 24244303 846 5 6 89
835 24267265 853 9 0 60
836 24324967 857 9 8 57
837 24324967 857 9 10 21849
838 24362527 859 6 9 148
839 24362527 859 6 2 342
840 24362527 859 6 8 506
841 24399508 861 3 9 59
842 24433843 863 2 9 264
843 24433843 863 2 4 116
844 24666998 864 10 1 14
845 24666998 864 0 4 17
846 24666998 864 6 8 339
847 24666998 864 9 5 15
848 24666998 864 0 10 517
849 24666998 864 8 8 113
850 24666998 864 7 0 3618
851 24679875 867 7 3 60
852 24697703 870 7 3 46
853 24729365 871 6 8 758
854 24744737 872 2 4 147
855 24744737 872 1 6 11
856 24789318 874 2 5 668
857 24789318 874 2 6 213
858 24811399 875 2 7 9
859 24824478 879 1 5 24
860 24852407 881 2 2 561
861 24852407 881 5 2 2247
862 24856151 884 0 6 33
863 24859831 885 10 5 37
864 25043572 886 8 8 20
865 25043572 886 9 5 77
866 25043572 886 4 8 20
867 25043572 886 5 6 555
868 25043572 886 5 0 59
869 25077363 888 10 2 136
870 25087160 889 9 2 34
871 25266595 894 0 2 11
872 25266595 894 10 1 194
873 25266595 894 6 9 71
874 25266595 894 8 3 6
875 25266595 894 9 2 35
876 25266595 894 5 2 128
877 25266595 894 10 10 33
878 25375963 896 1 3 1586
879 25375963 896 8 9 10
880 25375963 896 9 10 16
881 25375963 896 2 0 1968
882 25457654 901 7 2 30
883 25541673 905 5 8 95
884 25541673 905 1 8 95
885 25627471 907 4 6 136
886 25627471 907 2 10 6
887 25664519 909 9 9 226
888 25664519 909 9 0 5739
889 25701846 911 9 0 682
890 25743366 913 1 2 19
891 25743366 913 6 2 19
892 25760768 915 5 10 65
893 25774937 916 7 3 49
894 25787966 917 3 9 3
895 25824786 919 4 1 1
896 25824786 919 1 1 1
897 25824786 919 3 1 1
898 25833661 920 2 10 8
899 25836931 921 8 1 88
900 25847870 923 10 7 1223
901 25886986 925 8 0 184
902 25939204 926 7 3 71
903 25939204 926 7 0 37
904 26374600 929 4 4 2635
905 26374600 929 5 3 3
906 26374600 929 1 6 54
907 26374600 929 7 1 18
908 26374600 929 2 1 1
909 26374600 929 6 2 42
910 26374600 929 8 0 25
911 26374600 929 8 8 9
912 26374600 929 3 5 227
913 26374600 929 2 8 4
914 26374600 929 10 10 1
915 26374600 929 10 7 2
916 26374600 929 10 0 10
917 26374600 929 2 6 218
918 26374600 929 5 6 54
919 26627895 930 2 10 683
920 26627895 930 1 9 71
921 26627895 930 6 10 1367
922 26627895 930 7 6 13
923 26627895 930 9 0 9968
924 26627895 930 0 5 22
925 26856642 931 6 7 6
926 26856642 931 2 6 8
927 26856642 931 7 1 10
928 26856642 931 10 9 2119
929 26856642 931 1 9 2119
930 26856642 931 6 3 24
931 26856642 931 2 8 4
932 26856642 931 5 0 1056
933 26856642 931 4 1 10
934 26856642 931 1 5 349
935 27008006 932 10 8 6
936 27008006 932 8 0 2
937 27008006 932 5 6 69
938 27008006 932 6 10 47
939 27008006 932 4 6 4
940 27008006 932 2 10 23
941 27008006 932 1 0 4
942 27008006 932 0 6 9
943 27008006 932 5 4 6
944 27023473 934 1 7 15
945 27033971 935 3 1 1573
946 27033971 935 6 1 1573
947 27506426 941 2 6 5
948 27506426 941 9 7 1
949 27506426 941 4 6 2
950 27506426 941 3 0 5
951 27506426 941 8 2 2
952 27506426 941 10 7 2
953 27506426 941 6 8 1
954 27506426 941 4 2 10
955 27506426 941 1 0 5
956 27506426 941 0 5 13
957 27506426 941 10 2 2
958 27506426 941 1 4 1
959 27506426 941 2 2 5
960 27506426 941 9 2 8
961 27506426 941 7 6 5
962 27512442 943 2 8 4884
963 27523228 946 8 9 37
964 27525745 947 10 10 71
965 27562342 948 1 6 11083
966 27615311 951 2 8 158
967 27646425 957 1 9 17
968 27646425 957 7 9 35
969 27703706 959 10 1 1320
970 27703706 959 10 4 73
971 27753705 963 0 8 229
972 28046022 967 4 5 7
973 28046022 967 1 8 44
974 28046022 967 7 0 29
975 28046022 967 0 2 15
976 28046022 967 0 8 44
977 28046022 967 1 9 9
978 28059206 969 2 0 14
979 28083832 970 10 4 16
980 28083832 970 8 4 16
981 28136027 972 10 5 263
982 28136027 972 10 4 228
983 28213059 973 2 7 85545
984 28213059 973 0 10 26
985 28213059 973 2 3 1
986 28230166 976 3 10 11971
987 28262496 979 0 1 41
988 28277385 981 1 6 406
989 28284327 983 0 10 188
990 28285025 984 10 4 10212
991 28312300 988 8 4 7153
992 28323350 991 9 10 233
993 28324004 992 0 10 8980
994 28362726 993 4 0 4812
995 28425459 994 9 0 3
996 28425459 994 6 1 1
997 28425459 994 2 1 1
998 28436905 995 6 6 518
999 28489762 999 8 2 26
