11 350 1000
0 40173 0 9 2 76
1 40173 0 1 10 471
2 40173 0 1 9 151
3 40173 0 1 3 195
4 153323 3 5 6 284
5 153323 3 5 8 197
6 153323 3 9 10 1871
7 153323 3 5 0 2396
8 177471 4 7 5 43
9 185728 6 3 9 2025
10 193383 7 1 4 57
11 280263 9 7 9 45
12 280263 9 7 0 7
13 301658 11 0 9 88
14 393441 13 10 1 1591
15 393441 13 6 4 340
16 393441 13 8 8 1
17 393441 13 8 1 265
18 393441 13 6 2 70
19 514725 17 6 5 184
20 514725 17 2 7 2
21 514725 17 3 10 26
22 514725 17 9 7 5
23 514725 17 2 4 12
24 514725 17 1 2 526
25 537049 18 1 1 13067
26 604186 21 3 2 1009
27 616424 23 10 10 4218
28 616824 24 7 4 6073
29 627878 25 4 0 1977
30 652409 27 10 0 130
31 652409 27 7 0 130
32 711136 29 2 7 377
33 711136 29 2 5 28
34 711136 29 2 10 58
35 716611 30 0 6 11
36 730444 31 3 3 475
37 778664 37 4 6 62
38 848666 41 10 10 49
39 848666 41 10 2 50
40 852778 42 8 0 5
41 868286 44 1 9 19650
42 872073 45 0 6 3190
43 1146922 51 8 0 21
44 1146922 51 3 8 13
45 1146922 51 2 7 5
46 1146922 51 5 0 10
47 1146922 51 10 9 1
48 1146922 51 7 7 5
49 1146922 51 0 10 1
50 1146922 51 2 10 1
51 1146922 51 9 8 1
52 1146922 51 0 8 6
53 1146922 51 10 4 15
54 1146922 51 3 7 11
55 1146922 51 7 4 15
56 1146922 51 10 1 30
57 1146922 51 5 1 15
58 1146922 51 7 2 5
59 1165719 56 5 2 461
60 1294154 59 2 0 6
61 1294154 59 2 9 18
62 1362618 66 0 4 60
63 1362637 67 1 7 10
64 1416452 70 8 7 1
65 1416452 70 4 8 43
66 1416604 71 8 0 65
67 1604362 75 9 10 7
68 1604362 75 10 3 33
69 1604362 75 9 4 1
70 1604362 75 6 5 231
71 1604362 75 8 1 4733
72 1604362 75 2 9 1
73 1604362 75 6 1 591
74 1604362 75 10 9 1
75 1604362 75 10 5 1270
76 1844595 84 2 8 1
77 1844595 84 6 10 10
78 1844595 84 6 3 17
79 1844595 84 7 5 716
80 1844595 84 2 0 15
81 1844595 84 7 0 7
82 1844595 84 3 2 308
83 1894463 89 7 6 1461
84 1916565 91 1 2 10456
85 1947526 94 0 5 1513
86 1947526 94 2 5 756
87 1947526 94 10 5 756
88 1987506 97 7 9 5530
89 1987506 97 2 9 3687
90 2098858 99 0 7 38
91 2098858 99 7 9 42
92 2098858 99 7 7 12
93 2098858 99 9 9 85
94 2098858 99 7 2 19
95 2098858 99 7 8 5
96 2098858 99 9 1 40
97 2104461 101 10 8 35
98 2289721 102 5 7 2
99 2289721 102 5 1 3
100 2289721 102 8 3 17
101 2289721 102 4 7 1
102 2416587 108 2 3 69
103 2416587 108 4 6 7
104 2416587 108 5 7 4
105 2416587 108 0 7 4
106 2463398 116 2 8 217
107 2463398 116 2 7 208
108 2487130 117 0 4 101
109 2487130 117 0 5 160
110 2487130 117 0 2 132816
111 2515129 118 0 2 55
112 2515129 118 6 2 15
113 2520549 120 0 7 124
114 2524120 122 6 1 49
115 2539116 124 1 3 7
116 2595705 127 0 2 9547
117 2595705 127 0 4 115
118 2626707 132 5 0 21
119 2626707 132 6 7 7571
120 2645219 134 8 3 3
121 2693317 136 8 10 32
122 2693317 136 1 0 2006
123 2693317 136 8 9 9
124 2693317 136 8 4 6084
125 2846988 137 2 0 4
126 2846988 137 10 10 222
127 2846988 137 0 4 199
128 2846988 137 6 8 39
129 2846988 137 7 4 99
130 2846988 137 0 8 14
131 2846988 137 10 7 3
132 2846988 137 10 9 2136
133 2846988 137 8 8 9
134 2893997 143 0 8 4
135 2935019 146 3 4 5
136 2969178 150 2 8 12718
137 2969178 150 2 1 14
138 2992963 153 8 9 37
139 3144252 154 5 10 2
140 3144252 154 2 7 642
141 3144252 154 6 5 69
142 3144252 154 3 3 28
143 3144252 154 7 6 115
144 3144252 154 4 10 2
145 3144252 154 6 6 690
146 3144252 154 0 7 642
147 3340975 160 10 7 293
148 3340975 160 2 3 2
149 3340975 160 2 4 4
150 3340975 160 9 6 2
151 3340975 160 2 5 5
152 3340975 160 0 4 19
153 3340975 160 0 10 5
154 3340975 160 9 1 1
155 3340975 160 2 2 210
156 3407790 162 10 6 14
157 3407790 162 5 10 5
158 3407790 162 0 1 1445
159 3407790 162 10 3 382
160 3439252 165 5 5 110
161 3439252 165 0 5 110
162 3476881 170 3 4 341
163 3476881 170 3 8 83
164 3476881 170 3 9 3937
165 3477442 171 4 8 604
166 3525807 174 5 2 9
167 3525807 174 5 4 18
168 3525807 174 6 10 9
169 3525807 174 1 3 36
170 3591860 177 0 6 344
171 3591860 177 0 3 10858
172 3591860 177 3 6 172
173 3594836 178 9 0 104
174 3637947 187 7 2 8
175 3832609 198 10 5 1
176 3832609 198 3 6 1002
177 3832609 198 7 4 2
178 3832609 198 4 9 7
179 3832609 198 2 1 18
180 3832609 198 8 3 2
181 3832609 198 2 4 2
182 3832609 198 3 10 14
183 3832609 198 5 5 1
184 3832609 198 5 1 9
185 3832609 198 10 6 111
186 3833320 199 7 0 72
187 3834816 200 5 5 18
188 3848970 202 3 7 44
189 3890402 203 7 4 4534
190 3890402 203 7 9 14
191 3890402 203 8 2 64
192 3997154 217 9 5 39
193 3997154 217 8 5 78
194 4005168 218 1 2 17074
195 4012866 222 0 7 28
196 4027597 223 2 2 68
197 4114332 229 2 4 52
198 4114332 229 6 8 118
199 4114332 229 2 10 5
200 4198378 230 3 6 6
201 4198378 230 8 3 136
202 4198378 230 8 9 29
203 4198378 230 3 1 230
204 4198378 230 3 5 3
205 4361300 233 9 8 94
206 4361300 233 2 0 22
207 4361300 233 3 5 1
208 4361300 233 1 3 4
209 4361300 233 9 6 6
210 4361300 233 7 2 17
211 4361300 233 3 2 4
212 4361300 233 0 6 26
213 4361300 233 0 7 1
214 4434337 237 4 2 27
215 4434337 237 4 4 4
216 4434337 237 4 1 55
217 4434337 237 10 2 55
218 4438108 238 3 9 432
219 4438108 238 3 8 83
220 4629627 241 9 10 1014
221 4629627 241 1 3 1
222 4629627 241 1 10 1014
223 4629627 241 7 10 1014
224 4629627 241 1 9 1226
225 4629627 241 1 8 1
226 4629627 241 7 8 1
227 4629627 241 1 1 18
228 4629627 241 4 10 1014
229 4629627 241 1 2 1952
230 4639361 244 4 1 1
231 4675072 257 6 9 7792
232 4675136 258 3 0 83
233 4756928 259 2 1 1783
234 4756928 259 6 3 623
235 4756928 259 10 7 25
236 4756928 259 5 3 1246
237 4756928 259 10 3 623
238 4942045 262 2 1 30
239 4942045 262 0 1 30
240 4942045 262 8 9 15
241 4942045 262 4 9 15
242 4965197 263 1 10 4572
243 5005080 269 4 4 68
244 5005080 269 4 5 39
245 5005080 269 4 3 93
246 5031318 275 0 3 2062
247 5035049 276 8 5 169
248 5041441 279 0 10 162
249 5068310 282 8 7 200
250 5068310 282 8 1 106
251 5068430 283 5 1 81
252 5094785 285 4 8 94
253 5094785 285 4 6 319
254 5094785 285 4 1 297
255 5097105 286 10 1 210
256 5386722 287 10 0 1
257 5386722 287 5 2 28
258 5386722 287 3 3 23
259 5386722 287 1 7 807
260 5386722 287 3 5 2
261 5386722 287 6 5 4
262 5386722 287 6 9 1
263 5386722 287 2 2 3
264 5386722 287 8 9 1
265 5386722 287 9 7 807
266 5386722 287 3 9 1
267 5386722 287 2 0 3
268 5386722 287 10 2 3
269 5386722 287 5 5 70
270 5386722 287 0 8 11
271 5386722 287 3 6 24
272 5386722 287 2 9 1
273 5386722 287 6 8 5
274 5386722 287 2 5 6
275 5386722 287 9 1 53
276 5386722 287 6 4 1
277 5388532 288 8 10 108
278 5495558 291 4 9 182
279 5495558 291 5 2 3435
280 5495558 291 3 2 3435
281 5495558 291 5 8 8
282 5495558 291 2 5 25
283 5495558 291 10 3 211
284 5595323 292 1 0 6
285 5595323 292 6 8 218
286 5602896 293 8 1 87
287 5616521 296 4 7 61
288 5664062 298 9 6 844
289 5664062 298 9 8 8519
290 5664062 298 9 0 21
291 5788459 303 4 0 158
292 5788459 303 0 10 14
293 5788459 303 0 6 397
294 5788459 303 10 2 1892
295 5788459 303 9 6 1193
296 5788459 303 9 9 409
297 5857139 304 2 2 74
298 5857139 304 3 5 23
299 5870394 305 7 7 38
300 5873091 306 7 9 19562
301 5899662 308 6 3 284
302 5911001 310 7 1 442
303 5911001 310 7 6 6
304 6094541 317 2 9 16
305 6094541 317 6 4 10
306 6094541 317 8 10 110
307 6094541 317 5 3 54
308 6094541 317 6 9 10
309 6094541 317 6 0 4
310 6094541 317 2 1 14
311 6094541 317 10 7 1004
312 6094541 317 5 10 55
313 6094541 317 8 8 83
314 6107816 320 5 0 8093
315 6110363 322 7 5 121
316 6150967 324 10 5 7
317 6169870 327 2 10 1020
318 6169870 327 1 10 1020
319 6239035 328 10 0 312
320 6239035 328 9 5 4162
321 6239035 328 5 5 297
322 6264581 330 0 0 683
323 6285529 335 1 7 96
324 6285529 335 1 3 1
325 6307992 337 4 1 95
326 6307992 337 4 2 67
327 6354196 339 4 7 15
328 6354196 339 0 5 190
329 6354196 339 7 3 430
330 6424248 340 3 4 5
331 6424248 340 8 7 2998
332 6424248 340 7 9 15
333 6424248 340 5 2 3
334 6424248 340 5 8 451
335 6424248 340 3 2 3
336 6424248 340 0 0 20
337 6431130 341 10 2 91
338 6436216 342 9 4 133
339 6461778 346 3 5 489
340 6474134 349 5 6 568
341 6509645 353 0 0 27082
342 6509645 353 0 1 6
343 6514281 355 0 6 29
344 6529221 358 0 4 7138
345 6634606 369 9 7 1
346 6634606 369 2 9 869
347 6702288 370 7 3 10
348 6702288 370 4 8 3
349 6702288 370 6 9 23
350 6702288 370 9 2 1
351 6702288 370 0 8 6
352 6702288 370 7 2 9
353 6702288 370 10 2 9
354 6702288 370 7 9 23
355 6792128 386 6 3 976
356 6848124 388 0 1 16
357 6848124 388 7 3 3122
358 6848124 388 7 2 3
359 7011140 390 0 0 14
360 7011140 390 4 1 2
361 7011140 390 5 0 14
362 7011140 390 2 6 114
363 7069256 392 9 0 19
364 7069256 392 0 5 3851
365 7069256 392 3 9 3
366 7069256 392 1 5 5135
367 7069256 392 7 5 1283
368 7076775 393 2 1 46
369 7276795 395 5 9 2555
370 7276795 395 10 7 1
371 7276795 395 7 0 440
372 7276795 395 9 9 2555
373 7276795 395 3 0 440
374 7314636 401 1 3 1192
375 7384449 402 9 1 1815
376 7384449 402 9 6 88
377 7384449 402 9 7 35
378 7384449 402 2 0 126
379 7440064 407 2 6 71
380 7580094 409 8 4 782
381 7580094 409 5 10 10
382 7580094 409 1 5 797
383 7580094 409 5 7 1
384 7580094 409 10 9 30
385 7656233 413 9 5 300
386 7658401 414 7 9 40
387 7685423 420 6 1 29
388 7717387 422 5 3 54
389 7996594 428 10 0 1
390 7996594 428 6 7 1
391 7996594 428 7 2 2
392 7996594 428 4 7 1
393 7996594 428 6 1 668
394 7996594 428 1 2 17
395 7996594 428 8 2 2
396 7996594 428 0 4 1
397 7996594 428 2 9 5
398 7996594 428 10 10 4
399 7996594 428 3 5 822
400 7996594 428 1 8 2
401 7996594 428 8 1 7352
402 7996594 428 7 0 1
403 7996594 428 2 0 1
404 7996594 428 1 3 136
405 7996594 428 3 8 2
406 8136422 430 2 5 8
407 8136422 430 10 2 18
408 8136422 430 2 0 2
409 8136422 430 3 4 7
410 8136422 430 3 2 18
411 8136422 430 4 7 17
412 8136422 430 8 2 36
413 8136422 430 3 8 1
414 8143934 431 6 0 184
415 8170779 435 2 6 24
416 8170779 435 7 1 108
417 8179362 439 6 7 114
418 8188904 440 4 10 4
419 8203413 443 6 3 83
420 8212758 444 7 0 19
421 8230119 448 6 1 2
422 8243953 452 1 10 36
423 8256150 456 6 5 8547
424 8366884 457 4 1 1
425 8366884 457 5 1 53
426 8366884 457 5 9 13
427 8366884 457 10 3 44
428 8419813 460 1 7 335
429 8527943 461 10 9 7
430 8527943 461 0 4 5
431 8527943 461 6 1 34
432 8527943 461 2 7 147
433 8527943 461 9 2 5
434 8527943 461 5 6 122
435 8527943 461 5 5 163
436 8881632 466 0 6 12
437 8881632 466 4 2 50
438 8881632 466 3 8 1
439 8881632 466 7 10 2
440 8881632 466 2 3 1801
441 8881632 466 6 9 4
442 8881632 466 1 0 7
443 8881632 466 9 8 1
444 8881632 466 6 1 2
445 8881632 466 8 5 1
446 8881632 466 1 7 1
447 8965524 467 2 3 1
448 8965524 467 10 7 23
449 8965524 467 0 1 1
450 9012985 471 7 10 923
451 9131521 473 0 2 7
452 9131521 473 10 3 59
453 9131521 473 6 6 5
454 9131521 473 0 10 1
455 9131521 473 6 2 15
456 9131521 473 5 2 23
457 9425780 475 5 3 1
458 9425780 475 5 8 2
459 9425780 475 10 10 5
460 9425780 475 1 7 9
461 9425780 475 2 7 4
462 9425780 475 6 1 13
463 9425780 475 2 4 8
464 9425780 475 9 3 1
465 9425780 475 0 1 6
466 9425780 475 7 9 5
467 9425780 475 2 9 5
468 9457492 477 2 6 69
469 9479885 479 3 9 2
470 9493957 482 10 0 122
471 9493957 482 4 2 222
472 9519669 486 6 8 21916
473 9519669 486 6 1 461
474 9871346 498 3 1 35
475 9871346 498 9 4 50
476 9871346 498 0 0 43
477 9871346 498 1 3 1
478 9871346 498 6 10 13
479 9871346 498 2 8 514
480 9871346 498 7 0 10
481 9871346 498 3 2 28
482 9871346 498 0 10 13
483 9871346 498 7 5 8250
484 9871346 498 1 1 17
485 9871346 498 4 5 175
486 9871346 498 6 2 9
487 9871346 498 0 5 1579
488 9871346 498 1 4 50
489 9871346 498 8 1 17
490 9871346 498 0 8 1028
491 9871346 498 2 7 7
492 9871346 498 4 6 1
493 9894223 499 7 7 71
494 9896999 501 4 8 5123
495 9916273 504 1 3 52
496 10075107 507 4 7 72
497 10075107 507 5 6 3
498 10075107 507 0 0 12
499 10075107 507 4 0 6
500 10075107 507 6 3 7
501 10075107 507 0 4 1429
502 10075107 507 4 3 2
503 10075107 507 8 4 1429
504 10075107 507 8 6 3
505 10137493 510 6 0 189
506 10137493 510 7 1 5
507 10137493 510 6 2 40
508 10138860 511 8 2 14390
509 10139670 512 2 3 5300
510 10303694 513 5 4 300
511 10303694 513 6 3 21
512 10303694 513 8 10 2
513 10303694 513 7 2 42
514 10303694 513 9 9 40
515 10303694 513 4 4 200
516 10303694 513 6 1 5
517 10303694 513 10 9 20
518 10303694 513 4 7 11
519 10303694 513 0 5 345
520 10303694 513 9 10 2
521 10337864 516 5 3 1
522 10337864 516 0 3 1
523 10337864 516 4 3 1
524 10349922 522 5 9 21
525 10374683 528 3 7 128
526 10382033 531 3 0 195
527 10384994 533 4 4 779
528 10389449 534 3 4 114
529 10412820 535 1 7 6
530 10412820 535 8 7 12
531 10419973 537 4 10 11
532 10422280 538 0 8 23
533 10464168 542 1 9 38
534 10490720 547 4 9 79
535 10490720 547 4 0 5771
536 10517918 550 7 6 6
537 10517918 550 1 6 6
538 10556012 551 6 1 7
539 10556012 551 2 9 4879
540 10857461 555 10 7 7
541 10857461 555 7 9 2
542 10857461 555 7 3 202
543 10857461 555 4 4 829
544 10857461 555 5 9 2
545 10857461 555 8 3 1620
546 10857461 555 5 5 1
547 10857461 555 9 4 829
548 10857461 555 10 8 7
549 10857461 555 4 10 197
550 10857461 555 3 10 1
551 10962401 556 8 0 1
552 10962401 556 5 7 31
553 10962401 556 10 0 11
554 10962401 556 3 10 335
555 10962401 556 3 3 23
556 11016322 558 1 7 123
557 11027350 560 7 0 10
558 11040375 561 8 10 28
559 11063997 562 10 3 1378
560 11091805 563 10 8 1666
561 11091805 563 10 9 33
562 11113494 565 1 10 1219
563 11114814 566 3 6 39
564 11228506 569 2 6 1
565 11228506 569 0 0 52
566 11228506 569 0 7 1
567 11228506 569 5 5 1
568 11228506 569 2 8 1
569 11228506 569 6 3 21
570 11228506 569 9 9 2
571 11342668 576 1 6 4
572 11410042 582 4 0 2716
573 11410042 582 4 4 50
574 11410042 582 4 3 49
575 11435822 583 6 7 1421
576 11435822 583 6 0 11861
577 11435822 583 6 6 89
578 11438546 584 10 5 3971
579 11470505 590 3 9 2305
580 11498718 595 0 9 1
581 11518605 601 6 10 6424
582 11597988 602 6 3 169
583 11602843 605 4 6 53
584 11635943 606 10 8 31
585 11635943 606 10 0 183
586 11642582 609 9 8 117
587 11644283 610 2 3 27
588 11923717 612 10 1 6
589 11923717 612 7 7 5079
590 11923717 612 5 7 2539
591 11923717 612 2 5 120
592 11923717 612 3 8 8
593 11923717 612 4 3 1
594 11923717 612 5 0 214
595 11923717 612 9 2 1346
596 11923717 612 4 10 5
597 11923717 612 3 1 6
598 11923717 612 7 10 5
599 11944924 613 3 9 4062
600 11949753 615 2 7 39103
601 12183210 616 9 6 36
602 12183210 616 2 9 5
603 12183210 616 6 6 108
604 12183210 616 1 7 1201
605 12183210 616 10 3 20
606 12183210 616 1 3 20
607 12183210 616 5 8 1
608 12183210 616 7 7 200
609 12183210 616 4 8 1
610 12183210 616 9 10 1709
611 12183210 616 5 2 1
612 12183210 616 6 4 1
613 12183210 616 9 1 1
614 12183210 616 2 2 1
615 12183210 616 2 5 1227
616 12187755 617 3 9 85
617 12224569 622 7 6 13081
618 12231093 624 4 5 2839
619 12233134 625 2 0 34
620 12233134 625 4 0 34
621 12264573 626 2 7 117
622 12264573 626 2 4 100
623 12264573 626 2 2 106
624 12298343 628 1 6 127
625 12298343 628 1 5 389
626 12298343 628 1 3 228
627 12323909 631 9 5 232
628 12323909 631 7 5 232
629 12323909 631 9 6 70
630 12331475 632 7 1 1214
631 12383487 633 5 8 159
632 12383487 633 5 0 4797
633 12394837 634 7 9 19581
634 12424754 637 7 10 8
635 12446884 643 1 4 19
636 12591165 644 4 0 8
637 12591165 644 2 8 1817
638 12591165 644 10 6 1
639 12591165 644 7 5 10
640 12591165 644 10 3 10
641 12591165 644 5 8 908
642 12591165 644 8 9 27
643 12591165 644 6 8 1817
644 12591165 644 8 4 4530
645 12591165 644 8 7 92
646 12593109 645 4 8 20
647 12602281 648 9 2 178
648 12604918 650 10 10 29
649 12604918 650 0 10 58
650 12608387 653 7 10 4838
651 12639657 661 9 0 13
652 12639657 661 7 0 13
653 12648647 666 4 3 2
654 12662670 668 5 0 9853
655 12662670 668 5 5 82
656 12662670 668 5 7 18
657 12863405 671 4 3 61
658 12863405 671 7 7 1
659 12863405 671 2 1 476
660 12863405 671 7 5 30
661 12863405 671 8 9 8
662 12863405 671 2 3 123
663 12863405 671 2 7 1
664 12863405 671 1 5 30
665 12863405 671 10 5 30
666 12863405 671 6 0 1
667 12863405 671 3 1 4531
668 12863405 671 7 0 14
669 12870505 673 9 1 956
670 12924190 678 6 6 409
671 12925331 680 10 8 3319
672 12947475 681 0 4 2639
673 13106943 683 8 2 3054
674 13106943 683 4 0 4
675 13106943 683 0 7 3841
676 13106943 683 1 3 29
677 13106943 683 4 9 123
678 13106943 683 4 4 3833
679 13106943 683 2 2 1527
680 13106943 683 8 0 57
681 13106943 683 3 6 31
682 13110307 685 1 4 41
683 13121075 687 10 2 32
684 13235821 690 0 9 34
685 13235821 690 0 0 5775
686 13235821 690 0 5 4
687 13235821 690 4 2 11
688 13305767 692 6 7 181
689 13305767 692 6 1 96
690 13305767 692 7 6 43
691 13305767 692 7 10 12
692 13305767 692 2 6 43
693 13328365 693 8 4 80
694 13328365 693 8 1 66
695 13328365 693 8 6 75
696 13643581 695 6 2 1587
697 13643581 695 2 1 3
698 13643581 695 1 0 42
699 13643581 695 7 0 149
700 13643581 695 0 4 1
701 13643581 695 6 7 1
702 13643581 695 6 4 8
703 13643581 695 0 9 2791
704 13643581 695 2 4 1
705 13643581 695 2 0 128
706 13643581 695 4 10 1
707 13643581 695 4 2 1587
708 13643581 695 9 3 4
709 13643581 695 3 8 1
710 13643581 695 8 0 21
711 13643581 695 6 8 1
712 13728341 698 10 4 89
713 13728341 698 5 7 21
714 13728341 698 10 9 66
715 13728341 698 5 8 43
716 13766423 701 3 9 1
717 13766423 701 7 2 15
718 13828201 702 4 8 11
719 13828201 702 3 2 56
720 13828201 702 4 9 6
721 13828201 702 0 8 88
722 13828201 702 4 10 74
723 13890551 703 9 1 49
724 13890551 703 2 6 38
725 13890551 703 2 3 37
726 13890551 703 9 7 548
727 13890551 703 2 1 49
728 13943131 710 3 2 96
729 13945292 711 9 10 28
730 13979650 714 2 2 9758
731 13988639 716 3 10 175
732 13991279 717 0 7 4
733 14107042 718 2 10 21
734 14107042 718 3 0 36
735 14107042 718 6 5 175
736 14107042 718 7 5 3430
737 14107042 718 6 3 15
738 14109094 719 2 7 4984
739 14162680 723 3 10 11
740 14162680 723 3 1 113
741 14162680 723 3 5 29
742 14162680 723 6 2 3584
743 14162680 723 6 1 1
744 14162680 723 6 5 29
745 14183942 724 6 5 1502
746 14186417 725 2 3 90
747 14296617 732 9 6 4
748 14296617 732 0 2 722
749 14296617 732 4 2 240
750 14296617 732 5 6 2
751 14296617 732 5 0 4
752 14296617 732 7 0 1
753 14369308 735 9 1 6
754 14369308 735 9 5 36
755 14369308 735 6 9 10
756 14369308 735 9 6 47
757 14392419 737 10 0 88
758 14420371 739 10 4 84
759 14587226 741 3 6 2
760 14587226 741 7 6 5
761 14587226 741 7 7 2
762 14587226 741 0 0 15797
763 14587226 741 1 4 3198
764 14587226 741 4 8 1
765 14587226 741 0 5 147
766 14587226 741 3 5 17
767 14587226 741 8 6 2
768 14587226 741 4 2 9
769 14589257 742 9 10 31
770 14592261 743 2 8 31
771 14619009 744 8 7 169
772 14655357 750 9 3 49
773 14800111 751 6 9 15
774 14800111 751 0 2 119
775 14800111 751 10 7 7
776 14800111 751 8 2 2628
777 14800111 751 2 5 25
778 14800111 751 4 8 5
779 14800111 751 6 4 13
780 14800111 751 3 7 14
781 14800111 751 1 2 119
782 14826743 752 3 0 42
783 14826743 752 7 9 1
784 14826743 752 1 0 168
785 14826743 752 0 1 8
786 14864416 755 9 2 84
787 14933572 763 6 4 34
788 14935680 764 3 2 84
789 15023276 766 10 7 7
790 15023276 766 1 4 16
791 15023276 766 8 5 13
792 15023276 766 8 10 106
793 15023276 766 7 10 7
794 15023276 766 7 5 41
795 15023276 766 4 4 32
796 15023276 766 5 5 54
797 15023276 766 4 10 7
798 15023276 766 3 4 16
799 15029470 767 10 8 62
800 15087889 768 0 4 59
801 15087889 768 0 7 2
802 15087889 768 0 1 41
803 15087889 768 0 2 36
804 15109038 773 6 10 17
805 15146960 778 8 9 7
806 15146960 778 9 9 21
807 15146960 778 3 1 279
808 15146960 778 0 1 279
809 15166058 780 9 8 6604
810 15168493 781 0 3 77
811 15204404 789 3 2 30
812 15210651 793 4 7 6073
813 15216660 796 0 10 90
814 15241854 798 4 8 632
815 15241854 798 4 3 11778
816 15241854 798 4 9 293
817 15295658 808 1 3 14
818 15297170 810 3 7 472
819 15349090 820 2 2 104
820 15635247 822 8 10 3
821 15635247 822 10 9 1
822 15635247 822 3 9 9
823 15635247 822 7 6 13
824 15635247 822 3 7 414
825 15635247 822 5 2 3
826 15635247 822 2 4 5
827 15635247 822 2 10 1
828 15635247 822 6 10 1
829 15635247 822 2 0 1
830 15635247 822 5 8 479
831 15635247 822 9 6 4
832 15635247 822 3 5 338
833 15635247 822 10 10 1
834 15635247 822 5 0 16
835 15864535 823 9 2 6
836 15864535 823 1 0 8
837 15864535 823 2 3 1
838 15864535 823 8 0 26
839 15870342 824 0 10 47
840 15937204 825 0 1 19
841 15937204 825 5 8 63
842 15937204 825 5 5 16
843 15978414 830 1 1 74
844 15978414 830 0 1 24
845 16064828 834 1 5 908
846 16087087 841 1 0 334
847 16118407 842 1 2 12
848 16118407 842 1 3 757
849 16166885 849 7 10 39
850 16175754 852 3 9 48
851 16182898 854 6 10 67
852 16241685 859 6 8 506
853 16241685 859 6 5 14093
854 16289228 863 2 7 8
855 16289228 863 6 0 9
856 16444665 864 5 6 17
857 16444665 864 8 8 113
858 16444665 864 5 10 172
859 16444665 864 6 10 172
860 16444665 864 4 8 113
861 16444665 864 10 8 113
862 16444665 864 2 7 1
863 16444665 864 9 9 105
864 16444665 864 4 6 26
865 16496491 872 2 4 147
866 16496491 872 1 6 11
867 16540933 875 3 7 9
868 16549152 878 9 6 46
869 16549652 879 1 5 24
870 16568271 881 4 2 561
871 16695714 886 4 8 20
872 16695714 886 6 4 1
873 16695714 886 6 5 25
874 16695714 886 2 0 14
875 16695714 886 3 8 20
876 16697152 887 6 4 158
877 16718242 888 10 2 136
878 16737394 893 8 3 795
879 16844396 894 9 1 4
880 16844396 894 4 5 8
881 16844396 894 9 10 33
882 16917308 896 2 2 38
883 16917308 896 1 3 1586
884 16917308 896 3 2 38
885 16951983 899 6 0 1733
886 16951983 899 6 3 108
887 16971769 901 4 2 30
888 16971769 901 7 2 30
889 16971769 901 9 2 30
890 16971769 901 10 3 7420
891 17009307 903 1 5 36
892 17027782 905 4 8 95
893 17027782 905 9 8 95
894 17084980 907 4 9 76
895 17084980 907 4 1 233
896 17084980 907 2 9 153
897 17086434 908 1 0 165
898 17109679 909 9 8 5
899 17134564 911 5 0 682
900 17134564 911 6 0 1365
901 17173845 915 5 10 65
902 17193402 918 0 1 124
903 17216524 919 0 1 1
904 17222441 920 8 9 28
905 17224621 921 3 9 79
906 17292803 926 7 8 20
907 17298117 928 1 10 51
908 17298117 928 7 10 102
909 17583066 929 9 8 14
910 17583066 929 5 9 4
911 17583066 929 1 8 4
912 17583066 929 1 0 2
913 17583066 929 10 2 4
914 17583066 929 6 2 42
915 17583066 929 0 5 454
916 17583066 929 10 6 54
917 17583066 929 2 4 2635
918 17583066 929 7 2 8
919 17583066 929 7 9 4
920 17583066 929 2 5 454
921 17583066 929 2 0 2
922 17583066 929 9 3 3
923 17583066 929 3 2 21
924 17583066 929 5 3 3
925 17583066 929 2 6 218
926 17583066 929 0 8 4
927 17751930 930 5 4 2601
928 17751930 930 5 9 71
929 17751930 930 8 8 309
930 17751930 930 0 7 10
931 17751930 930 3 3 15
932 17751930 930 6 4 15609
933 17751930 930 7 7 73
934 17751930 930 7 6 13
935 17751930 930 6 0 4984
936 17904428 931 1 9 2119
937 17904428 931 8 7 45
938 17904428 931 5 10 225
939 17904428 931 4 4 909
940 17904428 931 8 6 8
941 18005337 932 4 8 67
942 18005337 932 6 7 3
943 18005337 932 10 7 10
944 18005337 932 7 9 9
945 18005337 932 3 0 2
946 18005337 932 1 10 23
947 18005337 932 8 4 43
948 18005337 932 3 3 3
949 18005337 932 8 8 6
950 18005337 932 9 9 9
951 18015649 934 10 1 14278
952 18015649 934 8 7 122
953 18022647 935 0 1 1573
954 18050925 939 8 8 28526
955 18337617 941 10 5 13
956 18337617 941 1 5 13
957 18337617 941 1 7 1
958 18337617 941 8 8 1
959 18337617 941 4 5 41
960 18337617 941 2 9 1305
961 18337617 941 2 10 18
962 18337617 941 7 5 55
963 18337617 941 0 1 96
964 18337617 941 5 4 1
965 18337617 941 10 9 1305
966 18337617 941 3 0 5
967 18344903 944 8 1 104
968 18348818 946 7 9 37
969 18407242 950 7 8 44
970 18407242 950 2 8 14
971 18419739 956 4 1 1266
972 18469137 959 10 1 1320
973 18497147 961 6 5 2407
974 18497147 961 3 5 343
975 18508889 966 4 5 3957
976 18697348 967 6 2 15
977 18697348 967 7 10 40
978 18697348 967 4 0 9
979 18697348 967 5 5 7
980 18697348 967 4 10 13
981 18697348 967 7 6 3080
982 18697348 967 6 8 44
983 18697348 967 5 7 486
984 18697348 967 1 7 243
985 18697348 967 1 9 9
986 18757351 972 10 10 169
987 18757351 972 10 6 244
988 18808706 973 2 5 1938
989 18808706 973 0 6 19
990 18841664 979 6 8 3805
991 18854849 982 3 10 41
992 18856683 984 10 4 10212
993 18908484 993 4 7 154
994 18950306 994 5 5 16
995 18950306 994 0 1 28
996 18950306 994 2 0 3
997 18950306 994 2 1 1
998 18950306 994 6 5 97
999 18961976 996 1 5 37
