11 370 1000
0 30129 0 1 3 195
1 30129 0 1 4 103
2 30129 0 1 6 24
3 114992 3 5 1 14
4 114992 3 9 0 4792
5 114992 3 5 8 197
6 114992 3 10 5 113
7 210197 9 1 9 7
8 210197 9 4 3 74
9 210197 9 7 5 35
10 210197 9 1 5 35
11 210197 9 7 1 19
12 210197 9 1 10 7
13 210197 9 4 10 25
14 295081 13 5 5 13
15 295081 13 10 5 13
16 295081 13 5 4 340
17 295081 13 10 1 1591
18 295081 13 8 10 297
19 295081 13 6 2 70
20 295081 13 6 4 340
21 296047 14 7 6 107
22 305107 16 2 4 209
23 305107 16 9 4 3
24 386043 17 3 8 6
25 386043 17 7 7 2
26 386043 17 10 7 2
27 386043 17 5 4 12
28 386043 17 10 9 1317
29 402787 18 1 4 20
30 453139 21 4 3 9711
31 453139 21 3 7 129
32 453139 21 3 4 45
33 533352 29 2 9 94
34 533352 29 10 8 170
35 553782 32 7 4 14
36 557268 36 3 4 53
37 583998 37 6 8 61
38 636499 41 10 8 44
39 651215 44 1 4 29
40 651215 44 1 1 36
41 651215 44 1 0 118
42 654930 46 5 10 186
43 679854 50 7 8 1
44 860191 51 5 7 5
45 860191 51 0 8 6
46 860191 51 3 8 13
47 860191 51 9 9 1
48 860191 51 3 5 8
49 860191 51 2 2 5
50 860191 51 0 6 1
51 860191 51 10 3 15
52 860191 51 5 1 15
53 860191 51 8 4 15
54 860191 51 3 10 1
55 860191 51 10 0 64
56 862604 53 4 10 10
57 874289 56 5 2 461
58 970615 59 2 2 204
59 970615 59 8 2 204
60 970615 59 1 2 204
61 970615 59 2 9 18
62 972704 60 6 6 322
63 988612 61 10 2 24
64 988612 61 2 1 230
65 989436 62 8 5 5726
66 1021963 66 0 5 116
67 1029802 68 3 4 3
68 1029802 68 5 4 1
69 1062339 70 4 7 3
70 1062453 71 8 0 65
71 1089383 72 6 1 5
72 1089946 73 6 6 58
73 1093683 74 10 7 17
74 1093683 74 3 7 8
75 1203271 75 9 10 7
76 1203271 75 10 6 14
77 1203271 75 5 1 5916
78 1203271 75 10 9 1
79 1203271 75 3 3 33
80 1203271 75 0 1 591
81 1203271 75 2 4 1
82 1218023 77 9 4 42
83 1227461 79 3 3 38
84 1236680 82 1 8 76
85 1383446 84 2 6 2
86 1383446 84 6 9 6
87 1383446 84 2 1 8
88 1383446 84 3 4 5
89 1383446 84 10 1 16
90 1383446 84 4 4 5
91 1383446 84 3 3 8
92 1383446 84 7 4 5
93 1383446 84 6 4 5
94 1383446 84 10 0 7
95 1383446 84 6 0 15
96 1383446 84 6 2 308
97 1383446 84 10 3 8
98 1420847 89 7 4 298
99 1437423 91 7 2 550
100 1437423 91 6 2 2201
101 1447498 93 7 10 67
102 1460645 94 8 5 756
103 1460645 94 3 5 756
104 1465097 95 3 1 49
105 1468221 96 0 5 44
106 1490629 97 5 9 3687
107 1574144 99 9 5 5
108 1574144 99 7 0 1829
109 1574144 99 0 8 1
110 1574144 99 9 9 85
111 1717291 102 2 10 21
112 1717291 102 5 5 14
113 1717291 102 4 4 4
114 1717291 102 10 4 8
115 1717291 102 7 2 483
116 1717291 102 4 0 35
117 1717291 102 0 8 14609
118 1717291 102 3 7 1
119 1746038 105 1 5 326
120 1812440 108 8 3 27
121 1821179 110 3 2 330
122 1821179 110 3 6 59
123 1826490 112 3 1 5
124 1831486 115 3 6 95
125 1886347 118 10 5 16
126 1886347 118 5 7 55
127 1896788 123 6 3 7858
128 1896788 123 10 10 32
129 1904337 124 9 3 28
130 1904905 125 0 2 16
131 1946779 127 0 5 244
132 1951194 130 7 10 226
133 1970030 132 0 7 7571
134 1970039 133 5 1 154
135 2019987 136 1 4 6084
136 2019987 136 1 2 59
137 2019987 136 1 8 15
138 2135241 137 10 9 2136
139 2135241 137 2 2 63
140 2135241 137 1 10 222
141 2135241 137 7 9 2136
142 2135241 137 0 7 3
143 2135241 137 4 2 21
144 2170497 143 0 7 238
145 2201264 146 4 8 333
146 2209639 148 1 10 43
147 2226884 150 2 8 12718
148 2229277 151 3 9 3
149 2231654 152 4 1 1312
150 2358189 154 2 4 10
151 2358189 154 2 7 642
152 2358189 154 10 6 575
153 2358189 154 6 9 23
154 2505731 160 6 5 11
155 2505731 160 5 1 1
156 2505731 160 10 2 843
157 2505731 160 0 5 35
158 2505731 160 4 7 1
159 2510757 161 0 8 17
160 2555843 162 8 10 5
161 2555843 162 8 7 225
162 2555843 162 3 1 1445
163 2555843 162 7 7 675
164 2587564 168 7 2 30
165 2607661 170 3 8 83
166 2607661 170 3 6 163
167 2607661 170 3 9 3937
168 2619964 172 6 10 36
169 2644355 174 5 6 24
170 2644355 174 5 4 18
171 2644355 174 6 6 96
172 2693895 177 3 6 172
173 2693895 177 0 0 89
174 2693895 177 3 7 17
175 2702170 181 9 0 206
176 2718715 186 8 0 11839
177 2728460 187 9 1 15
178 2732299 189 1 7 16203
179 2743079 191 8 6 7153
180 2760775 192 3 9 1320
181 2768926 196 9 4 86
182 2874457 198 5 0 5
183 2874457 198 1 8 11
184 2874457 198 2 10 7
185 2874457 198 1 4 4
186 2874457 198 4 3 10
187 2874457 198 2 1 18
188 2874457 198 9 5 1
189 2874457 198 3 10 14
190 2874990 199 7 0 72
191 2886727 202 3 8 120
192 2917801 203 7 0 49
193 2917801 203 7 9 14
194 2917801 203 8 1 5
195 2919545 204 9 0 97
196 2945536 209 3 5 39
197 2976885 210 3 3 1
198 2976885 210 1 3 1
199 2982218 211 9 6 59
200 2982397 213 8 4 106
201 2984416 214 0 7 47
202 2986961 216 6 5 29
203 2997865 217 9 5 39
204 2997865 217 4 4 150
205 3009650 222 7 7 112
206 3020698 223 7 9 1
207 3085749 229 0 5 4
208 3085749 229 2 9 74
209 3085749 229 2 3 28
210 3085749 229 0 10 5
211 3085749 229 6 10 5
212 3085749 229 2 8 118
213 3148784 230 0 0 2
214 3148784 230 0 5 11
215 3148784 230 0 1 46
216 3148784 230 0 3 136
217 3148784 230 3 3 136
218 3148784 230 3 4 78
219 3158777 232 10 5 1
220 3158777 232 6 5 18
221 3270975 233 8 2 4
222 3270975 233 2 7 1
223 3270975 233 6 0 44
224 3270975 233 1 6 6
225 3270975 233 10 5 4
226 3270975 233 9 8 94
227 3270975 233 2 5 1
228 3270975 233 7 7 85
229 3270975 233 4 8 5
230 3325752 237 4 9 11
231 3328581 238 3 7 58456
232 3346470 239 7 1 18
233 3346470 239 10 1 9
234 3346470 239 0 1 9
235 3347301 240 1 6 190
236 3472220 241 4 8 1
237 3472220 241 3 9 1226
238 3472220 241 6 6 1
239 3472220 241 9 9 3679
240 3472220 241 9 10 1014
241 3472220 241 4 1 6
242 3491442 249 7 5 43
243 3497696 253 2 6 83
244 3502017 255 1 1 42
245 3567696 259 10 0 14
246 3567696 259 9 3 623
247 3567696 259 1 0 14
248 3567696 259 4 0 14
249 3706534 262 0 8 21
250 3706534 262 0 3 1
251 3706534 262 2 9 15
252 3706534 262 8 10 55
253 3706534 262 2 8 7
254 3706534 262 3 9 15
255 3706534 262 0 4 1
256 3706534 262 4 0 69
257 3706534 262 2 2 6
258 3723898 263 0 10 3048
259 3723898 263 6 10 1524
260 3726506 264 4 4 5132
261 3738326 268 5 0 210
262 3753810 269 4 1 4881
263 3768648 271 7 7 34
264 3777192 277 2 7 3263
265 3801232 282 8 9 41
266 3821089 285 4 5 15527
267 4040042 287 2 10 30
268 4040042 287 4 1 3
269 4040042 287 2 3 5
270 4040042 287 7 7 807
271 4040042 287 9 9 1
272 4040042 287 5 6 170
273 4040042 287 5 0 3
274 4040042 287 0 10 7
275 4040042 287 6 7 807
276 4040042 287 10 10 61
277 4040042 287 3 3 23
278 4040042 287 1 5 2
279 4040042 287 10 9 1
280 4040042 287 5 3 5
281 4121668 291 0 0 33
282 4121668 291 8 0 6
283 4121668 291 8 6 409
284 4121668 291 6 8 8
285 4121668 291 8 2 34357
286 4121668 291 4 8 8
287 4121668 291 2 7 111
288 4196492 292 6 9 1235
289 4196492 292 1 10 2
290 4196492 292 3 0 12
291 4196492 292 9 8 218
292 4208304 295 6 4 6
293 4214902 297 1 10 64
294 4248046 298 1 2 37
295 4248046 298 9 4 483
296 4248046 298 9 8 8519
297 4248046 298 9 6 844
298 4341344 303 4 7 3
299 4341344 303 9 0 1
300 4341344 303 1 2 1892
301 4341344 303 3 2 1892
302 4341344 303 4 8 324
303 4341344 303 4 0 158
304 4392854 304 2 6 577
305 4392854 304 3 2 24
306 4392854 304 2 2 74
307 4407567 307 0 4 476
308 4424747 308 6 6 76
309 4424747 308 6 5 6089
310 4424747 308 6 1 147
311 4424747 308 6 4 147
312 4447629 311 3 10 57
313 4447629 311 6 4 133
314 4454991 316 0 4 43
315 4570906 317 5 5 5789
316 4570906 317 7 0 4
317 4570906 317 10 8 83
318 4570906 317 1 9 27
319 4570906 317 8 8 83
320 4570906 317 9 10 55
321 4570906 317 0 5 1929
322 4570906 317 3 9 5
323 4570906 317 2 9 16
324 4570906 317 3 8 167
325 4570906 317 0 1 14
326 4570906 317 0 10 55
327 4580862 320 5 0 8093
328 4582772 322 7 5 121
329 4584991 323 5 9 187
330 4613225 324 6 5 7
331 4613225 324 2 5 510
332 4679276 328 0 8 44
333 4679276 328 9 5 4162
334 4679276 328 1 3 1
335 4714146 335 1 0 231
336 4730994 337 4 8 4762
337 4730994 337 4 10 50
338 4732052 338 7 5 18
339 4732052 338 1 5 37
340 4765647 339 3 2 288
341 4765647 339 0 5 190
342 4765647 339 8 3 215
343 4818186 340 9 1 3
344 4846334 346 3 5 489
345 4861588 350 8 6 14
346 4882234 353 0 7 193
347 4885711 355 6 6 29
348 4896915 358 1 4 2379
349 4897900 359 6 9 55
350 4934242 365 2 3 670
351 4934242 365 3 3 670
352 4975955 369 2 9 869
353 4975955 369 3 9 224
354 4975955 369 3 3 18
355 5026716 370 0 5 1
356 5040200 379 1 3 2
357 5077526 380 10 4 157
358 5077526 380 10 7 110
359 5101245 387 9 9 1
360 5101245 387 3 9 1
361 5101245 387 5 9 1
362 5136093 388 7 2 3
363 5136093 388 0 5 38
364 5258355 390 3 4 27
365 5258355 390 4 9 174
366 5258355 390 6 10 1
367 5301942 392 7 5 1283
368 5457596 395 5 7 3
369 5457596 395 1 7 41
370 5457596 395 4 0 881
371 5457596 395 2 5 1065
372 5457596 395 7 2 1
373 5457596 395 4 8 33
374 5457596 395 9 0 440
375 5457596 395 6 2 1
376 5485977 401 10 3 1192
377 5538336 402 9 0 2920
378 5538336 402 9 4 6
379 5548200 405 8 5 15
380 5580048 407 2 1 9
381 5685070 409 10 4 4
382 5685070 409 10 1 542
383 5685070 409 8 0 1056
384 5685070 409 8 8 26
385 5685070 409 8 3 1
386 5685070 409 10 9 30
387 5685070 409 2 7 2
388 5685070 409 5 2 7
389 5685070 409 10 3 1
390 5685070 409 5 9 15
391 5695308 411 9 4 206
392 5742175 413 2 10 7
393 5746641 415 6 1 12637
394 5754224 419 6 1 60
395 5764067 420 9 10 64
396 5788040 422 4 2 5692
397 5788040 422 0 7 62
398 5788696 423 3 1 4754
399 5810416 424 7 0 119
400 5997446 428 5 8 2
401 5997446 428 1 1 668
402 5997446 428 9 6 1
403 5997446 428 6 0 2
404 5997446 428 5 2 1
405 5997446 428 4 4 4
406 5997446 428 10 1 668
407 5997446 428 5 0 1
408 5997446 428 7 9 1
409 5997446 428 0 8 7
410 5997446 428 7 8 2
411 5997446 428 2 0 1
412 5997446 428 2 2 1
413 5997446 428 8 6 1
414 5997446 428 5 4 1
415 5997446 428 8 9 1
416 5997446 428 9 2 2
417 6102316 430 10 1 1051
418 6102316 430 5 8 4
419 6102316 430 9 3 8
420 6102316 430 4 1 7361
421 6102316 430 10 4 3
422 6102316 430 5 3 2
423 6102316 430 3 6 190
424 6102316 430 1 8 4
425 6102316 430 4 6 190
426 6102316 430 3 8 1
427 6102316 430 8 6 190
428 6107950 431 6 0 184
429 6128084 435 0 1 108
430 6128084 435 7 6 24
431 6141678 440 0 3 120
432 6141678 440 0 0 29
433 6152560 443 6 0 121
434 6152560 443 6 7 3945
435 6152560 443 6 2 42
436 6152560 443 6 6 1210
437 6152560 443 6 4 108
438 6152560 443 6 3 83
439 6159569 444 1 0 59
440 6165551 445 8 0 52
441 6174728 449 9 6 39058
442 6275163 457 0 1 1
443 6275163 457 5 4 1
444 6275163 457 2 10 5
445 6275163 457 5 9 13
446 6275163 457 10 0 8
447 6275163 457 8 6 12
448 6275163 457 7 3 1
449 6284014 458 3 6 11201
450 6284014 458 2 4 1978
451 6314860 460 1 7 335
452 6395957 461 9 2 5
453 6395957 461 6 9 85
454 6395957 461 4 9 7
455 6395957 461 10 4 5
456 6395957 461 9 5 1
457 6395957 461 3 4 10
458 6395957 461 10 10 1
459 6395957 461 4 6 122
460 6395957 461 8 5 283
461 6395957 461 1 7 1
462 6395957 461 2 9 3
463 6661224 466 8 5 1
464 6661224 466 4 1 2
465 6661224 466 6 7 1
466 6661224 466 3 10 2
467 6661224 466 6 3 1801
468 6661224 466 7 2 50
469 6661224 466 0 8 1
470 6661224 466 1 5 2
471 6661224 466 3 7 61
472 6661224 466 9 0 7
473 6724143 467 6 7 5
474 6724143 467 0 3 4
475 6748531 470 9 2 75
476 6759738 471 6 10 923
477 6777373 472 2 0 14
478 6777373 472 7 0 7
479 6777373 472 0 0 7
480 6848640 473 6 9 2
481 6848640 473 2 9 4
482 6848640 473 10 3 59
483 6848640 473 3 8 52
484 7069335 475 2 5 2
485 7069335 475 5 1 3
486 7069335 475 3 7 4
487 7069335 475 0 2 1
488 7069335 475 2 10 51
489 7069335 475 10 0 1
490 7069335 475 5 3 1
491 7069335 475 10 9 10
492 7093119 477 2 9 103
493 7109914 479 3 9 2
494 7117810 480 4 8 89
495 7120468 482 10 0 122
496 7125160 483 2 10 40
497 7139752 486 6 1 461
498 7152016 487 5 9 2682
499 7152016 487 5 5 33572
500 7152016 487 5 3 3411
501 7179879 489 3 0 785
502 7179879 489 8 8 98
503 7179879 489 2 10 7526
504 7179879 489 0 4 48
505 7182702 490 10 2 27
506 7196275 495 10 10 23
507 7403509 498 5 3 1
508 7403509 498 7 5 8250
509 7403509 498 8 6 1
510 7403509 498 10 5 175
511 7403509 498 7 3 9
512 7403509 498 8 8 514
513 7403509 498 9 6 1
514 7403509 498 5 5 702
515 7403509 498 10 0 21
516 7403509 498 3 9 1
517 7403509 498 4 0 10
518 7403509 498 1 0 10
519 7403509 498 8 1 17
520 7403509 498 4 1 17
521 7403509 498 5 10 13
522 7420667 499 7 8 324
523 7422749 501 4 8 5123
524 7428923 502 2 6 191
525 7556330 507 0 2 17
526 7556330 507 9 7 72
527 7556330 507 2 5 199
528 7556330 507 10 7 72
529 7556330 507 1 7 72
530 7556330 507 8 9 7
531 7556330 507 3 1 1
532 7556330 507 9 4 1429
533 7556330 507 9 3 14
534 7556330 507 1 6 3
535 7556330 507 7 9 43
536 7556330 507 6 10 89
537 7556330 507 0 9 7
538 7603120 510 7 9 1
539 7603120 510 6 0 189
540 7727771 513 6 6 80
541 7727771 513 1 1 5
542 7727771 513 7 0 1
543 7727771 513 9 7 5
544 7727771 513 2 9 20
545 7727771 513 2 5 862
546 7727771 513 2 4 200
547 7727771 513 2 2 30
548 7727771 513 4 7 11
549 7727771 513 8 5 172
550 7727771 513 6 1 5
551 7727771 513 3 6 80
552 7757531 519 10 10 44
553 7764279 523 8 2 3
554 7767269 525 2 7 173
555 7779900 527 5 0 238
556 7781012 528 3 7 128
557 7782257 529 2 9 374
558 7809615 535 10 7 6
559 7809615 535 3 7 31
560 7848126 542 1 2 138
561 7848126 542 1 0 34
562 7848126 542 1 3 210
563 7868040 547 4 5 7822
564 7868855 548 5 7 298
565 7888438 550 4 6 31
566 7917009 551 7 9 4879
567 7934022 554 10 7 2037
568 8143096 555 1 0 1
569 8143096 555 0 0 1
570 8143096 555 7 4 829
571 8143096 555 8 7 7
572 8143096 555 2 5 1
573 8143096 555 9 3 202
574 8143096 555 2 9 2
575 8143096 555 8 0 4
576 8143096 555 4 2 4380
577 8143096 555 10 8 7
578 8143096 555 6 5 1
579 8143096 555 9 4 829
580 8143096 555 1 1 95
581 8143096 555 1 5 1
582 8221801 556 8 10 335
583 8221801 556 3 1 1
584 8221801 556 10 0 11
585 8221801 556 9 10 335
586 8239850 557 3 4 51
587 8239850 557 3 8 1648
588 8262241 558 1 8 329
589 8262241 558 1 7 123
590 8297998 562 10 6 12990
591 8297998 562 10 10 8302
592 8297998 562 10 0 17
593 8297998 562 10 8 7631
594 8318854 563 10 4 100
595 8336135 567 1 5 9237
596 8421380 569 1 6 1
597 8421380 569 8 7 1
598 8421380 569 0 6 5
599 8421380 569 7 7 1
600 8421380 569 8 6 1
601 8421380 569 3 1 1
602 8423441 571 1 7 32
603 8423441 571 7 7 16
604 8507001 576 6 3 30
605 8518410 578 6 0 132
606 8557531 582 4 2 114
607 8557531 582 4 6 282
608 8557531 582 4 0 2716
609 8576866 583 6 8 46
610 8602879 590 3 9 2305
611 8612080 592 10 1 40
612 8626424 597 0 4 14
613 8698491 602 8 5 30
614 8698491 602 8 4 906
615 8700038 603 2 10 133
616 8726957 606 10 3 161
617 8726957 606 10 4 1308
618 8731937 609 9 8 117
619 8753598 611 8 8 990
620 8753598 611 5 8 990
621 8753598 611 7 6 205
622 8942788 612 2 8 8
623 8942788 612 10 4 133
624 8942788 612 9 6 3
625 8942788 612 2 1 16
626 8942788 612 4 0 71
627 8942788 612 9 2 1346
628 8942788 612 5 7 2539
629 8942788 612 3 2 448
630 8942788 612 4 7 2539
631 8942788 612 2 4 80
632 8942788 612 8 8 8
633 8942788 612 1 4 26
634 8942788 612 5 0 214
635 8942788 612 8 2 897
636 8942788 612 0 9 1
637 8942788 612 3 8 8
638 8942788 612 5 6 1
639 8942788 612 3 6 6
640 8942788 612 10 7 2539
641 8958693 613 3 6 58
642 8958693 613 3 4 36562
643 9137408 616 8 4 1
644 9137408 616 7 7 200
645 9137408 616 4 10 6839
646 9137408 616 1 5 1227
647 9137408 616 7 8 3
648 9137408 616 8 2 1
649 9137408 616 5 10 854
650 9137408 616 4 8 1
651 9137408 616 10 8 6
652 9137408 616 10 3 20
653 9137408 616 9 6 36
654 9137408 616 3 1 1
655 9137408 616 0 5 1227
656 9168237 621 10 8 18
657 9168427 622 7 6 13081
658 9173319 624 9 5 2839
659 9198430 626 2 10 96
660 9198430 626 2 3 6058
661 9198430 626 2 2 106
662 9203379 627 1 7 2270
663 9223757 628 1 5 389
664 9223757 628 1 3 228
665 9242931 631 7 5 232
666 9242931 631 2 6 351
667 9287615 633 5 5 19724
668 9296127 634 7 0 1249
669 9318565 637 0 10 8
670 9331562 640 1 0 113
671 9443374 644 8 7 92
672 9443374 644 9 10 2
673 9443374 644 10 3 10
674 9443374 644 3 1 748
675 9443374 644 10 6 1
676 9443374 644 6 6 1
677 9452112 649 4 1 3092
678 9479751 662 4 4 2
679 9497003 668 5 1 200
680 9647553 671 1 5 30
681 9647553 671 3 9 8
682 9647553 671 10 1 238
683 9647553 671 5 5 30
684 9647553 671 7 7 1
685 9647553 671 9 8 34
686 9647553 671 7 6 8
687 9647553 671 10 8 5
688 9647553 671 0 7 1
689 9647553 671 1 7 1
690 9647553 671 2 7 1
691 9647553 671 8 9 8
692 9647553 671 8 7 1
693 9655347 674 4 2 83
694 9677604 675 2 4 30
695 9693142 678 6 4 18
696 9710606 681 7 5 12
697 9830207 683 4 0 4
698 9830207 683 1 10 32
699 9830207 683 5 5 82
700 9830207 683 5 9 15
701 9830207 683 7 8 11
702 9833457 686 7 1 88
703 9926866 690 8 7 6335
704 9926866 690 8 3 45
705 9926866 690 8 9 17
706 9926866 690 4 3 45
707 9929479 691 2 2 49
708 9979325 692 10 4 19
709 9979325 692 10 0 2
710 9996274 693 8 1 66
711 9996274 693 8 10 1001
712 10232685 695 7 5 28
713 10232685 695 3 2 793
714 10232685 695 1 5 7
715 10232685 695 8 10 1
716 10232685 695 10 6 2
717 10232685 695 5 9 214
718 10232685 695 2 5 7
719 10232685 695 3 7 5
720 10232685 695 1 10 1
721 10232685 695 3 10 1
722 10232685 695 7 4 1
723 10232685 695 4 7 1
724 10232685 695 6 10 1
725 10232685 695 1 1 3
726 10296256 698 2 8 8
727 10296256 698 10 7 2
728 10296256 698 2 10 32
729 10371151 702 3 6 22
730 10371151 702 4 4 649
731 10417913 703 2 2 4702
732 10457348 710 3 10 1
733 10484737 714 2 8 105
734 10493459 717 9 7 35
735 10580282 718 6 1 6
736 10580282 718 0 7 5
737 10580282 718 8 1 39
738 10580282 718 0 5 87
739 10580282 718 0 9 31
740 10580282 718 8 7 5
741 10580282 718 1 3 15
742 10580282 718 5 7 5
743 10583866 721 4 10 231
744 10588221 722 5 1 2439
745 10588221 722 10 1 2439
746 10622010 723 6 8 7
747 10622010 723 6 9 23
748 10622010 723 6 2 3584
749 10622010 723 3 5 29
750 10622010 723 3 0 39
751 10637956 724 6 3 4789
752 10637956 724 6 1 111
753 10658761 727 10 0 769
754 10658761 727 8 7 2
755 10722463 732 6 3 7
756 10722463 732 4 9 138
757 10722463 732 9 6 4
758 10723520 733 10 8 12
759 10776981 735 6 3 8
760 10776981 735 6 9 10
761 10776981 735 9 1 6
762 10776981 735 9 4 153
763 10776981 735 9 6 47
764 10794314 737 0 0 44
765 10794314 737 9 0 44
766 10815278 739 10 4 84
767 10940420 741 10 9 44
768 10940420 741 0 10 110
769 10940420 741 8 5 28
770 10940420 741 6 8 1
771 10940420 741 0 5 147
772 10969327 748 7 8 28
773 10991518 750 0 3 82
774 11100083 751 2 2 119
775 11100083 751 3 1 15
776 11100083 751 8 4 13
777 11100083 751 10 2 15409
778 11100083 751 10 10 17
779 11100083 751 6 1 15
780 11100083 751 7 1 30
781 11120057 752 7 9 1
782 11120057 752 0 0 717
783 11120057 752 1 9 1
784 11120057 752 8 8 21
785 11148312 755 9 6 4
786 11267457 766 7 5 41
787 11267457 766 2 6 14
788 11315916 768 8 3 102
789 11315916 768 8 9 704
790 11315916 768 8 5 373
791 11360220 778 10 1 279
792 11360220 778 2 9 7
793 11374543 780 9 8 6604
794 11407269 791 8 1 1
795 11431391 798 4 1 2953
796 11439095 802 5 0 43
797 11456436 804 4 10 98
798 11476663 814 1 3 170
799 11504547 817 8 3 1577
800 11509295 819 4 3 21
801 11726435 822 5 10 27
802 11726435 822 0 6 4
803 11726435 822 0 7 414
804 11726435 822 6 4 1
805 11726435 822 9 2 3
806 11726435 822 6 9 5
807 11726435 822 4 7 138
808 11726435 822 8 8 239
809 11726435 822 1 3 3
810 11726435 822 9 5 26
811 11726435 822 7 7 691
812 11726435 822 2 5 26
813 11726435 822 9 1 1
814 11726435 822 7 6 13
815 11726435 822 7 5 52
816 11726435 822 10 0 1
817 11726435 822 7 4 1
818 11726435 822 2 6 8
819 11726435 822 2 8 3838
820 11726435 822 4 6 8
821 11726435 822 7 0 1
822 11898401 823 5 2 6
823 11898401 823 1 8 1
824 11898401 823 3 8 10
825 11898401 823 1 9 1
826 11898401 823 3 5 599
827 11898401 823 8 8 2
828 11898401 823 3 1 969
829 11898401 823 3 7 3756
830 11898401 823 5 5 2996
831 11898401 823 9 6 1414
832 11898401 823 8 2 6
833 11952903 825 10 4 62
834 11952903 825 5 2 27
835 11952903 825 1 9 18
836 11983810 830 2 2 63
837 11983810 830 3 5 172
838 12023349 833 7 0 119
839 12023349 833 7 9 12629
840 12023349 833 7 6 12731
841 12048621 834 2 0 15
842 12048621 834 7 0 177
843 12122151 846 5 6 89
844 12137173 854 3 10 1
845 12162483 857 9 1 1575
846 12162483 857 9 10 21849
847 12181263 859 6 1 2
848 12181263 859 6 3 63
849 12199754 861 3 10 7689
850 12216921 863 6 9 792
851 12216921 863 6 7 8
852 12216921 863 2 4 116
853 12216921 863 6 10 99
854 12333499 864 10 8 113
855 12333499 864 7 4 17
856 12333499 864 5 7 1
857 12333499 864 1 8 226
858 12333499 864 9 4 5
859 12333499 864 0 5 30
860 12333499 864 0 0 7236
861 12333822 865 4 2 165
862 12342879 868 10 6 201
863 12344269 869 6 9 164
864 12348851 870 7 3 46
865 12348851 870 8 10 22
866 12364682 871 5 9 3
867 12394659 874 2 8 183
868 12394659 874 2 6 213
869 12394659 874 2 1 40
870 12426203 881 5 2 2247
871 12426203 881 6 2 1685
872 12426848 882 9 2 223
873 12521786 886 3 0 14
874 12521786 886 3 4 1
875 12521786 886 0 4 1
876 12521786 886 6 6 555
877 12521786 886 4 5 25
878 12521786 886 6 2 82
879 12521786 886 9 9 1503
880 12521786 886 7 2 41
881 12521786 886 4 6 555
882 12633297 894 3 9 35
883 12633297 894 9 8 1
884 12633297 894 7 8 1
885 12633297 894 3 3 6
886 12639648 895 5 9 36
887 12639648 895 7 9 9
888 12687981 896 2 3 4760
889 12687981 896 4 2 38
890 12687981 896 3 2 38
891 12687981 896 10 10 16
892 12728827 901 2 3 1484
893 12729050 902 5 10 39173
894 12756980 903 1 5 36
895 12770836 905 7 8 95
896 12770836 905 10 8 95
897 12813735 907 2 0 36
898 12814826 908 1 0 165
899 12832259 909 9 5 138
900 12850923 911 3 0 682
901 12850923 911 9 0 682
902 12871683 913 4 2 19
903 12893983 917 9 9 199
904 12895052 918 0 1 124
905 12912393 919 4 1 1
906 12942861 924 0 6 1
907 12969602 926 7 6 104
908 12973587 928 0 10 51
909 13187300 929 2 8 4
910 13187300 929 10 2 4
911 13187300 929 9 4 878
912 13187300 929 8 8 9
913 13187300 929 5 3 3
914 13187300 929 10 10 1
915 13187300 929 7 3 3
916 13187300 929 5 6 54
917 13187300 929 2 10 30
918 13187300 929 5 8 4
919 13187300 929 8 4 1756
920 13187300 929 9 1 2
921 13187300 929 7 6 54
922 13187300 929 1 1 3
923 13187300 929 2 0 2
924 13187300 929 6 5 227
925 13187300 929 8 3 169
926 13313947 930 10 2 14
927 13313947 930 9 2 7
928 13313947 930 8 2 7
929 13313947 930 3 3 15
930 13313947 930 8 3 15
931 13313947 930 7 3 15
932 13313947 930 1 9 71
933 13313947 930 8 6 13
934 13313947 930 3 4 7804
935 13313947 930 0 6 26
936 13428321 931 1 5 349
937 13428321 931 6 10 225
938 13428321 931 0 0 1056
939 13428321 931 10 9 2119
940 13428321 931 1 1 10
941 13428321 931 4 1 10
942 13428321 931 0 2 6431
943 13428321 931 8 7 45
944 13504003 932 1 1 779
945 13504003 932 7 10 23
946 13504003 932 3 3 3
947 13504003 932 6 7 3
948 13504003 932 6 0 2
949 13504003 932 2 8 6
950 13504003 932 7 9 9
951 13504003 932 10 7 10
952 13538193 939 9 9 59
953 13753213 941 9 7 1
954 13753213 941 0 10 18
955 13753213 941 2 4 1
956 13753213 941 4 8 1
957 13753213 941 8 4 11
958 13753213 941 1 10 36
959 13753213 941 4 2 10
960 13753213 941 5 3 8
961 13753213 941 1 1 1248
962 13753213 941 2 2 5
963 13753213 941 3 9 1305
964 13753213 941 10 6 10
965 13753213 941 7 10 36
966 13753213 941 5 7 1
967 13756221 943 4 0 2
968 13756221 943 2 8 4884
969 13761614 946 8 9 37
970 13761614 946 7 9 37
971 13781171 948 1 6 11083
972 13781171 948 5 7 73
973 13786493 949 10 4 3132
974 13805431 950 9 8 7
975 13823212 957 1 9 17
976 13823212 957 4 9 17
977 13876852 963 0 8 229
978 14023011 967 4 1 369
979 14023011 967 4 7 243
980 14023011 967 4 9 9
981 14023011 967 7 5 7
982 14023011 967 1 2 15
983 14023011 967 6 1 369
984 14041916 970 8 4 16
985 14068013 972 10 1 225
986 14068013 972 10 3 94
987 14106529 973 0 1 24
988 14112448 975 10 8 1
989 14115083 976 3 10 11971
990 14131248 979 0 1 41
991 14131248 979 4 8 1268
992 14131248 979 6 8 3805
993 14138628 980 1 10 102
994 14138628 980 7 10 306
995 14141137 982 3 10 41
996 14142512 984 10 4 10212
997 14212729 994 6 1 1
998 14212729 994 4 4 38
999 14238254 998 5 3 1030
