11 357 1000
0 15064 0 1 4 103
1 15064 0 1 6 24
2 15064 0 9 3 1560
3 57496 3 10 6 2558
4 57496 3 9 8 18952
5 57496 3 5 3 126
6 57496 3 10 3 252
7 57496 3 9 9 20
8 57496 3 9 1 84
9 57496 3 5 6 284
10 57496 3 9 4 3213
11 67579 5 9 8 2075
12 76089 8 10 0 624
13 105098 9 7 7 39
14 105098 9 1 3 74
15 114093 12 3 2 8
16 147540 13 10 1 1591
17 147540 13 5 1 530
18 147540 13 1 4 340
19 147540 13 6 10 99
20 193021 17 6 1 88
21 193021 17 1 10 1
22 193021 17 6 8 1
23 193021 17 9 7 5
24 193021 17 5 10 1
25 193021 17 2 4 12
26 201393 18 1 8 1476
27 226569 21 4 8 86
28 226569 21 3 4 45
29 228043 22 6 5 14781
30 231309 24 7 4 6073
31 245103 28 0 8 53
32 268729 30 6 6 11
33 273916 31 4 6 1
34 276891 32 0 4 14
35 276891 32 6 4 72
36 277623 34 3 5 1261
37 278471 35 7 5 100
38 305883 39 4 5 6
39 318249 41 10 3 35
40 318249 41 10 5 3030
41 318249 41 10 6 244
42 325607 44 1 6 217
43 325607 44 1 9 19650
44 325607 44 1 4 29
45 327027 45 0 6 3190
46 327465 46 5 10 186
47 327875 47 8 1 42
48 329401 49 5 3 10203
49 339927 50 7 0 44
50 339927 50 1 4 745
51 339927 50 2 0 44
52 339927 50 9 10 5268
53 339927 50 2 3 14
54 430095 51 5 5 8
55 430095 51 0 4 15
56 430095 51 2 4 15
57 430095 51 8 6 51
58 430095 51 10 9 1
59 430095 51 8 4 15
60 430095 51 7 10 1
61 430095 51 0 1 15
62 430095 51 3 7 11
63 430776 52 9 4 249
64 432608 54 0 10 4501
65 440488 58 1 2 7830
66 485307 59 8 10 27
67 485307 59 2 6 19
68 485307 59 5 2 102
69 494306 61 2 1 230
70 494718 62 8 5 5726
71 531169 70 8 7 1
72 531169 70 4 7 3
73 531169 70 3 10 99
74 544691 72 6 7 60
75 544691 72 6 8 12198
76 544973 73 6 6 58
77 601635 75 10 4 3
78 601635 75 0 9 1
79 601635 75 4 4 7
80 601635 75 3 8 1
81 601635 75 8 9 1
82 601635 75 6 0 11
83 601635 75 5 6 14
84 613730 79 10 3 38
85 618340 82 1 8 76
86 691723 84 2 7 21
87 691723 84 2 2 231
88 691723 84 6 1 8
89 691723 84 3 7 21
90 691723 84 10 3 8
91 691723 84 2 1 8
92 691723 84 4 3 4
93 691723 84 6 4 5
94 691723 84 7 0 7
95 691723 84 3 1 24
96 691723 84 4 9 6
97 691723 84 7 9 1
98 691723 84 7 5 716
99 697089 88 1 6 30
100 710423 89 7 7 1448
101 718711 91 8 2 550
102 718711 91 6 2 2201
103 718711 91 3 2 550
104 718711 91 1 2 10456
105 718711 91 0 2 550
106 730322 94 8 5 756
107 745443 98 10 1 117
108 787072 99 0 8 1
109 787072 99 0 9 42
110 787072 99 9 9 85
111 858645 102 5 1 3
112 858645 102 7 2 483
113 858645 102 8 6 31
114 858645 102 10 5 57
115 858645 102 6 0 35
116 858645 102 1 3 5
117 858645 102 4 10 21
118 865483 103 0 5 6
119 871143 104 4 3 2306
120 906220 108 7 0 3619
121 906220 108 5 10 3
122 906220 108 2 5 16
123 906220 108 4 6 7
124 906220 108 7 7 76
125 906750 109 6 0 101
126 910589 110 3 2 330
127 910782 111 4 0 2184
128 923774 116 2 9 68
129 923774 116 2 8 217
130 932674 117 0 5 160
131 943173 118 0 2 55
132 943173 118 4 2 2
133 943173 118 8 5 16
134 945562 121 4 1 48
135 952452 125 0 2 16
136 955269 126 3 0 39
137 973389 127 0 8 19017
138 973389 127 0 4 115
139 973389 127 0 9 22699
140 1009993 136 1 5 496
141 1067620 137 1 9 2136
142 1067620 137 9 7 3
143 1067620 137 1 7 3
144 1067620 137 8 6 2
145 1067620 137 1 0 4
146 1074072 141 5 8 67
147 1085248 143 0 0 349
148 1085248 143 0 8 4
149 1085248 143 0 3 45
150 1085248 143 0 9 7
151 1100632 146 4 8 333
152 1113442 150 2 9 28
153 1113442 150 2 6 229
154 1113442 150 2 10 10
155 1113442 150 2 8 12718
156 1113442 150 2 5 126
157 1114638 151 5 9 3
158 1179094 154 10 10 1
159 1179094 154 1 10 17
160 1179094 154 2 1 33
161 1179094 154 7 6 115
162 1179094 154 5 8 21
163 1179094 154 2 2 249
164 1179094 154 9 2 6235
165 1179094 154 1 0 2
166 1179094 154 2 4 10
167 1179094 154 6 4 10
168 1252865 160 2 4 4
169 1252865 160 10 1 1
170 1252865 160 4 0 11
171 1252865 160 1 2 210
172 1252865 160 4 8 306
173 1252865 160 1 3 2
174 1252865 160 7 0 11
175 1252865 160 9 3 10
176 1252865 160 3 2 843
177 1252865 160 9 2 210
178 1252865 160 2 5 5
179 1252865 160 9 0 11
180 1252865 160 1 7 1
181 1252865 160 7 3 137
182 1252865 160 3 9 4
183 1255378 161 0 8 17
184 1277921 162 7 6 44
185 1277921 162 5 7 225
186 1277921 162 3 4 15
187 1277921 162 2 1 2890
188 1277921 162 7 3 382
189 1277921 162 0 7 1351
190 1277921 162 3 1 1445
191 1290401 166 7 4 13
192 1293782 168 7 2 30
193 1303830 170 3 0 97
194 1309982 172 7 2 54
195 1309982 172 7 8 29
196 1309982 172 6 8 29
197 1322177 174 1 7 14
198 1346947 177 0 4 47
199 1346947 177 0 5 42
200 1346947 177 3 2 1
201 1358180 185 10 10 36
202 1359357 186 8 0 11839
203 1364230 187 9 9 71
204 1364230 187 9 1 15
205 1437228 198 2 10 7
206 1437228 198 4 9 7
207 1437228 198 0 6 222
208 1437495 199 7 0 72
209 1443363 202 3 9 290
210 1443363 202 3 2 18
211 1466946 207 7 0 68
212 1472768 209 1 5 39
213 1488442 210 8 3 299
214 1488442 210 3 3 1
215 1511186 224 3 4 238
216 1515886 226 3 9 222
217 1516788 228 9 2 15
218 1542874 229 0 3 28
219 1542874 229 2 2 616
220 1574392 230 3 5 3
221 1574392 230 3 10 5
222 1574392 230 3 0 48
223 1574392 230 0 0 2
224 1635487 233 5 0 7
225 1635487 233 2 7 1
226 1635487 233 10 7 1
227 1635487 233 7 10 160
228 1635487 233 7 2 17
229 1635487 233 10 3 12
230 1662876 237 4 4 4
231 1662876 237 4 0 72
232 1673235 239 0 1 9
233 1673235 239 2 1 9
234 1673235 239 5 1 9
235 1736110 241 4 7 12
236 1736110 241 4 3 1
237 1736110 241 6 5 1682
238 1736110 241 4 1 6
239 1736110 241 4 0 9
240 1736110 241 1 8 1
241 1736110 241 6 3 1
242 1736110 241 1 0 9
243 1736110 241 7 10 1014
244 1736110 241 3 6 1
245 1742472 245 0 8 20
246 1742472 245 10 8 40
247 1744554 248 1 4 194
248 1783848 259 10 7 25
249 1783848 259 6 0 14
250 1783848 259 0 7 51
251 1853267 262 4 3 3
252 1853267 262 3 3 1
253 1853267 262 4 6 17
254 1853267 262 2 0 9
255 1853267 262 4 8 7
256 1853267 262 4 1 30
257 1853267 262 8 8 7
258 1853267 262 2 7 5
259 1853267 262 3 9 15
260 1853267 262 8 7 1
261 1866990 266 3 10 42
262 1884324 271 2 7 8
263 1886740 274 8 9 85
264 1888143 276 8 5 169
265 1900616 282 8 5 23
266 1900616 282 8 9 41
267 1900803 284 7 1 30
268 1910544 285 4 2 275
269 1911414 286 10 1 210
270 2020021 287 7 5 2
271 2020021 287 6 5 4
272 2020021 287 3 1 3
273 2020021 287 6 0 1
274 2020021 287 5 0 3
275 2020021 287 3 10 15
276 2020021 287 0 4 1
277 2020021 287 1 6 48
278 2020021 287 8 4 1
279 2020021 287 4 3 11
280 2020021 287 0 10 7
281 2020021 287 3 4 1
282 2020021 287 2 9 1
283 2020021 287 5 1 6
284 2020021 287 0 2 6
285 2020021 287 4 6 24
286 2020021 287 10 1 3
287 2020021 287 7 10 15
288 2020021 287 10 2 3
289 2020021 287 5 8 5
290 2020021 287 4 0 1
291 2020021 287 3 3 23
292 2060834 291 6 7 333
293 2060834 291 9 4 89
294 2060834 291 4 5 25
295 2060834 291 10 3 211
296 2060834 291 7 3 211
297 2060834 291 9 5 25
298 2060834 291 1 2 3435
299 2098246 292 1 8 1090
300 2098246 292 3 0 12
301 2098246 292 2 6 13
302 2098246 292 6 10 1
303 2098246 292 5 6 13
304 2101260 294 0 5 99583
305 2106195 296 4 7 61
306 2124023 298 9 4 483
307 2124023 298 9 3 134
308 2170672 303 4 8 324
309 2170672 303 3 7 1
310 2170672 303 10 6 397
311 2196427 304 3 0 17
312 2201397 305 6 7 116
313 2212373 308 6 8 78
314 2212373 308 6 4 147
315 2212725 309 3 0 37
316 2225075 313 3 2 18
317 2225148 314 9 1 54
318 2227495 316 0 4 43
319 2285453 317 1 2 3961
320 2285453 317 5 3 54
321 2285453 317 6 2 565
322 2285453 317 2 5 964
323 2285453 317 8 7 2009
324 2285453 317 7 1 42
325 2285453 317 4 7 3013
326 2285453 317 1 4 32
327 2289552 319 6 10 78
328 2289552 319 7 10 78
329 2290867 321 1 5 3080
330 2306612 324 10 5 7
331 2308737 326 7 7 118
332 2339638 328 5 8 267
333 2339638 328 3 9 2
334 2349218 330 0 6 47
335 2349218 330 0 7 67
336 2365497 337 4 5 11902
337 2382823 339 0 3 215
338 2382823 339 0 5 190
339 2382823 339 10 7 31
340 2382823 339 2 3 645
341 2409093 340 3 1 3
342 2409093 340 6 2 7
343 2409093 340 5 2 3
344 2409093 340 5 3 126
345 2420658 345 7 3 13
346 2427800 349 8 6 1136
347 2430794 350 8 6 14
348 2441117 353 0 5 7115
349 2441117 353 0 9 9
350 2448950 359 6 9 55
351 2487977 369 9 7 1
352 2487977 369 1 9 476
353 2487977 369 6 5 186
354 2513358 370 9 5 1
355 2513358 370 3 8 3
356 2513358 370 9 2 1
357 2513358 370 4 9 46
358 2513358 370 7 2 9
359 2513358 370 5 9 23
360 2513358 370 0 10 11
361 2513358 370 5 5 5
362 2513358 370 1 3 30
363 2513358 370 0 5 1
364 2538763 380 10 10 14
365 2542163 384 6 2 220
366 2547048 386 0 3 488
367 2550622 387 3 9 1
368 2568046 388 0 9 4765
369 2568046 388 7 2 3
370 2568046 388 0 3 9366
371 2568046 388 0 1 16
372 2629177 390 8 10 1
373 2629177 390 5 3 2686
374 2629177 390 10 8 767
375 2650971 392 2 2 58
376 2650971 392 4 4 427
377 2728798 395 0 5 177
378 2728798 395 9 1 1
379 2728798 395 4 7 1
380 2728798 395 9 10 10
381 2728798 395 10 6 13
382 2728798 395 3 7 1
383 2769168 402 9 3 65
384 2769168 402 2 8 69
385 2790024 407 2 5 310
386 2790024 407 2 4 49
387 2842535 409 1 1 1084
388 2842535 409 8 5 797
389 2842535 409 10 7 1
390 2842535 409 8 8 26
391 2842535 409 1 3 7
392 2842535 409 6 0 528
393 2842535 409 5 4 2
394 2842535 409 1 0 528
395 2842535 409 2 5 3188
396 2842535 409 10 1 542
397 2871087 413 2 8 5274
398 2871087 413 9 4 9414
399 2871087 413 9 5 300
400 2876272 417 6 2 58
401 2876413 418 6 5 259
402 2877112 419 10 1 7
403 2882033 420 6 10 64
404 2882033 420 5 1 59
405 2882033 420 6 1 29
406 2882033 420 9 1 29
407 2894020 422 10 3 54
408 2894020 422 1 7 4
409 2905208 424 7 3 5146
410 2905208 424 7 9 6021
411 2909389 427 10 2 48
412 2998723 428 5 6 1
413 2998723 428 3 0 1
414 2998723 428 9 3 3
415 2998723 428 1 8 2
416 2998723 428 4 9 3
417 2998723 428 5 1 6684
418 2998723 428 1 3 136
419 2998723 428 10 2 1
420 2998723 428 10 7 1
421 2998723 428 10 10 4
422 2998723 428 8 9 1
423 2998723 428 0 5 822
424 2998723 428 5 9 3
425 2998723 428 7 2 2
426 2998723 428 7 9 1
427 2998723 428 9 4 1
428 3051158 430 4 4 3
429 3051158 430 3 2 18
430 3051158 430 0 10 2
431 3051158 430 5 6 190
432 3051158 430 1 3 4
433 3051158 430 9 6 190
434 3051158 430 10 5 33
435 3051158 430 3 6 190
436 3051158 430 10 4 3
437 3053975 431 6 0 184
438 3070839 440 4 2 100
439 3076280 443 6 6 1210
440 3083268 446 8 4 28
441 3137581 457 10 10 5
442 3137581 457 2 1 1
443 3157430 460 1 5 102
444 3157430 460 1 1 356
445 3157430 460 1 4 4695
446 3197978 461 0 8 9
447 3197978 461 3 0 16
448 3197978 461 6 9 85
449 3197978 461 5 7 1
450 3197978 461 3 4 10
451 3197978 461 4 6 122
452 3197978 461 3 6 614
453 3203543 465 0 0 7
454 3330612 466 4 6 4
455 3330612 466 1 2 804
456 3330612 466 4 0 15
457 3330612 466 1 7 1
458 3330612 466 6 0 7
459 3330612 466 4 7 1
460 3330612 466 3 0 7
461 3330612 466 1 1 2
462 3330612 466 7 9 12
463 3330612 466 2 0 7
464 3362071 467 9 5 5
465 3362071 467 2 5 86
466 3362071 467 4 0 1291
467 3362071 467 1 1 2
468 3362071 467 6 8 7
469 3362071 467 2 1 1
470 3362071 467 5 0 430
471 3370707 468 7 7 38
472 3424320 473 8 6 5
473 3424320 473 7 9 2
474 3424320 473 8 5 68
475 3424320 473 6 8 52
476 3424320 473 4 7 3
477 3424320 473 7 5 68
478 3424320 473 4 9 2
479 3424320 473 4 8 52
480 3424320 473 10 8 52
481 3534667 475 7 4 1
482 3534667 475 6 3 1
483 3534667 475 1 0 6
484 3534667 475 3 7 4
485 3534667 475 9 10 15
486 3534667 475 2 4 8
487 3534667 475 6 1 13
488 3534667 475 7 0 1
489 3534667 475 9 2 6
490 3534667 475 4 9 5
491 3534667 475 6 10 10
492 3534667 475 5 6 1
493 3534667 475 4 8 2
494 3534667 475 8 5 2
495 3534667 475 3 9 5
496 3534667 475 2 10 51
497 3534667 475 3 4 1
498 3535799 476 8 10 15
499 3546559 477 2 9 103
500 3546559 477 2 7 60
501 3546559 477 2 2 17757
502 3554957 479 8 9 1
503 3554957 479 9 9 1
504 3563021 484 3 10 209
505 3576008 487 5 4 344
506 3576008 487 5 5 33572
507 3576008 487 5 0 66373
508 3576462 488 10 4 7643
509 3589939 489 8 8 98
510 3589939 489 3 7 5
511 3595868 492 8 7 3095
512 3597940 494 7 2 10
513 3701754 498 10 4 50
514 3701754 498 6 5 175
515 3701754 498 2 1 17
516 3701754 498 7 4 50
517 3701754 498 2 8 514
518 3701754 498 7 10 39
519 3701754 498 8 10 26
520 3701754 498 0 9 1
521 3701754 498 9 0 64
522 3701754 498 3 2 28
523 3701754 498 3 9 1
524 3701754 498 9 8 514
525 3701754 498 8 3 1
526 3701754 498 1 0 10
527 3701754 498 4 9 1
528 3701754 498 10 2 4
529 3710333 499 7 2 121
530 3718602 504 3 9 1629
531 3778165 507 1 8 52
532 3778165 507 8 9 7
533 3778165 507 3 7 72
534 3778165 507 6 10 89
535 3778165 507 8 7 145
536 3778165 507 10 0 3
537 3781067 509 2 1 115
538 3801560 510 7 3 4
539 3801560 510 6 8 7
540 3863885 513 1 4 300
541 3863885 513 3 7 5
542 3863885 513 7 0 1
543 3863885 513 2 9 20
544 3863885 513 4 4 200
545 3863885 513 8 1 5
546 3863885 513 1 1 5
547 3863885 513 5 10 18
548 3866040 515 10 1 15
549 3876699 516 0 3 1
550 3883634 525 2 7 173
551 3904807 535 9 1 238
552 3924063 542 1 2 138
553 3924063 542 1 5 33196
554 3924474 544 7 5 54
555 3934020 547 4 6 189
556 3958504 551 0 1 26
557 3958504 551 8 1 3
558 3962240 552 5 0 76
559 3962240 552 10 0 76
560 4071548 555 7 1 95
561 4071548 555 2 10 32
562 4071548 555 7 9 2
563 4071548 555 8 3 1620
564 4071548 555 2 5 1
565 4071548 555 5 3 202
566 4071548 555 5 6 23
567 4071548 555 2 9 2
568 4071548 555 8 8 7
569 4071548 555 9 1 95
570 4110900 556 3 3 23
571 4110900 556 8 8 765
572 4110900 556 9 1 1
573 4119925 557 3 7 70
574 4131120 558 1 0 204
575 4131120 558 1 6 81
576 4135256 560 10 2 45
577 4140140 561 8 10 28
578 4148999 562 10 2 37
579 4159427 563 10 3 653
580 4159427 563 10 5 318
581 4210690 569 2 7 8
582 4210690 569 0 7 1
583 4210690 569 1 2 13
584 4210690 569 5 10 6
585 4210690 569 3 7 8
586 4210690 569 5 5 1
587 4210690 569 7 2 26
588 4210690 569 4 10 73
589 4215699 573 1 5 19
590 4253500 576 1 2 102
591 4253500 576 0 2 51
592 4253500 576 10 1 1
593 4253500 576 0 1 1
594 4254609 577 8 0 1169
595 4259205 578 7 9 11
596 4278765 582 4 10 93
597 4288433 583 6 2 76
598 4288433 583 6 1 2272
599 4298016 588 4 0 70
600 4298016 588 4 4 244
601 4298016 588 4 8 19655
602 4305591 591 3 10 5
603 4308722 594 0 5 74
604 4313212 597 3 4 14
605 4313212 597 0 4 14
606 4349245 602 6 5 30
607 4363478 606 10 2 49
608 4376799 611 10 2 8
609 4376799 611 2 2 8
610 4376799 611 5 6 4930
611 4471394 612 6 4 26
612 4471394 612 9 10 5
613 4471394 612 7 8 8
614 4471394 612 0 1 3
615 4471394 612 1 5 120
616 4471394 612 5 7 2539
617 4471394 612 5 8 8
618 4471394 612 6 3 1
619 4471394 612 2 8 8
620 4471394 612 10 4 133
621 4471394 612 10 1 6
622 4471394 612 5 10 5
623 4471394 612 1 7 2539
624 4471394 612 1 9 14
625 4479346 613 3 1 10
626 4479346 613 3 6 58
627 4568704 616 8 7 200
628 4568704 616 0 1 1
629 4568704 616 6 6 108
630 4568704 616 9 5 1227
631 4568704 616 2 10 854
632 4568704 616 9 8 1
633 4568704 616 5 9 14
634 4568704 616 4 7 25228
635 4568704 616 10 5 1227
636 4568704 616 1 5 1227
637 4568704 616 0 5 1227
638 4568704 616 7 1 1
639 4568704 616 8 5 11051
640 4576510 620 10 8 40
641 4587425 625 4 0 34
642 4611878 628 1 1 107
643 4611878 628 1 6 127
644 4643807 633 5 2 6
645 4643807 633 5 6 85
646 4643807 633 5 10 15
647 4653577 635 5 6 96
648 4659282 637 4 10 24
649 4665639 639 2 3 55
650 4665781 640 1 0 113
651 4667581 643 0 4 19
652 4667581 643 1 4 19
653 4721687 644 10 6 1
654 4721687 644 2 0 8
655 4721687 644 7 8 908
656 4721687 644 9 1 6
657 4721687 644 9 10 2
658 4721687 644 2 8 1817
659 4721687 644 4 3 21
660 4721687 644 5 10 11
661 4721687 644 0 3 10
662 4721687 644 0 8 908
663 4721687 644 7 0 8
664 4721687 644 1 4 647
665 4724349 646 2 9 12
666 4725855 648 9 2 178
667 4726844 650 7 10 29
668 4726844 650 10 10 29
669 4728145 653 7 10 4838
670 4728873 655 8 3 82
671 4731916 659 10 5 113
672 4739871 661 9 0 13
673 4739875 662 4 4 2
674 4748501 668 5 4 33132
675 4748501 668 5 0 9853
676 4823776 671 7 6 8
677 4823776 671 1 9 17
678 4823776 671 4 8 5
679 4823776 671 3 6 8
680 4823776 671 6 0 1
681 4823776 671 6 5 270
682 4823776 671 10 8 5
683 4823776 671 4 2 13
684 4823776 671 8 1 238
685 4823776 671 0 4 671
686 4823776 671 10 0 1
687 4825510 672 10 5 10
688 4826439 673 9 1 956
689 4838802 675 2 7 2702
690 4855303 681 4 4 1319
691 4855303 681 6 5 12
692 4915103 683 3 8 23
693 4915103 683 3 6 31
694 4915103 683 10 0 1
695 4915103 683 8 1 50
696 4915103 683 5 1 25
697 4915103 683 5 9 15
698 4915103 683 6 5 1
699 4920403 687 0 8 15
700 4920403 687 2 8 23
701 4932787 689 6 10 48
702 4963433 690 8 5 4
703 4963433 690 4 7 527
704 4963433 690 0 8 150
705 4963433 690 8 8 600
706 4989662 692 7 4 19
707 4998137 693 8 0 109
708 4998137 693 8 6 75
709 4998137 693 8 7 220
710 5116342 695 0 6 38
711 5116342 695 3 5 7
712 5116342 695 7 6 2
713 5116342 695 1 2 1587
714 5116342 695 2 10 1
715 5116342 695 8 4 1
716 5116342 695 5 4 1
717 5116342 695 2 6 1
718 5116342 695 8 7 8
719 5116342 695 4 3 4
720 5116342 695 1 9 214
721 5117714 696 4 9 362
722 5121163 697 2 1 77
723 5162408 701 6 9 1
724 5185575 702 0 6 22
725 5185575 702 3 1 61
726 5185575 702 0 0 2375
727 5185575 702 3 0 1187
728 5185575 702 4 5 112
729 5208956 703 9 1 49
730 5208956 703 2 7 1370
731 5210064 704 5 6 1995
732 5228674 710 3 1 44
733 5228674 710 3 7 220
734 5228674 710 3 3 119
735 5290141 718 10 4 275
736 5290141 718 6 0 1
737 5290141 718 2 10 21
738 5290141 718 0 5 87
739 5290141 718 10 3 15
740 5291850 720 10 8 8567
741 5311005 723 6 1 1
742 5311005 723 3 6 66
743 5318978 724 6 4 24
744 5318978 724 6 5 1502
745 5319906 725 2 3 90
746 5361231 732 5 5 26
747 5361231 732 6 8 79
748 5361231 732 9 8 39
749 5361231 732 9 3 7
750 5388490 735 9 10 136
751 5388490 735 9 4 153
752 5388490 735 6 10 8
753 5388490 735 6 2 5
754 5388490 735 6 1 62
755 5390360 736 2 6 1770
756 5407639 739 10 0 372
757 5407639 739 10 5 86
758 5470210 741 7 4 33
759 5470210 741 5 7 2
760 5470210 741 2 2 3
761 5470210 741 1 0 1089
762 5470210 741 8 9 44
763 5470210 741 5 6 5
764 5470210 741 6 1 989
765 5470210 741 9 2 3
766 5470210 741 8 10 2
767 5470210 741 2 8 6
768 5470210 741 10 9 44
769 5470971 742 7 10 31
770 5482128 744 6 3 1
771 5482128 744 5 8 302
772 5495026 749 10 5 24
773 5495026 749 10 7 20
774 5495026 749 10 0 33
775 5495026 749 5 0 33
776 5495026 749 2 9 1
777 5550041 751 10 2 15409
778 5550041 751 5 1 15
779 5550041 751 5 9 15
780 5550041 751 0 5 12
781 5550041 751 6 3 242
782 5550041 751 10 8 1
783 5550041 751 2 8 1
784 5550041 751 0 9 15
785 5550041 751 10 3 242
786 5550041 751 7 2 477
787 5550041 751 7 7 3
788 5550041 751 4 4 54
789 5560028 752 3 8 42
790 5560028 752 3 0 42
791 5574156 755 9 8 92
792 5575331 756 7 0 152
793 5590017 758 6 1 123
794 5633728 766 1 5 13
795 5633728 766 2 6 14
796 5657958 768 8 7 6
797 5657958 768 8 3 102
798 5657958 768 0 0 103
799 5659735 772 1 1 94
800 5681069 779 2 1 1518
801 5687271 780 2 5 4
802 5691061 782 0 4 1
803 5698704 787 2 4 78
804 5715695 798 4 1 2953
805 5715763 800 8 7 69
806 5719547 802 10 2 4521
807 5719547 802 4 0 8
808 5728218 804 4 9 9
809 5728218 804 4 3 23
810 5730803 805 1 6 154
811 5732289 806 3 0 10
812 5755908 820 2 2 104
813 5863217 822 2 0 1
814 5863217 822 6 5 26
815 5863217 822 2 10 1
816 5863217 822 10 8 239
817 5863217 822 9 7 138
818 5863217 822 4 4 28
819 5863217 822 4 6 8
820 5863217 822 6 10 1
821 5863217 822 8 1 1
822 5863217 822 3 2 3
823 5863217 822 1 4 2
824 5863217 822 5 10 27
825 5863217 822 9 6 4
826 5863217 822 3 4 1
827 5863217 822 6 7 8297
828 5949200 823 1 10 1
829 5949200 823 3 4 3553
830 5949200 823 5 2 6
831 5949200 823 3 9 1
832 5949200 823 3 1 969
833 5949200 823 10 1 969
834 5949200 823 1 6 1980
835 5949200 823 10 5 599
836 5949200 823 1 9 1
837 5976451 825 4 5 112
838 5976451 825 5 5 16
839 5976451 825 4 2 27
840 5976451 825 1 1 19
841 5976659 826 9 8 28
842 5991905 830 2 2 63
843 5991905 830 1 2 42
844 6011674 833 7 3 83
845 6024310 834 8 5 908
846 6024310 834 1 0 15
847 6044402 842 1 3 757
848 6061075 846 5 5 11850
849 6062581 849 7 10 39
850 6068586 854 3 10 1
851 6081241 857 9 10 21849
852 6090631 859 6 9 148
853 6099877 861 3 8 8
854 6166749 864 3 4 5
855 6166749 864 9 9 105
856 6166749 864 6 6 17
857 6166749 864 5 10 172
858 6166749 864 4 8 113
859 6182341 871 1 9 3
860 6186184 872 6 10 5
861 6202849 875 2 7 9
862 6213101 881 10 2 1685
863 6213101 881 1 2 561
864 6260893 886 10 4 19
865 6260893 886 7 6 555
866 6260893 886 0 4 1
867 6260893 886 0 5 25
868 6260893 886 2 7 4
869 6260893 886 9 9 1503
870 6261432 887 6 4 158
871 6269340 888 10 9 16
872 6273411 891 2 8 118
873 6316648 894 3 9 35
874 6316648 894 2 8 1
875 6316648 894 7 5 4
876 6316648 894 8 4 18
877 6316648 894 5 1 19
878 6319824 895 5 9 36
879 6343990 896 2 2 38
880 6343990 896 1 3 1586
881 6343990 896 4 3 1586
882 6347330 897 0 6 1763
883 6356993 899 6 7 61
884 6385418 905 3 8 95
885 6385418 905 6 8 95
886 6406867 907 2 9 153
887 6406867 907 2 7 3009
888 6406867 907 2 6 68
889 6416129 909 9 2 801
890 6416129 909 9 6 8913
891 6425461 911 10 0 682
892 6447526 918 1 8 100
893 6456196 919 4 1 1
894 6456196 919 2 1 1
895 6456196 919 6 1 1
896 6458415 920 8 9 28
897 6458415 920 8 10 8
898 6458415 920 2 10 8
899 6459232 921 8 1 88
900 6471430 924 6 6 3
901 6471430 924 10 6 1
902 6484801 926 7 7 22675
903 6484801 926 7 6 104
904 6484801 926 7 0 37
905 6484801 926 7 5 9235
906 6485704 927 7 0 85
907 6593650 929 5 10 1
908 6593650 929 2 0 2
909 6593650 929 7 7 231
910 6593650 929 2 1 1
911 6593650 929 7 6 54
912 6593650 929 2 5 454
913 6593650 929 8 10 2
914 6593650 929 7 10 1
915 6593650 929 0 2 4
916 6593650 929 8 9 4
917 6593650 929 5 1 2
918 6593650 929 10 3 3
919 6593650 929 6 8 4
920 6593650 929 10 10 1
921 6593650 929 1 5 227
922 6593650 929 7 2 8
923 6593650 929 8 4 1756
924 6593650 929 7 0 2
925 6593650 929 10 5 227
926 6656973 930 5 1 43
927 6656973 930 4 4 13007
928 6656973 930 7 2 7
929 6656973 930 10 9 71
930 6656973 930 9 6 172
931 6714160 931 8 8 4
932 6714160 931 6 6 8
933 6714160 931 4 3 49
934 6714160 931 10 1 10
935 6714160 931 1 10 901
936 6714160 931 3 3 124
937 6714160 931 0 6 17
938 6714160 931 8 7 45
939 6752001 932 7 10 23
940 6752001 932 10 6 4
941 6752001 932 2 2 2708
942 6752001 932 8 3 9
943 6752001 932 1 0 4
944 6755868 934 8 7 122
945 6755868 934 3 7 45
946 6758492 935 6 1 1573
947 6775204 940 0 5 111
948 6775204 940 0 4 44
949 6876606 941 4 1 192
950 6876606 941 4 4 32
951 6876606 941 2 0 5
952 6876606 941 2 6 5
953 6876606 941 9 4 1
954 6876606 941 2 5 27
955 6876606 941 4 8 1
956 6876606 941 6 8 1
957 6876606 941 5 2 2
958 6876606 941 2 7 1
959 6876606 941 8 8 1
960 6876606 941 5 0 5
961 6876606 941 6 9 2610
962 6876606 941 8 6 2
963 6876606 941 0 0 5
964 6876606 941 1 5 13
965 6876606 941 1 0 5
966 6880807 946 8 9 37
967 6880807 946 7 9 37
968 6890585 948 6 6 791
969 6890585 948 8 6 3958
970 6893246 949 6 4 3132
971 6902715 950 2 8 14
972 6905935 952 4 4 55
973 6907402 956 4 1 1266
974 6911606 957 7 9 35
975 6925926 959 10 9 43
976 6925926 959 10 8 1670
977 6925926 959 10 1 1320
978 6936430 961 10 5 343
979 7011505 967 5 9 2
980 7011505 967 7 1 1476
981 7011505 967 4 8 44
982 7011505 967 7 3 8
983 7011505 967 7 6 3080
984 7011505 967 1 7 243
985 7011505 967 0 3 4
986 7011505 967 4 2 15
987 7011505 967 5 3 4
988 7011505 967 0 1 369
989 7020958 970 10 4 16
990 7024791 971 0 8 30
991 7024791 971 9 8 90
992 7024791 971 10 8 30
993 7053264 973 0 8 2624
994 7053264 973 2 1 4
995 7058856 977 7 2 1705
996 7070568 982 3 10 41
997 7090681 993 4 7 154
998 7106364 994 2 0 3
999 7112767 997 6 3 22
