11 350 1000
0 40173 0 1 8 28
1 153323 3 9 2 11041
2 153323 3 9 4 3213
3 180210 5 9 8 2075
4 280263 9 1 10 7
5 280263 9 1 4 2
6 280263 9 1 1 4
7 280263 9 7 5 35
8 280263 9 4 8 2
9 393441 13 8 10 297
10 393441 13 6 5 13
11 393441 13 1 1 265
12 396639 15 3 6 109
13 514725 17 1 5 16
14 514725 17 0 9 5269
15 514725 17 10 7 2
16 514725 17 1 2 526
17 514725 17 1 7 17
18 604186 21 3 6 41
19 604186 21 4 2 6055
20 627997 26 0 8 2366
21 653608 28 0 8 53
22 711136 29 10 6 2425
23 711136 29 10 2 2926
24 716611 30 0 6 11
25 742589 35 7 5 100
26 742589 35 7 10 74
27 803551 38 8 8 11723
28 848666 41 10 9 75
29 872073 45 4 6 1063
30 872073 45 1 6 1063
31 906472 50 7 8 1
32 906472 50 2 10 3160
33 906472 50 9 3 14
34 1146922 51 0 2 10
35 1146922 51 9 2 5
36 1146922 51 3 9 1
37 1146922 51 0 5 33
38 1146922 51 3 6 1
39 1146922 51 8 7 5
40 1146922 51 0 3 107
41 1146922 51 9 9 1
42 1165719 56 5 6 86
43 1294154 59 8 8 1
44 1294154 59 5 9 36
45 1294154 59 1 5 14
46 1294154 59 1 7 13
47 1294154 59 5 8 15
48 1294154 59 5 7 26
49 1318149 61 2 1 230
50 1319248 62 8 5 5726
51 1330602 64 2 6 218
52 1333525 65 7 7 118
53 1452511 72 6 2 8
54 1604362 75 7 10 7
55 1604362 75 1 8 1
56 1604362 75 7 5 115
57 1604362 75 8 7 3
58 1605862 76 9 3 98
59 1624030 77 8 4 21
60 1636614 79 10 3 38
61 1844595 84 3 7 21
62 1844595 84 7 7 21
63 1844595 84 6 1 8
64 1844595 84 4 3 4
65 1844595 84 7 10 95
66 1844595 84 10 5 4
67 1844595 84 4 4 5
68 1844595 84 4 7 21
69 1844595 84 10 1 16
70 1844595 84 10 6 1
71 1844595 84 3 1 24
72 1858905 88 9 6 10
73 1858905 88 1 6 30
74 1894463 89 7 9 100
75 1916565 91 8 2 550
76 1987849 98 10 1 117
77 2098858 99 7 5 5
78 2098858 99 7 3 63
79 2098858 99 0 0 203
80 2098858 99 9 2 19
81 2098858 99 7 4 28
82 2289721 102 1 4 4
83 2289721 102 7 3 5
84 2289721 102 10 1 3
85 2289721 102 8 3 17
86 2289721 102 4 10 21
87 2323049 104 4 10 38979
88 2416587 108 5 3 13
89 2416587 108 0 0 226
90 2416587 108 7 0 3619
91 2416587 108 8 3 27
92 2416587 108 0 2 1
93 2416587 108 4 5 90
94 2418002 109 3 0 33
95 2428239 110 3 9 116
96 2428239 110 3 4 18
97 2435320 112 9 1 2
98 2463398 116 2 0 61
99 2463398 116 2 1 6
100 2487130 117 0 0 125
101 2487130 117 0 3 30
102 2547386 126 0 0 119
103 2626707 132 6 0 21
104 2645219 134 0 3 7
105 2646457 135 1 8 667
106 2846988 137 6 0 4
107 2846988 137 9 1 12
108 2846988 137 8 3 48
109 2846988 137 2 3 9
110 2846988 137 5 0 8
111 2846988 137 6 8 39
112 2846988 137 6 7 198
113 2846988 137 3 4 99
114 2893997 143 0 0 349
115 2893997 143 0 10 7810
116 2893997 143 0 8 4
117 2935019 146 4 3 36
118 2935019 146 3 8 333
119 2935019 146 10 4 11
120 2935019 146 10 8 333
121 2935019 146 8 8 999
122 2935019 146 6 4 5
123 2936779 147 6 2 182
124 2946186 148 0 10 87
125 3144252 154 2 0 2
126 3144252 154 4 1 16
127 3144252 154 9 7 1284
128 3144252 154 7 0 21
129 3144252 154 10 8 87
130 3144252 154 3 2 249
131 3144252 154 5 7 642
132 3144252 154 6 4 10
133 3144252 154 3 9 11
134 3340975 160 6 3 2
135 3340975 160 8 4 9
136 3340975 160 9 6 2
137 3340975 160 4 6 5
138 3340975 160 8 6 5
139 3340975 160 4 3 2
140 3340975 160 0 9 9
141 3340975 160 10 1 1
142 3340975 160 9 0 11
143 3347677 161 10 8 1
144 3407790 162 3 6 14
145 3407790 162 7 6 44
146 3407790 162 2 10 75
147 3407790 162 0 7 1351
148 3407790 162 0 4 30
149 3407790 162 6 0 1899
150 3407790 162 6 4 92
151 3439252 165 9 5 110
152 3476881 170 3 4 341
153 3493285 172 4 2 54
154 3525807 174 5 6 24
155 3525807 174 9 2 9
156 3525807 174 9 7 14
157 3525807 174 1 3 36
158 3591860 177 3 4 23
159 3591860 177 0 6 344
160 3594836 178 9 0 104
161 3637947 187 4 9 35
162 3637947 187 9 9 71
163 3681034 192 3 0 139
164 3681034 192 3 10 87
165 3685937 195 5 3 168
166 3696342 197 1 1 1245
167 3832609 198 2 10 7
168 3832609 198 10 0 5
169 3832609 198 5 4 4
170 3832609 198 3 5 1
171 3832609 198 3 6 1002
172 3832609 198 1 1 4
173 3832609 198 1 2 2
174 3832609 198 4 10 7
175 3832609 198 9 2 2
176 3832609 198 7 9 7
177 3832609 198 7 4 2
178 3890402 203 7 1 21
179 3890402 203 7 10 2495
180 3927382 209 1 5 39
181 3969180 210 6 3 1
182 3969180 210 3 3 1
183 3969180 210 8 3 299
184 3969180 210 2 3 1
185 3997154 217 6 4 13
186 3997154 217 8 5 78
187 3997154 217 7 4 13
188 3997154 217 9 5 39
189 4010101 221 8 7 220
190 4027597 223 7 2 68
191 4029829 224 3 2 49443
192 4042364 226 3 9 222
193 4114332 229 2 2 616
194 4198378 230 0 1 46
195 4198378 230 8 7 2487
196 4198378 230 8 10 2
197 4198378 230 8 2 48
198 4198378 230 0 5 11
199 4198378 230 3 3 136
200 4198378 230 8 3 136
201 4361300 233 5 7 1
202 4361300 233 8 3 1
203 4361300 233 6 10 47
204 4361300 233 10 10 9
205 4361300 233 1 8 5
206 4361300 233 8 10 9
207 4361300 233 6 1 4
208 4361300 233 6 7 1
209 4361300 233 8 5 9
210 4361300 233 4 0 7
211 4384186 236 9 6 55
212 4434337 237 4 7 51
213 4434337 237 10 7 51
214 4434337 237 10 0 18
215 4434337 237 4 3 1
216 4461961 239 2 1 9
217 4629627 241 7 1 6
218 4629627 241 3 8 1
219 4629627 241 7 8 1
220 4629627 241 9 7 12
221 4629627 241 1 4 14
222 4629627 241 6 0 9
223 4629627 241 1 0 9
224 4629627 241 7 4 14
225 4630906 243 10 1 22
226 4646592 245 0 8 20
227 4648140 246 10 0 30
228 4648510 247 9 7 2966
229 4655256 249 5 5 21
230 4656798 250 3 9 15
231 4659394 252 1 10 17
232 4756928 259 8 0 89
233 4757884 261 2 6 94
234 4942045 262 0 9 30
235 4942045 262 0 10 12
236 4942045 262 9 3 1
237 4942045 262 4 0 69
238 4942045 262 0 2 13
239 4942045 262 3 7 1
240 4942045 262 4 10 18
241 4942045 262 8 0 9
242 4942045 262 2 9 15
243 4965197 263 8 10 3048
244 4969932 265 1 3 69
245 5005080 269 4 5 39
246 5036932 278 7 6 166
247 5068310 282 8 3 286
248 5386722 287 5 4 1
249 5386722 287 4 0 1
250 5386722 287 5 10 7
251 5386722 287 4 1 3
252 5386722 287 5 9 1
253 5386722 287 3 9 1
254 5386722 287 6 4 1
255 5386722 287 3 5 2
256 5386722 287 4 9 1
257 5386722 287 9 2 3
258 5386722 287 7 5 2
259 5386722 287 1 3 5
260 5386722 287 7 0 74
261 5390470 289 10 10 47
262 5495558 291 7 0 3
263 5495558 291 6 0 3
264 5495558 291 7 3 211
265 5495558 291 9 5 25
266 5495558 291 1 2 3435
267 5495558 291 1 9 1096
268 5495558 291 8 0 6
269 5595323 292 6 9 1235
270 5595323 292 3 8 654
271 5611072 295 5 4 1
272 5619870 297 1 10 64
273 5664062 298 9 6 844
274 5664062 298 9 10 40
275 5664062 298 9 8 8519
276 5788459 303 8 8 324
277 5788459 303 0 10 14
278 5788459 303 10 9 613
279 5788459 303 2 0 2
280 5788459 303 8 1 25
281 5857139 304 3 4 11
282 5857139 304 2 7 8
283 5857139 304 2 4 11
284 5857139 304 2 6 577
285 5899662 308 6 8 78
286 5899662 308 6 9 224
287 5933534 313 3 2 18
288 5939988 316 0 4 43
289 6094541 317 1 3 109
290 6094541 317 10 7 1004
291 6094541 317 1 7 2009
292 6094541 317 6 5 3859
293 6150967 324 3 10 24
294 6239035 328 4 0 1
295 6239035 328 0 3 1
296 6239035 328 2 5 297
297 6239035 328 10 9 14
298 6264581 330 0 1 1349
299 6268990 334 6 9 105
300 6285529 335 1 1 17
301 6285529 335 1 5 7886
302 6307992 337 4 2 67
303 6307992 337 4 6 86
304 6354196 339 2 3 645
305 6354196 339 4 10 8843
306 6424248 340 2 8 1806
307 6424248 340 9 4 1
308 6424248 340 0 0 20
309 6461778 346 0 5 489
310 6474134 349 1 6 568
311 6542416 360 9 5 19696
312 6566331 362 1 2 1
313 6576880 363 8 4 62
314 6602202 368 0 7 1327
315 6634606 369 3 3 18
316 6634606 369 6 0 34
317 6634606 369 10 7 1
318 6634606 369 9 0 34
319 6634606 369 2 9 869
320 6634606 369 2 7 23
321 6634606 369 1 7 2
322 6634606 369 9 7 1
323 6702288 370 1 10 35
324 6702288 370 8 8 3
325 6702288 370 5 10 11
326 6770035 380 10 1 100
327 6801660 387 5 9 1
328 6801660 387 9 9 1
329 6848124 388 7 10 17
330 6848124 388 0 7 60
331 7011140 390 2 9 6824
332 7011140 390 5 3 2686
333 7011140 390 0 3 1193
334 7011140 390 9 5 6
335 7011140 390 10 5 13
336 7011140 390 5 7 3
337 7069256 392 1 4 854
338 7069256 392 6 4 427
339 7276795 395 8 3 10
340 7276795 395 7 1 1
341 7276795 395 8 8 33
342 7276795 395 10 3 10
343 7276795 395 7 0 440
344 7276795 395 2 10 10
345 7276795 395 9 5 532
346 7276795 395 5 0 2203
347 7276795 395 2 3 10
348 7276795 395 3 0 440
349 7314636 401 1 3 1192
350 7314636 401 5 3 2385
351 7384449 402 2 4 6
352 7384449 402 9 9 42
353 7397600 405 8 5 15
354 7397600 405 7 5 15
355 7410808 406 1 10 204
356 7440064 407 2 10 6135
357 7440064 407 2 9 3032
358 7440064 407 2 2 73
359 7580094 409 6 6 1
360 7580094 409 2 6 1
361 7580094 409 8 4 782
362 7580094 409 10 9 30
363 7580094 409 2 0 528
364 7580094 409 5 5 797
365 7586629 410 6 3 1
366 7593744 411 9 4 206
367 7656233 413 2 5 900
368 7656233 413 9 0 144
369 7656233 413 9 4 9414
370 7656233 413 9 10 29
371 7656233 413 2 10 7
372 7670437 418 6 5 259
373 7685423 420 6 1 29
374 7685423 420 5 8 36
375 7717387 422 4 2 5692
376 7747222 424 7 5 282
377 7752415 425 10 3 34
378 7758371 427 10 2 48
379 7996594 428 2 8 2
380 7996594 428 8 5 822
381 7996594 428 8 4 21
382 7996594 428 10 0 1
383 7996594 428 7 2 2
384 7996594 428 5 10 4
385 7996594 428 5 0 1
386 7996594 428 7 3 3
387 7996594 428 3 5 822
388 7996594 428 6 5 822
389 7996594 428 3 1 1336
390 7996594 428 4 6 1
391 7996594 428 6 8 7
392 7996594 428 0 7 1
393 8136422 430 4 4 3
394 8136422 430 3 1 3154
395 8136422 430 4 8 1
396 8136422 430 3 8 1
397 8136422 430 0 8 2
398 8136422 430 4 1 7361
399 8136422 430 0 10 2
400 8136422 430 7 4 3
401 8136422 430 5 4 3
402 8136422 430 10 3 29
403 8153475 434 3 2 37
404 8153475 434 8 2 37
405 8170779 435 6 0 163
406 8188904 440 4 2 100
407 8203413 443 6 6 1210
408 8203413 443 6 0 121
409 8203413 443 6 7 3945
410 8230119 448 6 1 2
411 8366884 457 2 0 8
412 8366884 457 5 1 53
413 8366884 457 6 4 33
414 8366884 457 4 5 32
415 8419813 460 1 1 356
416 8419813 460 1 2 8
417 8419813 460 1 0 38977
418 8419813 460 1 4 4695
419 8419813 460 1 3 39
420 8527943 461 4 0 1
421 8527943 461 0 4 5
422 8527943 461 4 8 9
423 8527943 461 3 6 614
424 8527943 461 2 2 5
425 8527943 461 1 0 1
426 8527943 461 0 7 1
427 8527943 461 2 9 3
428 8527943 461 3 4 10
429 8527943 461 10 4 5
430 8881632 466 10 9 4
431 8881632 466 3 7 61
432 8881632 466 6 3 1801
433 8881632 466 10 3 1801
434 8881632 466 10 5 1
435 8881632 466 0 1 14
436 8881632 466 1 6 4
437 8881632 466 0 3 1801
438 8881632 466 7 9 12
439 8881632 466 5 1 2
440 8965524 467 6 8 7
441 8965524 467 5 9 8
442 8965524 467 4 0 1291
443 8965524 467 5 0 430
444 8965524 467 6 7 5
445 8965524 467 10 8 39
446 8965524 467 0 6 6
447 8988552 468 7 9 22
448 8994152 469 6 1 4673
449 9012985 471 5 10 923
450 9131521 473 6 6 5
451 9131521 473 10 10 1
452 9131521 473 4 5 68
453 9131521 473 0 10 1
454 9132589 474 4 9 211
455 9425780 475 0 6 1
456 9425780 475 1 3 23
457 9425780 475 5 1 3
458 9425780 475 6 5 2
459 9425780 475 8 4 1
460 9425780 475 4 2 3
461 9425780 475 8 2 3
462 9425780 475 10 9 10
463 9425780 475 2 5 2
464 9425780 475 2 2 1
465 9425780 475 8 9 5
466 9425780 475 4 6 6
467 9425780 475 10 0 1
468 9425780 475 5 2 1
469 9425780 475 6 7 85
470 9457492 477 2 0 196
471 9457492 477 2 8 74
472 9457492 477 2 5 349
473 9479885 479 0 9 1
474 9492540 481 5 10 87
475 9502049 485 2 0 117
476 9519669 486 6 3 91
477 9573172 489 9 8 8
478 9573172 489 8 9 31
479 9581886 491 2 10 39
480 9588983 492 8 7 3095
481 9594507 494 7 2 10
482 9871346 498 6 2 9
483 9871346 498 5 6 1
484 9871346 498 4 0 10
485 9871346 498 3 4 50
486 9871346 498 5 3 1
487 9871346 498 7 10 39
488 9871346 498 5 1 35
489 9871346 498 1 10 13
490 9871346 498 3 9 1
491 9871346 498 1 3 1
492 9871346 498 6 3 1
493 9871346 498 9 3 1
494 9871346 498 2 6 1
495 9871346 498 0 1 53
496 9871346 498 4 7 7
497 9871346 498 4 6 1
498 9871346 498 7 4 50
499 9871346 498 2 2 23
500 9894223 499 7 3 51
501 9916273 504 3 9 1629
502 10075107 507 6 4 2858
503 10075107 507 5 1 2
504 10075107 507 1 8 52
505 10075107 507 7 7 72
506 10075107 507 6 7 800
507 10075107 507 1 3 2
508 10075107 507 7 6 7
509 10075107 507 7 10 178
510 10075107 507 1 7 72
511 10075107 507 2 6 3
512 10137493 510 6 0 189
513 10137493 510 7 9 1
514 10137493 510 6 4 1991
515 10303694 513 8 8 1009
516 10303694 513 9 10 2
517 10303694 513 8 10 2
518 10303694 513 9 9 40
519 10303694 513 4 0 1
520 10303694 513 2 2 30
521 10303694 513 0 5 345
522 10303694 513 8 6 80
523 10303694 513 9 5 690
524 10337864 516 1 3 1
525 10337864 516 6 3 1
526 10337864 516 5 3 1
527 10343374 519 10 10 44
528 10348344 521 1 4 152
529 10352372 523 8 2 3
530 10382033 531 3 0 195
531 10464168 542 1 1 3993
532 10464168 542 1 7 28344
533 10464168 542 1 6 65
534 10464168 542 1 9 38
535 10464168 542 1 8 84
536 10490720 547 4 4 109
537 10490720 547 4 9 79
538 10857461 555 1 7 14
539 10857461 555 0 5 3
540 10857461 555 7 8 102
541 10857461 555 1 4 4978
542 10857461 555 7 4 829
543 10857461 555 1 6 23
544 10857461 555 9 9 30
545 10857461 555 5 10 1
546 10857461 555 6 3 202
547 10857461 555 8 6 23
548 10857461 555 6 10 1
549 10857461 555 0 1 95
550 10857461 555 10 5 1
551 10857461 555 7 10 4
552 10857461 555 9 10 1
553 10857461 555 5 1 95
554 10962401 556 0 8 655
555 10962401 556 8 10 335
556 10962401 556 10 1 1
557 10986467 557 3 7 70
558 10986467 557 3 10 162
559 10986467 557 3 1 215
560 11016322 558 1 1 97
561 11016322 558 1 5 72
562 11020397 559 1 0 608
563 11063997 562 10 8 7631
564 11063997 562 10 10 8302
565 11091805 563 10 5 318
566 11113494 565 1 5 19648
567 11228506 569 1 6 1
568 11228506 569 1 0 52
569 11228506 569 7 6 1
570 11228506 569 5 7 1
571 11228506 569 10 7 1
572 11228506 569 4 6 1
573 11228506 569 9 0 26
574 11228506 569 0 1 65
575 11228506 569 4 8 1
576 11228506 569 6 2 170
577 11228506 569 3 9 2
578 11228506 569 9 6 87
579 11228506 569 3 6 1
580 11256678 575 0 8 15
581 11342668 576 6 9 146
582 11342668 576 0 3 30
583 11357880 578 7 9 11
584 11410042 582 4 4 50
585 11410042 582 4 10 93
586 11435822 583 6 5 15734
587 11461376 588 4 10 9
588 11481578 591 2 1 1
589 11481578 591 7 1 1
590 11481578 591 4 1 2
591 11489927 594 0 5 74
592 11597988 602 8 7 111
593 11597988 602 6 6 1
594 11597988 602 6 9 19
595 11635943 606 10 2 49
596 11635943 606 10 9 101
597 11635943 606 10 4 1308
598 11671464 611 2 4 117
599 11923717 612 10 0 142
600 11923717 612 10 4 133
601 11923717 612 1 7 2539
602 11923717 612 2 1 16
603 11923717 612 7 9 1
604 11923717 612 1 2 897
605 11923717 612 7 6 4
606 11923717 612 2 8 8
607 11923717 612 0 3 1
608 11923717 612 9 3 1
609 11923717 612 8 7 2539
610 11923717 612 0 2 897
611 11923717 612 3 7 5079
612 11944924 613 3 10 14831
613 11945549 614 6 5 252
614 12183210 616 1 0 1483
615 12183210 616 0 1 1
616 12183210 616 9 1 1
617 12183210 616 10 2 2
618 12183210 616 4 6 72
619 12183210 616 0 2 11
620 12183210 616 2 7 200
621 12183210 616 10 9 2
622 12183210 616 2 0 1483
623 12183210 616 7 3 20
624 12183210 616 6 4 1
625 12183210 616 10 7 200
626 12183210 616 7 7 200
627 12183210 616 4 2 11
628 12183210 616 9 4 1
629 12183210 616 3 0 988
630 12183210 616 3 7 200
631 12231093 624 0 5 2839
632 12231093 624 2 5 2839
633 12298343 628 1 0 118
634 12298343 628 1 4 81
635 12299739 629 5 8 164
636 12383487 633 5 9 17
637 12394837 634 7 2 95
638 12394837 634 7 1 38
639 12440855 638 2 7 203
640 12591165 644 7 5 10
641 12591165 644 6 7 370
642 12591165 644 0 7 92
643 12591165 644 0 9 136
644 12591165 644 5 9 27
645 12591165 644 9 2 101
646 12591165 644 8 4 4530
647 12601214 647 3 3 1338
648 12604918 650 7 10 29
649 12616231 657 7 3 56
650 12616578 658 0 3 6037
651 12622824 660 7 7 16605
652 12639657 661 4 0 26
653 12641199 664 5 3 26
654 12662670 668 5 6 68
655 12664689 670 5 9 92
656 12863405 671 0 4 671
657 12863405 671 4 8 5
658 12863405 671 0 10 24
659 12863405 671 6 4 3355
660 12863405 671 1 9 17
661 12863405 671 5 5 30
662 12863405 671 2 9 68
663 12863405 671 7 4 671
664 12863405 671 8 9 8
665 12863405 671 4 6 8
666 12863405 671 8 7 1
667 12903472 675 2 2 222
668 12903472 675 2 4 30
669 12903472 675 2 10 205
670 12925331 680 10 8 3319
671 12947475 681 8 4 1319
672 12947475 681 1 5 12
673 13106943 683 0 2 3054
674 13106943 683 3 0 1
675 13106943 683 1 10 32
676 13106943 683 1 5 4
677 13106943 683 7 9 15
678 13106943 683 6 10 16
679 13106943 683 10 5 1
680 13106943 683 1 4 638
681 13106943 683 4 10 16
682 13106943 683 3 6 31
683 13121075 687 5 8 7
684 13121075 687 7 5 2915
685 13154100 689 8 4 318
686 13235821 690 0 10 48
687 13235821 690 4 7 527
688 13239305 691 2 2 49
689 13305767 692 7 3 3329
690 13305767 692 6 7 181
691 13305767 692 6 5 222
692 13305767 692 10 10 12
693 13305767 692 7 6 43
694 13328365 693 8 2 61
695 13643581 695 6 6 1
696 13643581 695 4 5 71
697 13643581 695 1 4 1
698 13643581 695 6 0 64
699 13643581 695 8 2 793
700 13643581 695 9 1 7
701 13643581 695 8 4 1
702 13643581 695 7 10 5
703 13643581 695 2 3 13
704 13643581 695 5 2 793
705 13643581 695 5 7 8
706 13643581 695 10 4 1
707 13643581 695 7 1 3
708 13643581 695 2 5 7
709 13643581 695 1 3 4
710 13643581 695 6 3 4
711 13643581 695 9 3 4
712 13643581 695 3 10 1
713 13728341 698 2 1 3
714 13728341 698 5 7 21
715 13728341 698 2 9 33
716 13728341 698 2 2 153
717 13728341 698 2 10 32
718 13728341 698 10 10 32
719 13766423 701 3 9 1
720 13766423 701 4 2 3
721 13828201 702 0 4 649
722 13828201 702 0 9 6
723 13890551 703 9 8 52
724 13890551 703 2 7 1370
725 13890551 703 2 9 325
726 13893504 704 9 6 3990
727 13900943 706 5 7 40
728 13943131 710 3 9 22919
729 13943131 710 3 7 220
730 13943131 710 3 1 44
731 13945292 711 9 10 28
732 13980402 715 8 7 12
733 13988639 716 3 10 175
734 14107042 718 7 1 13
735 14107042 718 0 9 31
736 14107042 718 7 3 15
737 14107042 718 7 4 27
738 14107042 718 0 7 5
739 14183942 724 6 0 16260
740 14183942 724 6 7 124
741 14211682 727 2 7 5
742 14215891 729 1 6 6073
743 14296617 732 0 1 103
744 14296617 732 6 9 46
745 14296617 732 7 5 26
746 14296617 732 5 3 31
747 14369308 735 6 9 10
748 14369308 735 9 9 40
749 14369308 735 6 5 36
750 14587226 741 4 1 14847
751 14587226 741 8 10 2
752 14587226 741 5 7 2
753 14587226 741 3 6 2
754 14587226 741 1 10 2
755 14587226 741 10 4 33
756 14587226 741 1 4 3198
757 14619009 744 5 0 8
758 14619623 745 3 10 118
759 14653403 749 5 9 2
760 14800111 751 10 3 242
761 14800111 751 10 6 950
762 14800111 751 7 6 55
763 14800111 751 8 3 485
764 14800111 751 0 2 119
765 14800111 751 5 3 727
766 14800111 751 3 9 108
767 14800111 751 2 6 55
768 14800111 751 2 0 47
769 14800111 751 1 1 15
770 14800111 751 4 4 54
771 14826743 752 0 0 717
772 14864416 755 9 9 56
773 14905194 757 1 0 7
774 14928115 761 6 5 45
775 15023276 766 3 3 1
776 15023276 766 1 5 13
777 15087889 768 8 8 1321
778 15087889 768 0 9 352
779 15087889 768 0 0 103
780 15146960 778 0 1 279
781 15146960 778 2 9 7
782 15166058 780 0 2 6098
783 15166058 780 2 1 117
784 15176163 782 0 4 1
785 15241854 798 4 4 100
786 15241854 798 4 5 6106
787 15241854 798 4 2 46
788 15241904 799 2 10 54
789 15275249 804 4 9 9
790 15286104 806 5 0 104
791 15300749 812 7 5 958
792 15301872 813 10 8 83
793 15323569 816 7 10 175
794 15349090 820 2 2 104
795 15635247 822 0 6 4
796 15635247 822 9 1 1
797 15635247 822 4 1 1
798 15635247 822 5 2 3
799 15635247 822 8 5 156
800 15635247 822 5 8 479
801 15635247 822 9 3 1
802 15635247 822 6 2 3
803 15635247 822 2 6 8
804 15635247 822 9 2 3
805 15635247 822 6 1 1
806 15635247 822 1 0 1
807 15635247 822 2 7 1244
808 15635247 822 5 6 4
809 15635247 822 2 2 3
810 15864535 823 3 8 10
811 15864535 823 1 8 1
812 15864535 823 8 8 2
813 15864535 823 10 8 30
814 15864535 823 10 3 2
815 15864535 823 2 10 1
816 15864535 823 1 4 3553
817 15864535 823 5 6 282
818 15864535 823 2 9 1
819 15870342 824 0 10 47
820 15937204 825 10 4 62
821 15937204 825 7 1 19
822 15937204 825 0 8 63
823 15978414 830 2 7 448
824 16031133 833 7 1 62
825 16064828 834 7 0 177
826 16064828 834 9 4 61
827 16067289 836 1 3 86
828 16118407 842 1 6 11325
829 16118407 842 1 8 2391
830 16132252 844 1 9 851
831 16162869 846 5 2 142
832 16162869 846 5 6 89
833 16164579 847 6 6 38995
834 16166885 849 7 10 39
835 16166885 849 9 10 39
836 16184994 855 2 0 234
837 16220963 858 5 2 5
838 16220963 858 7 2 1
839 16241685 859 6 6 60
840 16241685 859 6 8 506
841 16241685 859 6 5 14093
842 16444665 864 2 8 113
843 16444665 864 2 0 1809
844 16444665 864 0 0 7236
845 16444665 864 3 2 954
846 16444665 864 3 8 113
847 16444665 864 6 8 339
848 16465135 870 8 10 22
849 16486243 871 6 8 758
850 16486243 871 1 9 3
851 16526212 874 2 6 213
852 16526212 874 2 7 312
853 16546234 876 4 3 37
854 16547248 877 10 6 24
855 16554756 880 1 7 27314
856 16570767 884 0 6 33
857 16695714 886 3 1 5
858 16695714 886 10 0 29
859 16695714 886 7 2 41
860 16695714 886 2 7 4
861 16695714 886 6 2 82
862 16695714 886 0 0 118
863 16697152 887 6 4 158
864 16729098 891 2 8 118
865 16844396 894 9 3 12
866 16844396 894 0 10 33
867 16844396 894 0 2 11
868 16844396 894 2 8 1
869 16844396 894 5 9 71
870 16844396 894 2 3 6
871 16917308 896 1 3 1586
872 16917308 896 2 2 38
873 16917308 896 1 10 33
874 16917308 896 8 3 3173
875 16932745 898 1 1 158
876 16951983 899 6 7 61
877 16951983 899 6 10 114
878 16951983 899 6 9 33179
879 16971769 901 3 2 517
880 17027782 905 0 8 95
881 17084980 907 4 8 14
882 17084980 907 4 4 22
883 17084980 907 2 6 68
884 17084980 907 2 8 156
885 17109679 909 9 6 8913
886 17134564 911 9 0 682
887 17134564 911 1 0 682
888 17162244 913 1 2 19
889 17173845 915 5 10 65
890 17216524 919 8 1 1
891 17222441 920 6 10 8
892 17224621 921 3 9 79
893 17257148 924 0 6 1
894 17292803 926 7 5 9235
895 17292803 926 7 4 65
896 17292803 926 7 1 61
897 17298117 928 1 10 51
898 17583066 929 2 3 13
899 17583066 929 8 6 272
900 17583066 929 10 8 4
901 17583066 929 10 5 227
902 17583066 929 9 9 4
903 17583066 929 3 3 3
904 17583066 929 4 1 2
905 17583066 929 8 3 169
906 17583066 929 7 10 1
907 17583066 929 6 0 655
908 17583066 929 8 0 25
909 17583066 929 5 9 4
910 17583066 929 10 4 1756
911 17583066 929 4 8 4
912 17583066 929 4 3 3
913 17583066 929 2 6 218
914 17583066 929 4 4 2635
915 17583066 929 8 4 1756
916 17583066 929 7 6 54
917 17583066 929 5 10 1
918 17583066 929 2 9 4
919 17583066 929 9 3 3
920 17583066 929 0 8 4
921 17583066 929 0 9 8
922 17751930 930 10 0 7476
923 17751930 930 3 4 7804
924 17751930 930 10 3 15
925 17751930 930 6 0 4984
926 17751930 930 5 8 309
927 17751930 930 6 4 15609
928 17904428 931 7 5 2443
929 17904428 931 4 3 49
930 17904428 931 8 8 4
931 17904428 931 0 0 1056
932 17904428 931 6 9 2119
933 17904428 931 8 1 84
934 17904428 931 2 2 1607
935 17904428 931 5 0 1056
936 17904428 931 0 4 909
937 18005337 932 5 6 69
938 18005337 932 0 3 59
939 18005337 932 5 3 13
940 18005337 932 1 10 23
941 18005337 932 6 8 20
942 18005337 932 4 8 67
943 18005337 932 10 7 10
944 18005337 932 7 3 16
945 18022647 935 0 1 1573
946 18050925 939 4 8 42789
947 18337617 941 4 8 1
948 18337617 941 6 6 24
949 18337617 941 3 5 13
950 18337617 941 5 7 1
951 18337617 941 4 9 3916
952 18337617 941 2 3 1
953 18337617 941 1 10 36
954 18337617 941 3 1 384
955 18337617 941 5 6 2
956 18337617 941 8 3 1
957 18337617 941 4 5 41
958 18337617 941 1 8 1
959 18337617 941 6 7 18
960 18337617 941 8 1 96
961 18337617 941 9 6 8
962 18337617 941 8 10 18
963 18337617 941 7 3 1
964 18337617 941 1 6 5
965 18337617 941 4 0 22
966 18348818 946 7 9 37
967 18350496 947 10 10 71
968 18374894 948 0 1 107
969 18381990 949 10 4 3132
970 18407242 950 9 8 7
971 18407242 950 0 8 29
972 18415829 952 4 4 55
973 18416960 954 6 9 78
974 18469137 959 10 9 43
975 18497147 961 6 5 2407
976 18697348 967 7 8 44
977 18697348 967 1 5 7
978 18697348 967 5 8 44
979 18697348 967 7 4 14
980 18697348 967 1 1 369
981 18697348 967 6 10 27
982 18697348 967 0 5 43
983 18697348 967 5 10 13
984 18697348 967 4 0 9
985 18722555 970 8 4 16
986 18732776 971 0 8 30
987 18757351 972 10 5 263
988 18808706 973 0 7 14257
989 18816597 975 10 8 1
990 18816597 975 6 8 1
991 18824358 978 5 5 281
992 18841664 979 0 8 1268
993 18851505 980 1 10 102
994 18851505 980 7 10 306
995 18851590 981 1 6 406
996 18870959 987 7 9 42
997 18908484 993 4 6 32
998 18908484 993 4 5 84
999 18950306 994 2 1 1
