11 348 1000
0 13391 0 1 8 28
1 13391 0 1 5 6
2 51107 3 9 3 2654
3 51107 3 10 6 2558
4 51107 3 9 5 5552
5 51107 3 9 2 11041
6 61909 6 3 9 2025
7 93421 9 7 7 39
8 93421 9 4 10 25
9 93421 9 1 2 19
10 131147 13 5 5 13
11 135603 16 2 4 209
12 171575 17 3 5 16
13 171575 17 5 4 12
14 171575 17 5 10 1
15 171575 17 0 7 2
16 171575 17 2 2 8942
17 179016 18 1 6 36
18 179016 18 1 1 13067
19 201395 21 4 1 31
20 201395 21 3 2 1009
21 201395 21 3 9 94
22 217469 27 7 0 130
23 237045 29 2 2 8778
24 237045 29 10 1 11
25 237045 29 2 9 94
26 237045 29 2 4 83
27 237045 29 10 0 33
28 238870 30 6 6 11
29 243481 31 5 7 2070
30 243481 31 4 6 1
31 243481 31 1 7 4140
32 243481 31 1 6 46
33 259554 37 4 6 62
34 259554 37 3 0 25
35 259554 37 8 0 25
36 291080 46 5 10 186
37 291444 47 8 1 42
38 292801 49 5 3 10203
39 302157 50 1 8 12
40 302157 50 1 3 14
41 382307 51 5 4 15
42 382307 51 10 3 15
43 382307 51 0 3 107
44 382307 51 10 7 5
45 382307 51 0 6 1
46 382307 51 3 3 15
47 382307 51 8 0 21
48 382307 51 7 9 1
49 382912 52 9 4 249
50 389062 57 7 9 705
51 431384 59 8 9 18
52 431384 59 2 10 3
53 431384 59 5 1 22
54 431384 59 8 0 4
55 431384 59 1 4 1
56 431384 59 2 6 19
57 431384 59 2 4 8
58 454206 66 0 7 227
59 454206 66 0 1 84
60 454206 66 0 10 2896
61 454206 66 0 8 966
62 457926 69 5 1 15911
63 486081 74 7 7 25
64 534787 75 8 0 63
65 534787 75 0 8 1
66 534787 75 7 6 14
67 534787 75 9 5 115
68 534787 75 8 1 4733
69 534787 75 0 7 1
70 534787 75 10 6 14
71 541343 77 4 4 10
72 614865 84 6 9 6
73 614865 84 10 10 2
74 614865 84 6 8 1
75 614865 84 10 7 43
76 614865 84 2 3 4
77 614865 84 2 1 8
78 614865 84 2 5 71
79 632647 90 8 3 184
80 638855 91 9 2 4953
81 638855 91 0 2 550
82 638994 92 9 0 133
83 643332 93 9 7 13
84 649175 94 4 5 1513
85 662502 97 4 9 1843
86 662616 98 10 1 117
87 699619 99 7 1 40
88 699619 99 7 8 5
89 763240 102 8 6 31
90 763240 102 7 2 483
91 763240 102 0 1 3
92 763240 102 6 3 5
93 763240 102 0 0 35
94 769318 103 0 5 6
95 774349 104 4 4 19491
96 774349 104 4 9 60
97 774349 104 4 7 132
98 805529 108 5 10 3
99 805529 108 8 10 3
100 805529 108 3 0 226
101 809413 110 3 6 59
102 809584 111 4 0 2184
103 812788 114 6 9 34
104 813994 115 10 6 95
105 821132 116 2 3 15961
106 821132 116 2 2 161
107 829043 117 0 2 132816
108 838376 118 6 2 15
109 841373 122 6 1 49
110 843017 123 6 3 7858
111 846372 124 9 3 28
112 865235 127 0 1 237
113 881739 134 8 3 3
114 882152 135 1 6 8481
115 897772 136 8 4 6084
116 897772 136 1 2 59
117 897772 136 1 7 22
118 897772 136 8 10 32
119 897772 136 8 6 21
120 948996 137 2 10 890
121 948996 137 7 3 9
122 948996 137 9 7 3
123 948996 137 8 3 48
124 948996 137 3 0 8
125 948996 137 3 4 99
126 948996 137 0 10 222
127 964665 143 0 2 200
128 964665 143 0 7 238
129 966543 145 5 4 231
130 978339 146 7 9 50
131 989726 150 2 1 14
132 989726 150 2 5 126
133 997654 153 8 9 37
134 1048084 154 7 3 56
135 1048084 154 0 8 196
136 1048084 154 9 3 28
137 1048084 154 4 0 4
138 1048084 154 1 0 2
139 1048084 154 4 10 2
140 1048084 154 6 9 23
141 1048084 154 0 9 11
142 1048084 154 4 5 69
143 1048084 154 1 10 17
144 1048084 154 3 9 11
145 1048084 154 8 6 230
146 1048084 154 5 1 33
147 1048084 154 7 9 11
148 1048084 154 9 2 6235
149 1048084 154 7 6 115
150 1113658 160 9 10 57
151 1113658 160 0 5 35
152 1113658 160 2 0 11
153 1113658 160 7 0 11
154 1113658 160 4 7 1
155 1113658 160 7 9 4
156 1113658 160 7 6 19
157 1113658 160 5 9 4
158 1113658 160 0 10 5
159 1113658 160 1 0 23
160 1113658 160 10 3 7
161 1135930 162 10 10 5
162 1135930 162 0 7 1351
163 1135930 162 2 10 75
164 1135930 162 7 0 3799
165 1135930 162 3 4 15
166 1146417 165 8 3 93
167 1158960 170 3 3 61
168 1164428 172 7 2 54
169 1175269 174 6 6 96
170 1175269 174 9 7 14
171 1197286 177 3 1 25986
172 1197286 177 0 6 344
173 1197286 177 0 5 42
174 1197286 177 3 4 23
175 1201325 182 5 6 2663
176 1205844 184 1 6 21
177 1227011 192 3 7 6128
178 1227011 192 3 9 1320
179 1227413 193 5 3 108
180 1228617 194 5 3 4
181 1232114 197 1 1 1245
182 1277536 198 0 2 2
183 1277536 198 9 0 5
184 1277536 198 5 4 4
185 1277536 198 4 3 10
186 1277536 198 3 4 2
187 1277536 198 5 9 31
188 1277536 198 7 9 7
189 1277536 198 1 1 4
190 1277536 198 2 6 334
191 1277536 198 5 0 5
192 1277536 198 4 9 7
193 1277536 198 10 0 5
194 1282990 202 3 3 146
195 1282990 202 3 2 18
196 1296800 203 7 0 49
197 1323060 210 7 3 1
198 1323060 210 1 3 1
199 1325510 213 8 4 106
200 1336624 220 0 5 2340
201 1342532 223 2 2 68
202 1342532 223 7 2 68
203 1343276 224 3 5 91
204 1347454 226 3 9 222
205 1348256 228 9 2 15
206 1371444 229 6 2 1233
207 1371444 229 6 3 14
208 1371444 229 2 3 28
209 1371444 229 0 5 4
210 1371444 229 0 8 118
211 1371444 229 6 8 118
212 1399459 230 8 8 135
213 1399459 230 3 3 136
214 1399459 230 0 3 136
215 1399459 230 8 6 13
216 1399459 230 3 9 29
217 1399459 230 0 9 29
218 1399459 230 3 4 78
219 1399459 230 3 6 6
220 1453766 233 10 3 12
221 1453766 233 9 1 8
222 1453766 233 0 2 13
223 1453766 233 6 1 4
224 1453766 233 0 6 26
225 1453766 233 10 8 26
226 1453766 233 2 5 1
227 1453766 233 3 1 141
228 1478112 237 10 8 53
229 1478112 237 10 4 215
230 1478112 237 4 6 47
231 1478112 237 10 5 107
232 1487320 239 9 1 9
233 1543209 241 3 7 55
234 1543209 241 6 3 1
235 1543209 241 9 9 3679
236 1543355 242 8 3 104
237 1546453 244 1 1 1
238 1550715 248 1 4 194
239 1551752 249 7 5 43
240 1552266 250 2 9 38
241 1585642 259 1 7 25
242 1585642 259 0 8 2025
243 1585642 259 9 7 25
244 1585642 259 4 0 14
245 1585642 259 6 3 623
246 1585961 261 2 6 94
247 1647348 262 9 5 7
248 1647348 262 2 1 30
249 1647348 262 4 1 30
250 1647348 262 0 0 19
251 1647348 262 8 2 6
252 1647348 262 2 0 9
253 1655065 263 9 10 1524
254 1674954 271 1 7 8
255 1676204 272 1 5 106
256 1678349 276 8 5 169
257 1689436 282 8 5 23
258 1689436 282 8 2 74
259 1698261 285 4 0 5994
260 1698261 285 4 8 94
261 1795574 287 0 3 11
262 1795574 287 7 3 17
263 1795574 287 1 7 807
264 1795574 287 10 3 5
265 1795574 287 8 7 1615
266 1795574 287 5 8 5
267 1795574 287 2 0 3
268 1795574 287 1 2 3
269 1795574 287 1 4 10
270 1795574 287 9 10 7
271 1795574 287 6 9 1
272 1795574 287 1 6 48
273 1795574 287 7 4 6
274 1831852 291 5 2 3435
275 1831852 291 4 6 2047
276 1831852 291 8 2 34357
277 1831852 291 5 7 111
278 1831852 291 8 5 103
279 1831852 291 10 1 2688
280 1831852 291 4 5 25
281 1831852 291 5 3 9080
282 1865107 292 3 10 3
283 1865107 292 0 1 197
284 1865107 292 8 6 13
285 1865107 292 10 8 3054
286 1865107 292 4 10 1
287 1865107 292 2 6 13
288 1865107 292 5 0 6
289 1888020 298 9 2 37
290 1891850 301 1 6 4864
291 1929486 303 3 6 5173
292 1929486 303 4 0 158
293 1929486 303 9 6 1193
294 1929486 303 10 2 1892
295 1929486 303 1 7 3
296 1929486 303 2 0 2
297 1952379 304 3 6 1731
298 1952379 304 2 10 977
299 1958918 307 8 4 476
300 1966554 308 6 7 58523
301 1966554 308 6 4 147
302 1970333 310 7 6 6
303 1976724 311 0 10 19
304 2031513 317 7 0 4
305 2031513 317 1 9 27
306 2031513 317 6 9 10
307 2031513 317 2 3 54
308 2031513 317 2 1 14
309 2031513 317 0 7 3013
310 2031513 317 8 8 83
311 2031513 317 3 8 167
312 2035938 320 5 0 8093
313 2037774 323 5 9 187
314 2050322 324 5 10 48
315 2050322 324 1 5 7
316 2079678 328 8 5 297
317 2079678 328 1 8 44
318 2079678 328 5 0 1
319 2079678 328 1 3 1
320 2079678 328 3 9 2
321 2079678 328 6 9 2
322 2079678 328 4 9 2
323 2088193 330 0 0 683
324 2088193 330 0 3 9862
325 2088193 330 0 7 67
326 2088373 332 2 8 19
327 2095176 335 1 5 7886
328 2102664 337 4 9 42
329 2102664 337 4 7 86
330 2118065 339 5 10 8843
331 2118065 339 7 5 95
332 2141416 340 0 9 15
333 2141416 340 6 2 7
334 2141416 340 5 8 451
335 2141416 340 7 1 11
336 2141416 340 7 7 2998
337 2141416 340 3 1 3
338 2141416 340 3 4 5
339 2148270 344 4 7 106
340 2169881 353 0 1 6
341 2169881 353 0 10 3133
342 2192293 363 8 4 62
343 2198029 366 7 9 52
344 2211535 369 6 0 34
345 2211535 369 2 0 17
346 2211535 369 9 8 28
347 2211535 369 1 8 28
348 2234096 370 1 10 35
349 2234096 370 3 8 3
350 2234096 370 8 3 10
351 2234096 370 9 5 1
352 2239098 376 9 10 108
353 2256678 380 10 4 157
354 2256678 380 10 6 315
355 2267220 387 3 9 1
356 2282708 388 7 10 17
357 2282708 388 7 0 709
358 2337046 390 0 5 6
359 2337046 390 7 8 767
360 2337046 390 2 6 114
361 2337046 390 0 10 1
362 2337046 390 7 5 20
363 2356418 392 7 4 427
364 2356418 392 4 4 427
365 2359076 394 2 4 16746
366 2425598 395 5 8 66
367 2425598 395 3 7 1
368 2425598 395 5 5 177
369 2425598 395 4 6 13
370 2425598 395 0 5 177
371 2425598 395 10 1 3
372 2425598 395 7 0 440
373 2425598 395 7 2 1
374 2425598 395 8 3 10
375 2425598 395 9 9 2555
376 2425598 395 0 4 1
377 2425598 395 0 0 1322
378 2425598 395 1 1 24
379 2425598 395 6 2 1
380 2425598 395 9 4 1
381 2425598 395 3 3 21
382 2425598 395 4 9 2555
383 2425598 395 2 6 54
384 2432081 398 3 9 12
385 2438212 401 5 3 2385
386 2461483 402 2 9 21
387 2461483 402 2 4 6
388 2461483 402 2 0 126
389 2461483 402 9 2 1
390 2462666 404 5 0 21
391 2465866 405 2 5 15
392 2480021 407 2 8 611
393 2480021 407 2 2 73
394 2526698 409 5 2 7
395 2526698 409 2 0 528
396 2526698 409 6 9 60
397 2526698 409 10 7 1
398 2526698 409 10 0 1584
399 2526698 409 1 8 13
400 2526698 409 8 8 26
401 2526698 409 6 7 1
402 2552077 413 2 0 144
403 2552077 413 9 8 10548
404 2557433 419 10 1 7
405 2582407 424 7 0 119
406 2582407 424 7 10 493
407 2665531 428 1 2 17
408 2665531 428 9 9 1
409 2665531 428 4 5 822
410 2665531 428 7 9 1
411 2665531 428 5 1 6684
412 2665531 428 8 8 2
413 2665531 428 1 8 2
414 2665531 428 8 7 1
415 2665531 428 4 7 1
416 2665531 428 9 0 1
417 2665531 428 3 5 822
418 2665531 428 8 10 8
419 2665531 428 5 0 1
420 2665531 428 7 6 2
421 2665531 428 9 3 3
422 2665531 428 1 5 822
423 2665531 428 6 3 3
424 2712140 430 4 6 190
425 2712140 430 10 3 29
426 2712140 430 8 2 36
427 2712140 430 7 0 2
428 2712140 430 5 5 8
429 2712140 430 7 3 21
430 2712140 430 3 8 1
431 2712140 430 8 8 1
432 2712140 430 1 3 4
433 2715622 433 7 4 12730
434 2717825 434 8 2 37
435 2717825 434 9 2 74
436 2729634 440 4 2 100
437 2737586 444 7 0 19
438 2740245 445 7 0 52
439 2788961 457 5 9 13
440 2788961 457 6 6 6
441 2788961 457 6 0 25
442 2788961 457 1 5 64
443 2788961 457 0 0 8
444 2788961 457 4 5 32
445 2788961 457 2 1 1
446 2788961 457 7 0 8
447 2788961 457 10 7 10
448 2806604 460 1 6 9
449 2842647 461 9 2 5
450 2842647 461 9 4 42
451 2842647 461 6 5 4
452 2842647 461 3 4 10
453 2842647 461 0 6 245
454 2842647 461 4 0 1
455 2842647 461 3 0 16
456 2842647 461 3 6 614
457 2960544 466 3 9 4
458 2960544 466 2 4 652
459 2960544 466 1 3 3602
460 2960544 466 1 1 2
461 2960544 466 10 2 50
462 2960544 466 4 6 4
463 2960544 466 4 1 2
464 2960544 466 3 0 7
465 2960544 466 9 2 50
466 2960544 466 8 9 4
467 2960544 466 6 6 16
468 2960544 466 10 5 1
469 2960544 466 10 0 7
470 2960544 466 9 6 4
471 2960544 466 2 5 1
472 2960544 466 5 0 7
473 2960544 466 0 1 14
474 2960544 466 6 7 1
475 2988508 467 5 0 430
476 2988508 467 2 1 1
477 2998050 469 6 3 3988
478 3043840 473 0 3 14
479 3043840 473 9 2 7
480 3043840 473 5 2 23
481 3043840 473 5 3 14
482 3043840 473 1 2 15
483 3043840 473 3 8 52
484 3141926 475 3 9 5
485 3141926 475 6 7 85
486 3141926 475 3 0 1
487 3141926 475 7 6 37
488 3141926 475 6 3 1
489 3141926 475 8 7 4
490 3141926 475 0 1 6
491 3141926 475 8 2 3
492 3141926 475 0 5 2
493 3141926 475 5 3 1
494 3152497 477 2 9 103
495 3159961 479 0 9 1
496 3159961 479 2 9 1
497 3159961 479 6 9 1
498 3166738 483 2 10 40
499 3173223 486 6 8 21916
500 3178674 487 5 1 65
501 3179077 488 10 4 7643
502 3191057 489 0 5 94
503 3191057 489 2 10 7526
504 3191057 489 8 4 48
505 3197279 493 8 7 18
506 3290448 498 0 3 1
507 3290448 498 2 2 23
508 3290448 498 1 0 10
509 3290448 498 7 8 514
510 3290448 498 5 9 1
511 3290448 498 3 6 1
512 3290448 498 1 6 1
513 3290448 498 0 1 53
514 3290448 498 0 10 13
515 3290448 498 4 3 1
516 3290448 498 0 6 1
517 3290448 498 4 6 1
518 3290448 498 3 3 1
519 3290448 498 0 4 50
520 3290448 498 2 1 17
521 3290448 498 6 3 1
522 3290448 498 5 5 702
523 3290448 498 1 7 14
524 3290448 498 7 4 50
525 3298074 499 7 7 71
526 3298074 499 7 3 51
527 3305424 504 10 9 1333
528 3358369 507 8 6 3
529 3358369 507 1 0 6
530 3358369 507 7 4 4287
531 3358369 507 0 0 12
532 3358369 507 0 10 4631
533 3360352 508 1 8 38
534 3360352 508 5 8 38
535 3379164 510 7 6 71
536 3379164 510 6 6 71
537 3379164 510 6 7 383
538 3379620 511 8 2 14390
539 3434564 513 2 7 5
540 3434564 513 9 9 40
541 3434564 513 0 3 5
542 3434564 513 3 6 80
543 3434564 513 1 4 300
544 3434564 513 0 6 80
545 3434564 513 5 2 6
546 3434564 513 3 7 5
547 3445954 516 3 3 1
548 3445954 516 1 3 1
549 3470940 535 10 7 6
550 3470940 535 0 7 12
551 3473324 537 2 10 22
552 3488422 544 7 5 54
553 3496906 547 4 7 18
554 3505972 550 0 6 31
555 3518670 551 2 9 4879
556 3619153 555 3 6 47
557 3619153 555 4 7 60
558 3619153 555 1 2 876
559 3619153 555 0 3 202
560 3619153 555 7 2 876
561 3619153 555 2 8 7
562 3619153 555 0 9 2
563 3619153 555 1 1 95
564 3619153 555 2 10 32
565 3654133 556 8 10 335
566 3672107 558 1 6 81
567 3673465 559 1 0 608
568 3675783 560 2 2 8
569 3675783 560 6 0 10
570 3680125 561 7 10 28
571 3687999 562 10 7 2
572 3687999 562 10 3 1378
573 3697268 563 10 3 653
574 3704498 565 1 10 1219
575 3704498 565 1 0 14
576 3704498 565 1 6 430
577 3704498 565 1 1 233
578 3742835 569 10 2 78
579 3742835 569 7 2 26
580 3742835 569 2 1 1
581 3742835 569 4 8 1
582 3742835 569 4 10 73
583 3742835 569 0 6 5
584 3742835 569 9 1 1
585 3742835 569 2 7 8
586 3742835 569 8 2 26
587 3742835 569 9 0 26
588 3742835 569 9 6 87
589 3742835 569 4 2 52
590 3752226 575 10 8 15
591 3780889 576 0 7 9
592 3780889 576 0 6 27
593 3781875 577 8 0 1169
594 3785960 578 6 8 233
595 3788535 581 6 9 62
596 3811940 583 6 4 5985
597 3811940 583 6 7 1421
598 3812848 584 10 5 3971
599 3814618 587 4 1 12
600 3827192 591 0 1 40
601 3865996 602 8 4 906
602 3865996 602 6 5 30
603 3878647 606 10 6 184
604 3890488 611 2 4 117
605 3890488 611 8 8 990
606 3890488 611 3 6 410
607 3890488 611 3 4 39
608 3890488 611 2 2 8
609 3974572 612 1 10 55
610 3974572 612 8 8 8
611 3974572 612 3 0 71
612 3974572 612 0 2 897
613 3974572 612 4 8 17
614 3974572 612 9 5 120
615 3974572 612 0 4 26
616 3974572 612 8 10 5
617 3974572 612 6 6 1
618 3974572 612 7 10 5
619 3974572 612 0 5 240
620 3981849 614 6 5 252
621 3983251 615 2 7 39103
622 4061070 616 2 6 72
623 4061070 616 9 1 1
624 4061070 616 1 7 1201
625 4061070 616 3 4 1
626 4061070 616 1 5 1227
627 4061070 616 2 8 1
628 4061070 616 8 7 200
629 4061070 616 0 3 20
630 4061070 616 6 8 1
631 4061070 616 2 10 854
632 4061070 616 6 6 108
633 4061070 616 7 2 1
634 4061070 616 4 4 78
635 4061070 616 3 0 988
636 4062585 617 3 9 85
637 4077031 624 0 5 2839
638 4077711 625 2 0 34
639 4088191 626 2 4 100
640 4090390 627 1 7 2270
641 4099447 628 1 0 118
642 4100627 630 10 6 226
643 4107969 631 2 6 351
644 4107969 631 5 1 1
645 4107969 631 5 6 491
646 4127829 633 5 9 17
647 4127829 633 5 0 4797
648 4136513 635 5 8 1373
649 4136513 635 5 7 192
650 4146951 638 2 6 40
651 4146951 638 0 6 40
652 4147235 639 2 3 55
653 4148190 641 5 6 2
654 4148961 643 1 4 19
655 4197055 644 9 10 2
656 4197055 644 8 10 22
657 4197055 644 10 1 6
658 4197055 644 6 6 1
659 4197055 644 3 1 748
660 4197055 644 3 7 648
661 4197055 644 8 6 1
662 4197055 644 1 4 647
663 4197055 644 7 8 908
664 4197055 644 9 1 6
665 4197055 644 7 10 1
666 4197055 644 6 1 6
667 4197055 644 9 3 64
668 4197055 644 6 8 1817
669 4197055 644 3 0 8
670 4202795 653 7 10 4838
671 4205526 658 0 3 6037
672 4213219 661 9 0 13
673 4213222 662 4 4 2
674 4216215 666 4 3 2
675 4216215 666 9 3 2
676 4220890 668 5 8 15767
677 4287801 671 4 3 61
678 4287801 671 4 7 1
679 4287801 671 5 5 30
680 4287801 671 2 9 68
681 4287801 671 8 2 6
682 4289342 672 8 5 20
683 4289342 672 8 2 85
684 4315825 681 0 4 2639
685 4315825 681 1 5 12
686 4315825 681 2 4 1319
687 4368981 683 6 7 548
688 4368981 683 10 6 135
689 4368981 683 9 3 29
690 4368981 683 7 10 16
691 4368981 683 1 3 29
692 4368981 683 0 2 3054
693 4368981 683 3 0 1
694 4368981 683 3 8 23
695 4368981 683 9 7 548
696 4368981 683 5 8 11
697 4368981 683 0 7 3841
698 4373691 687 7 5 2915
699 4384700 689 8 4 318
700 4411940 690 8 0 3850
701 4435255 692 2 1 48
702 4442788 693 8 1 66
703 4442788 693 8 3 1542
704 4547860 695 3 5 7
705 4547860 695 7 7 1
706 4547860 695 9 0 64
707 4547860 695 10 5 7
708 4547860 695 2 7 1
709 4547860 695 0 0 42
710 4547860 695 6 2 1587
711 4547860 695 3 8 1
712 4547860 695 3 3 4
713 4547860 695 8 1 3
714 4547860 695 6 4 8
715 4547860 695 1 3 4
716 4547860 695 1 9 214
717 4547860 695 1 0 42
718 4547860 695 4 8 1
719 4547860 695 6 0 64
720 4547860 695 0 7 2
721 4552145 697 2 1 77
722 4576113 698 2 2 153
723 4576113 698 5 1 3
724 4576113 698 2 5 3
725 4576113 698 10 2 25
726 4576113 698 10 9 66
727 4576113 698 5 6 48
728 4588807 701 1 2 3
729 4588807 701 9 2 76
730 4609400 702 4 6 22
731 4609400 702 3 10 17
732 4609400 702 3 3 1
733 4609400 702 0 6 22
734 4630183 703 9 1 49
735 4630183 703 2 10 81
736 4630183 703 9 3 37
737 4647710 710 3 9 22919
738 4655415 712 2 4 49
739 4662879 716 3 10 175
740 4702347 718 3 8 2911
741 4702347 718 6 1 6
742 4702347 718 7 9 31
743 4702347 718 2 7 23
744 4702347 718 10 1 6
745 4702347 718 0 0 1
746 4720893 723 3 6 66
747 4720893 723 6 5 29
748 4720893 723 6 7 16
749 4720893 723 3 2 3584
750 4720893 723 6 0 79
751 4727980 724 6 2 205
752 4737227 727 10 0 769
753 4765539 732 6 5 66
754 4765539 732 0 2 722
755 4765539 732 7 0 1
756 4766009 733 9 8 3956
757 4766141 734 2 0 38
758 4789769 735 6 8 280
759 4789769 735 6 7 1348
760 4789769 735 9 4 153
761 4789769 735 6 1 62
762 4797473 737 5 0 44
763 4797473 737 0 0 44
764 4797473 737 10 0 88
765 4862408 741 3 5 17
766 4862408 741 9 5 11
767 4862408 741 3 2 9
768 4862408 741 0 4 33
769 4862408 741 4 9 14
770 4862408 741 6 8 1
771 4862408 741 7 1 989
772 4873003 744 5 0 8
773 4874026 746 6 9 88
774 4884467 749 10 7 20
775 4884467 749 9 7 41
776 4933370 751 2 8 1
777 4933370 751 0 7 3
778 4933370 751 6 7 3
779 4933370 751 2 2 119
780 4933370 751 1 1 15
781 4933370 751 10 7 7
782 4933370 751 4 5 355
783 4942247 752 0 0 717
784 4942247 752 1 9 1
785 4954805 755 9 0 195
786 4954805 755 9 8 92
787 4968398 757 3 1 38
788 4968398 757 8 1 38
789 5007758 766 0 10 30
790 5007758 766 10 6 14
791 5007758 766 3 5 13
792 5029296 768 0 3 102
793 5029296 768 8 6 2
794 5029296 768 8 10 47
795 5043206 777 1 6 75
796 5048986 778 6 9 7
797 5049839 779 4 1 18222
798 5055352 780 1 1 117
799 5058721 782 8 4 1
800 5065514 787 2 4 78
801 5071178 795 3 7 39
802 5080618 798 4 2 46
803 5084042 802 5 2 4521
804 5084062 803 8 3 11335
805 5091749 804 4 4 621
806 5098006 807 2 10 55
807 5211749 822 6 1 1
808 5211749 822 1 7 276
809 5211749 822 5 7 138
810 5211749 822 10 5 78
811 5211749 822 4 2 9
812 5211749 822 8 8 239
813 5211749 822 3 7 414
814 5211749 822 10 7 138
815 5211749 822 6 3 1
816 5211749 822 7 8 479
817 5211749 822 0 1 1
818 5288178 823 8 6 282
819 5288178 823 10 6 7637
820 5288178 823 2 6 282
821 5288178 823 3 7 3756
822 5288178 823 5 9 1
823 5288178 823 8 7 751
824 5288178 823 9 4 7107
825 5288178 823 1 7 1502
826 5288178 823 8 0 26
827 5288178 823 1 8 1
828 5288178 823 3 6 282
829 5288178 823 9 6 1414
830 5288178 823 8 8 2
831 5288178 823 5 10 1
832 5312401 825 0 2 27
833 5326138 830 8 2 21
834 5326928 832 1 1 30673
835 5354942 834 1 0 15
836 5354942 834 9 9 14
837 5355372 835 3 1 125
838 5360716 839 8 3 4
839 5377417 844 1 9 851
840 5381072 845 10 7 4
841 5387623 846 5 8 80
842 5388193 847 6 6 38995
843 5392725 853 9 0 60
844 5405548 857 9 4 62
845 5413895 859 6 2 342
846 5413895 859 6 10 7
847 5413895 859 6 1 2
848 5429742 863 2 7 8
849 5481555 864 8 9 141
850 5481555 864 2 6 4
851 5481555 864 8 1 4
852 5481555 864 7 6 4
853 5481555 864 5 8 113
854 5488378 870 8 10 22
855 5498830 872 1 6 11
856 5508737 874 2 6 213
857 5513644 875 2 7 9
858 5513644 875 3 7 9
859 5518252 880 1 7 27314
860 5523589 884 0 6 33
861 5565238 886 3 4 1
862 5565238 886 9 7 4
863 5565238 886 6 6 555
864 5565238 886 1 3 48
865 5565238 886 1 6 1111
866 5565238 886 5 4 25
867 5565238 886 9 9 1503
868 5572747 888 10 9 16
869 5572747 888 10 1 119
870 5614798 894 4 5 8
871 5614798 894 7 10 33
872 5614798 894 9 10 33
873 5614798 894 4 8 1
874 5639102 896 1 10 33
875 5639102 896 9 9 30
876 5657256 901 7 2 30
877 5669769 903 1 7 111
878 5669769 903 1 9 9
879 5694993 907 2 1 116
880 5695478 908 1 0 165
881 5703226 909 9 8 5
882 5703226 909 9 5 138
883 5711521 911 6 0 1365
884 5711521 911 4 0 682
885 5711521 911 3 0 682
886 5720748 913 2 2 19
887 5730659 917 9 9 199
888 5738841 919 7 1 9
889 5738841 919 4 1 1
890 5738841 919 10 1 2
891 5752382 924 10 6 1
892 5766039 928 0 10 51
893 5861022 929 9 8 14
894 5861022 929 6 2 42
895 5861022 929 8 4 1756
896 5861022 929 6 7 4
897 5861022 929 5 4 878
898 5861022 929 0 10 1
899 5861022 929 0 3 6
900 5861022 929 5 2 8
901 5861022 929 1 5 227
902 5861022 929 6 5 227
903 5861022 929 2 3 13
904 5861022 929 5 3 3
905 5861022 929 6 0 655
906 5861022 929 3 9 4
907 5917310 930 1 9 71
908 5917310 930 3 0 2492
909 5917310 930 5 1 43
910 5917310 930 10 10 683
911 5917310 930 6 7 10
912 5917310 930 7 6 13
913 5968142 931 6 10 225
914 5968142 931 2 6 8
915 5968142 931 6 2 1607
916 5968142 931 1 1 10
917 5968142 931 7 6 8
918 5968142 931 8 1 84
919 6001779 932 2 8 6
920 6001779 932 5 6 69
921 6001779 932 10 7 10
922 6001779 932 1 0 4
923 6001779 932 1 7 3
924 6001779 932 1 1 779
925 6001779 932 8 0 2
926 6001779 932 3 7 3
927 6001779 932 7 10 23
928 6001779 932 8 2 902
929 6009850 937 4 6 76
930 6016975 939 3 8 14263
931 6022403 940 0 10 1313
932 6112539 941 0 10 18
933 6112539 941 0 6 34
934 6112539 941 8 7 1
935 6112539 941 7 8 6
936 6112539 941 3 10 18
937 6112539 941 2 3 1
938 6112539 941 3 3 2
939 6112539 941 4 4 32
940 6112539 941 8 1 96
941 6112539 941 1 2 2
942 6112539 941 6 2 5
943 6112539 941 3 1 384
944 6112539 941 8 2 2
945 6112539 941 1 7 1
946 6112539 941 9 5 13
947 6112539 941 10 6 10
948 6112539 941 4 2 10
949 6112539 941 6 0 5
950 6112539 941 5 5 13
951 6112539 941 1 6 5
952 6112539 941 1 1 1248
953 6116272 946 7 9 37
954 6116272 946 1 9 112
955 6116272 946 8 9 37
956 6124964 948 0 7 18
957 6124964 948 6 7 18
958 6135747 950 9 8 7
959 6138986 954 6 9 78
960 6139862 955 7 4 6343
961 6143650 957 7 9 35
962 6165715 961 3 5 343
963 6165715 961 6 5 2407
964 6169416 965 9 8 9024
965 6169416 965 10 8 564
966 6232449 967 6 7 243
967 6232449 967 4 5 7
968 6232449 967 6 0 19
969 6232449 967 6 1 369
970 6232449 967 1 1 369
971 6232449 967 1 9 9
972 6232449 967 6 9 2
973 6232449 967 0 8 44
974 6232449 967 7 2 30
975 6232449 967 6 5 7
976 6232449 967 0 1 369
977 6232449 967 7 0 29
978 6240851 970 4 3 16276
979 6240851 970 8 6 37
980 6240851 970 4 4 50
981 6252450 972 10 9 152
982 6252450 972 10 0 323
983 6252450 972 10 5 263
984 6269568 973 0 4 10
985 6269568 973 0 7 14257
986 6269568 973 0 3 3
987 6269568 973 2 1 4
988 6269568 973 0 10 26
989 6269568 973 0 0 2
990 6280554 979 6 1 290
991 6280554 979 0 8 1268
992 6291622 988 8 4 7153
993 6292077 989 8 5 56
994 6302828 993 4 0 4812
995 6316768 994 5 4 38
996 6316768 994 9 1 1
997 6316768 994 0 1 28
998 6316768 994 6 5 97
999 6331058 999 8 2 26
