11 350 1000
0 24103 0 9 9 1
1 24103 0 1 1 3
2 24103 0 9 7 46
3 91994 3 5 0 2396
4 91994 3 9 5 5552
5 91994 3 5 2 11041
6 91994 3 5 1 14
7 108126 5 9 8 2075
8 168158 9 4 4 2
9 168158 9 7 6 23
10 168158 9 7 2 19
11 168158 9 4 8 2
12 168158 9 1 4 2
13 168158 9 7 1 19
14 236064 13 1 9 30152
15 308835 17 5 8 30
16 308835 17 3 7 19
17 308835 17 6 9 1976
18 308835 17 2 2 8942
19 308835 17 0 2 526
20 308835 17 0 10 1
21 308835 17 10 2 1578
22 322229 18 1 1 13067
23 322229 18 1 0 61
24 322229 18 1 3 19564
25 322229 18 1 6 36
26 362511 21 3 4 45
27 362511 21 3 1 17
28 362511 21 4 2 6055
29 426681 29 10 6 2425
30 426681 29 10 3 99
31 426681 29 10 2 2926
32 426681 29 10 0 33
33 438266 31 3 3 475
34 438266 31 4 6 1
35 443025 32 0 4 14
36 467198 37 0 9 2107
37 467198 37 8 10 4
38 467198 37 6 10 4
39 509199 41 10 8 44
40 509199 41 10 0 90
41 520972 44 1 6 217
42 520972 44 1 1 36
43 520972 44 1 2 89
44 526717 48 8 8 26
45 543883 50 2 0 44
46 688153 51 2 2 5
47 688153 51 2 6 1
48 688153 51 7 3 15
49 688153 51 3 3 15
50 688153 51 9 4 31
51 688153 51 0 6 1
52 688153 51 8 2 26
53 692174 54 0 10 4501
54 776492 59 1 6 19
55 776492 59 5 10 3
56 776492 59 8 10 27
57 776492 59 5 2 102
58 776492 59 5 8 15
59 776492 59 1 10 3
60 776492 59 8 7 6
61 790889 61 7 4 126
62 790889 61 7 2 24
63 817570 66 0 10 2896
64 817570 66 0 0 2
65 849871 70 3 7 1
66 871506 72 6 6 108
67 874946 74 3 7 8
68 962617 75 0 5 115
69 962617 75 0 7 1
70 962617 75 7 10 7
71 962617 75 2 8 1
72 962617 75 9 9 33
73 962617 75 6 5 231
74 962617 75 10 6 14
75 962617 75 0 9 1
76 962617 75 9 10 7
77 962617 75 1 7 1
78 962617 75 5 10 3
79 974418 77 0 4 105
80 991273 83 0 2 165
81 1106757 84 2 10 6
82 1106757 84 7 10 95
83 1106757 84 10 7 43
84 1107680 86 7 5 3487
85 1136677 89 7 2 266
86 1136677 89 7 9 100
87 1157998 93 7 10 67
88 1168516 94 6 5 756
89 1168516 94 7 5 2270
90 1259315 99 9 4 28
91 1259315 99 9 1 40
92 1259315 99 7 9 42
93 1259315 99 0 1 40
94 1259315 99 7 7 12
95 1373832 102 1 4 4
96 1373832 102 9 1 7
97 1373832 102 0 1 3
98 1373832 102 0 10 21
99 1373832 102 2 10 21
100 1373832 102 9 10 21
101 1373832 102 5 5 14
102 1384773 103 3 5 87
103 1384773 103 9 5 13
104 1397659 107 6 2 1524
105 1449952 108 7 4 34
106 1449952 108 0 6 7
107 1449952 108 0 2 1
108 1449952 108 2 3 69
109 1450801 109 3 0 33
110 1456943 110 3 5 196
111 1456943 110 3 7 345
112 1456943 110 3 0 197
113 1456943 110 3 9 116
114 1456943 110 3 2 330
115 1457251 111 4 0 2184
116 1478038 116 2 9 68
117 1492278 117 0 2 132816
118 1492278 117 0 7 29
119 1509077 118 6 2 15
120 1557423 127 0 9 22699
121 1557423 127 0 2 9547
122 1587131 134 1 6 1980
123 1615990 136 1 4 6084
124 1615990 136 1 10 32
125 1615990 136 1 2 59
126 1615990 136 1 7 22
127 1615990 136 1 0 2006
128 1615990 136 8 4 6084
129 1615990 136 8 5 496
130 1708193 137 8 3 48
131 1708193 137 4 2 21
132 1708193 137 7 7 3
133 1708193 137 2 0 4
134 1709703 138 9 5 109
135 1717481 139 8 1 504
136 1736398 143 0 7 238
137 1736398 143 0 5 3991
138 1736398 143 0 1 26
139 1768048 149 7 7 229
140 1781507 150 2 5 126
141 1781507 150 2 10 10
142 1781507 150 2 7 5692
143 1795777 153 8 9 37
144 1886551 154 0 8 196
145 1886551 154 8 4 10
146 1886551 154 9 5 69
147 1886551 154 10 10 1
148 1886551 154 8 9 11
149 1886551 154 8 1 5
150 1886551 154 1 7 642
151 1886551 154 1 4 10
152 1886551 154 2 7 642
153 1886551 154 7 6 115
154 1886551 154 2 2 249
155 1886551 154 8 6 230
156 1898218 159 1 4 95
157 2004585 160 7 2 421
158 2004585 160 3 7 1
159 2004585 160 7 3 137
160 2004585 160 3 1 1
161 2004585 160 8 10 5
162 2004585 160 2 0 11
163 2004585 160 10 5 5
164 2004585 160 5 6 2
165 2004585 160 2 5 5
166 2004585 160 9 6 2
167 2004585 160 10 3 7
168 2004585 160 8 6 5
169 2004585 160 9 1 1
170 2004585 160 1 0 23
171 2044674 162 6 3 191
172 2044674 162 10 3 382
173 2044674 162 0 7 1351
174 2044674 162 2 4 15
175 2044674 162 6 4 92
176 2063551 165 7 4 29
177 2064642 166 7 4 13
178 2086128 170 3 2 1368
179 2115484 174 6 6 96
180 2115484 174 5 6 24
181 2115484 174 6 2 19
182 2155116 177 0 0 89
183 2155116 177 3 6 172
184 2155116 177 3 1 25986
185 2155116 177 0 6 344
186 2155116 177 3 10 393
187 2162386 182 5 6 2663
188 2170520 184 0 5 54
189 2182768 187 4 2 24
190 2183816 188 4 10 27
191 2193118 190 10 10 8155
192 2211562 195 5 3 168
193 2217805 197 1 1 1245
194 2299565 198 4 9 7
195 2299565 198 5 1 9
196 2299565 198 4 10 7
197 2299565 198 1 4 4
198 2299565 198 5 5 1
199 2299565 198 1 2 2
200 2299565 198 10 0 5
201 2299565 198 6 3 20
202 2299565 198 1 0 10
203 2309382 202 3 8 120
204 2309382 202 3 0 194
205 2334241 203 7 7 7494
206 2334241 203 8 1 5
207 2334241 203 8 3 1767
208 2347114 207 7 0 68
209 2347489 208 10 7 217
210 2356429 209 8 5 39
211 2356429 209 1 5 39
212 2381508 210 0 3 1
213 2381508 210 6 3 1
214 2381508 210 4 3 1
215 2388032 215 7 4 8130
216 2389569 216 9 5 2
217 2398292 217 4 4 150
218 2398292 217 8 5 78
219 2407720 222 0 7 28
220 2417897 224 3 5 91
221 2425954 227 5 7 1033
222 2468599 229 0 4 17
223 2468599 229 2 7 9
224 2468599 229 6 8 118
225 2468599 229 0 8 118
226 2468599 229 6 0 10
227 2468599 229 2 9 74
228 2468599 229 2 3 28
229 2468599 229 2 10 5
230 2468599 229 0 1 1
231 2468599 229 0 6 27
232 2468599 229 2 1 1
233 2468599 229 0 7 28
234 2519027 230 8 3 136
235 2519027 230 8 5 3
236 2519027 230 3 1 230
237 2519027 230 0 1 46
238 2519027 230 0 7 226
239 2519027 230 3 0 48
240 2519027 230 3 4 78
241 2523037 231 4 6 2
242 2523037 231 5 6 6
243 2527021 232 6 5 18
244 2616780 233 10 8 26
245 2616780 233 3 2 4
246 2660602 237 4 8 53
247 2660602 237 4 1 55
248 2660602 237 4 10 82
249 2660602 237 10 3 224
250 2660602 237 4 6 47
251 2662865 238 3 7 58456
252 2677176 239 5 1 9
253 2677840 240 1 6 190
254 2777776 241 9 5 1682
255 2777776 241 4 5 1682
256 2777776 241 9 1 6
257 2777776 241 9 6 1
258 2777776 241 6 0 9
259 2777776 241 1 1 18
260 2794078 250 2 9 38
261 2798156 253 0 6 55
262 2854156 259 4 1 891
263 2854156 259 5 3 1246
264 2854156 259 10 0 14
265 2854156 259 0 7 51
266 2965227 262 0 7 1
267 2965227 262 3 10 6
268 2965227 262 9 4 1
269 2965227 262 2 6 8
270 2979118 263 6 10 1524
271 2979118 263 1 10 4572
272 3003048 269 4 7 59
273 3003048 269 4 0 22
274 3005680 270 8 3 19537
275 3056871 285 4 0 5994
276 3056871 285 4 8 94
277 3232033 287 5 1 6
278 3232033 287 10 7 807
279 3232033 287 5 8 5
280 3232033 287 6 7 807
281 3232033 287 1 3 5
282 3232033 287 10 1 3
283 3232033 287 9 7 807
284 3232033 287 0 9 1
285 3232033 287 7 8 5
286 3232033 287 4 0 1
287 3232033 287 10 2 3
288 3232033 287 8 4 1
289 3232033 287 5 9 1
290 3232033 287 4 9 1
291 3232033 287 7 4 6
292 3232033 287 9 3 5
293 3232033 287 2 6 24
294 3232033 287 9 4 10
295 3297335 291 7 3 211
296 3297335 291 8 5 103
297 3297335 291 3 2 3435
298 3297335 291 7 2 3435
299 3297335 291 4 5 25
300 3297335 291 3 3 844
301 3357194 292 4 9 176
302 3357194 292 4 10 1
303 3357194 292 9 1 197
304 3398437 298 9 9 5
305 3398437 298 9 7 60
306 3473075 303 3 9 204
307 3473075 303 9 6 1193
308 3473075 303 2 9 204
309 3473075 303 2 1 25
310 3473075 303 1 1 75
311 3473075 303 9 9 409
312 3473075 303 8 8 324
313 3514283 304 2 7 8
314 3514283 304 2 6 577
315 3514283 304 3 2 24
316 3523854 306 7 9 19562
317 3526053 307 4 4 476
318 3526053 307 8 4 476
319 3539797 308 6 6 76
320 3540361 309 3 0 37
321 3546601 310 0 7 73
322 3558103 311 2 10 76
323 3656724 317 6 9 10
324 3656724 317 9 1 14
325 3656724 317 7 5 964
326 3656724 317 5 2 565
327 3701922 327 3 3 686
328 3743421 328 8 5 297
329 3743421 328 5 8 267
330 3743421 328 2 5 297
331 3743421 328 9 5 4162
332 3743421 328 1 5 297
333 3746084 329 4 7 6
334 3758748 330 0 3 9862
335 3758748 330 0 10 1364
336 3771317 335 1 4 11349
337 3771317 335 1 5 7886
338 3784795 337 4 6 86
339 3784795 337 4 3 98
340 3812517 339 2 3 645
341 3812517 339 10 7 31
342 3812517 339 4 7 15
343 3812517 339 5 10 8843
344 3854548 340 6 1 3
345 3854548 340 7 9 15
346 3884480 349 2 6 2272
347 3905787 353 0 3 163
348 3939798 362 10 3 357
349 3939798 362 6 3 357
350 3946128 363 4 4 31
351 3960974 367 6 3 60
352 3980764 369 1 9 476
353 3980764 369 9 7 1
354 4021372 370 9 5 1
355 4021372 370 7 2 9
356 4021372 370 3 8 3
357 4021372 370 10 5 1
358 4030377 376 9 10 108
359 4066355 382 1 0 15
360 4075276 386 8 3 1952
361 4108874 388 0 2 35
362 4108874 388 0 6 202
363 4108874 388 0 5 38
364 4206684 390 6 8 767
365 4206684 390 9 10 1
366 4206684 390 7 5 20
367 4206684 390 1 9 174
368 4206684 390 7 8 767
369 4206684 390 0 3 1193
370 4206684 390 4 9 174
371 4206684 390 6 7 6
372 4206684 390 2 9 6824
373 4241553 392 10 4 1281
374 4366077 395 10 3 10
375 4366077 395 7 5 177
376 4366077 395 4 1 1
377 4366077 395 5 5 177
378 4366077 395 9 9 2555
379 4374645 396 3 1 405
380 4430669 402 2 1 907
381 4430669 402 2 0 126
382 4430669 402 9 4 6
383 4430669 402 2 10 13
384 4438560 405 8 5 15
385 4446485 406 1 10 204
386 4464038 407 2 8 611
387 4464038 407 2 3 139
388 4464038 407 2 1 9
389 4464038 407 2 5 310
390 4548056 409 2 4 2
391 4548056 409 5 8 13
392 4548056 409 1 8 13
393 4548056 409 6 6 1
394 4548056 409 2 10 15
395 4548056 409 10 0 1584
396 4548056 409 8 5 797
397 4548056 409 8 4 782
398 4548056 409 5 10 10
399 4548056 409 6 4 2
400 4548056 409 1 6 1
401 4548056 409 10 2 3
402 4548056 409 8 0 1056
403 4551977 410 6 3 1
404 4593740 413 2 3 25
405 4593740 413 9 2 3014
406 4593740 413 9 9 16
407 4600908 416 8 1 2
408 4611254 420 5 8 36
409 4630432 422 6 2 4553
410 4630432 422 5 3 54
411 4630432 422 2 7 9
412 4630432 422 0 7 62
413 4652620 426 5 10 30
414 4797956 428 2 3 3
415 4797956 428 1 2 17
416 4797956 428 6 0 2
417 4797956 428 5 10 4
418 4797956 428 5 4 1
419 4797956 428 9 4 1
420 4797956 428 7 9 1
421 4797956 428 10 7 1
422 4797956 428 10 3 14
423 4797956 428 10 4 1
424 4797956 428 4 3 3
425 4797956 428 8 6 1
426 4797956 428 2 8 2
427 4797956 428 6 4 1
428 4797956 428 4 10 38
429 4797956 428 0 5 822
430 4797956 428 5 8 2
431 4881853 430 0 1 1051
432 4881853 430 8 6 190
433 4881853 430 4 7 17
434 4881853 430 1 4 24
435 4881853 430 10 0 9
436 4881853 430 0 3 2
437 4881853 430 9 6 190
438 4881853 430 9 10 15
439 4881853 430 0 8 2
440 4881853 430 5 7 17
441 4881853 430 3 5 16
442 4906012 437 8 1 4733
443 4907032 438 8 4 10191
444 4907617 439 6 7 114
445 4933229 446 8 4 28
446 5020130 457 2 6 6
447 5020130 457 4 10 25
448 5027211 458 2 4 1978
449 5038972 459 0 5 651
450 5051888 460 1 8 47
451 5051888 460 1 1 356
452 5116766 461 4 0 1
453 5116766 461 10 7 1
454 5116766 461 8 8 9
455 5116766 461 3 0 16
456 5116766 461 10 10 1
457 5125669 465 3 0 20
458 5328979 466 4 10 2
459 5328979 466 4 3 1801
460 5328979 466 2 2 50
461 5328979 466 5 3 3602
462 5328979 466 5 4 217
463 5328979 466 7 8 1
464 5328979 466 2 4 652
465 5328979 466 9 2 50
466 5328979 466 10 9 4
467 5328979 466 0 9 20
468 5328979 466 7 10 2
469 5328979 466 5 10 4
470 5328979 466 7 2 50
471 5379314 467 0 1 1
472 5379314 467 10 1 1
473 5379314 467 1 7 5
474 5379314 467 0 9 8
475 5379314 467 9 9 8
476 5379314 467 9 5 5
477 5379314 467 10 7 23
478 5393131 468 7 2 226
479 5393131 468 7 5 422
480 5407791 471 4 10 7385
481 5421898 472 7 0 7
482 5421898 472 8 0 14
483 5421898 472 1 0 7
484 5478912 473 9 3 14
485 5478912 473 1 2 15
486 5478912 473 10 8 52
487 5478912 473 3 5 204
488 5478912 473 4 8 52
489 5478912 473 5 3 14
490 5655468 475 7 4 1
491 5655468 475 7 9 5
492 5655468 475 5 6 1
493 5655468 475 0 10 10
494 5655468 475 4 8 2
495 5655468 475 8 2 3
496 5655468 475 4 0 1
497 5655468 475 6 10 10
498 5655468 475 9 1 6
499 5655468 475 1 7 9
500 5655468 475 8 10 5
501 5655468 475 1 1 3
502 5655468 475 5 5 15
503 5655468 475 4 2 3
504 5657279 476 8 10 15
505 5674495 477 2 10 99647
506 5674495 477 2 6 69
507 5687931 479 1 9 1
508 5687931 479 4 9 1
509 5687931 479 6 9 1
510 5694248 480 5 8 224
511 5694248 480 4 8 89
512 5696374 482 4 2 222
513 5700128 483 5 10 8
514 5721613 487 5 9 2682
515 5743903 489 2 4 48
516 5743903 489 3 0 785
517 5757020 495 10 10 23
518 5922807 498 9 8 514
519 5922807 498 0 5 1579
520 5922807 498 5 3 1
521 5922807 498 3 8 514
522 5922807 498 2 5 526
523 5922807 498 10 1 35
524 5922807 498 9 0 64
525 5922807 498 1 9 1
526 5922807 498 0 6 1
527 5922807 498 0 9 1
528 5922807 498 8 7 7
529 5949764 504 0 10 30
530 5949764 504 1 3 52
531 6045064 507 9 3 14
532 6045064 507 4 7 72
533 6045064 507 10 2 11
534 6045064 507 7 2 5
535 6045064 507 5 6 3
536 6045064 507 8 7 145
537 6045064 507 7 10 178
538 6082496 510 7 0 47
539 6082496 510 6 10 29
540 6082496 510 7 2 20
541 6182216 513 1 6 240
542 6182216 513 3 2 6
543 6182216 513 0 8 6059
544 6182216 513 10 10 2
545 6182216 513 0 6 80
546 6182216 513 6 9 20
547 6182216 513 4 3 5
548 6182216 513 8 6 80
549 6202718 516 9 3 1
550 6202718 516 8 3 12
551 6202718 516 0 3 1
552 6203960 518 8 8 52
553 6206809 520 0 2 1008
554 6213815 525 2 7 173
555 6229219 531 3 0 195
556 6247692 535 4 7 6
557 6247692 535 8 7 12
558 6251984 537 9 10 88
559 6253368 538 0 8 23
560 6294432 547 4 8 25
561 6294432 547 4 7 18
562 6294432 547 4 2 327
563 6294432 547 4 4 109
564 6333607 551 0 1 26
565 6333607 551 10 6 30
566 6339584 552 10 0 76
567 6347218 554 10 7 2037
568 6514476 555 9 10 1
569 6514476 555 6 0 1
570 6514476 555 8 7 7
571 6514476 555 7 8 102
572 6514476 555 7 9 2
573 6514476 555 10 6 47
574 6514476 555 5 6 23
575 6514476 555 5 5 1
576 6514476 555 7 4 829
577 6514476 555 10 10 2
578 6514476 555 9 7 3
579 6514476 555 6 10 1
580 6514476 555 1 0 1
581 6514476 555 2 6 94
582 6514476 555 8 10 1
583 6514476 555 1 9 2
584 6514476 555 5 7 7
585 6577440 556 5 7 31
586 6577440 556 9 5 3164
587 6609793 558 1 8 329
588 6609793 558 1 10 174
589 6616410 560 2 2 8
590 6638398 562 10 6 12990
591 6668096 565 1 10 1219
592 6669285 568 8 2 137
593 6737104 569 4 6 1
594 6737104 569 9 1 1
595 6737104 569 3 1 1
596 6737104 569 3 9 2
597 6737104 569 7 2 26
598 6737104 569 1 2 13
599 6737104 569 0 10 6
600 6737104 569 3 0 26
601 6737104 569 0 6 5
602 6737403 570 1 9 106
603 6738753 571 1 7 32
604 6805600 576 0 2 51
605 6805600 576 1 0 51
606 6805600 576 1 9 73
607 6805600 576 10 6 4
608 6805600 576 6 1 1
609 6805600 576 0 4 74
610 6805600 576 1 6 4
611 6805600 576 6 3 30
612 6814728 578 3 0 66
613 6846025 582 4 4 50
614 6846025 582 4 9 88
615 6861493 583 6 7 1421
616 6861493 583 6 6 89
617 6863128 584 10 5 3971
618 6866313 587 2 1 6
619 6876825 588 4 3 51
620 6876825 588 4 7 10
621 6888946 591 1 10 5
622 6899230 595 2 9 194
623 6899230 595 0 9 1
624 6958793 602 8 7 111
625 6958793 602 6 2 848
626 6958793 602 8 9 57
627 6961705 605 4 6 53
628 6986570 610 2 3 27
629 7002878 611 7 2 147
630 7154230 612 0 7 2539
631 7154230 612 9 2 1346
632 7154230 612 4 10 5
633 7154230 612 9 4 26
634 7154230 612 7 4 26
635 7154230 612 5 7 2539
636 7154230 612 9 3 1
637 7154230 612 5 2 448
638 7154230 612 9 7 2539
639 7154230 612 7 1 3
640 7154230 612 8 6 1
641 7154230 612 6 1 13
642 7154230 612 3 0 71
643 7154230 612 5 9 1
644 7154230 612 4 5 120
645 7166954 613 3 10 14831
646 7309926 616 7 3 20
647 7309926 616 4 4 78
648 7309926 616 1 10 3419
649 7309926 616 9 6 36
650 7309926 616 1 7 1201
651 7309926 616 3 2 3
652 7309926 616 6 3 145
653 7309926 616 3 4 1
654 7309926 616 10 10 1709
655 7309926 616 0 8 1
656 7309926 616 5 0 494
657 7309926 616 4 3 20
658 7309926 616 7 9 2
659 7309926 616 2 3 83
660 7309926 616 9 4 1
661 7334590 621 10 8 18
662 7338655 624 1 5 2839
663 7358744 626 2 6 1690
664 7358744 626 2 3 6058
665 7379006 628 1 3 228
666 7394345 631 2 3 144
667 7430092 633 5 3 85
668 7430092 633 5 7 3
669 7436902 634 7 8 2395
670 7436902 634 7 9 19581
671 7445723 635 5 2 135
672 7445723 635 5 6 96
673 7445723 635 5 3 16
674 7465023 639 2 3 55
675 7554699 644 1 3 10
676 7554699 644 1 6 1
677 7554699 644 7 0 8
678 7554699 644 2 9 27
679 7554699 644 4 3 21
680 7563057 651 5 8 25
681 7584719 664 5 3 26
682 7597602 668 5 1 200
683 7718043 671 5 7 2
684 7718043 671 8 9 8
685 7718043 671 2 6 8
686 7718043 671 9 7 1
687 7718043 671 2 7 1
688 7718043 671 4 7 1
689 7718043 671 2 1 476
690 7718043 671 5 4 1342
691 7718043 671 10 10 4
692 7718043 671 10 7 2
693 7718043 671 1 3 61
694 7720816 672 8 5 20
695 7742083 675 2 6 44
696 7768485 681 8 4 1319
697 7864166 683 3 2 4582
698 7864166 683 0 9 15
699 7864166 683 6 4 638
700 7864166 683 9 4 638
701 7864166 683 8 6 10
702 7864166 683 8 0 57
703 7864166 683 10 7 1097
704 7866184 685 1 4 41
705 7872645 687 5 8 7
706 7892460 689 6 4 636
707 7892460 689 8 4 318
708 7941492 690 8 1 1
709 7941492 690 8 5 4
710 7941492 690 0 3 90
711 7983460 692 6 10 51
712 7983460 692 7 4 19
713 7983460 692 10 10 12
714 7997019 693 8 8 33
715 7997019 693 8 7 220
716 8186148 695 6 1 3
717 8186148 695 5 10 1
718 8186148 695 6 6 1
719 8186148 695 1 8 1
720 8186148 695 1 2 1587
721 8186148 695 8 4 1
722 8186148 695 7 3 4
723 8186148 695 8 8 1
724 8186148 695 2 0 128
725 8186148 695 6 4 8
726 8186148 695 6 0 64
727 8186148 695 8 5 28
728 8186148 695 1 4 1
729 8193861 697 4 6 1569
730 8237005 698 5 9 66
731 8237005 698 2 9 33
732 8237005 698 10 10 32
733 8237005 698 5 2 25
734 8237005 698 2 1 3
735 8239202 700 9 4 4666
736 8296921 702 3 7 81
737 8296921 702 0 6 22
738 8296921 702 3 3 1
739 8296921 702 3 1 61
740 8338338 705 5 5 263
741 8341272 707 6 1 13
742 8367175 711 9 10 28
743 8379748 712 2 4 49
744 8387790 714 5 2 19516
745 8464225 718 6 1 6
746 8464225 718 7 9 31
747 8470577 722 10 1 2439
748 8497608 723 6 1 1
749 8497608 723 6 6 66
750 8497608 723 6 4 174
751 8527009 727 8 7 2
752 8527009 727 6 5 7
753 8527009 727 2 5 14
754 8527009 727 6 7 2
755 8533465 730 0 2 68
756 8577970 732 6 9 46
757 8577970 732 7 2 240
758 8577970 732 5 6 2
759 8579053 734 2 0 38
760 8621585 735 6 1 62
761 8621585 735 9 0 35
762 8624576 736 2 6 1770
763 8752336 741 2 4 66
764 8752336 741 6 1 989
765 8752336 741 6 5 22
766 8752336 741 9 5 11
767 8752336 741 5 2 3
768 8752336 741 8 2 3
769 8771405 744 7 8 75
770 8792041 749 5 0 33
771 8880066 751 4 4 54
772 8880066 751 5 6 111
773 8880066 751 0 9 15
774 8896046 752 1 0 168
775 8896046 752 3 8 42
776 8943116 757 3 1 38
777 9013965 766 2 4 48
778 9013965 766 1 4 16
779 9013965 766 6 3 1
780 9013965 766 3 4 16
781 9013965 766 3 3 1
782 9052733 768 8 8 1321
783 9052733 768 0 5 373
784 9088176 778 2 9 7
785 9089710 779 4 1 18222
786 9099635 780 9 8 6604
787 9105698 782 0 4 1
788 9105698 782 3 4 21
789 9117926 787 1 4 3
790 9126068 792 0 8 118
791 9145112 798 4 10 193
792 9145112 798 4 7 28
793 9165149 804 4 4 621
794 9165149 804 4 8 8560
795 9165149 804 4 6 21
796 9194141 816 2 8 132
797 9203638 817 7 3 1577
798 9381148 822 10 3 3
799 9381148 822 4 3 1
800 9381148 822 7 4 1
801 9381148 822 4 7 138
802 9381148 822 3 3 1
803 9381148 822 9 0 4
804 9381148 822 6 4 1
805 9381148 822 8 4 1
806 9381148 822 2 7 1244
807 9381148 822 8 7 138
808 9381148 822 0 7 414
809 9381148 822 10 1 1
810 9381148 822 5 6 4
811 9381148 822 3 10 9
812 9381148 822 4 9 1
813 9518721 823 9 10 1
814 9518721 823 2 8 5
815 9518721 823 3 3 4
816 9518721 823 1 1 969
817 9518721 823 2 7 751
818 9518721 823 5 0 8
819 9518721 823 5 2 6
820 9518721 823 3 7 3756
821 9518721 823 10 5 599
822 9562322 825 5 8 63
823 9562322 825 0 1 19
824 9562322 825 6 1 171
825 9562322 825 0 8 63
826 9562655 826 2 8 28
827 9587048 830 1 1 74
828 9587048 830 1 5 5
829 9587048 830 2 1 24
830 9587048 830 0 5 5
831 9588470 832 1 1 30673
832 9638897 834 8 4 9
833 9638897 834 7 4 4
834 9638897 834 9 4 61
835 9638897 834 2 5 908
836 9671044 842 1 0 94
837 9685929 845 10 7 4
838 9697721 846 5 1 9
839 9697721 846 5 8 80
840 9704250 851 0 6 15
841 9709739 854 3 10 1
842 9732578 858 4 2 1
843 9745011 859 6 5 14093
844 9745011 859 6 4 66
845 9745087 860 9 6 11
846 9759803 861 3 5 2029
847 9759803 861 3 10 7689
848 9773537 863 6 10 99
849 9866799 864 2 9 35
850 9866799 864 9 4 5
851 9866799 864 3 2 954
852 9866799 864 7 6 4
853 9866799 864 8 4 5
854 9871950 867 2 3 81
855 9897894 872 2 4 147
856 9898059 873 8 2 1986
857 9915727 874 2 6 213
858 9927740 876 1 3 18
859 9929791 879 1 5 24
860 9940963 881 5 2 2247
861 9940963 881 0 2 561
862 10017428 886 2 1 33
863 10017428 886 6 4 1
864 10017428 886 3 0 14
865 10017428 886 7 0 14
866 10017428 886 5 6 555
867 10017428 886 7 7 8
868 10017428 886 4 5 25
869 10030945 888 10 8 196
870 10030945 888 10 4 103
871 10106638 894 9 8 1
872 10106638 894 3 1 19
873 10106638 894 10 1 194
874 10106638 894 9 10 33
875 10106638 894 0 8 1
876 10111718 895 7 9 9
877 10150385 896 2 0 1968
878 10150385 896 2 3 4760
879 10171190 899 6 0 1733
880 10171190 899 6 2 250
881 10171190 900 0 7 201
882 10171190 899 6 5 249
883 10171190 899 6 4 32
884 10183061 901 8 2 30
885 10183061 901 0 3 1484
886 10216669 905 1 8 95
887 10216669 905 9 8 95
888 10250988 907 4 8 14
889 10250988 907 4 4 22
890 10265807 909 9 0 5739
891 10265807 909 9 10 26
892 10280738 911 8 0 1365
893 10329914 919 9 1 16
894 10329914 919 2 1 1
895 10333464 920 6 9 28
896 10375681 926 7 10 8973
897 10375681 926 7 4 65
898 10549840 929 3 1 1
899 10549840 929 5 1 2
900 10549840 929 10 5 227
901 10549840 929 0 6 54
902 10549840 929 7 1 18
903 10549840 929 2 1 1
904 10549840 929 4 10 1
905 10549840 929 1 9 8
906 10549840 929 7 5 4774
907 10549840 929 3 8 4
908 10549840 929 0 4 878
909 10549840 929 2 8 4
910 10549840 929 8 4 1756
911 10549840 929 0 2 4
912 10549840 929 7 8 14
913 10549840 929 9 0 5
914 10549840 929 7 0 2
915 10549840 929 4 7 2
916 10549840 929 1 5 227
917 10549840 929 7 7 231
918 10549840 929 10 9 4
919 10549840 929 0 0 5
920 10549840 929 4 0 7
921 10651158 930 0 7 10
922 10651158 930 1 9 71
923 10651158 930 0 6 26
924 10651158 930 8 6 13
925 10651158 930 7 1 14
926 10651158 930 3 4 7804
927 10651158 930 4 2 7
928 10651158 930 6 8 928
929 10651158 930 9 8 309
930 10651158 930 2 10 683
931 10742656 931 2 3 24
932 10742656 931 2 4 909
933 10742656 931 8 8 4
934 10742656 931 6 6 8
935 10742656 931 4 1 10
936 10742656 931 3 9 2119
937 10742656 931 3 10 2703
938 10742656 931 7 1 10
939 10742656 931 7 8 4
940 10742656 931 5 1 10
941 10803202 932 7 3 16
942 10803202 932 8 4 43
943 10803202 932 6 0 2
944 10803202 932 4 8 67
945 10803202 932 9 0 2
946 10813588 935 1 1 1573
947 11002570 941 0 1 96
948 11002570 941 4 1 192
949 11002570 941 4 2 10
950 11002570 941 3 6 2
951 11002570 941 9 2 8
952 11002570 941 1 8 1
953 11002570 941 8 10 18
954 11002570 941 6 10 18
955 11002570 941 7 4 3
956 11002570 941 4 3 4
957 11002570 941 0 0 5
958 11002570 941 3 8 2
959 11002570 941 1 2 2
960 11002570 941 10 0 5
961 11002570 941 4 4 32
962 11002570 941 1 5 13
963 11002570 941 5 9 2610
964 11006942 944 8 1 104
965 11024936 948 5 4 5
966 11029194 949 2 4 3132
967 11050176 954 10 1 315
968 11051753 955 7 4 6343
969 11051843 956 4 1 1266
970 11058570 957 8 9 17
971 11081482 959 10 9 43
972 11081482 959 10 6 11
973 11081482 959 10 1 1320
974 11098288 961 9 5 1719
975 11098463 962 1 9 174
976 11101482 963 0 8 229
977 11102174 964 2 8 204
978 11105333 966 4 5 3957
979 11218408 967 7 7 243
980 11218408 967 1 0 9
981 11218408 967 7 0 29
982 11218408 967 4 7 243
983 11218408 967 6 6 3080
984 11218408 967 7 9 4
985 11233533 970 8 4 16
986 11254411 972 10 4 228
987 11254411 972 10 0 323
988 11285223 973 0 3 3
989 11289958 975 2 8 3
990 11289958 975 8 8 3
991 11294615 978 5 5 281
992 11310903 980 10 10 306
993 11322575 987 7 9 42
994 11324920 988 8 4 7153
995 11325740 989 7 5 56
996 11370183 994 1 1 1
997 11370183 994 2 1 1
998 11370183 994 8 0 3
999 11377185 996 1 5 37
