11 351 1000
0 60259 0 1 0 2
1 229985 3 5 7 31
2 229985 3 5 0 2396
3 229985 3 5 3 126
4 229985 3 9 4 3213
5 229985 3 10 10 1871
6 229985 3 9 3 2654
7 266207 4 9 8 4
8 420395 9 7 7 39
9 420395 9 7 0 7
10 420395 9 1 5 35
11 590162 13 7 9 48707
12 772087 17 1 8 1
13 772087 17 3 5 16
14 772087 17 10 1 44
15 772087 17 0 10 1
16 772087 17 2 2 8942
17 772087 17 7 4 12
18 772087 17 9 8 1
19 805574 18 1 6 36
20 906279 21 3 10 68
21 906279 21 3 6 41
22 978614 27 7 0 130
23 1066704 29 10 5 56
24 1066704 29 2 5 28
25 1095667 31 1 6 46
26 1095667 31 4 6 1
27 1095667 31 3 6 1
28 1167997 37 8 9 4214
29 1167997 37 0 10 4
30 1167997 37 4 0 25
31 1272999 41 10 2 50
32 1272999 41 10 8 44
33 1302430 44 1 8 59
34 1302430 44 1 5 455
35 1359708 50 1 4 745
36 1720383 51 3 3 15
37 1720383 51 2 6 1
38 1720383 51 8 2 26
39 1720383 51 7 9 1
40 1720383 51 8 6 51
41 1720383 51 7 3 15
42 1720383 51 0 6 1
43 1720383 51 8 3 15
44 1720383 51 9 1 15
45 1720383 51 9 6 5
46 1720383 51 3 8 13
47 1720383 51 5 5 8
48 1720383 51 0 2 10
49 1720383 51 10 4 15
50 1725208 53 4 10 10
51 1941231 59 5 4 3
52 1941231 59 2 6 19
53 1941231 59 8 10 27
54 1941231 59 2 5 14
55 2043927 66 0 3 61
56 2043927 66 0 2 233
57 2043927 66 0 0 2
58 2059605 68 3 4 3
59 2178766 72 6 5 28
60 2178766 72 6 8 12198
61 2178766 72 6 3 18
62 2179893 73 6 6 58
63 2406543 75 8 9 1
64 2406543 75 6 8 68
65 2406543 75 6 5 231
66 2436046 77 6 4 52
67 2461059 80 7 4 194
68 2473361 82 1 8 76
69 2766893 84 3 4 5
70 2766893 84 3 10 6
71 2766893 84 4 6 1
72 2766893 84 7 5 716
73 2766893 84 4 3 4
74 2766893 84 7 1 8
75 2766893 84 10 9 1
76 2766893 84 4 5 4
77 2769201 86 7 5 3487
78 2841694 89 7 5 6
79 2841694 89 7 10 53
80 2841694 89 7 0 56
81 2841694 89 7 1 10154
82 2894997 93 7 10 67
83 2921290 94 0 5 1513
84 2921290 94 4 5 1513
85 2921290 94 6 5 756
86 2936442 96 0 5 44
87 2981259 97 10 9 5530
88 3148288 99 9 9 85
89 3148288 99 0 0 203
90 3148288 99 0 7 38
91 3148288 99 0 10 3070
92 3434582 102 10 6 1
93 3434582 102 0 10 21
94 3434582 102 8 3 17
95 3434582 102 7 2 483
96 3484574 104 4 5 74
97 3492753 106 4 9 39149
98 3624880 108 7 0 3619
99 3624880 108 7 4 34
100 3624880 108 5 10 3
101 3624880 108 4 10 21
102 3627003 109 3 0 33
103 3642359 110 3 0 197
104 3643128 111 4 0 2184
105 3695097 116 2 0 61
106 3695097 116 2 9 68
107 3730696 117 0 2 132816
108 3730696 117 0 0 125
109 3773222 119 5 8 2988
110 3808674 124 9 3 28
111 3893558 127 0 0 130
112 3893558 127 0 2 9547
113 3899059 129 4 10 22
114 3967829 134 1 9 76
115 4039975 136 8 0 2006
116 4039975 136 8 7 14
117 4270483 137 7 3 9
118 4270483 137 9 1 12
119 4270483 137 5 1 12
120 4270483 137 8 3 48
121 4270483 137 5 6 2
122 4270483 137 6 6 2
123 4270483 137 3 9 2136
124 4270483 137 7 7 3
125 4270483 137 4 8 4
126 4340995 143 0 0 349
127 4340995 143 0 1 26
128 4349444 145 5 4 231
129 4402529 146 7 8 1332
130 4405169 147 9 6 19051
131 4419279 148 0 10 87
132 4453768 150 2 5 126
133 4489444 153 4 9 185
134 4716379 154 7 7 642
135 4716379 154 9 8 21
136 4716379 154 10 4 91
137 4716379 154 2 10 2
138 4716379 154 6 6 690
139 4716379 154 7 6 115
140 4716379 154 1 7 642
141 4716379 154 10 0 2
142 4716379 154 8 9 11
143 4731662 156 2 8 23
144 5011463 160 1 6 2
145 5011463 160 2 3 2
146 5011463 160 10 8 306
147 5011463 160 7 6 19
148 5011463 160 6 5 11
149 5011463 160 9 0 11
150 5011463 160 5 1 1
151 5021515 161 10 8 1
152 5111686 162 3 0 1899
153 5111686 162 0 1 1445
154 5111686 162 6 0 1899
155 5111686 162 0 7 1351
156 5111686 162 5 10 5
157 5111686 162 8 10 5
158 5121919 164 6 8 11399
159 5158878 165 3 3 93
160 5158878 165 1 5 110
161 5175129 168 5 2 15
162 5215322 170 3 10 19
163 5215322 170 3 3 61
164 5215322 170 3 2 1368
165 5239928 172 7 8 29
166 5288710 174 5 4 18
167 5387791 177 3 1 25986
168 5387791 177 0 8 1073
169 5456921 187 7 2 8
170 5456921 187 4 9 35
171 5464599 189 1 7 16203
172 5521551 192 3 0 139
173 5521551 192 3 4 9
174 5748914 198 2 6 334
175 5748914 198 8 5 1
176 5748914 198 3 8 46
177 5748914 198 7 2 6
178 5748914 198 0 6 222
179 5748914 198 0 0 5
180 5835603 203 7 1 21
181 5835603 203 7 3 353
182 5835603 203 8 5 8684
183 5835603 203 7 6 48
184 5835603 203 7 0 49
185 5835603 203 7 7 7494
186 5868722 208 10 7 217
187 5953770 210 3 3 1
188 6063546 226 3 9 222
189 6171498 229 0 8 118
190 6171498 229 0 4 17
191 6171498 229 6 5 19
192 6171498 229 6 3 14
193 6171498 229 0 2 616
194 6171498 229 2 6 55
195 6171498 229 6 10 5
196 6297568 230 3 10 5
197 6297568 230 3 4 78
198 6297568 230 3 3 136
199 6297568 230 8 8 135
200 6297568 230 0 9 29
201 6297568 230 8 5 3
202 6541950 233 6 1 4
203 6541950 233 0 6 26
204 6541950 233 0 7 1
205 6541950 233 9 5 1
206 6541950 233 10 8 26
207 6541950 233 0 1 4
208 6651505 237 4 6 47
209 6651505 237 10 9 11
210 6651505 237 10 2 55
211 6657162 238 3 8 83
212 6944440 241 7 0 9
213 6944440 241 4 10 1014
214 6944440 241 6 5 1682
215 6944440 241 9 7 12
216 6944440 241 3 5 8412
217 6944440 241 3 8 1
218 6944440 241 4 7 12
219 6944440 241 6 1 6
220 6944440 241 6 0 9
221 6944440 241 3 3 1
222 6944440 241 4 8 1
223 6944440 241 9 10 1014
224 6959041 244 10 9 11740
225 7004035 255 1 1 42
226 7135392 259 5 7 25
227 7135392 259 3 1 891
228 7135392 259 8 5 600
229 7135392 259 0 8 2025
230 7135392 259 8 8 8101
231 7135392 259 2 7 25
232 7135907 260 0 8 471
233 7413068 262 8 4 11
234 7413068 262 3 8 14
235 7413068 262 0 2 13
236 7413068 262 0 8 21
237 7413068 262 2 8 7
238 7413068 262 4 0 69
239 7413068 262 4 8 7
240 7413068 262 8 9 15
241 7413068 262 9 0 19
242 7413068 262 8 1 30
243 7413068 262 4 1 30
244 7413068 262 9 1 30
245 7413068 262 4 4 12
246 7413068 262 4 9 15
247 7476652 268 5 0 210
248 7507620 269 4 0 22
249 7507620 269 4 9 210
250 7546977 275 0 3 2062
251 7602465 282 8 6 237
252 7602465 282 8 7 200
253 7603215 284 7 1 30
254 7642178 285 4 0 5994
255 7642178 285 4 5 15527
256 7645658 286 10 1 210
257 8080084 287 9 3 5
258 8080084 287 10 3 5
259 8080084 287 1 10 7
260 8080084 287 7 1 47
261 8080084 287 5 6 170
262 8080084 287 5 7 807
263 8080084 287 9 2 3
264 8080084 287 1 6 48
265 8080084 287 9 5 2
266 8080084 287 1 1 3
267 8080084 287 8 5 2
268 8080084 287 6 3 11
269 8080084 287 4 1 3
270 8080084 287 4 10 7
271 8080084 287 0 4 1
272 8080084 287 7 3 17
273 8080084 287 0 7 1615
274 8080084 287 6 6 316
275 8080084 287 7 4 6
276 8080084 287 6 9 1
277 8082798 288 8 10 108
278 8243337 291 4 8 8
279 8243337 291 3 2 3435
280 8243337 291 1 0 1
281 8243337 291 5 0 3
282 8243337 291 9 1 256
283 8243337 291 5 3 9080
284 8392985 292 1 0 6
285 8392985 292 5 6 13
286 8392985 292 1 8 1090
287 8392985 292 2 10 1
288 8416609 295 5 4 1
289 8424782 296 4 7 61
290 8496093 298 9 5 37
291 8496093 298 1 4 9674
292 8496093 298 9 9 5
293 8682688 303 0 10 14
294 8682688 303 3 10 14
295 8682688 303 4 6 795
296 8682688 303 10 9 613
297 8682688 303 2 7 1
298 8682688 303 8 1 25
299 8682688 303 2 9 204
300 8682688 303 1 2 1892
301 8682688 303 1 0 1
302 8682688 303 3 2 1892
303 8785709 304 2 0 206
304 8785709 304 3 3 9291
305 8785709 304 2 2 74
306 8785709 304 3 6 1731
307 8805591 305 4 7 38
308 8815134 307 0 4 476
309 8849494 308 6 10 9873
310 9141812 317 5 10 55
311 9141812 317 8 7 2009
312 9141812 317 10 5 964
313 9141812 317 1 2 3961
314 9141812 317 7 2 1697
315 9141812 317 0 7 3013
316 9158209 319 6 10 78
317 9226451 324 1 5 7
318 9254806 327 3 1 60
319 9254806 327 2 10 1020
320 9358552 328 0 0 1
321 9358552 328 5 8 267
322 9358552 328 6 3 1
323 9358552 328 9 9 2
324 9358552 328 5 0 1
325 9358552 328 8 9 2
326 9358552 328 2 9 2
327 9399738 333 3 5 304
328 9428293 335 1 1 17
329 9428293 335 1 8 44
330 9428293 335 1 0 231
331 9464105 338 4 5 18
332 9531294 339 5 10 8843
333 9531294 339 4 7 15
334 9531294 339 3 2 288
335 9531294 339 3 7 31
336 9531294 339 2 7 15
337 9636372 340 3 0 20
338 9636372 340 5 8 451
339 9636372 340 7 9 15
340 9654324 342 7 4 33
341 9692668 346 3 5 489
342 9698623 347 8 9 74
343 9764468 353 0 0 27082
344 9765994 354 2 5 5284
345 9793831 358 1 4 2379
346 9891131 366 7 2 23
347 9951910 369 2 9 869
348 10053432 370 0 10 11
349 10053432 370 1 9 162
350 10053432 370 0 8 6
351 10053432 370 8 3 10
352 10067820 371 1 8 116
353 10073683 375 9 0 228
354 10077760 378 10 6 120
355 10202490 387 0 9 1
356 10272187 388 7 3 3122
357 10272187 388 7 2 3
358 10272187 388 0 8 3
359 10272187 388 0 9 4765
360 10516710 390 8 6 459
361 10516710 390 1 0 29
362 10516710 390 10 8 767
363 10516710 390 2 4 27
364 10516710 390 10 5 13
365 10603884 392 2 2 58
366 10603884 392 5 0 19
367 10915192 395 6 4 94
368 10915192 395 1 10 10
369 10915192 395 0 9 2555
370 10915192 395 10 1 3
371 10915192 395 5 7 3
372 10915192 395 2 4 1
373 10915192 395 8 3 10
374 10940210 397 3 10 99
375 10944365 398 9 9 103
376 11082000 404 5 0 21
377 11370141 409 10 1 542
378 11370141 409 5 3 3
379 11370141 409 6 0 528
380 11370141 409 8 10 10
381 11370141 409 6 3 65
382 11370141 409 5 2 7
383 11370141 409 1 7 15
384 11379944 410 2 3 1
385 11390616 411 9 4 206
386 11484350 413 2 3 25
387 11484350 413 2 5 900
388 11484350 413 2 7 32
389 11484350 413 9 9 16
390 11484350 413 9 7 32
391 11484350 413 9 2 3014
392 11508449 419 6 1 60
393 11528135 420 5 8 36
394 11528135 420 7 8 9
395 11576080 422 1 7 4
396 11620833 424 7 0 119
397 11620833 424 7 2 215
398 11994892 428 7 6 2
399 11994892 428 7 8 2
400 11994892 428 9 7 1
401 11994892 428 9 5 822
402 11994892 428 4 2 1
403 11994892 428 1 0 2
404 11994892 428 5 6 1
405 11994892 428 5 10 4
406 11994892 428 0 10 4
407 12204633 430 5 5 8
408 12204633 430 3 1 3154
409 12204633 430 8 3 8
410 12204633 430 0 1 1051
411 12256168 435 2 0 163
412 12256168 435 2 6 24
413 12283357 440 6 10 20
414 12283357 440 5 10 4
415 12283357 440 6 3 60
416 12305120 443 6 1 15
417 12340595 447 3 1 17
418 12380760 454 8 8 35
419 12550326 457 8 6 12
420 12550326 457 6 9 40
421 12550326 457 8 9 13
422 12550326 457 5 1 53
423 12550326 457 7 1 3
424 12550326 457 6 5 32
425 12550326 457 2 4 1
426 12568029 458 3 6 11201
427 12597430 459 0 5 651
428 12629720 460 1 9 91
429 12791915 461 3 2 27
430 12791915 461 0 2 5
431 12791915 461 7 10 1
432 12791915 461 9 6 122
433 12791915 461 3 4 10
434 12791915 461 1 2 11
435 12791915 461 6 6 122
436 12791915 461 10 8 9
437 13322449 466 5 1 2
438 13322449 466 8 6 4
439 13322449 466 2 3 1801
440 13322449 466 6 9 4
441 13322449 466 1 1 2
442 13322449 466 8 9 4
443 13322449 466 9 6 4
444 13322449 466 10 8 1
445 13322449 466 1 8 1
446 13322449 466 8 2 150
447 13322449 466 3 5 1
448 13322449 466 3 9 4
449 13322449 466 10 7 22
450 13322449 466 4 0 15
451 13448287 467 4 0 1291
452 13448287 467 2 7 5
453 13448287 467 5 8 7
454 13448287 467 6 8 7
455 13448287 467 10 1 1
456 13448287 467 10 7 23
457 13448287 467 6 5 5
458 13448287 467 9 0 3875
459 13448287 467 0 9 8
460 13448287 467 0 6 6
461 13482828 468 7 1 79
462 13554746 472 2 0 14
463 13697281 473 8 8 104
464 13697281 473 2 9 4
465 13697281 473 8 6 5
466 13697281 473 9 8 52
467 13697281 473 7 5 68
468 14138670 475 4 8 2
469 14138670 475 7 1 10
470 14138670 475 8 8 60
471 14138670 475 7 6 37
472 14138670 475 1 0 6
473 14138670 475 1 6 11
474 14138670 475 3 6 1
475 14138670 475 9 9 5
476 14138670 475 2 1 3
477 14138670 475 5 7 9
478 14138670 475 0 10 10
479 14138670 475 9 7 9
480 14138670 475 9 6 1
481 14138670 475 0 3 1
482 14138670 475 3 8 2
483 14138670 475 0 2 1
484 14138670 475 3 10 5
485 14143198 476 8 10 15
486 14143198 476 6 10 30
487 14186239 477 2 1 282
488 14186239 477 2 10 99647
489 14219828 479 1 9 1
490 14219828 479 5 9 1
491 14219828 479 0 9 1
492 14235621 480 4 8 89
493 14238810 481 5 10 87
494 14240936 482 4 2 222
495 14250321 483 5 10 8
496 14304033 487 5 3 3411
497 14304033 487 5 8 1304
498 14359759 489 0 5 94
499 14359759 489 9 9 62
500 14359759 489 0 0 785
501 14359759 489 2 10 7526
502 14387756 493 8 7 18
503 14391761 494 7 2 10
504 14807019 498 9 3 1
505 14807019 498 9 9 1
506 14807019 498 9 4 50
507 14807019 498 6 0 10
508 14807019 498 1 5 175
509 14807019 498 5 2 9
510 14807019 498 9 7 44
511 14807019 498 9 1 319
512 14807019 498 10 0 21
513 14807019 498 1 2 56
514 14807019 498 5 0 10
515 14807019 498 8 10 26
516 14807019 498 2 6 1
517 14807019 498 4 9 1
518 14841335 499 7 0 5705
519 14841335 499 7 5 7680
520 14877532 505 0 7 64
521 15112661 507 6 1 1
522 15112661 507 2 5 199
523 15112661 507 9 8 13
524 15112661 507 0 10 4631
525 15112661 507 2 10 89
526 15112661 507 8 9 7
527 15112661 507 10 1 1
528 15112661 507 3 9 21
529 15112661 507 3 6 3
530 15112661 507 6 8 26
531 15112661 507 8 3 2
532 15206240 510 7 6 71
533 15206240 510 7 1 5
534 15455542 513 7 4 200
535 15455542 513 3 2 6
536 15455542 513 3 7 5
537 15455542 513 1 6 240
538 15455542 513 6 10 6
539 15455542 513 10 10 2
540 15455542 513 1 4 300
541 15455542 513 7 2 42
542 15455542 513 6 3 21
543 15455542 513 6 7 11
544 15455542 513 10 9 20
545 15455542 513 9 9 40
546 15506796 516 0 3 1
547 15515062 519 5 10 44
548 15517023 520 0 2 1008
549 15564515 529 3 9 374
550 15573276 532 9 9 7164
551 15619231 535 0 7 12
552 15619231 535 2 1 59
553 15629960 537 7 10 11
554 15696252 542 1 3 210
555 15696928 543 7 4 113
556 15736080 547 4 0 5771
557 15776877 550 4 6 31
558 15834018 551 4 1 3
559 15834018 551 2 9 4879
560 15834018 551 7 9 4879
561 16286192 555 10 5 1
562 16286192 555 8 9 11
563 16286192 555 9 8 7
564 16286192 555 4 5 3
565 16286192 555 6 2 876
566 16286192 555 7 3 202
567 16286192 555 9 5 1
568 16286192 555 0 9 2
569 16286192 555 2 4 829
570 16286192 555 9 7 3
571 16286192 555 7 1 95
572 16286192 555 2 10 32
573 16286192 555 8 6 23
574 16286192 555 10 8 7
575 16286192 555 3 5 1
576 16286192 555 4 6 47
577 16286192 555 7 4 829
578 16286192 555 2 6 94
579 16286192 555 8 5 13
580 16443602 556 5 4 4
581 16443602 556 5 8 109
582 16443602 556 5 1 2
583 16443602 556 10 3 92
584 16443602 556 8 8 765
585 16479701 557 3 8 1648
586 16479701 557 3 3 26
587 16479701 557 3 7 70
588 16479701 557 3 1 215
589 16560563 561 8 10 28
590 16595996 562 10 6 12990
591 16595996 562 10 9 2695
592 16637708 563 10 6 1067
593 16670241 565 1 1 233
594 16673214 568 8 2 137
595 16842760 569 10 5 1
596 16842760 569 8 0 26
597 16842760 569 3 9 2
598 16842760 569 8 6 1
599 16842760 569 1 2 13
600 16842760 569 4 5 1
601 16842760 569 9 9 2
602 16842760 569 6 5 1
603 16846882 571 7 7 16
604 17014002 576 0 2 51
605 17014002 576 10 0 51
606 17036821 578 6 0 132
607 17036821 578 7 8 467
608 17036821 578 3 9 11
609 17115063 582 4 3 49
610 17153733 583 6 6 89
611 17157820 584 10 5 3971
612 17222367 591 4 1 2
613 17250790 596 9 1 190
614 17453915 606 10 1 70
615 17462767 608 8 4 11
616 17507196 611 2 2 8
617 17885576 612 5 9 1
618 17885576 612 7 9 1
619 17885576 612 1 5 120
620 17885576 612 8 10 5
621 17885576 612 7 7 5079
622 17885576 612 8 1 13
623 17885576 612 3 2 448
624 17885576 612 2 1 16
625 17885576 612 2 2 448
626 17885576 612 3 4 26
627 17885576 612 1 10 55
628 17885576 612 0 4 26
629 17885576 612 9 9 8
630 17885576 612 9 8 8
631 18274816 616 1 10 3419
632 18274816 616 9 6 36
633 18274816 616 9 0 494
634 18274816 616 4 2 11
635 18274816 616 4 5 1227
636 18274816 616 5 7 200
637 18274816 616 5 10 854
638 18274816 616 2 0 1483
639 18274816 616 1 9 5
640 18274816 616 0 9 5
641 18274816 616 6 9 11
642 18274816 616 6 0 494
643 18274816 616 3 0 988
644 18274816 616 2 8 1
645 18281633 617 4 2 116
646 18299087 618 2 8 38
647 18339265 623 5 1 96
648 18346639 624 9 5 2839
649 18346639 624 8 5 2839
650 18447515 628 1 7 2415
651 18447515 628 1 6 127
652 18485863 631 7 5 232
653 18592255 634 7 5 82
654 18637131 637 4 10 24
655 18637131 637 0 10 8
656 18661283 638 4 6 40
657 18670327 643 0 4 19
658 18886748 644 6 8 1817
659 18886748 644 3 3 21
660 18886748 644 5 9 27
661 18886748 644 5 8 908
662 18886748 644 1 8 1817
663 18904224 649 4 1 3092
664 18907378 650 7 10 29
665 18927666 659 9 5 5
666 18927666 659 10 5 113
667 18972971 666 1 3 75
668 18994006 668 5 6 68
669 18994006 668 5 2 183
670 18994006 668 5 4 33132
671 18995054 669 1 5 24
672 19295107 671 4 3 61
673 19295107 671 0 0 2
674 19295107 671 2 0 3
675 19295107 671 2 7 1
676 19295107 671 7 5 30
677 19295107 671 7 4 671
678 19295107 671 0 6 8
679 19295107 671 6 5 270
680 19295107 671 6 0 1
681 19295107 671 3 2 6
682 19355208 675 2 7 2702
683 19386285 678 8 9 660
684 19387996 680 10 8 3319
685 19421213 681 8 4 1319
686 19421213 681 10 5 12
687 19421382 682 10 7 108
688 19660415 683 0 9 15
689 19660415 683 6 1 50
690 19660415 683 0 2 3054
691 19660415 683 6 10 16
692 19660415 683 5 9 15
693 19660415 683 1 10 32
694 19660415 683 2 2 1527
695 19660415 683 3 2 4582
696 19660415 683 7 2 1527
697 19682523 688 7 4 43
698 19731150 689 9 4 318
699 19731150 689 5 4 1591
700 19731150 689 6 10 48
701 19853732 690 0 10 48
702 19853732 690 8 3 45
703 19853732 690 8 5 4
704 19853732 690 8 6 14
705 19853732 690 0 2 81
706 19958651 692 2 6 43
707 19958651 692 6 4 38
708 19997770 694 4 6 1358
709 20465371 695 7 3 4
710 20465371 695 3 9 214
711 20465371 695 8 7 8
712 20465371 695 0 9 2791
713 20465371 695 10 0 21
714 20465371 695 9 0 64
715 20465371 695 5 2 793
716 20465371 695 4 2 1587
717 20465371 695 10 1 3
718 20465371 695 1 10 1
719 20465371 695 6 0 64
720 20465371 695 3 8 1
721 20484653 697 6 6 3138
722 20484653 697 1 6 1569
723 20592512 698 10 4 89
724 20592512 698 10 2 25
725 20592512 698 2 3 127
726 20649635 701 5 2 11
727 20742302 702 4 4 649
728 20742302 702 0 6 22
729 20835827 703 9 9 325
730 20914697 710 3 5 9637
731 20914697 710 3 9 22919
732 20969475 714 5 4 563
733 20969475 714 2 2 9758
734 21160564 718 6 0 1
735 21160564 718 6 1 6
736 21160564 718 3 3 31
737 21167402 720 10 8 8567
738 21167732 721 4 10 231
739 21244020 723 6 4 174
740 21244020 723 3 3 52
741 21244020 723 6 0 79
742 21275913 724 6 10 39
743 21317523 727 10 10 104
744 21317523 727 2 7 5
745 21333663 730 8 2 34
746 21338496 731 3 10 2
747 21444926 732 6 8 79
748 21444926 732 5 0 4
749 21447634 734 2 0 38
750 21553962 735 6 0 70
751 21553962 735 6 1 62
752 21553962 735 9 10 136
753 21880840 741 6 0 544
754 21880840 741 5 7 2
755 21880840 741 7 4 33
756 21880840 741 0 8 1
757 21880840 741 10 2 3
758 21880840 741 4 9 14
759 21880840 741 0 0 15797
760 21880840 741 6 7 14
761 21880840 741 0 10 110
762 21880840 741 7 1 989
763 21880840 741 5 6 5
764 21880840 741 9 4 33
765 21883886 742 7 10 31
766 21928514 744 5 8 302
767 21928514 744 1 3 64
768 21980104 749 10 5 24
769 21980104 749 2 7 20
770 21980104 749 10 7 20
771 22200166 751 8 3 485
772 22200166 751 9 6 55
773 22200166 751 7 7 3
774 22200166 751 0 9 15
775 22200166 751 9 9 15
776 22200166 751 3 10 17
777 22200166 751 3 1 15
778 22240115 752 7 9 1
779 22357792 757 7 5 578
780 22357792 757 9 1 38
781 22534914 766 8 10 106
782 22534914 766 1 5 13
783 22534914 766 5 7 7
784 22534914 766 0 5 13
785 22631833 768 0 0 103
786 22631833 768 0 5 373
787 22749087 780 1 5 14
788 22749087 780 9 5 34
789 22749087 780 1 1 117
790 22752740 781 0 3 77
791 22794817 787 1 4 3
792 22862782 798 4 4 100
793 22862856 799 2 10 54
794 22878282 803 8 3 11335
795 22912873 804 4 6 21
796 22944842 809 0 8 54
797 22951124 812 1 5 1916
798 22952809 813 10 8 83
799 22983462 815 4 7 813
800 23452871 822 5 0 16
801 23452871 822 6 1 1
802 23452871 822 3 9 9
803 23452871 822 1 4 2
804 23452871 822 5 7 138
805 23452871 822 1 0 1
806 23452871 822 8 0 1
807 23452871 822 9 0 4
808 23452871 822 9 4 1
809 23452871 822 4 3 1
810 23452871 822 7 4 1
811 23452871 822 7 9 3
812 23452871 822 7 5 52
813 23452871 822 4 4 28
814 23452871 822 2 3 5
815 23452871 822 7 6 13
816 23452871 822 4 2 9
817 23452871 822 7 0 1
818 23452871 822 0 1 1
819 23796803 823 8 9 3
820 23796803 823 2 2 12
821 23796803 823 8 7 751
822 23796803 823 1 8 1
823 23796803 823 1 7 1502
824 23796803 823 10 3 2
825 23796803 823 8 1 969
826 23796803 823 2 9 1
827 23796803 823 1 10 1
828 23796803 823 1 2 6
829 23796803 823 5 10 1
830 23796803 823 5 2 6
831 23905806 825 0 2 27
832 23905806 825 1 2 27
833 23905806 825 7 2 27
834 23905806 825 7 1 19
835 23905806 825 4 5 112
836 23905806 825 6 5 16
837 23905806 825 10 0 17
838 23967621 830 3 9 16
839 23967621 830 8 5 5
840 24046699 833 7 2 89
841 24046699 833 7 0 119
842 24097242 834 1 9 51
843 24126947 840 10 1 81
844 24130630 841 1 0 334
845 24198379 844 2 9 283
846 24214824 845 3 7 4
847 24244303 846 5 9 17114
848 24250327 849 7 10 39
849 24252203 850 5 2 5
850 24324967 857 9 7 83
851 24324967 857 9 8 57
852 24362527 859 6 6 60
853 24362527 859 6 5 14093
854 24362527 859 6 9 148
855 24399508 861 3 5 2029
856 24399508 861 3 0 984
857 24433843 863 2 4 116
858 24666998 864 1 7 4
859 24666998 864 3 6 4
860 24666998 864 5 6 17
861 24666998 864 8 1 4
862 24666998 864 9 4 5
863 24666998 864 5 8 113
864 24666998 864 2 7 1
865 24679875 867 2 3 81
866 24679875 867 7 3 60
867 24685758 868 10 6 201
868 24697703 870 8 10 22
869 24697703 870 0 3 6
870 24729365 871 6 3 767
871 24744737 872 2 4 147
872 24789318 874 2 5 668
873 24789318 874 2 2 46
874 24852407 881 1 2 561
875 25043572 886 2 7 4
876 25043572 886 2 6 1111
877 25043572 886 1 7 1
878 25043572 886 8 1 11
879 25043572 886 0 5 25
880 25043572 886 5 6 555
881 25043572 886 0 4 1
882 25043572 886 4 6 555
883 25043572 886 10 0 29
884 25043572 886 7 6 555
885 25077363 888 10 10 10210
886 25077363 888 10 3 87
887 25266595 894 10 9 35
888 25266595 894 2 3 6
889 25266595 894 4 3 12
890 25266595 894 6 7 54
891 25266595 894 6 3 6
892 25266595 894 5 2 128
893 25266595 894 7 7 1
894 25266595 894 3 2 11
895 25279297 895 3 9 18
896 25375963 896 10 2 38
897 25375963 896 2 0 1968
898 25513961 903 1 10 49
899 25627471 907 2 10 6
900 25627471 907 4 3 18
901 25664519 909 9 2 801
902 25664519 909 9 5 138
903 25664519 909 9 10 26
904 25701846 911 2 0 682
905 25833661 920 6 9 28
906 25836931 921 8 1 88
907 25885722 924 10 6 1
908 25885722 924 8 6 3
909 25886986 925 1 0 92
910 25939204 926 7 2 58
911 25939204 926 7 8 20
912 25947175 928 7 10 102
913 26374600 929 1 0 2
914 26374600 929 5 1 2
915 26374600 929 7 1 18
916 26374600 929 4 4 2635
917 26374600 929 8 3 169
918 26374600 929 0 5 454
919 26374600 929 5 2 8
920 26374600 929 10 2 4
921 26374600 929 9 10 2
922 26374600 929 7 3 3
923 26374600 929 0 0 5
924 26374600 929 1 5 227
925 26374600 929 6 2 42
926 26374600 929 2 9 4
927 26374600 929 4 8 4
928 26374600 929 3 5 227
929 26374600 929 2 10 30
930 26374600 929 0 3 6
931 26374600 929 7 8 14
932 26627895 930 1 6 13
933 26627895 930 2 1 28
934 26627895 930 6 4 15609
935 26627895 930 2 7 21
936 26627895 930 5 8 309
937 26627895 930 0 5 22
938 26856642 931 5 10 225
939 26856642 931 3 9 2119
940 26856642 931 4 5 349
941 26856642 931 6 10 225
942 26856642 931 6 2 1607
943 26856642 931 2 8 4
944 26856642 931 3 3 124
945 27008006 932 0 2 1805
946 27008006 932 6 0 2
947 27008006 932 9 9 9
948 27008006 932 0 4 6
949 27008006 932 2 0 4
950 27008006 932 2 2 2708
951 27008006 932 4 9 4
952 27008006 932 9 4 6
953 27008006 932 2 3 3
954 27008006 932 4 6 4
955 27033971 935 5 1 1573
956 27033971 935 1 1 1573
957 27100817 940 0 9 5
958 27506426 941 3 7 2
959 27506426 941 8 5 13
960 27506426 941 2 1 96
961 27506426 941 10 0 5
962 27506426 941 7 6 5
963 27506426 941 4 10 18
964 27506426 941 10 3 1
965 27506426 941 1 8 1
966 27506426 941 3 2 2
967 27506426 941 7 4 3
968 27506426 941 3 9 1305
969 27506426 941 3 3 2
970 27506426 941 9 4 1
971 27512442 943 4 0 2
972 27525745 947 10 10 71
973 27562342 948 0 7 18
974 27610863 950 9 8 7
975 27615311 951 2 8 158
976 27703706 959 10 1 1320
977 27762373 965 10 8 564
978 28046022 967 1 4 29
979 28046022 967 0 5 43
980 28046022 967 5 1 1846
981 28046022 967 1 9 9
982 28046022 967 1 2 15
983 28057401 968 1 3 51
984 28059206 969 2 0 14
985 28136027 972 10 4 228
986 28213059 973 0 5 2131
987 28224896 975 8 8 3
988 28235424 977 2 2 5970
989 28262496 979 6 1 290
990 28277257 980 2 10 102
991 28306439 987 7 9 42
992 28312300 988 8 4 7153
993 28362726 993 4 6 32
994 28425459 994 1 1 1
995 28425459 994 1 0 3
996 28425459 994 7 1 8
997 28425459 994 3 0 6
998 28451068 997 0 3 22
999 28476508 998 5 3 1030
