11 358 1000
0 13391 0 9 3 1560
1 13391 0 1 1 3
2 13391 0 1 9 151
3 13391 0 9 1 6
4 51107 3 5 1 14
5 51107 3 5 2 11041
6 51107 3 5 5 113
7 51107 3 9 4 3213
8 51107 3 9 1 84
9 59157 4 6 8 9
10 59157 4 7 5 43
11 60070 5 9 8 2075
12 64461 7 1 4 57
13 93421 9 1 2 19
14 99127 10 4 1 8702
15 131147 13 1 4 340
16 131147 13 3 9 2319
17 131147 13 5 4 340
18 131147 13 1 8 1
19 132213 15 3 6 109
20 135603 16 1 4 7
21 171575 17 5 4 12
22 171575 17 7 4 12
23 171575 17 1 5 16
24 171575 17 7 9 658
25 179016 18 1 1 13067
26 201395 21 4 9 47
27 201395 21 3 8 86
28 209332 26 0 8 2366
29 237045 29 2 7 377
30 237045 29 10 4 20
31 237045 29 2 6 2425
32 237045 29 10 2 2926
33 237045 29 2 5 28
34 246482 33 8 7 56
35 246776 34 3 5 1261
36 247674 36 3 4 53
37 259554 37 3 9 6321
38 282888 41 10 6 244
39 282888 41 10 10 49
40 289428 44 1 0 118
41 302157 50 1 3 14
42 302157 50 2 10 3160
43 302157 50 2 3 14
44 302157 50 2 0 44
45 382307 51 10 7 5
46 382307 51 9 5 24
47 382307 51 3 2 5
48 382307 51 9 4 31
49 382307 51 7 6 9
50 382307 51 2 9 1
51 382307 51 7 2 5
52 431384 59 5 9 36
53 431384 59 8 5 14
54 431384 59 1 9 128
55 431384 59 8 9 18
56 439383 61 2 1 230
57 439383 61 10 2 24
58 454206 66 0 7 227
59 454206 66 0 3 61
60 457926 69 5 1 15911
61 484170 72 6 1 5
62 484170 72 6 0 6120
63 484170 72 6 2 8
64 534787 75 9 5 115
65 534787 75 0 1 591
66 534787 75 3 5 115
67 534787 75 8 5 115
68 534787 75 10 4 3
69 534787 75 9 4 1
70 534787 75 3 4 1
71 534787 75 2 1 591
72 534787 75 2 9 1
73 534787 75 3 1 591
74 534787 75 6 5 231
75 534787 75 9 9 33
76 541343 77 10 4 31
77 545538 79 3 3 38
78 614865 84 6 0 15
79 614865 84 7 6 1
80 614865 84 4 3 4
81 614865 84 7 3 4
82 614865 84 2 0 15
83 614865 84 7 7 21
84 614865 84 2 6 2
85 614865 84 6 7 65
86 614865 84 3 6 1
87 614865 84 2 8 1
88 615378 86 7 5 3487
89 631487 89 7 8 6309
90 632647 90 8 3 184
91 638855 91 3 2 550
92 649175 94 9 5 756
93 649175 94 3 5 756
94 649175 94 6 5 756
95 662502 97 10 9 5530
96 662502 97 5 9 3687
97 699619 99 0 6 10
98 699619 99 0 2 19
99 699619 99 9 4 28
100 699619 99 0 10 3070
101 699619 99 7 6 5
102 699619 99 9 1 40
103 699619 99 9 7 12
104 763240 102 2 3 17
105 763240 102 4 0 35
106 763240 102 8 6 31
107 763240 102 2 10 21
108 763240 102 9 2 967
109 763240 102 10 6 1
110 763240 102 3 10 21
111 763240 102 9 10 21
112 763240 102 0 10 21
113 763240 102 8 3 17
114 769318 103 8 5 6
115 805529 108 0 2 1
116 805529 108 8 3 27
117 805529 108 8 0 226
118 805529 108 5 7 4
119 805529 108 0 7 4
120 805529 108 0 0 226
121 806000 109 3 0 33
122 809413 110 3 9 116
123 809413 110 3 4 18
124 809584 111 4 0 2184
125 811821 113 10 6 349
126 813994 115 10 6 95
127 821132 116 2 2 161
128 838376 118 10 5 16
129 838376 118 5 7 55
130 838376 118 2 2 2
131 865235 127 0 2 9547
132 865235 127 0 8 19017
133 867197 130 7 10 226
134 875569 132 6 7 7571
135 875572 133 5 1 154
136 881739 134 1 9 76
137 881739 134 6 3 3
138 882152 135 1 6 8481
139 882152 135 1 8 667
140 897772 136 1 7 22
141 897772 136 8 1 94
142 897772 136 8 10 32
143 897772 136 8 3 215
144 897772 136 8 5 496
145 897772 136 1 0 2006
146 948996 137 4 2 21
147 948996 137 1 10 222
148 948996 137 7 10 1559
149 948996 137 0 8 14
150 948996 137 10 4 896
151 948996 137 3 4 99
152 948996 137 4 1 25
153 948996 137 7 4 99
154 964665 143 0 5 3991
155 966103 144 0 4 125
156 978339 146 10 4 11
157 982062 148 1 10 43
158 989726 150 2 9 28
159 990790 151 3 9 3
160 1048084 154 6 4 10
161 1048084 154 3 8 261
162 1048084 154 9 5 69
163 1048084 154 0 9 11
164 1048084 154 6 2 748
165 1113658 160 2 0 11
166 1113658 160 8 1 17
167 1113658 160 9 2 210
168 1113658 160 0 9 9
169 1113658 160 1 0 23
170 1113658 160 7 5 5
171 1113658 160 5 9 4
172 1113658 160 0 5 35
173 1113658 160 0 0 35
174 1113658 160 10 3 7
175 1113658 160 6 3 2
176 1113658 160 8 3 10
177 1135930 162 5 10 5
178 1135930 162 10 6 14
179 1135930 162 3 0 1899
180 1150028 168 6 2 30
181 1158960 170 3 7 102
182 1164428 172 6 8 29
183 1197286 177 0 2 189
184 1197286 177 3 3 2171
185 1197286 177 3 10 393
186 1198278 178 9 0 104
187 1201325 182 5 6 2663
188 1205844 184 3 5 54
189 1219146 191 8 6 7153
190 1227011 192 3 8 53
191 1228617 194 5 3 4
192 1230634 196 9 4 86
193 1277536 198 10 6 111
194 1277536 198 10 0 5
195 1277536 198 4 10 7
196 1277536 198 6 4 2
197 1277536 198 8 3 2
198 1277536 198 3 6 1002
199 1282990 202 3 2 18
200 1296800 203 7 6 48
201 1296800 203 7 3 353
202 1323060 210 6 3 1
203 1323060 210 0 3 1
204 1326407 214 0 7 47
205 1332384 217 7 4 13
206 1335056 218 1 2 17074
207 1335498 219 4 5 7677
208 1343276 224 3 2 49443
209 1348256 228 9 2 15
210 1371444 229 2 8 118
211 1371444 229 6 4 17
212 1371444 229 0 9 74
213 1371444 229 0 2 616
214 1399459 230 8 5 3
215 1399459 230 8 3 136
216 1399459 230 3 0 48
217 1399459 230 8 2 48
218 1399459 230 0 3 136
219 1399459 230 0 9 29
220 1401687 231 0 6 2
221 1401687 231 4 6 2
222 1453766 233 8 2 4
223 1453766 233 1 3 4
224 1453766 233 7 2 17
225 1453766 233 0 5 1
226 1453766 233 9 6 6
227 1453766 233 6 10 47
228 1478112 237 10 2 55
229 1478112 237 10 8 53
230 1478112 237 4 9 11
231 1478112 237 4 5 53
232 1478112 237 4 1 55
233 1479369 238 3 8 83
234 1487320 239 8 1 9
235 1487320 239 0 1 9
236 1543209 241 3 0 9
237 1543209 241 3 8 1
238 1543209 241 1 1 18
239 1543209 241 6 8 1
240 1543209 241 7 1 6
241 1543209 241 1 6 48
242 1543209 241 1 4 14
243 1543635 243 10 1 22
244 1546453 244 4 1 1
245 1548864 245 0 8 20
246 1549380 246 7 0 7
247 1585642 259 4 0 14
248 1585642 259 8 5 600
249 1647348 262 0 4 1
250 1647348 262 4 7 1
251 1647348 262 3 5 2
252 1647348 262 3 2 6
253 1647348 262 8 10 55
254 1647348 262 0 0 19
255 1647348 262 2 4 9
256 1647348 262 2 7 5
257 1647348 262 9 9 15
258 1655065 263 4 10 1524
259 1656225 264 4 4 5132
260 1661478 268 5 0 210
261 1668360 269 4 2 8281
262 1668360 269 4 1 4881
263 1668360 269 4 10 438
264 1689436 282 8 10 44
265 1698261 285 4 1 297
266 1698261 285 4 2 275
267 1698261 285 4 4 168
268 1795574 287 2 1 3
269 1795574 287 10 4 1
270 1795574 287 2 6 24
271 1795574 287 9 10 7
272 1795574 287 10 8 35
273 1795574 287 0 5 17
274 1795574 287 9 1 53
275 1795574 287 10 7 807
276 1795574 287 4 2 6
277 1795574 287 4 3 11
278 1795574 287 6 0 1
279 1795574 287 9 3 5
280 1795574 287 9 6 24
281 1795574 287 8 3 11
282 1795574 287 7 0 74
283 1831852 291 0 0 33
284 1831852 291 7 3 211
285 1831852 291 7 0 3
286 1831852 291 10 0 1
287 1831852 291 3 6 409
288 1831852 291 9 5 25
289 1831852 291 9 3 211
290 1865107 292 6 10 1
291 1865107 292 10 9 529
292 1865107 292 7 6 106
293 1867632 293 8 1 87
294 1888020 298 1 2 37
295 1888020 298 1 0 21
296 1888020 298 1 7 60
297 1929486 303 10 0 1
298 1929486 303 1 1 75
299 1929486 303 1 8 973
300 1929486 303 4 8 324
301 1929486 303 3 6 5173
302 1929486 303 2 1 25
303 1929486 303 4 0 158
304 1929486 303 4 2 1892
305 1952379 304 3 6 1731
306 1952379 304 3 8 10
307 1952379 304 3 0 17
308 1952379 304 2 6 577
309 1957697 306 7 9 19562
310 1958918 307 5 4 3332
311 1958918 307 4 4 476
312 1966554 308 6 4 147
313 1970333 310 0 7 73
314 1976724 311 0 10 19
315 1977787 312 6 10 391
316 2031513 317 6 5 3859
317 2031513 317 0 5 1929
318 2031513 317 2 0 4
319 2031513 317 1 2 3961
320 2031513 317 4 5 964
321 2031513 317 2 3 54
322 2031513 317 8 3 382
323 2050322 324 5 10 48
324 2050322 324 7 9 95
325 2056623 327 1 3 3434
326 2056623 327 2 1 180
327 2079678 328 1 3 1
328 2079678 328 4 9 2
329 2079678 328 10 5 297
330 2079678 328 7 8 44
331 2081158 329 2 7 8
332 2088193 330 0 1 1349
333 2088193 330 0 5 91
334 2088193 330 0 6 47
335 2095176 335 1 2 44
336 2102664 337 4 5 11902
337 2118065 339 2 7 15
338 2118065 339 6 5 190
339 2118065 339 7 3 430
340 2118065 339 1 7 15
341 2141416 340 2 4 1
342 2141416 340 6 2 7
343 2141416 340 7 0 20
344 2141416 340 3 0 20
345 2141416 340 2 3 126
346 2148270 344 4 7 106
347 2153926 346 0 5 489
348 2155249 347 8 7 80
349 2169881 353 0 10 3133
350 2169881 353 0 8 90
351 2176407 358 1 4 2379
352 2176844 359 6 9 55
353 2192996 365 3 3 670
354 2192996 365 1 3 670
355 2198029 366 9 2 11
356 2234096 370 8 8 3
357 2234096 370 6 9 23
358 2234096 370 0 8 6
359 2234096 370 9 5 1
360 2240088 379 1 3 2
361 2256678 380 10 5 64
362 2257937 381 9 6 9029
363 2259700 384 6 2 220
364 2282708 388 0 8 3
365 2282708 388 7 9 4765
366 2282708 388 0 9 4765
367 2337046 390 9 1 110
368 2337046 390 7 0 14
369 2337046 390 0 0 14
370 2337046 390 10 5 13
371 2337046 390 5 6 10335
372 2337046 390 5 10 1
373 2356418 392 0 4 427
374 2356418 392 8 4 427
375 2356418 392 5 5 1283
376 2358925 393 8 1 46
377 2425598 395 8 5 177
378 2425598 395 6 2 1
379 2425598 395 0 5 177
380 2425598 395 4 9 2555
381 2425598 395 9 0 440
382 2425598 395 2 4 1
383 2425598 395 2 10 10
384 2425598 395 9 5 532
385 2433847 399 5 7 15502
386 2461483 402 9 8 34
387 2461483 402 2 10 13
388 2461483 402 9 5 65
389 2461483 402 2 0 126
390 2465866 405 9 5 62
391 2470269 406 1 10 204
392 2470269 406 7 10 612
393 2480021 407 2 8 611
394 2480021 407 2 3 139
395 2480021 407 2 10 6135
396 2526698 409 8 6 1
397 2526698 409 1 4 2
398 2526698 409 2 7 2
399 2526698 409 8 2 3
400 2526698 409 5 2 7
401 2526698 409 5 3 3
402 2526698 409 1 3 7
403 2526698 409 1 0 528
404 2526698 409 5 4 2
405 2526698 409 10 10 10
406 2552077 413 2 6 214
407 2552077 413 9 10 29
408 2561807 420 9 1 29
409 2572462 422 1 7 4
410 2572462 422 8 7 4
411 2572462 422 5 3 54
412 2572754 423 3 1 4754
413 2582407 424 7 6 113
414 2665531 428 10 1 668
415 2665531 428 1 4 1
416 2665531 428 7 4 1
417 2665531 428 4 0 1
418 2665531 428 8 9 1
419 2665531 428 3 6 1
420 2665531 428 10 4 1
421 2665531 428 6 6 1
422 2665531 428 0 0 9
423 2665531 428 4 10 38
424 2665531 428 8 6 1
425 2665531 428 1 7 1
426 2665531 428 0 9 1
427 2665531 428 7 3 3
428 2665531 428 2 1 668
429 2665531 428 3 9 1
430 2665531 428 6 2 1
431 2712140 430 3 4 7
432 2712140 430 2 10 2
433 2712140 430 3 2 18
434 2712140 430 0 1 1051
435 2712140 430 10 3 29
436 2712140 430 8 8 1
437 2714644 431 6 0 184
438 2723593 435 6 6 24
439 2729634 440 0 3 120
440 2729634 440 5 10 4
441 2729634 440 4 2 100
442 2730674 441 7 3 52
443 2734471 443 6 10 95
444 2742354 447 3 1 17
445 2788961 457 8 4 1
446 2788961 457 2 10 5
447 2788961 457 7 1 3
448 2788961 457 0 5 64
449 2792895 458 2 4 1978
450 2842647 461 10 10 1
451 2842647 461 8 10 1
452 2842647 461 5 5 163
453 2845764 463 0 0 22
454 2845764 463 2 0 60
455 2960544 466 10 8 1
456 2960544 466 3 7 61
457 2960544 466 8 3 1801
458 2960544 466 7 1 8
459 2960544 466 1 5 2
460 2960544 466 1 8 1
461 2960544 466 1 3 3602
462 2960544 466 6 3 1801
463 2960544 466 5 9 4
464 2960544 466 9 3 1801
465 2960544 466 1 4 217
466 2960544 466 10 3 1801
467 2960544 466 3 6 8
468 2960544 466 6 4 217
469 2960544 466 10 5 1
470 2960544 466 3 8 1
471 2960544 466 4 9 8
472 2988508 467 2 1 1
473 2988508 467 4 6 6
474 2996184 468 7 1 79
475 2996184 468 7 10 33231
476 3012165 472 4 0 7
477 3043840 473 4 9 2
478 3043840 473 9 8 52
479 3043840 473 10 3 59
480 3043840 473 5 3 14
481 3043840 473 7 9 2
482 3043840 473 10 2 7
483 3141926 475 6 9 5
484 3141926 475 3 6 1
485 3141926 475 5 2 1
486 3141926 475 1 3 23
487 3141926 475 8 10 5
488 3141926 475 3 5 5
489 3141926 475 7 8 5
490 3141926 475 0 7 4
491 3141926 475 6 2 1
492 3141926 475 10 2 3
493 3141926 475 10 1 13
494 3141926 475 10 10 5
495 3141926 475 2 5 2
496 3142933 476 6 10 30
497 3152497 477 2 7 60
498 3152497 477 2 3 89
499 3152497 477 2 0 196
500 3159961 479 0 9 1
501 3159961 479 7 9 1
502 3163471 480 8 5 25
503 3164652 482 4 2 222
504 3191057 489 9 8 8
505 3199646 497 9 7 51
506 3290448 498 7 3 9
507 3290448 498 1 0 10
508 3290448 498 10 8 514
509 3290448 498 7 7 29
510 3290448 498 7 2 9
511 3290448 498 4 3 1
512 3290448 498 3 8 514
513 3290448 498 1 9 1
514 3290448 498 1 3 1
515 3290448 498 7 8 514
516 3290448 498 6 5 175
517 3290448 498 6 9 1
518 3290448 498 8 2 4
519 3290448 498 6 4 50
520 3290448 498 6 8 514
521 3298074 499 7 7 71
522 3305424 504 6 9 296
523 3305424 504 1 3 52
524 3306118 505 0 7 64
525 3358369 507 0 0 12
526 3358369 507 5 1 2
527 3358369 507 7 4 4287
528 3358369 507 4 0 6
529 3358369 507 5 0 12
530 3358369 507 9 3 14
531 3358369 507 6 3 7
532 3379164 510 7 5 3
533 3434564 513 9 10 2
534 3434564 513 5 2 6
535 3434564 513 0 3 5
536 3434564 513 8 8 1009
537 3434564 513 6 9 20
538 3446644 518 9 8 52
539 3448227 520 0 2 1008
540 3449974 522 5 9 21
541 3470940 535 4 7 6
542 3471925 536 3 6 467
543 3473324 537 2 10 22
544 3475490 539 10 1 6
545 3488422 544 7 5 54
546 3496906 547 4 2 327
547 3496906 547 4 6 189
548 3497269 548 5 7 298
549 3523423 553 0 2 3
550 3619153 555 9 7 3
551 3619153 555 10 1 95
552 3619153 555 0 3 202
553 3619153 555 4 2 4380
554 3619153 555 5 3 202
555 3619153 555 7 1 95
556 3619153 555 2 2 2628
557 3619153 555 1 3 202
558 3619153 555 5 2 876
559 3619153 555 1 4 4978
560 3619153 555 8 7 7
561 3619153 555 8 2 876
562 3619153 555 10 2 876
563 3619153 555 2 9 2
564 3619153 555 3 10 1
565 3619153 555 4 8 7
566 3619153 555 0 10 5
567 3619153 555 3 7 3
568 3619153 555 9 8 7
569 3654133 556 3 0 1
570 3654133 556 9 10 335
571 3654133 556 8 10 335
572 3654133 556 3 10 335
573 3672107 558 1 5 72
574 3672107 558 1 1 97
575 3687999 562 10 0 17
576 3687999 562 10 9 2695
577 3697268 563 10 5 318
578 3697268 563 10 9 33
579 3697268 563 10 8 1666
580 3697268 563 10 10 127
581 3704498 565 1 1 233
582 3742835 569 3 6 1
583 3742835 569 0 6 5
584 3742835 569 1 0 52
585 3742835 569 10 10 49
586 3742835 569 4 8 1
587 3747288 573 10 5 50
588 3748429 574 8 5 178
589 3780889 576 1 6 4
590 3780889 576 10 1 1
591 3780889 576 1 2 102
592 3780889 576 6 5 2438
593 3781875 577 8 0 1169
594 3785960 578 7 9 11
595 3803347 582 4 6 282
596 3803347 582 4 3 49
597 3803347 582 4 1 20340
598 3820458 588 4 1 168
599 3820458 588 4 5 688
600 3827192 591 8 10 2
601 3827192 591 5 10 34
602 3837600 599 7 1 186
603 3865996 602 8 8 3636
604 3865996 602 8 1 81
605 3865996 602 6 6 1
606 3865996 602 6 8 259
607 3867117 604 9 6 322
608 3878647 606 10 7 327
609 3890488 611 3 6 410
610 3890488 611 10 6 205
611 3890488 611 3 4 39
612 3974572 612 2 9 14
613 3974572 612 3 4 26
614 3974572 612 7 7 5079
615 3974572 612 1 7 2539
616 3974572 612 4 7 2539
617 3974572 612 4 3 1
618 3974572 612 7 3 1
619 3974572 612 10 6 3
620 3974572 612 6 10 5
621 3974572 612 4 10 5
622 3974572 612 3 3 1
623 3974572 612 8 6 1
624 3974572 612 0 3 1
625 3974572 612 0 5 240
626 3974572 612 6 9 3
627 3974572 612 1 5 120
628 3974572 612 5 10 5
629 3974572 612 1 8 17
630 3974572 612 5 0 214
631 3983251 615 2 7 39103
632 4061070 616 8 9 2
633 4061070 616 7 10 854
634 4061070 616 9 5 1227
635 4061070 616 0 1 1
636 4061070 616 9 7 200
637 4061070 616 0 0 1977
638 4061070 616 6 7 5205
639 4061070 616 7 2 1
640 4061070 616 5 9 14
641 4061070 616 7 3 20
642 4061070 616 7 4 1
643 4061070 616 1 6 36
644 4066463 618 2 8 38
645 4077031 624 1 5 2839
646 4077031 624 2 5 2839
647 4088191 626 2 7 117
648 4088191 626 2 0 55
649 4099447 628 1 6 127
650 4107969 631 2 3 144
651 4127829 633 5 7 3
652 4131612 634 7 3 109
653 4131612 634 7 7 20
654 4136513 635 5 8 1373
655 4136513 635 5 1 1250
656 4141584 637 4 10 24
657 4141584 637 10 10 8
658 4146951 638 0 7 406
659 4197055 644 6 7 370
660 4197055 644 2 0 8
661 4197055 644 1 10 1
662 4197055 644 0 3 10
663 4197055 644 1 4 647
664 4197055 644 0 9 136
665 4197055 644 8 10 22
666 4197055 644 9 8 3635
667 4197055 644 3 0 8
668 4197055 644 3 3 21
669 4197055 644 10 6 1
670 4200938 649 4 1 3092
671 4201639 650 0 10 58
672 4201639 650 10 10 29
673 4213219 661 4 0 26
674 4216215 666 4 3 2
675 4220890 668 5 0 9853
676 4287801 671 4 7 1
677 4287801 671 6 6 41
678 4287801 671 9 2 6
679 4287801 671 6 0 1
680 4287801 671 3 2 6
681 4287801 671 2 1 476
682 4287801 671 4 8 5
683 4287801 671 5 2 6
684 4287801 671 8 9 8
685 4287801 671 8 1 238
686 4287801 671 1 6 16
687 4287801 671 0 4 671
688 4287801 671 1 0 1
689 4287801 671 4 6 8
690 4287801 671 2 7 1
691 4303535 677 6 8 67
692 4308443 680 10 8 3319
693 4315825 681 4 4 1319
694 4315825 681 5 4 1319
695 4368981 683 10 9 30
696 4368981 683 1 10 32
697 4370102 685 1 4 41
698 4384700 689 9 10 4
699 4411940 690 8 1 1
700 4411940 690 0 4 863
701 4411940 690 0 10 48
702 4411940 690 4 8 300
703 4413101 691 10 2 74
704 4435255 692 6 5 222
705 4442788 693 8 7 220
706 4442788 693 8 5 224
707 4547860 695 5 2 793
708 4547860 695 0 10 3
709 4547860 695 9 3 4
710 4547860 695 10 8 1
711 4547860 695 9 2 793
712 4547860 695 10 6 2
713 4547860 695 7 2 793
714 4547860 695 1 3 4
715 4547860 695 2 7 1
716 4547860 695 0 1 3
717 4547860 695 6 5 49
718 4547860 695 4 3 4
719 4547860 695 8 8 1
720 4547860 695 7 9 429
721 4552145 697 6 1 154
722 4552145 697 1 10 15
723 4576113 698 2 2 153
724 4576113 698 5 6 48
725 4576113 698 10 9 66
726 4576113 698 10 10 32
727 4576113 698 10 0 4
728 4577334 700 9 4 4666
729 4609400 702 4 1 5
730 4609400 702 3 9 43
731 4609400 702 0 1 25
732 4609400 702 3 3 1
733 4630183 703 2 6 38
734 4630183 703 2 7 1370
735 4631168 704 9 6 3990
736 4647710 710 3 10 1
737 4647710 710 3 1 44
738 4647710 710 3 8 105
739 4648430 711 9 10 28
740 4655415 712 4 4 99
741 4655415 712 10 4 49
742 4702347 718 2 10 21
743 4702347 718 0 7 5
744 4702347 718 5 8 4366
745 4702347 718 0 5 87
746 4702347 718 0 9 31
747 4720893 723 3 6 66
748 4720893 723 6 3 13
749 4737227 727 8 7 2
750 4765539 732 6 9 46
751 4765539 732 5 9 46
752 4766009 733 9 8 3956
753 4789769 735 6 6 3
754 4789769 735 6 5 36
755 4789769 735 9 7 1348
756 4789769 735 6 8 280
757 4797473 737 10 0 88
758 4806790 739 10 10 132
759 4806790 739 10 6 35
760 4862408 741 4 8 1
761 4862408 741 3 6 2
762 4862408 741 10 7 2
763 4862408 741 2 2 3
764 4862408 741 4 9 14
765 4862408 741 5 6 5
766 4862408 741 10 2 3
767 4862408 741 0 0 15797
768 4862408 741 0 8 1
769 4862408 741 7 7 2
770 4862408 741 2 5 11
771 4873207 745 3 10 118
772 4884467 749 2 7 20
773 4884467 749 2 9 1
774 4933370 751 10 7 7
775 4933370 751 2 5 25
776 4933370 751 5 9 15
777 4933370 751 0 9 15
778 4933370 751 1 6 167
779 4933370 751 0 7 3
780 4933370 751 0 2 119
781 4942247 752 1 9 1
782 4942247 752 1 0 168
783 4954805 755 9 1 352
784 4954805 755 9 10 2193
785 4968398 757 5 5 578
786 4971863 759 9 3 11
787 4972509 760 5 0 1472
788 4976038 761 8 5 91
789 5007758 766 5 7 7
790 5009823 767 10 8 62
791 5029296 768 8 1 41
792 5029296 768 0 3 102
793 5036346 773 8 10 34
794 5043206 777 10 6 150
795 5048986 778 7 9 14
796 5048986 778 3 1 279
797 5049839 779 2 1 1518
798 5055352 780 0 5 4
799 5068134 789 3 2 30
800 5070706 794 4 6 74
801 5080618 798 4 5 6106
802 5080618 798 4 0 65
803 5080678 800 8 7 69
804 5084042 802 5 0 43
805 5091749 804 4 4 621
806 5091749 804 4 6 21
807 5091749 804 4 3 23
808 5099056 810 3 7 472
809 5100249 812 7 5 958
810 5107856 816 2 8 132
811 5115242 819 4 3 21
812 5116363 820 2 2 104
813 5211749 822 0 3 1
814 5211749 822 1 7 276
815 5211749 822 2 0 1
816 5211749 822 8 3 13
817 5211749 822 2 7 1244
818 5211749 822 4 8 239
819 5211749 822 7 6 13
820 5211749 822 0 4 1
821 5211749 822 10 6 8
822 5211749 822 0 8 1679
823 5211749 822 9 10 1
824 5211749 822 8 6 4
825 5211749 822 3 3 1
826 5211749 822 10 1 1
827 5211749 822 1 2 9
828 5211749 822 1 6 4
829 5211749 822 5 9 3
830 5288178 823 3 4 3553
831 5288178 823 1 2 6
832 5288178 823 5 4 3553
833 5288178 823 10 0 8
834 5288178 823 10 5 599
835 5288178 823 10 2 12
836 5288178 823 2 5 1797
837 5288178 823 9 9 1
838 5288178 823 5 9 1
839 5288178 823 10 6 7637
840 5288178 823 2 8 5
841 5288178 823 10 1 969
842 5312401 825 10 0 17
843 5312401 825 5 5 16
844 5312401 825 6 9 56
845 5312401 825 1 1 19
846 5312401 825 4 4 187
847 5315273 827 5 9 116
848 5326138 830 8 1 24
849 5343711 833 7 2 89
850 5354942 834 8 4 9
851 5354942 834 2 0 15
852 5354942 834 7 0 177
853 5372802 842 1 8 2391
854 5387623 846 5 1 9
855 5387623 846 5 2 142
856 5389378 850 7 2 15
857 5391918 852 2 9 48
858 5406987 858 10 2 1
859 5413895 859 6 8 506
860 5413895 859 6 7 207
861 5422112 861 3 3 2378
862 5422112 861 3 8 8
863 5481555 864 4 1 14
864 5481555 864 0 4 17
865 5481555 864 1 4 5
866 5481555 864 1 8 226
867 5481699 865 4 2 165
868 5484416 867 2 3 81
869 5486342 869 6 9 164
870 5488378 870 2 3 6
871 5508737 874 2 7 312
872 5515749 877 10 6 24
873 5522757 881 10 2 1685
874 5565238 886 8 8 20
875 5565238 886 7 5 25
876 5565238 886 5 6 555
877 5565238 886 6 6 555
878 5565238 886 8 4 1
879 5565238 886 4 5 25
880 5565238 886 2 6 1111
881 5565238 886 4 1 5
882 5572747 888 10 7 651
883 5614798 894 7 7 1
884 5614798 894 3 3 6
885 5614798 894 10 3 6
886 5614798 894 8 4 18
887 5614798 894 8 3 6
888 5614798 894 7 5 4
889 5617621 895 3 9 18
890 5639102 896 1 3 1586
891 5639102 896 8 2 38
892 5639102 896 4 9 10
893 5650661 899 6 3 108
894 5650661 899 6 10 114
895 5657355 902 5 10 39173
896 5703226 909 9 9 226
897 5703226 909 9 3 21
898 5711521 911 4 0 682
899 5720748 913 4 2 19
900 5722625 914 2 3 171
901 5738841 919 0 1 1
902 5741540 921 8 1 88
903 5764267 926 7 0 37
904 5766039 928 0 10 51
905 5861022 929 1 3 6
906 5861022 929 0 7 2
907 5861022 929 4 9 8
908 5861022 929 2 7 2
909 5861022 929 8 10 2
910 5861022 929 6 3 3
911 5861022 929 8 9 4
912 5861022 929 2 6 218
913 5861022 929 9 8 14
914 5861022 929 0 0 5
915 5861022 929 8 6 272
916 5861022 929 3 3 3
917 5861022 929 7 9 4
918 5861022 929 7 6 54
919 5861022 929 6 9 28
920 5861022 929 7 2 8
921 5861022 929 10 7 2
922 5861022 929 0 10 1
923 5861022 929 9 0 5
924 5861022 929 2 1 1
925 5861022 929 1 6 54
926 5917310 930 6 0 4984
927 5917310 930 6 8 928
928 5917310 930 4 7 10
929 5917310 930 9 7 31
930 5917310 930 8 7 10
931 5917310 930 8 3 15
932 5968142 931 6 3 24
933 5968142 931 1 1 10
934 5968142 931 10 2 1607
935 5968142 931 5 1 10
936 5968142 931 2 2 1607
937 5968142 931 10 1 10
938 5968142 931 5 9 4239
939 5968142 931 4 4 909
940 5968142 931 5 2 4823
941 5968142 931 6 6 8
942 5968142 931 0 7 6
943 5968142 931 1 5 349
944 6001779 932 8 0 2
945 6001779 932 1 6 4
946 6001779 932 3 3 3
947 6009850 937 4 6 76
948 6016975 939 3 8 14263
949 6016975 939 9 9 59
950 6112539 941 1 3 1
951 6112539 941 2 8 2
952 6112539 941 10 9 1305
953 6112539 941 3 6 2
954 6112539 941 2 10 18
955 6112539 941 5 10 18
956 6112539 941 10 2 2
957 6112539 941 3 4 1
958 6112539 941 6 2 5
959 6112539 941 5 3 8
960 6112539 941 7 4 3
961 6112539 941 2 3 1
962 6112539 941 2 6 5
963 6112539 941 4 7 1
964 6112539 941 0 7 1
965 6112539 941 3 2 2
966 6112539 941 0 1 96
967 6112539 941 8 10 18
968 6112539 941 10 8 1
969 6112539 941 6 7 18
970 6112539 941 7 9 1305
971 6116272 946 7 9 37
972 6139862 955 7 4 6343
973 6156379 959 10 10 18
974 6156379 959 10 0 127
975 6165715 961 8 5 343
976 6232449 967 4 1 369
977 6232449 967 7 9 4
978 6232449 967 4 2 15
979 6232449 967 7 4 14
980 6232449 967 4 6 6161
981 6232449 967 6 7 243
982 6232449 967 0 7 243
983 6232449 967 1 8 44
984 6232449 967 5 9 2
985 6240851 970 10 6 74
986 6244258 971 9 8 90
987 6269568 973 0 6 19
988 6269568 973 0 5 2131
989 6269568 973 2 8 1312
990 6269568 973 2 2 3
991 6270466 974 2 10 4704
992 6272199 975 8 8 3
993 6283863 981 1 6 406
994 6286981 986 1 0 968
995 6302828 993 4 2 94
996 6316768 994 7 0 6
997 6316768 994 7 1 8
998 6316768 994 10 5 81
999 6322459 997 0 3 22
