11 366 1000
0 17217 0 9 0 1
1 17217 0 1 4 103
2 17527 1 9 1 33309
3 65710 3 9 6 284
4 65710 3 10 4 3213
5 65710 3 9 7 63
6 86959 8 10 0 624
7 120112 9 4 2 98
8 120112 9 1 4 2
9 120112 9 1 3 74
10 127449 10 4 1 8702
11 168617 13 3 1 265
12 168617 13 7 4 3064
13 168617 13 8 8 1
14 168617 13 6 10 99
15 168617 13 10 1 1591
16 174347 16 2 4 209
17 220596 17 10 2 1578
18 220596 17 7 9 658
19 220596 17 5 4 12
20 220596 17 3 1 44
21 220596 17 0 8 1
22 220596 17 1 2 526
23 230164 18 1 7 209
24 230164 18 1 1 13067
25 258936 21 3 2 1009
26 258936 21 4 4 22
27 269141 26 0 8 2366
28 279604 27 3 0 130
29 304772 29 10 2 2926
30 304772 29 10 9 5
31 304772 29 2 8 170
32 313047 31 3 3 475
33 316447 32 0 4 14
34 333713 37 0 8 6
35 333713 37 3 8 6
36 333713 37 3 9 6321
37 344379 38 2 5 55
38 372122 44 1 8 59
39 372122 44 1 2 89
40 372122 44 1 1 36
41 388488 50 9 0 44
42 491538 51 0 1 15
43 491538 51 5 4 15
44 491538 51 9 8 1
45 491538 51 10 6 1
46 491538 51 10 8 21
47 491538 51 5 9 1
48 491538 51 7 2 5
49 491538 51 3 7 11
50 491538 51 8 7 5
51 494595 55 0 9 3923
52 554637 59 1 4 1
53 554637 59 2 7 6
54 554637 59 5 8 15
55 583979 66 0 8 966
56 583979 66 0 0 2
57 583987 67 1 7 10
58 588458 68 2 4 1
59 588458 68 3 4 3
60 622504 72 6 6 108
61 687583 75 4 2 7002
62 687583 75 1 7 1
63 687583 75 2 8 1
64 687583 75 0 7 1
65 687583 75 10 6 14
66 687583 75 10 3 33
67 687583 75 9 10 7
68 687583 75 0 0 5
69 703342 81 0 6 119
70 706674 82 1 8 76
71 790540 84 6 4 5
72 790540 84 2 0 15
73 790540 84 10 8 6
74 790540 84 2 6 2
75 790540 84 6 9 6
76 790540 84 10 3 8
77 790540 84 4 7 21
78 790540 84 3 4 5
79 790540 84 3 3 8
80 811912 89 7 4 298
81 811912 89 7 9 100
82 811912 89 7 5 6
83 811912 89 7 2 266
84 821564 92 9 0 133
85 834654 94 5 5 756
86 837198 95 3 1 49
87 838983 96 10 5 88
88 851935 98 10 1 117
89 899510 99 0 8 1
90 899510 99 0 9 42
91 899510 99 7 9 42
92 899510 99 0 0 203
93 899510 99 0 6 10
94 899510 99 0 2 19
95 899510 99 9 10 3070
96 981309 102 5 5 14
97 981309 102 6 0 35
98 981309 102 2 2 483
99 981309 102 8 2 967
100 995592 104 4 3 2306
101 995592 104 4 0 1
102 1035680 108 2 2 1
103 1035680 108 7 7 76
104 1035680 108 0 0 226
105 1035680 108 2 0 226
106 1040674 110 3 10 47
107 1040674 110 3 3 4665
108 1040674 110 3 2 330
109 1040893 111 4 0 2184
110 1043770 113 10 6 349
111 1055742 116 2 0 61
112 1065913 117 0 8 56
113 1065913 117 0 6 1374
114 1077912 118 6 2 15
115 1081766 122 0 1 98
116 1083879 123 10 10 32
117 1091736 126 0 0 119
118 1112445 127 0 10 2474
119 1114968 130 7 10 226
120 1115421 131 1 3 226
121 1133665 134 1 6 1980
122 1133665 134 0 3 7
123 1133665 134 8 9 76
124 1154278 136 1 10 32
125 1154278 136 1 9 1
126 1154278 136 1 2 59
127 1154278 136 8 1 94
128 1220138 137 9 4 99
129 1220138 137 10 9 2136
130 1220138 137 4 2 21
131 1220138 137 1 10 222
132 1220138 137 3 0 8
133 1221216 138 4 5 109
134 1226772 139 10 1 50
135 1226793 140 7 4 142
136 1240284 143 0 10 7810
137 1240284 143 0 8 4
138 1240284 143 0 3 45
139 1240284 143 0 4 78
140 1257865 146 8 8 999
141 1257865 146 4 8 333
142 1272505 150 2 2 69
143 1272505 150 2 3 66
144 1347536 154 5 0 2
145 1347536 154 1 7 642
146 1347536 154 4 1 16
147 1347536 154 10 5 139
148 1347536 154 5 1 33
149 1347536 154 6 5 69
150 1347536 154 2 7 642
151 1348204 155 1 7 3
152 1351903 156 2 8 23
153 1352263 157 4 4 87
154 1431846 160 8 1 17
155 1431846 160 1 6 2
156 1431846 160 9 3 10
157 1431846 160 7 5 5
158 1431846 160 7 3 137
159 1431846 160 5 9 4
160 1431846 160 0 9 9
161 1460481 162 8 7 225
162 1460481 162 10 10 5
163 1463405 164 6 8 11399
164 1473965 165 6 5 220
165 1478608 168 5 2 15
166 1478608 168 6 2 30
167 1490092 170 3 2 1368
168 1490092 170 3 9 3937
169 1497122 172 4 10 18
170 1511060 174 2 2 9
171 1539368 177 3 10 393
172 1539368 177 3 8 268
173 1559120 187 9 9 71
174 1566513 190 10 10 8155
175 1566513 190 8 10 8155
176 1577586 192 3 9 1320
177 1582243 196 9 4 86
178 1642546 198 4 9 7
179 1642546 198 7 8 11
180 1642546 198 6 4 2
181 1642546 198 9 1 4
182 1642546 198 6 0 5
183 1649558 202 3 8 120
184 1649558 202 3 7 44
185 1649558 202 3 10 415
186 1667315 203 8 0 228
187 1701077 210 10 3 1
188 1701077 210 4 3 1
189 1705380 214 0 7 47
190 1705737 215 7 4 8130
191 1713066 217 8 5 78
192 1713066 217 6 4 13
193 1733472 228 3 2 31
194 1763285 229 6 0 10
195 1763285 229 6 6 27
196 1763285 229 2 1 1
197 1763285 229 0 9 74
198 1763285 229 0 7 28
199 1763285 229 0 0 10
200 1763285 229 6 2 1233
201 1799305 230 3 10 5
202 1799305 230 0 2 1
203 1802169 231 7 6 2
204 1802169 231 8 6 2
205 1869128 233 3 2 4
206 1869128 233 4 0 7
207 1869128 233 2 5 1
208 1869128 233 9 2 4
209 1869128 233 3 5 1
210 1869128 233 2 0 22
211 1869128 233 5 0 7
212 1869128 233 8 10 9
213 1869128 233 9 8 94
214 1870558 234 1 7 11379
215 1900430 237 4 1 55
216 1912269 239 2 1 9
217 1912269 239 8 1 9
218 1912743 240 1 6 190
219 1984125 241 7 7 6
220 1984125 241 7 8 1
221 1984125 241 3 3 1
222 1988297 244 10 9 11740
223 1995109 249 5 5 21
224 1999087 254 2 4 52
225 2002131 256 4 0 18
226 2038683 259 7 0 14
227 2038683 259 6 0 14
228 2038683 259 7 8 2025
229 2038683 259 5 7 25
230 2038830 260 0 8 471
231 2118019 262 0 10 12
232 2118019 262 0 1 30
233 2118019 262 0 6 8
234 2118019 262 8 1 30
235 2118019 262 9 6 8
236 2118019 262 4 3 3
237 2145034 269 4 5 39
238 2145034 269 4 4 68
239 2155119 272 1 5 106
240 2172133 282 8 7 200
241 2172133 282 8 2 74
242 2183479 285 4 0 5994
243 2308595 287 0 6 24
244 2308595 287 4 9 1
245 2308595 287 2 7 12118
246 2308595 287 4 5 2
247 2308595 287 5 5 70
248 2308595 287 3 6 24
249 2308595 287 3 5 2
250 2308595 287 1 2 3
251 2308595 287 0 10 7
252 2308595 287 5 7 807
253 2308595 287 2 10 30
254 2308595 287 6 0 1
255 2355239 291 9 9 548
256 2355239 291 6 6 409
257 2355239 291 4 9 182
258 2355239 291 9 4 89
259 2355239 291 3 0 6
260 2355239 291 3 2 3435
261 2355239 291 0 2 3435
262 2397995 292 6 9 1235
263 2397995 292 10 8 3054
264 2397995 292 9 8 218
265 2404745 295 6 4 6
266 2427455 298 9 9 5
267 2427455 298 1 4 9674
268 2427455 298 1 5 75
269 2427455 298 1 2 37
270 2480768 303 3 10 14
271 2480768 303 4 6 795
272 2480768 303 9 0 1
273 2480768 303 4 0 158
274 2510202 304 3 7 25
275 2510202 304 2 7 8
276 2510202 304 2 5 23
277 2510202 304 2 4 11
278 2510202 304 2 8 40
279 2510202 304 2 6 577
280 2533286 310 0 1 221
281 2611946 317 5 3 54
282 2611946 317 9 0 4
283 2611946 317 2 9 16
284 2611946 317 2 0 4
285 2611946 317 9 10 55
286 2611946 317 0 7 3013
287 2611946 317 3 7 1004
288 2614300 318 2 7 11
289 2616631 319 7 10 78
290 2636128 324 2 5 510
291 2636128 324 5 10 48
292 2673872 328 0 0 1
293 2673872 328 0 3 1
294 2673872 328 0 8 44
295 2673872 328 6 5 594
296 2684820 330 0 9 26
297 2684820 330 0 6 47
298 2685051 332 2 8 19
299 2685639 333 3 5 304
300 2703425 337 4 6 86
301 2704030 338 4 5 18
302 2704030 338 1 5 37
303 2723227 339 9 3 1290
304 2723227 339 3 7 31
305 2723227 339 9 5 95
306 2723227 339 4 7 15
307 2723227 339 1 7 15
308 2753249 340 3 4 5
309 2753249 340 3 1 3
310 2753249 340 5 2 3
311 2753249 340 5 8 451
312 2753249 340 3 0 20
313 2762062 344 4 7 106
314 2774628 349 6 6 8522
315 2780762 352 9 10 104
316 2789848 353 0 6 5
317 2798800 359 6 9 55
318 2818662 363 4 4 31
319 2819567 365 1 3 670
320 2819567 365 3 3 670
321 2826037 366 9 5 2928
322 2843402 369 2 7 23
323 2872409 370 10 5 1
324 2872409 370 7 2 9
325 2872409 370 3 2 1
326 2876820 372 3 0 349
327 2879300 377 9 8 86
328 2901443 380 10 3 238
329 2910912 386 7 3 976
330 2914997 387 9 9 1
331 3004774 390 1 3 298
332 3004774 390 0 10 1
333 3004774 390 3 4 27
334 3004774 390 8 7 38
335 3004774 390 4 1 2
336 3004774 390 4 3 596
337 3004774 390 1 4 27
338 3029681 392 5 0 19
339 3029681 392 3 0 19
340 3032903 393 8 1 46
341 3118626 395 0 4 1
342 3118626 395 6 5 177
343 3118626 395 1 3 52
344 3118626 395 9 9 2555
345 3118626 395 6 0 440
346 3118626 395 5 8 66
347 3118626 395 8 5 177
348 3118626 395 8 2 1
349 3118626 395 2 5 1065
350 3118626 395 8 3 10
351 3118626 395 1 10 10
352 3164763 402 2 3 65
353 3164763 402 2 2 7
354 3164763 402 2 4 6
355 3164763 402 9 9 42
356 3164763 402 9 7 35
357 3170400 405 8 5 15
358 3188599 407 2 9 3032
359 3188804 408 2 8 119
360 3248611 409 1 4 2
361 3248611 409 8 6 1
362 3248611 409 1 10 10
363 3248611 409 2 6 1
364 3248611 409 8 10 10
365 3257490 412 7 1 86
366 3281243 413 9 9 16
367 3281243 413 2 1 168
368 3281243 413 9 6 10095
369 3281243 413 2 7 32
370 3287168 417 6 2 58
371 3287330 418 6 5 259
372 3307451 422 1 7 4
373 3307451 422 7 2 569
374 3307451 422 0 7 62
375 3320238 424 7 10 493
376 3320238 424 7 9 6021
377 3320238 424 7 7 63
378 3320238 424 7 5 282
379 3427112 428 3 5 822
380 3427112 428 6 8 7
381 3427112 428 10 5 822
382 3427112 428 1 6 1
383 3427112 428 6 5 822
384 3427112 428 0 5 822
385 3427112 428 10 2 1
386 3427112 428 7 1 110959
387 3427112 428 5 4 1
388 3427112 428 4 6 1
389 3427112 428 3 4 28
390 3427112 428 8 3 7
391 3427112 428 0 2 2
392 3427112 428 7 2 2
393 3427112 428 5 2 1
394 3427112 428 0 6 1
395 3427112 428 0 8 7
396 3427112 428 0 9 1
397 3487038 430 7 5 16
398 3487038 430 3 8 1
399 3487038 430 8 4 3
400 3487038 430 2 5 8
401 3487038 430 4 7 17
402 3487038 430 5 8 4
403 3487038 430 0 10 2
404 3487038 430 10 4 3
405 3487038 430 5 5 8
406 3487038 430 2 0 2
407 3487038 430 4 1 7361
408 3487038 430 0 7 17
409 3494346 434 8 2 37
410 3501762 435 7 1 108
411 3510867 441 7 3 52
412 3511185 442 6 1 1280
413 3515748 443 6 6 1210
414 3515748 443 6 7 3945
415 3523172 445 7 0 52
416 3528719 450 10 4 617
417 3528740 451 10 10 11840
418 3608491 460 1 7 335
419 3608491 460 1 5 102
420 3654832 461 0 4 5
421 3654832 461 7 10 1
422 3654832 461 8 0 1
423 3654832 461 6 1 34
424 3654832 461 8 10 1
425 3654832 461 4 7 1
426 3654832 461 7 1 11
427 3661192 465 3 0 20
428 3661192 465 0 0 7
429 3806414 466 2 7 10
430 3806414 466 2 4 652
431 3806414 466 9 1 2
432 3806414 466 10 9 4
433 3806414 466 10 8 1
434 3806414 466 9 3 1801
435 3806414 466 6 0 7
436 3806414 466 5 1 2
437 3806414 466 4 1 2
438 3806414 466 2 5 1
439 3806414 466 8 1 5
440 3806414 466 1 2 804
441 3806414 466 6 1 2
442 3806414 466 5 6 8
443 3806414 466 5 10 4
444 3806414 466 7 7 1
445 3806414 466 7 3 3602
446 3806414 466 7 9 12
447 3842367 467 5 8 7
448 3842367 467 4 0 1291
449 3842367 467 1 6 6
450 3842367 467 10 9 8
451 3842367 467 0 3 4
452 3842367 467 6 8 7
453 3854636 469 6 1 4673
454 3862707 471 4 10 7385
455 3872784 472 1 0 7
456 3913509 473 8 8 104
457 3913509 473 5 3 14
458 3913509 473 6 8 52
459 3913509 473 7 3 14
460 3913509 473 4 8 52
461 3913509 473 0 10 1
462 3913509 473 10 3 59
463 3913509 473 9 2 7
464 4039620 475 0 4 2
465 4039620 475 6 4 1
466 4039620 475 6 6 1
467 4039620 475 7 9 5
468 4039620 475 6 1 13
469 4039620 475 6 5 2
470 4039620 475 1 8 2
471 4039620 475 7 5 2
472 4039620 475 5 9 5
473 4053211 477 2 3 89
474 4053211 477 2 1 282
475 4062808 479 1 9 1
476 4062808 479 9 9 1
477 4086866 487 5 0 66373
478 4086866 487 5 1 65
479 4087385 488 10 4 7643
480 4102788 489 3 5 94
481 4102788 489 3 8 69
482 4102788 489 3 7 5
483 4102788 489 2 4 48
484 4106522 491 10 10 39
485 4230576 498 10 8 514
486 4230576 498 8 2 4
487 4230576 498 6 10 13
488 4230576 498 0 7 7
489 4230576 498 6 9 1
490 4230576 498 10 4 50
491 4230576 498 7 8 514
492 4230576 498 6 3 1
493 4230576 498 0 2 4
494 4230576 498 6 2 9
495 4230576 498 3 6 1
496 4230576 498 9 8 514
497 4230576 498 5 10 13
498 4230576 498 10 9 1
499 4230576 498 2 1 17
500 4230576 498 2 7 7
501 4230576 498 5 8 514
502 4230576 498 9 2 4
503 4240381 499 7 7 71
504 4240381 499 7 4 225
505 4241571 501 4 8 5123
506 4249831 504 10 9 1333
507 4249831 504 3 9 1629
508 4250723 505 0 7 64
509 4317903 507 9 1 1
510 4317903 507 10 4 1429
511 4317903 507 5 5 49
512 4317903 507 4 7 72
513 4317903 507 1 8 52
514 4317903 507 0 3 2
515 4317903 507 8 4 1429
516 4317903 507 3 1 1
517 4317903 507 4 3 2
518 4317903 507 10 2 11
519 4317903 507 4 1 1
520 4317903 507 3 9 21
521 4317903 507 7 6 7
522 4344640 510 7 10 87
523 4344640 510 6 2 40
524 4344640 510 7 0 47
525 4415869 513 7 0 1
526 4415869 513 0 5 345
527 4415869 513 5 6 80
528 4415869 513 5 1 21
529 4415869 513 2 7 5
530 4415869 513 3 8 1009
531 4415869 513 0 8 6059
532 4430513 516 2 3 1
533 4430513 516 5 3 1
534 4433435 520 0 2 1008
535 4435681 522 4 9 174
536 4435681 522 5 9 21
537 4446292 528 3 7 128
538 4447004 529 3 9 374
539 4447799 530 3 10 50
540 4450712 533 9 4 779
541 4465703 537 5 10 11
542 4484643 542 1 9 38
543 4486416 546 4 7 78
544 4507679 550 3 6 6
545 4507679 550 5 6 6
546 4524005 551 0 1 26
547 4524005 551 3 6 60
548 4524005 551 6 1 7
549 4524005 551 10 6 30
550 4528274 552 5 0 76
551 4530115 553 2 2 3
552 4653197 555 7 4 829
553 4653197 555 1 9 2
554 4653197 555 6 1 191
555 4653197 555 6 9 35
556 4653197 555 2 6 94
557 4653197 555 8 4 829
558 4653197 555 3 1 95
559 4653197 555 4 0 3
560 4653197 555 2 8 7
561 4653197 555 3 2 876
562 4653197 555 5 9 2
563 4653197 555 1 10 1
564 4698172 556 5 7 31
565 4698172 556 10 0 11
566 4698172 556 3 0 1
567 4698172 556 5 8 109
568 4698172 556 3 5 3164
569 4698172 556 5 4 4
570 4721280 558 1 8 329
571 4726007 560 10 2 45
572 4726007 560 2 2 8
573 4726007 560 5 0 81
574 4741713 562 10 7 2
575 4762926 565 1 2 99585
576 4762926 565 1 6 430
577 4812217 569 5 3 1
578 4812217 569 4 6 1
579 4861143 576 0 2 51
580 4861143 576 0 6 27
581 4867663 578 6 8 233
582 4867948 579 3 0 57
583 4890018 582 4 5 179
584 4890018 582 4 2 114
585 4901066 583 6 4 5985
586 4901066 583 6 0 11861
587 4902611 585 10 3 1425
588 4912018 588 4 9 111
589 4912018 588 4 7 10
590 4924254 594 0 5 74
591 4928022 595 2 9 194
592 4970566 602 8 6 12
593 4970566 602 8 0 1082
594 4970566 602 6 0 4869
595 4972008 604 9 6 322
596 4986833 606 10 7 327
597 4990407 610 2 3 27
598 5002056 611 0 2 43
599 5002056 611 1 2 8
600 5002056 611 8 8 990
601 5002056 611 3 4 39
602 5110164 612 0 5 240
603 5110164 612 9 6 3
604 5110164 612 2 3 1
605 5110164 612 10 8 26
606 5110164 612 5 6 1
607 5110164 612 8 8 8
608 5110164 612 2 7 2539
609 5110164 612 3 4 26
610 5110164 612 4 0 71
611 5110164 612 5 5 360
612 5110164 612 3 10 5
613 5110164 612 9 7 2539
614 5110164 612 1 3 1
615 5110164 612 8 7 2539
616 5110164 612 1 0 71
617 5110164 612 5 2 448
618 5110164 612 4 8 17
619 5110164 612 2 9 14
620 5110164 612 7 0 71
621 5110164 612 8 0 713
622 5110164 612 5 4 80
623 5119253 613 3 1 10
624 5119521 614 6 5 252
625 5221376 616 0 10 12823
626 5221376 616 8 9 2
627 5221376 616 8 5 11051
628 5221376 616 5 4 3
629 5221376 616 9 8 1
630 5221376 616 2 9 5
631 5221376 616 1 6 36
632 5221376 616 8 7 200
633 5221376 616 10 0 494
634 5221376 616 1 3 20
635 5221376 616 6 7 5205
636 5221376 616 2 2 1
637 5221376 616 2 6 72
638 5221376 616 10 4 1
639 5221376 616 8 0 6921
640 5221376 616 3 6 36
641 5221376 616 3 5 1227
642 5221376 616 7 6 36
643 5221376 616 2 1 1
644 5221376 616 5 5 8595
645 5228310 618 7 8 12
646 5256245 626 2 8 103
647 5256245 626 2 7 117
648 5270718 628 1 3 228
649 5270718 628 1 1 107
650 5270718 628 1 8 78
651 5281675 631 9 5 232
652 5281675 631 2 6 351
653 5281675 631 5 6 491
654 5307209 633 5 5 19724
655 5307209 633 5 1 368
656 5312073 634 7 3 109
657 5318373 635 5 10 15796
658 5318373 635 5 1 1250
659 5318373 635 5 4 37
660 5324894 637 10 10 8
661 5324894 637 6 10 40
662 5331795 638 0 7 406
663 5331795 638 4 6 40
664 5332159 639 2 3 55
665 5396213 644 8 9 27
666 5396213 644 10 9 27
667 5396213 644 1 0 8
668 5396213 644 0 0 25
669 5396213 644 0 8 908
670 5396213 644 6 8 1817
671 5396213 644 1 8 1817
672 5396213 644 8 7 92
673 5396213 644 1 3 10
674 5396213 644 9 10 2
675 5396213 644 2 1 20
676 5401207 649 4 1 3092
677 5402108 650 0 10 58
678 5407105 658 0 3 6037
679 5426858 668 5 9 34
680 5512887 671 8 7 1
681 5512887 671 5 4 1342
682 5512887 671 1 7 1
683 5512887 671 4 2 13
684 5512887 671 3 2 6
685 5512887 671 10 7 2
686 5530059 675 2 8 300
687 5530059 675 2 10 205
688 5538938 678 7 4 9
689 5548918 681 3 4 2639
690 5617261 683 2 4 1277
691 5617261 683 9 3 29
692 5617261 683 5 8 11
693 5617261 683 0 7 3841
694 5617261 683 4 10 16
695 5617261 683 0 2 3054
696 5617261 683 4 4 3833
697 5617261 683 5 2 1527
698 5672494 690 4 5 4
699 5672494 690 4 10 4
700 5672494 690 8 6 14
701 5702471 692 2 6 43
702 5702471 692 7 7 181
703 5712156 693 8 9 102
704 5847249 695 10 4 1
705 5847249 695 5 6 1
706 5847249 695 2 0 128
707 5847249 695 1 10 1
708 5847249 695 3 8 1
709 5847249 695 3 2 793
710 5847249 695 10 7 1
711 5847249 695 6 0 64
712 5847249 695 4 9 429
713 5847249 695 0 5 14
714 5847249 695 10 8 1
715 5847249 695 7 9 429
716 5847249 695 6 3 4
717 5847249 695 4 3 4
718 5847249 695 6 8 1
719 5847249 695 6 1 3
720 5847249 695 10 9 214
721 5847249 695 6 4 8
722 5847249 695 0 7 2
723 5852758 697 4 6 1569
724 5883575 698 10 4 89
725 5883575 698 5 9 66
726 5883575 698 2 2 153
727 5883575 698 5 0 4
728 5884415 699 8 8 218
729 5926372 702 4 6 22
730 5926372 702 0 8 88
731 5926372 702 3 5 112
732 5926372 702 0 5 112
733 5953093 703 2 2 4702
734 5953093 703 9 7 548
735 5953093 703 2 8 52
736 5953093 703 2 9 325
737 5953093 703 9 8 52
738 5955956 705 5 5 263
739 5963629 709 2 9 9272
740 5975627 710 3 7 220
741 5975627 710 3 10 1
742 5985534 712 10 4 49
743 6045875 718 7 9 31
744 6045875 718 2 9 31
745 6045875 718 2 10 21
746 6045875 718 1 7 17
747 6045875 718 2 7 23
748 6045875 718 8 7 5
749 6045875 718 3 0 36
750 6045875 718 3 3 31
751 6045875 718 7 4 27
752 6045875 718 5 9 11729
753 6050412 722 5 1 2439
754 6078832 724 6 4 24
755 6090721 727 8 0 769
756 6090721 727 2 7 5
757 6096713 731 2 10 8
758 6127121 732 0 0 3
759 6127121 732 6 9 46
760 6127121 732 4 6 4
761 6127121 732 0 5 132
762 6127121 732 6 5 66
763 6127121 732 5 9 46
764 6158275 735 9 5 36
765 6158275 735 9 2 1
766 6158275 735 6 9 10
767 6168179 737 10 0 88
768 6180159 739 10 1 78
769 6251668 741 9 2 3
770 6251668 741 2 4 66
771 6251668 741 3 6 2
772 6251668 741 6 8 1
773 6251668 741 5 1 40583
774 6251668 741 4 2 9
775 6252538 742 7 10 31
776 6265289 744 8 8 75
777 6280029 749 2 0 33
778 6280029 749 4 7 20
779 6280867 750 0 3 82
780 6342904 751 9 6 55
781 6342904 751 7 7 3
782 6342904 751 0 2 119
783 6342904 751 10 2 15409
784 6342904 751 6 3 242
785 6342904 751 7 2 477
786 6342904 751 0 10 17
787 6342904 751 0 9 15
788 6342904 751 1 0 23
789 6354318 752 1 0 168
790 6354318 752 8 8 21
791 6370464 755 9 10 2193
792 6387940 757 1 5 578
793 6397763 761 4 5 45
794 6438547 766 8 5 13
795 6438547 766 10 6 14
796 6438547 766 7 7 3
797 6438547 766 2 7 7
798 6468269 772 1 1 94
799 6475302 773 9 10 52
800 6499739 780 0 2 6098
801 6517740 790 7 8 37
802 6518620 792 0 8 118
803 6532223 798 4 7 28
804 6532223 798 4 5 6106
805 6536625 802 10 5 226
806 6551187 806 5 0 104
807 6566703 815 4 7 813
808 6576740 819 4 3 21
809 6700820 822 5 0 16
810 6700820 822 7 3 5
811 6700820 822 2 4 5
812 6700820 822 3 1 1
813 6700820 822 6 8 1679
814 6700820 822 10 10 1
815 6700820 822 4 10 1
816 6700820 822 3 2 3
817 6700820 822 2 2 3
818 6700820 822 9 0 4
819 6700820 822 6 0 4
820 6700820 822 6 10 1
821 6700820 822 2 6 8
822 6700820 822 9 7 138
823 6799086 823 8 7 751
824 6799086 823 1 9 1
825 6799086 823 8 8 2
826 6799086 823 8 5 1198
827 6799086 823 10 10 1
828 6799086 823 10 7 751
829 6799086 823 5 10 1
830 6830230 825 1 8 63
831 6830230 825 6 5 16
832 6830230 825 4 5 112
833 6830230 825 0 0 3
834 6833923 827 5 9 116
835 6834924 828 6 0 60
836 6848413 831 1 10 1198
837 6870485 833 7 1 62
838 6884926 834 2 10 700
839 6884926 834 7 9 2
840 6884926 834 1 9 51
841 6890197 837 8 9 19
842 6891921 838 5 0 8530
843 6907888 842 1 7 25
844 6918521 845 4 7 9
845 6918521 845 3 7 4
846 6926943 846 5 3 96
847 6927764 848 8 4 118
848 6929201 850 9 6 662
849 6949990 857 9 10 21849
850 6949990 857 9 9 69
851 6951841 858 5 2 5
852 6960722 859 6 1 2
853 6971288 861 3 1 145
854 6981098 863 2 7 8
855 6981098 863 6 9 792
856 7047713 864 7 4 17
857 7047713 864 9 1 4
858 7047713 864 4 6 26
859 7047713 864 3 4 5
860 7047713 864 8 9 141
861 7047713 864 2 0 1809
862 7047713 864 4 4 5
863 7047713 864 0 0 7236
864 7047713 864 0 4 17
865 7051393 867 2 3 81
866 7056486 870 3 3 6
867 7065532 871 1 9 3
868 7065532 871 10 8 8344
869 7069924 872 1 6 11
870 7069924 872 6 10 5
871 7070042 873 8 2 1986
872 7082662 874 2 6 213
873 7082662 874 2 1 40
874 7094895 880 1 7 27314
875 7155306 886 5 4 25
876 7155306 886 7 6 555
877 7155306 886 7 2 41
878 7155306 886 8 9 751
879 7164960 888 10 4 103
880 7164960 888 10 6 3020
881 7219027 894 8 9 35
882 7219027 894 8 4 18
883 7219027 894 5 2 128
884 7219027 894 0 9 35
885 7219027 894 0 8 1
886 7250275 896 8 3 3173
887 7322134 907 4 7 6019
888 7322134 907 2 4 4
889 7322134 907 2 2 1642
890 7322134 907 2 7 3009
891 7332719 909 9 3 21
892 7343384 911 1 0 682
893 7355247 913 4 2 19
894 7355247 913 6 2 19
895 7357661 914 4 3 171
896 7364267 916 7 3 49
897 7364267 916 10 3 99
898 7367990 917 3 9 3
899 7378510 919 4 1 1
900 7378510 919 9 1 16
901 7381046 920 6 9 28
902 7385105 923 10 7 1223
903 7395920 924 0 6 1
904 7395920 924 8 6 3
905 7396281 925 1 0 92
906 7411201 926 7 3 71
907 7411201 926 7 4 65
908 7535600 929 2 8 4
909 7535600 929 1 6 54
910 7535600 929 6 1 3
911 7535600 929 3 8 4
912 7535600 929 7 8 14
913 7535600 929 3 10 1
914 7535600 929 4 9 8
915 7535600 929 4 6 54
916 7535600 929 8 3 169
917 7535600 929 10 2 4
918 7535600 929 9 1 2
919 7535600 929 10 4 1756
920 7535600 929 2 4 2635
921 7535600 929 1 1 3
922 7535600 929 3 2 21
923 7535600 929 3 7 2
924 7607970 930 3 5 22
925 7607970 930 10 10 683
926 7607970 930 3 0 2492
927 7607970 930 1 6 13
928 7607970 930 8 3 15
929 7607970 930 6 0 4984
930 7607970 930 4 2 7
931 7607970 930 9 8 309
932 7607970 930 4 6 79
933 7673326 931 3 4 2727
934 7673326 931 5 5 349
935 7673326 931 6 10 225
936 7673326 931 10 8 16
937 7673326 931 1 6 8
938 7673326 931 2 0 11622
939 7716573 932 8 3 9
940 7716573 932 5 6 69
941 7716573 932 6 10 47
942 7716573 932 0 6 9
943 7716573 932 7 2 3611
944 7716573 932 4 2 902
945 7716573 932 1 1 779
946 7723991 935 5 1 1573
947 7726950 937 4 6 76
948 7743090 940 0 3 11398
949 7743090 940 0 5 111
950 7858979 941 10 10 36
951 7858979 941 1 3 1
952 7858979 941 1 1 1248
953 7858979 941 2 1 96
954 7858979 941 7 7 2
955 7858979 941 6 0 5
956 7858979 941 1 0 5
957 7858979 941 0 10 18
958 7858979 941 1 5 13
959 7858979 941 7 5 55
960 7858979 941 5 0 5
961 7858979 941 5 8 1
962 7858979 941 8 8 1
963 7874954 948 1 4 16
964 7888818 950 2 8 14
965 7890088 951 2 8 158
966 7892498 952 4 4 55
967 7892983 954 10 1 315
968 7915344 959 10 1 1320
969 7927348 961 0 5 343
970 7927348 961 8 5 343
971 7932106 965 10 8 564
972 7932381 966 4 5 3957
973 8013149 967 0 8 44
974 8013149 967 7 9 4
975 8013149 967 1 4 29
976 8013149 967 4 2 15
977 8013149 967 0 2 15
978 8013149 967 1 7 243
979 8013149 967 7 3 8
980 8013149 967 6 4 14
981 8013149 967 0 4 14
982 8013149 967 6 0 19
983 8028332 971 10 8 30
984 8038865 972 10 0 323
985 8060874 973 0 5 2131
986 8064256 975 2 8 3
987 8074998 979 0 1 41
988 8079252 981 1 6 406
989 8092572 992 0 10 8980
990 8103636 993 4 1 115
991 8103636 993 4 2 94
992 8121559 994 3 0 6
993 8121559 994 1 0 3
994 8121559 994 7 1 8
995 8121559 994 2 1 1
996 8121559 994 6 5 97
997 8121559 994 5 4 38
998 8121559 994 2 0 3
999 8124830 995 5 6 518
