11 362 1000
0 30129 0 9 1 6
1 30129 0 1 8 28
2 30129 0 9 6 12
3 114992 3 10 6 2558
4 114992 3 9 10 1871
5 139296 6 3 9 2025
6 210197 9 7 1 19
7 210197 9 1 5 35
8 210197 9 1 8 2
9 223036 10 2 1 870
10 295081 13 5 10 495
11 295081 13 1 8 1
12 295081 13 7 4 3064
13 295081 13 3 9 2319
14 305107 16 4 4 11
15 386043 17 3 10 26
16 386043 17 10 2 1578
17 386043 17 1 2 526
18 386043 17 2 5 100
19 386043 17 7 1 44
20 453139 21 4 4 22
21 462318 23 8 10 4218
22 489307 27 3 0 130
23 533352 29 2 7 377
24 533352 29 2 8 170
25 533352 29 10 7 2267
26 533352 29 10 10 175
27 547833 31 3 6 1
28 547833 31 1 6 46
29 547833 31 5 7 2070
30 547833 31 4 6 1
31 553782 32 0 4 14
32 557268 36 3 4 53
33 583998 37 8 9 4214
34 583998 37 6 8 61
35 602663 38 7 5 110
36 611766 39 3 5 6
37 611766 39 0 5 34
38 617950 40 0 1 119
39 636499 41 10 10 49
40 636499 41 10 8 44
41 636499 41 10 4 238
42 636499 41 10 2 50
43 658396 48 8 8 26
44 679854 50 2 0 44
45 860191 51 8 3 15
46 860191 51 2 0 10
47 860191 51 10 8 21
48 860191 51 2 4 15
49 860191 51 8 9 1
50 860191 51 7 6 9
51 860191 51 10 6 1
52 860191 51 9 9 1
53 865541 55 0 9 3923
54 970615 59 2 8 1
55 970615 59 1 0 2
56 970615 59 8 5 14
57 988612 61 2 1 230
58 988612 61 10 4 63
59 1021963 66 0 2 233
60 1093683 74 7 7 25
61 1093683 74 10 7 17
62 1203271 75 10 3 33
63 1203271 75 0 5 115
64 1203271 75 5 6 14
65 1203271 75 7 3 168
66 1203271 75 6 0 11
67 1203271 75 7 8 1
68 1221800 78 6 1 47
69 1236680 82 1 8 76
70 1383446 84 4 9 6
71 1383446 84 7 10 95
72 1383446 84 10 1 16
73 1383446 84 2 2 231
74 1383446 84 3 3 8
75 1383446 84 7 8 1
76 1383446 84 3 0 7
77 1383446 84 10 7 43
78 1383446 84 4 5 4
79 1437423 91 3 2 550
80 1447498 93 9 7 13
81 1490629 97 1 9 1843
82 1490629 97 8 9 1843
83 1490629 97 5 9 3687
84 1574144 99 9 6 70
85 1574144 99 0 5 5
86 1574144 99 0 1 40
87 1574144 99 7 4 28
88 1574144 99 0 10 3070
89 1717291 102 9 3 11
90 1717291 102 1 4 4
91 1717291 102 2 2 483
92 1717291 102 10 10 21
93 1717291 102 3 2 1451
94 1742287 104 4 1 18
95 1812440 108 7 0 3619
96 1812440 108 6 2 1
97 1821179 110 3 6 59
98 1821179 110 3 10 47
99 1821179 110 3 9 116
100 1826490 112 3 1 5
101 1828773 114 6 9 34
102 1847548 116 2 5 254
103 1865348 117 0 2 132816
104 1865348 117 0 9 4276
105 1865348 117 0 3 30
106 1865348 117 0 10 1361
107 1886347 118 6 2 15
108 1946779 127 0 7 4651
109 1970030 132 6 7 7571
110 1983914 134 6 7 32
111 1984843 135 1 8 667
112 2019987 136 1 0 2006
113 2019987 136 1 2 59
114 2135241 137 0 7 3
115 2135241 137 6 3 9
116 2135241 137 5 2 21
117 2135241 137 10 9 2136
118 2135241 137 0 8 14
119 2135241 137 5 0 8
120 2135241 137 7 3 9
121 2170497 143 0 2 200
122 2170497 143 0 9 7
123 2174722 145 5 4 231
124 2201264 146 6 4 5
125 2201264 146 8 8 999
126 2201264 146 8 4 11
127 2226884 150 2 4 17932
128 2229277 151 3 9 3
129 2358189 154 6 9 23
130 2358189 154 9 5 69
131 2358189 154 5 10 2
132 2358189 154 0 7 642
133 2358189 154 6 4 10
134 2358189 154 7 6 115
135 2505731 160 2 8 613
136 2505731 160 2 5 5
137 2505731 160 1 2 210
138 2505731 160 5 9 4
139 2505731 160 5 2 210
140 2505731 160 4 0 11
141 2505731 160 1 6 2
142 2505731 160 2 4 4
143 2555843 162 0 4 30
144 2555843 162 2 4 15
145 2555843 162 6 0 1899
146 2555843 162 5 3 574
147 2555843 162 10 3 382
148 2556325 163 4 3 297
149 2579439 165 1 5 110
150 2579439 165 4 4 14
151 2608081 171 4 8 604
152 2644355 174 5 2 9
153 2644355 174 7 6 24
154 2644355 174 6 10 9
155 2644355 174 5 6 24
156 2644355 174 2 2 9
157 2646856 175 2 6 13
158 2693895 177 0 0 89
159 2713151 184 3 5 54
160 2716360 185 10 10 36
161 2728460 187 4 2 24
162 2764452 195 5 3 168
163 2768926 196 9 4 86
164 2772256 197 1 1 1245
165 2874457 198 0 3 2
166 2874457 198 9 5 1
167 2874457 198 5 0 5
168 2874457 198 7 2 6
169 2917801 203 8 3 1767
170 2917801 203 7 8 150
171 2924015 205 0 3 62
172 2933893 207 7 0 68
173 2945536 209 8 5 39
174 2976885 210 8 3 299
175 2982218 211 10 6 59
176 3020698 223 7 9 1
177 3031773 226 3 9 222
178 3085749 229 6 4 17
179 3085749 229 6 2 1233
180 3085749 229 2 6 55
181 3148784 230 8 1 46
182 3148784 230 3 0 48
183 3148784 230 0 3 136
184 3148784 230 8 4 78
185 3153796 231 4 6 2
186 3270975 233 4 1 39
187 3270975 233 7 7 85
188 3270975 233 8 0 7
189 3270975 233 1 1 8
190 3270975 233 5 1 8
191 3270975 233 6 10 47
192 3270975 233 1 3 4
193 3325752 237 10 1 11
194 3328581 238 3 9 432
195 3346470 239 9 1 9
196 3472220 241 9 3 1
197 3472220 241 7 0 9
198 3479520 244 10 9 11740
199 3486105 246 10 0 30
200 3492598 250 3 9 15
201 3492598 250 2 9 38
202 3497696 253 2 6 83
203 3503730 256 4 0 18
204 3567696 259 9 3 623
205 3567696 259 3 0 14
206 3567696 259 10 3 623
207 3567696 259 10 0 14
208 3568413 261 2 6 94
209 3706534 262 9 7 1
210 3706534 262 8 7 1
211 3706534 262 4 4 12
212 3706534 262 9 5 7
213 3706534 262 9 8 7
214 3706534 262 9 6 8
215 3706534 262 3 7 1
216 3706534 262 2 8 7
217 3723898 263 1 10 4572
218 3723898 263 6 10 1524
219 3772494 273 6 9 4
220 3801232 282 8 0 16296
221 3801232 282 8 1 106
222 3821089 285 4 8 94
223 4040042 287 2 5 6
224 4040042 287 1 1 3
225 4040042 287 2 8 5
226 4040042 287 2 9 1
227 4040042 287 0 5 17
228 4040042 287 2 6 24
229 4040042 287 0 2 6
230 4040042 287 4 0 1
231 4040042 287 5 10 7
232 4040042 287 6 4 1
233 4040042 287 3 3 23
234 4040042 287 4 2 6
235 4040042 287 0 9 1
236 4040042 287 9 4 10
237 4040042 287 4 5 2
238 4040042 287 8 7 1615
239 4040042 287 6 10 7
240 4040042 287 6 6 316
241 4040042 287 7 9 1
242 4121668 291 5 3 9080
243 4121668 291 9 3 211
244 4121668 291 7 0 3
245 4121668 291 10 0 1
246 4121668 291 1 2 3435
247 4121668 291 10 6 1228
248 4121668 291 0 2 3435
249 4121668 291 5 0 3
250 4196492 292 1 0 6
251 4196492 292 4 10 1
252 4196492 292 8 6 13
253 4196492 292 9 8 218
254 4196492 292 8 0 6
255 4196492 292 10 9 529
256 4248046 298 9 3 134
257 4248046 298 1 4 9674
258 4341344 303 4 6 795
259 4341344 303 1 7 3
260 4341344 303 0 10 14
261 4402795 305 6 7 116
262 4450150 313 3 2 18
263 4570906 317 3 4 10
264 4570906 317 5 9 21
265 4570906 317 3 8 167
266 4570906 317 10 7 1004
267 4570906 317 6 9 10
268 4570906 317 7 2 1697
269 4570906 317 3 1 14
270 4570906 317 9 8 167
271 4570906 317 1 4 32
272 4570906 317 1 7 2009
273 4570906 317 8 5 964
274 4570906 317 5 3 54
275 4570906 317 2 0 4
276 4613225 324 1 5 7
277 4613225 324 2 5 510
278 4613225 324 9 9 47
279 4616360 325 9 9 165
280 4617474 326 7 7 118
281 4627403 327 2 1 180
282 4627403 327 3 3 686
283 4679276 328 0 0 1
284 4679276 328 3 9 2
285 4682606 329 2 7 8
286 4698436 330 0 1 1349
287 4699869 333 3 5 304
288 4714146 335 1 4 11349
289 4714146 335 1 1 17
290 4714146 335 1 7 96
291 4730994 337 4 0 12758
292 4732052 338 4 5 18
293 4765647 339 4 7 15
294 4765647 339 1 5 856
295 4765647 339 0 3 215
296 4818186 340 8 3 126
297 4818186 340 0 4 1
298 4818186 340 7 0 20
299 4818186 340 8 1 3
300 4818186 340 3 2 3
301 4827162 342 9 4 133
302 4833609 344 4 7 106
303 4849311 347 8 7 80
304 4849311 347 8 9 74
305 4882234 353 0 9 9
306 4887649 356 6 0 96
307 4896915 358 1 4 2379
308 4924748 362 1 2 1
309 4975955 369 6 0 34
310 4975955 369 10 7 1
311 5026716 370 10 2 9
312 5026716 370 2 8 3
313 5026716 370 3 2 1
314 5026716 370 3 8 3
315 5026716 370 0 8 6
316 5026716 370 0 10 11
317 5026716 370 2 5 1
318 5038775 377 9 8 86
319 5040200 379 3 3 2
320 5080359 381 9 6 9029
321 5082943 382 1 0 15
322 5084159 383 4 6 187
323 5094096 386 7 3 976
324 5101245 387 0 9 1
325 5136093 388 0 8 3
326 5136093 388 7 0 709
327 5136093 388 0 5 38
328 5139717 389 6 2 16284
329 5258355 390 1 3 298
330 5258355 390 3 1 10
331 5258355 390 6 1 6
332 5258355 390 3 10 26
333 5258355 390 6 8 767
334 5258355 390 0 5 6
335 5301942 392 7 4 427
336 5307581 393 2 1 46
337 5307922 394 2 4 16746
338 5457596 395 7 1 1
339 5457596 395 7 0 440
340 5457596 395 1 6 27
341 5457596 395 3 3 21
342 5457596 395 10 1 3
343 5457596 395 5 7 3
344 5457596 395 9 9 2555
345 5457596 395 10 6 13
346 5457596 395 0 5 177
347 5457596 395 7 5 177
348 5457596 395 2 10 10
349 5457596 395 6 2 1
350 5457596 395 3 7 1
351 5457596 395 0 0 1322
352 5457596 395 9 5 532
353 5457596 395 8 2 1
354 5468306 396 9 1 405
355 5485977 401 0 3 1192
356 5538336 402 9 5 65
357 5538336 402 2 5 49
358 5538336 402 9 1 1815
359 5541000 404 5 0 21
360 5541000 404 2 0 10
361 5548200 405 9 5 62
362 5558106 406 4 0 35
363 5685070 409 2 2 23
364 5685070 409 1 5 797
365 5685070 409 5 8 13
366 5685070 409 6 3 65
367 5685070 409 1 0 528
368 5685070 409 5 9 15
369 5742175 413 9 6 10095
370 5742175 413 2 5 900
371 5742175 413 2 3 25
372 5754224 419 6 1 60
373 5788040 422 4 2 5692
374 5788040 422 5 3 54
375 5788040 422 0 7 62
376 5810416 424 7 9 6021
377 5997446 428 7 5 822
378 5997446 428 3 5 822
379 5997446 428 0 5 822
380 5997446 428 7 9 1
381 5997446 428 4 7 1
382 5997446 428 8 8 2
383 5997446 428 6 1 668
384 5997446 428 3 7 97
385 5997446 428 9 2 2
386 5997446 428 1 2 17
387 5997446 428 9 10 4
388 5997446 428 8 1 7352
389 5997446 428 3 4 28
390 5997446 428 8 9 1
391 5997446 428 9 9 1
392 5997446 428 10 6 1
393 5997446 428 5 5 822
394 5997446 428 4 4 4
395 6102316 430 1 8 4
396 6102316 430 4 4 3
397 6102316 430 1 3 4
398 6102316 430 5 3 2
399 6102316 430 3 6 190
400 6102316 430 4 6 190
401 6110150 433 7 4 12730
402 6115106 434 9 2 74
403 6115106 434 2 2 37
404 6128084 435 7 6 24
405 6128084 435 6 6 24
406 6133790 438 8 4 10191
407 6144018 441 7 3 52
408 6152560 443 6 6 1210
409 6152560 443 6 2 42
410 6165551 445 8 6 2
411 6165551 445 8 0 52
412 6170297 447 3 1 17
413 6172589 448 6 1 2
414 6182965 452 8 10 147
415 6275163 457 8 6 12
416 6275163 457 5 4 1
417 6275163 457 7 1 3
418 6275163 457 5 9 13
419 6275163 457 1 0 25
420 6275163 457 0 0 8
421 6284014 458 4 4 1978
422 6314860 460 1 4 4695
423 6314860 460 1 9 91
424 6314860 460 1 1 356
425 6314860 460 1 3 39
426 6395957 461 3 2 27
427 6395957 461 10 7 1
428 6395957 461 5 2 55
429 6395957 461 4 6 122
430 6407087 465 3 0 20
431 6661224 466 6 3 1801
432 6661224 466 4 6 4
433 6661224 466 8 9 4
434 6661224 466 0 4 2609
435 6661224 466 0 1 14
436 6661224 466 0 8 1
437 6661224 466 3 6 8
438 6661224 466 8 5 1
439 6661224 466 10 10 4
440 6661224 466 10 2 50
441 6661224 466 2 10 2
442 6661224 466 2 3 1801
443 6661224 466 1 10 2
444 6661224 466 9 4 217
445 6661224 466 2 9 28
446 6661224 466 6 5 1
447 6661224 466 4 8 1
448 6661224 466 1 4 217
449 6724143 467 4 6 6
450 6724143 467 0 3 4
451 6724143 467 0 6 6
452 6724143 467 1 6 6
453 6741414 468 7 3 165
454 6741414 468 7 5 422
455 6777373 472 5 0 7
456 6848640 473 6 2 15
457 6848640 473 5 7 3
458 6848640 473 7 3 14
459 6848640 473 6 6 5
460 6848640 473 9 3 14
461 6848640 473 5 9 2
462 6848640 473 2 2 23
463 6848640 473 2 9 4
464 6848640 473 0 8 1669
465 6849442 474 4 9 211
466 7069335 475 2 6 1
467 7069335 475 7 0 1
468 7069335 475 6 0 2
469 7069335 475 7 1 10
470 7069335 475 3 7 4
471 7069335 475 3 10 5
472 7069335 475 6 3 1
473 7069335 475 2 5 2
474 7069335 475 10 2 3
475 7069335 475 1 0 6
476 7069335 475 9 2 6
477 7069335 475 2 8 2
478 7069335 475 6 10 10
479 7069335 475 0 4 2
480 7069335 475 9 5 2
481 7069335 475 1 5 13
482 7069335 475 3 9 5
483 7069335 475 0 3 1
484 7069335 475 1 8 2
485 7093119 477 2 10 99647
486 7109914 479 3 9 2
487 7117810 480 4 8 89
488 7139752 486 6 8 21916
489 7152924 488 10 4 7643
490 7179879 489 3 7 5
491 7179879 489 9 10 7526
492 7179879 489 0 5 94
493 7186414 491 2 10 39
494 7193878 493 8 7 18
495 7403509 498 7 0 10
496 7403509 498 5 0 10
497 7403509 498 8 7 7
498 7403509 498 3 1 35
499 7403509 498 10 7 7
500 7403509 498 1 9 1
501 7403509 498 0 6 1
502 7403509 498 3 8 514
503 7403509 498 1 4 50
504 7428923 502 2 6 191
505 7437205 504 10 9 1333
506 7556330 507 8 7 145
507 7556330 507 1 0 6
508 7556330 507 3 7 72
509 7556330 507 2 2 28
510 7556330 507 5 6 3
511 7556330 507 1 8 52
512 7556330 507 2 10 89
513 7556330 507 4 7 72
514 7556330 507 3 6 3
515 7603120 510 6 0 189
516 7603120 510 6 10 29
517 7727771 513 4 3 5
518 7727771 513 6 9 20
519 7727771 513 9 0 1
520 7727771 513 3 9 20
521 7727771 513 5 7 35
522 7727771 513 9 3 5
523 7727771 513 3 6 80
524 7753398 516 3 3 1
525 7753398 516 6 3 1
526 7753398 516 8 3 12
527 7754951 518 8 8 52
528 7757531 519 10 10 44
529 7762442 522 4 9 174
530 7786638 532 9 9 7164
531 7809615 535 6 7 6
532 7809615 535 1 7 6
533 7809615 535 0 7 12
534 7814980 537 2 10 22
535 7816710 538 4 8 3
536 7848126 542 1 3 210
537 7868040 547 4 3 33039
538 7868040 547 4 7 18
539 7872519 549 8 5 792
540 7888438 550 6 6 6
541 7888438 550 7 6 6
542 8143096 555 1 10 1
543 8143096 555 9 6 71
544 8143096 555 4 2 4380
545 8143096 555 10 3 607
546 8143096 555 6 6 23
547 8143096 555 3 1 95
548 8143096 555 2 7 3
549 8143096 555 1 3 202
550 8143096 555 8 0 4
551 8143096 555 8 6 23
552 8143096 555 7 2 876
553 8143096 555 7 1 95
554 8143096 555 1 8 7
555 8221801 556 9 7 110
556 8221801 556 8 1 1
557 8221801 556 3 0 1
558 8221801 556 5 4 4
559 8221801 556 8 0 1
560 8221801 556 3 3 23
561 8239850 557 3 9 238
562 8239850 557 3 10 162
563 8270513 560 7 0 10
564 8297998 562 10 1 15233
565 8335120 565 1 1 233
566 8335120 565 1 2 99585
567 8421380 569 0 1 65
568 8421380 569 9 10 6
569 8421380 569 2 7 8
570 8431399 573 1 5 19
571 8433967 574 8 5 178
572 8507001 576 6 6 9
573 8507001 576 1 2 102
574 8557531 582 4 4 50
575 8557531 582 4 9 88
576 8557531 582 4 10 93
577 8576866 583 6 10 61
578 8596032 588 4 1 168
579 8617445 594 0 5 74
580 8626424 597 0 4 14
581 8731383 608 8 4 11
582 8753598 611 8 8 990
583 8753598 611 3 6 410
584 8753598 611 7 6 205
585 8942788 612 3 5 120
586 8942788 612 10 7 2539
587 8942788 612 7 6 4
588 8942788 612 9 7 2539
589 8942788 612 10 5 3603
590 8942788 612 7 8 8
591 8942788 612 7 7 5079
592 8942788 612 10 6 3
593 8942788 612 9 3 1
594 8942788 612 10 3 19
595 8942788 612 4 0 71
596 8942788 612 2 2 448
597 8942788 612 1 5 120
598 8942788 612 9 0 1427
599 8942788 612 6 0 71
600 8942788 612 5 5 360
601 8942788 612 4 7 2539
602 8962315 615 2 7 39103
603 9137408 616 4 1 1
604 9137408 616 5 1 1
605 9137408 616 2 4 1
606 9137408 616 3 7 200
607 9137408 616 5 6 72
608 9137408 616 3 10 854
609 9137408 616 10 6 36
610 9137408 616 9 6 36
611 9137408 616 6 0 494
612 9137408 616 7 2 1
613 9137408 616 10 1 1
614 9137408 616 5 2 1
615 9137408 616 5 3 20
616 9149543 618 7 8 12
617 9168237 621 2 8 37
618 9169632 623 5 1 96
619 9174850 625 9 0 34
620 9198430 626 2 2 106
621 9226412 630 10 6 226
622 9242931 631 5 6 491
623 9296127 634 7 2 95
624 9296127 634 7 0 1249
625 9296127 634 7 1 38
626 9307154 635 5 10 15796
627 9318565 637 7 10 8
628 9318565 637 6 10 40
629 9318565 637 10 10 8
630 9330641 638 4 6 40
631 9330641 638 0 7 406
632 9333646 642 9 1 5170
633 9335163 643 1 4 19
634 9443374 644 5 3 10
635 9443374 644 9 9 54
636 9443374 644 3 10 1
637 9443374 644 4 3 21
638 9443374 644 7 0 8
639 9450911 647 1 3 1338
640 9453689 650 0 10 58
641 9462173 657 7 3 56
642 9463833 659 10 5 113
643 9467118 660 7 7 16605
644 9479743 661 4 0 26
645 9497003 668 5 10 160
646 9647553 671 1 6 16
647 9647553 671 6 5 270
648 9647553 671 5 1 715
649 9647553 671 8 0 7
650 9647553 671 10 0 1
651 9647553 671 9 5 30
652 9647553 671 4 3 61
653 9647553 671 1 9 17
654 9647553 671 3 9 8
655 9647553 671 5 4 1342
656 9651021 672 10 5 10
657 9652879 673 0 1 956
658 9677604 675 2 10 205
659 9693142 678 6 4 18
660 9693998 680 10 8 3319
661 9710606 681 7 5 12
662 9710606 681 0 4 2639
663 9710606 681 9 4 1319
664 9710606 681 3 4 2639
665 9830207 683 2 9 30
666 9830207 683 8 7 548
667 9830207 683 7 2 1527
668 9830207 683 7 7 548
669 9830207 683 7 3 29
670 9830207 683 5 2 1527
671 9830207 683 10 7 1097
672 9830207 683 4 6 10
673 9830207 683 1 5 4
674 9830207 683 10 9 30
675 9830207 683 9 4 638
676 9926866 690 4 2 11
677 9926866 690 0 0 5775
678 9926866 690 8 7 6335
679 9979325 692 2 5 10
680 9979325 692 6 10 51
681 9979325 692 2 1 48
682 9996274 693 8 8 33
683 9996274 693 8 2 61
684 10232685 695 8 6 145
685 10232685 695 4 6 1
686 10232685 695 4 8 1
687 10232685 695 8 0 21
688 10232685 695 0 9 2791
689 10232685 695 5 8 1
690 10232685 695 3 0 21
691 10232685 695 9 8 1
692 10232685 695 4 10 1
693 10232685 695 10 4 1
694 10232685 695 1 1 3
695 10232685 695 3 4 1
696 10232685 695 10 10 1
697 10232685 695 7 3 4
698 10232685 695 5 4 1
699 10232685 695 1 7 1
700 10232685 695 6 7 1
701 10232685 695 2 5 7
702 10232685 695 5 5 7
703 10232685 695 8 1 3
704 10232685 695 1 9 214
705 10232685 695 10 1 3
706 10232685 695 7 10 5
707 10232685 695 10 6 2
708 10242326 697 2 1 77
709 10242326 697 1 10 15
710 10296256 698 10 9 66
711 10296256 698 2 6 13
712 10296256 698 10 2 25
713 10296256 698 2 10 32
714 10296256 698 2 3 127
715 10324817 701 2 9 1
716 10324817 701 7 2 15
717 10371151 702 4 3 13
718 10417913 703 9 6 38
719 10417913 703 9 2 9404
720 10417913 703 2 10 81
721 10417913 703 2 7 1370
722 10420128 704 5 6 1995
723 10457348 710 3 4 1221
724 10458969 711 9 10 28
725 10474685 712 2 4 49
726 10484737 714 10 2 29274
727 10491479 716 3 10 175
728 10580282 718 1 9 31
729 10580282 718 6 5 175
730 10580282 718 10 3 15
731 10580282 718 2 4 27
732 10622010 723 6 5 29
733 10622010 723 3 1 113
734 10637956 724 6 1 111
735 10637956 724 6 7 124
736 10660930 728 3 9 53
737 10722463 732 9 0 2
738 10722463 732 9 5 52
739 10723817 734 2 0 38
740 10776981 735 9 2 1
741 10776981 735 6 1 62
742 10815278 739 10 7 96
743 10815278 739 10 2 39026
744 10940420 741 3 2 9
745 10940420 741 10 2 3
746 10940420 741 10 4 33
747 10940420 741 9 6 5
748 10940420 741 2 5 11
749 10940420 741 6 8 1
750 10940420 741 0 5 147
751 10940420 741 10 0 1634
752 10940420 741 3 5 17
753 10941943 742 7 10 31
754 10964257 744 6 3 1
755 11100083 751 4 1 46
756 11100083 751 0 3 1455
757 11100083 751 3 7 14
758 11100083 751 7 1 30
759 11100083 751 2 8 1
760 11100083 751 9 9 15
761 11100083 751 6 3 242
762 11148312 755 9 8 92
763 11148312 755 9 1 352
764 11148312 755 9 5 4130
765 11178896 757 1 0 7
766 11178896 757 9 5 1734
767 11196086 761 4 5 45
768 11267457 766 5 5 54
769 11267457 766 8 10 106
770 11267457 766 4 3 1
771 11267457 766 6 10 15
772 11267457 766 7 10 7
773 11267457 766 10 7 7
774 11315916 768 0 3 102
775 11315916 768 8 10 47
776 11331778 773 4 10 87
777 11343946 776 6 10 137
778 11360220 778 1 1 837
779 11360220 778 3 1 279
780 11374543 780 0 2 6098
781 11431391 798 4 6 33
782 11439095 802 4 5 18
783 11475562 812 1 5 1916
784 11515282 821 7 9 36
785 11726435 822 0 8 1679
786 11726435 822 0 0 1
787 11726435 822 9 1 1
788 11726435 822 0 4 1
789 11726435 822 9 7 138
790 11726435 822 4 10 1
791 11726435 822 9 0 4
792 11726435 822 2 5 26
793 11726435 822 7 8 479
794 11726435 822 8 6 4
795 11726435 822 0 9 1
796 11726435 822 2 4 5
797 11726435 822 7 2 12
798 11726435 822 5 10 27
799 11726435 822 4 0 3
800 11726435 822 4 4 28
801 11898401 823 9 9 1
802 11898401 823 9 7 751
803 11898401 823 5 8 1
804 11898401 823 3 6 282
805 11898401 823 5 3 6
806 11898401 823 1 8 1
807 11898401 823 1 5 4195
808 11898401 823 2 5 1797
809 11898401 823 5 9 1
810 11898401 823 5 1 969
811 11902756 824 0 10 47
812 11952903 825 6 1 171
813 11952903 825 5 2 27
814 11952903 825 0 8 63
815 11952903 825 1 9 18
816 11953318 826 9 8 28
817 11961118 828 6 0 60
818 11964572 829 9 6 347
819 11984723 831 1 10 1198
820 12023349 833 7 8 800
821 12023349 833 7 5 22
822 12048621 834 8 5 908
823 12057846 837 8 9 19
824 12063473 840 10 1 81
825 12088805 842 1 2 12
826 12107412 845 4 7 9
827 12122151 846 5 0 54
828 12131815 852 2 9 48
829 12162483 857 9 8 57
830 12162483 857 9 0 2932
831 12162483 857 9 3 192
832 12181263 859 6 4 66
833 12181263 859 6 1 2
834 12181263 859 6 9 148
835 12181263 859 6 7 207
836 12199754 861 3 3 2378
837 12199754 861 3 5 2029
838 12216921 863 6 0 9
839 12216921 863 2 4 116
840 12333499 864 6 9 70
841 12333499 864 8 4 5
842 12333499 864 2 9 35
843 12333499 864 8 7 12
844 12333499 864 5 9 35
845 12333499 864 6 8 339
846 12333499 864 1 1 4
847 12333499 864 9 4 5
848 12333499 864 4 1 14
849 12333499 864 3 8 113
850 12333499 864 4 8 113
851 12364682 871 5 9 3
852 12372573 873 8 2 1986
853 12394659 874 2 8 183
854 12394659 874 2 4 61
855 12394659 874 2 2 46
856 12394659 874 2 7 312
857 12410436 877 10 6 24
858 12426848 882 9 2 223
859 12521786 886 8 1 11
860 12521786 886 9 0 14
861 12521786 886 6 5 25
862 12521786 886 5 9 751
863 12521786 886 3 0 14
864 12521786 886 1 7 1
865 12543580 889 9 2 34
866 12545307 890 8 10 13
867 12633297 894 7 2 5
868 12633297 894 6 3 6
869 12633297 894 7 7 1
870 12633297 894 4 7 10
871 12633297 894 3 9 35
872 12687981 896 3 0 1968
873 12687981 896 9 9 30
874 12713988 900 0 7 201
875 12728827 901 1 3 1484
876 12728827 901 5 2 30
877 12756980 903 1 7 111
878 12757058 904 5 6 59
879 12813735 907 2 2 1642
880 12813735 907 2 4 4
881 12813735 907 4 6 136
882 12813735 907 2 3 18
883 12832259 909 9 0 5739
884 12832259 909 9 6 8913
885 12871683 913 2 2 19
886 12875907 914 2 3 171
887 12887468 916 10 3 99
888 12887468 916 7 3 49
889 12893983 917 3 9 3
890 12912393 919 3 1 1
891 12912393 919 8 1 1
892 12969602 926 7 5 9235
893 12969602 926 7 4 65
894 13187300 929 4 7 2
895 13187300 929 6 8 4
896 13187300 929 6 9 28
897 13187300 929 0 2 4
898 13187300 929 5 2 8
899 13187300 929 0 3 6
900 13187300 929 10 8 4
901 13187300 929 9 3 3
902 13187300 929 9 7 4
903 13187300 929 3 6 109
904 13187300 929 1 2 12
905 13187300 929 6 6 54
906 13187300 929 4 9 8
907 13187300 929 0 0 5
908 13187300 929 2 4 2635
909 13187300 929 5 5 682
910 13187300 929 2 5 454
911 13313947 930 0 7 10
912 13313947 930 9 3 15
913 13313947 930 1 5 22
914 13313947 930 4 7 10
915 13313947 930 10 10 683
916 13313947 930 3 0 2492
917 13313947 930 6 8 928
918 13313947 930 2 6 13
919 13313947 930 5 8 309
920 13313947 930 4 2 7
921 13428321 931 8 6 8
922 13428321 931 0 8 4
923 13428321 931 10 0 3169
924 13428321 931 8 0 1056
925 13428321 931 5 1 10
926 13428321 931 7 5 2443
927 13428321 931 7 2 1607
928 13428321 931 2 2 1607
929 13504003 932 5 0 2
930 13504003 932 4 1 2337
931 13504003 932 10 2 1805
932 13504003 932 2 3 3
933 13504003 932 3 1 779
934 13504003 932 9 4 6
935 13504003 932 8 3 9
936 13504003 932 10 6 4
937 13504003 932 7 2 3611
938 13504003 932 2 2 2708
939 13504003 932 5 6 69
940 13511736 934 10 1 14278
941 13516985 935 5 1 1573
942 13550408 940 0 1 55
943 13550408 940 0 6 15144
944 13753213 941 7 1 96
945 13753213 941 4 0 22
946 13753213 941 7 9 1305
947 13753213 941 1 5 13
948 13753213 941 7 6 5
949 13753213 941 6 5 388
950 13753213 941 6 9 2610
951 13753213 941 8 10 18
952 13753213 941 9 3 1
953 13753213 941 10 6 10
954 13753213 941 6 3 1
955 13753213 941 5 3 8
956 13753213 941 6 0 5
957 13753213 941 7 3 1
958 13753213 941 1 1 1248
959 13805431 950 2 8 14
960 13823361 958 3 3 2
961 13851853 959 10 2 32
962 13851853 959 10 1 1320
963 13872860 961 9 5 1719
964 13881186 965 9 8 9024
965 14023011 967 1 9 9
966 14023011 967 6 1 369
967 14023011 967 6 7 243
968 14023011 967 1 5 7
969 14023011 967 7 0 29
970 14023011 967 0 6 9242
971 14023011 967 5 10 13
972 14023011 967 4 6 6161
973 14023011 967 7 6 3080
974 14023011 967 5 9 2
975 14023011 967 5 3 4
976 14041916 970 10 6 74
977 14068013 972 10 10 169
978 14068013 972 10 3 94
979 14068013 972 10 8 28
980 14068013 972 10 2 558
981 14106529 973 0 1 24
982 14106529 973 2 8 1312
983 14106529 973 2 6 19
984 14106529 973 2 9 112
985 14108549 974 2 10 4704
986 14117712 977 7 2 1705
987 14118268 978 5 5 281
988 14131248 979 0 1 41
989 14145709 986 1 0 968
990 14181363 993 4 0 4812
991 14181363 993 4 10 91
992 14181363 993 4 9 48
993 14181363 993 4 5 84
994 14212729 994 7 0 6
995 14212729 994 5 4 38
996 14212729 994 9 1 1
997 14212729 994 3 0 6
998 14212729 994 0 1 28
999 14221482 996 1 5 37
