11 341 1000
0 30129 0 1 3 195
1 30129 0 9 10 942
2 30129 0 9 3 1560
3 114992 3 10 8 592
4 114992 3 10 5 113
5 114992 3 9 5 5552
6 133103 4 9 8 4
7 210197 9 4 2 98
8 210197 9 4 6 70
9 210197 9 1 10 7
10 210197 9 7 7 39
11 223036 10 0 1 1740
12 223036 10 8 1 870
13 295081 13 10 1 1591
14 295081 13 8 4 340
15 295081 13 5 5 13
16 295081 13 8 1 265
17 305107 16 1 4 7
18 386043 17 0 2 526
19 386043 17 6 9 1976
20 386043 17 2 3 46
21 402787 18 1 6 36
22 402787 18 1 10 164
23 453139 21 4 1 31
24 533352 29 2 0 72
25 547833 31 3 6 1
26 583998 37 6 0 25
27 583998 37 0 8 6
28 583998 37 8 0 25
29 583998 37 3 0 25
30 583998 37 3 8 6
31 602663 38 2 1 190
32 636499 41 10 0 90
33 636499 41 10 5 3030
34 639584 42 8 0 5
35 654930 46 5 10 186
36 679854 50 9 0 44
37 679854 50 2 3 14
38 679854 50 1 3 14
39 860191 51 2 6 1
40 860191 51 8 7 5
41 860191 51 8 6 51
42 860191 51 9 5 24
43 860191 51 10 4 15
44 860191 51 9 10 1
45 860191 51 9 9 1
46 860191 51 9 6 5
47 860191 51 3 5 8
48 874289 56 5 2 461
49 970615 59 8 6 19
50 970615 59 1 6 19
51 970615 59 5 4 3
52 970615 59 1 7 13
53 970615 59 1 1 67
54 1021963 66 0 7 227
55 1029802 68 2 4 1
56 1029802 68 3 4 3
57 1029802 68 4 4 13
58 1062339 70 3 7 1
59 1203271 75 2 8 1
60 1203271 75 9 4 1
61 1203271 75 6 10 7
62 1203271 75 10 3 33
63 1203271 75 10 5 1270
64 1203271 75 6 8 68
65 1203271 75 4 5 115
66 1218023 77 0 4 105
67 1218023 77 7 4 21
68 1383446 84 7 0 7
69 1383446 84 6 9 6
70 1383446 84 2 5 71
71 1383446 84 2 1 8
72 1383446 84 3 10 6
73 1383446 84 4 0 7
74 1383446 84 7 2 154
75 1383446 84 7 6 1
76 1383446 84 6 2 308
77 1383446 84 3 4 5
78 1383446 84 2 6 2
79 1383446 84 7 7 21
80 1394179 88 9 6 10
81 1420847 89 7 8 6309
82 1460645 94 6 5 756
83 1490629 97 2 9 3687
84 1490629 97 9 9 1843
85 1574144 99 0 2 19
86 1574144 99 7 8 5
87 1574144 99 9 0 203
88 1578345 101 10 8 35
89 1717291 102 5 1 3
90 1717291 102 8 2 967
91 1717291 102 5 2 483
92 1717291 102 1 4 4
93 1717291 102 2 3 17
94 1717291 102 2 7 1
95 1717291 102 6 3 5
96 1717291 102 6 5 14
97 1742287 104 4 10 38979
98 1742287 104 4 1 18
99 1742287 104 4 3 2306
100 1812440 108 8 3 27
101 1812440 108 2 5 16
102 1812440 108 0 0 226
103 1826490 112 9 1 2
104 1847548 116 2 5 254
105 1865348 117 0 4 101
106 1865348 117 0 2 132816
107 1886347 118 9 7 55
108 1904337 124 2 3 7
109 1946779 127 0 10 2474
110 1946779 127 0 4 115
111 1970030 132 8 1 6
112 1983914 134 6 3 3
113 2019987 136 8 10 32
114 2019987 136 1 3 16
115 2019987 136 1 6 153
116 2135241 137 0 10 222
117 2135241 137 7 7 3
118 2135241 137 8 9 6410
119 2135241 137 3 1 38
120 2135241 137 7 3 9
121 2135241 137 4 8 4
122 2135241 137 4 0 56
123 2135241 137 10 8 34
124 2135241 137 2 2 63
125 2135241 137 7 10 1559
126 2135241 137 8 6 2
127 2135241 137 9 4 99
128 2170497 143 0 5 3991
129 2170497 143 0 8 4
130 2201264 146 7 8 1332
131 2201264 146 6 3 72
132 2201264 146 8 8 999
133 2202584 147 6 2 182
134 2226884 150 2 5 126
135 2226884 150 2 3 66
136 2229277 151 3 9 3
137 2229277 151 5 9 3
138 2358189 154 4 1 16
139 2358189 154 6 9 23
140 2358189 154 5 10 2
141 2358189 154 9 5 69
142 2365831 156 1 8 23
143 2505731 160 2 5 5
144 2505731 160 2 4 4
145 2505731 160 3 1 1
146 2505731 160 7 5 5
147 2505731 160 5 7 1
148 2505731 160 6 9 4
149 2505731 160 7 6 19
150 2505731 160 1 3 2
151 2505731 160 10 3 7
152 2505731 160 8 3 10
153 2505731 160 10 7 293
154 2555843 162 5 10 5
155 2555843 162 2 3 191
156 2555843 162 10 6 14
157 2555843 162 3 0 1899
158 2555843 162 7 3 382
159 2555843 162 10 3 382
160 2555843 162 7 0 3799
161 2555843 162 3 1 1445
162 2579439 165 4 4 14
163 2579439 165 2 3 372
164 2579439 165 5 5 110
165 2589267 169 3 4 102
166 2607661 170 3 8 83
167 2607661 170 3 7 102
168 2619964 172 6 10 36
169 2619964 172 4 10 18
170 2619964 172 6 8 29
171 2644355 174 6 10 9
172 2644355 174 5 4 18
173 2646856 175 8 6 39
174 2647437 176 6 9 8
175 2693895 177 0 4 47
176 2693895 177 3 4 23
177 2693895 177 0 9 9
178 2702983 182 5 6 2663
179 2716360 185 10 10 36
180 2760775 192 3 4 9
181 2760775 192 3 7 6128
182 2760775 192 3 9 1320
183 2760775 192 3 10 87
184 2772256 197 1 1 1245
185 2874457 198 2 1 18
186 2874457 198 10 10 7
187 2874457 198 0 0 5
188 2874457 198 10 0 5
189 2874457 198 0 1 4
190 2874457 198 3 10 14
191 2874457 198 7 4 2
192 2874457 198 4 9 7
193 2917801 203 7 6 48
194 2917801 203 7 8 150
195 2976885 210 6 3 1
196 2976885 210 5 3 7
197 2985041 215 7 4 8130
198 2997865 217 9 5 39
199 3009650 222 7 7 112
200 3020698 223 3 2 68
201 3032442 227 5 7 1033
202 3085749 229 6 4 17
203 3085749 229 6 2 1233
204 3085749 229 6 7 9
205 3085749 229 2 0 31
206 3085749 229 2 7 9
207 3148784 230 3 2 1
208 3148784 230 0 5 11
209 3270975 233 4 0 7
210 3270975 233 10 3 12
211 3270975 233 8 2 4
212 3270975 233 4 4 1153
213 3325752 237 10 4 215
214 3325752 237 4 6 47
215 3325752 237 10 10 82
216 3346470 239 8 1 9
217 3347301 240 1 6 190
218 3472220 241 3 3 1
219 3472220 241 4 7 12
220 3472220 241 4 4 14
221 3472220 241 4 1 6
222 3472220 241 4 3 1
223 3472220 241 3 8 1
224 3472220 241 6 9 1226
225 3472220 241 3 0 9
226 3472220 241 4 6 1
227 3472220 241 7 3 1
228 3486105 246 7 0 7
229 3567696 259 4 0 14
230 3567696 259 0 1 891
231 3567696 259 0 8 2025
232 3706534 262 3 2 6
233 3706534 262 2 6 8
234 3706534 262 9 4 1
235 3706534 262 8 7 1
236 3706534 262 3 5 2
237 3777192 277 2 7 3263
238 3783039 280 5 2 647
239 3801232 282 8 7 200
240 3801232 282 8 5 23
241 4040042 287 7 7 807
242 4040042 287 3 10 15
243 4040042 287 10 1 3
244 4040042 287 10 5 4
245 4040042 287 8 2 9
246 4040042 287 0 3 11
247 4040042 287 8 1 28
248 4040042 287 8 5 2
249 4040042 287 5 4 1
250 4040042 287 6 7 807
251 4040042 287 5 8 5
252 4040042 287 5 1 6
253 4040042 287 4 4 2
254 4040042 287 2 8 5
255 4040042 287 9 6 24
256 4040042 287 5 0 3
257 4040042 287 5 9 1
258 4040042 287 2 7 12118
259 4121668 291 9 4 89
260 4121668 291 1 9 1096
261 4121668 291 5 2 3435
262 4121668 291 8 0 6
263 4121668 291 7 1 1536
264 4121668 291 7 7 333
265 4196492 292 8 6 13
266 4196492 292 6 10 1
267 4196492 292 4 9 176
268 4196492 292 6 9 1235
269 4248046 298 9 0 21
270 4341344 303 10 7 33
271 4341344 303 2 9 204
272 4341344 303 9 8 649
273 4341344 303 8 0 1
274 4341344 303 1 8 973
275 4341344 303 8 10 14
276 4392854 304 2 3 929
277 4392854 304 3 9 58
278 4392854 304 2 6 577
279 4392854 304 2 5 23
280 4392854 304 3 8 10
281 4447629 311 3 10 57
282 4447629 311 0 10 19
283 4450150 313 3 2 18
284 4570906 317 7 0 4
285 4570906 317 10 8 83
286 4570906 317 6 2 565
287 4570906 317 4 2 565
288 4570906 317 7 5 964
289 4570906 317 0 10 55
290 4570906 317 9 10 55
291 4570906 317 5 9 21
292 4570906 317 6 4 10
293 4570906 317 8 5 964
294 4570906 317 1 2 3961
295 4570906 317 10 5 964
296 4570906 317 0 1 14
297 4570906 317 10 7 1004
298 4570906 317 5 10 55
299 4580862 320 5 0 8093
300 4613225 324 4 9 142
301 4613225 324 9 9 47
302 4616360 325 9 9 165
303 4627403 327 1 3 3434
304 4627403 327 2 10 1020
305 4679276 328 7 0 11
306 4679276 328 2 9 2
307 4679276 328 9 5 4162
308 4698436 330 0 1 1349
309 4714146 335 1 7 96
310 4730994 337 4 0 12758
311 4765647 339 3 7 31
312 4765647 339 3 2 288
313 4765647 339 6 5 190
314 4818186 340 8 3 126
315 4818186 340 6 2 7
316 4833609 344 4 7 106
317 4846334 346 6 5 978
318 4846334 346 0 5 489
319 4849311 347 8 7 80
320 4866334 352 9 10 104
321 4882234 353 0 3 163
322 4891228 357 2 8 157
323 4897900 359 6 9 55
324 4924748 362 10 3 357
325 4924748 362 8 2 2
326 4932660 363 4 4 31
327 4945565 366 7 2 23
328 4945565 366 7 9 52
329 4975955 369 10 7 1
330 5026716 370 0 10 11
331 5026716 370 3 2 1
332 5026716 370 1 9 162
333 5026716 370 7 9 23
334 5026716 370 8 8 3
335 5026716 370 2 8 3
336 5026716 370 10 8 22
337 5034436 372 3 0 349
338 5036841 375 9 0 228
339 5038880 378 10 6 120
340 5077526 380 10 10 14
341 5077526 380 10 5 64
342 5080359 381 9 6 9029
343 5101245 387 7 9 1
344 5136093 388 7 6 202
345 5136093 388 0 1 16
346 5136093 388 0 9 4765
347 5258355 390 4 7 3
348 5258355 390 7 0 14
349 5258355 390 5 7 3
350 5457596 395 5 5 177
351 5457596 395 10 4 1
352 5457596 395 0 0 1322
353 5457596 395 4 1 1
354 5457596 395 8 8 33
355 5457596 395 3 6 54
356 5457596 395 7 8 33
357 5457596 395 7 5 177
358 5457596 395 9 5 532
359 5468306 396 9 1 405
360 5485977 401 10 3 1192
361 5538336 402 9 3 65
362 5538336 402 2 5 49
363 5538336 402 2 9 21
364 5538336 402 2 8 69
365 5558106 406 4 0 35
366 5580048 407 2 2 73
367 5685070 409 8 1 542
368 5685070 409 2 9 45
369 5685070 409 8 6 1
370 5685070 409 2 5 3188
371 5685070 409 1 1 1084
372 5685070 409 10 1 542
373 5685070 409 5 7 1
374 5685070 409 5 5 797
375 5742175 413 2 7 32
376 5742175 413 9 6 10095
377 5742175 413 9 0 144
378 5742175 413 2 10 7
379 5742175 413 2 9 66
380 5742175 413 9 10 29
381 5764067 420 6 10 64
382 5810416 424 7 4 84
383 5814311 425 10 3 34
384 5997446 428 5 5 822
385 5997446 428 5 0 1
386 5997446 428 0 7 1
387 5997446 428 0 1 668
388 5997446 428 10 8 2
389 5997446 428 2 2 1
390 5997446 428 4 4 4
391 5997446 428 3 5 822
392 5997446 428 6 8 7
393 5997446 428 0 9 1
394 5997446 428 6 1 668
395 5997446 428 3 10 4
396 5997446 428 8 5 822
397 5997446 428 0 10 4
398 6102316 430 1 4 24
399 6102316 430 10 4 3
400 6102316 430 0 8 2
401 6102316 430 2 10 2
402 6102316 430 2 0 2
403 6102316 430 10 5 33
404 6102316 430 4 7 17
405 6141678 440 6 10 20
406 6141678 440 4 10 4
407 6141678 440 0 0 29
408 6165551 445 7 6 2
409 6166536 446 8 4 28
410 6192112 456 6 5 8547
411 6275163 457 2 10 5
412 6275163 457 10 1 3
413 6275163 457 5 4 1
414 6275163 457 5 10 5
415 6275163 457 8 4 1
416 6275163 457 4 3 14
417 6275163 457 7 0 8
418 6275163 457 1 4 1
419 6275163 457 0 0 8
420 6284014 458 4 4 1978
421 6314860 460 1 5 102
422 6395957 461 10 7 1
423 6395957 461 9 6 122
424 6395957 461 5 2 55
425 6395957 461 0 8 9
426 6402969 463 2 0 60
427 6661224 466 4 4 434
428 6661224 466 7 5 1
429 6661224 466 8 8 1
430 6661224 466 5 9 4
431 6661224 466 6 2 100
432 6661224 466 4 8 1
433 6661224 466 3 3 7204
434 6661224 466 4 2 50
435 6661224 466 7 3 3602
436 6661224 466 7 1 8
437 6661224 466 4 5 1
438 6661224 466 10 2 50
439 6661224 466 7 8 1
440 6661224 466 7 9 12
441 6661224 466 8 10 2
442 6724143 467 6 7 5
443 6724143 467 10 7 23
444 6724143 467 6 0 430
445 6724143 467 1 6 6
446 6724143 467 10 9 8
447 6741414 468 7 9 22
448 6741414 468 7 5 422
449 6745614 469 6 4 541
450 6759738 471 6 10 923
451 6848640 473 3 8 52
452 6848640 473 6 2 15
453 6848640 473 9 10 1
454 6848640 473 3 6 5
455 6848640 473 2 5 68
456 6848640 473 1 9 12
457 6848640 473 10 8 52
458 6848640 473 8 2 15
459 7069335 475 10 2 3
460 7069335 475 5 0 8
461 7069335 475 5 3 1
462 7069335 475 1 7 9
463 7069335 475 9 5 2
464 7069335 475 4 0 1
465 7069335 475 5 6 1
466 7069335 475 5 5 15
467 7069335 475 3 8 2
468 7069335 475 4 10 5
469 7093119 477 2 4 41
470 7093119 477 2 8 74
471 7109914 479 7 9 1
472 7109914 479 6 9 1
473 7117810 480 8 5 25
474 7125160 483 5 10 8
475 7126042 484 3 10 209
476 7152016 487 5 10 202
477 7152016 487 5 0 66373
478 7179879 489 8 8 98
479 7179879 489 0 5 94
480 7179879 489 3 5 94
481 7403509 498 4 1 17
482 7403509 498 2 10 13
483 7403509 498 9 8 514
484 7403509 498 8 6 1
485 7403509 498 7 1 17
486 7403509 498 3 8 514
487 7403509 498 8 0 10
488 7403509 498 4 10 13
489 7403509 498 0 8 1028
490 7403509 498 5 6 1
491 7403509 498 1 7 14
492 7403509 498 1 2 56
493 7403509 498 3 6 1
494 7403509 498 5 9 1
495 7403509 498 2 7 7
496 7403509 498 9 1 319
497 7403509 498 2 8 514
498 7403509 498 8 3 1
499 7403509 498 4 6 1
500 7403509 498 0 6 1
501 7420667 499 7 1 3309
502 7420667 499 7 0 5705
503 7428923 502 2 6 191
504 7437205 504 6 9 296
505 7437205 504 3 9 1629
506 7437205 504 0 9 148
507 7556330 507 1 0 6
508 7556330 507 0 9 7
509 7556330 507 10 2 11
510 7556330 507 8 4 1429
511 7556330 507 2 9 7
512 7556330 507 7 9 43
513 7556330 507 5 3 2
514 7556330 507 2 2 28
515 7556330 507 8 2 17
516 7556330 507 1 3 2
517 7556330 507 0 4 1429
518 7727771 513 6 10 6
519 7727771 513 8 3 5
520 7727771 513 6 7 11
521 7727771 513 6 9 20
522 7727771 513 9 10 2
523 7727771 513 6 3 21
524 7727771 513 2 4 200
525 7727771 513 5 1 21
526 7727771 513 5 2 6
527 7732080 515 10 1 15
528 7753398 516 1 3 1
529 7753398 516 0 3 1
530 7753398 516 5 3 1
531 7753398 516 6 3 1
532 7761258 521 1 4 152
533 7762442 522 4 9 174
534 7782257 529 4 9 374
535 7809615 535 7 1 59
536 7809615 535 6 7 6
537 7814980 537 5 10 11
538 7848126 542 1 8 84
539 7868040 547 4 6 189
540 7868855 548 5 7 298
541 7872519 549 5 5 264
542 7888438 550 6 6 6
543 7888438 550 7 6 6
544 7917009 551 5 1 3
545 7924481 552 5 0 76
546 8143096 555 5 3 202
547 8143096 555 0 0 1
548 8143096 555 10 6 47
549 8143096 555 6 0 1
550 8143096 555 9 7 3
551 8143096 555 7 10 4
552 8143096 555 8 10 1
553 8143096 555 5 6 23
554 8143096 555 3 8 22
555 8143096 555 8 6 23
556 8143096 555 3 3 202
557 8143096 555 8 9 11
558 8143096 555 0 4 829
559 8221801 556 9 1 1
560 8221801 556 3 10 335
561 8221801 556 9 0 1
562 8221801 556 5 5 3164
563 8239850 557 3 8 1648
564 8262241 558 1 5 72
565 8318854 563 10 10 127
566 8335120 565 1 1 233
567 8336607 568 8 2 137
568 8421380 569 0 1 65
569 8421380 569 2 7 8
570 8421380 569 1 1 16
571 8421380 569 9 1 1
572 8431399 573 2 5 6
573 8507001 576 10 10 989
574 8507001 576 10 0 51
575 8576866 583 6 5 15734
576 8611183 591 8 10 2
577 8616493 593 9 9 1350
578 8626424 597 3 4 14
579 8698491 602 8 5 30
580 8698491 602 6 2 848
581 8698491 602 8 8 3636
582 8753598 611 5 8 990
583 8942788 612 10 9 31
584 8942788 612 7 10 5
585 8942788 612 3 3 1
586 8942788 612 4 6 1
587 8942788 612 10 1 6
588 8942788 612 4 7 2539
589 8942788 612 3 6 6
590 8942788 612 2 0 71
591 8942788 612 5 4 80
592 8942788 612 4 3 1
593 8942788 612 4 1 3
594 8942788 612 5 7 2539
595 8942788 612 9 10 5
596 8958693 613 3 5 22
597 9137408 616 8 10 854
598 9137408 616 3 1 1
599 9137408 616 0 1 1
600 9137408 616 8 3 20
601 9137408 616 6 6 108
602 9137408 616 9 7 200
603 9137408 616 8 0 6921
604 9137408 616 0 5 1227
605 9137408 616 5 5 8595
606 9137408 616 8 4 1
607 9137408 616 6 1 2
608 9137408 616 2 7 200
609 9137408 616 8 8 1
610 9137408 616 9 1 1
611 9137408 616 1 1 18
612 9140816 617 3 9 85
613 9168237 621 10 8 18
614 9174850 625 4 0 34
615 9198430 626 2 6 1690
616 9223757 628 1 6 127
617 9223757 628 1 9 181
618 9224804 629 5 8 164
619 9242931 631 2 3 144
620 9242931 631 9 6 70
621 9287615 633 5 1 368
622 9287615 633 5 2 6
623 9287615 633 5 3 85
624 9318565 637 2 10 16
625 9318565 637 7 10 8
626 9330641 638 4 6 40
627 9330641 638 0 6 40
628 9330641 638 4 1 10
629 9335163 643 1 4 19
630 9443374 644 5 10 11
631 9443374 644 9 9 54
632 9443374 644 0 9 136
633 9443374 644 7 8 908
634 9443374 644 4 4 647
635 9443374 644 9 10 2
636 9443374 644 0 3 10
637 9450911 647 1 3 1338
638 9456124 652 3 8 767
639 9467118 660 7 7 16605
640 9479894 663 1 1 14315
641 9483416 665 8 8 45
642 9497003 668 5 9 34
643 9647553 671 3 0 3
644 9647553 671 3 4 1342
645 9647553 671 7 5 30
646 9647553 671 8 0 7
647 9647553 671 0 0 2
648 9647553 671 5 9 8
649 9647553 671 3 6 8
650 9647553 671 7 0 14
651 9647553 671 4 6 8
652 9647553 671 7 2 19
653 9647553 671 10 8 5
654 9651021 672 8 2 85
655 9655347 674 4 2 83
656 9677604 675 2 4 30
657 9677604 675 2 1 64
658 9677604 675 2 3 19475
659 9677604 675 2 7 2702
660 9693142 678 6 6 409
661 9693142 678 7 4 9
662 9693463 679 10 7 6010
663 9710606 681 10 5 12
664 9830207 683 2 7 548
665 9830207 683 3 6 31
666 9830207 683 2 9 30
667 9830207 683 5 3 29
668 9830207 683 9 7 548
669 9830207 683 10 9 30
670 9830207 683 7 3 29
671 9830207 683 5 2 1527
672 9832137 684 9 2 1039
673 9840806 687 7 5 2915
674 9840806 687 0 8 15
675 9865575 689 8 4 318
676 9926866 690 8 9 17
677 9926866 690 8 8 600
678 9926866 690 8 3 45
679 9926866 690 0 1 12
680 9926866 690 0 8 150
681 9926866 690 4 4 863
682 9979325 692 7 10 12
683 9979325 692 7 7 181
684 9996274 693 8 0 109
685 9996274 693 8 10 1001
686 9996274 693 8 6 75
687 10232685 695 5 5 7
688 10232685 695 3 1 11
689 10232685 695 5 2 793
690 10232685 695 1 7 1
691 10232685 695 6 1 3
692 10232685 695 5 8 1
693 10232685 695 5 10 1
694 10232685 695 4 3 4
695 10232685 695 2 7 1
696 10232685 695 4 4 1
697 10242326 697 6 6 3138
698 10296256 698 5 2 25
699 10296256 698 2 9 33
700 10296256 698 5 5 6
701 10296256 698 10 0 4
702 10296256 698 10 10 32
703 10299003 700 9 4 4666
704 10324817 701 2 9 1
705 10371151 702 4 1 5
706 10371151 702 0 8 88
707 10417913 703 2 8 52
708 10417913 703 2 7 1370
709 10417913 703 9 2 9404
710 10422923 705 0 5 52
711 10436351 709 2 9 9272
712 10457348 710 3 3 119
713 10474685 712 4 4 99
714 10474685 712 10 4 49
715 10580282 718 10 4 275
716 10580282 718 0 5 87
717 10580282 718 2 10 21
718 10580282 718 3 10 5
719 10580282 718 0 7 5
720 10580282 718 10 1 6
721 10580282 718 10 8 1455
722 10622010 723 6 2 3584
723 10622010 723 6 1 1
724 10622010 723 6 5 29
725 10622010 723 3 4 523
726 10637956 724 6 9 286
727 10637956 724 6 1 111
728 10658761 727 2 7 5
729 10658761 727 2 5 14
730 10661918 729 1 6 6073
731 10666831 730 0 2 68
732 10722463 732 4 9 138
733 10722463 732 6 8 79
734 10722463 732 6 9 46
735 10722463 732 9 6 4
736 10722463 732 0 5 132
737 10776981 735 9 1 6
738 10776981 735 6 7 1348
739 10815278 739 10 10 132
740 10940420 741 4 9 14
741 10940420 741 10 0 1634
742 10940420 741 4 10 8
743 10940420 741 5 6 5
744 10940420 741 3 6 2
745 10940420 741 0 4 33
746 10940420 741 10 9 44
747 10940420 741 1 10 2
748 10964257 744 7 0 8
749 10966559 746 6 9 88
750 10967035 747 8 5 26
751 10990052 749 9 5 1
752 10990052 749 10 5 24
753 10990052 749 4 7 20
754 11100083 751 3 8 1
755 11100083 751 5 0 23
756 11100083 751 5 9 15
757 11100083 751 8 2 2628
758 11100083 751 7 7 3
759 11100083 751 2 5 25
760 11100083 751 6 1 15
761 11100083 751 9 2 119
762 11100083 751 10 7 7
763 11100083 751 5 1 15
764 11100083 751 3 6 55
765 11100083 751 8 1 30
766 11100083 751 3 7 14
767 11100083 751 6 9 15
768 11120057 752 3 8 42
769 11120057 752 7 9 1
770 11148312 755 9 5 4130
771 11150662 756 7 0 152
772 11178896 757 8 1 38
773 11178896 757 5 5 578
774 11196086 761 8 5 91
775 11267457 766 6 10 15
776 11267457 766 7 10 7
777 11267457 766 3 4 16
778 11272103 767 6 8 67
779 11315916 768 0 9 352
780 11315916 768 8 8 1321
781 11315916 768 0 2 36
782 11315916 768 0 4 59
783 11360220 778 8 9 7
784 11390519 785 8 2 7
785 11407269 791 0 1 26
786 11407585 792 0 8 118
787 11431391 798 4 5 6106
788 11431391 798 4 9 293
789 11439095 802 4 0 8
790 11456436 804 4 6 21
791 11470515 807 3 10 55
792 11726435 822 7 9 3
793 11726435 822 4 0 3
794 11726435 822 9 4 1
795 11726435 822 7 6 13
796 11726435 822 4 4 28
797 11726435 822 10 6 8
798 11726435 822 10 2 3
799 11726435 822 2 2 3
800 11726435 822 3 1 1
801 11726435 822 2 0 1
802 11898401 823 3 4 3553
803 11898401 823 3 3 4
804 11898401 823 9 0 8
805 11898401 823 8 3 9
806 11898401 823 5 8 1
807 11898401 823 9 8 1
808 11898401 823 2 6 282
809 11898401 823 5 0 8
810 11898401 823 10 2 12
811 11898401 823 2 5 1797
812 11898401 823 9 7 751
813 11898401 823 8 2 6
814 11952903 825 6 9 56
815 11952903 825 4 9 18
816 11952903 825 7 1 19
817 11952903 825 5 5 16
818 11952903 825 4 5 112
819 11983810 830 8 5 5
820 11983810 830 8 2 21
821 11983810 830 2 7 448
822 12023349 833 7 8 800
823 12023349 833 7 3 83
824 12023349 833 7 9 12629
825 12023349 833 7 10 8
826 12023349 833 7 4 24511
827 12048621 834 2 10 700
828 12048621 834 2 0 15
829 12088805 842 1 9 9530
830 12088805 842 1 6 11325
831 12092413 843 9 3 39
832 12099189 844 2 9 283
833 12122151 846 5 6 89
834 12131815 852 2 9 48
835 12137173 854 3 10 1
836 12162483 857 9 5 4
837 12162483 857 9 6 9641
838 12181263 859 6 10 7
839 12181359 860 9 6 11
840 12199754 861 3 7 1201
841 12216921 863 2 4 116
842 12333499 864 6 7 2
843 12333499 864 3 2 954
844 12333499 864 5 8 113
845 12333499 864 5 9 35
846 12333499 864 1 4 5
847 12333499 864 9 4 5
848 12333499 864 5 6 17
849 12333499 864 5 10 172
850 12342879 868 10 6 201
851 12344269 869 6 9 164
852 12348851 870 3 3 6
853 12348851 870 7 3 46
854 12364682 871 10 9 7
855 12394659 874 2 10 51
856 12405699 875 2 7 9
857 12411864 878 9 6 46
858 12521786 886 4 7 1
859 12521786 886 1 7 1
860 12521786 886 5 3 48
861 12521786 886 2 0 14
862 12521786 886 7 0 14
863 12521786 886 6 2 82
864 12521786 886 8 8 20
865 12521786 886 6 6 555
866 12522864 887 6 4 158
867 12538681 888 10 0 12
868 12633297 894 7 2 5
869 12633297 894 5 9 71
870 12633297 894 3 2 11
871 12633297 894 9 3 12
872 12633297 894 7 5 4
873 12633297 894 0 2 11
874 12633297 894 9 1 4
875 12687981 896 3 2 38
876 12687981 896 2 2 38
877 12687981 896 3 9 10
878 12687981 896 8 3 3173
879 12713987 899 6 10 114
880 12713987 899 6 5 249
881 12713987 899 6 2 250
882 12728827 901 1 3 1484
883 12728827 901 5 2 30
884 12728827 901 6 2 30
885 12756980 903 1 7 111
886 12756980 903 1 4 337
887 12813735 907 2 1 116
888 12813735 907 4 0 36
889 12813735 907 4 10 3
890 12813735 907 4 7 6019
891 12813735 907 4 3 18
892 12832259 909 9 1 6168
893 12895052 918 1 8 100
894 12912393 919 4 1 1
895 12916830 920 6 9 28
896 12916830 920 8 9 28
897 12916830 920 2 10 8
898 12969602 926 7 9 34
899 13187300 929 9 5 227
900 13187300 929 7 1 18
901 13187300 929 8 10 2
902 13187300 929 8 4 1756
903 13187300 929 4 4 2635
904 13187300 929 4 2 4
905 13187300 929 3 1 1
906 13187300 929 3 3 3
907 13187300 929 5 1 2
908 13187300 929 6 0 655
909 13187300 929 3 2 21
910 13187300 929 4 8 4
911 13187300 929 10 2 4
912 13187300 929 10 0 10
913 13187300 929 10 3 3
914 13187300 929 6 8 4
915 13187300 929 5 3 3
916 13187300 929 8 5 227
917 13187300 929 3 4 878
918 13187300 929 6 9 28
919 13187300 929 4 10 1
920 13187300 929 1 4 878
921 13313947 930 4 8 309
922 13313947 930 1 0 2492
923 13313947 930 2 10 683
924 13313947 930 5 7 10
925 13313947 930 1 10 683
926 13313947 930 8 8 309
927 13313947 930 4 7 10
928 13313947 930 3 7 10
929 13428321 931 10 1 10
930 13428321 931 0 4 909
931 13428321 931 10 9 2119
932 13428321 931 7 1 10
933 13428321 931 2 4 909
934 13428321 931 2 6 8
935 13428321 931 3 5 4188
936 13428321 931 4 10 225
937 13428321 931 3 10 2703
938 13428321 931 7 8 4
939 13428321 931 8 6 8
940 13504003 932 8 0 2
941 13504003 932 8 2 902
942 13504003 932 6 7 3
943 13504003 932 9 9 9
944 13504003 932 6 8 20
945 13504003 932 0 2 1805
946 13504003 932 8 4 43
947 13511736 934 1 7 15
948 13516985 935 1 1 1573
949 13516985 935 3 1 1573
950 13753213 941 7 10 36
951 13753213 941 6 2 5
952 13753213 941 6 5 388
953 13753213 941 0 3 1
954 13753213 941 3 6 2
955 13753213 941 10 10 36
956 13753213 941 8 7 1
957 13753213 941 0 8 5
958 13753213 941 2 5 27
959 13753213 941 6 4 1
960 13753213 941 4 9 3916
961 13753213 941 0 2 2
962 13753213 941 3 9 1305
963 13753213 941 2 9 1305
964 13756221 943 2 8 4884
965 13761614 946 1 9 112
966 13781171 948 0 1 107
967 13781171 948 5 4 5
968 13811871 952 4 4 55
969 13814691 955 9 4 12686
970 13823212 957 1 9 17
971 13823361 958 3 3 2
972 13851853 959 10 7 35
973 13851853 959 10 5 196
974 13872860 961 4 5 343
975 14023011 967 6 4 14
976 14023011 967 1 6 3080
977 14023011 967 6 1 369
978 14023011 967 4 5 7
979 14023011 967 0 6 9242
980 14023011 967 6 5 7
981 14023011 967 0 10 13
982 14023011 967 7 9 4
983 14041916 970 10 6 74
984 14049582 971 1 8 30
985 14068013 972 10 0 323
986 14068013 972 10 4 228
987 14068013 972 10 5 263
988 14068013 972 10 7 53
989 14106529 973 2 2 3
990 14106529 973 0 10 26
991 14106529 973 2 4 10
992 14112448 975 10 8 1
993 14138628 980 6 10 204
994 14157175 989 7 5 56
995 14212729 994 7 0 6
996 14212729 994 8 0 3
997 14212729 994 5 4 38
998 14212729 994 9 0 3
999 14225534 997 6 3 22
