11 352 1000
0 13391 0 9 5 6
1 13391 0 1 9 151
2 13391 0 9 7 46
3 13391 0 9 8 56
4 51107 3 9 6 284
5 59157 4 6 8 9
6 93421 9 7 1 19
7 93421 9 1 5 35
8 93421 9 4 5 248
9 93421 9 4 10 25
10 93421 9 7 7 39
11 100552 11 0 9 88
12 131147 13 7 4 3064
13 131147 13 10 5 13
14 131147 13 5 5 13
15 131147 13 6 10 99
16 171575 17 10 9 1317
17 171575 17 1 7 17
18 171575 17 5 4 12
19 171575 17 2 7 2
20 171575 17 5 8 30
21 179016 18 1 8 1476
22 179016 18 1 7 209
23 201395 21 3 2 1009
24 217469 27 7 0 130
25 237045 29 2 4 83
26 243481 31 4 7 4140
27 259554 37 0 10 4
28 259554 37 3 9 6321
29 267850 38 10 1 381
30 282888 41 10 2 50
31 282888 41 10 9 75
32 282888 41 10 8 44
33 289428 44 1 0 118
34 290691 45 5 6 2127
35 302157 50 7 0 44
36 302157 50 2 0 44
37 302157 50 10 0 44
38 382307 51 7 0 21
39 382307 51 0 10 1
40 382307 51 8 10 1
41 382307 51 5 5 8
42 382307 51 0 4 15
43 382307 51 9 2 5
44 382307 51 3 8 13
45 382307 51 0 6 1
46 382307 51 10 8 21
47 382307 51 7 4 15
48 382307 51 2 6 1
49 382307 51 8 2 26
50 382307 51 7 7 5
51 382307 51 3 10 1
52 382307 51 0 2 10
53 388573 56 5 2 461
54 388573 56 5 6 86
55 431384 59 2 0 6
56 431384 59 2 6 19
57 431384 59 1 6 19
58 431384 59 8 1 22
59 431384 59 2 3 5
60 439749 62 8 5 5726
61 457690 68 8 4 1
62 472150 70 10 6 45
63 534787 75 3 5 115
64 534787 75 0 1 591
65 534787 75 4 5 115
66 534787 75 6 9 1
67 534787 75 10 9 1
68 545538 79 3 3 38
69 614865 84 4 3 4
70 614865 84 2 6 2
71 614865 84 4 5 4
72 619635 88 1 6 30
73 638994 92 4 0 66
74 662502 97 6 9 1843
75 662616 98 10 1 117
76 699619 99 0 3 63
77 699619 99 9 5 5
78 763240 102 4 10 21
79 763240 102 0 0 35
80 763240 102 6 2 483
81 763240 102 7 4 16
82 763240 102 0 10 21
83 763240 102 9 2 967
84 763240 102 5 10 21
85 763240 102 10 10 21
86 763240 102 5 7 2
87 763240 102 0 2 483
88 763240 102 3 10 21
89 769318 103 9 5 13
90 774349 104 4 7 132
91 776017 105 1 5 326
92 805529 108 7 7 76
93 805529 108 6 5 8
94 809413 110 3 6 59
95 809413 110 3 0 197
96 811773 112 9 1 2
97 811821 113 10 6 349
98 821132 116 2 4 113
99 821132 116 2 3 15961
100 829043 117 0 4 101
101 829043 117 0 5 160
102 829043 117 0 3 30
103 838376 118 6 2 15
104 838376 118 7 5 16
105 840183 120 9 7 124
106 846624 125 0 2 16
107 865235 127 0 3 27
108 865235 127 0 9 22699
109 865235 127 0 0 130
110 865235 127 0 7 4651
111 865235 127 0 1 237
112 867197 130 7 10 226
113 881739 134 1 9 76
114 897772 136 1 1 31
115 897772 136 1 9 1
116 948996 137 10 9 2136
117 948996 137 1 9 2136
118 948996 137 2 2 63
119 948996 137 6 3 9
120 948996 137 1 6 2
121 948996 137 8 3 48
122 948996 137 2 0 4
123 948996 137 10 8 34
124 948996 137 8 9 6410
125 982062 148 2 10 21
126 989726 150 2 3 66
127 989726 150 2 7 5692
128 1048084 154 10 4 91
129 1048084 154 2 1 33
130 1048084 154 3 8 261
131 1048084 154 7 0 21
132 1048084 154 7 6 115
133 1048084 154 9 4 10
134 1048603 155 1 7 3
135 1051480 156 1 8 23
136 1113658 160 6 3 2
137 1113658 160 9 10 57
138 1113658 160 3 2 843
139 1113658 160 1 7 1
140 1113658 160 7 5 5
141 1113658 160 1 3 2
142 1113658 160 0 9 9
143 1113658 160 9 6 2
144 1113658 160 0 4 19
145 1113658 160 10 5 5
146 1113658 160 2 3 2
147 1113658 160 4 10 11
148 1113658 160 10 3 7
149 1113658 160 1 6 2
150 1113658 160 9 3 10
151 1113658 160 5 2 210
152 1113658 160 3 1 1
153 1135930 162 7 3 382
154 1135930 162 6 10 5
155 1135930 162 2 1 2890
156 1135930 162 5 10 5
157 1136144 163 4 3 297
158 1138204 164 6 8 11399
159 1158960 170 3 0 97
160 1158960 170 3 7 102
161 1158960 170 3 1 57
162 1164428 172 4 2 54
163 1175269 174 2 3 36
164 1175269 174 9 2 9
165 1175269 174 7 2 9
166 1197286 177 0 7 35
167 1197286 177 0 3 10858
168 1197286 177 0 6 344
169 1197286 177 3 10 393
170 1197286 177 0 8 1073
171 1198278 178 9 0 104
172 1207271 185 10 10 36
173 1212649 187 7 1 15
174 1214355 189 1 7 16203
175 1227011 192 3 3 5872
176 1228617 194 5 3 4
177 1277536 198 10 8 11
178 1277536 198 9 1 4
179 1277536 198 1 2 2
180 1277536 198 7 0 20
181 1277536 198 0 0 5
182 1277536 198 5 4 4
183 1277536 198 5 9 31
184 1277536 198 4 5 9
185 1277536 198 3 8 46
186 1277536 198 6 10 86
187 1277536 198 2 1 18
188 1296800 203 8 10 2495
189 1296800 203 8 5 8684
190 1296800 203 8 2 64
191 1309127 209 7 5 39
192 1326684 215 7 4 8130
193 1335056 218 1 2 17074
194 1342532 223 2 7 68
195 1342532 223 3 2 68
196 1342532 223 2 2 68
197 1345285 225 6 8 316
198 1347454 226 3 9 222
199 1348256 228 9 2 15
200 1371444 229 2 8 118
201 1371444 229 2 0 31
202 1371444 229 0 9 74
203 1371444 229 0 0 10
204 1371444 229 6 6 27
205 1371444 229 2 4 52
206 1399459 230 0 0 2
207 1399459 230 8 8 135
208 1399459 230 8 6 13
209 1453766 233 1 2 4
210 1453766 233 5 7 1
211 1453766 233 8 10 9
212 1453766 233 8 0 7
213 1453766 233 4 4 1153
214 1453766 233 6 1 4
215 1478112 237 10 7 51
216 1478112 237 4 9 11
217 1478112 237 10 2 55
218 1543209 241 9 10 1014
219 1543209 241 9 7 12
220 1543209 241 9 9 3679
221 1543209 241 6 8 1
222 1543209 241 1 5 3364
223 1543209 241 1 1 18
224 1543209 241 3 9 1226
225 1543209 241 9 8 23
226 1543209 241 6 6 1
227 1543209 241 9 2 5857
228 1543209 241 3 2 1952
229 1543209 241 7 6 1
230 1543209 241 6 2 3905
231 1546453 244 10 9 11740
232 1549503 247 9 7 2966
233 1550715 248 1 4 194
234 1553027 251 2 5 87
235 1585642 259 2 7 25
236 1585642 259 1 0 14
237 1585642 259 1 10 622
238 1585642 259 6 1 1783
239 1585642 259 7 8 2025
240 1585757 260 0 8 471
241 1647348 262 9 0 19
242 1647348 262 2 4 9
243 1647348 262 4 0 69
244 1647348 262 8 4 11
245 1647348 262 9 10 6
246 1647348 262 2 6 8
247 1647348 262 3 3 1
248 1655065 263 1 10 4572
249 1655065 263 0 10 3048
250 1656644 265 1 3 69
251 1668360 269 4 0 22
252 1668360 269 4 5 39
253 1668360 269 4 1 4881
254 1668360 269 4 3 93
255 1676664 273 6 9 4
256 1678977 278 7 6 166
257 1689436 282 8 7 200
258 1698261 285 4 10 220
259 1795574 287 3 3 23
260 1795574 287 0 9 1
261 1795574 287 3 10 15
262 1795574 287 4 6 24
263 1795574 287 3 7 807
264 1795574 287 7 1 47
265 1795574 287 10 1 3
266 1795574 287 9 3 5
267 1795574 287 3 9 1
268 1795574 287 4 5 2
269 1795574 287 4 10 7
270 1795574 287 9 2 3
271 1831852 291 10 0 1
272 1831852 291 5 3 9080
273 1831852 291 6 9 731
274 1831852 291 1 9 1096
275 1865107 292 8 6 13
276 1865107 292 9 1 197
277 1865107 292 0 0 6
278 1865107 292 4 10 1
279 1865107 292 6 9 1235
280 1865107 292 10 9 529
281 1865107 292 3 0 12
282 1888020 298 9 1 12
283 1888020 298 9 7 60
284 1888020 298 9 0 21
285 1891850 301 1 6 4864
286 1929486 303 2 9 204
287 1929486 303 4 0 158
288 1929486 303 1 2 1892
289 1929486 303 8 10 14
290 1929486 303 1 8 973
291 1929486 303 9 6 1193
292 1929486 303 1 0 1
293 1929486 303 4 8 324
294 1952379 304 2 0 206
295 1952379 304 3 0 17
296 1952379 304 2 4 11
297 1958918 307 4 4 476
298 1977910 314 9 1 54
299 1979056 315 2 10 1706
300 2031513 317 8 7 2009
301 2031513 317 10 7 1004
302 2031513 317 0 7 3013
303 2031513 317 4 1 14
304 2031513 317 1 9 27
305 2031513 317 4 7 3013
306 2031513 317 6 9 10
307 2031513 317 5 10 55
308 2050322 324 7 9 95
309 2056623 327 3 1 60
310 2079678 328 6 5 594
311 2079678 328 5 8 267
312 2079678 328 9 9 2
313 2079678 328 10 5 297
314 2079678 328 1 8 44
315 2088193 330 0 7 67
316 2095176 335 1 1 17
317 2095176 335 1 8 44
318 2095281 336 9 4 663
319 2118065 339 6 3 215
320 2118065 339 8 5 95
321 2118065 339 6 5 190
322 2118065 339 3 7 31
323 2141416 340 5 3 126
324 2141416 340 3 0 20
325 2141416 340 5 8 451
326 2141416 340 6 0 20
327 2141416 340 8 1 3
328 2141416 340 0 2 3
329 2169881 353 0 8 90
330 2169881 353 0 9 9
331 2171427 355 6 6 29
332 2176407 358 0 4 7138
333 2188777 362 5 2 1
334 2188777 362 8 2 2
335 2192996 365 3 3 670
336 2198029 366 9 2 11
337 2198029 366 9 5 2928
338 2211535 369 6 0 34
339 2211535 369 9 8 28
340 2234096 370 8 2 1
341 2234096 370 5 10 11
342 2234096 370 3 8 3
343 2234096 370 10 5 1
344 2234096 370 1 9 162
345 2234096 370 10 8 22
346 2234096 370 2 8 3
347 2237890 373 6 3 66
348 2256678 380 10 0 984
349 2259086 382 8 0 15
350 2261210 385 2 6 17811
351 2267220 387 5 9 1
352 2282708 388 7 9 4765
353 2337046 390 8 10 1
354 2337046 390 0 10 1
355 2337046 390 3 1 10
356 2337046 390 2 8 767
357 2337046 390 8 6 459
358 2337046 390 9 5 6
359 2337046 390 7 6 114
360 2337046 390 0 9 349
361 2337046 390 2 4 27
362 2356418 392 6 5 3851
363 2356418 392 4 4 427
364 2356418 392 9 0 19
365 2356418 392 3 0 19
366 2356418 392 7 5 1283
367 2425598 395 6 4 94
368 2425598 395 7 3 10
369 2425598 395 3 7 1
370 2425598 395 4 7 1
371 2425598 395 0 5 177
372 2425598 395 7 0 440
373 2425598 395 4 9 2555
374 2425598 395 8 2 1
375 2425598 395 3 9 10223
376 2425598 395 10 6 13
377 2430358 396 10 1 1216
378 2461483 402 9 0 2920
379 2461483 402 2 7 17
380 2461483 402 9 4 6
381 2461483 402 9 2 1
382 2461483 402 2 9 21
383 2462383 403 4 8 15143
384 2462666 404 2 0 10
385 2480021 407 2 4 49
386 2480021 407 2 9 3032
387 2526698 409 2 1 542
388 2526698 409 1 3 7
389 2526698 409 10 10 10
390 2526698 409 5 10 10
391 2526698 409 6 5 797
392 2526698 409 10 9 30
393 2526698 409 1 10 10
394 2526698 409 1 7 15
395 2526698 409 8 5 797
396 2526698 409 6 1 1627
397 2526698 409 1 0 528
398 2526698 409 2 3 3
399 2526698 409 6 6 1
400 2526698 409 8 8 26
401 2528876 410 2 3 1
402 2531248 411 9 4 206
403 2552077 413 2 3 25
404 2561807 420 7 10 64
405 2582407 424 7 3 5146
406 2665531 428 8 0 4
407 2665531 428 1 2 17
408 2665531 428 6 0 2
409 2665531 428 3 1 1336
410 2665531 428 0 8 7
411 2665531 428 4 10 38
412 2665531 428 10 1 668
413 2665531 428 9 9 1
414 2665531 428 10 4 1
415 2665531 428 0 4 1
416 2712140 430 8 3 8
417 2712140 430 7 0 2
418 2712140 430 9 4 67
419 2712140 430 0 10 2
420 2712140 430 9 1 1051
421 2714644 431 6 0 184
422 2723593 435 7 6 24
423 2744559 450 9 4 2471
424 2747984 452 8 10 147
425 2788961 457 5 9 13
426 2788961 457 10 3 44
427 2788961 457 7 7 1
428 2788961 457 6 9 40
429 2799428 459 0 5 651
430 2842647 461 10 8 9
431 2842647 461 2 8 9
432 2842647 461 7 5 1
433 2842647 461 6 5 4
434 2842647 461 4 6 122
435 2842647 461 4 9 7
436 2842647 461 0 2 5
437 2960544 466 10 0 7
438 2960544 466 9 6 4
439 2960544 466 5 8 1
440 2960544 466 6 5 1
441 2960544 466 4 6 4
442 2960544 466 0 5 6
443 2960544 466 3 5 1
444 2960544 466 0 10 6
445 2960544 466 2 3 1801
446 2960544 466 5 4 217
447 2960544 466 7 3 3602
448 2960544 466 0 1 14
449 2960544 466 0 2 50
450 2960544 466 5 3 3602
451 2988508 467 6 5 5
452 2988508 467 6 0 430
453 2988508 467 9 5 5
454 2996184 468 7 2 226
455 3012165 472 6 0 14
456 3012165 472 2 0 14
457 3043840 473 4 7 3
458 3043840 473 0 8 1669
459 3043840 473 6 9 2
460 3043840 473 0 2 7
461 3043840 473 9 2 7
462 3043840 473 7 10 5
463 3043840 473 5 3 14
464 3141926 475 8 4 1
465 3141926 475 2 10 51
466 3141926 475 4 1 6
467 3141926 475 7 7 9
468 3141926 475 4 9 5
469 3141926 475 4 3 1
470 3141926 475 0 9 5
471 3141926 475 2 9 5
472 3141926 475 7 2 1
473 3141926 475 5 5 15
474 3141926 475 9 8 2
475 3141926 475 1 8 2
476 3141926 475 6 9 5
477 3141926 475 0 3 1
478 3141926 475 3 7 4
479 3141926 475 3 9 5
480 3141926 475 10 2 3
481 3141926 475 5 2 1
482 3141926 475 8 9 5
483 3152497 477 2 5 349
484 3159961 479 8 9 1
485 3159961 479 5 9 1
486 3159961 479 9 9 1
487 3163471 480 8 5 25
488 3164180 481 5 10 87
489 3166738 483 2 10 40
490 3173223 486 6 8 21916
491 3191057 489 3 5 94
492 3191057 489 2 10 7526
493 3191057 489 9 10 7526
494 3191057 489 2 5 94
495 3191057 489 8 4 48
496 3193962 491 10 10 39
497 3197279 493 8 7 18
498 3199646 497 9 7 51
499 3290448 498 3 8 514
500 3290448 498 8 7 7
501 3290448 498 10 10 13
502 3290448 498 3 4 50
503 3290448 498 1 9 1
504 3290448 498 10 1 35
505 3290448 498 7 7 29
506 3290448 498 8 1 17
507 3290448 498 7 9 18
508 3290448 498 6 4 50
509 3290448 498 3 10 13
510 3290448 498 8 8 514
511 3298074 499 7 1 3309
512 3298074 499 7 8 324
513 3298999 501 4 8 5123
514 3305424 504 1 3 52
515 3305424 504 1 10 30
516 3358369 507 9 7 72
517 3358369 507 0 0 12
518 3358369 507 3 7 72
519 3358369 507 6 4 2858
520 3358369 507 4 1 1
521 3379164 510 7 9 1
522 3379164 510 7 10 87
523 3379164 510 6 10 29
524 3379890 512 2 3 5300
525 3434564 513 10 2 6
526 3434564 513 1 1 5
527 3434564 513 6 7 11
528 3434564 513 10 3 26
529 3434564 513 0 8 6059
530 3434564 513 9 0 1
531 3434564 513 1 0 1
532 3434564 513 1 6 240
533 3445954 516 0 3 1
534 3445954 516 1 3 1
535 3446644 518 9 8 52
536 3448227 520 0 2 1008
537 3458781 529 3 9 374
538 3459399 530 3 10 50
539 3461664 533 9 4 779
540 3470940 535 2 1 59
541 3471925 536 3 6 467
542 3488056 542 1 9 38
543 3488422 544 7 5 54
544 3505972 550 4 6 31
545 3505972 550 2 6 6
546 3505972 550 3 6 6
547 3518670 551 0 1 26
548 3523423 553 0 2 3
549 3619153 555 4 7 60
550 3619153 555 10 4 829
551 3619153 555 3 1 95
552 3619153 555 3 8 22
553 3619153 555 8 9 11
554 3619153 555 3 9 4
555 3619153 555 8 10 1
556 3619153 555 7 10 4
557 3619153 555 6 6 23
558 3619153 555 0 8 7
559 3619153 555 3 10 1
560 3619153 555 8 5 13
561 3619153 555 9 3 202
562 3619153 555 9 4 829
563 3619153 555 6 9 35
564 3619153 555 9 6 71
565 3619153 555 6 4 829
566 3619153 555 9 0 1
567 3619153 555 1 1 95
568 3654133 556 3 0 1
569 3654133 556 8 7 15
570 3654133 556 5 1 2
571 3662155 557 3 8 1648
572 3662155 557 3 3 26
573 3680125 561 2 10 28
574 3742835 569 9 1 1
575 3742835 569 9 0 26
576 3742835 569 6 3 21
577 3742835 569 5 6 1
578 3742835 569 3 7 8
579 3742835 569 7 7 1
580 3742835 569 5 10 6
581 3742835 569 8 6 1
582 3748429 574 8 5 178
583 3780889 576 1 9 73
584 3780889 576 1 1 1
585 3780889 576 6 7 65
586 3781875 577 0 0 2339
587 3785960 578 6 8 233
588 3788535 581 6 9 62
589 3811940 583 6 5 15734
590 3811940 583 6 9 208
591 3820458 588 4 7 10
592 3820458 588 4 1 168
593 3820603 589 4 5 342
594 3823501 590 3 6 136
595 3827192 591 0 1 40
596 3827192 591 3 10 5
597 3865996 602 6 9 19
598 3865996 602 6 7 74
599 3865996 602 8 9 57
600 3865996 602 8 6 12
601 3865996 602 6 3 169
602 3867614 605 4 6 53
603 3878647 606 10 10 996
604 3878647 606 10 6 184
605 3881427 610 1 3 27
606 3890488 611 1 4 39
607 3890488 611 7 2 147
608 3890488 611 2 4 117
609 3974572 612 7 10 5
610 3974572 612 7 3 1
611 3974572 612 7 7 5079
612 3974572 612 6 3 1
613 3974572 612 0 1 3
614 3974572 612 3 5 120
615 3974572 612 8 3 1
616 3974572 612 5 0 214
617 3974572 612 1 4 26
618 3974572 612 2 6 40
619 3974572 612 2 4 80
620 3974572 612 10 0 142
621 3974572 612 4 8 17
622 3974572 612 8 0 713
623 3974572 612 8 8 8
624 3974572 612 4 3 1
625 3974572 612 3 7 5079
626 3974572 612 6 5 240
627 3981641 613 3 5 22
628 4061070 616 10 6 36
629 4061070 616 4 8 1
630 4061070 616 6 7 5205
631 4061070 616 7 4 1
632 4061070 616 6 6 108
633 4061070 616 1 10 3419
634 4061070 616 5 10 854
635 4061070 616 4 9 2
636 4061070 616 4 2 11
637 4061070 616 7 0 494
638 4061070 616 8 1 1
639 4061070 616 5 0 494
640 4061070 616 9 5 1227
641 4061070 616 9 4 1
642 4061070 616 3 0 988
643 4061070 616 5 7 200
644 4061070 616 2 8 1
645 4067640 619 8 6 91
646 4077031 624 3 5 14198
647 4077031 624 0 5 2839
648 4088191 626 2 10 96
649 4090390 627 1 7 2270
650 4099447 628 1 0 118
651 4131612 634 7 10 105
652 4137562 636 6 5 1003
653 4146951 638 0 6 40
654 4146951 638 4 1 10
655 4148287 642 9 1 5170
656 4197055 644 4 3 21
657 4197055 644 7 0 8
658 4197055 644 1 8 1817
659 4197055 644 9 1 6
660 4197055 644 0 8 908
661 4197055 644 7 10 1
662 4201639 650 0 10 58
663 4201639 650 10 10 29
664 4213219 661 7 0 13
665 4221123 669 1 5 24
666 4287801 671 3 1 4531
667 4287801 671 3 0 3
668 4287801 671 7 0 14
669 4287801 671 10 10 4
670 4287801 671 2 6 8
671 4287801 671 8 7 1
672 4287801 671 6 7 1
673 4287801 671 7 7 1
674 4301157 675 2 5 29
675 4301157 675 2 1 64
676 4303535 677 6 8 67
677 4308443 680 10 8 3319
678 4315825 681 9 4 1319
679 4315862 682 10 7 108
680 4368981 683 8 8 5
681 4368981 683 2 4 1277
682 4368981 683 6 4 638
683 4368981 683 10 0 1
684 4368981 683 0 0 1
685 4368981 683 8 1 50
686 4368981 683 2 5 1
687 4368981 683 6 7 548
688 4411940 690 0 0 5775
689 4411940 690 0 2 81
690 4411940 690 8 2 3
691 4411940 690 4 5 4
692 4435255 692 7 6 43
693 4435255 692 6 5 222
694 4435255 692 2 1 48
695 4443949 694 4 6 1358
696 4547860 695 0 2 793
697 4547860 695 9 10 1
698 4547860 695 9 4 2
699 4547860 695 3 10 1
700 4547860 695 1 8 1
701 4547860 695 10 5 7
702 4547860 695 2 3 13
703 4547860 695 1 5 7
704 4547860 695 3 3 4
705 4547860 695 10 7 1
706 4547860 695 2 5 7
707 4547860 695 7 2 793
708 4552145 697 4 10 15
709 4576113 698 2 6 13
710 4576113 698 2 9 33
711 4588807 701 10 2 7
712 4609400 702 0 3 1
713 4609400 702 4 8 11
714 4609400 702 3 4 649
715 4609400 702 0 9 6
716 4609400 702 4 6 22
717 4609400 702 3 2 56
718 4630183 703 2 7 1370
719 4630183 703 2 1 49
720 4630183 703 9 5 40
721 4630183 703 2 2 4702
722 4630183 703 9 7 548
723 4631168 704 9 6 3990
724 4632410 705 5 5 263
725 4635080 708 7 4 12039
726 4655415 712 10 4 49
727 4659883 714 10 4 1126
728 4663759 717 0 7 4
729 4702347 718 5 7 5
730 4702347 718 10 8 1455
731 4702347 718 3 0 36
732 4702347 718 10 3 15
733 4702347 718 5 8 4366
734 4702347 718 2 10 21
735 4702347 718 6 10 2
736 4702347 718 10 1 6
737 4702347 718 0 7 5
738 4720893 723 6 5 29
739 4720893 723 6 7 16
740 4727980 724 6 8 63
741 4737227 727 10 10 104
742 4737227 727 8 7 2
743 4738191 728 3 9 53
744 4741888 731 3 10 2
745 4765539 732 9 0 2
746 4765539 732 4 9 138
747 4765539 732 9 5 52
748 4765539 732 5 6 2
749 4765539 732 0 5 132
750 4797473 737 0 0 44
751 4797473 737 5 0 44
752 4797753 738 5 1 213
753 4806790 739 10 3 809
754 4862408 741 10 2 3
755 4862408 741 7 1 989
756 4862408 741 1 0 1089
757 4862408 741 3 2 9
758 4862408 741 5 6 5
759 4873003 744 1 8 151
760 4875256 748 7 8 28
761 4884467 749 4 4 130
762 4885119 750 9 3 49
763 4933370 751 10 10 17
764 4933370 751 7 3 970
765 4933370 751 10 7 7
766 4933370 751 9 2 119
767 4933370 751 9 7 3
768 4933370 751 3 8 1
769 4933370 751 3 10 17
770 4933370 751 8 3 485
771 4933370 751 5 6 111
772 4933370 751 8 2 2628
773 4942247 752 1 0 168
774 4942852 753 9 4 9625
775 4954805 755 9 7 346
776 4954805 755 9 4 137
777 4968398 757 9 5 1734
778 4968398 757 5 1 77
779 4968398 757 1 5 578
780 4971863 759 10 3 11
781 5007758 766 3 4 16
782 5007758 766 10 3 1
783 5007758 766 10 6 14
784 5007758 766 1 6 172
785 5007758 766 0 5 13
786 5007758 766 8 7 39
787 5007758 766 5 3 1
788 5029296 768 8 7 6
789 5029296 768 0 2 36
790 5039611 775 9 3 95
791 5048986 778 5 1 279
792 5048986 778 8 9 7
793 5048986 778 10 1 279
794 5048986 778 0 1 279
795 5055352 780 2 1 117
796 5055352 780 2 5 4
797 5065514 787 2 4 78
798 5084062 803 8 3 11335
799 5091749 804 4 10 98
800 5095368 806 5 0 104
801 5100249 812 7 5 958
802 5107436 815 6 10 1677
803 5113846 818 9 4 82
804 5211749 822 8 10 3
805 5211749 822 4 2 9
806 5211749 822 7 7 691
807 5211749 822 4 6 8
808 5211749 822 3 4 1
809 5211749 822 0 3 1
810 5211749 822 9 5 26
811 5211749 822 3 0 7
812 5211749 822 10 8 239
813 5211749 822 2 6 8
814 5211749 822 9 9 1
815 5211749 822 8 2 3
816 5211749 822 1 6 4
817 5211749 822 3 8 239
818 5211749 822 6 4 1
819 5211749 822 6 10 1
820 5211749 822 3 6 4
821 5211749 822 5 6 4
822 5211749 822 1 10 1
823 5288178 823 3 5 599
824 5288178 823 5 6 282
825 5288178 823 10 10 1
826 5288178 823 2 10 1
827 5288178 823 8 3 9
828 5288178 823 8 7 751
829 5288178 823 1 8 1
830 5288178 823 8 2 6
831 5288178 823 2 9 1
832 5288178 823 3 9 1
833 5312401 825 4 4 187
834 5312401 825 5 8 63
835 5312401 825 1 9 18
836 5312401 825 10 9 56
837 5312401 825 1 1 19
838 5312401 825 4 2 27
839 5312401 825 10 2 54
840 5312401 825 7 8 63
841 5312401 825 6 9 56
842 5316052 828 6 0 60
843 5326138 830 2 1 24
844 5326138 830 2 2 63
845 5343711 833 7 8 800
846 5343711 833 7 9 12629
847 5343711 833 7 10 8
848 5354942 834 9 10 1400
849 5354942 834 7 9 2
850 5359042 837 6 9 79
851 5362362 841 10 5 4815
852 5372802 842 1 8 2391
853 5377417 844 1 9 851
854 5377417 844 2 9 283
855 5388961 849 9 10 39
856 5388961 849 7 10 39
857 5389378 850 9 6 662
858 5392725 853 9 0 60
859 5397033 856 3 4 30
860 5405548 857 9 5 4
861 5405548 857 9 6 9641
862 5406987 858 7 2 1
863 5413937 860 9 6 11
864 5429742 863 2 4 116
865 5481555 864 0 6 8
866 5481555 864 10 7 1
867 5481555 864 4 5 15
868 5481555 864 1 9 35
869 5481555 864 0 10 517
870 5481555 864 6 6 17
871 5481555 864 7 4 17
872 5481699 865 4 2 165
873 5498830 872 6 10 5
874 5508737 874 2 8 183
875 5508737 874 2 10 51
876 5524407 885 10 5 37
877 5565238 886 4 7 1
878 5565238 886 7 2 41
879 5565238 886 10 1 11
880 5565238 886 0 5 25
881 5565238 886 1 3 48
882 5565238 886 8 9 751
883 5565717 887 6 4 158
884 5579131 893 8 3 795
885 5614798 894 9 1 4
886 5614798 894 7 8 1
887 5614798 894 0 8 1
888 5614798 894 8 3 6
889 5614798 894 2 1 4
890 5614798 894 9 8 1
891 5639102 896 4 9 10
892 5639102 896 3 2 38
893 5650661 899 6 2 250
894 5657256 901 5 2 30
895 5669769 903 1 7 111
896 5675927 905 6 8 95
897 5675927 905 2 8 95
898 5675927 905 3 8 95
899 5675927 905 0 8 95
900 5694993 907 4 2 821
901 5694993 907 2 2 1642
902 5711521 911 0 0 682
903 5711521 911 5 0 682
904 5720748 913 7 2 19
905 5720748 913 4 2 19
906 5727763 916 0 3 49
907 5738841 919 4 1 1
908 5752382 924 1 6 1
909 5752382 924 8 6 3
910 5764267 926 7 1 61
911 5764267 926 7 5 9235
912 5766039 928 0 10 51
913 5861022 929 3 7 2
914 5861022 929 5 6 54
915 5861022 929 5 4 878
916 5861022 929 0 1 2
917 5861022 929 6 8 4
918 5861022 929 1 10 2
919 5861022 929 10 7 2
920 5861022 929 8 9 4
921 5861022 929 4 8 4
922 5861022 929 10 9 4
923 5861022 929 9 4 878
924 5861022 929 2 3 13
925 5861022 929 2 6 218
926 5861022 929 1 0 2
927 5861022 929 10 0 10
928 5861022 929 5 3 3
929 5861022 929 6 7 4
930 5917310 930 6 4 15609
931 5917310 930 3 0 2492
932 5917310 930 3 7 10
933 5917310 930 5 7 10
934 5917310 930 10 9 71
935 5917310 930 9 7 31
936 5917310 930 10 0 7476
937 5917310 930 3 4 7804
938 5917310 930 6 8 928
939 5917310 930 9 2 7
940 5917310 930 1 9 71
941 5968142 931 5 9 4239
942 5968142 931 5 0 1056
943 5968142 931 3 5 4188
944 5968142 931 1 4 909
945 6001779 932 5 0 2
946 6001779 932 4 2 902
947 6001779 932 6 7 3
948 6001779 932 6 10 47
949 6001779 932 1 6 4
950 6001779 932 2 0 4
951 6001779 932 2 2 2708
952 6005216 934 3 7 45
953 6009644 936 3 4 58
954 6016975 939 3 8 14263
955 6022403 940 0 7 99809
956 6022403 940 0 0 266
957 6112539 941 6 4 1
958 6112539 941 4 0 22
959 6112539 941 7 3 1
960 6112539 941 9 0 22
961 6112539 941 1 4 1
962 6112539 941 6 8 1
963 6112539 941 6 5 388
964 6112539 941 10 3 1
965 6112539 941 2 0 5
966 6112539 941 9 3 1
967 6124964 948 8 4 5
968 6124964 948 8 6 3958
969 6135747 950 9 8 7
970 6138609 952 4 4 55
971 6139862 955 9 4 12686
972 6156379 959 10 9 43
973 6156379 959 10 2 32
974 6156379 959 10 6 11
975 6165715 961 10 5 343
976 6165813 962 1 9 174
977 6232449 967 6 7 243
978 6232449 967 1 1 369
979 6232449 967 0 4 14
980 6232449 967 5 2 15
981 6232449 967 7 7 243
982 6232449 967 7 0 29
983 6232449 967 0 2 15
984 6232449 967 7 5 7
985 6232449 967 4 8 44
986 6240851 970 8 6 37
987 6244258 971 0 8 30
988 6252450 972 10 6 244
989 6269568 973 2 3 1
990 6272199 975 6 8 1
991 6274786 978 5 5 281
992 6280554 979 6 8 3805
993 6292077 989 8 5 56
994 6294077 991 9 10 233
995 6302828 993 4 5 84
996 6316768 994 8 0 3
997 6316768 994 5 4 38
998 6319312 995 5 6 518
999 6331058 999 8 2 26
