11 343 1000
0 30129 0 1 4 103
1 30129 0 1 8 28
2 30129 0 1 3 195
3 30129 0 9 8 56
4 114992 3 5 3 126
5 114992 3 10 3 252
6 135158 5 9 8 2075
7 210197 9 7 3 74
8 223036 10 8 1 870
9 226243 11 0 9 88
10 295081 13 3 4 1361
11 386043 17 9 10 1
12 386043 17 2 5 100
13 386043 17 7 9 658
14 386043 17 1 10 1
15 386043 17 6 2 526
16 386043 17 0 10 1
17 386043 17 2 2 8942
18 386043 17 10 7 2
19 402787 18 1 3 19564
20 453139 21 4 8 86
21 453139 21 4 6 290
22 453139 21 4 9 47
23 453139 21 3 0 51960
24 453139 21 3 1 17
25 453139 21 4 3 9711
26 462318 23 10 10 4218
27 533352 29 2 9 94
28 533352 29 10 7 2267
29 537458 30 0 6 11
30 537458 30 6 6 11
31 553782 32 6 4 72
32 557268 36 3 4 53
33 583998 37 0 9 2107
34 602663 38 10 1 381
35 611766 39 6 5 20
36 611766 39 4 5 6
37 611766 39 0 5 34
38 636499 41 10 1 3192
39 636499 41 10 3 35
40 679854 50 9 10 5268
41 679854 50 2 10 3160
42 679854 50 10 8 1
43 860191 51 5 9 1
44 860191 51 7 9 1
45 860191 51 7 3 15
46 860191 51 5 1 15
47 860191 51 0 6 1
48 860191 51 0 2 10
49 860191 51 9 6 5
50 970615 59 1 3 5
51 970615 59 8 10 27
52 970615 59 1 6 19
53 970615 59 8 1 22
54 970615 59 2 6 19
55 970615 59 1 2 204
56 972704 60 6 6 322
57 988612 61 7 2 24
58 1000143 65 7 7 118
59 1029802 68 8 4 1
60 1089383 72 6 6 108
61 1203271 75 10 6 14
62 1203271 75 4 4 7
63 1203271 75 0 7 1
64 1203271 75 10 7 1
65 1230529 80 7 4 194
66 1383446 84 3 4 5
67 1383446 84 6 1 8
68 1383446 84 10 3 8
69 1383446 84 4 9 6
70 1383446 84 3 1 24
71 1383446 84 6 8 1
72 1383446 84 7 6 1
73 1383446 84 6 2 308
74 1383446 84 6 7 65
75 1383446 84 6 9 6
76 1383446 84 3 7 21
77 1383446 84 2 9 84
78 1420847 89 7 3 43
79 1423456 90 8 3 184
80 1447498 93 7 10 67
81 1447498 93 9 7 13
82 1460645 94 0 5 1513
83 1460645 94 4 5 1513
84 1460645 94 10 5 756
85 1490629 97 2 9 3687
86 1490629 97 8 9 1843
87 1490629 97 7 9 5530
88 1574144 99 0 6 10
89 1574144 99 7 10 3070
90 1574144 99 7 7 12
91 1717291 102 9 1 7
92 1717291 102 7 9 9
93 1717291 102 1 3 5
94 1717291 102 5 10 21
95 1717291 102 6 0 35
96 1717291 102 9 6 7
97 1717291 102 6 4 12
98 1717291 102 0 2 483
99 1742287 104 4 4 19491
100 1742287 104 4 7 132
101 1812440 108 7 0 3619
102 1812440 108 5 3 13
103 1812440 108 2 3 69
104 1812440 108 6 4 68
105 1821179 110 3 0 197
106 1821179 110 3 3 4665
107 1821564 111 4 0 2184
108 1847548 116 2 5 254
109 1847548 116 2 4 113
110 1886347 118 4 2 2
111 1886611 119 5 8 2988
112 1896788 123 10 10 32
113 1946779 127 0 0 130
114 1946779 127 0 2 9547
115 1946779 127 0 5 244
116 1946779 127 0 9 22699
117 1970030 132 0 1 6
118 1984843 135 1 8 667
119 2019987 136 8 2 59
120 2135241 137 5 1 12
121 2135241 137 0 6 9
122 2135241 137 7 10 1559
123 2135241 137 1 7 3
124 2135241 137 1 6 2
125 2135241 137 4 8 4
126 2135241 137 6 6 2
127 2135241 137 6 3 9
128 2146852 139 2 1 25
129 2170497 143 0 4 78
130 2170497 143 0 9 7
131 2174722 145 5 4 231
132 2201264 146 6 4 5
133 2226884 150 2 7 5692
134 2229277 151 5 9 3
135 2358189 154 6 2 748
136 2358189 154 9 3 28
137 2358189 154 0 9 11
138 2358189 154 8 4 10
139 2358189 154 4 10 2
140 2358189 154 0 7 642
141 2358189 154 0 8 196
142 2358189 154 5 10 2
143 2358189 154 4 0 4
144 2371757 158 5 2 59
145 2505731 160 5 7 1
146 2505731 160 7 2 421
147 2505731 160 3 7 1
148 2505731 160 1 2 210
149 2505731 160 0 0 35
150 2505731 160 0 10 5
151 2505731 160 3 5 46
152 2505731 160 6 1 1
153 2505731 160 0 5 35
154 2505731 160 2 5 5
155 2555843 162 8 7 225
156 2555843 162 2 4 15
157 2555843 162 3 4 15
158 2579439 165 1 5 110
159 2579439 165 10 4 73
160 2580803 166 10 4 13
161 2587564 168 1 2 15
162 2607661 170 3 10 19
163 2619964 172 4 10 18
164 2644355 174 6 6 96
165 2644355 174 2 2 9
166 2644355 174 7 6 24
167 2693895 177 3 10 393
168 2741397 190 10 0 36
169 2760775 192 3 8 53
170 2760775 192 3 10 87
171 2874457 198 9 0 5
172 2874457 198 5 4 4
173 2874457 198 2 10 7
174 2874457 198 5 1 9
175 2874457 198 4 5 9
176 2874457 198 3 10 14
177 2874457 198 2 2 6
178 2874457 198 4 9 7
179 2874457 198 6 0 5
180 2874457 198 6 10 86
181 2874457 198 2 6 334
182 2886727 202 3 3 146
183 2886727 202 3 9 290
184 2917801 203 8 8 45
185 2919545 204 9 0 97
186 2924015 205 3 2 11780
187 2927088 206 3 6 88
188 2934361 208 10 7 217
189 2976885 210 0 3 1
190 2976885 210 2 3 1
191 2976885 210 5 3 7
192 2997865 217 1 4 27
193 2997865 217 9 5 39
194 3003876 218 1 2 17074
195 3020698 223 2 7 68
196 3032442 227 4 7 1033
197 3033577 228 9 2 15
198 3085749 229 6 3 14
199 3085749 229 2 6 55
200 3085749 229 0 4 17
201 3148784 230 0 3 136
202 3148784 230 0 9 29
203 3153796 231 0 6 2
204 3153796 231 8 6 2
205 3158777 232 6 5 18
206 3270975 233 8 0 7
207 3270975 233 7 5 3
208 3270975 233 10 5 4
209 3270975 233 4 8 5
210 3270975 233 6 10 47
211 3270975 233 6 3 5
212 3270975 233 10 8 26
213 3270975 233 9 6 6
214 3270975 233 2 8 5
215 3270975 233 5 7 1
216 3288139 236 9 6 55
217 3325752 237 4 2 27
218 3325752 237 4 8 53
219 3325752 237 10 6 47
220 3325752 237 4 10 82
221 3325752 237 10 7 51
222 3346470 239 0 1 9
223 3472220 241 1 10 1014
224 3472220 241 3 10 4056
225 3472220 241 6 8 1
226 3472220 241 4 0 9
227 3472220 241 3 3 1
228 3472220 241 9 1 6
229 3473180 243 10 1 22
230 3479520 244 4 1 1
231 3494312 251 2 5 87
232 3494546 252 1 10 17
233 3497696 253 2 6 83
234 3498403 254 2 4 52
235 3567696 259 9 3 623
236 3567696 259 3 8 4050
237 3706534 262 2 6 8
238 3706534 262 9 2 6
239 3706534 262 2 0 9
240 3706534 262 4 3 3
241 3706534 262 2 5 1
242 3706534 262 8 7 1
243 3706534 262 2 1 30
244 3706534 262 3 4 1
245 3706534 262 2 2 6
246 3706534 262 0 9 30
247 3753810 269 4 10 438
248 3753810 269 4 7 59
249 3768648 271 7 7 34
250 3771459 272 1 5 106
251 3777192 277 2 7 3263
252 3821089 285 4 8 94
253 3821089 285 4 10 220
254 4040042 287 0 7 1615
255 4040042 287 9 10 7
256 4040042 287 1 0 5
257 4040042 287 6 1 15
258 4040042 287 6 4 1
259 4040042 287 10 9 1
260 4040042 287 8 2 9
261 4040042 287 9 6 24
262 4040042 287 10 10 61
263 4040042 287 3 8 11
264 4040042 287 10 4 1
265 4040042 287 5 10 7
266 4040042 287 7 1 47
267 4040042 287 7 2 3
268 4040042 287 7 10 15
269 4040042 287 1 10 7
270 4121668 291 1 9 1096
271 4121668 291 6 0 3
272 4121668 291 9 4 89
273 4121668 291 10 3 211
274 4121668 291 3 0 6
275 4121668 291 2 5 25
276 4196492 292 5 6 13
277 4196492 292 3 0 12
278 4196492 292 9 8 218
279 4196492 292 10 8 3054
280 4196492 292 2 1 197
281 4196492 292 4 8 218
282 4196492 292 7 0 6
283 4196492 292 8 0 6
284 4196492 292 9 0 6
285 4196492 292 5 0 6
286 4248046 298 1 2 37
287 4341344 303 2 1 25
288 4341344 303 10 7 33
289 4341344 303 2 7 1
290 4341344 303 1 8 973
291 4392854 304 3 2 24
292 4392854 304 2 2 74
293 4392854 304 2 1 7
294 4392854 304 3 5 23
295 4392854 304 3 7 25
296 4392854 304 3 9 58
297 4424747 308 6 3 284
298 4433251 310 0 1 221
299 4433251 310 7 6 6
300 4454991 316 0 4 43
301 4570906 317 8 10 110
302 4570906 317 5 10 55
303 4570906 317 3 9 5
304 4613225 324 4 9 142
305 4613225 324 5 10 48
306 4627403 327 1 10 1020
307 4627403 327 2 1 180
308 4679276 328 10 5 297
309 4679276 328 2 0 3
310 4679276 328 10 9 14
311 4698436 330 0 2 201
312 4698436 330 0 9 26
313 4698840 332 2 8 19
314 4714146 335 1 2 44
315 4714146 335 1 5 7886
316 4714146 335 1 8 44
317 4730994 337 4 10 50
318 4818186 340 2 2 3
319 4818186 340 5 8 451
320 4818186 340 2 3 126
321 4818186 340 3 4 5
322 4818186 340 6 1 3
323 4818186 340 2 8 1806
324 4818186 340 9 7 2998
325 4818186 340 9 4 1
326 4833609 344 4 7 106
327 4846334 346 0 5 489
328 4855600 349 6 6 8522
329 4866334 352 9 10 104
330 4882234 353 0 1 6
331 4934242 365 2 3 670
332 4945565 366 9 5 2928
333 4945565 366 7 2 23
334 4975955 369 2 0 17
335 4975955 369 2 9 869
336 5026716 370 2 8 3
337 5026716 370 1 10 35
338 5026716 370 8 3 10
339 5026716 370 9 2 1
340 5136093 388 0 5 38
341 5136093 388 7 7 30
342 5136093 388 7 8 88
343 5136093 388 0 4 28
344 5139717 389 6 2 16284
345 5258355 390 2 6 114
346 5258355 390 5 6 10335
347 5258355 390 5 0 14
348 5258355 390 4 9 174
349 5258355 390 9 5 6
350 5258355 390 1 0 29
351 5301942 392 4 4 427
352 5301942 392 3 9 3
353 5301942 392 0 5 3851
354 5301942 392 3 0 19
355 5457596 395 3 3 21
356 5457596 395 2 5 1065
357 5457596 395 9 9 2555
358 5457596 395 1 6 27
359 5457596 395 9 0 440
360 5457596 395 0 7 1
361 5468306 396 8 1 405
362 5538336 402 2 9 21
363 5538336 402 9 5 65
364 5538336 402 2 0 126
365 5548200 405 2 5 15
366 5685070 409 10 9 30
367 5685070 409 1 6 1
368 5685070 409 6 7 1
369 5685070 409 5 1 542
370 5685070 409 1 9 30
371 5685070 409 1 10 10
372 5685070 409 1 4 2
373 5685070 409 5 5 797
374 5685070 409 5 8 13
375 5685070 409 8 4 782
376 5685070 409 6 4 2
377 5685070 409 8 8 26
378 5689972 410 6 3 1
379 5742175 413 2 5 900
380 5742175 413 9 8 10548
381 5752827 418 6 5 259
382 5764067 420 6 10 64
383 5764067 420 7 10 64
384 5788040 422 8 7 4
385 5810416 424 7 10 493
386 5810416 424 7 9 6021
387 5810416 424 7 7 63
388 5818778 427 10 2 48
389 5997446 428 10 10 4
390 5997446 428 10 4 1
391 5997446 428 1 7 1
392 5997446 428 3 3 3
393 5997446 428 0 9 1
394 5997446 428 9 9 1
395 5997446 428 0 1 668
396 5997446 428 4 3 3
397 5997446 428 7 1 110959
398 5997446 428 4 6 1
399 5997446 428 1 9 1
400 5997446 428 3 4 28
401 5997446 428 6 8 7
402 5997446 428 10 5 822
403 5997446 428 2 6 1
404 5997446 428 6 5 822
405 6102316 430 2 2 18
406 6102316 430 0 8 2
407 6102316 430 0 1 1051
408 6110150 433 7 4 12730
409 6128084 435 2 6 24
410 6128084 435 0 6 24
411 6141678 440 4 10 4
412 6141678 440 0 3 120
413 6152560 443 6 1 15
414 6172589 448 6 1 2
415 6190689 455 5 0 30
416 6275163 457 7 3 1
417 6275163 457 1 10 5
418 6275163 457 2 1 1
419 6275163 457 0 5 64
420 6275163 457 6 0 25
421 6275163 457 4 4 1
422 6275163 457 7 1 3
423 6284014 458 3 6 11201
424 6314860 460 1 5 102
425 6314860 460 1 4 4695
426 6314860 460 1 0 38977
427 6395957 461 3 4 10
428 6395957 461 5 5 163
429 6395957 461 3 6 614
430 6395957 461 4 8 9
431 6395957 461 8 8 9
432 6395957 461 8 7 1
433 6396451 462 10 3 3197
434 6661224 466 6 6 16
435 6661224 466 7 5 1
436 6661224 466 8 2 150
437 6661224 466 9 4 217
438 6661224 466 0 2 50
439 6661224 466 4 2 50
440 6661224 466 0 10 6
441 6661224 466 8 9 4
442 6661224 466 0 9 20
443 6661224 466 6 0 7
444 6661224 466 3 10 2
445 6661224 466 2 10 2
446 6661224 466 9 10 12
447 6661224 466 5 3 3602
448 6661224 466 10 10 4
449 6661224 466 3 6 8
450 6724143 467 9 0 3875
451 6759738 471 4 10 7385
452 6777373 472 1 0 7
453 6848640 473 8 6 5
454 6848640 473 7 3 14
455 6848640 473 4 9 2
456 6848640 473 6 8 52
457 6848640 473 0 3 14
458 6848640 473 8 5 68
459 6848640 473 0 2 7
460 7069335 475 8 3 1
461 7069335 475 8 4 1
462 7069335 475 5 7 9
463 7069335 475 9 2 6
464 7069335 475 2 6 1
465 7069335 475 3 2 1
466 7069335 475 10 8 5
467 7069335 475 7 8 5
468 7069335 475 1 1 3
469 7069335 475 0 3 1
470 7093119 477 2 5 349
471 7093119 477 2 7 60
472 7109914 479 3 9 2
473 7109914 479 0 9 1
474 7117810 480 8 5 25
475 7152016 487 5 10 202
476 7152016 487 5 7 808
477 7152016 487 5 3 3411
478 7152924 488 10 4 7643
479 7179879 489 3 0 785
480 7179879 489 8 8 98
481 7179879 489 3 5 94
482 7179879 489 0 4 48
483 7179879 489 0 5 94
484 7403509 498 3 0 10
485 7403509 498 7 10 39
486 7403509 498 10 7 7
487 7403509 498 8 10 26
488 7403509 498 2 10 13
489 7403509 498 4 9 1
490 7403509 498 9 3 1
491 7403509 498 10 4 50
492 7403509 498 0 5 1579
493 7403509 498 5 6 1
494 7403509 498 7 2 9
495 7403509 498 4 6 1
496 7403509 498 6 0 10
497 7403509 498 8 9 1
498 7403509 498 1 4 50
499 7403509 498 10 0 21
500 7403509 498 9 8 514
501 7420667 499 7 6 4848
502 7421122 500 3 0 227
503 7437205 504 6 8 77
504 7556330 507 6 7 800
505 7556330 507 3 3 26
506 7556330 507 5 5 49
507 7556330 507 2 2 28
508 7556330 507 2 9 7
509 7556330 507 2 6 3
510 7556330 507 0 3 2
511 7556330 507 0 0 12
512 7556330 507 8 2 17
513 7556330 507 10 2 11
514 7560793 508 5 8 38
515 7603120 510 6 9 1
516 7603120 510 7 0 47
517 7727771 513 10 2 6
518 7727771 513 0 4 200
519 7727771 513 0 0 5
520 7727771 513 5 4 300
521 7727771 513 3 8 1009
522 7727771 513 9 9 40
523 7727771 513 8 10 2
524 7727771 513 9 7 5
525 7727771 513 9 0 1
526 7727771 513 10 9 20
527 7732080 515 10 1 15
528 7753398 516 6 3 1
529 7753398 516 8 3 12
530 7757531 519 5 10 44
531 7761258 521 1 4 152
532 7764279 523 8 2 3
533 7782257 529 4 9 374
534 7816710 538 0 8 23
535 7848126 542 1 1 3993
536 7851228 546 4 7 78
537 7868040 547 4 8 25
538 7872519 549 5 5 264
539 7888438 550 0 6 31
540 7888438 550 4 6 31
541 7917009 551 4 1 3
542 8143096 555 3 10 1
543 8143096 555 1 3 202
544 8143096 555 0 0 1
545 8143096 555 7 9 2
546 8143096 555 9 7 3
547 8143096 555 4 3 202
548 8143096 555 5 9 2
549 8143096 555 2 4 829
550 8143096 555 5 6 23
551 8143096 555 5 2 876
552 8143096 555 9 1 95
553 8143096 555 10 1 95
554 8143096 555 3 3 202
555 8143096 555 9 2 1752
556 8143096 555 2 6 94
557 8143096 555 1 5 1
558 8143096 555 0 8 7
559 8143096 555 6 9 35
560 8143096 555 5 0 1
561 8221801 556 10 3 92
562 8221801 556 0 0 1
563 8239850 557 3 9 238
564 8239850 557 3 5 64
565 8239850 557 3 8 1648
566 8262241 558 1 4 2269
567 8262241 558 1 0 204
568 8265297 559 1 0 608
569 8318854 563 10 10 127
570 8335120 565 1 9 136
571 8335120 565 1 6 430
572 8421380 569 10 7 1
573 8421380 569 7 6 1
574 8421380 569 6 10 12
575 8421380 569 7 0 26
576 8442509 575 10 8 15
577 8507001 576 6 7 65
578 8507001 576 6 1 1
579 8507001 576 10 1 1
580 8507001 576 6 9 146
581 8507001 576 1 9 73
582 8518410 578 3 0 66
583 8557531 582 4 8 66
584 8557531 582 4 9 88
585 8576866 583 6 8 46
586 8576866 583 6 0 11861
587 8596358 589 4 5 342
588 8611183 591 1 10 5
589 8611183 591 5 10 34
590 8612080 592 10 1 40
591 8638249 600 3 8 66
592 8698491 602 8 8 3636
593 8698491 602 8 10 2547
594 8726957 606 10 9 101
595 8733212 610 2 3 27
596 8942788 612 0 1 3
597 8942788 612 8 0 713
598 8942788 612 2 2 448
599 8942788 612 0 0 142
600 8942788 612 6 2 448
601 8942788 612 6 3 1
602 8942788 612 0 10 5
603 8942788 612 9 8 8
604 8942788 612 7 8 8
605 8942788 612 3 8 8
606 8942788 612 3 3 1
607 8942788 612 10 7 2539
608 8942788 612 4 7 2539
609 8942788 612 1 5 120
610 8942788 612 6 4 26
611 8958693 613 3 6 58
612 8958693 613 3 4 36562
613 9137408 616 4 8 1
614 9137408 616 5 4 3
615 9137408 616 2 9 5
616 9137408 616 2 1 1
617 9137408 616 6 4 1
618 9137408 616 4 0 12359
619 9137408 616 5 9 14
620 9137408 616 0 10 12823
621 9137408 616 6 9 11
622 9137408 616 1 4 1
623 9137408 616 4 9 2
624 9137408 616 10 9 2
625 9137408 616 6 2 1
626 9137408 616 6 0 494
627 9137408 616 2 2 1
628 9140816 617 4 2 116
629 9140816 617 3 9 85
630 9149543 618 7 8 12
631 9169632 623 5 1 96
632 9173319 624 3 5 14198
633 9173319 624 9 5 2839
634 9174850 625 7 0 104
635 9226412 630 10 6 226
636 9296127 634 7 3 109
637 9296127 634 7 9 19581
638 9307154 635 5 10 15796
639 9307154 635 5 9 102
640 9335163 643 1 4 19
641 9443374 644 5 8 908
642 9443374 644 3 7 648
643 9443374 644 10 3 10
644 9443374 644 10 1 6
645 9443374 644 6 5 15
646 9443374 644 2 8 1817
647 9443374 644 6 7 370
648 9443374 644 1 6 1
649 9479743 661 6 0 13
650 9480899 664 5 3 26
651 9497003 668 5 0 9853
652 9647553 671 6 5 270
653 9647553 671 3 9 8
654 9647553 671 7 5 30
655 9647553 671 8 2 6
656 9647553 671 0 0 2
657 9647553 671 4 6 8
658 9651021 672 10 5 10
659 9651021 672 8 2 85
660 9652879 673 9 1 956
661 9655347 674 4 2 83
662 9677604 675 2 9 21
663 9693142 678 7 6 409
664 9693142 678 6 4 18
665 9693142 678 7 4 9
666 9693142 678 6 6 409
667 9710606 681 7 5 12
668 9830207 683 3 4 638
669 9830207 683 0 8 5
670 9830207 683 1 1 50
671 9830207 683 0 7 3841
672 9830207 683 6 8 5
673 9830207 683 6 1 50
674 9830207 683 1 4 638
675 9830207 683 0 9 15
676 9830207 683 2 4 1277
677 9830207 683 6 5 1
678 9830207 683 2 9 30
679 9840806 687 5 8 7
680 9926866 690 8 1 1
681 9979325 692 2 1 48
682 9979325 692 6 5 222
683 9979325 692 2 0 75
684 9979325 692 7 6 43
685 9996274 693 8 3 1542
686 10232685 695 6 10 1
687 10232685 695 9 7 1
688 10232685 695 10 8 1
689 10232685 695 9 8 1
690 10232685 695 7 1 3
691 10232685 695 0 8 1
692 10232685 695 7 5 28
693 10232685 695 10 2 1587
694 10232685 695 1 1 3
695 10232685 695 4 10 1
696 10232685 695 0 1 3
697 10232685 695 7 8 1
698 10232685 695 8 0 21
699 10232685 695 3 3 4
700 10242326 697 2 2 466
701 10296256 698 2 8 8
702 10296256 698 5 6 48
703 10296256 698 10 3 1526
704 10296256 698 5 8 43
705 10296256 698 5 9 66
706 10297726 699 8 8 218
707 10371151 702 3 1 61
708 10371151 702 4 7 81
709 10371151 702 0 5 112
710 10371151 702 3 5 112
711 10371151 702 3 0 1187
712 10371151 702 3 3 1
713 10371151 702 0 3 1
714 10417913 703 2 6 38
715 10425707 706 2 4 2
716 10475720 713 0 6 9483
717 10484737 714 2 8 105
718 10491479 716 3 10 175
719 10580282 718 5 0 1
720 10580282 718 10 1 6
721 10580282 718 6 5 175
722 10580282 718 0 9 31
723 10622010 723 6 7 16
724 10622010 723 6 0 79
725 10622010 723 3 7 32
726 10622010 723 3 1 113
727 10622010 723 3 3 52
728 10622010 723 3 5 29
729 10622010 723 6 1 1
730 10622010 723 6 8 7
731 10637956 724 6 2 205
732 10639813 725 2 3 90
733 10658761 727 10 0 769
734 10658761 727 6 5 7
735 10722463 732 7 5 26
736 10722463 732 9 5 52
737 10722463 732 9 6 4
738 10723520 733 10 8 12
739 10776981 735 9 2 1
740 10776981 735 6 9 10
741 10776981 735 9 8 70
742 10776981 735 6 10 8
743 10780720 736 2 6 1770
744 10815278 739 10 0 372
745 10815278 739 10 4 84
746 10815278 739 10 9 6031
747 10940420 741 5 7 2
748 10940420 741 2 4 66
749 10940420 741 7 1 989
750 10940420 741 6 0 544
751 10940420 741 2 8 6
752 10940420 741 8 9 44
753 10964257 744 5 0 8
754 10964257 744 7 8 75
755 10964717 745 3 10 118
756 10990052 749 2 0 33
757 11100083 751 2 5 25
758 11100083 751 10 7 7
759 11100083 751 8 9 15
760 11100083 751 2 6 55
761 11100083 751 10 2 15409
762 11100083 751 9 7 3
763 11100083 751 8 6 55
764 11100083 751 0 2 119
765 11100083 751 7 3 970
766 11100083 751 1 6 167
767 11100083 751 4 4 54
768 11100083 751 5 3 727
769 11100083 751 7 2 477
770 11120057 752 1 9 1
771 11120057 752 7 9 1
772 11178896 757 7 0 7
773 11178896 757 5 5 578
774 11188147 760 5 0 1472
775 11200179 763 6 4 34
776 11201760 764 3 2 84
777 11267457 766 10 6 14
778 11267457 766 0 5 13
779 11267457 766 6 10 15
780 11267457 766 5 3 1
781 11267457 766 2 6 14
782 11267457 766 1 6 172
783 11267457 766 1 4 16
784 11315916 768 8 2 620
785 11315916 768 0 5 373
786 11315916 768 0 7 2
787 11315916 768 0 0 103
788 11315916 768 8 9 704
789 11317508 771 0 3 264
790 11319470 772 1 1 94
791 11362138 779 2 1 1518
792 11374543 780 2 1 117
793 11399206 788 10 8 200
794 11407269 791 7 1 1
795 11409088 794 4 6 74
796 11431391 798 4 0 65
797 11431391 798 4 7 28
798 11431391 798 4 9 293
799 11431527 800 8 7 69
800 11439095 802 5 0 43
801 11726435 822 1 7 276
802 11726435 822 10 3 3
803 11726435 822 3 6 4
804 11726435 822 10 6 8
805 11726435 822 4 6 8
806 11726435 822 0 5 26
807 11726435 822 5 9 3
808 11726435 822 4 2 9
809 11726435 822 7 5 52
810 11726435 822 5 3 1
811 11726435 822 8 3 13
812 11726435 822 9 4 1
813 11726435 822 6 8 1679
814 11726435 822 1 1 1
815 11726435 822 9 7 138
816 11726435 822 1 5 26
817 11898401 823 5 10 1
818 11898401 823 2 5 1797
819 11898401 823 8 0 26
820 11898401 823 3 2 6
821 11898401 823 2 10 1
822 11898401 823 2 4 3553
823 11898401 823 10 8 30
824 11898401 823 9 9 1
825 11898401 823 10 10 1
826 11952903 825 4 9 18
827 11952903 825 10 4 62
828 11952903 825 5 2 27
829 11952903 825 7 9 18
830 11952903 825 4 4 187
831 11983810 830 3 5 172
832 11983810 830 0 9 32
833 11983810 830 0 1 24
834 11983810 830 3 2 42
835 11983810 830 1 1 74
836 12023349 833 7 3 83
837 12023349 833 7 0 119
838 12048621 834 7 9 2
839 12107412 845 4 7 9
840 12107412 845 3 7 4
841 12122151 846 5 8 80
842 12123588 848 8 4 118
843 12125163 849 9 10 39
844 12162483 857 9 1 1575
845 12162483 857 9 2 15741
846 12181263 859 6 3 63
847 12181263 859 6 5 14093
848 12181263 859 6 7 207
849 12181359 860 9 6 11
850 12216921 863 6 10 99
851 12333499 864 9 5 15
852 12333499 864 5 7 1
853 12333499 864 6 6 17
854 12333499 864 1 1 4
855 12333822 865 4 2 165
856 12339937 867 7 3 60
857 12342879 868 10 6 201
858 12348851 870 0 3 6
859 12372368 872 6 10 5
860 12372368 872 2 6 11
861 12394659 874 2 3 32
862 12394659 874 2 8 183
863 12394659 874 2 0 171
864 12412239 879 1 5 24
865 12416067 880 1 7 27314
866 12426203 881 4 2 561
867 12521786 886 9 0 14
868 12521786 886 7 0 14
869 12521786 886 5 3 48
870 12521786 886 4 6 555
871 12521786 886 4 7 1
872 12521786 886 6 4 1
873 12521786 886 8 4 1
874 12521786 886 1 4 1
875 12521786 886 2 2 1476
876 12522864 887 6 4 158
877 12538681 888 10 5 109
878 12551303 892 10 7 320
879 12633297 894 3 9 35
880 12633297 894 0 5 1
881 12633297 894 4 8 1
882 12633297 894 7 7 1
883 12633297 894 4 3 12
884 12633297 894 5 7 1
885 12633297 894 2 1 4
886 12633297 894 3 2 11
887 12633297 894 5 3 6
888 12687981 896 9 10 16
889 12713987 899 6 1 58
890 12728827 901 7 2 30
891 12728827 901 6 2 30
892 12770836 905 10 8 95
893 12770836 905 1 8 95
894 12813735 907 4 5 207
895 12813735 907 2 2 1642
896 12813735 907 2 4 4
897 12832259 909 9 5 138
898 12871683 913 10 2 38
899 12880384 915 5 10 65
900 12912393 919 0 1 1
901 12969602 926 7 4 65
902 12969602 926 7 0 37
903 13187300 929 4 0 7
904 13187300 929 8 0 25
905 13187300 929 4 5 227
906 13187300 929 2 1 1
907 13187300 929 0 2 4
908 13187300 929 7 8 14
909 13187300 929 1 5 227
910 13187300 929 7 2 8
911 13187300 929 3 6 109
912 13187300 929 8 10 2
913 13187300 929 5 5 682
914 13187300 929 7 5 4774
915 13187300 929 8 7 6
916 13187300 929 0 10 1
917 13187300 929 6 8 4
918 13187300 929 0 6 54
919 13313947 930 8 6 13
920 13313947 930 5 7 10
921 13313947 930 6 0 4984
922 13313947 930 10 0 7476
923 13313947 930 10 3 15
924 13313947 930 7 3 15
925 13313947 930 5 8 309
926 13313947 930 0 1 28
927 13313947 930 10 9 71
928 13428321 931 5 9 4239
929 13428321 931 3 3 124
930 13428321 931 10 2 1607
931 13428321 931 1 9 2119
932 13428321 931 5 1 10
933 13428321 931 0 0 1056
934 13428321 931 2 6 8
935 13428321 931 4 5 349
936 13428321 931 0 8 4
937 13428321 931 8 10 225
938 13428321 931 2 0 11622
939 13428321 931 1 10 901
940 13504003 932 6 7 3
941 13504003 932 10 2 1805
942 13504003 932 10 8 6
943 13511736 934 3 7 45
944 13522163 937 4 6 76
945 13538193 939 2 8 14263
946 13550408 940 0 5 111
947 13550408 940 0 0 266
948 13753213 941 1 1 1248
949 13753213 941 9 6 8
950 13753213 941 3 1 384
951 13753213 941 0 1 96
952 13753213 941 8 0 5
953 13753213 941 7 5 55
954 13753213 941 6 2 5
955 13753213 941 6 0 5
956 13753213 941 8 1 96
957 13753213 941 5 10 18
958 13753213 941 5 9 2610
959 13753213 941 0 2 2
960 13753213 941 5 1 192
961 13753213 941 2 1 96
962 13753213 941 10 1 288
963 13753213 941 4 0 22
964 13753213 941 2 5 27
965 13753213 941 4 7 1
966 13781171 948 5 4 5
967 13781171 948 0 1 107
968 13872860 961 2 5 687
969 13872860 961 8 5 343
970 14023011 967 0 5 43
971 14023011 967 4 8 44
972 14023011 967 5 4 14
973 14023011 967 0 3 4
974 14023011 967 6 3 8
975 14023011 967 7 10 40
976 14023011 967 5 9 2
977 14023011 967 5 7 486
978 14023011 967 4 9 9
979 14023011 967 6 4 14
980 14023011 967 4 3 16
981 14023011 967 1 0 9
982 14023011 967 4 6 6161
983 14023011 967 1 4 29
984 14049582 971 10 8 30
985 14049582 971 1 8 30
986 14068013 972 10 0 323
987 14068013 972 10 1 225
988 14068013 972 10 3 94
989 14106529 973 2 1 4
990 14106529 973 0 7 14257
991 14115083 976 3 10 11971
992 14117712 977 2 2 5970
993 14131248 979 6 8 3805
994 14131248 979 4 7 105
995 14145709 986 1 0 968
996 14212729 994 1 0 3
997 14212729 994 9 1 1
998 14212729 994 0 1 28
999 14225534 997 6 3 22
