11 344 1000
0 20086 0 1 10 471
1 20086 0 9 3 1560
2 20086 0 9 1 6
3 20086 0 1 2 152
4 21382 2 0 10 1004
5 76661 3 9 10 1871
6 76661 3 9 2 11041
7 76661 3 5 2 11041
8 76661 3 9 9 20
9 90105 5 9 8 2075
10 140131 9 1 2 19
11 140131 9 1 1 4
12 140131 9 4 9 7
13 140131 9 1 9 7
14 140131 9 4 10 25
15 140131 9 1 0 14
16 140131 9 7 9 45
17 140131 9 4 4 2
18 140131 9 4 2 98
19 140131 9 1 4 2
20 140131 9 7 8 2
21 196720 13 10 1 1591
22 196720 13 1 4 340
23 196720 13 8 8 1
24 196720 13 5 10 495
25 196720 13 7 8 3
26 198319 15 3 6 109
27 257362 17 10 9 1317
28 257362 17 0 7 2
29 257362 17 9 9 658
30 257362 17 0 8 1
31 268524 18 1 0 61
32 268524 18 1 3 19564
33 302093 21 4 3 9711
34 302093 21 4 10 27
35 355568 29 2 7 377
36 365222 31 3 6 1
37 365222 31 5 7 2070
38 389332 37 0 9 2107
39 407844 39 10 5 6
40 407844 39 0 5 34
41 424333 41 10 9 75
42 424333 41 10 2 50
43 426389 42 8 0 5
44 434143 44 1 10 3951
45 434143 44 1 0 118
46 453236 50 7 10 526
47 453236 50 10 0 44
48 453236 50 9 0 44
49 453236 50 1 3 14
50 573461 51 10 7 5
51 573461 51 8 6 51
52 573461 51 5 3 15
53 573461 51 0 3 107
54 573461 51 5 0 10
55 573461 51 5 7 5
56 573461 51 8 10 1
57 573461 51 10 8 21
58 573461 51 10 1 30
59 573461 51 9 9 1
60 573461 51 10 9 1
61 587318 58 8 2 1566
62 647077 59 5 6 19
63 647077 59 8 10 27
64 647077 59 8 6 19
65 647077 59 1 3 5
66 647077 59 5 10 3
67 659624 62 8 5 5726
68 681309 66 0 10 2896
69 686889 69 5 1 15911
70 708226 70 3 7 1
71 726255 72 6 3 18
72 729122 74 10 7 17
73 802181 75 1 10 3
74 802181 75 7 8 1
75 802181 75 2 5 577
76 802181 75 3 8 1
77 802181 75 10 5 1270
78 922297 84 4 1 120
79 922297 84 3 2 308
80 922297 84 2 1 8
81 922297 84 3 5 4
82 922297 84 4 5 4
83 922297 84 7 10 95
84 923067 86 7 5 3487
85 947231 89 7 8 6309
86 947231 89 7 6 1461
87 958282 91 9 2 4953
88 958282 91 7 2 550
89 964999 93 7 7 13
90 964999 93 9 10 67
91 973763 94 1 5 756
92 993753 97 5 9 3687
93 1049429 99 9 10 3070
94 1049429 99 0 3 63
95 1049429 99 7 10 3070
96 1049429 99 9 0 203
97 1049429 99 7 6 5
98 1144860 102 8 2 967
99 1144860 102 8 10 21
100 1144860 102 5 6 1
101 1164025 105 1 5 326
102 1208293 108 3 6 15
103 1208293 108 4 5 90
104 1208293 108 6 6 7
105 1208293 108 5 4 34
106 1214119 110 3 3 4665
107 1214119 110 3 2 330
108 1231699 116 2 2 161
109 1231699 116 2 0 61
110 1231699 116 2 7 208
111 1243565 117 0 4 101
112 1243565 117 0 2 132816
113 1257564 118 2 2 2
114 1257740 119 5 8 2988
115 1269558 124 2 3 7
116 1297852 127 0 6 358
117 1313353 132 0 1 6
118 1322609 134 0 9 76
119 1323228 135 1 8 667
120 1346658 136 1 1 31
121 1346658 136 8 10 32
122 1423494 137 4 1 25
123 1423494 137 10 10 222
124 1423494 137 6 3 9
125 1423494 137 6 0 4
126 1423494 137 3 9 2136
127 1423494 137 5 1 12
128 1423494 137 2 3 9
129 1423494 137 2 2 63
130 1424753 138 9 5 109
131 1431258 140 7 4 142
132 1449155 144 0 4 125
133 1468389 147 9 6 19051
134 1473373 149 7 7 229
135 1484589 150 2 0 219
136 1484589 150 2 9 28
137 1484589 150 2 4 17932
138 1484589 150 2 2 69
139 1487769 152 4 1 1312
140 1496481 153 8 9 37
141 1572126 154 6 9 23
142 1572126 154 1 7 642
143 1572126 154 6 4 10
144 1572126 154 5 8 21
145 1572126 154 9 2 6235
146 1572126 154 0 8 196
147 1572126 154 5 7 642
148 1572126 154 8 0 6
149 1572126 154 9 8 21
150 1572126 154 1 4 10
151 1572126 154 3 8 261
152 1670487 160 9 6 2
153 1670487 160 0 3 5
154 1670487 160 6 9 4
155 1670487 160 5 1 1
156 1670487 160 6 3 2
157 1670487 160 8 1 17
158 1670487 160 8 6 5
159 1670487 160 10 7 293
160 1673838 161 0 8 17
161 1703895 162 3 4 15
162 1703895 162 5 7 225
163 1703895 162 6 10 5
164 1719626 165 10 4 73
165 1719626 165 0 5 110
166 1720535 166 7 4 13
167 1738440 170 3 3 61
168 1762903 174 1 7 14
169 1762903 174 5 4 18
170 1762903 174 9 7 14
171 1762903 174 5 2 9
172 1795930 177 0 0 89
173 1795930 177 3 6 172
174 1795930 177 0 10 393
175 1795930 177 3 4 23
176 1800319 179 8 7 57
177 1818973 187 7 2 8
178 1840517 192 3 1 640
179 1916304 198 9 4 4
180 1916304 198 9 0 5
181 1916304 198 0 2 2
182 1916304 198 10 10 7
183 1916304 198 6 0 5
184 1916304 198 2 4 2
185 1918366 201 5 5 64
186 1924485 202 3 3 146
187 1924485 202 3 6 222
188 1945201 203 7 5 4342
189 1945201 203 7 6 48
190 1945201 203 7 1 21
191 1945201 203 8 8 45
192 1984590 210 0 3 1
193 1984590 210 4 3 1
194 2013798 223 2 2 68
195 2017928 225 6 8 316
196 2099189 230 8 9 29
197 2099189 230 8 10 2
198 2099189 230 0 5 11
199 2099189 230 0 6 6
200 2099189 230 3 0 48
201 2099189 230 8 7 2487
202 2102531 231 7 6 2
203 2105851 232 10 5 1
204 2180650 233 8 10 9
205 2180650 233 7 4 1153
206 2180650 233 3 1 141
207 2180650 233 3 7 1
208 2180650 233 6 10 47
209 2180650 233 1 3 4
210 2180650 233 6 0 44
211 2180650 233 10 3 12
212 2192093 236 5 6 55
213 2217168 237 4 4 4
214 2217168 237 4 5 53
215 2217168 237 4 6 47
216 2217168 237 4 1 55
217 2230980 239 8 1 9
218 2314813 241 9 10 1014
219 2314813 241 1 6 48
220 2314813 241 7 3 1
221 2314813 241 7 7 6
222 2314813 241 1 8 1
223 2314813 241 3 8 1
224 2314813 241 9 2 5857
225 2314813 241 6 3 1
226 2314813 241 4 3 1
227 2314813 241 1 4 14
228 2314813 241 6 7 6
229 2319680 244 4 1 1
230 2319680 244 10 9 11740
231 2323296 245 0 8 20
232 2324255 247 9 7 2966
233 2337536 257 6 9 7792
234 2378464 259 7 8 2025
235 2378464 259 6 1 1783
236 2378464 259 8 8 8101
237 2471022 262 9 8 7
238 2471022 262 2 0 9
239 2471022 262 0 0 19
240 2471022 262 3 2 6
241 2471022 262 0 1 30
242 2471022 262 9 10 6
243 2471022 262 3 1 30
244 2471022 262 9 5 7
245 2471022 262 4 6 17
246 2471022 262 2 6 8
247 2471022 262 4 8 7
248 2471022 262 3 6 51
249 2471022 262 3 9 15
250 2490374 267 8 9 312
251 2502540 269 4 3 93
252 2515653 274 8 9 85
253 2518466 278 7 6 166
254 2534155 282 8 10 44
255 2547392 285 4 3 17
256 2547392 285 4 7 350
257 2693361 287 3 10 15
258 2693361 287 1 3 5
259 2693361 287 2 1 3
260 2693361 287 8 0 13
261 2693361 287 0 10 7
262 2693361 287 2 10 30
263 2693361 287 5 1 6
264 2693361 287 0 0 3
265 2693361 287 5 9 1
266 2693361 287 9 8 5
267 2693361 287 1 1 3
268 2693361 287 3 4 1
269 2693361 287 10 4 1
270 2693361 287 6 2 3
271 2693361 287 3 5 2
272 2693361 287 10 0 1
273 2693361 287 1 4 10
274 2693361 287 10 3 5
275 2693361 287 0 3 11
276 2747779 291 8 2 34357
277 2747779 291 5 3 9080
278 2747779 291 5 0 3
279 2747779 291 0 0 33
280 2747779 291 9 3 211
281 2747779 291 7 7 333
282 2797661 292 6 9 1235
283 2797661 292 3 10 3
284 2797661 292 9 8 218
285 2797661 292 1 8 1090
286 2797661 292 9 0 6
287 2809935 297 1 10 64
288 2832031 298 9 0 21
289 2832031 298 9 2 37
290 2832031 298 1 8 2839
291 2832031 298 1 0 21
292 2837775 301 2 5 59
293 2894229 303 1 0 1
294 2894229 303 8 10 14
295 2894229 303 9 6 1193
296 2928569 304 3 2 24
297 2938378 307 4 4 476
298 2949831 308 6 10 9873
299 2949831 308 6 5 6089
300 2955500 310 0 1 221
301 2955500 310 10 7 73
302 2966865 314 9 1 54
303 3047270 317 2 3 54
304 3047270 317 4 9 5
305 3047270 317 7 0 4
306 3047270 317 0 5 1929
307 3047270 317 0 1 14
308 3047270 317 10 4 10
309 3047270 317 8 7 2009
310 3047270 317 8 10 110
311 3047270 317 5 10 55
312 3047270 317 7 1 42
313 3053908 320 5 0 8093
314 3075483 324 1 5 7
315 3075483 324 9 9 47
316 3119517 328 6 9 2
317 3132290 330 0 4 194
318 3153996 337 4 0 12758
319 3153996 337 4 2 67
320 3177098 339 7 3 430
321 3177098 339 0 3 215
322 3177098 339 4 10 8843
323 3177098 339 9 3 1290
324 3212124 340 0 4 1
325 3212124 340 8 3 126
326 3218108 342 7 4 33
327 3227544 345 7 3 13
328 3230889 346 0 5 489
329 3237067 349 8 6 1136
330 3241059 350 9 6 38
331 3243201 351 8 1 221
332 3254822 353 0 4 219
333 3254822 353 0 5 7115
334 3254822 353 0 7 193
335 3271208 360 9 5 19696
336 3283165 362 5 2 1
337 3289495 365 2 3 670
338 3351144 370 4 2 1
339 3351144 370 10 5 1
340 3351144 370 2 10 11
341 3351144 370 0 10 11
342 3351144 370 10 2 9
343 3351144 370 6 9 23
344 3351144 370 5 9 23
345 3351144 370 5 10 11
346 3351144 370 1 10 35
347 3356835 373 6 3 66
348 3358648 376 9 10 108
349 3385017 380 10 3 238
350 3385017 380 10 10 14
351 3400830 387 5 9 1
352 3424062 388 7 4 84
353 3424062 388 7 6 202
354 3424062 388 7 0 709
355 3424062 388 0 2 35
356 3505570 390 0 9 349
357 3505570 390 1 3 298
358 3505570 390 6 8 767
359 3506348 391 5 3 356
360 3534628 392 3 0 19
361 3638397 395 8 10 31
362 3638397 395 3 3 21
363 3638397 395 2 5 1065
364 3638397 395 5 7 3
365 3638397 395 6 2 1
366 3638397 395 2 10 10
367 3638397 395 9 5 532
368 3692224 402 9 0 2920
369 3692224 402 2 2 7
370 3692224 402 2 9 21
371 3692224 402 2 3 65
372 3705404 406 7 10 612
373 3790047 409 1 10 10
374 3790047 409 10 2 3
375 3790047 409 8 7 1
376 3790047 409 6 2 3
377 3790047 409 5 8 13
378 3790047 409 8 5 797
379 3790047 409 5 1 542
380 3790047 409 1 1 1084
381 3828116 413 9 0 144
382 3828116 413 9 6 10095
383 3828116 413 9 10 29
384 3836149 419 10 1 7
385 3842711 420 7 8 9
386 3858693 422 7 2 569
387 3858693 422 1 7 4
388 3858693 422 3 2 3415
389 3873611 424 7 5 282
390 3998297 428 9 7 1
391 3998297 428 4 6 1
392 3998297 428 8 7 1
393 3998297 428 5 1 6684
394 3998297 428 7 1 110959
395 3998297 428 8 8 2
396 3998297 428 3 0 1
397 3998297 428 10 8 2
398 3998297 428 1 10 12
399 3998297 428 5 4 1
400 3998297 428 6 0 2
401 3998297 428 9 10 4
402 3998297 428 3 8 2
403 3998297 428 3 2 2
404 3998297 428 7 4 1
405 3998297 428 2 4 1
406 3998297 428 7 3 3
407 4068211 430 10 0 9
408 4068211 430 3 1 3154
409 4068211 430 7 6 381
410 4068211 430 0 10 2
411 4068211 430 0 3 2
412 4068211 430 3 4 7
413 4068211 430 10 2 18
414 4068211 430 3 6 190
415 4073433 433 7 4 12730
416 4076737 434 3 2 37
417 4076737 434 9 2 74
418 4088343 437 8 1 4733
419 4089681 439 6 7 114
420 4101706 443 6 3 83
421 4101706 443 6 0 121
422 4121976 452 1 10 36
423 4127126 455 5 0 30
424 4183442 457 8 10 5
425 4183442 457 1 6 12
426 4183442 457 1 0 25
427 4183442 457 5 1 53
428 4183442 457 5 9 13
429 4183442 457 7 1 3
430 4183442 457 4 10 25
431 4183442 457 8 7 1
432 4189343 458 2 4 1978
433 4209906 460 1 1 356
434 4263971 461 8 5 283
435 4263971 461 2 9 3
436 4263971 461 6 1 34
437 4263971 461 7 8 9
438 4263971 461 1 0 1
439 4263971 461 1 8 9
440 4263971 461 4 0 1
441 4263971 461 10 4 5
442 4263971 461 5 1 22
443 4263971 461 0 8 9
444 4263971 461 2 8 9
445 4271391 465 3 0 20
446 4440816 466 3 4 2174
447 4440816 466 6 4 217
448 4440816 466 0 1 14
449 4440816 466 0 3 1801
450 4440816 466 4 8 1
451 4440816 466 9 0 7
452 4440816 466 6 2 100
453 4440816 466 1 0 7
454 4440816 466 1 8 1
455 4440816 466 8 5 1
456 4440816 466 10 3 1801
457 4440816 466 1 6 4
458 4440816 466 9 3 1801
459 4440816 466 4 7 1
460 4440816 466 2 8 1
461 4440816 466 7 2 50
462 4440816 466 6 1 2
463 4482762 467 4 3 45
464 4482762 467 1 8 7
465 4482762 467 0 6 6
466 4482762 467 0 1 1
467 4494276 468 7 3 165
468 4506492 471 7 10 923
469 4518248 472 3 0 7
470 4565760 473 9 8 52
471 4565760 473 3 6 5
472 4565760 473 9 2 7
473 4565760 473 2 7 26
474 4565760 473 10 10 1
475 4565760 473 3 8 52
476 4565760 473 1 10 3
477 4565760 473 5 9 2
478 4712890 475 3 1 3
479 4712890 475 6 4 1
480 4712890 475 0 4 2
481 4712890 475 6 3 1
482 4712890 475 5 0 8
483 4712890 475 3 7 4
484 4712890 475 6 7 85
485 4712890 475 1 0 6
486 4712890 475 7 5 2
487 4712890 475 1 1 3
488 4712890 475 0 7 4
489 4714399 476 6 10 30
490 4728746 477 2 10 99647
491 4728746 477 2 0 196
492 4728791 478 8 2 76
493 4739942 479 8 9 1
494 4750107 483 10 10 8
495 4751024 485 2 0 117
496 4786586 489 2 4 48
497 4786586 489 0 4 48
498 4935673 498 0 10 13
499 4935673 498 7 5 8250
500 4935673 498 4 1 17
501 4935673 498 10 5 175
502 4935673 498 8 3 1
503 4935673 498 10 3 4
504 4935673 498 8 9 1
505 4935673 498 6 8 514
506 4935673 498 3 4 50
507 4935673 498 9 2 4
508 4935673 498 6 10 13
509 4935673 498 4 7 7
510 4935673 498 3 0 10
511 4935673 498 0 5 1579
512 4935673 498 9 8 514
513 4935673 498 5 10 13
514 4935673 498 10 8 514
515 4935673 498 9 7 44
516 4935673 498 0 7 7
517 4947111 499 7 8 324
518 4947111 499 7 0 5705
519 4947111 499 7 5 7680
520 4953331 503 1 1 6017
521 5037553 507 1 8 52
522 5037553 507 5 2 40
523 5037553 507 3 0 15
524 5037553 507 7 9 43
525 5037553 507 4 3 2
526 5037553 507 10 7 72
527 5037553 507 4 2 120
528 5037553 507 2 5 199
529 5037553 507 9 1 1
530 5037553 507 9 3 14
531 5068746 510 7 6 71
532 5068746 510 6 2 40
533 5068746 510 7 2 20
534 5069430 511 8 2 14390
535 5151847 513 2 9 20
536 5151847 513 1 4 300
537 5151847 513 1 6 240
538 5151847 513 3 6 80
539 5151847 513 4 8 1009
540 5151847 513 0 0 5
541 5151847 513 10 5 345
542 5151847 513 5 1 21
543 5151847 513 6 1 5
544 5168932 516 9 3 1
545 5168932 516 1 3 1
546 5168932 516 3 3 1
547 5176186 523 8 2 3
548 5186600 527 5 0 238
549 5188171 529 4 9 374
550 5213235 539 9 1 15
551 5232084 542 1 0 34
552 5232084 542 1 10 78241
553 5232309 543 7 4 113
554 5245360 547 4 7 18
555 5278006 551 10 6 30
556 5278006 551 3 6 60
557 5278006 551 2 9 4879
558 5428730 555 10 7 7
559 5428730 555 5 9 2
560 5428730 555 1 10 1
561 5428730 555 3 1 95
562 5428730 555 8 4 829
563 5428730 555 3 10 1
564 5428730 555 9 8 7
565 5428730 555 2 4 829
566 5428730 555 7 5 11
567 5428730 555 8 10 1
568 5428730 555 5 10 1
569 5428730 555 0 1 95
570 5428730 555 10 2 876
571 5428730 555 4 4 829
572 5428730 555 2 2 2628
573 5428730 555 4 6 47
574 5428730 555 3 7 3
575 5481200 556 8 1 1
576 5481200 556 0 5 3164
577 5493233 557 3 8 1648
578 5508161 558 1 7 123
579 5510198 559 1 0 608
580 5531998 562 10 8 7631
581 5531998 562 10 0 17
582 5545902 563 10 4 100
583 5545902 563 10 3 653
584 5556747 565 1 5 19648
585 5614253 569 4 6 1
586 5614253 569 1 8 8
587 5614253 569 10 10 49
588 5614253 569 4 5 1
589 5614253 569 9 10 6
590 5614253 569 9 0 26
591 5671334 576 1 4 37
592 5671334 576 1 2 102
593 5705021 582 4 1 20340
594 5705021 582 4 6 282
595 5717911 583 6 10 61
596 5717911 583 6 8 46
597 5717911 583 6 7 1421
598 5721927 587 5 1 31
599 5730688 588 4 0 70
600 5730688 588 4 6 76
601 5740789 591 3 10 5
602 5740789 591 7 1 1
603 5740789 591 5 10 34
604 5749359 595 0 9 1
605 5798994 602 6 5 30
606 5798994 602 6 9 19
607 5817971 606 10 2 49
608 5835732 611 8 8 990
609 5835732 611 2 4 117
610 5835732 611 3 4 39
611 5961858 612 0 9 1
612 5961858 612 9 0 1427
613 5961858 612 1 5 120
614 5961858 612 0 6 1
615 5961858 612 10 2 448
616 5961858 612 5 5 360
617 5961858 612 10 7 2539
618 5961858 612 1 8 17
619 5961858 612 6 8 17
620 5961858 612 6 7 2539
621 5961858 612 2 1 16
622 5961858 612 9 4 26
623 5961858 612 5 1 6
624 5961858 612 8 9 1
625 5961858 612 10 3 19
626 5961858 612 10 4 133
627 5961858 612 5 6 1
628 5961858 612 7 3 1
629 5961858 612 2 10 5
630 5961858 612 4 6 1
631 5961858 612 6 6 1
632 5961858 612 2 2 448
633 5961858 612 2 7 2539
634 5961858 612 0 0 142
635 5961858 612 8 0 713
636 5961858 612 10 10 15
637 5961858 612 5 8 8
638 5972462 613 3 4 36562
639 5972462 613 3 0 119
640 5972462 613 3 10 14831
641 6091605 616 10 2 2
642 6091605 616 3 2 3
643 6091605 616 5 3 20
644 6091605 616 9 9 8
645 6091605 616 4 4 78
646 6091605 616 10 4 1
647 6091605 616 1 9 5
648 6091605 616 0 8 1
649 6091605 616 5 7 200
650 6091605 616 6 2 1
651 6091605 616 5 5 8595
652 6091605 616 6 1 2
653 6091605 616 7 9 2
654 6115546 624 0 5 2839
655 6132286 626 2 4 100
656 6132286 626 2 10 96
657 6135586 627 1 7 2270
658 6149171 628 1 2 47
659 6149171 628 1 10 95
660 6149171 628 1 0 118
661 6191743 633 5 0 4797
662 6197418 634 7 2 95
663 6197418 634 7 7 20
664 6212377 637 0 10 8
665 6220427 638 4 6 40
666 6220427 638 2 7 203
667 6223442 643 1 4 19
668 6295582 644 7 3 21
669 6295582 644 6 5 15
670 6295582 644 8 7 92
671 6295582 644 9 2 101
672 6295582 644 10 1 6
673 6295582 644 8 10 22
674 6295582 644 3 7 648
675 6295582 644 0 7 92
676 6300607 647 1 3 1338
677 6308115 657 7 3 56
678 6319828 661 7 0 13
679 6319828 661 6 0 13
680 6331335 668 5 7 18
681 6332344 670 5 9 92
682 6431702 671 8 9 8
683 6431702 671 3 1 4531
684 6431702 671 8 0 7
685 6431702 671 5 4 1342
686 6431702 671 2 0 3
687 6431702 671 0 0 2
688 6431702 671 3 9 8
689 6431702 671 0 8 5
690 6431702 671 9 2 6
691 6431702 671 7 2 19
692 6431702 671 9 8 34
693 6431702 671 5 1 715
694 6436898 674 4 2 83
695 6451736 675 2 7 2702
696 6473737 681 5 4 1319
697 6473737 681 8 4 1319
698 6473737 681 7 5 12
699 6553471 683 4 3 29
700 6553471 683 10 5 1
701 6553471 683 8 6 10
702 6553471 683 4 4 3833
703 6553471 683 0 2 3054
704 6553471 683 10 9 30
705 6553471 683 9 1 25
706 6560537 687 2 7 41
707 6617910 690 8 4 1727
708 6617910 690 0 8 150
709 6617910 690 4 5 4
710 6619652 691 2 2 49
711 6652883 692 10 4 19
712 6664182 693 8 9 102
713 6821790 695 8 3 26
714 6821790 695 5 6 1
715 6821790 695 6 1 3
716 6821790 695 0 6 38
717 6821790 695 4 9 429
718 6821790 695 10 8 1
719 6821790 695 0 9 2791
720 6821790 695 4 0 21
721 6821790 695 5 2 793
722 6821790 695 9 0 64
723 6821790 695 0 2 793
724 6821790 695 5 8 1
725 6821790 695 1 2 1587
726 6821790 695 1 5 7
727 6821790 695 2 4 1
728 6821790 695 9 3 4
729 6821790 695 9 10 1
730 6821790 695 3 10 1
731 6828217 697 4 6 1569
732 6828217 697 1 6 1569
733 6828217 697 2 2 466
734 6864170 698 2 7 2
735 6864170 698 5 4 89
736 6864170 698 2 2 153
737 6883211 701 2 9 1
738 6883211 701 6 9 1
739 6914100 702 3 5 112
740 6914100 702 0 0 2375
741 6914100 702 0 5 112
742 6914100 702 0 1 25
743 6914100 702 4 1 5
744 6914100 702 0 8 88
745 6914100 702 4 3 13
746 6914100 702 3 7 81
747 6914100 702 0 2 28
748 6945275 703 2 7 1370
749 6945275 703 2 5 40
750 6950471 706 2 4 2
751 6950471 706 5 7 40
752 6971565 710 3 10 1
753 6971565 710 3 4 1221
754 6983123 712 4 4 99
755 6989825 714 2 8 105
756 6995639 717 9 7 35
757 7053521 718 2 10 21
758 7053521 718 1 9 31
759 7053521 718 2 4 27
760 7053521 718 8 10 2
761 7053521 718 6 3 15
762 7053521 718 2 7 23
763 7053521 718 6 10 2
764 7081340 723 6 3 13
765 7081340 723 3 3 52
766 7081340 723 3 10 11
767 7081340 723 6 0 79
768 7091971 724 6 10 39
769 7091971 724 6 4 24
770 7105841 727 8 0 769
771 7107287 728 3 9 53
772 7148308 732 7 0 1
773 7148308 732 9 0 2
774 7184654 735 6 9 10
775 7184654 735 6 2 5
776 7184654 735 6 7 1348
777 7210185 739 10 1 78
778 7210185 739 10 3 809
779 7212431 740 2 2 25990
780 7293613 741 9 5 11
781 7293613 741 8 9 44
782 7293613 741 10 7 2
783 7293613 741 3 2 9
784 7296130 743 2 8 31
785 7309504 744 6 3 1
786 7309504 744 8 8 75
787 7326701 749 4 7 20
788 7326701 749 2 7 20
789 7400055 751 6 9 15
790 7400055 751 4 5 355
791 7400055 751 3 8 1
792 7400055 751 2 8 1
793 7400055 751 5 5 12
794 7400055 751 2 9 31
795 7400055 751 7 4 13
796 7400055 751 8 1 30
797 7400055 751 1 2 119
798 7400055 751 7 3 970
799 7413371 752 1 9 1
800 7413371 752 8 9 5
801 7432208 755 9 1 352
802 7432208 755 9 0 195
803 7432208 755 9 4 137
804 7432208 755 9 3 269
805 7457794 759 9 3 11
806 7464057 761 8 5 91
807 7467840 764 3 2 84
808 7511638 766 1 5 13
809 7511638 766 10 6 14
810 7543944 768 8 7 6
811 7543944 768 0 2 36
812 7543944 768 0 3 102
813 7543944 768 8 8 1321
814 7554519 773 6 10 17
815 7573480 778 4 9 7
816 7573480 778 10 1 279
817 7583029 780 1 5 14
818 7608330 796 0 10 90
819 7620927 798 4 7 28
820 7620927 798 4 3 11778
821 7620927 798 4 0 65
822 7621018 800 8 7 69
823 7626063 802 4 0 8
824 7637624 804 4 10 98
825 7637624 804 4 0 117
826 7647010 807 3 10 55
827 7648280 809 0 8 54
828 7661154 815 6 10 1677
829 7817623 822 7 5 52
830 7817623 822 6 6 4
831 7817623 822 4 4 28
832 7817623 822 1 5 26
833 7817623 822 9 7 138
834 7817623 822 10 7 138
835 7817623 822 10 3 3
836 7817623 822 10 1 1
837 7817623 822 6 2 3
838 7817623 822 6 1 1
839 7817623 822 9 6 4
840 7817623 822 8 0 1
841 7817623 822 8 9 9
842 7817623 822 0 5 26
843 7932267 823 3 7 3756
844 7932267 823 8 6 282
845 7932267 823 2 5 1797
846 7932267 823 5 1 969
847 7932267 823 2 3 1
848 7932267 823 3 9 1
849 7932267 823 10 7 751
850 7935171 824 6 10 142
851 7968602 825 1 2 27
852 7972910 827 0 9 116
853 7989207 830 3 9 16
854 8032414 834 7 9 2
855 8042315 840 10 1 81
856 8059203 842 1 5 143
857 8066126 844 2 9 283
858 8071608 845 10 7 4
859 8084067 850 5 2 5
860 8108322 857 9 1 1575
861 8120842 859 6 6 60
862 8120842 859 6 10 7
863 8120842 859 6 5 14093
864 8133169 861 3 9 59
865 8222332 864 8 1 4
866 8222332 864 10 5 15
867 8222332 864 2 0 1809
868 8222332 864 5 8 113
869 8222332 864 7 2 954
870 8222332 864 0 0 7236
871 8222332 864 10 1 14
872 8232567 870 3 3 6
873 8248245 872 1 6 11
874 8263106 874 2 0 171
875 8273624 877 10 6 24
876 8285383 884 0 6 33
877 8347857 886 4 1 5
878 8347857 886 5 9 751
879 8347857 886 0 2 82
880 8347857 886 9 9 1503
881 8347857 886 10 1 11
882 8347857 886 10 7 1
883 8347857 886 6 5 25
884 8359121 888 10 2 136
885 8359121 888 10 10 10210
886 8362386 889 6 2 173
887 8422198 894 9 1 4
888 8422198 894 2 5 30
889 8422198 894 5 3 6
890 8422198 894 6 9 71
891 8458654 896 1 0 15751
892 8475991 899 6 7 61
893 8504653 903 1 4 337
894 8542490 907 2 10 6
895 8542490 907 2 5 23
896 8542490 907 2 1 116
897 8542490 907 4 0 36
898 8554839 909 9 7 11407
899 8567282 911 7 0 2047
900 8596701 918 0 1 124
901 8608262 919 3 1 1
902 8611220 920 2 8 655
903 8611220 920 6 10 8
904 8628574 924 1 6 1
905 8628574 924 6 6 3
906 8646401 926 7 2 58
907 8646401 926 7 6 104
908 8791533 929 6 0 655
909 8791533 929 5 5 682
910 8791533 929 6 8 4
911 8791533 929 8 2 21
912 8791533 929 8 6 272
913 8791533 929 9 0 5
914 8791533 929 2 3 13
915 8791533 929 0 6 54
916 8791533 929 2 1 1
917 8791533 929 3 4 878
918 8791533 929 5 7 18
919 8791533 929 5 10 1
920 8791533 929 7 6 54
921 8791533 929 2 7 2
922 8791533 929 9 6 381
923 8875965 930 8 0 69778
924 8875965 930 3 5 22
925 8875965 930 1 2 43
926 8875965 930 6 2 7
927 8875965 930 3 2 29
928 8952214 931 6 3 24
929 8952214 931 7 2 1607
930 8952214 931 7 10 225
931 8952214 931 2 4 909
932 8952214 931 8 6 8
933 8952214 931 4 0 3169
934 9002668 932 3 9 4
935 9002668 932 2 2 2708
936 9002668 932 7 1 6232
937 9002668 932 0 6 9
938 9002668 932 5 8 6
939 9002668 932 8 8 6
940 9011323 935 3 1 1573
941 9016282 938 9 5 48
942 9168808 941 9 2 8
943 9168808 941 9 9 2610
944 9168808 941 7 1 96
945 9168808 941 1 8 1
946 9168808 941 4 1 192
947 9168808 941 1 1 1248
948 9168808 941 7 7 2
949 9168808 941 4 9 3916
950 9168808 941 7 4 3
951 9168808 941 10 7 2
952 9168808 941 1 3 1
953 9168808 941 2 10 18
954 9168808 941 8 4 11
955 9168808 941 2 2 5
956 9168808 941 9 4 1
957 9168808 941 2 1 96
958 9168808 941 5 2 2
959 9168808 941 4 10 18
960 9168808 941 5 6 2
961 9169278 942 10 5 700
962 9170814 943 2 8 4884
963 9174409 946 8 9 37
964 9187447 948 0 1 107
965 9203621 950 0 8 29
966 9203621 950 2 8 14
967 9203621 950 3 8 7
968 9203621 950 7 8 44
969 9234568 959 10 8 1670
970 9234568 959 10 1 1320
971 9235484 960 7 1 1039
972 9248573 961 9 5 1719
973 9248573 961 4 5 343
974 9254444 966 4 5 3957
975 9348674 967 4 3 16
976 9348674 967 4 10 13
977 9348674 967 0 5 43
978 9348674 967 7 0 29
979 9348674 967 6 7 243
980 9348674 967 7 7 243
981 9348674 967 0 1 369
982 9348674 967 7 9 4
983 9348674 967 4 2 15
984 9348674 967 5 9 2
985 9366388 971 9 8 90
986 9378675 972 10 6 244
987 9408298 975 6 8 1
988 9411808 977 2 2 5970
989 9420832 979 4 8 1268
990 9435479 987 9 9 42
991 9454242 993 4 4 210
992 9454242 993 4 8 12709
993 9454242 993 4 6 32
994 9475153 994 0 1 28
995 9475153 994 1 0 3
996 9475153 994 4 5 64
997 9478968 995 0 10 199
998 9483689 997 6 3 22
999 9496587 999 8 2 26
