11 362 1000
0 60259 0 9 0 1
1 60259 0 1 6 24
2 60259 0 9 8 56
3 229985 3 9 6 284
4 229985 3 5 6 284
5 229985 3 9 8 18952
6 229985 3 9 7 63
7 266207 4 5 8 14
8 266207 4 2 0 15
9 266207 4 8 0 205
10 304356 8 10 0 624
11 420395 9 4 6 70
12 420395 9 4 10 25
13 446073 10 2 1 870
14 456375 12 6 2 40
15 590162 13 8 10 297
16 590162 13 5 4 340
17 590162 13 10 4 340
18 590162 13 1 1 265
19 590162 13 7 9 48707
20 590162 13 3 9 2319
21 610215 16 4 4 11
22 772087 17 10 9 1317
23 772087 17 9 7 5
24 772087 17 9 3 46
25 772087 17 6 9 1976
26 772087 17 0 10 1
27 805574 18 1 3 19564
28 906279 21 4 6 290
29 906279 21 3 3 9711
30 906279 21 3 2 1009
31 906279 21 4 4 22
32 925236 24 7 4 6073
33 978614 27 1 0 130
34 980413 28 0 8 53
35 1066704 29 10 3 99
36 1066704 29 10 0 33
37 1095667 31 3 6 1
38 1114537 36 3 4 53
39 1167997 37 6 10 4
40 1205327 38 10 1 381
41 1205327 38 2 1 190
42 1223533 39 3 5 6
43 1272999 41 10 2 50
44 1279332 43 5 8 154
45 1302430 44 1 4 29
46 1302430 44 1 1 36
47 1302430 44 1 2 89
48 1302430 44 1 9 19650
49 1308109 45 1 6 1063
50 1359708 50 9 10 5268
51 1359708 50 9 0 44
52 1359708 50 7 8 1
53 1720383 51 0 4 15
54 1720383 51 3 2 5
55 1720383 51 2 0 10
56 1720383 51 9 9 1
57 1720383 51 5 7 5
58 1720383 51 10 4 15
59 1720383 51 9 2 5
60 1720383 51 0 6 1
61 1720383 51 8 9 1
62 1720383 51 3 3 15
63 1720383 51 5 4 15
64 1941231 59 2 3 5
65 1941231 59 5 5 28
66 1941231 59 8 9 18
67 1941231 59 8 1 22
68 1941231 59 2 4 8
69 1941231 59 2 7 6
70 1978872 62 8 5 5726
71 2059605 68 8 4 1
72 2059605 68 5 4 1
73 2124678 70 10 6 45
74 2178766 72 6 8 12198
75 2178766 72 6 3 18
76 2406543 75 5 10 3
77 2406543 75 0 9 1
78 2406543 75 8 9 1
79 2406543 75 10 6 14
80 2406543 75 0 8 1
81 2406543 75 2 4 1
82 2406543 75 1 2 778
83 2406543 75 5 6 14
84 2406543 75 8 0 63
85 2406543 75 5 4 8
86 2436046 77 10 4 31
87 2436046 77 8 4 21
88 2478183 83 0 2 165
89 2766893 84 7 1 8
90 2766893 84 2 3 4
91 2766893 84 6 8 1
92 2766893 84 3 6 1
93 2766893 84 6 0 15
94 2766893 84 3 3 8
95 2769201 86 7 5 3487
96 2788358 88 9 6 10
97 2841694 89 7 10 53
98 2921290 94 4 5 1513
99 2921290 94 2 5 756
100 2981259 97 5 9 3687
101 2981259 97 6 9 1843
102 3148288 99 0 5 5
103 3148288 99 9 1 40
104 3148288 99 0 6 10
105 3148288 99 9 6 70
106 3148288 99 9 10 3070
107 3148288 99 7 7 12
108 3434582 102 9 3 11
109 3434582 102 4 6 1
110 3434582 102 1 9 9
111 3434582 102 3 7 1
112 3434582 102 2 4 4
113 3434582 102 5 2 483
114 3484574 104 4 10 38979
115 3484574 104 4 9 60
116 3624880 108 5 4 34
117 3624880 108 4 5 90
118 3624880 108 2 2 1
119 3624880 108 4 0 226
120 3624880 108 6 6 7
121 3624880 108 0 0 226
122 3624880 108 3 2 1
123 3642359 110 3 0 197
124 3695097 116 2 9 68
125 3730696 117 0 9 4276
126 3772694 118 5 7 55
127 3773222 119 5 8 2988
128 3793576 123 6 3 7858
129 3821079 126 3 0 39
130 3897811 128 2 0 5
131 3940061 132 5 1 6
132 4039975 136 8 7 14
133 4270483 137 4 2 21
134 4270483 137 7 10 1559
135 4270483 137 8 9 6410
136 4270483 137 5 1 12
137 4270483 137 0 8 14
138 4270483 137 7 4 99
139 4270483 137 1 6 2
140 4270483 137 10 7 3
141 4293775 140 7 4 142
142 4296288 141 5 8 67
143 4340995 143 0 10 7810
144 4340995 143 0 6 85
145 4340995 143 0 7 238
146 4453768 150 2 6 229
147 4716379 154 4 6 460
148 4716379 154 7 9 11
149 4716379 154 10 8 87
150 4716379 154 1 0 2
151 4716379 154 7 3 56
152 4716379 154 5 2 498
153 4716379 154 8 0 6
154 4716379 154 6 6 690
155 4743515 158 5 2 59
156 5011463 160 5 7 1
157 5011463 160 10 5 5
158 5011463 160 1 6 2
159 5011463 160 9 2 210
160 5011463 160 6 5 11
161 5011463 160 9 6 2
162 5021515 161 10 8 1
163 5121919 164 6 8 11399
164 5158878 165 1 5 110
165 5161606 166 7 4 13
166 5164366 167 2 5 23577
167 5175129 168 5 2 15
168 5175129 168 7 2 30
169 5215322 170 3 7 102
170 5239928 172 7 2 54
171 5239928 172 6 8 29
172 5288710 174 1 7 14
173 5288710 174 0 4 18
174 5288710 174 2 2 9
175 5288710 174 9 7 14
176 5293713 175 2 6 13
177 5401349 180 5 0 216
178 5521551 192 3 3 5872
179 5528905 195 5 3 168
180 5748914 198 8 4 2
181 5748914 198 3 5 1
182 5748914 198 1 0 10
183 5748914 198 8 0 5
184 5755098 201 5 5 64
185 5773455 202 3 2 18
186 5835603 203 8 5 8684
187 5835603 203 8 7 7494
188 5835603 203 8 9 59
189 5835603 203 7 10 2495
190 5891073 209 1 5 39
191 5953770 210 7 3 1
192 5953770 210 3 3 1
193 5995731 217 1 4 27
194 6009743 219 4 5 7677
195 6171498 229 2 0 31
196 6171498 229 6 9 74
197 6297568 230 3 1 230
198 6297568 230 0 2 1
199 6297568 230 3 9 29
200 6541950 233 7 7 85
201 6541950 233 10 5 4
202 6541950 233 3 1 141
203 6541950 233 1 3 4
204 6541950 233 9 2 4
205 6541950 233 7 5 3
206 6541950 233 2 2 4
207 6541950 233 5 7 1
208 6651505 237 10 6 47
209 6651505 237 10 3 224
210 6692941 239 0 1 9
211 6694602 240 1 6 190
212 6944440 241 4 4 14
213 6944440 241 1 2 1952
214 6944440 241 3 0 9
215 6944440 241 1 9 1226
216 6944440 241 7 8 1
217 6944440 241 4 2 1952
218 6944440 241 6 5 1682
219 6944440 241 3 10 4056
220 6944440 241 3 8 1
221 6959041 244 2 1 1
222 6959041 244 1 1 1
223 6969888 245 0 8 20
224 6969888 245 10 8 40
225 6985197 250 2 9 38
226 6996806 254 2 4 52
227 7004035 255 1 1 42
228 7012704 258 3 0 83
229 7135392 259 5 7 25
230 7135392 259 5 3 1246
231 7135392 259 10 7 25
232 7135907 260 0 8 471
233 7413068 262 4 1 30
234 7413068 262 2 10 12
235 7413068 262 4 5 1
236 7413068 262 9 5 7
237 7413068 262 3 4 1
238 7413068 262 0 9 30
239 7413068 262 0 8 21
240 7413068 262 0 6 8
241 7413068 262 9 2 6
242 7413068 262 4 9 15
243 7413068 262 9 0 19
244 7413068 262 9 4 1
245 7413068 262 9 1 30
246 7447796 263 8 10 3048
247 7467963 266 5 10 10
248 7507620 269 4 0 22
249 7507620 269 4 1 4881
250 7537296 271 2 7 8
251 7602465 282 8 2 74
252 7602465 282 8 9 41
253 7602465 282 8 6 237
254 7642178 285 4 1 297
255 8080084 287 9 0 1
256 8080084 287 1 4 10
257 8080084 287 9 9 1
258 8080084 287 5 8 5
259 8080084 287 3 2 3
260 8080084 287 4 2 6
261 8080084 287 3 4 1
262 8080084 287 6 7 807
263 8085706 289 10 10 47
264 8087957 290 5 7 223
265 8243337 291 4 8 8
266 8243337 291 7 2 3435
267 8243337 291 8 2 34357
268 8243337 291 6 9 731
269 8243337 291 4 5 25
270 8243337 291 6 6 409
271 8243337 291 7 0 3
272 8243337 291 8 5 103
273 8243337 291 3 6 409
274 8392985 292 2 10 1
275 8392985 292 7 0 6
276 8392985 292 10 9 529
277 8392985 292 4 10 1
278 8392985 292 1 0 6
279 8392985 292 6 8 218
280 8392985 292 7 6 106
281 8392985 292 5 6 13
282 8405040 294 0 5 99583
283 8424782 296 4 7 61
284 8496093 298 9 10 40
285 8496093 298 9 1 12
286 8496093 298 1 2 37
287 8513325 301 1 6 4864
288 8682688 303 9 6 1193
289 8682688 303 0 6 397
290 8682688 303 1 2 1892
291 8682688 303 3 2 1892
292 8682688 303 0 2 1892
293 8682688 303 1 7 3
294 8682688 303 3 7 1
295 8682688 303 2 7 1
296 8682688 303 1 0 1
297 8682688 303 1 8 973
298 8785709 304 3 3 9291
299 8785709 304 3 10 1954
300 8785709 304 2 6 577
301 8805591 305 7 7 38
302 8849494 308 6 2 3
303 8866502 310 0 7 73
304 8895259 311 9 4 3
305 9141812 317 1 7 2009
306 9141812 317 6 2 565
307 9141812 317 0 10 55
308 9163470 321 1 5 3080
309 9226451 324 3 10 24
310 9232721 325 9 9 165
311 9254806 327 1 10 1020
312 9358552 328 7 8 44
313 9358552 328 6 3 1
314 9358552 328 2 9 2
315 9365212 329 0 7 2
316 9396872 330 0 6 47
317 9396872 330 0 2 201
318 9397681 332 2 8 19
319 9428293 335 1 6 179
320 9461988 337 4 0 12758
321 9464105 338 7 5 18
322 9531294 339 8 5 95
323 9531294 339 3 2 288
324 9531294 339 4 7 15
325 9531294 339 4 10 8843
326 9636372 340 5 4 1
327 9636372 340 0 2 3
328 9636372 340 8 3 126
329 9711201 349 6 6 8522
330 9723177 350 9 6 38
331 9764468 353 0 0 27082
332 9764468 353 0 6 5
333 9793831 358 1 4 2379
334 9849496 362 3 2 2
335 9849496 362 10 3 357
336 9903303 368 0 7 1327
337 9951910 369 9 7 1
338 9951910 369 9 0 34
339 9951910 369 2 0 17
340 9951910 369 3 8 28
341 10053432 370 9 3 10
342 10053432 370 10 5 1
343 10155053 380 10 6 315
344 10155053 380 10 7 110
345 10155053 380 10 2 57
346 10155053 380 10 10 14
347 10160718 381 9 6 9029
348 10165887 382 4 0 30
349 10202490 387 3 9 1
350 10202490 387 9 9 1
351 10272187 388 7 3 3122
352 10272187 388 0 5 38
353 10272187 388 0 10 199
354 10272187 388 0 9 4765
355 10272187 388 7 0 709
356 10279434 389 6 2 16284
357 10516710 390 5 10 1
358 10516710 390 8 1 2
359 10516710 390 3 4 27
360 10516710 390 4 1 2
361 10516710 390 2 4 27
362 10603884 392 8 4 427
363 10603884 392 6 4 427
364 10603884 392 0 4 427
365 10615163 393 2 1 46
366 10915192 395 2 3 10
367 10915192 395 2 10 10
368 10915192 395 0 4 1
369 10915192 395 10 1 3
370 10915192 395 4 8 33
371 10915192 395 0 5 177
372 10915192 395 5 0 2203
373 10952314 399 5 7 15502
374 11076673 402 2 5 49
375 11076673 402 9 0 2920
376 11082000 404 5 0 21
377 11096401 405 7 5 15
378 11370141 409 1 0 528
379 11370141 409 10 4 4
380 11370141 409 2 2 23
381 11370141 409 10 9 30
382 11370141 409 10 3 1
383 11370141 409 2 6 1
384 11370141 409 6 6 1
385 11370141 409 5 2 7
386 11370141 409 2 0 528
387 11370141 409 2 4 2
388 11370141 409 10 1 542
389 11370141 409 10 5 797
390 11370141 409 8 1 542
391 11370141 409 1 5 797
392 11370141 409 6 1 1627
393 11379944 410 2 3 1
394 11484350 413 9 2 3014
395 11576080 422 4 2 5692
396 11620833 424 7 1 86
397 11620833 424 7 10 493
398 11637556 427 10 2 48
399 11994892 428 1 9 1
400 11994892 428 5 2 1
401 11994892 428 0 1 668
402 11994892 428 0 2 2
403 11994892 428 4 6 1
404 11994892 428 9 0 1
405 11994892 428 9 5 822
406 11994892 428 4 0 1
407 11994892 428 4 5 822
408 11994892 428 7 2 2
409 11994892 428 4 8 2
410 11994892 428 2 8 2
411 11994892 428 0 6 1
412 11994892 428 5 6 1
413 11994892 428 9 1 668
414 11995324 429 0 6 415
415 12204633 430 8 3 8
416 12204633 430 4 4 3
417 12204633 430 8 6 190
418 12204633 430 8 2 36
419 12220249 432 7 7 22
420 12230212 434 2 2 37
421 12256168 435 2 6 24
422 12256168 435 6 0 163
423 12256490 436 0 3 109
424 12283357 440 6 3 60
425 12349457 449 9 6 39058
426 12350519 450 10 4 617
427 12350592 451 10 10 11840
428 12365930 452 1 10 36
429 12381379 455 5 0 30
430 12550326 457 4 3 14
431 12550326 457 2 4 1
432 12550326 457 8 4 1
433 12791915 461 5 7 1
434 12791915 461 1 8 9
435 12791915 461 6 6 122
436 12791915 461 2 7 147
437 12791915 461 7 5 1
438 12791915 461 0 4 5
439 12791915 461 3 6 614
440 12791915 461 10 9 7
441 12791915 461 7 8 9
442 12791915 461 7 10 1
443 12791915 461 6 9 85
444 12791915 461 9 6 122
445 12814174 465 0 0 7
446 13322449 466 5 2 50
447 13322449 466 10 0 7
448 13322449 466 7 7 1
449 13322449 466 9 9 8
450 13322449 466 5 9 4
451 13322449 466 4 0 15
452 13322449 466 2 0 7
453 13322449 466 1 0 7
454 13322449 466 6 7 1
455 13322449 466 5 1 2
456 13322449 466 6 9 4
457 13322449 466 2 5 1
458 13322449 466 6 8 1
459 13322449 466 4 5 1
460 13322449 466 8 8 1
461 13448287 467 10 7 23
462 13448287 467 5 8 7
463 13448287 467 6 8 7
464 13448287 467 2 1 1
465 13448287 467 0 9 8
466 13491229 469 6 1 4673
467 13554746 472 1 0 7
468 13697281 473 10 8 52
469 13697281 473 4 9 2
470 13697281 473 6 9 2
471 13697281 473 4 8 52
472 13697281 473 2 2 23
473 14138670 475 2 8 2
474 14138670 475 4 8 2
475 14138670 475 2 9 5
476 14138670 475 2 7 4
477 14138670 475 4 0 1
478 14138670 475 3 9 5
479 14138670 475 1 8 2
480 14138670 475 2 6 1
481 14138670 475 1 9 5
482 14138670 475 3 8 2
483 14138670 475 4 3 1
484 14138670 475 2 3 1
485 14143198 476 8 10 15
486 14240936 482 10 0 122
487 14359759 489 9 0 11786
488 14359759 489 2 4 48
489 14359759 489 2 10 7526
490 14359759 489 0 1 222
491 14807019 498 0 4 50
492 14807019 498 8 1 17
493 14807019 498 7 3 9
494 14807019 498 2 0 10
495 14807019 498 0 9 1
496 14807019 498 7 7 29
497 14807019 498 3 7 7
498 14807019 498 0 2 4
499 14807019 498 8 6 1
500 14807019 498 5 4 50
501 14807019 498 4 1 17
502 14807019 498 4 5 175
503 14807019 498 4 4 100
504 14807019 498 9 7 44
505 14807019 498 4 6 1
506 14807019 498 6 0 10
507 14807019 498 10 9 1
508 14807019 498 3 9 1
509 14841335 499 7 0 5705
510 14841335 499 7 4 225
511 14845499 501 4 8 5123
512 14874410 504 3 10 30
513 14879779 506 7 10 2637
514 15112661 507 1 7 72
515 15112661 507 6 1 1
516 15112661 507 3 6 3
517 15112661 507 0 4 1429
518 15112661 507 0 3 2
519 15112661 507 9 8 13
520 15112661 507 1 10 178
521 15112661 507 6 4 2858
522 15112661 507 6 10 89
523 15112661 507 10 7 72
524 15112661 507 8 7 145
525 15112661 507 4 0 6
526 15112661 507 6 3 7
527 15206240 510 6 3 4
528 15206240 510 7 0 47
529 15206240 510 7 2 20
530 15206240 510 6 2 40
531 15455542 513 10 5 345
532 15455542 513 9 0 1
533 15455542 513 1 2 6
534 15455542 513 2 2 30
535 15455542 513 1 6 240
536 15455542 513 5 2 6
537 15455542 513 0 4 200
538 15455542 513 2 5 862
539 15455542 513 10 9 20
540 15455542 513 7 10 4
541 15455542 513 5 7 35
542 15455542 513 10 1 5
543 15506796 516 9 3 1
544 15559801 527 5 0 238
545 15573049 531 3 0 195
546 15584174 534 3 4 114
547 15619231 535 4 7 6
548 15619231 535 8 7 12
549 15619231 535 9 1 238
550 15629960 537 5 10 11
551 15696252 542 1 9 38
552 15701877 545 0 6 7157
553 15736080 547 4 1 2357
554 15776877 550 4 6 31
555 15834018 551 4 1 3
556 15855404 553 0 2 3
557 16286192 555 2 10 32
558 16286192 555 5 8 7
559 16286192 555 2 9 2
560 16286192 555 7 8 102
561 16286192 555 5 9 2
562 16286192 555 1 9 2
563 16286192 555 1 4 4978
564 16286192 555 6 7 3
565 16286192 555 4 6 47
566 16286192 555 6 9 35
567 16286192 555 6 4 829
568 16286192 555 3 5 1
569 16286192 555 6 10 1
570 16286192 555 3 3 202
571 16286192 555 5 6 23
572 16443602 556 5 5 3164
573 16443602 556 10 4 26
574 16443602 556 3 0 1
575 16443602 556 3 5 3164
576 16443602 556 9 10 335
577 16443602 556 10 7 15
578 16479701 557 3 6 36
579 16524483 558 1 3 9246
580 16670241 565 1 7 39
581 16670241 565 1 2 99585
582 16670241 565 1 5 19648
583 16842760 569 0 0 52
584 16842760 569 10 3 1
585 16842760 569 4 8 1
586 16846882 571 7 7 16
587 17014002 576 0 3 30
588 17014002 576 0 6 27
589 17014002 576 10 0 51
590 17036821 578 6 0 132
591 17036821 578 3 9 11
592 17037818 579 3 0 57
593 17041102 580 0 8 233
594 17115063 582 4 6 282
595 17153733 583 6 0 11861
596 17153733 583 6 4 5985
597 17192064 588 4 5 688
598 17192064 588 4 1 168
599 17205758 590 3 6 136
600 17222367 591 4 1 2
601 17222367 591 7 1 1
602 17252848 597 0 4 14
603 17396983 602 6 7 74
604 17396983 602 6 0 4869
605 17400077 603 2 10 133
606 17404264 605 4 6 53
607 17507196 611 1 4 39
608 17507196 611 2 2 8
609 17885576 612 2 3 1
610 17885576 612 7 0 71
611 17885576 612 8 6 1
612 17885576 612 0 3 1
613 17885576 612 2 0 71
614 17885576 612 4 2 448
615 17885576 612 4 1 3
616 17885576 612 8 9 1
617 17885576 612 3 0 71
618 17885576 612 0 7 2539
619 17917386 613 3 6 58
620 18274816 616 2 1 1
621 18274816 616 1 1 18
622 18274816 616 2 9 5
623 18274816 616 2 7 200
624 18274816 616 2 6 72
625 18274816 616 9 8 1
626 18304383 619 8 6 91
627 18346639 624 4 5 2839
628 18396860 626 2 10 96
629 18396860 626 2 3 6058
630 18406759 627 1 7 2270
631 18406759 627 1 4 258
632 18485863 631 9 5 232
633 18485863 631 7 6 351
634 18485863 631 7 5 232
635 18575231 633 5 1 368
636 18575231 633 5 3 85
637 18575231 633 5 5 19724
638 18592255 634 7 9 19581
639 18592255 634 7 4 53
640 18592255 634 7 8 2395
641 18614308 635 5 5 334
642 18661283 638 2 6 40
643 18663125 640 1 0 113
644 18886748 644 10 4 647
645 18886748 644 7 0 8
646 18886748 644 6 10 1
647 18886748 644 2 7 92
648 18886748 644 10 1 6
649 18886748 644 10 6 1
650 18886748 644 1 0 8
651 18886748 644 0 7 92
652 18897399 646 5 9 12
653 18924868 658 0 3 6037
654 18927666 659 10 5 113
655 18927666 659 9 5 5
656 18934236 660 7 7 16605
657 18959502 662 4 4 2
658 19295107 671 1 7 1
659 19295107 671 10 5 30
660 19295107 671 3 6 8
661 19295107 671 0 4 671
662 19295107 671 8 0 7
663 19295107 671 0 6 8
664 19295107 671 8 7 1
665 19295107 671 9 6 8
666 19295107 671 10 8 5
667 19295107 671 6 4 3355
668 19295107 671 6 2 6
669 19305758 673 0 1 956
670 19660415 683 9 4 638
671 19660415 683 4 10 16
672 19660415 683 3 10 16
673 19660415 683 9 8 35
674 19660415 683 2 4 1277
675 19660415 683 4 3 29
676 19660415 683 5 5 82
677 19660415 683 2 2 1527
678 19660415 683 4 4 3833
679 19660415 683 8 1 50
680 19660415 683 7 8 11
681 19665460 685 1 4 41
682 19681613 687 2 7 41
683 19853732 690 8 3 45
684 19853732 690 8 7 6335
685 19853732 690 0 1 12
686 19958651 692 7 10 12
687 19958651 692 7 3 3329
688 19958651 692 2 1 48
689 19992548 693 8 1 66
690 19992548 693 8 8 33
691 20465371 695 2 7 1
692 20465371 695 4 3 4
693 20465371 695 0 2 793
694 20465371 695 6 2 1587
695 20465371 695 9 3 4
696 20465371 695 9 8 1
697 20465371 695 1 4 1
698 20465371 695 9 9 214
699 20465371 695 1 6 1
700 20465371 695 7 8 1
701 20465371 695 3 5 7
702 20465371 695 10 9 214
703 20465371 695 7 0 149
704 20465371 695 4 4 1
705 20465371 695 2 9 1503
706 20465371 695 1 0 42
707 20484653 697 6 1 154
708 20592512 698 10 5 51
709 20592512 698 2 10 32
710 20742302 702 3 10 17
711 20742302 702 4 9 6
712 20742302 702 0 7 163
713 20742302 702 3 5 112
714 20742302 702 4 1 5
715 20835827 703 9 3 37
716 20835827 703 9 7 548
717 20835827 703 9 0 37
718 20914697 710 3 5 9637
719 20914697 710 3 9 22919
720 21160564 718 10 1 6
721 21160564 718 8 7 5
722 21160564 718 2 7 23
723 21160564 718 6 5 175
724 21160564 718 7 3 15
725 21160564 718 8 9 31
726 21244020 723 3 6 66
727 21244020 723 6 1 1
728 21275913 724 6 5 1502
729 21275913 724 6 1 111
730 21279626 725 2 3 90
731 21317523 727 6 5 7
732 21338496 731 3 10 2
733 21338496 731 2 10 8
734 21444926 732 6 6 2
735 21444926 732 5 0 4
736 21444926 732 0 3 15
737 21553962 735 9 6 47
738 21553962 735 9 9 40
739 21553962 735 6 5 36
740 21553962 735 6 3 8
741 21561440 736 2 6 1770
742 21630557 739 10 6 35
743 21630557 739 10 5 86
744 21880840 741 8 10 2
745 21880840 741 7 2 3
746 21880840 741 10 2 3
747 21880840 741 4 2 9
748 21880840 741 6 1 989
749 21883886 742 9 10 31
750 21928514 744 7 0 8
751 21928514 744 8 8 75
752 21934070 747 8 5 26
753 21980104 749 4 9 1
754 21983036 750 0 3 82
755 22200166 751 2 6 55
756 22200166 751 5 9 15
757 22200166 751 1 10 51
758 22200166 751 3 1 15
759 22200166 751 3 7 14
760 22200166 751 3 6 55
761 22240115 752 1 9 1
762 22240115 752 8 9 5
763 22357792 757 5 1 77
764 22392173 761 8 5 91
765 22397202 762 4 1 36
766 22403520 764 3 2 84
767 22405310 765 9 0 12661
768 22534914 766 0 3 1
769 22534914 766 2 4 48
770 22631833 768 0 3 102
771 22631833 768 8 8 1321
772 22631833 768 0 5 373
773 22631833 768 0 10 47
774 22632510 769 5 3 363
775 22635016 771 0 3 264
776 22663557 773 8 10 34
777 22764245 782 3 4 21
778 22878190 802 4 5 18
779 22878190 802 10 2 4521
780 22912873 804 4 3 23
781 22929156 806 3 0 10
782 23452871 822 1 7 276
783 23452871 822 1 2 9
784 23452871 822 2 0 1
785 23452871 822 9 10 1
786 23452871 822 8 0 1
787 23452871 822 6 9 5
788 23452871 822 1 9 5
789 23452871 822 2 8 3838
790 23452871 822 5 4 1
791 23452871 822 4 8 239
792 23452871 822 6 10 1
793 23452871 822 1 5 26
794 23452871 822 7 9 3
795 23452871 822 6 0 4
796 23452871 822 3 2 3
797 23452871 822 0 2 3
798 23452871 822 10 5 78
799 23452871 822 4 6 8
800 23796803 823 10 3 2
801 23796803 823 1 6 1980
802 23796803 823 8 4 3553
803 23796803 823 8 9 3
804 23796803 823 10 5 599
805 23796803 823 5 3 6
806 23796803 823 3 0 8
807 23796803 823 2 10 1
808 23796803 823 3 4 3553
809 23805513 824 0 10 47
810 23905806 825 6 9 56
811 23905806 825 4 2 27
812 23906637 826 2 8 28
813 23918731 827 0 9 116
814 23967621 830 1 2 42
815 23967621 830 8 2 21
816 23967621 830 2 2 63
817 23967621 830 0 5 5
818 24046699 833 7 9 12629
819 24097242 834 7 0 177
820 24097242 834 9 9 14
821 24097242 834 2 10 700
822 24115692 837 8 9 19
823 24177611 842 1 9 9530
824 24244303 846 5 3 96
825 24244303 846 5 7 59
826 24244303 846 5 1 9
827 24244303 846 5 6 89
828 24250327 849 7 10 39
829 24324967 857 9 1 1575
830 24362719 860 9 6 11
831 24399508 861 3 6 1409
832 24399508 861 3 5 2029
833 24433843 863 6 10 99
834 24433843 863 2 7 8
835 24666998 864 4 1 14
836 24666998 864 5 10 172
837 24666998 864 9 9 105
838 24666998 864 1 8 226
839 24666998 864 7 2 954
840 24666998 864 8 4 5
841 24685758 868 10 6 201
842 24688539 869 6 9 164
843 24744737 872 6 6 114
844 24744737 872 6 10 5
845 24744737 872 1 4 73
846 24789318 874 2 10 51
847 24789318 874 2 5 668
848 24811399 875 2 7 9
849 24824478 879 1 5 24
850 25043572 886 8 4 1
851 25043572 886 1 4 1
852 25043572 886 0 0 118
853 25043572 886 6 6 555
854 25043572 886 10 4 19
855 25043572 886 4 1 5
856 25043572 886 9 5 77
857 25077363 888 10 8 196
858 25077363 888 10 6 3020
859 25077363 888 10 5 109
860 25106092 893 8 3 795
861 25266595 894 0 8 1
862 25266595 894 10 1 194
863 25266595 894 2 5 30
864 25266595 894 4 7 10
865 25266595 894 2 4 56
866 25266595 894 3 7 3
867 25266595 894 0 10 33
868 25279297 895 3 9 18
869 25375963 896 2 0 1968
870 25375963 896 8 9 10
871 25375963 896 3 2 38
872 25375963 896 10 10 16
873 25375963 896 8 3 3173
874 25375963 896 4 2 38
875 25427975 899 6 10 114
876 25427975 899 6 8 4891
877 25513961 903 1 2 22
878 25513961 903 1 5 36
879 25541673 905 7 8 95
880 25541673 905 6 8 95
881 25627471 907 4 0 36
882 25627471 907 2 5 23
883 25627471 907 4 2 821
884 25664519 909 9 4 1528
885 25664519 909 9 0 5739
886 25664519 909 9 2 801
887 25667516 910 10 5 3
888 25743366 913 7 2 19
889 25743366 913 4 2 19
890 25774937 916 10 3 99
891 25790104 918 1 8 100
892 25824786 919 2 1 1
893 25824786 919 3 1 1
894 25836931 921 8 1 88
895 25838794 922 1 4 99
896 25947175 928 0 10 51
897 26374600 929 9 0 5
898 26374600 929 8 10 2
899 26374600 929 6 10 1
900 26374600 929 0 0 5
901 26374600 929 0 1 2
902 26374600 929 3 6 109
903 26374600 929 8 6 272
904 26374600 929 5 4 878
905 26374600 929 10 4 1756
906 26374600 929 8 5 227
907 26374600 929 9 2 12
908 26374600 929 2 0 2
909 26374600 929 1 1 3
910 26374600 929 2 5 454
911 26374600 929 5 9 4
912 26374600 929 8 0 25
913 26374600 929 8 2 21
914 26374600 929 7 3 3
915 26627895 930 6 10 1367
916 26627895 930 6 0 4984
917 26627895 930 7 7 73
918 26627895 930 3 5 22
919 26627895 930 5 4 2601
920 26627895 930 3 2 29
921 26627895 930 3 0 2492
922 26627895 930 1 6 13
923 26627895 930 5 9 71
924 26627895 930 2 0 2492
925 26627895 930 8 0 69778
926 26856642 931 0 8 4
927 26856642 931 2 6 8
928 26856642 931 1 6 8
929 26856642 931 7 2 1607
930 26856642 931 7 1 10
931 26856642 931 5 2 4823
932 26856642 931 10 5 349
933 26856642 931 10 8 16
934 27008006 932 2 2 2708
935 27008006 932 7 9 9
936 27008006 932 3 9 4
937 27008006 932 8 0 2
938 27008006 932 1 1 779
939 27008006 932 4 1 2337
940 27008006 932 5 8 6
941 27076387 939 4 8 42789
942 27100817 940 0 6 15144
943 27506426 941 2 5 27
944 27506426 941 3 7 2
945 27506426 941 4 5 41
946 27506426 941 8 7 1
947 27506426 941 6 9 2610
948 27506426 941 5 7 1
949 27506426 941 8 4 11
950 27506426 941 2 10 18
951 27506426 941 7 3 1
952 27506426 941 2 1 96
953 27506426 941 6 8 1
954 27506426 941 8 0 5
955 27506426 941 6 4 1
956 27506426 941 3 0 5
957 27506426 941 4 4 32
958 27506426 941 8 9 1305
959 27506426 941 10 8 1
960 27506426 941 4 9 3916
961 27506426 941 4 3 4
962 27517355 944 8 1 104
963 27562342 948 6 7 18
964 27572986 949 6 4 3132
965 27610863 950 0 8 29
966 27703706 959 10 0 127
967 27703706 959 10 1 1320
968 27703706 959 10 6 11
969 27745720 961 7 5 2407
970 27746159 962 1 9 174
971 27762373 965 10 8 564
972 28046022 967 7 1 1476
973 28046022 967 7 4 14
974 28046022 967 0 7 243
975 28046022 967 1 7 243
976 28046022 967 4 7 243
977 28046022 967 1 0 9
978 28046022 967 6 6 3080
979 28046022 967 4 4 14
980 28046022 967 0 4 14
981 28046022 967 4 8 44
982 28046022 967 6 0 19
983 28046022 967 0 8 44
984 28083832 970 4 4 50
985 28083832 970 10 6 74
986 28083832 970 8 4 16
987 28083832 970 8 6 37
988 28099164 971 1 8 30
989 28136027 972 10 2 558
990 28213059 973 2 10 26
991 28224896 975 8 8 3
992 28277385 981 1 6 406
993 28314350 989 8 5 56
994 28425459 994 5 5 16
995 28425459 994 10 5 81
996 28425459 994 1 0 3
997 28425459 994 6 5 97
998 28436905 995 5 6 518
999 28436905 995 6 6 518
