11 358 1000
0 120519 0 9 3 1560
1 120519 0 1 7 23
2 120519 0 1 8 28
3 120519 0 1 10 471
4 120519 0 9 8 56
5 122691 1 9 1 33309
6 459971 3 9 4 3213
7 459971 3 9 0 4792
8 459971 3 10 7 31
9 459971 3 5 5 113
10 459971 3 9 10 1871
11 459971 3 9 6 284
12 532415 4 5 8 14
13 532415 4 8 0 205
14 840790 9 4 0 7
15 840790 9 7 5 35
16 840790 9 4 2 98
17 840790 9 4 6 70
18 840790 9 7 8 2
19 840790 9 4 9 7
20 1544175 17 3 7 19
21 1812558 21 3 1 17
22 1812558 21 3 0 51960
23 1812558 21 3 8 86
24 1812558 21 4 4 22
25 1849274 23 10 10 4218
26 1960826 28 0 8 53
27 2133408 29 10 1 11
28 2133408 29 10 0 33
29 2133408 29 2 9 94
30 2133408 29 2 3 99
31 2133408 29 10 2 2926
32 2149833 30 2 6 11
33 2191334 31 3 6 1
34 2215129 32 6 4 72
35 2335994 37 4 6 62
36 2335994 37 6 0 25
37 2447067 39 0 5 34
38 2545999 41 10 0 90
39 2545999 41 10 1 3192
40 2545999 41 10 5 3030
41 2545999 41 10 7 58
42 2558336 42 8 0 5
43 2616219 45 1 6 1063
44 2616219 45 0 6 3190
45 2719417 50 10 0 44
46 3440766 51 7 6 9
47 3440766 51 3 2 5
48 3440766 51 9 0 10
49 3440766 51 10 7 5
50 3497157 56 5 2 461
51 3882463 59 5 2 102
52 3882463 59 1 7 13
53 3954449 61 7 4 126
54 3968967 63 8 5 77
55 3991807 64 2 6 218
56 4087854 66 0 5 116
57 4087854 66 0 2 233
58 4119210 68 8 4 1
59 4249357 70 4 8 43
60 4357533 72 6 1 5
61 4374733 74 10 7 17
62 4813086 75 5 6 14
63 4813086 75 4 1 1183
64 4813086 75 9 9 33
65 4872092 77 7 4 21
66 4946723 82 1 8 76
67 5533786 84 10 9 1
68 5533786 84 7 7 21
69 5533786 84 2 9 84
70 5533786 84 7 2 154
71 5533786 84 7 1 8
72 5533786 84 10 6 1
73 5533786 84 4 5 4
74 5533786 84 2 4 5
75 5533786 84 10 8 6
76 5533786 84 3 10 6
77 5533786 84 3 4 5
78 5533786 84 4 10 2
79 5538402 86 7 5 3487
80 5683389 89 7 9 100
81 5749695 91 6 2 2201
82 5749695 91 8 2 550
83 5749695 91 1 2 10456
84 5842580 94 6 5 756
85 5962518 97 10 9 5530
86 5962518 97 3 9 3687
87 6296576 99 7 3 63
88 6296576 99 0 10 3070
89 6869164 102 0 2 483
90 6869164 102 8 7 78
91 6869164 102 5 1 3
92 6869164 102 0 8 14609
93 6869164 102 7 4 16
94 6869164 102 6 5 14
95 6969148 104 4 8 216
96 6969148 104 4 1 18
97 7249761 108 6 2 1
98 7249761 108 6 5 8
99 7249761 108 5 10 3
100 7249761 108 7 4 34
101 7249761 108 2 0 226
102 7284718 110 3 6 59
103 7390194 116 2 7 208
104 7461392 117 0 6 1374
105 7461392 117 0 9 4276
106 7461392 117 0 10 1361
107 7545388 118 4 2 2
108 7561649 120 0 7 124
109 7561649 120 1 7 62
110 7617349 124 2 3 7
111 7787117 127 0 5 244
112 7935659 134 8 9 76
113 8079951 136 8 3 215
114 8079951 136 1 3 16
115 8079951 136 8 7 14
116 8540966 137 10 8 34
117 8540966 137 0 8 14
118 8540966 137 0 7 3
119 8540966 137 7 4 99
120 8540966 137 5 8 4
121 8540966 137 8 3 48
122 8587408 139 10 1 50
123 8587551 140 7 4 142
124 8592576 141 5 8 67
125 8805059 146 7 8 1332
126 8805059 146 3 8 333
127 8907536 150 2 6 229
128 8926617 152 4 1 1312
129 8978889 153 8 9 37
130 9432758 154 6 9 23
131 9432758 154 4 8 43
132 9432758 154 3 9 11
133 9432758 154 6 6 690
134 9432758 154 7 3 56
135 9432758 154 10 5 139
136 9432758 154 8 4 10
137 9432758 154 8 1 5
138 9432758 154 0 8 196
139 9465841 157 4 4 87
140 10022927 160 3 5 46
141 10022927 160 5 2 210
142 10022927 160 5 8 306
143 10022927 160 2 5 5
144 10022927 160 7 5 5
145 10022927 160 6 1 1
146 10022927 160 6 3 2
147 10223372 162 8 0 1899
148 10223372 162 10 10 5
149 10223372 162 10 3 382
150 10223372 162 3 1 1445
151 10223372 162 6 10 5
152 10317756 165 5 5 110
153 10350258 168 1 2 15
154 10350258 168 8 2 30
155 10430644 170 3 5 103
156 10430644 170 3 4 341
157 10577421 174 5 2 9
158 10577421 174 5 6 24
159 10577421 174 6 10 9
160 10775582 177 3 5 42
161 10775582 177 0 6 344
162 10775582 177 3 9 9
163 10913843 187 7 2 8
164 10965591 190 8 10 8155
165 11043103 192 3 3 5872
166 11043103 192 3 2 14
167 11043103 192 3 9 1320
168 11497828 198 2 2 6
169 11497828 198 3 5 1
170 11497828 198 0 2 2
171 11497828 198 9 5 1
172 11497828 198 7 9 7
173 11497828 198 10 8 11
174 11497828 198 0 0 5
175 11497828 198 9 0 5
176 11546911 202 3 6 222
177 11546911 202 3 9 290
178 11546911 202 3 5 21864
179 11671207 203 7 10 2495
180 11782146 209 4 5 39
181 11907540 210 10 3 1
182 11991463 217 8 5 78
183 12082792 223 2 7 68
184 12082792 223 3 9 2
185 12089488 224 3 2 49443
186 12342996 229 6 6 27
187 12342996 229 6 3 14
188 12342996 229 0 9 74
189 12342996 229 2 7 9
190 12595136 230 0 3 136
191 12595136 230 3 1 230
192 12595136 230 8 3 136
193 12635109 232 6 5 18
194 13083901 233 6 3 5
195 13083901 233 6 0 44
196 13083901 233 4 1 39
197 13083901 233 1 6 6
198 13083901 233 3 1 141
199 13083901 233 7 10 160
200 13083901 233 10 3 12
201 13083901 233 1 2 4
202 13083901 233 8 0 7
203 13303011 237 10 4 215
204 13303011 237 10 1 11
205 13303011 237 10 6 47
206 13303011 237 10 9 11
207 13314325 238 3 9 432
208 13314325 238 3 8 83
209 13888881 241 6 7 6
210 13888881 241 4 8 1
211 13888881 241 3 3 1
212 13888881 241 6 4 14
213 13888881 241 4 1 6
214 13888881 241 1 3 1
215 14270784 259 6 3 623
216 14270784 259 3 0 14
217 14826136 262 2 9 15
218 14826136 262 8 3 1
219 14826136 262 0 7 1
220 14826136 262 9 2 6
221 14826136 262 4 6 17
222 14826136 262 2 8 7
223 14826136 262 8 9 15
224 14895592 263 2 10 1524
225 14895592 263 0 10 3048
226 15015241 269 4 9 210
227 15124324 279 0 10 162
228 15284357 285 4 0 5994
229 15284357 285 4 9 314
230 15284357 285 4 3 17
231 15284357 285 4 4 168
232 15284357 285 4 8 94
233 16160168 287 1 0 5
234 16160168 287 2 9 1
235 16160168 287 8 10 7
236 16160168 287 0 8 11
237 16160168 287 3 6 24
238 16160168 287 9 8 5
239 16160168 287 6 7 807
240 16160168 287 2 7 12118
241 16160168 287 2 4 1
242 16160168 287 5 0 3
243 16160168 287 8 3 11
244 16160168 287 0 10 7
245 16160168 287 2 8 5
246 16160168 287 6 9 1
247 16160168 287 3 8 11
248 16160168 287 3 0 5
249 16486675 291 9 9 548
250 16486675 291 2 2 6871
251 16486675 291 3 0 6
252 16785971 292 9 1 197
253 16785971 292 9 8 218
254 16785971 292 5 8 218
255 16849564 296 4 7 61
256 16859611 297 1 10 64
257 16992187 298 1 2 37
258 16992187 298 9 0 21
259 16992187 298 1 1 12
260 16992187 298 1 5 75
261 16992187 298 9 7 60
262 17365377 303 2 1 25
263 17365377 303 3 2 1892
264 17365377 303 0 2 1892
265 17365377 303 2 7 1
266 17365377 303 10 2 1892
267 17365377 303 1 1 75
268 17365377 303 8 9 204
269 17365377 303 9 9 409
270 17365377 303 4 6 795
271 17365377 303 0 10 14
272 17571418 304 2 7 8
273 17698988 308 6 2 3
274 17698988 308 6 5 6089
275 17698988 308 6 3 284
276 17811512 315 2 10 1706
277 17819964 316 0 4 43
278 18283624 317 8 5 964
279 18283624 317 5 2 565
280 18283624 317 5 9 21
281 18283624 317 1 2 3961
282 18283624 317 9 2 565
283 18331091 322 7 5 121
284 18339967 323 5 9 187
285 18452902 324 9 9 47
286 18717105 328 4 9 2
287 18717105 328 0 8 44
288 18717105 328 5 8 267
289 18717105 328 4 3 1
290 18717105 328 6 5 594
291 18717105 328 9 0 4
292 18717105 328 2 0 3
293 18717105 328 7 3 2
294 18730424 329 0 7 2
295 18793744 330 0 1 1349
296 18793744 330 0 3 9862
297 18795363 332 2 8 19
298 18923976 337 4 5 11902
299 18928211 338 4 5 18
300 19062589 339 0 5 190
301 19062589 339 7 5 95
302 19272744 340 8 3 126
303 19272744 340 7 7 2998
304 19272744 340 3 1 3
305 19272744 340 9 1 3
306 19272744 340 9 4 1
307 19272744 340 2 4 1
308 19272744 340 7 9 15
309 19293391 341 10 2 91
310 19308649 342 7 4 33
311 19397247 347 8 7 80
312 19528936 353 0 10 3133
313 19528936 353 0 2 34
314 19528936 353 0 1 6
315 19528936 353 0 7 193
316 19698993 362 8 2 2
317 19730674 364 4 6 40
318 19736971 365 2 3 670
319 19782263 366 7 2 23
320 19903820 369 10 3 6
321 20106864 370 2 10 11
322 20106864 370 8 3 10
323 20106864 370 6 5 4
324 20106864 370 9 3 10
325 20106864 370 1 9 162
326 20141012 373 6 3 66
327 20147366 375 9 0 228
328 20310107 380 10 0 984
329 20310107 380 10 2 57
330 20331775 382 1 0 15
331 20376384 386 6 3 976
332 20544374 388 0 7 60
333 20544374 388 7 7 30
334 20544374 388 0 10 199
335 21033420 390 2 6 114
336 21033420 390 7 6 114
337 21033420 390 2 4 27
338 21033420 390 6 6 114
339 21033420 390 5 7 3
340 21033420 390 2 9 6824
341 21033420 390 6 10 1
342 21033420 390 1 4 27
343 21207769 392 9 2 352
344 21830385 395 7 2 1
345 21830385 395 1 6 27
346 21830385 395 5 0 2203
347 21830385 395 8 2 1
348 21830385 395 8 10 31
349 21830385 395 0 1 6
350 21830385 395 4 9 2555
351 21830385 395 9 5 532
352 21873225 396 9 1 405
353 21873225 396 3 1 405
354 21904629 399 5 7 15502
355 21943908 401 10 3 1192
356 22153347 402 9 9 42
357 22320194 407 2 0 54
358 22320194 407 2 3 139
359 22740283 409 1 1 1084
360 22740283 409 5 5 797
361 22740283 409 10 10 10
362 22740283 409 10 7 1
363 22740283 409 1 3 7
364 22740283 409 2 4 2
365 22740283 409 1 0 528
366 22740283 409 2 0 528
367 22968701 413 2 4 4707
368 22968701 413 9 2 3014
369 23016899 419 6 1 60
370 23056270 420 9 10 64
371 23241667 424 7 4 84
372 23989784 428 10 6 1
373 23989784 428 4 10 38
374 23989784 428 6 10 4
375 23989784 428 9 6 1
376 23989784 428 1 10 12
377 23989784 428 0 7 1
378 23989784 428 10 8 2
379 23989784 428 4 3 3
380 23989784 428 6 4 1
381 23989784 428 5 8 2
382 23989784 428 2 0 1
383 23989784 428 5 6 1
384 23989784 428 2 10 25
385 23989784 428 1 3 136
386 23989784 428 6 3 3
387 23989784 428 3 10 4
388 23989784 428 3 1 1336
389 23989784 428 9 4 1
390 23989784 428 3 2 2
391 24409266 430 2 0 2
392 24409266 430 7 5 16
393 24409266 430 8 4 3
394 24409266 430 4 8 1
395 24409266 430 3 6 190
396 24409266 430 4 4 3
397 24440602 433 7 4 12730
398 24512337 435 0 6 24
399 24512337 435 7 6 24
400 24566714 440 0 0 29
401 24566714 440 6 3 60
402 24566714 440 4 10 4
403 24610241 443 6 2 42
404 24701038 450 10 4 617
405 24731860 452 1 10 36
406 25100653 457 1 10 5
407 25100653 457 1 4 1
408 25100653 457 4 3 14
409 25136059 458 3 6 11201
410 25194860 459 0 5 651
411 25259441 460 1 1 356
412 25259441 460 1 2 8
413 25583830 461 9 4 42
414 25583830 461 0 7 1
415 25583830 461 6 5 4
416 25583830 461 0 2 5
417 25583830 461 0 4 5
418 25585805 462 10 3 3197
419 25628348 465 3 0 20
420 26644898 466 0 4 2609
421 26644898 466 8 10 2
422 26644898 466 6 3 1801
423 26644898 466 6 1 2
424 26644898 466 1 3 3602
425 26644898 466 7 2 50
426 26644898 466 2 10 2
427 26644898 466 5 10 4
428 26644898 466 4 4 434
429 26644898 466 5 7 1
430 26644898 466 1 9 4
431 26644898 466 4 2 50
432 26644898 466 9 0 7
433 26644898 466 10 1 2
434 26644898 466 1 0 7
435 26896574 467 4 3 45
436 26896574 467 1 6 6
437 26896574 467 10 9 8
438 26896574 467 4 0 1291
439 26896574 467 5 6 60
440 26896574 467 6 8 7
441 26896574 467 5 9 8
442 26965657 468 7 6 61
443 27394563 473 5 7 3
444 27394563 473 0 8 1669
445 27394563 473 3 5 204
446 27394563 473 3 7 3
447 27394563 473 3 8 52
448 27394563 473 10 10 1
449 27394563 473 7 10 5
450 27394563 473 0 3 14
451 28277340 475 4 9 5
452 28277340 475 8 5 2
453 28277340 475 9 8 2
454 28277340 475 1 5 13
455 28277340 475 4 2 3
456 28277340 475 0 4 2
457 28277340 475 3 6 1
458 28277340 475 1 0 6
459 28277340 475 10 1 13
460 28277340 475 2 3 1
461 28277340 475 5 6 1
462 28277340 475 6 5 2
463 28277340 475 4 6 6
464 28277340 475 7 2 1
465 28277340 475 9 7 9
466 28286397 476 8 10 15
467 28439657 479 2 9 1
468 28471242 480 5 8 224
469 28481872 482 10 0 122
470 28500642 483 2 10 40
471 28608066 487 5 1 65
472 28719518 489 0 1 222
473 28719518 489 0 0 785
474 28719518 489 3 7 5
475 28745659 491 2 10 39
476 28766951 492 8 7 3095
477 29614038 498 9 2 4
478 29614038 498 6 7 7
479 29614038 498 10 3 4
480 29614038 498 0 2 4
481 29614038 498 8 1 17
482 29614038 498 4 2 4
483 29614038 498 1 10 13
484 29614038 498 7 4 50
485 29614038 498 8 2 4
486 29614038 498 2 8 514
487 29614038 498 7 1 17
488 29614038 498 4 7 7
489 29614038 498 5 0 10
490 29614038 498 7 8 514
491 29614038 498 7 2 9
492 29682670 499 7 6 4848
493 29682670 499 7 10 10
494 29748821 504 10 9 1333
495 29748821 504 6 9 296
496 30225322 507 1 3 2
497 30225322 507 0 9 7
498 30225322 507 8 2 17
499 30225322 507 2 2 28
500 30225322 507 5 2 40
501 30225322 507 4 7 72
502 30225322 507 3 0 15
503 30412481 510 7 7 2681
504 30412481 510 7 9 1
505 30412481 510 7 4 1991
506 30412481 510 6 4 1991
507 30911084 513 9 0 1
508 30911084 513 1 0 1
509 30911084 513 3 9 20
510 30911084 513 7 7 11
511 30911084 513 3 7 5
512 30911084 513 2 9 20
513 30911084 513 0 6 80
514 30911084 513 7 1 58
515 30911084 513 10 9 20
516 30911084 513 10 10 2
517 30911084 513 10 2 6
518 31013592 516 4 3 1
519 31013592 516 2 3 1
520 31030124 519 10 10 44
521 31154984 533 9 4 779
522 31259921 537 10 10 11
523 31259921 537 7 10 11
524 31392505 542 1 4 16
525 31392505 542 1 7 28344
526 31668037 551 3 6 60
527 31668037 551 8 1 3
528 31668037 551 1 9 9759
529 32572384 555 9 6 71
530 32572384 555 2 6 94
531 32572384 555 2 7 3
532 32572384 555 5 6 23
533 32572384 555 10 2 876
534 32572384 555 4 9 2
535 32572384 555 4 6 47
536 32572384 555 5 5 1
537 32572384 555 5 3 202
538 32572384 555 2 0 2
539 32572384 555 6 9 35
540 32572384 555 0 0 1
541 32572384 555 6 0 1
542 32572384 555 0 2 876
543 32572384 555 8 0 4
544 32572384 555 8 4 829
545 32572384 555 3 7 3
546 32572384 555 3 4 829
547 32572384 555 7 5 11
548 32572384 555 4 0 3
549 32572384 555 1 0 1
550 32572384 555 8 8 7
551 32572384 555 6 2 876
552 32572384 555 1 2 876
553 32887204 556 10 3 92
554 32887204 556 8 0 1
555 32887204 556 3 10 335
556 32887204 556 9 1 1
557 32887204 556 8 10 335
558 32887204 556 8 1 1
559 32887204 556 8 7 15
560 32887204 556 10 4 26
561 32959402 557 3 9 238
562 32959402 557 3 5 64
563 33048966 558 1 7 123
564 33121126 561 8 10 28
565 33191993 562 10 4 31234
566 33275417 563 10 8 1666
567 33275417 563 10 2 11
568 33340482 565 1 0 14
569 33340482 565 1 1 233
570 33344442 566 3 6 39
571 33685520 569 2 1 1
572 33685520 569 0 10 6
573 33685520 569 6 3 21
574 33685520 569 7 7 1
575 33685520 569 9 6 87
576 33685520 569 0 1 65
577 33685520 569 5 5 1
578 33693765 571 7 7 16
579 33693765 571 1 7 32
580 33725598 573 10 5 50
581 33725598 573 1 5 19
582 33735868 574 8 5 178
583 34028004 576 10 0 51
584 34028004 576 0 3 30
585 34073642 578 3 0 66
586 34082204 580 3 8 25
587 34230126 582 4 7 3007
588 34384129 588 4 1 168
589 34505696 597 0 4 14
590 34800155 603 2 10 133
591 34907831 606 10 2 49
592 34907831 606 10 9 101
593 34932850 610 1 3 27
594 35014393 611 3 4 39
595 35771153 612 8 0 713
596 35771153 612 8 7 2539
597 35771153 612 6 3 1
598 35771153 612 6 6 1
599 35771153 612 0 4 26
600 35771153 612 10 5 3603
601 35771153 612 1 1 3
602 35771153 612 9 0 1427
603 35771153 612 4 1 3
604 35771153 612 6 8 17
605 35771153 612 8 1 13
606 35771153 612 6 1 13
607 35771153 612 7 6 4
608 35771153 612 5 5 360
609 35771153 612 7 9 1
610 35771153 612 9 9 8
611 35771153 612 3 8 8
612 35771153 612 2 0 71
613 35771153 612 1 9 14
614 35771153 612 1 7 2539
615 35771153 612 0 6 1
616 35771153 612 3 10 5
617 35771153 612 2 2 448
618 35771153 612 6 4 26
619 35771153 612 3 4 26
620 35771153 612 6 5 240
621 35771153 612 9 10 5
622 35834773 613 3 2 20
623 35836649 614 6 5 252
624 36549632 616 3 10 854
625 36549632 616 7 2 1
626 36549632 616 5 2 1
627 36549632 616 5 4 3
628 36549632 616 7 5 3683
629 36549632 616 8 10 854
630 36549632 616 10 10 1709
631 36549632 616 8 2 1
632 36549632 616 5 3 20
633 36549632 616 1 8 1
634 36549632 616 8 0 6921
635 36549632 616 10 2 2
636 36549632 616 7 3 20
637 36549632 616 4 8 1
638 36563266 617 4 2 116
639 36672950 621 2 8 37
640 36693279 624 9 5 2839
641 36699402 625 7 0 104
642 36699402 625 4 0 34
643 36895030 628 1 3 228
644 36895030 628 1 6 127
645 36895030 628 1 4 81
646 36895030 628 1 9 181
647 36895030 628 1 5 389
648 36971727 631 2 3 144
649 37150463 633 5 8 159
650 37184511 634 7 9 19581
651 37228617 635 5 8 1373
652 37333713 641 5 6 2
653 37773497 644 9 9 54
654 37773497 644 7 3 21
655 37773497 644 4 4 647
656 37773497 644 0 8 908
657 37773497 644 9 8 3635
658 37773497 644 3 0 8
659 37773497 644 1 4 647
660 37773497 644 2 9 27
661 37773497 644 7 8 908
662 37773497 644 3 10 1
663 37773497 644 3 8 908
664 37814756 650 7 10 29
665 37828369 654 7 5 44
666 37830986 655 8 3 82
667 37841190 656 0 0 126
668 37848693 657 7 3 56
669 37919004 662 4 4 2
670 37988012 668 5 6 68
671 37994068 670 5 9 92
672 38590215 671 8 9 8
673 38590215 671 2 3 123
674 38590215 671 3 1 4531
675 38590215 671 3 2 6
676 38590215 671 4 2 13
677 38590215 671 9 2 6
678 38604084 672 8 2 85
679 38710416 675 2 2 222
680 38710416 675 2 1 64
681 38842426 681 10 5 12
682 39320831 683 6 4 638
683 39320831 683 1 1 50
684 39320831 683 2 7 548
685 39320831 683 2 9 30
686 39320831 683 4 3 29
687 39320831 683 4 10 16
688 39320831 683 7 8 11
689 39320831 683 10 0 1
690 39363226 687 10 2 32
691 39363226 687 5 8 7
692 39462300 689 5 4 1591
693 39707464 690 0 1 12
694 39707464 690 0 5 4
695 39707464 690 0 7 11086
696 39707464 690 0 2 81
697 39917303 692 2 5 10
698 40930743 695 6 8 1
699 40930743 695 3 0 21
700 40930743 695 4 8 1
701 40930743 695 0 0 42
702 40930743 695 9 10 1
703 40930743 695 10 1 3
704 40930743 695 2 4 1
705 40930743 695 0 6 38
706 40930743 695 4 9 429
707 40930743 695 3 2 793
708 40930743 695 6 6 1
709 40930743 695 7 5 28
710 40930743 695 8 8 1
711 40930743 695 10 10 1
712 40930743 695 5 2 793
713 40930743 695 2 3 13
714 40930743 695 3 5 7
715 40930743 695 5 7 8
716 40930743 695 0 5 14
717 40969306 697 6 6 3138
718 41185025 698 2 4 268
719 41185025 698 10 4 89
720 41185025 698 2 5 3
721 41185025 698 10 9 66
722 41196013 700 9 4 4666
723 41299270 701 2 9 1
724 41299270 701 4 2 3
725 41299270 701 1 2 3
726 41484605 702 0 8 88
727 41484605 702 3 0 1187
728 41484605 702 0 10 1
729 41671654 703 2 9 325
730 41671654 703 9 9 325
731 41671654 703 2 2 4702
732 41671654 703 2 6 38
733 41691694 705 0 5 52
734 41706361 707 6 1 13
735 41829395 710 3 10 1
736 41898740 712 4 4 99
737 41965917 716 3 10 175
738 41973837 717 0 7 4
739 42321128 718 5 7 5
740 42321128 718 6 3 15
741 42321128 718 1 7 17
742 42321128 718 6 5 175
743 42488041 723 3 2 3584
744 42488041 723 3 6 66
745 42488041 723 6 4 174
746 42488041 723 6 10 11
747 42551827 724 6 1 111
748 42635047 727 6 5 7
749 42635047 727 2 5 14
750 42635047 727 8 7 2
751 42647674 729 1 6 6073
752 42667326 730 0 2 68
753 42676993 731 2 10 8
754 42889853 732 0 2 722
755 42889853 732 6 5 66
756 42889853 732 7 5 26
757 42889853 732 6 3 7
758 42889853 732 0 5 132
759 42889853 732 9 3 7
760 42894082 733 10 8 12
761 42895269 734 2 0 38
762 43107925 735 9 2 1
763 43107925 735 9 3 20
764 43107925 735 6 5 36
765 43107925 735 6 0 70
766 43261114 739 10 2 39026
767 43261114 739 10 10 132
768 43761680 741 4 10 8
769 43761680 741 0 10 110
770 43761680 741 5 1 40583
771 43761680 741 3 6 2
772 43767772 742 9 10 31
773 43966072 750 0 3 82
774 44400333 751 10 2 15409
775 44400333 751 4 5 355
776 44400333 751 9 6 55
777 44400333 751 1 8 1
778 44400333 751 5 9 15
779 44480231 752 8 9 5
780 44480231 752 1 0 168
781 44593249 755 9 8 92
782 44593249 755 9 9 56
783 44715584 757 1 5 578
784 44715584 757 8 1 38
785 44715584 757 7 0 7
786 44715584 757 3 0 7
787 44794405 762 4 1 36
788 45069829 766 2 4 48
789 45069829 766 1 4 16
790 45069829 766 7 10 7
791 45069829 766 0 5 13
792 45069829 766 1 6 172
793 45069829 766 0 3 1
794 45088412 767 6 8 67
795 45263667 768 8 7 6
796 45263667 768 0 6 37
797 45263667 768 8 8 1321
798 45263667 768 0 7 2
799 45263667 768 8 2 620
800 45327115 773 10 10 34
801 45327115 773 9 10 52
802 45388860 777 1 6 75
803 45440882 778 2 9 7
804 45440882 778 10 1 279
805 45498175 780 1 1 117
806 45498175 780 2 5 4
807 45567466 786 6 0 54
808 45629077 791 0 1 26
809 45725564 798 4 2 46
810 45725564 798 4 1 2953
811 45734565 801 9 6 20
812 45756381 802 5 0 43
813 45858312 806 5 0 104
814 45905618 813 10 8 83
815 46018190 817 7 3 1577
816 46037182 819 7 3 21
817 46905743 822 3 3 1
818 46905743 822 1 8 239
819 46905743 822 8 10 3
820 46905743 822 5 4 1
821 46905743 822 4 2 9
822 46905743 822 5 5 26
823 46905743 822 7 0 1
824 46905743 822 10 10 1
825 46905743 822 8 8 239
826 46905743 822 4 6 8
827 46905743 822 6 6 4
828 46905743 822 0 1 1
829 46905743 822 6 3 1
830 46905743 822 1 1 1
831 46905743 822 2 0 1
832 47593607 823 9 0 8
833 47593607 823 1 4 3553
834 47593607 823 3 6 282
835 47593607 823 8 1 969
836 47593607 823 8 9 3
837 47593607 823 3 4 3553
838 47593607 823 9 4 7107
839 47593607 823 3 5 599
840 47593607 823 10 10 1
841 47611026 824 0 10 47
842 47811612 825 0 2 27
843 47811612 825 7 1 19
844 47811612 825 10 2 54
845 47813275 826 9 8 28
846 47935243 830 8 1 24
847 48194485 834 2 5 908
848 48246447 839 8 3 4
849 48261261 841 10 5 4815
850 48429648 845 10 7 4
851 48429648 845 4 7 9
852 48488607 846 5 9 17114
853 48488607 846 5 8 80
854 48504407 850 9 6 662
855 48521252 851 0 6 15
856 48799016 861 3 4 112
857 48812320 862 9 9 70
858 49333997 864 1 4 5
859 49333997 864 10 7 1
860 49333997 864 4 5 15
861 49333997 864 9 4 5
862 49377078 869 6 9 164
863 49395406 870 8 10 22
864 49490295 873 8 2 1986
865 49578636 874 2 9 31
866 49578636 874 2 7 312
867 49638703 876 4 3 37
868 49704815 881 4 2 561
869 49704815 881 6 2 1685
870 49704815 881 2 2 561
871 50087144 886 9 9 1503
872 50087144 886 8 1 11
873 50087144 886 1 9 2254
874 50087144 886 5 9 751
875 50087144 886 6 0 14
876 50087144 886 6 5 25
877 50174320 889 6 2 173
878 50533190 894 10 10 33
879 50533190 894 3 7 3
880 50533190 894 7 2 5
881 50533190 894 4 5 8
882 50533190 894 5 1 19
883 50533190 894 8 10 133
884 50533190 894 10 3 6
885 50533190 894 2 1 4
886 50558594 895 7 9 9
887 50751926 896 9 10 16
888 50751926 896 10 2 38
889 50751926 896 3 2 38
890 50751926 896 1 10 33
891 50778646 897 0 6 1763
892 50855950 899 6 8 4891
893 50855950 899 6 3 108
894 50915309 901 0 3 1484
895 50915309 901 1 3 1484
896 51027923 903 1 2 22
897 51027923 903 1 10 49
898 51083346 905 1 8 95
899 51083346 905 5 8 95
900 51097917 906 8 8 271
901 51254942 907 4 7 6019
902 51254942 907 2 8 156
903 51329039 909 9 10 26
904 51403693 911 6 0 1365
905 51403693 911 2 0 682
906 51486732 913 10 2 38
907 51486732 913 0 2 19
908 51695741 923 10 7 1223
909 51771445 924 0 6 1
910 51771445 924 8 6 3
911 51878409 926 7 2 58
912 51878409 926 7 5 9235
913 52749200 929 5 4 878
914 52749200 929 1 1 3
915 52749200 929 9 0 5
916 52749200 929 1 0 2
917 52749200 929 2 4 2635
918 52749200 929 4 7 2
919 52749200 929 10 7 2
920 52749200 929 8 7 6
921 52749200 929 7 0 2
922 52749200 929 1 8 4
923 52749200 929 8 1 1
924 52749200 929 2 6 218
925 52749200 929 8 8 9
926 52749200 929 4 6 54
927 53255791 930 8 6 13
928 53255791 930 9 3 15
929 53255791 930 5 6 13
930 53255791 930 10 9 71
931 53255791 930 4 2 7
932 53255791 930 8 0 69778
933 53255791 930 8 7 10
934 53255791 930 7 10 683
935 53255791 930 6 8 928
936 53255791 930 0 7 10
937 53713284 931 8 7 45
938 53713284 931 2 0 11622
939 53713284 931 4 1 10
940 53713284 931 1 9 2119
941 53713284 931 4 3 49
942 53713284 931 4 5 349
943 53713284 931 8 1 84
944 53713284 931 0 8 4
945 54016013 932 4 8 67
946 54016013 932 1 10 23
947 54016013 932 10 2 1805
948 54046947 934 1 7 15
949 54097692 938 9 5 48
950 54152775 939 9 9 59
951 54152775 939 2 8 14263
952 54201634 940 0 7 99809
953 54201634 940 0 6 15144
954 55012853 941 1 2 2
955 55012853 941 1 3 1
956 55012853 941 7 4 3
957 55012853 941 3 10 18
958 55012853 941 2 8 2
959 55012853 941 8 4 11
960 55012853 941 5 9 2610
961 55012853 941 5 10 18
962 55012853 941 9 4 1
963 55012853 941 2 4 1
964 55012853 941 9 8 1
965 55012853 941 5 8 1
966 55012853 941 1 1 1248
967 55012853 941 6 4 1
968 55012853 941 10 7 2
969 55012853 941 6 8 1
970 55034710 944 8 1 104
971 55046456 946 7 9 37
972 55124684 948 0 1 107
973 55221727 950 3 8 7
974 55258765 955 7 4 6343
975 55292850 957 7 9 35
976 55292850 957 1 9 17
977 55407412 959 10 8 1670
978 55491441 961 1 5 343
979 55524746 965 10 8 564
980 56092044 967 1 10 13
981 56092044 967 1 0 9
982 56092044 967 5 4 14
983 56092044 967 1 2 15
984 56092044 967 1 4 29
985 56092044 967 1 7 243
986 56092044 967 4 2 15
987 56167665 970 4 3 16276
988 56198328 971 1 8 30
989 56198328 971 10 8 30
990 56426118 973 0 2 17
991 56426118 973 2 6 19
992 56426118 973 0 4 10
993 56426118 973 2 10 26
994 56570051 984 10 4 10212
995 56628701 989 7 5 56
996 56646067 990 4 1 2
997 56648009 992 0 10 8980
998 56850919 994 5 5 16
999 56873810 995 5 6 518
