11 352 1000
0 120519 0 9 8 56
1 120519 0 1 2 152
2 120519 0 1 1 3
3 120519 0 1 7 23
4 459971 3 9 0 4792
5 459971 3 9 1 84
6 459971 3 5 8 197
7 459971 3 10 3 252
8 532415 4 5 8 14
9 532415 4 6 8 9
10 557185 6 3 9 2025
11 580149 7 1 4 57
12 840790 9 4 7 39
13 840790 9 1 2 19
14 1180324 13 8 10 297
15 1180324 13 10 1 1591
16 1180324 13 5 4 340
17 1220430 16 1 4 7
18 1544175 17 9 3 46
19 1544175 17 3 1 44
20 1544175 17 9 9 658
21 1544175 17 6 5 184
22 1544175 17 2 2 8942
23 1544175 17 9 10 1
24 1544175 17 0 2 526
25 1544175 17 1 8 1
26 1611148 18 1 0 61
27 1611148 18 1 5 253
28 1812558 21 3 4 45
29 1812558 21 4 8 86
30 2133408 29 10 4 20
31 2133408 29 2 7 377
32 2133408 29 10 9 5
33 2133408 29 10 6 2425
34 2133408 29 10 1 11
35 2149833 30 0 6 11
36 2215129 32 6 4 72
37 2335994 37 3 9 6321
38 2335994 37 4 0 25
39 2335994 37 6 10 4
40 2447067 39 10 5 6
41 2545999 41 10 1 3192
42 2545999 41 10 6 244
43 2604860 44 1 3 43
44 2633587 48 10 8 53
45 2719417 50 7 8 1
46 3440766 51 0 1 15
47 3440766 51 3 9 1
48 3440766 51 0 6 1
49 3440766 51 0 5 33
50 3440766 51 5 7 5
51 3440766 51 3 10 1
52 3440766 51 9 4 31
53 3440766 51 0 10 1
54 3440766 51 10 9 1
55 3450416 53 4 10 10
56 3523908 58 1 2 7830
57 3882463 59 5 2 102
58 3882463 59 2 6 19
59 3882463 59 5 5 28
60 3882463 59 8 1 22
61 3882463 59 8 8 1
62 3882463 59 8 7 6
63 3882463 59 8 0 4
64 3968967 63 8 5 77
65 4087854 66 0 6 59
66 4087854 66 0 1 84
67 4087854 66 0 2 233
68 4119210 68 4 4 13
69 4249357 70 3 10 99
70 4357533 72 6 1 5
71 4357533 72 6 5 28
72 4374733 74 7 7 25
73 4813086 75 10 7 1
74 4813086 75 8 9 1
75 4813086 75 10 3 33
76 4813086 75 6 1 591
77 4813086 75 5 1 5916
78 4813086 75 8 1 4733
79 4813086 75 3 8 1
80 4813086 75 8 5 115
81 4813086 75 1 6 163
82 4813086 75 9 7 1
83 4813086 75 7 8 1
84 4813086 75 1 8 1
85 4813086 75 9 6 14
86 4946723 82 1 8 76
87 5533786 84 3 6 1
88 5533786 84 6 1 8
89 5533786 84 6 8 1
90 5533786 84 7 1 8
91 5533786 84 6 3 17
92 5533786 84 4 9 6
93 5533786 84 3 4 5
94 5533786 84 4 0 7
95 5842580 94 4 5 1513
96 5962518 97 7 9 5530
97 6296576 99 7 9 42
98 6869164 102 1 4 4
99 6869164 102 9 3 11
100 6869164 102 4 7 1
101 6869164 102 7 7 1
102 6869164 102 4 5 14
103 6869164 102 6 3 5
104 6869164 102 1 5 14
105 6869164 102 5 6 1
106 6869164 102 8 6 31
107 6869164 102 1 9 9
108 6988298 107 6 2 1524
109 7249761 108 8 0 226
110 7249761 108 5 3 13
111 7249761 108 5 4 34
112 7315094 114 6 9 34
113 7390194 116 2 7 208
114 7390194 116 2 0 61
115 7461392 117 0 9 4276
116 7545388 118 1 5 301
117 7787117 127 0 5 244
118 7798119 129 4 10 22
119 7880122 132 0 1 6
120 7935659 134 8 9 76
121 8079951 136 1 6 153
122 8079951 136 1 0 2006
123 8540966 137 4 0 56
124 8548518 138 9 5 109
125 8587408 139 7 1 25
126 8587551 140 7 4 142
127 8681991 143 0 2 200
128 8805059 146 6 4 5
129 8805059 146 10 4 11
130 8926617 152 4 1 1312
131 9432758 154 3 8 261
132 9432758 154 6 9 23
133 9432758 154 1 9 11
134 9432758 154 6 5 69
135 9432758 154 3 7 1284
136 9432758 154 7 0 21
137 9432758 154 0 8 196
138 9463324 156 2 8 23
139 9487030 158 5 2 59
140 10022927 160 0 5 35
141 10022927 160 4 0 11
142 10022927 160 2 0 11
143 10022927 160 1 6 2
144 10022927 160 1 7 1
145 10022927 160 10 2 843
146 10022927 160 6 7 1
147 10022927 160 5 7 1
148 10022927 160 9 2 210
149 10223372 162 2 1 2890
150 10223372 162 7 6 44
151 10223372 162 7 0 3799
152 10223372 162 6 10 5
153 10225302 163 4 3 297
154 10317756 165 4 4 14
155 10317756 165 2 3 372
156 10350258 168 6 2 30
157 10430644 170 3 9 3937
158 10479857 172 4 10 18
159 10577421 174 1 2 9
160 10577421 174 0 4 18
161 10577421 174 9 7 14
162 10577421 174 6 6 96
163 10577421 174 1 3 36
164 10587427 175 2 6 13
165 10589749 176 6 9 8
166 10775582 177 3 7 17
167 10775582 177 0 9 9
168 10827672 183 4 0 35
169 10965591 190 10 0 36
170 11497828 198 0 1 4
171 11497828 198 8 0 5
172 11497828 198 2 2 6
173 11497828 198 3 6 1002
174 11497828 198 7 9 7
175 11497828 198 2 4 2
176 11546911 202 3 10 415
177 11546911 202 3 0 194
178 11671207 203 8 10 2495
179 11671207 203 7 0 49
180 11907540 210 8 3 299
181 11907540 210 2 3 1
182 11907540 210 5 3 7
183 11907540 210 7 3 1
184 11991463 217 8 5 78
185 12015504 218 1 2 17074
186 12089488 224 3 5 91
187 12129770 227 5 7 1033
188 12342996 229 0 9 74
189 12595136 230 8 5 3
190 12595136 230 8 10 2
191 12595136 230 0 7 226
192 12595136 230 3 5 3
193 12595136 230 8 0 12
194 12595136 230 3 6 6
195 13083901 233 2 5 1
196 13083901 233 2 7 1
197 13083901 233 7 5 3
198 13083901 233 7 10 160
199 13083901 233 7 2 17
200 13083901 233 8 3 1
201 13083901 233 0 5 1
202 13083901 233 4 0 7
203 13083901 233 0 1 4
204 13303011 237 4 3 1
205 13303011 237 10 0 18
206 13303011 237 4 0 72
207 13385883 239 7 1 18
208 13888881 241 1 2 1952
209 13888881 241 6 8 1
210 13888881 241 1 9 1226
211 13888881 241 6 5 1682
212 13888881 241 6 4 14
213 13888881 241 3 8 1
214 13888881 241 7 3 1
215 13888881 241 7 4 14
216 13888881 241 6 0 9
217 13888881 241 3 7 55
218 13888881 241 1 1 18
219 13888881 241 9 6 1
220 13888881 241 6 9 1226
221 13892720 243 10 1 22
222 13918083 244 10 9 11740
223 13993613 254 2 4 52
224 14014922 256 4 0 18
225 14270784 259 8 5 600
226 14270784 259 4 7 25
227 14270784 259 10 7 25
228 14270784 259 5 3 1246
229 14270784 259 1 10 622
230 14273653 261 2 6 94
231 14826136 262 8 3 1
232 14826136 262 0 9 30
233 14826136 262 4 7 1
234 14826136 262 2 4 9
235 14826136 262 4 9 15
236 14826136 262 8 2 6
237 14826136 262 0 1 30
238 14826136 262 9 9 15
239 14826136 262 9 1 30
240 14826136 262 4 6 17
241 14826136 262 8 9 15
242 14826136 262 3 8 14
243 14895592 263 0 10 3048
244 15015241 269 4 4 68
245 15015241 269 4 6 99
246 15110798 278 7 6 166
247 15124324 279 6 1 37
248 15133780 281 1 7 651
249 15204931 282 8 9 41
250 15204931 282 8 6 237
251 15284357 285 4 7 350
252 15284357 285 4 8 94
253 16160168 287 4 2 6
254 16160168 287 6 8 5
255 16160168 287 4 1 3
256 16160168 287 2 9 1
257 16160168 287 8 5 2
258 16160168 287 0 0 3
259 16160168 287 2 8 5
260 16160168 287 10 5 4
261 16160168 287 5 10 7
262 16160168 287 7 5 2
263 16160168 287 2 2 3
264 16160168 287 10 8 35
265 16160168 287 3 7 807
266 16160168 287 9 5 2
267 16486675 291 0 8 26
268 16486675 291 10 1 2688
269 16486675 291 8 0 6
270 16486675 291 0 2 3435
271 16486675 291 7 7 333
272 16486675 291 3 7 111
273 16486675 291 6 7 333
274 16785971 292 7 0 6
275 16785971 292 4 9 176
276 16785971 292 9 8 218
277 16785971 292 3 10 3
278 16992187 298 9 0 21
279 16992187 298 1 5 75
280 16992187 298 9 6 844
281 16992187 298 1 10 121
282 16992187 298 9 5 37
283 17026651 301 1 6 4864
284 17365377 303 9 8 649
285 17365377 303 3 10 14
286 17365377 303 10 0 1
287 17365377 303 4 7 3
288 17365377 303 8 9 204
289 17571418 304 2 8 40
290 17571418 304 3 1 7
291 17611183 305 7 7 38
292 17630269 307 4 4 476
293 17630269 307 8 4 476
294 17698988 308 6 5 6089
295 17698988 308 6 10 9873
296 17733005 310 0 1 221
297 17790519 311 6 4 133
298 17801191 314 9 1 54
299 18283624 317 8 5 964
300 18283624 317 3 7 1004
301 18283624 317 0 4 10
302 18283624 317 7 5 964
303 18452902 324 6 5 7
304 18452902 324 4 9 142
305 18452902 324 10 5 7
306 18452902 324 9 9 47
307 18509612 327 2 10 1020
308 18509612 327 1 3 3434
309 18717105 328 7 8 44
310 18717105 328 1 8 44
311 18717105 328 1 3 1
312 18793744 330 0 8 10328
313 18856587 335 1 3 1
314 18923976 337 4 2 67
315 18923976 337 4 6 86
316 19062589 339 8 5 95
317 19062589 339 10 7 31
318 19062589 339 8 3 215
319 19062589 339 2 3 645
320 19272744 340 0 9 15
321 19272744 340 6 1 3
322 19293391 341 10 2 91
323 19310631 343 6 4 129
324 19385336 346 6 5 978
325 19528936 353 0 10 3133
326 19542845 355 6 6 29
327 19650334 361 6 9 119
328 19698993 362 0 2 1
329 19698993 362 8 2 2
330 19698993 362 3 2 2
331 19730640 363 8 4 62
332 19903820 369 3 3 18
333 20106864 370 2 10 11
334 20106864 370 9 3 10
335 20106864 370 1 3 30
336 20135640 371 1 8 116
337 20144115 374 7 10 23
338 20160800 379 3 3 2
339 20160800 379 1 3 2
340 20310107 380 10 5 64
341 20310107 380 10 6 315
342 20376384 386 10 3 976
343 20404980 387 9 9 1
344 20544374 388 0 0 709
345 20544374 388 7 10 17
346 20544374 388 7 2 3
347 21033420 390 8 7 38
348 21033420 390 4 9 174
349 21033420 390 1 0 29
350 21033420 390 3 5 6
351 21033420 390 9 5 6
352 21033420 390 2 8 767
353 21033420 390 4 3 596
354 21033420 390 7 8 767
355 21207769 392 2 2 58
356 21830385 395 5 8 66
357 21830385 395 9 5 532
358 21830385 395 5 7 3
359 21830385 395 8 10 31
360 21830385 395 0 9 2555
361 21830385 395 4 6 13
362 21830385 395 3 0 440
363 21830385 395 10 1 3
364 21830385 395 8 1 33
365 21888731 398 3 9 12
366 22153347 402 2 6 88
367 22153347 402 9 3 65
368 22153347 402 2 3 65
369 22320194 407 2 4 49
370 22740283 409 8 9 15
371 22740283 409 6 3 65
372 22740283 409 5 1 542
373 22740283 409 5 8 13
374 22740283 409 10 7 1
375 22740283 409 1 2 11
376 22740283 409 1 6 1
377 22740283 409 10 4 4
378 22968701 413 9 0 144
379 22968701 413 9 3 3
380 22968701 413 9 5 300
381 22968701 413 9 9 16
382 22975205 414 7 9 40
383 23056270 420 7 10 64
384 23152161 422 7 2 569
385 23241667 424 7 1 86
386 23241667 424 7 9 6021
387 23989784 428 0 9 1
388 23989784 428 1 3 136
389 23989784 428 9 7 1
390 23989784 428 6 5 822
391 23989784 428 9 6 1
392 23989784 428 6 9 1
393 23989784 428 0 2 2
394 23989784 428 3 5 822
395 23989784 428 7 8 2
396 23989784 428 3 6 1
397 23989784 428 8 0 4
398 23989784 428 3 8 2
399 23989784 428 9 0 1
400 23989784 428 3 10 4
401 23989784 428 9 3 3
402 23989784 428 1 2 17
403 24409266 430 8 0 40
404 24409266 430 0 10 2
405 24409266 430 0 8 2
406 24409266 430 0 2 18
407 24409266 430 4 6 190
408 24409266 430 10 4 3
409 24409266 430 0 3 2
410 24409266 430 9 1 1051
411 24512337 435 7 1 108
412 24530063 437 8 1 4733
413 24535163 438 8 4 10191
414 24566714 440 5 10 4
415 24566714 440 4 10 4
416 24610241 443 6 9 43
417 24610241 443 6 5 69
418 24610241 443 6 6 1210
419 24610241 443 6 3 83
420 24731860 452 8 10 147
421 24768451 456 6 5 8547
422 25100653 457 7 0 8
423 25100653 457 5 9 13
424 25100653 457 7 1 3
425 25100653 457 8 9 13
426 25259441 460 1 5 102
427 25259441 460 1 2 8
428 25583830 461 3 7 1
429 25583830 461 7 8 9
430 25583830 461 6 9 85
431 25583830 461 7 1 11
432 25611879 463 2 0 60
433 26644898 466 10 5 1
434 26644898 466 1 0 7
435 26644898 466 7 4 652
436 26644898 466 8 0 7
437 26644898 466 5 0 7
438 26644898 466 10 6 16
439 26644898 466 3 2 100
440 26644898 466 8 5 1
441 26644898 466 3 4 2174
442 26644898 466 7 7 1
443 26644898 466 5 7 1
444 26644898 466 10 3 1801
445 26896574 467 9 5 5
446 26896574 467 9 0 3875
447 27109492 472 4 0 7
448 27109492 472 8 0 14
449 27394563 473 2 9 4
450 27394563 473 0 2 7
451 27394563 473 6 9 2
452 27394563 473 5 3 14
453 27394563 473 1 9 12
454 27394563 473 10 8 52
455 27394563 473 8 8 104
456 27394563 473 10 3 59
457 27394563 473 3 7 3
458 27394563 473 5 9 2
459 27394563 473 7 9 2
460 28277340 475 6 10 10
461 28277340 475 10 8 5
462 28277340 475 6 4 1
463 28277340 475 6 9 5
464 28277340 475 10 5 2
465 28277340 475 2 2 1
466 28277340 475 5 5 15
467 28277340 475 9 3 1
468 28277340 475 0 5 2
469 28277340 475 9 10 15
470 28277340 475 6 0 2
471 28277340 475 7 10 5
472 28277340 475 6 3 1
473 28277340 475 10 0 1
474 28277340 475 0 10 10
475 28277340 475 9 6 1
476 28277340 475 1 0 6
477 28277340 475 4 2 3
478 28277340 475 0 6 1
479 28277340 475 6 7 85
480 28277340 475 8 7 4
481 28286397 476 8 10 15
482 28372478 477 2 1 282
483 28439657 479 8 9 1
484 28439657 479 7 9 1
485 28500642 483 7 10 8
486 28559009 486 6 3 91
487 28608066 487 5 4 344
488 28608066 487 5 2 306
489 28719518 489 3 0 785
490 28719518 489 9 9 62
491 29614038 498 6 8 514
492 29614038 498 0 8 1028
493 29614038 498 9 1 319
494 29614038 498 9 3 1
495 29614038 498 0 6 1
496 29614038 498 5 4 50
497 29614038 498 1 8 5658
498 29614038 498 6 1 35
499 29614038 498 3 2 28
500 29614038 498 7 8 514
501 29614038 498 9 10 261
502 29614038 498 10 9 1
503 29614038 498 7 9 18
504 29614038 498 9 7 44
505 29614038 498 1 4 50
506 29614038 498 2 8 514
507 29614038 498 5 5 702
508 29682670 499 7 10 10
509 29719990 503 1 1 6017
510 29748821 504 1 10 30
511 29759559 506 7 10 2637
512 30225322 507 4 3 2
513 30225322 507 4 2 120
514 30225322 507 3 3 26
515 30225322 507 9 3 14
516 30225322 507 7 7 72
517 30225322 507 0 2 17
518 30225322 507 2 2 28
519 30243172 508 1 8 38
520 30412481 510 6 3 4
521 30412481 510 7 0 47
522 30412481 510 7 3 4
523 30419012 512 2 3 5300
524 30911084 513 1 1 5
525 30911084 513 1 4 300
526 30911084 513 4 7 11
527 30911084 513 7 2 42
528 30911084 513 3 6 80
529 30911084 513 10 3 26
530 30911084 513 6 3 21
531 31013592 516 9 3 1
532 31013592 516 4 3 1
533 31049768 522 4 9 174
534 31057287 524 1 8 1009
535 31119603 527 5 0 238
536 31129030 529 2 9 374
537 31134597 530 3 10 50
538 31146552 532 9 9 7164
539 31154984 533 9 4 779
540 31168348 534 3 4 114
541 31259921 537 10 10 11
542 31392505 542 1 10 78241
543 31392505 542 1 2 138
544 31472160 547 4 7 18
545 31472160 547 4 2 327
546 31553754 550 3 6 6
547 31553754 550 2 6 6
548 31668037 551 1 9 9759
549 31668037 551 9 1 7
550 32572384 555 2 4 829
551 32572384 555 8 9 11
552 32572384 555 7 1 95
553 32572384 555 6 1 191
554 32572384 555 10 6 47
555 32572384 555 6 10 1
556 32572384 555 7 5 11
557 32572384 555 9 8 7
558 32572384 555 8 1 478
559 32572384 555 0 9 2
560 32572384 555 0 6 47
561 32572384 555 10 3 607
562 32572384 555 2 1 191
563 32572384 555 7 8 102
564 32572384 555 1 5 1
565 32572384 555 1 2 876
566 32572384 555 0 0 1
567 32572384 555 3 5 1
568 32887204 556 5 7 31
569 32887204 556 8 8 765
570 32959402 557 3 4 51
571 33121126 561 7 10 28
572 33191993 562 10 0 17
573 33191993 562 10 4 31234
574 33275417 563 10 2 11
575 33275417 563 10 10 127
576 33275417 563 10 9 33
577 33340482 565 1 7 39
578 33344542 567 1 5 9237
579 33685520 569 6 7 1
580 33685520 569 8 0 26
581 33685520 569 0 0 52
582 33685520 569 3 6 1
583 33685520 569 8 5 1
584 33685520 569 9 0 26
585 33770036 575 10 8 15
586 34028004 576 10 10 989
587 34073642 578 3 9 11
588 34230126 582 4 7 3007
589 34230126 582 4 10 93
590 34230126 582 4 3 49
591 34307467 583 6 9 208
592 34384129 588 4 8 19655
593 34384129 588 4 4 244
594 34384129 588 4 5 688
595 34384129 588 4 6 76
596 34384129 588 4 10 9
597 34411516 590 3 6 136
598 34465975 593 9 9 1350
599 34505696 597 3 4 14
600 34793966 602 6 9 19
601 34793966 602 8 4 906
602 34907831 606 10 0 183
603 34907831 606 10 7 327
604 34907831 606 10 2 49
605 35014393 611 3 4 39
606 35014393 611 1 4 39
607 35771153 612 0 2 897
608 35771153 612 5 9 1
609 35771153 612 6 4 26
610 35771153 612 8 6 1
611 35771153 612 2 8 8
612 35771153 612 7 8 8
613 35771153 612 1 9 14
614 35771153 612 0 4 26
615 35771153 612 4 7 2539
616 35771153 612 2 7 2539
617 35771153 612 5 3 1
618 35771153 612 9 9 8
619 35771153 612 9 2 1346
620 35771153 612 2 9 14
621 35771153 612 2 10 5
622 35771153 612 8 0 713
623 35771153 612 4 10 5
624 35834773 613 3 4 36562
625 35834773 613 3 6 58
626 35834773 613 3 7 12697
627 36549632 616 3 6 36
628 36549632 616 2 3 83
629 36549632 616 8 1 1
630 36549632 616 8 4 1
631 36549632 616 3 0 988
632 36549632 616 8 3 20
633 36549632 616 9 7 200
634 36549632 616 3 4 1
635 36549632 616 6 3 145
636 36549632 616 10 0 494
637 36549632 616 10 4 1
638 36549632 616 2 1 1
639 36549632 616 2 8 1
640 36549632 616 4 1 1
641 36549632 616 4 5 1227
642 36549632 616 4 8 1
643 36612080 620 10 8 40
644 36693279 624 3 5 14198
645 36693279 624 4 5 2839
646 36693279 624 8 5 2839
647 36699402 625 9 0 34
648 36895030 628 1 4 81
649 37150463 633 5 0 4797
650 37150463 633 5 8 159
651 37150463 633 5 10 15
652 37184511 634 7 5 82
653 37228617 635 5 3 16
654 37228617 635 5 4 37
655 37274263 637 7 10 8
656 37274263 637 4 10 24
657 37274263 637 10 10 8
658 37333713 641 5 6 2
659 37340654 643 0 4 19
660 37773497 644 1 4 647
661 37773497 644 7 0 8
662 37773497 644 9 3 64
663 37773497 644 4 0 8
664 37773497 644 1 8 1817
665 37773497 644 8 9 27
666 37773497 644 3 10 1
667 37773497 644 0 0 25
668 37773497 644 10 9 27
669 37773497 644 0 2 152
670 37814756 650 10 10 29
671 37825161 653 7 10 4838
672 37868472 660 7 7 16605
673 37918973 661 7 0 13
674 37988012 668 5 3 3071
675 38590215 671 1 3 61
676 38590215 671 2 6 8
677 38590215 671 9 6 8
678 38590215 671 8 9 8
679 38590215 671 5 9 8
680 38590215 671 6 4 3355
681 38590215 671 5 5 30
682 38590215 671 4 7 1
683 38590215 671 3 0 3
684 38590215 671 5 1 715
685 38590215 671 8 0 7
686 38590215 671 2 0 3
687 38590215 671 6 0 1
688 38590215 671 2 3 123
689 38604084 672 8 2 85
690 38604084 672 10 0 82
691 38611517 673 9 1 956
692 38710416 675 2 3 19475
693 39320831 683 2 1 25
694 39320831 683 5 8 11
695 39320831 683 5 3 29
696 39320831 683 2 5 1
697 39320831 683 0 9 15
698 39320831 683 9 1 25
699 39320831 683 3 2 4582
700 39320831 683 8 1 50
701 39320831 683 6 5 1
702 39320831 683 5 9 15
703 39320831 683 6 7 548
704 39363226 687 10 2 32
705 39462300 689 9 10 4
706 39462300 689 5 10 2
707 39707464 690 8 4 1727
708 39707464 690 0 1 12
709 39707464 690 0 0 5775
710 39707464 690 0 6 14
711 39707464 690 8 10 16
712 39717917 691 2 2 49
713 39985096 693 8 6 75
714 39985096 693 8 10 1001
715 40930743 695 3 3 4
716 40930743 695 10 1 3
717 40930743 695 5 1 3
718 40930743 695 10 10 1
719 40930743 695 6 10 1
720 40930743 695 4 9 429
721 40930743 695 7 8 1
722 40930743 695 3 1 11
723 40930743 695 7 10 5
724 41185025 698 10 2 25
725 41185025 698 10 6 20
726 41185025 698 10 10 32
727 41484605 702 4 1 5
728 41484605 702 3 9 43
729 41484605 702 3 0 1187
730 41484605 702 0 2 28
731 41484605 702 4 0 1187
732 41706361 707 6 1 13
733 41829395 710 3 5 9637
734 41898740 712 10 4 49
735 42321128 718 10 3 15
736 42321128 718 1 5 87
737 42321128 718 2 10 21
738 42321128 718 1 1 6
739 42488041 723 6 9 23
740 42635047 727 6 7 2
741 42676993 731 2 10 8
742 42889853 732 4 6 4
743 42889853 732 9 3 7
744 42889853 732 9 5 52
745 42889853 732 5 0 4
746 42889853 732 5 9 46
747 43107925 735 9 7 1348
748 43107925 735 9 5 36
749 43122881 736 2 6 1770
750 43261114 739 10 7 96
751 43261114 739 10 8 67
752 43761680 741 2 7 2
753 43761680 741 5 6 5
754 43761680 741 6 5 22
755 43761680 741 6 7 14
756 43761680 741 3 5 17
757 43857029 744 1 3 64
758 43868140 747 8 5 26
759 43960209 749 4 9 1
760 44400333 751 10 8 1
761 44400333 751 1 1 15
762 44400333 751 3 1 15
763 44400333 751 5 9 15
764 44400333 751 2 2 119
765 44400333 751 2 6 55
766 44400333 751 5 6 111
767 44480231 752 3 0 42
768 44715584 757 3 0 7
769 44715584 757 8 5 578
770 44784347 761 4 5 45
771 44800718 763 6 4 34
772 45069829 766 3 5 13
773 45069829 766 5 7 7
774 45069829 766 4 10 7
775 45263667 768 8 5 373
776 45263667 768 8 10 47
777 45263667 768 8 0 103
778 45263667 768 8 6 2
779 45263667 768 0 0 103
780 45440882 778 8 9 7
781 45498175 780 3 5 4
782 45534158 783 7 10 8
783 45535728 784 4 10 191
784 45596826 788 10 8 200
785 45636355 794 4 6 74
786 45725564 798 4 2 46
787 45756381 802 5 0 43
788 45756381 802 10 2 4521
789 45756565 803 8 3 11335
790 45846425 805 1 6 154
791 45858312 806 5 0 104
792 45886974 808 1 3 14
793 45906652 814 1 3 170
794 46018190 817 8 3 1577
795 46905743 822 6 4 1
796 46905743 822 2 1 1
797 46905743 822 0 7 414
798 46905743 822 6 10 1
799 46905743 822 3 3 1
800 46905743 822 3 9 9
801 46905743 822 5 8 479
802 46905743 822 3 10 9
803 46905743 822 7 2 12
804 46905743 822 2 7 1244
805 46905743 822 0 8 1679
806 46905743 822 1 10 1
807 46905743 822 2 3 5
808 46905743 822 6 1 1
809 47593607 823 9 7 751
810 47593607 823 1 4 3553
811 47593607 823 3 5 599
812 47593607 823 10 6 7637
813 47593607 823 5 2 6
814 47593607 823 5 0 8
815 47593607 823 3 4 3553
816 47593607 823 3 0 8
817 47593607 823 5 4 3553
818 47593607 823 2 1 969
819 47593607 823 9 2 6
820 47593607 823 2 6 282
821 47811612 825 5 0 3
822 47811612 825 1 1 19
823 47811612 825 6 0 115
824 47811612 825 10 4 62
825 48093399 833 7 2 89
826 48093399 833 7 0 119
827 48194485 834 7 0 177
828 48194485 834 9 9 14
829 48194485 834 9 10 1400
830 48194485 834 2 0 15
831 48201868 836 1 3 86
832 48369653 843 9 3 39
833 48396758 844 7 9 283
834 48488607 846 5 0 54
835 48488607 846 5 3 96
836 48500655 849 7 10 39
837 48548695 854 6 10 67
838 48573303 856 4 4 30
839 48649934 857 9 6 9641
840 48649934 857 9 4 62
841 48649934 857 9 0 2932
842 48649934 857 9 10 21849
843 48725055 859 6 9 148
844 48812320 862 9 9 70
845 49333997 864 4 4 5
846 49333997 864 4 1 14
847 49333997 864 7 6 4
848 49333997 864 4 8 113
849 49333997 864 5 8 113
850 49333997 864 4 5 15
851 49333997 864 1 9 35
852 49333997 864 10 7 1
853 49333997 864 9 4 5
854 49359751 867 2 3 81
855 49489474 872 6 6 114
856 49578636 874 2 4 61
857 49578636 874 2 6 213
858 49647458 878 9 6 46
859 49664269 880 1 7 27314
860 50087144 886 5 3 48
861 50087144 886 2 2 1476
862 50087144 886 0 5 25
863 50087144 886 6 2 82
864 50087144 886 8 4 1
865 50087144 886 4 1 5
866 50091458 887 6 4 158
867 50154726 888 10 8 196
868 50154726 888 10 2 136
869 50174320 889 9 2 34
870 50212184 893 8 3 795
871 50533190 894 8 4 18
872 50533190 894 10 8 1
873 50533190 894 3 2 11
874 50533190 894 3 9 35
875 50533190 894 9 10 33
876 50533190 894 4 3 12
877 50533190 894 9 1 4
878 50533190 894 5 3 6
879 50533190 894 2 3 6
880 50751926 896 9 10 16
881 50751926 896 1 10 33
882 50751926 896 8 3 3173
883 50751926 896 8 9 10
884 50751926 896 3 0 1968
885 50751926 896 2 0 1968
886 50751926 896 1 3 1586
887 51083346 905 9 8 95
888 51083346 905 6 8 95
889 51083346 905 8 8 95
890 51254942 907 2 6 68
891 51329039 909 9 7 11407
892 51403693 911 5 0 682
893 51575933 917 3 9 3
894 51649573 919 10 1 2
895 51649573 919 2 1 1
896 51667323 920 8 10 8
897 51667323 920 8 9 28
898 51771445 924 0 6 1
899 51773972 925 8 0 184
900 51878409 926 7 10 8973
901 52749200 929 3 6 109
902 52749200 929 0 9 8
903 52749200 929 8 5 227
904 52749200 929 10 10 1
905 52749200 929 3 4 878
906 52749200 929 2 4 2635
907 52749200 929 6 5 227
908 52749200 929 10 3 3
909 52749200 929 7 6 54
910 52749200 929 2 7 2
911 52749200 929 0 10 1
912 52749200 929 0 2 4
913 52749200 929 3 5 227
914 53255791 930 4 10 683
915 53255791 930 10 10 683
916 53255791 930 2 0 2492
917 53255791 930 8 2 7
918 53255791 930 2 10 683
919 53255791 930 0 1 28
920 53255791 930 0 7 10
921 53255791 930 2 8 1548
922 53255791 930 6 7 10
923 53255791 930 1 9 71
924 53255791 930 6 2 7
925 53255791 930 3 4 7804
926 53713284 931 7 8 4
927 53713284 931 3 2 81995
928 53713284 931 7 1 10
929 53713284 931 8 8 4
930 53713284 931 2 3 24
931 53713284 931 8 10 225
932 54016013 932 2 10 23
933 54016013 932 10 6 4
934 54016013 932 4 9 4
935 54016013 932 5 3 13
936 54016013 932 9 2 902
937 54016013 932 5 8 6
938 54016013 932 1 1 779
939 54016013 932 1 10 23
940 54016013 932 6 10 47
941 54016013 932 8 4 43
942 54046947 934 8 7 122
943 54152775 939 4 8 42789
944 54201634 940 0 7 99809
945 54201634 940 0 0 266
946 54201634 940 0 8 217
947 55012853 941 6 9 2610
948 55012853 941 5 7 1
949 55012853 941 4 2 10
950 55012853 941 9 5 13
951 55012853 941 1 9 2610
952 55012853 941 4 9 3916
953 55012853 941 7 8 6
954 55012853 941 4 0 22
955 55012853 941 3 0 5
956 55012853 941 3 3 2
957 55012853 941 5 9 2610
958 55012853 941 1 5 13
959 55012853 941 9 3 1
960 55012853 941 8 2 2
961 55012853 941 5 1 192
962 55012853 941 7 5 55
963 55012853 941 9 10 18
964 55024885 943 6 0 1
965 55046456 946 8 9 37
966 55046456 946 7 9 37
967 55124684 948 1 6 11083
968 55124684 948 1 4 16
969 55250881 954 6 9 78
970 55407412 959 10 9 43
971 55407412 959 10 0 127
972 56092044 967 1 7 243
973 56092044 967 1 1 369
974 56092044 967 5 0 9
975 56092044 967 6 1 369
976 56092044 967 5 6 3080
977 56092044 967 0 7 243
978 56092044 967 7 10 40
979 56092044 967 4 8 44
980 56198328 971 9 8 90
981 56198328 971 10 8 30
982 56272055 972 10 2 558
983 56426118 973 2 5 1938
984 56426118 973 2 7 85545
985 56449793 975 10 8 1
986 56449793 975 8 8 3
987 56470848 977 2 2 5970
988 56554515 980 1 10 102
989 56576609 985 5 10 2635
990 56646701 991 9 10 233
991 56725452 993 4 3 13014
992 56725452 993 4 7 154
993 56850919 994 0 1 28
994 56850919 994 0 5 16
995 56850919 994 1 0 3
996 56850919 994 10 0 3
997 56850919 994 7 0 6
998 56873810 995 5 6 518
999 56979525 999 8 2 26
