11 357 1000
0 17217 0 1 9 151
1 17217 0 1 10 471
2 17217 0 9 6 12
3 17217 0 1 1 3
4 65710 3 9 1 84
5 65710 3 10 0 2396
6 65710 3 5 4 3213
7 76059 4 2 0 15
8 76059 4 6 8 9
9 76059 4 8 0 205
10 86959 8 10 0 624
11 120112 9 4 8 2
12 120112 9 7 1 19
13 120112 9 1 6 23
14 120112 9 4 9 7
15 127449 10 4 1 8702
16 168617 13 3 1 265
17 168617 13 7 10 99
18 220596 17 3 7 19
19 220596 17 0 9 5269
20 220596 17 3 1 44
21 220596 17 1 2 526
22 220596 17 5 7 2
23 220596 17 9 3 46
24 220596 17 3 5 16
25 230164 18 1 1 13067
26 258936 21 3 2 1009
27 258936 21 4 8 86
28 258936 21 3 9 94
29 269090 25 3 0 5933
30 279604 27 10 0 130
31 304772 29 2 5 28
32 304772 29 10 5 56
33 304772 29 10 2 2926
34 304772 29 10 9 5
35 316447 32 7 4 14
36 333713 37 6 10 4
37 349581 39 0 5 34
38 363714 41 10 6 244
39 372122 44 1 3 43
40 373745 45 1 6 1063
41 376226 48 8 8 26
42 376459 49 5 3 10203
43 388488 50 1 3 14
44 491538 51 9 4 31
45 491538 51 7 10 1
46 491538 51 9 10 1
47 491538 51 8 2 26
48 491538 51 5 1 15
49 491538 51 3 3 15
50 491538 51 8 7 5
51 491538 51 5 9 1
52 491538 51 8 0 21
53 491538 51 5 3 15
54 503415 58 1 2 7830
55 554637 59 2 4 8
56 554637 59 1 0 2
57 554637 59 5 9 36
58 554637 59 8 7 6
59 564921 61 2 2 24
60 583979 66 0 3 61
61 588762 69 5 1 15911
62 607051 70 10 8 21
63 622504 72 6 1 5
64 687583 75 9 7 1
65 687583 75 9 4 1
66 687583 75 10 3 33
67 687583 75 8 9 1
68 687583 75 10 4 3
69 687583 75 6 1 591
70 687583 75 10 9 1
71 687583 75 0 9 1
72 696013 77 6 4 52
73 790540 84 3 0 7
74 790540 84 7 6 1
75 790540 84 3 6 1
76 790540 84 6 7 65
77 790540 84 4 9 6
78 790540 84 7 4 5
79 790540 84 6 6 1
80 790540 84 7 10 95
81 796673 88 1 6 30
82 811912 89 7 6 1461
83 811912 89 7 7 1448
84 811912 89 7 8 6309
85 811912 89 7 4 298
86 821385 91 0 2 550
87 834654 94 0 5 1513
88 834654 94 3 5 756
89 834654 94 6 5 756
90 851788 97 8 9 1843
91 899510 99 9 8 1
92 899510 99 0 9 42
93 899510 99 0 1 40
94 899510 99 7 7 12
95 899510 99 0 6 10
96 899510 99 7 4 28
97 981309 102 10 10 21
98 981309 102 5 1 3
99 981309 102 7 7 1
100 981309 102 7 4 16
101 981309 102 5 7 2
102 981309 102 7 9 9
103 981309 102 5 6 1
104 981309 102 4 0 35
105 981309 102 8 1 91
106 989123 103 9 5 13
107 989123 103 0 5 6
108 1035680 108 3 2 1
109 1035680 108 4 0 226
110 1035680 108 7 4 34
111 1035680 108 0 2 1
112 1035680 108 8 10 3
113 1035680 108 8 3 27
114 1040674 110 3 0 197
115 1040674 110 3 8 100
116 1040674 110 3 6 59
117 1043708 112 9 1 2
118 1043770 113 10 6 349
119 1045013 114 6 9 34
120 1055742 116 2 7 208
121 1055742 116 2 2 161
122 1065913 117 0 5 160
123 1065913 117 0 3 30
124 1080235 120 0 7 124
125 1083879 123 10 10 32
126 1114968 130 7 10 226
127 1125731 132 5 0 21
128 1133665 134 8 3 3
129 1154278 136 8 9 9
130 1154278 136 8 10 32
131 1154278 136 1 3 16
132 1220138 137 2 3 9
133 1220138 137 3 4 99
134 1220138 137 8 6 2
135 1220138 137 7 7 3
136 1220138 137 5 8 4
137 1220138 137 6 3 9
138 1226772 139 7 1 25
139 1240284 143 0 3 45
140 1240284 143 0 8 4
141 1272505 150 2 7 5692
142 1273872 151 5 9 3
143 1282698 153 8 9 37
144 1347536 154 7 1 33
145 1347536 154 3 7 1284
146 1347536 154 7 6 115
147 1347536 154 5 10 2
148 1347536 154 8 1 5
149 1347536 154 3 4 10
150 1347536 154 1 0 2
151 1347536 154 10 8 87
152 1355290 158 5 2 59
153 1431846 160 9 2 210
154 1431846 160 10 5 5
155 1431846 160 6 3 2
156 1431846 160 6 7 1
157 1431846 160 8 6 5
158 1431846 160 7 2 421
159 1431846 160 5 1 1
160 1431846 160 7 0 11
161 1460481 162 7 6 44
162 1460481 162 0 1 1445
163 1460481 162 6 0 1899
164 1460481 162 2 1 2890
165 1463405 164 6 8 11399
166 1490092 170 3 1 57
167 1497122 172 7 8 29
168 1511060 174 1 3 36
169 1511060 174 7 6 24
170 1539368 177 0 9 9
171 1539368 177 3 4 23
172 1550372 184 3 5 54
173 1559120 187 9 1 15
174 1566513 190 8 10 8155
175 1577586 192 3 10 87
176 1642546 198 10 10 7
177 1642546 198 3 10 14
178 1642546 198 1 1 4
179 1649558 202 3 4 167
180 1667315 203 7 10 2495
181 1667315 203 8 6 48
182 1667315 203 8 2 64
183 1667315 203 7 2 64
184 1683163 209 7 5 39
185 1683163 209 1 5 39
186 1701077 210 4 3 1
187 1701077 210 3 3 1
188 1704125 211 9 6 59
189 1705380 214 0 7 47
190 1713066 217 6 4 13
191 1713066 217 9 5 39
192 1726113 223 2 7 68
193 1727069 224 3 4 238
194 1732824 227 5 7 1033
195 1733472 228 3 2 31
196 1763285 229 0 0 10
197 1763285 229 2 8 118
198 1799305 230 0 9 29
199 1799305 230 3 1 230
200 1799305 230 0 2 1
201 1799305 230 8 9 29
202 1799305 230 0 3 136
203 1799305 230 8 5 3
204 1805015 232 10 5 1
205 1869128 233 1 2 4
206 1869128 233 6 10 47
207 1869128 233 0 5 1
208 1869128 233 5 0 7
209 1869128 233 9 2 4
210 1869128 233 8 3 1
211 1869128 233 4 2 8
212 1869128 233 9 8 94
213 1869128 233 9 5 1
214 1869128 233 6 3 5
215 1869128 233 8 0 7
216 1900430 237 4 10 82
217 1900430 237 10 2 55
218 1900430 237 10 5 107
219 1902046 238 3 7 58456
220 1912269 239 7 1 18
221 1912269 239 9 1 9
222 1912743 240 1 6 190
223 1984125 241 3 7 55
224 1984125 241 9 0 9
225 1984125 241 9 4 28
226 1984125 241 9 8 23
227 1984125 241 4 4 14
228 1984125 241 9 6 1
229 1988297 244 4 1 1
230 1992060 246 10 0 30
231 1996883 252 1 10 17
232 1998683 253 2 6 83
233 2038683 259 5 7 25
234 2038683 259 1 10 622
235 2038683 259 9 1 891
236 2038683 259 10 7 25
237 2038683 259 8 5 600
238 2038683 259 4 7 25
239 2038683 259 10 3 623
240 2038683 259 8 8 8101
241 2038683 259 1 7 25
242 2038683 259 2 10 622
243 2118019 262 4 9 15
244 2118019 262 8 7 1
245 2118019 262 9 10 6
246 2118019 262 4 10 18
247 2118019 262 0 8 21
248 2118019 262 4 4 12
249 2118019 262 3 0 9
250 2118019 262 4 8 7
251 2118019 262 0 5 2
252 2127941 263 4 10 1524
253 2133703 266 5 10 10
254 2134606 267 8 9 312
255 2136186 268 5 0 210
256 2145034 269 4 0 22
257 2145034 269 4 3 93
258 2156274 274 8 9 85
259 2172133 282 8 8 145
260 2183479 285 4 4 168
261 2183479 285 4 2 275
262 2308595 287 7 9 1
263 2308595 287 2 0 3
264 2308595 287 10 8 35
265 2308595 287 10 9 1
266 2308595 287 3 3 23
267 2308595 287 1 10 7
268 2308595 287 6 8 5
269 2308595 287 5 9 1
270 2308595 287 4 0 1
271 2308595 287 8 8 5
272 2308595 287 1 9 3
273 2308595 287 7 3 17
274 2308595 287 4 10 7
275 2308595 287 3 6 24
276 2355239 291 0 7 111
277 2355239 291 1 9 1096
278 2355239 291 5 0 3
279 2397995 292 3 8 654
280 2397995 292 4 10 1
281 2397995 292 7 0 6
282 2427455 298 9 1 12
283 2427455 298 1 6 844
284 2427455 298 1 3 1
285 2480768 303 9 10 14
286 2480768 303 4 6 795
287 2480768 303 8 1 25
288 2480768 303 10 0 1
289 2510202 304 3 7 25
290 2510202 304 2 5 23
291 2510202 304 2 6 577
292 2515883 305 7 7 38
293 2518609 307 4 4 476
294 2518609 307 0 4 476
295 2528426 308 6 2 3
296 2528426 308 6 7 58523
297 2528829 309 3 0 37
298 2533286 310 0 1 221
299 2533286 310 7 6 6
300 2611946 317 10 7 1004
301 2611946 317 2 3 54
302 2611946 317 8 7 2009
303 2611946 317 6 2 565
304 2611946 317 4 1 14
305 2611946 317 9 0 4
306 2611946 317 7 5 964
307 2644230 327 3 3 686
308 2673872 328 0 0 1
309 2685051 332 2 8 19
310 2686710 334 1 9 1536
311 2686710 334 6 9 105
312 2693798 335 1 4 11349
313 2703425 337 4 8 4762
314 2703425 337 4 5 11902
315 2704030 338 1 5 37
316 2723227 339 5 10 8843
317 2723227 339 4 10 8843
318 2753249 340 5 3 126
319 2753249 340 3 1 3
320 2753249 340 7 7 2998
321 2753249 340 6 0 20
322 2753249 340 9 0 40
323 2753249 340 9 1 3
324 2771035 347 8 9 74
325 2774628 349 8 6 1136
326 2774628 349 5 6 568
327 2789848 353 0 10 3133
328 2789848 353 0 2 34
329 2789848 353 0 1 6
330 2807190 361 6 9 119
331 2814141 362 1 2 1
332 2826037 366 0 2 23
333 2826037 366 9 5 2928
334 2829267 367 6 10 6
335 2843402 369 2 0 17
336 2843402 369 3 3 18
337 2843402 369 3 8 28
338 2843402 369 2 7 23
339 2872409 370 7 2 9
340 2872409 370 8 8 3
341 2876520 371 1 8 116
342 2880114 379 3 3 2
343 2903062 381 9 6 9029
344 2905233 383 4 6 187
345 2910912 386 10 3 976
346 2934910 388 0 9 4765
347 2934910 388 0 0 709
348 2934910 388 0 7 60
349 2936981 389 6 2 16284
350 3004774 390 0 0 14
351 3004774 390 6 10 1
352 3004774 390 3 1 10
353 3004774 390 2 8 767
354 3004774 390 0 9 349
355 3004774 390 1 0 29
356 3004774 390 5 0 14
357 3029681 392 4 9 3
358 3029681 392 5 5 1283
359 3029681 392 5 0 19
360 3029681 392 7 5 1283
361 3032903 393 8 1 46
362 3118626 395 8 8 33
363 3118626 395 3 7 1
364 3118626 395 9 0 440
365 3118626 395 4 7 1
366 3164763 402 9 5 65
367 3164763 402 9 0 2920
368 3188599 407 2 10 6135
369 3248611 409 2 4 2
370 3248611 409 6 6 1
371 3248611 409 10 7 1
372 3248611 409 2 5 3188
373 3248611 409 2 10 15
374 3248611 409 10 2 3
375 3248611 409 6 10 15
376 3281243 413 9 4 9414
377 3281243 413 2 10 7
378 3281243 413 2 2 3014
379 3288128 419 3 8 77
380 3293752 420 7 8 9
381 3307451 422 1 7 4
382 3427112 428 5 6 1
383 3427112 428 1 9 1
384 3427112 428 9 9 1
385 3427112 428 7 7 1
386 3427112 428 2 1 668
387 3427112 428 7 4 1
388 3427112 428 6 1 668
389 3427112 428 8 0 4
390 3487038 430 9 3 8
391 3487038 430 8 8 1
392 3487038 430 9 1 1051
393 3487038 430 3 2 18
394 3487038 430 1 5 16
395 3487038 430 1 4 24
396 3504294 437 8 1 4733
397 3509530 440 6 3 60
398 3509530 440 6 10 20
399 3509530 440 5 10 4
400 3515748 443 6 8 4
401 3528719 450 9 4 2471
402 3585807 457 6 6 6
403 3585807 457 8 4 1
404 3585807 457 10 7 10
405 3585807 457 5 6 6
406 3608491 460 1 2 8
407 3654832 461 8 7 1
408 3654832 461 4 6 122
409 3654832 461 6 9 85
410 3654832 461 7 10 1
411 3654832 461 8 8 9
412 3654832 461 2 9 3
413 3654832 461 10 8 9
414 3654832 461 6 1 34
415 3806414 466 0 5 6
416 3806414 466 7 2 50
417 3806414 466 6 7 1
418 3806414 466 4 8 1
419 3806414 466 8 7 1
420 3806414 466 10 7 22
421 3806414 466 7 1 8
422 3806414 466 1 10 2
423 3806414 466 0 8 1
424 3806414 466 7 9 12
425 3806414 466 2 5 1
426 3806414 466 8 5 1
427 3806414 466 1 7 1
428 3842367 467 6 0 430
429 3842367 467 2 5 86
430 3852236 468 7 1 79
431 3862707 471 4 10 7385
432 3872784 472 0 0 7
433 3872784 472 4 0 7
434 3913509 473 7 3 14
435 3913509 473 5 2 23
436 3913509 473 10 8 52
437 3913509 473 7 5 68
438 3913509 473 9 8 52
439 3913509 473 2 9 4
440 3913509 473 0 2 7
441 3913509 473 4 5 68
442 4039620 475 1 1 3
443 4039620 475 9 6 1
444 4039620 475 10 1 13
445 4039620 475 3 3 1
446 4039620 475 3 10 5
447 4039620 475 2 3 1
448 4039620 475 1 3 23
449 4039620 475 2 8 2
450 4039620 475 8 2 3
451 4039620 475 1 5 13
452 4039620 475 5 1 3
453 4039620 475 9 1 6
454 4039620 475 5 5 15
455 4039620 475 8 5 2
456 4039620 475 2 1 3
457 4039620 475 5 7 9
458 4039620 475 6 4 1
459 4039620 475 1 9 5
460 4039620 475 7 1 10
461 4040913 476 6 10 30
462 4053211 477 2 5 349
463 4062808 479 8 9 1
464 4072307 485 2 0 117
465 4111931 494 7 2 10
466 4113831 497 9 7 51
467 4230576 498 7 4 50
468 4230576 498 3 6 1
469 4230576 498 2 1 17
470 4230576 498 0 0 43
471 4230576 498 3 9 1
472 4230576 498 8 4 50
473 4230576 498 1 0 10
474 4230576 498 0 7 7
475 4230576 498 2 2 23
476 4230576 498 7 9 18
477 4230576 498 10 9 1
478 4230576 498 3 2 28
479 4230576 498 3 10 13
480 4230576 498 10 3 4
481 4230576 498 5 2 9
482 4230576 498 7 3 9
483 4240381 499 7 8 324
484 4240381 499 7 10 10
485 4240381 499 7 9 100
486 4245099 502 2 6 191
487 4317903 507 3 0 15
488 4317903 507 7 2 5
489 4317903 507 8 6 3
490 4317903 507 4 0 6
491 4317903 507 5 1 2
492 4317903 507 9 2 5
493 4344640 510 7 9 1
494 4344640 510 7 0 47
495 4415869 513 0 6 80
496 4415869 513 0 3 5
497 4415869 513 0 4 200
498 4415869 513 5 7 35
499 4415869 513 8 6 80
500 4415869 513 9 0 1
501 4415869 513 6 6 80
502 4415869 513 0 8 6059
503 4415869 513 1 8 5049
504 4431400 518 9 8 52
505 4435681 522 4 9 174
506 4439952 526 3 2 56
507 4447004 529 2 9 374
508 4462637 535 10 7 6
509 4462637 535 2 1 59
510 4463903 536 3 6 467
511 4465703 537 5 10 11
512 4465703 537 10 10 11
513 4468487 539 9 1 15
514 4470765 541 4 3 230
515 4484643 542 1 9 38
516 4496022 547 4 8 25
517 4496022 547 4 10 15
518 4496022 547 4 0 5771
519 4496022 547 4 1 2357
520 4507679 550 6 6 6
521 4530115 553 0 2 3
522 4530115 553 2 2 3
523 4653197 555 8 1 478
524 4653197 555 10 10 2
525 4653197 555 3 5 1
526 4653197 555 9 10 1
527 4653197 555 8 10 1
528 4653197 555 1 1 95
529 4653197 555 0 5 3
530 4653197 555 4 0 3
531 4653197 555 2 5 1
532 4653197 555 0 10 5
533 4653197 555 7 2 876
534 4653197 555 3 3 202
535 4698172 556 3 5 3164
536 4698172 556 10 3 92
537 4698172 556 3 0 1
538 4698172 556 5 7 31
539 4708486 557 3 4 51
540 4708486 557 3 8 1648
541 4726007 560 6 0 10
542 4726007 560 7 0 10
543 4731589 561 8 10 28
544 4741713 562 10 2 37
545 4753631 563 10 0 26
546 4757081 564 4 9 23
547 4812217 569 8 7 1
548 4812217 569 8 2 26
549 4812217 569 6 5 1
550 4812217 569 9 1 1
551 4812217 569 3 6 1
552 4812217 569 6 2 170
553 4812217 569 7 2 26
554 4812217 569 2 1 1
555 4812431 570 1 9 106
556 4813395 571 7 7 16
557 4824290 575 1 8 15
558 4861143 576 6 9 146
559 4861143 576 0 1 1
560 4862411 577 8 0 1169
561 4862411 577 0 0 2339
562 4890018 582 4 6 282
563 4890018 582 4 7 3007
564 4901066 583 6 10 61
565 4901066 583 6 3 83
566 4901066 583 6 5 15734
567 4904509 587 4 1 12
568 4912018 588 4 3 51
569 4912204 589 4 5 342
570 4920676 591 4 1 2
571 4928022 595 2 9 194
572 4970566 602 8 3 56
573 4971450 603 2 10 133
574 5002056 611 1 4 39
575 5002056 611 7 6 205
576 5002056 611 8 2 17
577 5110164 612 4 0 71
578 5110164 612 0 10 5
579 5110164 612 4 2 448
580 5110164 612 2 3 1
581 5110164 612 1 0 71
582 5110164 612 5 4 80
583 5110164 612 1 5 120
584 5110164 612 3 8 8
585 5110164 612 0 1 3
586 5110164 612 6 7 2539
587 5110164 612 10 5 3603
588 5110164 612 10 9 31
589 5110164 612 10 10 15
590 5110164 612 2 8 8
591 5110164 612 7 5 120
592 5110164 612 6 10 5
593 5110164 612 7 6 4
594 5110164 612 0 2 897
595 5119253 613 3 0 119
596 5119253 613 3 3 19596
597 5119253 613 3 10 14831
598 5119253 613 3 1 10
599 5221376 616 3 0 988
600 5221376 616 4 10 6839
601 5221376 616 0 0 1977
602 5221376 616 8 3 20
603 5221376 616 8 7 200
604 5221376 616 6 10 2564
605 5221376 616 3 8 82
606 5221376 616 1 8 1
607 5221376 616 0 7 200
608 5221376 616 6 0 494
609 5241897 624 2 5 2839
610 5256245 626 2 9 226
611 5256245 626 2 4 100
612 5256245 626 2 6 1690
613 5256245 626 2 5 2333
614 5270718 628 1 4 81
615 5281675 631 9 6 70
616 5281675 631 7 6 351
617 5281675 631 7 5 232
618 5307209 633 5 10 15
619 5307209 633 5 4 225
620 5312073 634 7 9 19581
621 5312073 634 7 10 105
622 5319723 636 6 5 1003
623 5324894 637 4 10 24
624 5396213 644 2 9 27
625 5396213 644 0 0 25
626 5396213 644 1 3 10
627 5396213 644 10 3 10
628 5396213 644 3 0 8
629 5396213 644 3 3 21
630 5396213 644 4 6 1
631 5400520 647 3 3 1338
632 5401207 649 4 1 3092
633 5402108 650 7 10 29
634 5416996 661 4 0 26
635 5420848 666 1 3 75
636 5421256 667 2 7 77
637 5426858 668 5 8 15767
638 5426858 668 5 4 33132
639 5426858 668 5 5 82
640 5427158 669 1 5 24
641 5512887 671 4 2 13
642 5512887 671 2 0 3
643 5512887 671 9 2 6
644 5512887 671 0 7 1
645 5512887 671 5 1 715
646 5512887 671 5 5 30
647 5512887 671 2 1 476
648 5515931 673 9 1 956
649 5530059 675 2 7 2702
650 5530059 675 2 6 44
651 5530059 675 2 9 21
652 5539121 679 10 7 6010
653 5548918 681 3 4 2639
654 5617261 683 2 7 548
655 5617261 683 2 4 1277
656 5617261 683 1 10 32
657 5617261 683 0 0 1
658 5617261 683 8 1 50
659 5617261 683 2 1 25
660 5617261 683 8 2 3054
661 5617261 683 4 0 4
662 5617261 683 10 5 1
663 5617261 683 1 5 4
664 5617261 683 5 1 25
665 5617261 683 5 3 29
666 5617261 683 9 1 25
667 5617261 683 9 6 10
668 5617261 683 2 2 1527
669 5617261 683 4 3 29
670 5637471 689 8 4 318
671 5672494 690 8 5 4
672 5672494 690 8 9 17
673 5672494 690 8 3 45
674 5672494 690 8 6 14
675 5672494 690 0 0 5775
676 5672494 690 8 1 1
677 5672494 690 4 4 863
678 5672494 690 8 7 6335
679 5672494 690 4 8 300
680 5673988 691 8 2 24
681 5673988 691 10 2 74
682 5702471 692 2 1 48
683 5702471 692 10 10 12
684 5702471 692 6 5 222
685 5712156 693 8 8 33
686 5712156 693 8 3 1542
687 5712156 693 8 6 75
688 5847249 695 3 4 1
689 5847249 695 8 2 793
690 5847249 695 6 5 49
691 5847249 695 3 3 4
692 5847249 695 4 8 1
693 5847249 695 9 4 2
694 5847249 695 6 1 3
695 5847249 695 10 5 7
696 5847249 695 5 4 1
697 5847249 695 1 8 1
698 5847249 695 4 7 1
699 5847249 695 2 10 1
700 5847249 695 4 10 1
701 5847249 695 3 6 1
702 5883575 698 2 6 13
703 5883575 698 2 10 32
704 5899895 701 7 2 15
705 5899895 701 0 9 1
706 5899895 701 4 2 3
707 5926372 702 3 0 1187
708 5926372 702 3 10 17
709 5926372 702 4 9 6
710 5926372 702 0 10 1
711 5953093 703 9 1 49
712 5953093 703 9 2 9404
713 5953093 703 2 2 4702
714 5958051 707 6 1 13
715 5976554 711 9 10 28
716 6045875 718 7 9 31
717 6045875 718 10 4 275
718 6045875 718 3 0 36
719 6045875 718 7 5 3430
720 6069720 723 3 0 39
721 6069720 723 3 5 29
722 6069720 723 3 7 32
723 6078832 724 6 5 1502
724 6078832 724 6 1 111
725 6078832 724 6 2 205
726 6090721 727 2 7 5
727 6127121 732 7 5 26
728 6127121 732 5 5 26
729 6127121 732 0 3 15
730 6127121 732 6 5 66
731 6127121 732 6 9 46
732 6158275 735 6 1 62
733 6168179 737 5 0 44
734 6180159 739 10 9 6031
735 6251668 741 2 5 11
736 6251668 741 1 9 119
737 6251668 741 6 7 14
738 6251668 741 4 2 9
739 6251668 741 1 0 1089
740 6251668 741 0 4 33
741 6251668 741 5 2 3
742 6251668 741 7 2 3
743 6251668 741 0 8 1
744 6265289 744 7 8 75
745 6265289 744 7 0 8
746 6280029 749 2 0 33
747 6342904 751 6 1 15
748 6342904 751 8 1 30
749 6342904 751 1 1 15
750 6342904 751 2 5 25
751 6342904 751 0 10 17
752 6342904 751 4 2 597
753 6342904 751 7 7 3
754 6342904 751 9 4 27
755 6342904 751 4 4 54
756 6342904 751 5 1 15
757 6342904 751 10 3 242
758 6342904 751 0 2 119
759 6342904 751 1 10 51
760 6354318 752 3 8 42
761 6370464 755 9 0 195
762 6370464 755 9 4 137
763 6397763 761 5 5 45
764 6438547 766 0 3 1
765 6466238 768 8 1 41
766 6466238 768 0 8 21
767 6466238 768 0 4 59
768 6466238 768 8 0 103
769 6468269 772 1 1 94
770 6475302 773 4 10 87
771 6491554 778 1 1 837
772 6491554 778 5 1 279
773 6499739 780 0 5 4
774 6499739 780 3 1 117
775 6499739 780 2 1 117
776 6500783 781 0 3 77
777 6512804 787 6 4 33
778 6516173 789 3 2 30
779 6518620 792 0 8 118
780 6519479 794 4 6 74
781 6532223 798 4 7 28
782 6532223 798 4 6 33
783 6532223 798 4 0 65
784 6546535 804 4 9 9
785 6554580 807 2 10 55
786 6555930 810 3 7 472
787 6580161 821 7 9 36
788 6700820 822 8 6 4
789 6700820 822 4 1 1
790 6700820 822 2 2 3
791 6700820 822 10 7 138
792 6700820 822 3 5 338
793 6700820 822 0 1 1
794 6700820 822 6 1 1
795 6700820 822 2 0 1
796 6700820 822 5 10 27
797 6700820 822 3 1 1
798 6700820 822 4 4 28
799 6700820 822 0 9 1
800 6700820 822 2 1 1
801 6700820 822 0 8 1679
802 6799086 823 2 10 1
803 6799086 823 8 8 2
804 6799086 823 8 6 282
805 6799086 823 10 9 1
806 6799086 823 10 1 969
807 6799086 823 2 7 751
808 6799086 823 10 5 599
809 6799086 823 5 0 8
810 6799086 823 8 3 9
811 6799086 823 3 4 3553
812 6830230 825 4 4 187
813 6847891 830 1 1 74
814 6847891 830 0 5 5
815 6870485 833 7 6 12731
816 6870485 833 7 8 800
817 6884926 834 8 10 1400
818 6884926 834 2 10 700
819 6907888 842 1 1 148
820 6926943 846 5 3 96
821 6926943 846 5 4 14
822 6939043 856 3 4 30
823 6949990 857 9 9 69
824 6949990 857 9 1 1575
825 6951841 858 4 2 1
826 6960722 859 6 7 207
827 6971288 861 3 10 7689
828 6971288 861 3 4 112
829 6971288 861 3 0 984
830 7047713 864 6 7 2
831 7047713 864 7 5 30
832 7047713 864 5 6 17
833 7047713 864 6 8 339
834 7047713 864 4 8 113
835 7047713 864 10 8 113
836 7047713 864 10 1 14
837 7047713 864 5 9 35
838 7047713 864 5 10 172
839 7051393 867 2 3 81
840 7056486 870 3 3 6
841 7069924 872 2 4 147
842 7069924 872 1 6 11
843 7069924 872 1 4 73
844 7082662 874 2 10 51
845 7082662 874 2 9 31
846 7082662 874 2 2 46
847 7091243 876 4 3 37
848 7091243 876 9 3 18
849 7100687 881 0 2 561
850 7155306 886 7 5 25
851 7155306 886 7 0 14
852 7155306 886 4 7 1
853 7155306 886 8 4 1
854 7155306 886 2 6 1111
855 7155306 886 0 2 82
856 7164960 888 10 10 10210
857 7164960 888 10 2 136
858 7164960 888 10 8 196
859 7164960 888 10 3 87
860 7164960 888 10 5 109
861 7173169 893 8 3 795
862 7219027 894 2 5 30
863 7219027 894 10 9 35
864 7219027 894 4 2 5
865 7219027 894 7 2 5
866 7219027 894 6 3 6
867 7219027 894 5 2 128
868 7219027 894 10 8 1
869 7219027 894 2 3 6
870 7219027 894 5 3 6
871 7219027 894 7 7 1
872 7219027 894 9 1 4
873 7250275 896 3 9 10
874 7250275 896 9 10 16
875 7250275 896 9 3 1586
876 7250275 896 2 0 1968
877 7250275 896 8 2 38
878 7256890 898 1 1 158
879 7265135 899 6 6 12658
880 7273615 901 3 2 517
881 7289703 903 1 10 49
882 7289703 903 1 9 9
883 7297620 905 6 8 95
884 7297620 905 0 8 95
885 7297620 905 9 8 95
886 7297620 905 10 8 95
887 7322134 907 2 0 36
888 7322134 907 4 6 136
889 7322134 907 2 6 68
890 7322134 907 2 3 18
891 7332719 909 9 3 21
892 7343384 911 0 0 682
893 7343384 911 9 0 682
894 7355247 913 1 2 19
895 7360219 915 5 10 65
896 7368601 918 0 1 124
897 7378510 919 2 1 1
898 7378510 919 10 1 2
899 7381046 920 8 10 8
900 7381980 921 8 1 88
901 7395920 924 8 6 3
902 7395920 924 1 6 1
903 7411201 926 7 5 9235
904 7535600 929 8 4 1756
905 7535600 929 3 10 1
906 7535600 929 8 8 9
907 7535600 929 6 3 3
908 7535600 929 10 6 54
909 7535600 929 5 4 878
910 7535600 929 2 0 2
911 7535600 929 2 2 8
912 7535600 929 1 3 6
913 7535600 929 8 1 1
914 7535600 929 1 8 4
915 7535600 929 10 4 1756
916 7535600 929 0 0 5
917 7535600 929 3 0 2
918 7535600 929 9 10 2
919 7535600 929 10 2 4
920 7607970 930 1 2 43
921 7607970 930 10 3 15
922 7607970 930 2 6 13
923 7607970 930 3 3 15
924 7607970 930 1 0 2492
925 7607970 930 9 2 7
926 7607970 930 8 0 69778
927 7607970 930 6 7 10
928 7607970 930 4 10 683
929 7673326 931 1 10 901
930 7673326 931 3 5 4188
931 7673326 931 1 6 8
932 7673326 931 10 0 3169
933 7673326 931 10 1 10
934 7673326 931 3 4 2727
935 7716573 932 2 0 4
936 7716573 932 3 1 779
937 7716573 932 3 9 4
938 7716573 932 6 0 2
939 7716573 932 3 7 3
940 7716573 932 6 10 47
941 7716573 932 2 2 2708
942 7716573 932 10 9 4
943 7728241 938 9 5 48
944 7736110 939 9 9 59
945 7736110 939 8 8 28526
946 7858979 941 1 7 1
947 7858979 941 7 8 6
948 7858979 941 9 5 13
949 7858979 941 6 1 96
950 7858979 941 9 9 2610
951 7858979 941 3 10 18
952 7858979 941 3 2 2
953 7858979 941 2 2 5
954 7858979 941 2 4 1
955 7858979 941 9 8 1
956 7858979 941 6 2 5
957 7858979 941 4 10 18
958 7858979 941 9 4 1
959 7858979 941 1 3 1
960 7858979 941 6 6 24
961 7858979 941 0 5 13
962 7860697 943 4 0 2
963 7874954 948 8 4 5
964 7894173 956 4 1 1266
965 7898978 957 7 9 35
966 7898978 957 1 9 17
967 7915344 959 10 1 1320
968 7915344 959 10 3 152
969 7927348 961 0 5 343
970 7927348 961 4 5 343
971 7927474 962 1 9 174
972 7929630 963 0 8 229
973 7932381 966 4 5 3957
974 8013149 967 4 8 44
975 8013149 967 7 9 4
976 8013149 967 4 10 13
977 8013149 967 5 3 4
978 8013149 967 5 8 44
979 8013149 967 7 10 40
980 8013149 967 0 2 15
981 8013149 967 0 1 369
982 8013149 967 6 5 7
983 8023952 970 10 6 74
984 8023952 970 8 6 37
985 8023952 970 10 4 16
986 8028332 971 1 8 30
987 8038865 972 10 4 228
988 8060874 973 0 6 19
989 8060874 973 2 7 85545
990 8060874 973 2 10 26
991 8060874 973 2 5 1938
992 8064256 975 6 8 1
993 8064256 975 8 8 3
994 8079216 980 10 10 306
995 8092385 991 9 10 233
996 8103636 993 4 0 4812
997 8121559 994 4 4 38
998 8121559 994 5 4 38
999 8121559 994 9 0 3
