11 369 1000
0 17217 0 1 10 471
1 17217 0 1 8 28
2 17527 1 9 1 33309
3 65710 3 10 2 11041
4 65710 3 10 10 1871
5 65710 3 5 1 14
6 65710 3 5 5 113
7 65710 3 5 2 11041
8 65710 3 9 1 84
9 76059 4 9 8 4
10 86959 8 10 0 624
11 120112 9 4 5 248
12 120112 9 4 0 7
13 130392 12 6 2 40
14 168617 13 10 4 340
15 168617 13 5 4 340
16 168617 13 8 4 340
17 220596 17 10 1 44
18 220596 17 7 9 658
19 220596 17 0 10 1
20 230164 18 1 5 253
21 258936 21 3 3 9711
22 258936 21 3 6 41
23 258936 21 4 5 18
24 258936 21 3 0 51960
25 258936 21 3 8 86
26 258936 21 4 4 22
27 264182 23 10 10 4218
28 264182 23 5 10 4218
29 269141 26 0 8 2366
30 304772 29 2 4 83
31 304772 29 10 3 99
32 304772 29 10 7 2267
33 304772 29 10 0 33
34 304772 29 10 5 56
35 307119 30 6 6 11
36 313047 31 5 7 2070
37 316447 32 0 4 14
38 333713 37 4 0 25
39 333713 37 6 0 25
40 333713 37 8 10 4
41 344379 38 10 5 110
42 363714 41 10 1 3192
43 372122 44 1 3 43
44 373745 45 6 6 1063
45 373745 45 5 6 2127
46 373745 45 0 6 3190
47 376226 48 10 8 53
48 388488 50 1 4 745
49 388488 50 2 0 44
50 491538 51 7 8 1
51 491538 51 7 6 9
52 491538 51 3 0 10
53 491538 51 5 6 1
54 491538 51 0 2 10
55 491538 51 8 6 51
56 491538 51 0 4 15
57 491538 51 5 8 1
58 491538 51 10 10 1
59 491538 51 7 10 1
60 494410 54 9 10 4501
61 499593 56 5 2 461
62 554637 59 1 1 67
63 554637 59 8 10 27
64 554637 59 5 5 28
65 554637 59 1 4 1
66 554637 59 5 1 22
67 564921 61 10 2 24
68 564921 61 7 4 126
69 570258 64 2 6 218
70 583979 66 0 0 2
71 583979 66 0 9 82
72 607051 70 8 8 21
73 624961 74 10 7 17
74 687583 75 2 1 591
75 687583 75 0 1 591
76 687583 75 1 2 778
77 687583 75 3 5 115
78 687583 75 9 9 33
79 687583 75 9 6 14
80 687583 75 8 1 4733
81 687583 75 10 7 1
82 687583 75 6 8 68
83 687583 75 9 7 1
84 687583 75 7 9 1
85 688226 76 9 3 98
86 696013 77 8 4 21
87 696013 77 6 4 52
88 703342 81 0 6 119
89 790540 84 6 8 1
90 790540 84 2 2 231
91 790540 84 6 10 10
92 790540 84 10 3 8
93 790540 84 2 4 5
94 790540 84 10 9 1
95 790540 84 7 3 4
96 790540 84 3 1 24
97 790540 84 4 2 694
98 790540 84 4 3 4
99 790774 85 9 6 404
100 796673 88 9 6 10
101 811912 89 7 2 266
102 821385 91 3 2 550
103 821385 91 9 2 4953
104 821564 92 9 0 133
105 834654 94 5 5 756
106 834654 94 6 5 756
107 851788 97 5 9 3687
108 899510 99 0 4 28
109 899510 99 7 1 40
110 899510 99 9 7 12
111 899510 99 0 0 203
112 899510 99 9 9 85
113 981309 102 7 4 16
114 981309 102 1 9 9
115 981309 102 4 7 1
116 981309 102 10 5 57
117 981309 102 4 5 14
118 981309 102 3 2 1451
119 981309 102 3 9 9
120 981309 102 0 1 3
121 981309 102 1 5 14
122 981309 102 4 4 4
123 995592 104 4 2 54
124 995592 104 4 7 132
125 995592 104 4 1 18
126 995592 104 4 10 38979
127 995592 104 4 9 60
128 1035680 108 4 6 7
129 1035680 108 2 5 16
130 1035680 108 0 2 1
131 1035680 108 3 2 1
132 1035680 108 8 3 27
133 1040674 110 3 1 64
134 1040674 110 3 8 100
135 1055742 116 2 9 68
136 1065913 117 0 10 1361
137 1077912 118 10 5 16
138 1078063 119 5 8 2988
139 1080235 120 9 7 124
140 1080235 120 0 7 124
141 1088192 124 1 3 7
142 1088517 125 0 2 16
143 1112445 127 0 6 358
144 1154278 136 1 4 6084
145 1154278 136 8 9 9
146 1220138 137 6 6 2
147 1220138 137 7 9 2136
148 1220138 137 3 9 2136
149 1220138 137 5 6 2
150 1226772 139 10 1 50
151 1240284 143 0 1 26
152 1240284 143 0 10 7810
153 1242133 144 0 4 125
154 1272505 150 2 4 17932
155 1275231 152 4 1 1312
156 1347536 154 6 4 10
157 1347536 154 0 9 11
158 1347536 154 9 5 69
159 1347536 154 10 4 91
160 1347536 154 4 0 4
161 1347536 154 4 5 69
162 1347536 154 8 1 5
163 1431846 160 4 7 1
164 1431846 160 7 2 421
165 1431846 160 5 2 210
166 1431846 160 4 8 306
167 1431846 160 3 1 1
168 1431846 160 9 2 210
169 1431846 160 6 7 1
170 1431846 160 6 9 4
171 1460481 162 7 6 44
172 1460481 162 5 7 225
173 1460481 162 2 4 15
174 1460481 162 6 4 92
175 1460481 162 8 6 14
176 1460481 162 10 4 15
177 1460481 162 6 3 191
178 1460481 162 3 4 15
179 1460481 162 5 10 5
180 1473965 165 2 3 372
181 1473965 165 5 5 110
182 1473965 165 10 4 73
183 1475533 167 2 5 23577
184 1478608 168 1 2 15
185 1490092 170 3 2 1368
186 1497122 172 7 2 54
187 1511060 174 6 6 96
188 1511060 174 7 7 14
189 1539368 177 0 10 393
190 1539368 177 0 5 42
191 1543242 180 5 0 216
192 1544097 181 9 0 206
193 1546810 183 4 0 35
194 1559120 187 9 9 71
195 1567473 191 8 6 7153
196 1577586 192 3 10 87
197 1579687 195 5 3 168
198 1582243 196 9 4 86
199 1642546 198 6 6 111
200 1642546 198 0 1 4
201 1642546 198 4 3 10
202 1642546 198 8 5 1
203 1642546 198 10 6 111
204 1642546 198 6 0 5
205 1642546 198 5 4 4
206 1642546 198 9 4 4
207 1642546 198 7 2 6
208 1649558 202 3 4 167
209 1649558 202 3 3 146
210 1667315 203 8 6 48
211 1670866 205 0 3 62
212 1701077 210 9 3 1
213 1701077 210 7 3 1
214 1705737 215 7 4 8130
215 1718516 220 0 5 2340
216 1726113 223 2 2 68
217 1763285 229 6 5 19
218 1799305 230 8 10 2
219 1799305 230 0 4 78
220 1799305 230 3 6 6
221 1805015 232 10 5 1
222 1869128 233 3 4 11532
223 1869128 233 5 0 7
224 1869128 233 4 8 5
225 1869128 233 6 0 44
226 1869128 233 10 7 1
227 1869128 233 1 2 4
228 1869128 233 0 2 13
229 1869128 233 6 1 4
230 1900430 237 10 8 53
231 1900430 237 4 4 4
232 1900430 237 4 6 47
233 1984125 241 9 7 12
234 1984125 241 6 10 8112
235 1984125 241 1 4 14
236 1984125 241 4 1 6
237 1984125 241 7 4 14
238 1984125 241 3 8 1
239 2001152 255 1 1 42
240 2038683 259 2 7 25
241 2038683 259 3 0 14
242 2038683 259 4 1 891
243 2038683 259 1 0 14
244 2118019 262 3 3 1
245 2118019 262 4 10 18
246 2118019 262 9 6 8
247 2118019 262 3 4 1
248 2127941 263 2 10 1524
249 2127941 263 4 10 1524
250 2129432 264 4 4 5132
251 2129971 265 1 3 69
252 2172133 282 8 8 145
253 2183479 285 4 1 297
254 2183479 285 4 2 275
255 2308595 287 8 10 7
256 2308595 287 9 9 1
257 2308595 287 0 6 24
258 2308595 287 1 5 2
259 2308595 287 0 2 6
260 2308595 287 1 7 807
261 2308595 287 0 5 17
262 2308595 287 10 7 807
263 2308595 287 3 6 24
264 2308595 287 9 0 1
265 2308595 287 7 5 2
266 2308595 287 5 6 170
267 2308595 287 4 1 3
268 2308595 287 9 3 5
269 2308595 287 9 6 24
270 2308595 287 5 3 5
271 2308595 287 8 7 1615
272 2308595 287 5 1 6
273 2308595 287 2 0 3
274 2308595 287 10 8 35
275 2310201 289 10 10 47
276 2355239 291 6 6 409
277 2355239 291 4 9 182
278 2355239 291 5 3 9080
279 2355239 291 1 7 111
280 2355239 291 6 7 333
281 2355239 291 7 1 1536
282 2355239 291 0 2 3435
283 2355239 291 8 3 1267
284 2355239 291 5 8 8
285 2397995 292 10 9 529
286 2397995 292 5 6 13
287 2397995 292 8 1 1776
288 2427455 298 1 8 2839
289 2427455 298 9 4 483
290 2427455 298 9 0 21
291 2427455 298 9 3 134
292 2480768 303 1 2 1892
293 2480768 303 0 2 1892
294 2480768 303 0 6 397
295 2480768 303 8 8 324
296 2510202 304 2 8 40
297 2510202 304 3 9 58
298 2517039 306 7 9 19562
299 2518609 307 5 4 3332
300 2528426 308 6 6 76
301 2528426 308 6 10 9873
302 2528426 308 6 5 6089
303 2542869 312 6 10 391
304 2542943 313 3 2 18
305 2543027 314 9 1 54
306 2611946 317 3 9 5
307 2611946 317 2 9 16
308 2611946 317 0 4 10
309 2611946 317 10 7 1004
310 2611946 317 6 4 10
311 2618134 321 1 5 3080
312 2636128 324 8 5 7
313 2636128 324 6 5 7
314 2673872 328 8 3 2
315 2673872 328 0 8 44
316 2673872 328 4 0 1
317 2673872 328 10 5 297
318 2673872 328 5 5 297
319 2673872 328 7 3 2
320 2673872 328 6 9 2
321 2673872 328 9 0 4
322 2675774 329 2 7 8
323 2684820 330 0 9 26
324 2684820 330 0 10 1364
325 2685639 333 3 5 304
326 2693798 335 1 0 231
327 2723227 339 7 3 430
328 2723227 339 1 5 856
329 2723227 339 7 5 95
330 2723227 339 10 7 31
331 2723227 339 6 5 190
332 2753249 340 2 2 3
333 2753249 340 0 2 3
334 2753249 340 7 7 2998
335 2774628 349 5 6 568
336 2789848 353 0 2 34
337 2794987 357 2 8 157
338 2814141 362 6 3 357
339 2814141 362 3 2 2
340 2814141 362 5 2 1
341 2818667 364 4 6 40
342 2826037 366 9 2 11
343 2829267 367 6 10 6
344 2829515 368 0 7 1327
345 2843402 369 6 0 34
346 2843402 369 9 7 1
347 2872409 370 9 3 10
348 2872409 370 1 10 35
349 2872409 370 5 10 11
350 2877730 374 7 10 23
351 2878841 376 9 10 108
352 2879300 377 9 8 86
353 2901443 380 10 2 57
354 2901443 380 10 7 110
355 2901443 380 10 4 157
356 2903062 381 9 6 9029
357 2934910 388 0 10 199
358 2934910 388 7 4 84
359 3004774 390 9 1 110
360 3004774 390 6 10 1
361 3004774 390 10 4 27
362 3004774 390 7 0 14
363 3004774 390 9 8 2301
364 3004774 390 2 4 27
365 3004774 390 5 6 10335
366 3004774 390 5 3 2686
367 3004774 390 1 6 229
368 3029681 392 10 4 1281
369 3029681 392 7 4 427
370 3029681 392 7 5 1283
371 3118626 395 6 5 177
372 3118626 395 3 3 21
373 3118626 395 10 4 1
374 3118626 395 2 10 10
375 3118626 395 4 7 1
376 3118626 395 10 3 10
377 3118626 395 9 4 1
378 3118626 395 5 4 1
379 3118626 395 5 9 2555
380 3118626 395 3 7 1
381 3118626 395 9 9 2555
382 3131579 400 2 6 38920
383 3134844 401 0 3 1192
384 3164763 402 9 9 42
385 3164763 402 2 10 13
386 3164763 402 9 2 1
387 3164763 402 2 6 88
388 3164763 402 9 8 34
389 3164763 402 2 4 6
390 3166285 404 2 0 10
391 3176060 406 8 0 35
392 3188599 407 2 2 73
393 3248611 409 5 7 1
394 3248611 409 8 3 1
395 3248611 409 6 7 1
396 3251412 410 2 3 1
397 3257490 412 7 1 86
398 3281243 413 2 8 5274
399 3281243 413 9 7 32
400 3281243 413 2 7 32
401 3281243 413 9 9 16
402 3281243 413 9 5 300
403 3283795 415 6 1 12637
404 3307451 422 5 3 54
405 3307451 422 0 7 62
406 3307451 422 7 2 569
407 3320238 424 7 5 282
408 3320238 424 7 4 84
409 3323300 426 5 10 30
410 3325016 427 10 2 48
411 3427112 428 5 4 1
412 3427112 428 0 1 668
413 3427112 428 8 7 1
414 3427112 428 10 9 1
415 3427112 428 9 0 1
416 3427112 428 4 10 38
417 3427112 428 1 2 17
418 3427112 428 6 1 668
419 3427112 428 1 8 2
420 3427112 428 4 7 1
421 3427112 428 9 5 822
422 3427112 428 4 8 2
423 3427112 428 3 0 1
424 3427112 428 5 2 1
425 3427112 428 0 5 822
426 3427112 428 4 4 4
427 3427112 428 2 5 822
428 3487038 430 1 3 4
429 3487038 430 10 5 33
430 3487038 430 9 3 8
431 3487038 430 5 3 2
432 3487038 430 3 5 16
433 3487038 430 3 2 18
434 3487038 430 8 2 36
435 3487038 430 9 10 15
436 3494346 434 2 2 37
437 3494346 434 9 2 74
438 3501762 435 7 6 24
439 3501762 435 6 0 163
440 3515748 443 6 2 42
441 3523172 445 8 0 52
442 3525884 447 3 1 17
443 3528719 450 10 4 617
444 3585807 457 6 5 32
445 3585807 457 5 9 13
446 3585807 457 6 9 40
447 3585807 457 7 7 1
448 3585807 457 0 9 13
449 3585807 457 2 0 8
450 3599265 459 0 5 651
451 3654832 461 4 0 1
452 3654832 461 2 8 9
453 3654832 461 0 2 5
454 3654832 461 6 10 1
455 3654832 461 3 7 1
456 3654832 461 3 2 27
457 3654832 461 4 6 122
458 3654832 461 6 1 34
459 3658839 463 0 0 22
460 3806414 466 1 8 1
461 3806414 466 3 5 1
462 3806414 466 0 3 1801
463 3806414 466 1 3 3602
464 3806414 466 5 3 3602
465 3806414 466 5 7 1
466 3806414 466 6 7 1
467 3806414 466 7 5 1
468 3806414 466 4 2 50
469 3806414 466 2 3 1801
470 3806414 466 8 9 4
471 3806414 466 10 2 50
472 3806414 466 10 4 217
473 3806414 466 2 1 5
474 3806414 466 9 0 7
475 3806414 466 8 2 150
476 3806414 466 0 6 12
477 3806414 466 1 9 4
478 3842367 467 1 8 7
479 3842367 467 4 5 5
480 3842367 467 6 0 430
481 3842367 467 6 7 5
482 3842367 467 5 0 430
483 3862707 471 7 10 923
484 3913509 473 7 3 14
485 3913509 473 3 6 5
486 3913509 473 8 5 68
487 3913509 473 9 3 14
488 4039620 475 0 4 2
489 4039620 475 3 9 5
490 4039620 475 3 8 2
491 4039620 475 10 3 4
492 4039620 475 2 0 1
493 4039620 475 0 10 10
494 4039620 475 0 3 1
495 4039620 475 3 10 5
496 4039620 475 2 5 2
497 4039620 475 7 3 1
498 4039620 475 7 7 9
499 4039620 475 1 5 13
500 4053211 477 2 4 41
501 4062808 479 6 9 1
502 4062808 479 0 9 1
503 4067320 480 5 8 224
504 4072307 485 2 0 117
505 4086866 487 5 8 1304
506 4087385 488 10 4 7643
507 4102788 489 3 7 5
508 4104401 490 10 2 27
509 4230576 498 7 6 1
510 4230576 498 4 9 1
511 4230576 498 9 3 1
512 4230576 498 6 6 1
513 4230576 498 9 8 514
514 4230576 498 3 0 10
515 4230576 498 9 2 4
516 4230576 498 7 4 50
517 4230576 498 6 2 9
518 4230576 498 3 9 1
519 4230576 498 10 7 7
520 4230576 498 3 1 35
521 4230576 498 4 6 1
522 4240381 499 7 7 71
523 4249831 504 1 3 52
524 4251365 506 7 10 2637
525 4317903 507 5 0 12
526 4317903 507 6 10 89
527 4317903 507 0 9 7
528 4317903 507 8 9 7
529 4317903 507 3 0 15
530 4317903 507 1 6 3
531 4317903 507 6 4 2858
532 4317903 507 6 1 1
533 4317903 507 1 7 72
534 4317903 507 1 0 6
535 4344640 510 7 0 47
536 4344640 510 7 6 71
537 4415869 513 1 8 5049
538 4415869 513 5 10 18
539 4415869 513 10 5 345
540 4415869 513 7 7 11
541 4415869 513 8 8 1009
542 4415869 513 2 2 30
543 4430513 516 4 3 1
544 4430650 517 3 10 33396
545 4432874 519 5 10 44
546 4438439 525 2 7 173
547 4446292 528 3 7 128
548 4449507 532 9 9 7164
549 4462637 535 4 7 6
550 4462637 535 8 7 12
551 4465703 537 5 10 11
552 4466691 538 4 8 3
553 4484643 542 1 2 138
554 4496022 547 4 0 5771
555 4528274 552 5 0 76
556 4530115 553 2 2 3
557 4653197 555 7 5 11
558 4653197 555 2 1 191
559 4653197 555 6 4 829
560 4653197 555 4 4 829
561 4653197 555 2 6 94
562 4653197 555 5 1 95
563 4653197 555 0 4 829
564 4653197 555 7 8 102
565 4653197 555 0 6 47
566 4698172 556 3 3 23
567 4698172 556 8 8 765
568 4698172 556 9 0 1
569 4721280 558 1 7 123
570 4731589 561 7 10 28
571 4731589 561 8 10 28
572 4741713 562 10 2 37
573 4741713 562 10 0 17
574 4741713 562 10 6 12990
575 4741713 562 10 1 15233
576 4753631 563 10 7 235
577 4753631 563 10 4 100
578 4757081 564 4 9 23
579 4812217 569 8 5 1
580 4812217 569 9 6 87
581 4813395 571 1 7 32
582 4813412 572 8 0 9018
583 4817942 573 2 5 6
584 4824290 575 1 8 15
585 4861143 576 10 10 989
586 4861143 576 6 5 2438
587 4861143 576 6 3 30
588 4861143 576 6 7 65
589 4890018 582 4 4 50
590 4890018 582 4 9 88
591 4901066 583 6 9 208
592 4912018 588 4 7 10
593 4912018 588 4 8 19655
594 4920676 591 3 10 5
595 4920676 591 10 1 1
596 4929385 597 0 4 14
597 4936142 600 3 8 66
598 4936545 601 6 10 6424
599 4970566 602 8 3 56
600 4970566 602 6 7 74
601 4970566 602 6 8 259
602 4972647 605 4 6 53
603 4986833 606 10 8 31
604 4986833 606 10 5 1333
605 4986833 606 10 9 101
606 4987296 607 10 9 5247
607 5002056 611 0 2 43
608 5110164 612 3 1 6
609 5110164 612 9 4 26
610 5110164 612 4 2 448
611 5110164 612 0 10 5
612 5110164 612 6 8 17
613 5110164 612 10 3 19
614 5110164 612 5 7 2539
615 5110164 612 6 0 71
616 5110164 612 10 1 6
617 5110164 612 7 6 4
618 5110164 612 6 6 1
619 5110164 612 10 10 15
620 5110164 612 3 10 5
621 5110164 612 7 4 26
622 5110164 612 0 3 1
623 5110164 612 7 7 5079
624 5110164 612 0 2 897
625 5110164 612 4 3 1
626 5119253 613 3 3 19596
627 5119253 613 3 10 14831
628 5221376 616 8 5 11051
629 5221376 616 8 9 2
630 5221376 616 6 2 1
631 5221376 616 5 5 8595
632 5221376 616 2 8 1
633 5221376 616 1 5 1227
634 5221376 616 4 7 25228
635 5221376 616 0 1 1
636 5221376 616 2 5 1227
637 5221376 616 10 10 1709
638 5221376 616 5 10 854
639 5221376 616 8 1 1
640 5221376 616 5 0 494
641 5221376 616 3 8 82
642 5221376 616 0 10 12823
643 5221376 616 1 4 1
644 5221376 616 4 9 2
645 5228310 618 2 8 38
646 5239101 622 7 6 13081
647 5256245 626 2 5 2333
648 5270718 628 1 1 107
649 5284918 632 7 1 1214
650 5307209 633 5 0 4797
651 5307209 633 5 5 19724
652 5307209 633 5 1 368
653 5312073 634 7 6 15150
654 5318373 635 5 6 96
655 5319723 636 6 5 1003
656 5324894 637 7 10 8
657 5324894 637 2 10 16
658 5396213 644 10 3 10
659 5396213 644 0 0 25
660 5396213 644 1 0 8
661 5396213 644 9 1 6
662 5396213 644 8 4 4530
663 5396213 644 2 1 20
664 5396213 644 0 9 136
665 5396213 644 6 6 1
666 5416996 661 6 0 13
667 5416996 661 7 0 13
668 5417656 664 5 3 26
669 5426858 668 5 7 18
670 5426858 668 5 1 200
671 5512887 671 7 4 671
672 5512887 671 10 10 4
673 5512887 671 0 10 24
674 5512887 671 6 6 41
675 5512887 671 10 0 1
676 5512887 671 7 7 1
677 5512887 671 2 6 8
678 5514869 672 10 0 82
679 5514869 672 8 5 20
680 5530059 675 2 9 21
681 5530059 675 2 4 30
682 5538938 678 6 4 18
683 5548918 681 2 4 1319
684 5548918 681 10 5 12
685 5617261 683 8 6 10
686 5617261 683 3 4 638
687 5617261 683 1 10 32
688 5617261 683 0 5 12
689 5617261 683 3 6 31
690 5617261 683 3 2 4582
691 5617261 683 7 9 15
692 5617261 683 4 4 3833
693 5617261 683 5 2 1527
694 5623318 687 2 7 41
695 5637471 689 5 4 1591
696 5637471 689 8 4 318
697 5637471 689 9 4 318
698 5672494 690 0 0 5775
699 5672494 690 8 7 6335
700 5672494 690 0 1 12
701 5672494 690 8 1 1
702 5672494 690 4 0 1925
703 5673988 691 2 2 49
704 5702471 692 6 10 51
705 5712156 693 8 10 1001
706 5847249 695 0 5 14
707 5847249 695 8 8 1
708 5847249 695 5 9 214
709 5847249 695 6 9 1503
710 5847249 695 3 7 5
711 5847249 695 2 5 7
712 5847249 695 3 5 7
713 5847249 695 6 2 1587
714 5847249 695 0 6 38
715 5847249 695 9 1 7
716 5847249 695 5 3 4
717 5847249 695 4 2 1587
718 5847249 695 10 10 1
719 5847249 695 8 7 8
720 5847249 695 3 10 1
721 5847249 695 3 1 11
722 5847249 695 3 6 1
723 5847249 695 10 4 1
724 5847249 695 3 4 1
725 5847249 695 7 10 5
726 5847249 695 2 6 1
727 5847249 695 8 0 21
728 5847249 695 1 3 4
729 5852758 697 4 10 15
730 5883575 698 5 8 43
731 5883575 698 10 3 1526
732 5883575 698 10 6 20
733 5883575 698 10 0 4
734 5899895 701 5 2 11
735 5899895 701 2 9 1
736 5926372 702 0 3 1
737 5926372 702 4 5 112
738 5926372 702 0 7 163
739 5926372 702 3 2 56
740 5926372 702 4 1 5
741 5926372 702 3 5 112
742 5926372 702 0 0 2375
743 5953093 703 2 10 81
744 5954359 704 5 6 1995
745 5991278 714 5 4 563
746 6045875 718 1 3 15
747 6069720 723 6 5 29
748 6069720 723 6 2 3584
749 6078832 724 6 8 63
750 6078832 724 6 2 205
751 6095332 730 0 2 68
752 6095332 730 8 2 34
753 6127121 732 5 9 46
754 6127121 732 0 3 15
755 6127121 732 4 3 39
756 6127121 732 7 5 26
757 6127895 734 2 0 38
758 6158275 735 6 8 280
759 6158275 735 6 4 76
760 6158275 735 9 10 136
761 6180159 739 10 1 78
762 6251668 741 8 2 3
763 6251668 741 1 1 989
764 6251668 741 7 7 2
765 6251668 741 6 8 1
766 6251668 741 6 0 544
767 6251668 741 3 2 9
768 6265289 744 5 0 8
769 6265553 745 3 10 118
770 6280029 749 10 7 20
771 6280029 749 9 5 1
772 6280867 750 0 3 82
773 6342904 751 0 3 1455
774 6342904 751 4 2 597
775 6342904 751 0 5 12
776 6342904 751 1 0 23
777 6342904 751 4 7 10
778 6342904 751 8 4 13
779 6342904 751 0 9 15
780 6342904 751 4 5 355
781 6342904 751 6 1 15
782 6342904 751 8 6 55
783 6342904 751 9 6 55
784 6354318 752 1 9 1
785 6354318 752 7 9 1
786 6354318 752 0 0 717
787 6370464 755 9 10 2193
788 6370464 755 9 6 4
789 6370464 755 9 8 92
790 6387940 757 9 5 1734
791 6438547 766 3 4 16
792 6438547 766 1 4 16
793 6438547 766 0 10 30
794 6438547 766 0 3 1
795 6438547 766 4 3 1
796 6438547 766 1 6 172
797 6438547 766 5 7 7
798 6441201 767 6 8 67
799 6466238 768 8 10 47
800 6466238 768 0 7 2
801 6466238 768 8 7 6
802 6466238 768 0 1 41
803 6466238 768 8 4 59
804 6491554 778 1 1 837
805 6491554 778 6 9 7
806 6491554 778 2 9 7
807 6504070 782 3 4 21
808 6504070 782 8 4 1
809 6504879 783 7 10 8
810 6512804 787 8 4 6
811 6521425 796 0 10 90
812 6536625 802 5 2 4521
813 6551187 806 5 0 104
814 6554580 807 2 10 55
815 6555282 808 1 3 14
816 6557464 812 1 5 1916
817 6700820 822 0 5 26
818 6700820 822 0 1 1
819 6700820 822 0 9 1
820 6700820 822 3 4 1
821 6700820 822 0 10 3
822 6700820 822 4 1 1
823 6700820 822 6 0 4
824 6700820 822 1 2 9
825 6700820 822 6 6 4
826 6700820 822 4 0 3
827 6700820 822 9 9 1
828 6700820 822 4 4 28
829 6700820 822 4 9 1
830 6700820 822 5 7 138
831 6700820 822 6 2 3
832 6700820 822 7 0 1
833 6700820 822 10 1 1
834 6799086 823 10 6 7637
835 6799086 823 3 1 969
836 6799086 823 2 9 1
837 6799086 823 9 6 1414
838 6799086 823 2 3 1
839 6799086 823 5 10 1
840 6799086 823 10 8 30
841 6799086 823 5 1 969
842 6799086 823 5 8 1
843 6799086 823 5 7 751
844 6799086 823 1 5 4195
845 6801575 824 0 10 47
846 6830230 825 10 9 56
847 6830230 825 0 8 63
848 6830230 825 10 0 17
849 6830230 825 6 9 56
850 6830230 825 7 9 18
851 6830230 825 4 5 112
852 6884926 834 9 9 14
853 6894465 841 10 5 4815
854 6907888 842 1 7 25
855 6913822 844 7 9 283
856 6927677 847 6 6 38995
857 6928665 849 7 10 39
858 6928665 849 9 10 39
859 6929201 850 5 2 5
860 6935527 854 3 10 1
861 6949990 857 9 4 62
862 6949990 857 9 2 15741
863 6951841 858 10 2 1
864 6960722 859 6 8 506
865 6971288 861 3 4 112
866 6971288 861 3 0 984
867 6971288 861 3 5 2029
868 6971288 861 3 9 59
869 6981098 863 2 7 8
870 7047713 864 2 0 1809
871 7047713 864 10 1 14
872 7047713 864 2 8 113
873 7047713 864 3 2 954
874 7051393 867 2 3 81
875 7053073 868 10 6 201
876 7069924 872 1 6 11
877 7082662 874 2 4 61
878 7082662 874 2 10 51
879 7091243 876 4 3 37
880 7091243 876 1 3 18
881 7091677 877 10 6 24
882 7092708 879 1 5 24
883 7100687 881 5 2 2247
884 7102809 885 10 5 37
885 7155306 886 1 3 48
886 7155306 886 7 6 555
887 7155306 886 4 5 25
888 7219027 894 8 4 18
889 7219027 894 2 8 1
890 7219027 894 2 1 4
891 7219027 894 7 2 5
892 7219027 894 4 5 8
893 7219027 894 6 3 6
894 7222656 895 3 9 18
895 7222656 895 8 9 9
896 7250275 896 10 3 3173
897 7254092 897 0 6 1763
898 7265135 899 6 4 32
899 7265135 899 6 9 33179
900 7265135 899 6 6 12658
901 7273615 901 5 2 30
902 7289703 903 1 7 111
903 7297620 905 1 8 95
904 7297620 905 9 8 95
905 7297620 905 0 8 95
906 7297620 905 4 8 95
907 7322134 907 4 7 6019
908 7322134 907 2 7 3009
909 7322134 907 2 2 1642
910 7322757 908 1 0 165
911 7343384 911 0 0 682
912 7368601 918 0 1 124
913 7381046 920 8 10 8
914 7395920 924 0 6 1
915 7396281 925 8 0 184
916 7411201 926 7 9 34
917 7412233 927 7 0 85
918 7535600 929 9 1 2
919 7535600 929 2 8 4
920 7535600 929 10 6 54
921 7535600 929 8 7 6
922 7535600 929 3 7 2
923 7535600 929 2 9 4
924 7535600 929 2 2 8
925 7535600 929 9 9 4
926 7535600 929 0 7 2
927 7535600 929 0 0 5
928 7535600 929 5 3 3
929 7535600 929 3 5 227
930 7535600 929 8 8 9
931 7535600 929 2 10 30
932 7535600 929 8 9 4
933 7535600 929 7 10 1
934 7535600 929 0 5 454
935 7535600 929 1 10 2
936 7535600 929 10 2 4
937 7535600 929 7 6 54
938 7607970 930 3 2 29
939 7607970 930 7 10 683
940 7607970 930 10 5 22
941 7673326 931 8 8 4
942 7673326 931 1 10 901
943 7673326 931 1 9 2119
944 7673326 931 7 5 2443
945 7673326 931 5 1 10
946 7716573 932 0 10 23
947 7716573 932 1 1 779
948 7716573 932 1 6 4
949 7716573 932 3 1 779
950 7716573 932 2 3 3
951 7716573 932 1 0 4
952 7716573 932 7 3 16
953 7720992 934 3 7 45
954 7736110 939 2 8 14263
955 7858979 941 0 3 1
956 7858979 941 3 4 1
957 7858979 941 2 4 1
958 7858979 941 6 5 388
959 7858979 941 2 7 1
960 7858979 941 10 1 288
961 7858979 941 9 6 8
962 7858979 941 2 2 5
963 7858979 941 6 4 1
964 7858979 941 8 6 2
965 7858979 941 4 9 3916
966 7858979 941 1 8 1
967 7858979 941 6 8 1
968 7863779 946 8 9 37
969 7874954 948 1 4 16
970 7877996 949 6 4 3132
971 7877996 949 2 4 3132
972 7888818 950 0 8 29
973 7892834 953 1 3 14
974 7892983 954 6 9 78
975 7894109 955 7 4 6343
976 7915344 959 10 9 43
977 7927348 961 10 5 343
978 7927348 961 2 5 687
979 8013149 967 7 5 7
980 8013149 967 0 0 9
981 8013149 967 1 10 13
982 8013149 967 7 3 8
983 8013149 967 4 8 44
984 8013149 967 6 4 14
985 8013149 967 0 3 4
986 8013149 967 7 8 44
987 8013149 967 0 6 9242
988 8023952 970 4 4 50
989 8060874 973 2 0 8
990 8060874 973 0 0 2
991 8074998 979 4 8 1268
992 8079216 980 10 10 306
993 8103636 993 4 4 210
994 8121559 994 0 5 16
995 8121559 994 1 1 1
996 8121559 994 9 0 3
997 8121559 994 5 5 16
998 8124830 995 5 6 518
999 8136145 998 5 3 1030
