11 355 1000
0 40173 0 9 8 56
1 40173 0 9 7 46
2 40173 0 9 5 6
3 40173 0 9 1 6
4 40173 0 9 10 942
5 153323 3 5 0 2396
6 153323 3 5 5 113
7 153323 3 5 4 3213
8 153323 3 9 4 3213
9 153323 3 10 5 113
10 153323 3 9 2 11041
11 185728 6 3 9 2025
12 193383 7 1 4 57
13 280263 9 4 7 39
14 280263 9 1 4 2
15 280263 9 1 5 35
16 280263 9 1 8 2
17 280263 9 1 3 74
18 280263 9 7 7 39
19 280263 9 4 9 7
20 297382 10 5 1 870
21 393441 13 5 4 340
22 393441 13 1 9 30152
23 393441 13 6 10 99
24 406810 16 9 4 3
25 514725 17 3 5 16
26 514725 17 2 5 100
27 514725 17 1 8 1
28 514725 17 2 3 46
29 514725 17 6 5 184
30 537049 18 1 3 19564
31 604186 21 3 1 17
32 604186 21 3 8 86
33 616424 23 8 10 4218
34 652409 27 3 0 130
35 652409 27 2 0 1300
36 711136 29 10 4 20
37 711136 29 2 2 8778
38 711136 29 2 8 170
39 730444 31 5 7 2070
40 730444 31 1 6 46
41 730444 31 5 6 1
42 742589 35 7 5 100
43 778664 37 8 0 25
44 778664 37 8 10 4
45 803551 38 7 1 190
46 848666 41 10 10 49
47 848666 41 10 7 58
48 868286 44 1 0 118
49 872073 45 0 6 3190
50 1146922 51 8 3 15
51 1146922 51 7 3 15
52 1146922 51 0 2 10
53 1146922 51 2 5 8
54 1146922 51 10 9 1
55 1146922 51 9 2 5
56 1146922 51 8 9 1
57 1146922 51 2 9 1
58 1167188 57 7 9 705
59 1174636 58 1 2 7830
60 1294154 59 8 2 204
61 1294154 59 2 9 18
62 1294154 59 8 3 10
63 1294154 59 5 7 26
64 1362618 66 0 5 116
65 1362618 66 0 8 966
66 1362637 67 1 7 10
67 1416452 70 8 8 21
68 1416604 71 8 0 65
69 1452511 72 6 6 108
70 1604362 75 6 0 11
71 1604362 75 1 8 1
72 1604362 75 6 9 1
73 1604362 75 9 10 7
74 1604362 75 4 5 115
75 1604362 75 10 7 1
76 1604362 75 5 2 778
77 1604362 75 2 3 33
78 1604362 75 10 5 1270
79 1605862 76 9 3 98
80 1640706 80 7 4 194
81 1844595 84 10 4 10
82 1844595 84 2 1 8
83 1844595 84 4 2 694
84 1844595 84 2 5 71
85 1844595 84 3 4 5
86 1844595 84 4 9 6
87 1844595 84 6 7 65
88 1844595 84 3 5 4
89 1844595 84 10 3 8
90 1844595 84 4 3 4
91 1844595 84 2 8 1
92 1844595 84 3 0 7
93 1844595 84 3 2 308
94 1845141 85 8 6 404
95 1845141 85 9 6 404
96 1848293 87 5 7 210
97 1858905 88 9 6 10
98 1894463 89 7 5 6
99 1929998 93 7 10 67
100 1947526 94 3 5 756
101 1947526 94 9 5 756
102 2098858 99 7 8 5
103 2098858 99 9 7 12
104 2098858 99 7 6 5
105 2098858 99 7 10 3070
106 2098858 99 0 6 10
107 2098858 99 9 2 19
108 2098858 99 7 3 63
109 2104461 101 10 8 35
110 2289721 102 8 7 78
111 2289721 102 3 9 9
112 2289721 102 6 5 14
113 2289721 102 2 2 483
114 2289721 102 0 8 14609
115 2289721 102 6 3 5
116 2289721 102 3 7 1
117 2289721 102 4 0 35
118 2289721 102 10 4 8
119 2289721 102 7 7 1
120 2289721 102 8 6 31
121 2289721 102 10 1 3
122 2289721 102 3 8 29219
123 2323049 104 4 8 216
124 2416587 108 6 4 68
125 2416587 108 5 10 3
126 2416587 108 5 3 13
127 2416587 108 3 2 1
128 2428239 110 3 9 116
129 2428239 110 3 7 345
130 2463398 116 2 3 15961
131 2463398 116 2 1 6
132 2463398 116 2 2 161
133 2487130 117 0 9 4276
134 2515129 118 7 5 16
135 2521500 121 4 1 48
136 2529051 123 10 10 32
137 2626707 132 0 7 7571
138 2645219 134 0 9 76
139 2645219 134 8 3 3
140 2646457 135 1 8 667
141 2693317 136 1 6 153
142 2693317 136 1 4 6084
143 2693317 136 8 6 21
144 2693317 136 1 0 2006
145 2693317 136 1 9 1
146 2846988 137 10 9 2136
147 2846988 137 9 1 12
148 2846988 137 0 4 199
149 2846988 137 4 8 4
150 2846988 137 8 3 48
151 2846988 137 4 10 222
152 2846988 137 9 8 4
153 2846988 137 3 4 99
154 2846988 137 5 1 12
155 2846988 137 3 8 9
156 2846988 137 6 6 2
157 2846988 137 6 3 9
158 2862517 140 7 4 142
159 2893997 143 0 6 85
160 2893997 143 0 5 3991
161 2935019 146 8 4 11
162 2936779 147 6 2 182
163 2946186 148 2 10 21
164 2969178 150 2 4 17932
165 3144252 154 0 9 11
166 3144252 154 10 6 575
167 3144252 154 9 3 28
168 3144252 154 3 3 28
169 3144252 154 1 9 11
170 3144252 154 9 7 1284
171 3144252 154 10 8 87
172 3144252 154 0 0 4
173 3144252 154 8 6 230
174 3144252 154 0 6 115
175 3162343 158 5 2 59
176 3340975 160 2 4 4
177 3340975 160 4 0 11
178 3340975 160 6 10 5
179 3340975 160 4 3 2
180 3340975 160 0 5 35
181 3340975 160 5 6 2
182 3407790 162 2 1 2890
183 3407790 162 7 3 382
184 3407790 162 6 10 5
185 3407790 162 10 3 382
186 3407790 162 7 6 44
187 3439252 165 1 5 110
188 3439252 165 6 5 220
189 3442911 167 2 5 23577
190 3450086 168 7 2 30
191 3452356 169 3 4 102
192 3476881 170 3 9 3937
193 3591860 177 0 9 9
194 3591860 177 3 8 268
195 3591860 177 3 1 25986
196 3617534 184 0 5 54
197 3681034 192 3 2 14
198 3681034 192 3 4 9
199 3832609 198 3 4 2
200 3832609 198 8 5 1
201 3832609 198 9 1 4
202 3832609 198 0 0 5
203 3832609 198 0 6 222
204 3832609 198 5 0 5
205 3832609 198 5 9 31
206 3848970 202 3 5 21864
207 3848970 202 3 6 222
208 3890402 203 7 8 150
209 3890402 203 7 6 48
210 3902785 206 3 6 88
211 3927382 209 1 5 39
212 3969180 210 1 3 1
213 3976502 212 2 6 14
214 3979221 214 0 7 47
215 4005168 218 1 2 17074
216 4027597 223 7 2 68
217 4029829 224 3 5 91
218 4029829 224 3 2 49443
219 4029829 224 3 4 238
220 4044769 228 9 2 15
221 4114332 229 6 5 19
222 4114332 229 0 5 4
223 4114332 229 0 2 616
224 4114332 229 0 0 10
225 4198378 230 8 2 48
226 4198378 230 8 0 12
227 4198378 230 3 6 6
228 4198378 230 3 7 226
229 4205062 231 4 6 2
230 4205062 231 7 6 2
231 4211703 232 10 5 1
232 4361300 233 5 1 8
233 4361300 233 4 2 8
234 4361300 233 1 2 4
235 4361300 233 8 0 7
236 4361300 233 2 7 1
237 4361300 233 7 4 1153
238 4361300 233 1 8 5
239 4434337 237 4 7 51
240 4434337 237 4 3 1
241 4438108 238 3 9 432
242 4461961 239 8 1 9
243 4463068 240 1 6 190
244 4629627 241 1 0 9
245 4629627 241 6 0 9
246 4629627 241 1 5 3364
247 4629627 241 7 0 9
248 4629627 241 3 5 8412
249 4629627 241 1 2 1952
250 4629627 241 9 3 1
251 4646592 245 0 8 20
252 4756928 259 5 7 25
253 4756928 259 8 8 8101
254 4942045 262 3 4 1
255 4942045 262 8 8 7
256 4942045 262 8 9 15
257 4942045 262 2 8 7
258 4942045 262 4 5 1
259 4942045 262 4 9 15
260 4942045 262 2 4 9
261 4942045 262 8 5 8
262 4942045 262 4 2 13
263 4969932 265 1 3 69
264 4978642 266 3 10 42
265 5005080 269 4 9 210
266 5031318 275 0 3 2062
267 5036257 277 2 7 3263
268 5044593 281 1 7 651
269 5094785 285 4 5 15527
270 5386722 287 0 0 3
271 5386722 287 7 6 24
272 5386722 287 0 6 24
273 5386722 287 7 0 74
274 5386722 287 1 9 3
275 5386722 287 10 1 3
276 5386722 287 0 5 17
277 5386722 287 4 10 7
278 5386722 287 8 10 7
279 5386722 287 4 7 807
280 5386722 287 2 7 12118
281 5386722 287 2 8 5
282 5386722 287 4 4 2
283 5386722 287 6 2 3
284 5386722 287 10 2 3
285 5386722 287 1 6 48
286 5386722 287 2 0 3
287 5386722 287 1 10 7
288 5386722 287 5 10 7
289 5386722 287 8 9 1
290 5386722 287 9 9 1
291 5386722 287 2 4 1
292 5386722 287 0 7 1615
293 5386722 287 6 5 4
294 5386722 287 10 7 807
295 5495558 291 7 3 211
296 5495558 291 2 0 8
297 5495558 291 0 2 3435
298 5495558 291 4 8 8
299 5495558 291 10 6 1228
300 5495558 291 5 7 111
301 5495558 291 0 1 128
302 5595323 292 9 1 197
303 5595323 292 2 6 13
304 5595323 292 6 8 218
305 5595323 292 1 8 1090
306 5595323 292 3 10 3
307 5664062 298 9 4 483
308 5788459 303 1 8 973
309 5788459 303 3 6 5173
310 5857139 304 2 9 58
311 5857139 304 2 3 929
312 5857139 304 2 2 74
313 5857139 304 3 1 7
314 5857139 304 3 9 58
315 5876756 307 0 4 476
316 5899662 308 6 1 147
317 5911001 310 7 6 6
318 5939988 316 0 4 43
319 6094541 317 5 2 565
320 6094541 317 1 2 3961
321 6094541 317 6 4 10
322 6094541 317 7 2 1697
323 6094541 317 5 9 21
324 6094541 317 9 2 565
325 6094541 317 6 2 565
326 6169870 327 2 10 1020
327 6169870 327 2 1 180
328 6239035 328 3 9 2
329 6239035 328 4 9 2
330 6239035 328 1 8 44
331 6239035 328 4 0 1
332 6239035 328 10 9 14
333 6243474 329 0 7 2
334 6264581 330 0 0 683
335 6285529 335 1 8 44
336 6307992 337 4 4 1536
337 6307992 337 4 8 4762
338 6307992 337 4 6 86
339 6307992 337 4 2 67
340 6354196 339 2 3 645
341 6424248 340 8 3 126
342 6436216 342 9 4 133
343 6461778 346 3 5 489
344 6465749 347 8 7 80
345 6465839 348 4 1 2240
346 6482118 350 8 6 14
347 6488445 352 9 10 104
348 6576891 364 4 6 40
349 6578990 365 1 3 670
350 6602202 368 0 7 1327
351 6634606 369 6 5 186
352 6702288 370 6 5 4
353 6702288 370 10 2 9
354 6702288 370 8 2 1
355 6713670 373 6 3 66
356 6770035 380 10 1 100
357 6792128 386 0 3 488
358 6792128 386 8 3 1952
359 6848124 388 0 7 60
360 6848124 388 0 10 199
361 6848124 388 7 1 98
362 7011140 390 10 3 596
363 7011140 390 2 3 596
364 7011140 390 0 5 6
365 7011140 390 0 10 1
366 7011140 390 2 9 6824
367 7011140 390 4 7 3
368 7011140 390 4 5 20
369 7069256 392 4 9 3
370 7069256 392 3 0 19
371 7077230 394 2 4 16746
372 7276795 395 2 3 10
373 7276795 395 1 10 10
374 7276795 395 3 3 21
375 7276795 395 3 5 177
376 7276795 395 0 1 6
377 7276795 395 5 0 2203
378 7291075 396 10 1 1216
379 7296243 398 3 9 12
380 7314636 401 5 3 2385
381 7384449 402 2 9 21
382 7410808 406 8 0 35
383 7580094 409 6 5 797
384 7580094 409 2 5 3188
385 7580094 409 2 1 542
386 7580094 409 8 3 1
387 7580094 409 5 7 1
388 7580094 409 8 1 542
389 7580094 409 10 3 1
390 7656233 413 9 3 3
391 7656233 413 9 1 56
392 7656233 413 2 4 4707
393 7717387 422 10 3 54
394 7996594 428 4 2 1
395 7996594 428 8 0 4
396 7996594 428 10 8 2
397 7996594 428 8 3 7
398 7996594 428 8 8 2
399 7996594 428 9 6 1
400 7996594 428 0 2 2
401 7996594 428 2 5 822
402 7996594 428 3 8 2
403 7996594 428 6 2 1
404 7996594 428 4 10 38
405 7996594 428 8 5 822
406 8136422 430 0 1 1051
407 8136422 430 9 6 190
408 8136422 430 3 4 7
409 8136422 430 0 3 2
410 8136422 430 9 8 1
411 8136422 430 1 1 2103
412 8136422 430 1 0 2
413 8136422 430 9 10 15
414 8136422 430 3 2 18
415 8136422 430 5 7 17
416 8136422 430 10 2 18
417 8136422 430 8 0 40
418 8146832 432 7 7 22
419 8188904 440 6 10 20
420 8192024 441 7 3 52
421 8366884 457 6 6 6
422 8366884 457 2 4 1
423 8366884 457 2 6 6
424 8366884 457 7 0 8
425 8366884 457 5 4 1
426 8366884 457 5 10 5
427 8419813 460 1 4 4695
428 8419813 460 1 2 8
429 8527943 461 10 7 1
430 8527943 461 5 1 22
431 8527943 461 6 10 1
432 8527943 461 9 2 5
433 8527943 461 5 2 55
434 8527943 461 0 7 1
435 8527943 461 5 6 122
436 8527943 461 6 5 4
437 8527943 461 8 7 1
438 8527943 461 7 10 1
439 8537293 463 0 0 22
440 8542782 465 0 0 7
441 8881632 466 7 8 1
442 8881632 466 5 4 217
443 8881632 466 4 6 4
444 8881632 466 3 0 7
445 8881632 466 5 1 2
446 8881632 466 8 10 2
447 8881632 466 5 5 1
448 8881632 466 6 1 2
449 8881632 466 9 10 12
450 8965524 467 1 6 6
451 8965524 467 4 3 45
452 8965524 467 2 5 86
453 8965524 467 9 5 5
454 8988552 468 7 7 38
455 9012985 471 4 10 7385
456 9012985 471 7 10 923
457 9012985 471 1 10 923
458 9036497 472 9 0 7
459 9036497 472 4 0 7
460 9131521 473 5 9 2
461 9131521 473 7 9 2
462 9131521 473 1 7 66
463 9131521 473 9 3 14
464 9425780 475 7 7 9
465 9425780 475 0 7 4
466 9425780 475 1 8 2
467 9425780 475 10 6 1
468 9425780 475 5 9 5
469 9425780 475 1 9 5
470 9425780 475 5 10 25
471 9425780 475 8 0 1
472 9425780 475 3 5 5
473 9425780 475 9 10 15
474 9425780 475 10 2 3
475 9425780 475 4 10 5
476 9479885 479 3 9 2
477 9479885 479 7 9 1
478 9490414 480 5 8 224
479 9493957 482 4 2 222
480 9536022 487 5 7 808
481 9871346 498 4 10 13
482 9871346 498 3 6 1
483 9871346 498 7 7 29
484 9871346 498 4 9 1
485 9871346 498 0 5 1579
486 9871346 498 1 9 1
487 9871346 498 7 9 18
488 9871346 498 10 9 1
489 9871346 498 7 0 10
490 9871346 498 9 8 514
491 9871346 498 10 8 514
492 9871346 498 8 2 4
493 9871346 498 8 6 1
494 9871346 498 10 0 21
495 9894223 499 7 7 71
496 9894223 499 7 3 51
497 9905231 502 2 6 191
498 9916273 504 6 8 77
499 10075107 507 2 10 89
500 10075107 507 4 4 1429
501 10075107 507 6 4 2858
502 10075107 507 10 2 11
503 10075107 507 5 5 49
504 10075107 507 8 3 2
505 10075107 507 0 10 4631
506 10075107 507 4 1 1
507 10075107 507 8 2 17
508 10081057 508 5 8 38
509 10137493 510 6 4 1991
510 10303694 513 2 9 20
511 10303694 513 2 3 5
512 10303694 513 7 7 11
513 10303694 513 4 8 1009
514 10303694 513 3 9 20
515 10303694 513 6 3 21
516 10303694 513 10 1 5
517 10303694 513 0 0 5
518 10303694 513 0 3 5
519 10337864 516 4 3 1
520 10338183 517 3 10 33396
521 10412820 535 6 7 6
522 10419973 537 9 10 88
523 10464168 542 1 0 34
524 10464168 542 1 4 16
525 10490720 547 4 0 5771
526 10490720 547 4 1 2357
527 10490720 547 4 2 327
528 10857461 555 8 4 829
529 10857461 555 9 4 829
530 10857461 555 7 10 4
531 10857461 555 10 9 2
532 10857461 555 10 2 876
533 10857461 555 9 3 202
534 10857461 555 10 10 2
535 10857461 555 10 1 95
536 10857461 555 4 6 47
537 10857461 555 3 6 47
538 10857461 555 10 7 7
539 10857461 555 6 1 191
540 10857461 555 4 0 3
541 10857461 555 9 0 1
542 10857461 555 8 3 1620
543 10962401 556 3 3 23
544 10962401 556 0 0 1
545 10962401 556 10 1 1
546 10962401 556 0 5 3164
547 10962401 556 8 7 15
548 11016322 558 1 9 64
549 11016322 558 1 5 72
550 11063997 562 10 0 17
551 11063997 562 10 7 2
552 11113494 565 1 0 14
553 11228506 569 0 7 1
554 11228506 569 6 2 170
555 11228506 569 3 0 26
556 11228506 569 10 10 49
557 11228506 569 6 7 1
558 11228506 569 0 6 5
559 11228506 569 7 7 1
560 11342668 576 10 5 2438
561 11342668 576 1 0 51
562 11342668 576 0 7 9
563 11342668 576 1 1 1
564 11357880 578 7 8 467
565 11410042 582 4 3 49
566 11410042 582 4 6 282
567 11435822 583 6 5 15734
568 11438546 584 10 5 3971
569 11443855 587 4 1 12
570 11461376 588 4 3 51
571 11461376 588 4 8 19655
572 11461376 588 4 0 70
573 11470505 590 3 6 136
574 11481578 591 10 1 1
575 11489927 594 0 5 74
576 11500526 596 9 1 190
577 11671464 611 3 4 39
578 11671464 611 0 2 43
579 11671464 611 1 4 39
580 11671464 611 8 2 17
581 11923717 612 4 10 5
582 11923717 612 10 7 2539
583 11923717 612 4 6 1
584 11923717 612 4 3 1
585 11923717 612 3 8 8
586 11923717 612 1 5 120
587 11923717 612 7 8 8
588 11923717 612 2 7 2539
589 11923717 612 1 7 2539
590 11923717 612 0 3 1
591 11923717 612 2 2 448
592 11923717 612 2 3 1
593 11923717 612 3 3 1
594 11923717 612 3 4 26
595 11923717 612 10 9 31
596 11923717 612 4 9 1
597 11944924 613 3 5 22
598 11944924 613 3 6 58
599 11944924 613 3 1 10
600 11944924 613 3 4 36562
601 11949753 615 2 7 39103
602 12183210 616 9 6 36
603 12183210 616 5 9 14
604 12183210 616 4 1 1
605 12183210 616 4 8 1
606 12183210 616 3 6 36
607 12183210 616 5 2 1
608 12183210 616 8 2 1
609 12183210 616 2 2 1
610 12183210 616 8 9 2
611 12183210 616 10 6 36
612 12183210 616 9 10 1709
613 12187755 617 3 9 85
614 12226177 623 5 1 96
615 12231093 624 1 5 2839
616 12264573 626 2 0 55
617 12271172 627 1 7 2270
618 12298343 628 1 3 228
619 12323909 631 5 1 1
620 12383487 633 5 6 85
621 12383487 633 5 9 17
622 12394837 634 7 3 109
623 12409539 635 5 2 135
624 12424754 637 6 10 40
625 12440855 638 4 1 10
626 12446884 643 0 4 19
627 12591165 644 9 2 101
628 12591165 644 9 8 3635
629 12591165 644 5 3 10
630 12591165 644 6 7 370
631 12591165 644 10 4 647
632 12591165 644 8 4 4530
633 12591165 644 2 8 1817
634 12591165 644 9 10 2
635 12591165 644 10 1 6
636 12601214 647 1 3 1338
637 12604918 650 0 10 58
638 12610328 655 8 3 82
639 12662670 668 5 2 183
640 12863405 671 7 4 671
641 12863405 671 9 6 8
642 12863405 671 7 6 8
643 12863405 671 1 6 16
644 12863405 671 7 5 30
645 12863405 671 2 7 1
646 12868028 672 10 0 82
647 12903472 675 2 2 222
648 12924190 678 6 4 18
649 12947475 681 2 4 1319
650 13106943 683 5 2 1527
651 13106943 683 5 1 25
652 13106943 683 3 8 23
653 13106943 683 4 3 29
654 13106943 683 1 6 20
655 13106943 683 4 0 4
656 13106943 683 9 1 25
657 13106943 683 0 2 3054
658 13106943 683 0 0 1
659 13106943 683 3 4 638
660 13106943 683 7 9 15
661 13109517 684 9 2 1039
662 13121075 687 10 2 32
663 13121075 687 10 7 98
664 13154100 689 9 4 318
665 13235821 690 0 0 5775
666 13235821 690 4 4 863
667 13235821 690 0 8 150
668 13235821 690 8 6 14
669 13239305 691 10 2 74
670 13305767 692 10 7 4345
671 13305767 692 2 5 10
672 13305767 692 7 10 12
673 13305767 692 7 4 19
674 13305767 692 7 6 43
675 13328365 693 8 9 102
676 13328365 693 8 10 1001
677 13328365 693 8 4 80
678 13643581 695 6 0 64
679 13643581 695 6 4 8
680 13643581 695 0 9 2791
681 13643581 695 9 1 7
682 13643581 695 5 0 21
683 13643581 695 7 7 1
684 13643581 695 1 10 1
685 13643581 695 0 0 42
686 13643581 695 10 7 1
687 13643581 695 0 4 1
688 13643581 695 2 4 1
689 13643581 695 5 3 4
690 13643581 695 7 9 429
691 13643581 695 5 10 1
692 13643581 695 1 5 7
693 13643581 695 7 1 3
694 13643581 695 10 2 1587
695 13643581 695 3 1 11
696 13643581 695 9 8 1
697 13643581 695 10 4 1
698 13643581 695 0 6 38
699 13656435 697 1 6 1569
700 13728341 698 2 10 32
701 13728341 698 10 8 312
702 13728341 698 10 9 66
703 13728341 698 5 8 43
704 13728341 698 2 4 268
705 13728341 698 5 0 4
706 13728341 698 5 10 32
707 13766423 701 6 9 1
708 13828201 702 0 9 6
709 13828201 702 0 6 22
710 13828201 702 4 2 28
711 13890551 703 2 9 325
712 13890551 703 9 4 57
713 13890551 703 2 0 74
714 13900943 706 2 4 2
715 13902120 707 6 1 13
716 13943131 710 3 8 105
717 13945292 711 9 10 28
718 13966246 712 2 4 49
719 13979650 714 10 4 1126
720 14107042 718 10 8 1455
721 14107042 718 10 10 10
722 14107042 718 10 1 6
723 14111821 721 4 10 231
724 14162680 723 3 8 7
725 14162680 723 6 2 3584
726 14162680 723 6 8 7
727 14162680 723 6 5 29
728 14162680 723 3 0 39
729 14183942 724 6 7 124
730 14183942 724 6 2 205
731 14183942 724 6 9 286
732 14211682 727 10 0 769
733 14296617 732 6 3 7
734 14296617 732 6 6 2
735 14296617 732 7 8 39
736 14296617 732 0 1 103
737 14296617 732 4 2 240
738 14369308 735 9 8 70
739 14369308 735 6 3 8
740 14369308 735 9 3 20
741 14369308 735 6 0 70
742 14369308 735 9 2 1
743 14369308 735 6 7 1348
744 14420371 739 10 5 86
745 14424863 740 2 2 25990
746 14587226 741 7 7 2
747 14587226 741 6 8 1
748 14587226 741 2 2 3
749 14587226 741 3 7 2
750 14587226 741 2 5 11
751 14587226 741 8 9 44
752 14587226 741 5 6 5
753 14592261 743 2 8 31
754 14619009 744 6 3 1
755 14619009 744 5 0 8
756 14653403 749 10 0 33
757 14653403 749 5 4 26
758 14653403 749 2 7 20
759 14800111 751 10 7 7
760 14800111 751 0 7 3
761 14800111 751 5 6 111
762 14800111 751 2 8 1
763 14800111 751 3 1 15
764 14800111 751 8 4 13
765 14800111 751 1 6 167
766 14800111 751 9 2 119
767 14800111 751 8 9 15
768 14826743 752 7 1 168
769 14826743 752 0 0 717
770 14864416 755 9 2 84
771 14906714 758 6 1 123
772 14915589 759 10 3 11
773 15023276 766 8 5 13
774 15023276 766 4 10 7
775 15087889 768 8 0 103
776 15087889 768 0 10 47
777 15089024 770 1 5 68
778 15109038 773 10 10 34
779 15117609 774 7 5 98
780 15118834 775 9 3 95
781 15146960 778 6 9 7
782 15166058 780 2 5 4
783 15196544 787 8 4 6
784 15196544 787 7 4 3
785 15210651 793 4 7 6073
786 15212118 794 4 6 74
787 15241854 798 4 1 2953
788 15252127 802 4 5 18
789 15275249 804 4 0 117
790 15275249 804 4 6 21
791 15275249 804 4 10 98
792 15294020 807 2 10 55
793 15300749 812 7 5 958
794 15322308 815 4 7 813
795 15339396 817 7 3 1577
796 15345727 819 7 3 21
797 15635247 822 6 10 1
798 15635247 822 5 5 26
799 15635247 822 8 7 138
800 15635247 822 9 7 138
801 15635247 822 6 5 26
802 15635247 822 2 2 3
803 15635247 822 8 3 13
804 15635247 822 9 0 4
805 15635247 822 0 6 4
806 15635247 822 10 5 78
807 15635247 822 6 0 4
808 15635247 822 3 10 9
809 15635247 822 9 1 1
810 15635247 822 8 6 4
811 15635247 822 10 1 1
812 15635247 822 9 9 1
813 15635247 822 3 2 3
814 15635247 822 3 1 1
815 15635247 822 10 2 3
816 15864535 823 3 3 4
817 15864535 823 10 1 969
818 15870342 824 0 10 47
819 15937204 825 1 2 27
820 15937204 825 1 8 63
821 15937204 825 7 2 27
822 15937204 825 6 0 115
823 15937204 825 7 1 19
824 15978414 830 0 1 24
825 15979631 831 1 10 1198
826 16064828 834 2 5 908
827 16064828 834 1 5 908
828 16064828 834 7 0 177
829 16064828 834 9 4 61
830 16064828 834 9 10 1400
831 16081149 838 5 0 8530
832 16118407 842 1 0 94
833 16118407 842 1 1 148
834 16123217 843 9 3 39
835 16143216 845 2 7 4
836 16184994 855 2 0 234
837 16191101 856 3 4 30
838 16216644 857 9 10 21849
839 16220963 858 5 2 5
840 16266338 861 3 1 145
841 16289228 863 2 9 264
842 16444665 864 1 4 5
843 16444665 864 1 9 35
844 16444665 864 9 4 5
845 16444665 864 6 8 339
846 16444665 864 7 2 954
847 16444665 864 2 7 1
848 16444665 864 2 6 4
849 16444665 864 5 10 172
850 16444665 864 3 6 4
851 16457172 868 10 6 201
852 16486243 871 10 9 7
853 16486243 871 6 8 758
854 16496491 872 6 6 114
855 16568271 881 0 2 561
856 16695714 886 0 2 82
857 16695714 886 2 7 4
858 16695714 886 7 2 41
859 16695714 886 1 6 1111
860 16695714 886 9 5 77
861 16695714 886 4 8 20
862 16695714 886 8 0 29
863 16695714 886 5 3 48
864 16735071 892 10 7 320
865 16844396 894 4 7 10
866 16844396 894 8 5 30
867 16844396 894 7 2 5
868 16844396 894 4 2 5
869 16844396 894 8 9 35
870 16844396 894 8 3 6
871 16852864 895 5 9 36
872 16917308 896 3 0 1968
873 16917308 896 9 3 1586
874 16917308 896 2 2 38
875 16917308 896 3 9 10
876 16917308 896 10 2 38
877 16951983 899 6 8 4891
878 16951983 899 6 1 58
879 16971769 901 3 2 517
880 16971769 901 0 3 1484
881 17009307 903 1 1 7
882 17009307 903 1 5 36
883 17027782 905 4 8 95
884 17084980 907 4 6 136
885 17084980 907 2 2 1642
886 17084980 907 2 3 18
887 17084980 907 4 1 233
888 17109679 909 9 1 6168
889 17134564 911 10 0 682
890 17134564 911 3 0 682
891 17183291 916 10 3 99
892 17183291 916 7 3 49
893 17191977 917 6 9 3
894 17193402 918 1 8 100
895 17216524 919 0 1 1
896 17225862 922 1 4 99
897 17231913 923 10 7 1223
898 17257990 925 8 0 184
899 17583066 929 1 2 12
900 17583066 929 10 8 4
901 17583066 929 5 3 3
902 17583066 929 0 9 8
903 17583066 929 8 4 1756
904 17583066 929 10 6 54
905 17583066 929 2 6 218
906 17583066 929 2 0 2
907 17583066 929 3 3 3
908 17583066 929 3 1 1
909 17583066 929 4 5 227
910 17583066 929 9 0 5
911 17583066 929 0 1 2
912 17583066 929 0 3 6
913 17583066 929 0 6 54
914 17583066 929 6 10 1
915 17583066 929 10 5 227
916 17583066 929 0 5 454
917 17583066 929 6 8 4
918 17583066 929 10 7 2
919 17583066 929 7 10 1
920 17583066 929 1 5 227
921 17583066 929 7 0 2
922 17751930 930 6 0 4984
923 17751930 930 6 8 928
924 17751930 930 6 10 1367
925 17751930 930 9 3 15
926 17751930 930 0 1 28
927 17751930 930 2 8 1548
928 17751930 930 3 2 29
929 17751930 930 2 1 28
930 17751930 930 6 4 15609
931 17751930 930 1 6 13
932 17751930 930 10 10 683
933 17904428 931 4 5 349
934 17904428 931 4 1 10
935 17904428 931 10 5 349
936 17904428 931 7 8 4
937 17904428 931 5 10 225
938 17904428 931 1 9 2119
939 17904428 931 7 10 225
940 17904428 931 8 6 8
941 18005337 932 4 6 4
942 18005337 932 9 9 9
943 18005337 932 2 10 23
944 18005337 932 5 3 13
945 18005337 932 4 9 4
946 18005337 932 1 1 779
947 18005337 932 3 7 3
948 18005337 932 7 9 9
949 18005337 932 3 3 3
950 18015649 934 10 1 14278
951 18022647 935 6 1 1573
952 18022647 935 5 1 1573
953 18028933 936 3 4 58
954 18337617 941 3 2 2
955 18337617 941 7 0 16
956 18337617 941 8 0 5
957 18337617 941 7 8 6
958 18337617 941 2 1 96
959 18337617 941 1 10 36
960 18337617 941 9 6 8
961 18337617 941 0 3 1
962 18337617 941 6 3 1
963 18337617 941 4 9 3916
964 18337617 941 2 2 5
965 18337617 941 3 3 2
966 18337617 941 8 9 1305
967 18337617 941 10 9 1305
968 18348818 946 7 9 37
969 18407242 950 2 8 14
970 18407242 950 0 8 29
971 18415829 952 4 4 55
972 18430950 957 8 9 17
973 18430950 957 4 9 17
974 18430950 957 1 9 17
975 18431148 958 3 3 2
976 18497147 961 1 5 343
977 18697348 967 4 4 14
978 18697348 967 5 6 3080
979 18697348 967 6 4 14
980 18697348 967 1 3 4
981 18697348 967 1 5 7
982 18697348 967 4 10 13
983 18697348 967 0 5 43
984 18697348 967 6 8 44
985 18757351 972 10 8 28
986 18757351 972 10 6 244
987 18808706 973 2 4 10
988 18808706 973 2 5 1938
989 18820110 976 2 8 113
990 18823616 977 7 2 1705
991 18851505 980 2 10 102
992 18851590 981 1 6 406
993 18854849 982 3 10 41
994 18856218 983 0 10 188
995 18950306 994 8 4 38
996 18950306 994 5 4 38
997 18950306 994 1 0 3
998 18950306 994 8 0 3
999 18957936 995 0 10 199
