11 350 1000
0 60259 0 1 0 2
1 60259 0 9 1 6
2 229985 3 5 1 14
3 229985 3 5 5 113
4 229985 3 9 2 11041
5 229985 3 9 4 3213
6 266207 4 6 8 9
7 420395 9 7 7 39
8 420395 9 1 9 7
9 420395 9 1 8 2
10 590162 13 7 8 3
11 590162 13 7 4 3064
12 590162 13 10 1 1591
13 772087 17 5 7 2
14 772087 17 9 8 1
15 772087 17 7 9 658
16 772087 17 5 10 1
17 772087 17 6 9 1976
18 772087 17 10 3 93
19 772087 17 7 1 44
20 772087 17 1 7 17
21 805574 18 1 6 36
22 906279 21 3 10 68
23 941995 26 0 8 2366
24 978614 27 6 0 130
25 978614 27 7 0 130
26 1066704 29 2 5 28
27 1066704 29 2 9 94
28 1167997 37 3 8 6
29 1167997 37 6 8 61
30 1205327 38 8 8 11723
31 1205327 38 10 5 110
32 1223533 39 3 5 6
33 1272999 41 10 2 50
34 1272999 41 10 1 3192
35 1302430 44 1 1 36
36 1308109 45 4 6 1063
37 1359708 50 10 8 1
38 1720383 51 10 0 64
39 1720383 51 9 8 1
40 1720383 51 8 4 15
41 1720383 51 8 7 5
42 1720383 51 0 9 5
43 1720383 51 8 8 1
44 1720383 51 3 5 8
45 1720383 51 5 4 15
46 1720383 51 5 6 1
47 1720383 51 2 10 1
48 1720383 51 8 3 15
49 1720383 51 2 0 10
50 1725208 53 4 10 10
51 1941231 59 5 6 19
52 1945409 60 6 6 322
53 1978872 62 8 5 5726
54 1984483 63 8 5 77
55 2059605 68 5 4 1
56 2124678 70 8 8 21
57 2124678 70 10 6 45
58 2178766 72 6 2 8
59 2179893 73 6 6 58
60 2406543 75 5 7 10
61 2406543 75 10 9 1
62 2406543 75 3 1 591
63 2406543 75 0 0 5
64 2406543 75 10 7 1
65 2406543 75 1 5 231
66 2406543 75 3 8 1
67 2406543 75 2 8 1
68 2406543 75 2 5 577
69 2406543 75 9 6 14
70 2766893 84 10 6 1
71 2766893 84 6 8 1
72 2766893 84 3 7 21
73 2766893 84 10 1 16
74 2766893 84 7 4 5
75 2766893 84 6 4 5
76 2766893 84 3 5 4
77 2766893 84 2 6 2
78 2874847 91 3 2 550
79 2874847 91 9 2 4953
80 2936442 96 0 5 44
81 2981259 97 4 9 1843
82 3148288 99 0 1 40
83 3148288 99 9 5 5
84 3434582 102 2 10 21
85 3434582 102 9 6 7
86 3434582 102 6 2 483
87 3434582 102 7 9 9
88 3434582 102 0 2 483
89 3434582 102 9 2 967
90 3434582 102 10 3 5
91 3434582 102 4 5 14
92 3624880 108 6 4 68
93 3624880 108 8 4 17
94 3624880 108 3 6 15
95 3624880 108 5 10 3
96 3624880 108 0 7 4
97 3627003 109 3 0 33
98 3642359 110 3 3 4665
99 3642359 110 3 2 330
100 3642359 110 3 1 64
101 3642359 110 3 4 18
102 3653197 113 10 6 349
103 3695097 116 2 10 8305
104 3772694 118 8 5 16
105 3786181 122 6 1 49
106 3808674 124 7 3 7
107 3893558 127 0 10 2474
108 3893558 127 0 8 19017
109 3940061 132 8 0 21
110 3969686 135 1 8 667
111 4039975 136 1 5 496
112 4270483 137 8 3 48
113 4270483 137 7 7 3
114 4270483 137 0 10 222
115 4270483 137 6 8 39
116 4270483 137 10 10 222
117 4270483 137 10 9 2136
118 4270483 137 4 10 222
119 4270483 137 1 6 2
120 4340995 143 0 3 45
121 4340995 143 0 10 7810
122 4402529 146 3 4 5
123 4402529 146 7 8 1332
124 4420120 149 7 7 229
125 4458555 151 3 9 3
126 4716379 154 0 1 5
127 4716379 154 8 6 230
128 4716379 154 10 8 87
129 4716379 154 2 0 2
130 4716379 154 8 9 11
131 4716379 154 1 9 11
132 4716379 154 7 7 642
133 4716379 154 0 7 642
134 4716379 154 7 3 56
135 4716379 154 5 0 2
136 4745546 159 1 4 95
137 5011463 160 9 10 57
138 5011463 160 3 9 4
139 5011463 160 6 3 2
140 5011463 160 7 6 19
141 5011463 160 9 1 1
142 5011463 160 1 2 210
143 5011463 160 1 0 23
144 5011463 160 2 2 210
145 5011463 160 1 3 2
146 5011463 160 5 6 2
147 5011463 160 9 3 10
148 5011463 160 4 0 11
149 5011463 160 2 4 4
150 5011463 160 5 8 306
151 5011463 160 6 7 1
152 5011463 160 3 10 17
153 5011463 160 2 0 11
154 5111686 162 2 1 2890
155 5111686 162 7 6 44
156 5111686 162 10 3 382
157 5112651 163 4 3 297
158 5158878 165 10 4 73
159 5158878 165 6 5 220
160 5288710 174 5 6 24
161 5288710 174 7 7 14
162 5288710 174 0 4 18
163 5288710 174 0 7 14
164 5387791 177 0 2 189
165 5400959 179 8 7 57
166 5456921 187 7 1 15
167 5521551 192 3 4 9
168 5748914 198 3 8 46
169 5748914 198 2 1 18
170 5748914 198 7 2 6
171 5748914 198 4 5 9
172 5748914 198 8 5 1
173 5748914 198 1 2 2
174 5748914 198 10 0 5
175 5748914 198 8 9 31
176 5748914 198 8 3 2
177 5773455 202 3 2 18
178 5835603 203 7 5 4342
179 5835603 203 7 10 2495
180 5835603 203 8 10 2495
181 5854177 206 3 6 88
182 5891073 209 1 5 39
183 5891073 209 7 5 39
184 5953770 210 9 3 1
185 6007752 218 1 2 17074
186 6019300 222 0 7 28
187 6044744 224 3 4 238
188 6171498 229 6 5 19
189 6171498 229 2 10 5
190 6171498 229 0 10 5
191 6171498 229 0 8 118
192 6297568 230 3 1 230
193 6297568 230 3 6 6
194 6297568 230 3 9 29
195 6317554 232 10 5 1
196 6541950 233 2 8 5
197 6541950 233 7 5 3
198 6541950 233 6 3 5
199 6541950 233 2 2 4
200 6541950 233 9 2 4
201 6541950 233 5 4 5766
202 6541950 233 2 0 22
203 6546953 234 1 7 11379
204 6576279 236 5 6 55
205 6651505 237 10 3 224
206 6651505 237 4 9 11
207 6651505 237 4 2 27
208 6651505 237 4 10 82
209 6692941 239 0 1 9
210 6692941 239 8 1 9
211 6944440 241 4 1 6
212 6944440 241 9 6 1
213 6944440 241 4 0 9
214 6944440 241 3 10 4056
215 6944440 241 6 0 9
216 6944440 241 6 5 1682
217 6944440 241 1 4 14
218 6944440 241 4 3 1
219 6944440 241 7 9 1226
220 7135392 259 1 0 14
221 7135392 259 8 8 8101
222 7135907 260 0 8 471
223 7413068 262 3 6 51
224 7413068 262 0 5 2
225 7413068 262 2 4 9
226 7413068 262 8 1 30
227 7413068 262 3 5 2
228 7413068 262 4 6 17
229 7413068 262 4 1 30
230 7413068 262 4 2 13
231 7413068 262 8 2 6
232 7413068 262 8 7 1
233 7413068 262 3 8 14
234 7413068 262 9 3 1
235 7447796 263 2 10 1524
236 7453013 264 4 4 5132
237 7507620 269 4 6 99
238 7507620 269 4 1 4881
239 7537296 271 2 7 8
240 7566079 280 5 2 647
241 7602465 282 8 1 106
242 7642178 285 4 5 15527
243 7642178 285 4 9 314
244 8080084 287 5 6 170
245 8080084 287 3 4 1
246 8080084 287 4 0 1
247 8080084 287 3 3 23
248 8080084 287 10 4 1
249 8080084 287 8 6 24
250 8080084 287 3 10 15
251 8080084 287 4 9 1
252 8080084 287 9 9 1
253 8080084 287 3 7 807
254 8080084 287 3 1 3
255 8243337 291 5 8 8
256 8243337 291 3 0 6
257 8243337 291 8 5 103
258 8243337 291 10 1 2688
259 8243337 291 0 2 3435
260 8243337 291 4 1 128
261 8243337 291 9 3 211
262 8243337 291 7 7 333
263 8392985 292 2 1 197
264 8392985 292 1 10 2
265 8392985 292 3 10 3
266 8392985 292 1 8 1090
267 8392985 292 2 10 1
268 8496093 298 9 6 844
269 8682688 303 1 2 1892
270 8682688 303 9 6 1193
271 8682688 303 2 7 1
272 8785709 304 2 10 977
273 8785709 304 3 9 58
274 8815134 307 0 4 476
275 8849494 308 6 1 147
276 8849494 308 6 10 9873
277 8849494 308 6 8 78
278 8866502 310 10 7 73
279 8866502 310 10 6 6
280 8895259 311 9 4 3
281 9141812 317 2 0 4
282 9141812 317 5 2 565
283 9141812 317 0 5 1929
284 9141812 317 7 1 42
285 9163470 321 1 5 3080
286 9169983 323 5 9 187
287 9226451 324 3 10 24
288 9226451 324 2 5 510
289 9358552 328 5 0 1
290 9358552 328 10 5 297
291 9358552 328 2 0 3
292 9358552 328 5 8 267
293 9358552 328 4 3 1
294 9358552 328 3 3 1
295 9396872 330 0 0 683
296 9396872 330 0 1 1349
297 9396872 330 0 6 47
298 9461988 337 4 6 86
299 9461988 337 4 3 98
300 9531294 339 4 7 15
301 9636372 340 8 9 15
302 9636372 340 0 2 3
303 9636372 340 3 1 3
304 9667218 344 4 7 106
305 9711201 349 5 6 568
306 9723177 350 9 6 38
307 9764468 353 0 6 5
308 9764468 353 0 5 7115
309 9765994 354 2 5 5284
310 9771422 355 6 6 29
311 9849496 362 1 2 1
312 9891131 366 0 2 23
313 9903303 368 0 7 1327
314 9951910 369 3 9 224
315 9951910 369 2 9 869
316 9951910 369 9 7 1
317 9951910 369 2 0 17
318 10053432 370 0 5 1
319 10053432 370 5 10 11
320 10053432 370 9 3 10
321 10053432 370 8 2 1
322 10053432 370 8 3 10
323 10053432 370 1 3 30
324 10053432 370 0 8 6
325 10080400 379 1 3 2
326 10165887 382 8 0 15
327 10188192 386 7 3 976
328 10202490 387 3 9 1
329 10272187 388 7 0 709
330 10272187 388 0 10 199
331 10272187 388 0 5 38
332 10272187 388 7 2 3
333 10272187 388 7 4 84
334 10272187 388 7 7 30
335 10279434 389 6 2 16284
336 10516710 390 8 7 38
337 10516710 390 4 7 3
338 10516710 390 5 7 3
339 10516710 390 3 10 26
340 10516710 390 6 1 6
341 10516710 390 10 8 767
342 10516710 390 9 5 6
343 10519045 391 5 3 356
344 10603884 392 5 5 1283
345 10603884 392 6 4 427
346 10603884 392 10 4 1281
347 10915192 395 8 2 1
348 10915192 395 10 3 10
349 10915192 395 6 5 177
350 10915192 395 3 3 21
351 10915192 395 8 10 31
352 10915192 395 2 10 10
353 10915192 395 6 9 17890
354 10915192 395 10 4 1
355 10915192 395 7 3 10
356 10915192 395 2 7 1
357 10915192 395 7 1 1
358 10915192 395 0 1 6
359 10915192 395 0 7 1
360 10936612 396 9 1 405
361 10940210 397 3 10 99
362 11076673 402 9 2 1
363 11076673 402 2 10 13
364 11082000 404 5 0 21
365 11082000 404 2 0 10
366 11160097 407 2 1 9
367 11160814 408 2 8 119
368 11370141 409 10 3 1
369 11370141 409 8 8 26
370 11370141 409 5 9 15
371 11370141 409 10 7 1
372 11370141 409 1 1 1084
373 11370141 409 6 1 1627
374 11370141 409 2 1 542
375 11370141 409 6 2 3
376 11370141 409 8 0 1056
377 11370141 409 2 8 120
378 11390616 411 9 4 206
379 11484350 413 2 2 3014
380 11484350 413 9 9 16
381 11484350 413 2 9 66
382 11528135 420 5 8 36
383 11576080 422 8 7 4
384 11994892 428 1 1 668
385 11994892 428 2 1 668
386 11994892 428 1 3 136
387 11994892 428 3 6 1
388 11994892 428 9 7 1
389 11994892 428 3 2 2
390 11994892 428 6 1 668
391 11994892 428 2 3 3
392 11994892 428 5 6 1
393 12204633 430 10 5 33
394 12204633 430 10 3 29
395 12204633 430 1 0 2
396 12204633 430 2 10 2
397 12204633 430 3 4 7
398 12204633 430 4 4 3
399 12204633 430 1 4 24
400 12204633 430 0 10 2
401 12256168 435 6 6 24
402 12256168 435 0 6 24
403 12267581 438 8 4 10191
404 12283357 440 5 0 14
405 12283357 440 5 10 4
406 12305120 443 6 10 95
407 12305120 443 6 9 43
408 12331103 445 10 0 208
409 12340595 447 3 1 17
410 12350592 451 10 10 11840
411 12365930 452 8 10 147
412 12550326 457 4 3 14
413 12550326 457 5 4 1
414 12550326 457 0 9 13
415 12550326 457 6 5 32
416 12791915 461 10 4 5
417 12791915 461 8 5 283
418 12791915 461 2 8 9
419 12791915 461 5 1 22
420 12791915 461 1 6 122
421 12791915 461 8 8 9
422 12791915 461 4 9 7
423 12791915 461 7 6 614
424 12814174 465 0 0 7
425 13322449 466 8 5 1
426 13322449 466 10 6 16
427 13322449 466 2 7 10
428 13322449 466 1 2 804
429 13322449 466 0 9 20
430 13322449 466 6 8 1
431 13322449 466 3 3 7204
432 13322449 466 7 10 2
433 13322449 466 1 4 217
434 13322449 466 9 2 50
435 13322449 466 3 0 7
436 13322449 466 5 6 8
437 13322449 466 2 10 2
438 13322449 466 4 1 2
439 13322449 466 7 6 28
440 13322449 466 10 5 1
441 13322449 466 10 7 22
442 13322449 466 4 2 50
443 13448287 467 10 9 8
444 13448287 467 0 6 6
445 13448287 467 9 9 8
446 13554746 472 8 0 14
447 13554746 472 9 0 7
448 13697281 473 4 5 68
449 13697281 473 7 10 5
450 13697281 473 7 5 68
451 13697281 473 6 2 15
452 13697281 473 9 10 1
453 13697281 473 2 5 68
454 14138670 475 8 8 60
455 14138670 475 6 3 1
456 14138670 475 8 7 4
457 14138670 475 4 3 1
458 14138670 475 6 9 5
459 14138670 475 4 4 1
460 14138670 475 2 5 2
461 14138670 475 8 0 1
462 14138670 475 10 9 10
463 14138670 475 8 2 3
464 14138670 475 2 1 3
465 14138670 475 9 2 6
466 14138670 475 6 0 2
467 14138670 475 6 6 1
468 14138670 475 10 7 4
469 14143198 476 6 10 30
470 14186239 477 2 5 349
471 14219828 479 9 9 1
472 14252084 484 3 10 209
473 14304033 487 5 10 202
474 14359759 489 8 4 48
475 14359759 489 2 4 48
476 14359759 489 0 5 94
477 14372829 491 2 10 39
478 14392551 495 10 10 23
479 14807019 498 0 2 4
480 14807019 498 10 5 175
481 14807019 498 4 8 1028
482 14807019 498 8 9 1
483 14807019 498 2 5 526
484 14807019 498 5 6 1
485 14807019 498 5 0 10
486 14807019 498 8 0 10
487 14807019 498 7 8 514
488 14807019 498 9 1 319
489 14807019 498 5 4 50
490 14807019 498 9 7 44
491 14807019 498 2 7 7
492 14807019 498 1 3 1
493 14807019 498 1 9 1
494 14842245 500 3 0 227
495 14874410 504 3 10 30
496 14874410 504 1 3 52
497 14874410 504 10 9 1333
498 15112661 507 8 7 145
499 15112661 507 3 1 1
500 15112661 507 8 2 17
501 15112661 507 6 8 26
502 15112661 507 2 10 89
503 15112661 507 10 1 1
504 15112661 507 2 9 7
505 15112661 507 6 10 89
506 15112661 507 8 9 7
507 15112661 507 7 9 43
508 15112661 507 10 4 1429
509 15112661 507 10 2 11
510 15121586 508 1 8 38
511 15206240 510 6 2 40
512 15206240 510 6 7 383
513 15206240 510 7 7 2681
514 15206240 510 6 0 189
515 15455542 513 3 7 5
516 15455542 513 2 4 200
517 15455542 513 2 9 20
518 15455542 513 1 0 1
519 15455542 513 9 10 2
520 15455542 513 10 2 6
521 15455542 513 4 4 200
522 15455542 513 6 10 6
523 15506796 516 4 3 1
524 15506796 516 3 3 1
525 15515062 519 5 10 44
526 15522516 521 1 4 152
527 15564515 529 2 9 374
528 15573049 531 3 0 195
529 15577492 533 9 4 779
530 15619231 535 6 7 6
531 15619231 535 2 1 59
532 15629960 537 7 10 11
533 15629960 537 4 10 11
534 15639707 539 9 1 15
535 15644510 540 7 7 98
536 15736080 547 4 9 79
537 15745039 549 5 5 264
538 15776877 550 7 6 6
539 15776877 550 3 6 6
540 15834018 551 10 6 30
541 16286192 555 7 1 95
542 16286192 555 7 10 4
543 16286192 555 10 8 7
544 16286192 555 2 5 1
545 16286192 555 2 8 7
546 16286192 555 10 4 829
547 16286192 555 9 8 7
548 16286192 555 5 8 7
549 16286192 555 10 7 7
550 16286192 555 8 0 4
551 16286192 555 8 8 7
552 16443602 556 3 0 1
553 16443602 556 8 7 15
554 16443602 556 8 0 1
555 16479701 557 3 2 52
556 16524483 558 1 8 329
557 16524483 558 1 5 72
558 16595996 562 10 10 8302
559 16842760 569 5 5 1
560 16842760 569 2 8 1
561 16842760 569 4 5 1
562 16842760 569 7 2 26
563 16842760 569 1 6 1
564 16842760 569 3 1 1
565 16842760 569 2 6 1
566 16885018 575 0 8 15
567 17014002 576 6 6 9
568 17014002 576 10 10 989
569 17014002 576 6 5 2438
570 17014002 576 6 1 1
571 17014002 576 10 3 30
572 17115063 582 4 3 49
573 17115063 582 4 7 3007
574 17115063 582 4 5 179
575 17153733 583 6 10 61
576 17165782 587 5 1 31
577 17222367 591 6 10 2
578 17222367 591 0 1 40
579 17224160 592 10 1 40
580 17252848 597 0 4 14
581 17269203 599 7 1 186
582 17396983 602 8 2 848
583 17396983 602 6 7 74
584 17396983 602 8 9 57
585 17453915 606 10 1 70
586 17507196 611 2 2 8
587 17885576 612 4 9 1
588 17885576 612 9 6 3
589 17885576 612 4 1 3
590 17885576 612 7 2 448
591 17885576 612 5 7 2539
592 17885576 612 4 10 5
593 17885576 612 3 10 5
594 17885576 612 6 7 2539
595 17885576 612 0 6 1
596 17885576 612 4 2 448
597 17885576 612 1 7 2539
598 18274816 616 3 6 36
599 18274816 616 5 5 8595
600 18274816 616 9 4 1
601 18274816 616 6 0 494
602 18274816 616 4 7 25228
603 18274816 616 6 1 2
604 18274816 616 8 3 20
605 18274816 616 8 1 1
606 18274816 616 2 8 1
607 18274816 616 1 2 1
608 18274816 616 8 8 1
609 18299087 618 2 8 38
610 18299087 618 7 8 12
611 18346639 624 8 5 2839
612 18396860 626 2 2 106
613 18396860 626 2 10 96
614 18406759 627 1 7 2270
615 18447515 628 1 5 389
616 18497213 632 7 1 1214
617 18592255 634 7 3 109
618 18614308 635 5 8 1373
619 18637131 637 2 10 16
620 18661283 638 2 7 203
621 18886748 644 6 6 1
622 18886748 644 8 7 92
623 18886748 644 5 0 8
624 18886748 644 5 8 908
625 18886748 644 3 3 21
626 18886748 644 9 2 101
627 18886748 644 10 7 92
628 18886748 644 10 9 27
629 18886748 644 0 8 908
630 18886748 644 7 8 908
631 18886748 644 9 8 3635
632 18907378 650 10 10 29
633 18912580 653 7 10 4838
634 18959788 663 1 1 14315
635 19295107 671 9 7 1
636 19295107 671 0 10 24
637 19295107 671 10 8 5
638 19295107 671 9 5 30
639 19295107 671 2 7 1
640 19295107 671 6 5 270
641 19302042 672 10 0 82
642 19355208 675 2 9 21
643 19355208 675 2 4 30
644 19355208 675 2 6 44
645 19363899 676 8 4 41
646 19421213 681 6 5 12
647 19660415 683 3 0 1
648 19660415 683 0 5 12
649 19660415 683 5 2 1527
650 19660415 683 5 3 29
651 19660415 683 10 5 1
652 19660415 683 10 6 135
653 19660415 683 1 1 50
654 19660415 683 6 5 1
655 19660415 683 6 8 5
656 19660415 683 3 6 31
657 19660415 683 2 7 548
658 19731150 689 6 10 48
659 19731150 689 8 4 318
660 19731150 689 5 4 1591
661 19853732 690 0 5 4
662 19853732 690 4 3 45
663 19853732 690 8 6 14
664 19853732 690 0 6 14
665 19853732 690 4 9 17
666 19853732 690 8 1 1
667 19958651 692 10 0 2
668 19958651 692 6 10 51
669 19958651 692 10 7 4345
670 19958651 692 7 6 43
671 19997770 694 4 6 1358
672 20465371 695 4 10 1
673 20465371 695 8 1 3
674 20465371 695 3 8 1
675 20465371 695 6 4 8
676 20465371 695 2 3 13
677 20465371 695 5 3 4
678 20465371 695 0 3 8
679 20465371 695 9 10 1
680 20465371 695 2 5 7
681 20465371 695 5 5 7
682 20465371 695 2 10 1
683 20465371 695 10 10 1
684 20592512 698 2 8 8
685 20592512 698 10 5 51
686 20592512 698 5 10 32
687 20592512 698 10 8 312
688 20592512 698 5 3 7885
689 20592512 698 5 4 89
690 20595453 699 8 8 218
691 20598006 700 9 4 4666
692 20835827 703 2 5 40
693 20835827 703 9 0 37
694 20835827 703 2 0 74
695 20835827 703 2 8 52
696 20840257 704 5 6 1995
697 20914697 710 3 9 22919
698 20949370 712 4 4 99
699 20969475 714 5 4 563
700 20969475 714 5 2 19516
701 20970604 715 8 7 12
702 21160564 718 3 1 85
703 21160564 718 1 5 87
704 21160564 718 8 1 39
705 21167402 720 10 8 8567
706 21244020 723 3 1 113
707 21244020 723 6 7 16
708 21244020 723 3 4 523
709 21244020 723 3 0 39
710 21244020 723 6 2 3584
711 21338496 731 2 10 8
712 21444926 732 6 5 66
713 21553962 735 6 5 36
714 21553962 735 6 2 5
715 21553962 735 9 6 47
716 21630557 739 10 6 35
717 21880840 741 4 8 1
718 21880840 741 6 1 989
719 21880840 741 3 7 2
720 21880840 741 4 2 9
721 21880840 741 10 7 2
722 21880840 741 0 4 33
723 21880840 741 6 0 544
724 21880840 741 7 1 989
725 21880840 741 9 6 5
726 21928514 744 6 3 1
727 21934070 747 8 5 26
728 21980104 749 9 4 6
729 21980104 749 4 9 1
730 21980104 749 10 0 33
731 21980104 749 2 7 20
732 21980104 749 4 7 20
733 22200166 751 2 2 119
734 22200166 751 1 6 167
735 22200166 751 8 9 15
736 22200166 751 3 8 1
737 22200166 751 2 6 55
738 22200166 751 3 10 17
739 22200166 751 5 9 15
740 22200166 751 3 1 15
741 22200166 751 5 3 727
742 22240115 752 8 8 21
743 22240115 752 1 9 1
744 22244392 754 0 1 40
745 22357792 757 7 0 7
746 22357792 757 1 0 7
747 22357792 757 8 5 578
748 22373384 759 10 3 11
749 22376294 760 5 0 1472
750 22403520 764 3 2 84
751 22405310 765 9 0 12661
752 22534914 766 4 4 32
753 22534914 766 7 10 7
754 22534914 766 3 5 13
755 22534914 766 7 5 41
756 22534914 766 10 6 14
757 22534914 766 10 7 7
758 22534914 766 5 7 7
759 22631833 768 0 8 21
760 22631833 768 8 7 6
761 22631833 768 0 4 59
762 22631833 768 0 10 47
763 22720441 778 7 9 14
764 22720441 778 9 9 21
765 22720441 778 2 9 7
766 22720441 778 3 1 279
767 22720441 778 4 9 7
768 22749087 780 3 5 4
769 22749087 780 3 1 117
770 22749087 780 2 5 4
771 22752740 781 0 3 77
772 22794817 787 7 4 3
773 22794817 787 1 4 3
774 22798413 788 10 8 200
775 22815171 792 0 8 118
776 22862782 798 4 7 28
777 22878282 803 8 3 11335
778 22929156 806 5 0 104
779 22946537 811 6 2 58
780 23018591 819 4 3 21
781 23452871 822 6 5 26
782 23452871 822 5 2 3
783 23452871 822 1 10 1
784 23452871 822 3 5 338
785 23452871 822 10 5 78
786 23452871 822 0 3 1
787 23452871 822 6 3 1
788 23452871 822 10 6 8
789 23452871 822 6 0 4
790 23452871 822 9 6 4
791 23452871 822 6 10 1
792 23452871 822 10 1 1
793 23796803 823 10 6 7637
794 23796803 823 2 4 3553
795 23796803 823 3 2 6
796 23796803 823 5 3 6
797 23796803 823 8 2 6
798 23796803 823 9 7 751
799 23796803 823 1 8 1
800 23796803 823 3 9 1
801 23796803 823 8 8 2
802 23796803 823 9 1 1938
803 23796803 823 2 10 1
804 23805513 824 6 10 142
805 23905806 825 6 1 171
806 23905806 825 6 9 56
807 23905806 825 1 2 27
808 23905806 825 0 2 27
809 23905806 825 5 5 16
810 23906637 826 2 8 28
811 23967621 830 0 5 5
812 23967621 830 3 5 172
813 23967621 830 8 1 24
814 24046699 833 7 10 8
815 24097242 834 8 5 908
816 24097242 834 1 0 15
817 24126947 840 10 1 81
818 24177611 842 1 8 2391
819 24177611 842 1 2 12
820 24214824 845 4 7 9
821 24244303 846 5 3 96
822 24244303 846 5 2 142
823 24250327 849 7 10 39
824 24286651 856 4 4 30
825 24324967 857 9 2 15741
826 24331445 858 7 2 1
827 24362527 859 6 5 14093
828 24399508 861 3 0 984
829 24666998 864 6 9 70
830 24666998 864 5 9 35
831 24666998 864 0 0 7236
832 24666998 864 9 4 5
833 24666998 864 6 7 2
834 24666998 864 10 5 15
835 24671420 866 10 3 552
836 24679875 867 2 3 81
837 24688539 869 6 9 164
838 24697703 870 2 3 6
839 24744737 872 1 4 73
840 24744737 872 1 6 11
841 24789318 874 2 4 61
842 24789318 874 2 9 31
843 24789318 874 2 7 312
844 24811399 875 5 7 18
845 24820872 877 10 6 24
846 24832134 880 1 7 27314
847 25043572 886 0 5 25
848 25043572 886 4 7 1
849 25043572 886 7 5 25
850 25043572 886 10 7 1
851 25043572 886 9 9 1503
852 25043572 886 3 4 1
853 25043572 886 2 0 14
854 25043572 886 1 6 1111
855 25043572 886 5 6 555
856 25043572 886 2 7 4
857 25043572 886 3 8 20
858 25043572 886 4 8 20
859 25043572 886 0 0 118
860 25043572 886 9 5 77
861 25077363 888 10 3 87
862 25077363 888 10 8 196
863 25266595 894 9 2 35
864 25266595 894 8 4 18
865 25266595 894 0 5 1
866 25266595 894 9 8 1
867 25266595 894 6 5 2
868 25266595 894 5 1 19
869 25266595 894 2 4 56
870 25266595 894 6 2 5
871 25375963 896 2 3 4760
872 25457654 901 1 3 1484
873 25513961 903 1 4 337
874 25513961 903 1 7 111
875 25514117 904 5 6 59
876 25541673 905 10 8 95
877 25541673 905 4 8 95
878 25627471 907 2 3 18
879 25627471 907 2 9 153
880 25627471 907 2 4 4
881 25627471 907 4 9 76
882 25664519 909 9 2 801
883 25787966 917 3 9 3
884 25824786 919 0 1 1
885 25824786 919 8 1 1
886 25824786 919 7 1 9
887 25833661 920 8 10 8
888 25833661 920 8 9 28
889 25885722 924 0 6 1
890 25939204 926 7 8 20
891 26374600 929 7 4 878
892 26374600 929 10 2 4
893 26374600 929 10 3 3
894 26374600 929 1 9 8
895 26374600 929 10 8 4
896 26374600 929 9 7 4
897 26374600 929 4 9 8
898 26374600 929 6 7 4
899 26374600 929 1 0 2
900 26374600 929 4 0 7
901 26374600 929 6 10 1
902 26374600 929 5 6 54
903 26374600 929 2 5 454
904 26374600 929 2 8 4
905 26374600 929 0 9 8
906 26374600 929 4 6 54
907 26627895 930 6 0 4984
908 26627895 930 1 5 22
909 26627895 930 8 6 13
910 26627895 930 2 10 683
911 26627895 930 3 3 15
912 26627895 930 5 6 13
913 26627895 930 5 4 2601
914 26627895 930 8 8 309
915 26627895 930 10 10 683
916 26627895 930 6 2 7
917 26627895 930 7 3 15
918 26627895 930 4 7 10
919 26856642 931 10 9 2119
920 26856642 931 6 3 24
921 26856642 931 10 0 3169
922 26856642 931 5 9 4239
923 26856642 931 3 4 2727
924 26856642 931 8 1 84
925 26856642 931 3 2 81995
926 26856642 931 2 2 1607
927 26856642 931 6 2 1607
928 27008006 932 9 0 2
929 27008006 932 6 10 47
930 27008006 932 10 6 4
931 27008006 932 1 6 4
932 27008006 932 10 2 1805
933 27008006 932 5 0 2
934 27008006 932 8 4 43
935 27008006 932 6 0 2
936 27033971 935 3 1 1573
937 27033971 935 1 1 1573
938 27033971 935 5 1 1573
939 27043399 936 3 4 58
940 27043399 936 0 4 58
941 27048846 938 9 5 48
942 27076387 939 4 8 42789
943 27100817 940 0 6 15144
944 27100817 940 0 1 55
945 27506426 941 7 7 2
946 27506426 941 1 3 1
947 27506426 941 10 7 2
948 27506426 941 0 3 1
949 27506426 941 4 4 32
950 27506426 941 3 4 1
951 27506426 941 4 1 192
952 27506426 941 4 7 1
953 27506426 941 0 4 3
954 27506426 941 0 0 5
955 27506426 941 3 9 1305
956 27506426 941 0 6 34
957 27506426 941 2 4 1
958 27506426 941 2 0 5
959 27506426 941 0 10 18
960 27506426 941 8 1 96
961 27506426 941 1 5 13
962 27506426 941 2 2 5
963 27506426 941 7 9 1305
964 27506426 941 9 6 8
965 27506426 941 3 2 2
966 27506426 941 8 9 1305
967 27523228 946 1 9 112
968 27562342 948 1 4 16
969 27562342 948 8 6 3958
970 27623743 952 4 4 55
971 27625440 954 10 1 315
972 27646425 957 7 9 35
973 27703706 959 10 3 152
974 27703706 959 10 7 35
975 27703706 959 10 8 1670
976 27745720 961 8 5 343
977 27746159 962 1 9 174
978 28046022 967 6 0 19
979 28046022 967 4 3 16
980 28046022 967 0 5 43
981 28046022 967 0 0 9
982 28046022 967 5 8 44
983 28046022 967 0 8 44
984 28083832 970 4 4 50
985 28136027 972 10 9 152
986 28213059 973 0 8 2624
987 28224896 975 2 8 3
988 28277257 980 6 10 204
989 28277385 981 1 6 406
990 28285025 984 10 4 10212
991 28291418 986 1 0 968
992 28312300 988 8 4 7153
993 28362726 993 4 7 154
994 28425459 994 10 5 81
995 28425459 994 1 0 3
996 28425459 994 8 4 38
997 28425459 994 5 4 38
998 28436905 995 0 10 199
999 28442964 996 1 5 37
