11 336 1000
0 30129 0 1 0 2
1 114992 3 10 3 252
2 114992 3 9 0 4792
3 114992 3 9 5 5552
4 135158 5 9 8 2075
5 139296 6 3 9 2025
6 210197 9 4 2 98
7 210197 9 1 10 7
8 210197 9 1 6 23
9 210197 9 7 6 23
10 210197 9 7 8 2
11 295081 13 1 1 265
12 386043 17 1 5 16
13 386043 17 0 8 1
14 386043 17 5 5 16
15 386043 17 6 2 526
16 386043 17 3 5 16
17 386043 17 1 7 17
18 386043 17 3 7 19
19 386043 17 10 3 93
20 386043 17 9 3 46
21 386043 17 0 7 2
22 402787 18 1 5 253
23 402787 18 1 9 179
24 402787 18 1 3 19564
25 407315 19 1 0 84
26 453139 21 3 8 86
27 462618 24 7 4 6073
28 470908 25 4 0 1977
29 489307 27 1 0 130
30 533352 29 2 10 58
31 533352 29 10 8 170
32 533352 29 10 1 11
33 537458 30 0 6 11
34 547833 31 4 7 4140
35 547833 31 3 3 475
36 583998 37 4 6 62
37 602663 38 2 1 190
38 602663 38 8 8 11723
39 602663 38 8 5 55
40 611766 39 10 5 6
41 636499 41 10 4 238
42 636499 41 10 0 90
43 651215 44 1 7 1307
44 651215 44 1 1 36
45 651215 44 1 6 217
46 654054 45 8 6 1063
47 654930 46 5 10 186
48 658396 48 8 8 26
49 679854 50 2 10 3160
50 679854 50 1 3 14
51 860191 51 5 3 15
52 860191 51 5 0 10
53 860191 51 2 9 1
54 860191 51 0 9 5
55 860191 51 9 9 1
56 860191 51 7 10 1
57 860191 51 7 4 15
58 865217 54 0 10 4501
59 970615 59 8 0 4
60 970615 59 8 9 18
61 970615 59 8 8 1
62 989436 62 8 5 5726
63 997951 64 2 6 218
64 1029802 68 4 4 13
65 1029802 68 3 4 3
66 1029802 68 2 4 1
67 1062339 70 4 8 43
68 1062339 70 4 7 3
69 1089383 72 6 0 6120
70 1089383 72 6 3 18
71 1203271 75 8 1 4733
72 1203271 75 0 1 591
73 1203271 75 6 5 231
74 1203271 75 7 10 7
75 1203271 75 1 2 778
76 1203271 75 4 7 4
77 1203271 75 10 7 1
78 1203271 75 8 5 115
79 1203271 75 8 7 3
80 1203271 75 0 8 1
81 1203271 75 9 5 115
82 1203271 75 3 5 115
83 1203271 75 5 2 778
84 1203271 75 10 5 1270
85 1218023 77 4 4 10
86 1227461 79 3 3 38
87 1383446 84 4 7 21
88 1383446 84 10 5 4
89 1383446 84 2 3 4
90 1383446 84 10 6 1
91 1383446 84 2 5 71
92 1383446 84 6 6 1
93 1383446 84 2 4 5
94 1383446 84 7 6 1
95 1383446 84 6 5 4
96 1384600 86 7 5 3487
97 1420847 89 7 5 6
98 1420847 89 7 10 53
99 1420847 89 7 8 6309
100 1420847 89 7 4 298
101 1420847 89 7 7 1448
102 1460645 94 5 5 756
103 1460645 94 8 5 756
104 1460645 94 2 5 756
105 1468221 96 0 5 44
106 1490629 97 7 9 5530
107 1490629 97 3 9 3687
108 1490629 97 5 9 3687
109 1574144 99 7 5 5
110 1574144 99 7 4 28
111 1574144 99 9 8 1
112 1574144 99 9 7 12
113 1574144 99 9 1 40
114 1574144 99 9 5 5
115 1574144 99 0 9 42
116 1574144 99 0 8 1
117 1717291 102 6 8 14609
118 1717291 102 1 7 2
119 1717291 102 8 1 91
120 1717291 102 6 4 12
121 1717291 102 4 4 4
122 1717291 102 5 6 1
123 1717291 102 8 6 31
124 1717291 102 4 10 21
125 1730966 103 8 5 6
126 1742287 104 4 7 132
127 1742287 104 4 1 18
128 1812440 108 0 6 7
129 1812440 108 4 0 226
130 1813501 109 6 0 101
131 1813501 109 3 0 33
132 1821179 110 3 5 196
133 1821179 110 3 0 197
134 1821179 110 3 3 4665
135 1821179 110 3 7 345
136 1826490 112 9 1 2
137 1826490 112 3 1 5
138 1865348 117 0 6 1374
139 1865348 117 0 8 56
140 1886347 118 9 7 55
141 1886611 119 5 8 2988
142 1890412 120 1 7 62
143 1893090 122 6 1 49
144 1893090 122 0 1 98
145 1896788 123 10 10 32
146 1946779 127 0 5 244
147 1983914 134 8 3 3
148 1983914 134 0 9 76
149 1984843 135 1 6 8481
150 1984843 135 1 8 667
151 2019987 136 1 4 6084
152 2019987 136 8 9 9
153 2135241 137 5 0 8
154 2135241 137 8 9 6410
155 2135241 137 9 0 4
156 2135241 137 8 8 9
157 2135241 137 8 10 668
158 2152351 142 3 3 77
159 2170497 143 0 7 238
160 2201264 146 8 8 999
161 2226884 150 2 2 69
162 2226884 150 2 4 17932
163 2229277 151 3 9 3
164 2244722 153 4 9 185
165 2358189 154 3 4 10
166 2358189 154 9 2 6235
167 2358189 154 8 4 10
168 2358189 154 3 2 249
169 2358189 154 10 10 1
170 2358189 154 7 1 33
171 2358189 154 6 5 69
172 2358189 154 4 5 69
173 2358189 154 5 10 2
174 2358189 154 1 0 2
175 2505731 160 10 5 5
176 2505731 160 5 1 1
177 2505731 160 6 3 2
178 2505731 160 6 7 1
179 2505731 160 0 4 19
180 2505731 160 5 2 210
181 2505731 160 8 3 10
182 2510757 161 10 8 1
183 2555843 162 3 1 1445
184 2556325 163 4 3 297
185 2579439 165 4 4 14
186 2580803 166 7 4 13
187 2587564 168 7 2 30
188 2587564 168 2 2 15
189 2589267 169 3 4 102
190 2607661 170 3 10 19
191 2619964 172 4 2 54
192 2644355 174 6 6 96
193 2644355 174 2 2 9
194 2646856 175 2 6 13
195 2728460 187 7 1 15
196 2874457 198 9 2 2
197 2874457 198 10 8 11
198 2874457 198 3 10 14
199 2917801 203 8 2 64
200 2917801 203 8 4 1511
201 2917801 203 8 1 5
202 2917801 203 8 8 45
203 2917801 203 7 1 21
204 2945536 209 7 5 39
205 2982376 212 2 6 14
206 3009650 222 7 7 112
207 3022372 224 3 4 238
208 3085749 229 6 3 14
209 3148784 230 8 1 46
210 3148784 230 8 2 48
211 3270975 233 9 6 6
212 3270975 233 7 2 17
213 3270975 233 4 0 7
214 3270975 233 0 2 13
215 3270975 233 2 0 22
216 3270975 233 10 10 9
217 3270975 233 5 1 8
218 3270975 233 4 2 8
219 3270975 233 8 0 7
220 3288139 236 9 6 55
221 3325752 237 10 5 107
222 3325752 237 4 9 11
223 3325752 237 10 9 11
224 3346470 239 8 1 9
225 3346470 239 7 1 18
226 3472220 241 6 4 14
227 3472220 241 7 9 1226
228 3472220 241 7 3 1
229 3472220 241 7 8 1
230 3472220 241 6 7 6
231 3472220 241 4 7 12
232 3472220 241 1 6 48
233 3472220 241 1 0 9
234 3472220 241 9 10 1014
235 3472220 241 3 10 4056
236 3472220 241 7 6 1
237 3472549 242 8 3 104
238 3473180 243 10 1 22
239 3479520 244 1 1 1
240 3491442 249 5 5 21
241 3492598 250 3 9 15
242 3494312 251 2 5 87
243 3567696 259 9 3 623
244 3567696 259 10 3 623
245 3567696 259 7 8 2025
246 3567696 259 3 0 14
247 3567696 259 5 5 85
248 3567696 259 5 3 1246
249 3567696 259 4 7 25
250 3706534 262 3 5 2
251 3706534 262 9 3 1
252 3706534 262 0 5 2
253 3706534 262 2 4 9
254 3706534 262 0 6 8
255 3706534 262 2 3 1
256 3706534 262 4 2 13
257 3706534 262 4 3 3
258 3723898 263 10 10 1524
259 3723898 263 1 10 4572
260 3723898 263 6 10 1524
261 3753810 269 4 6 99
262 3753810 269 4 5 39
263 3801232 282 8 4 326
264 3801232 282 8 5 23
265 3801232 282 8 1 106
266 3801232 282 8 8 145
267 3821089 285 4 7 350
268 3821089 285 4 9 314
269 4040042 287 1 0 5
270 4040042 287 7 10 15
271 4040042 287 10 0 1
272 4040042 287 2 0 3
273 4040042 287 0 10 7
274 4040042 287 1 8 5
275 4040042 287 0 2 6
276 4040042 287 8 5 2
277 4040042 287 9 7 807
278 4040042 287 2 2 3
279 4040042 287 5 4 1
280 4040042 287 4 4 2
281 4040042 287 3 1 3
282 4040042 287 5 5 70
283 4040042 287 8 9 1
284 4040042 287 9 10 7
285 4040042 287 5 8 5
286 4121668 291 1 0 1
287 4121668 291 1 8 35
288 4121668 291 3 3 844
289 4121668 291 3 6 409
290 4121668 291 6 0 3
291 4196492 292 4 10 1
292 4208304 295 5 4 1
293 4248046 298 1 7 60
294 4248046 298 9 9 5
295 4248046 298 9 1 12
296 4259259 302 2 8 113
297 4341344 303 10 7 33
298 4341344 303 9 0 1
299 4341344 303 3 6 5173
300 4392854 304 2 3 929
301 4392854 304 2 7 8
302 4404818 306 7 9 19562
303 4424747 308 6 3 284
304 4424747 308 6 2 3
305 4424747 308 6 7 58523
306 4447629 311 9 4 3
307 4450297 314 9 1 54
308 4570906 317 5 5 5789
309 4582772 322 7 5 121
310 4613225 324 10 5 7
311 4613225 324 2 5 510
312 4613225 324 9 9 47
313 4679276 328 8 9 2
314 4679276 328 8 3 2
315 4679276 328 2 9 2
316 4679276 328 10 0 312
317 4682606 329 4 7 6
318 4682606 329 2 7 8
319 4714146 335 1 5 7886
320 4730994 337 4 7 86
321 4730994 337 4 0 12758
322 4765647 339 7 3 430
323 4765647 339 1 5 856
324 4765647 339 5 5 951
325 4765647 339 1 7 15
326 4818186 340 7 9 15
327 4818186 340 0 9 15
328 4818186 340 7 7 2998
329 4818186 340 0 0 20
330 4818186 340 8 3 126
331 4818186 340 3 1 3
332 4855600 349 1 6 568
333 4855600 349 2 6 2272
334 4855600 349 6 6 8522
335 4924748 362 8 2 2
336 4934242 365 2 3 670
337 4945565 366 7 9 52
338 4951218 367 6 3 60
339 4975955 369 6 3 6
340 4975955 369 10 9 168
341 5026716 370 1 10 35
342 5026716 370 5 10 11
343 5026716 370 0 10 11
344 5026716 370 2 8 3
345 5026716 370 6 8 3
346 5026716 370 9 3 10
347 5026716 370 3 8 3
348 5035253 373 6 3 66
349 5038775 377 9 8 86
350 5077526 380 10 7 110
351 5077526 380 10 8 9844
352 5084159 383 4 6 187
353 5094096 386 10 3 976
354 5136093 388 7 2 3
355 5136093 388 7 0 709
356 5136093 388 0 3 9366
357 5136093 388 7 9 4765
358 5136093 388 7 10 17
359 5136093 388 0 2 35
360 5136093 388 7 3 3122
361 5258355 390 7 6 114
362 5258355 390 3 4 27
363 5258355 390 7 9 1924
364 5258355 390 5 0 14
365 5258355 390 7 0 14
366 5258355 390 0 10 1
367 5258355 390 6 6 114
368 5258355 390 6 8 767
369 5301942 392 7 5 1283
370 5301942 392 3 9 3
371 5457596 395 4 0 881
372 5457596 395 8 8 33
373 5457596 395 9 5 532
374 5457596 395 3 6 54
375 5457596 395 2 10 10
376 5457596 395 4 8 33
377 5457596 395 6 5 177
378 5457596 395 0 0 1322
379 5457596 395 4 7 1
380 5470105 397 3 10 99
381 5538336 402 9 10 117
382 5538336 402 9 8 34
383 5538336 402 2 7 17
384 5548200 405 2 5 15
385 5685070 409 2 4 2
386 5685070 409 2 9 45
387 5685070 409 2 5 3188
388 5685070 409 5 10 10
389 5685070 409 1 6 1
390 5742175 413 2 4 4707
391 5742175 413 9 3 3
392 5742175 413 9 10 29
393 5742175 413 9 7 32
394 5788040 422 5 3 54
395 5788040 422 3 2 3415
396 5810416 424 7 6 113
397 5810416 424 7 3 5146
398 5810416 424 7 9 6021
399 5997446 428 9 10 4
400 5997446 428 1 4 1
401 5997446 428 8 10 8
402 5997446 428 7 8 2
403 5997446 428 9 6 1
404 5997446 428 1 3 136
405 5997446 428 7 1 110959
406 5997446 428 0 0 9
407 5997446 428 2 8 2
408 5997446 428 1 6 1
409 5997446 428 3 6 1
410 5997446 428 4 6 1
411 5997446 428 9 9 1
412 5997446 428 6 4 1
413 5997446 428 6 7 1
414 5997446 428 5 2 1
415 5997446 428 9 7 1
416 5997446 428 3 10 4
417 5997446 428 9 0 1
418 5997446 428 1 2 17
419 5997446 428 0 5 822
420 5997446 428 7 4 1
421 5997446 428 8 7 1
422 5997446 428 0 6 1
423 5997446 428 2 0 1
424 6102316 430 8 0 40
425 6102316 430 5 5 8
426 6102316 430 9 10 15
427 6102316 430 4 6 190
428 6102316 430 8 8 1
429 6102316 430 1 4 24
430 6102316 430 4 7 17
431 6102316 430 5 3 2
432 6102316 430 7 6 381
433 6102316 430 2 0 2
434 6102316 430 10 4 3
435 6102316 430 1 5 16
436 6102316 430 4 10 5
437 6102316 430 10 1 1051
438 6128084 435 6 6 24
439 6141678 440 5 0 14
440 6141678 440 4 2 100
441 6159569 444 7 0 19
442 6165551 445 10 6 2
443 6174728 449 9 6 39058
444 6275163 457 4 10 25
445 6275163 457 10 1 3
446 6275163 457 7 1 3
447 6275163 457 6 6 6
448 6275163 457 4 1 1
449 6275163 457 0 5 64
450 6275163 457 1 5 64
451 6275163 457 2 6 6
452 6284014 458 4 4 1978
453 6314860 460 1 10 64
454 6395957 461 0 2 5
455 6395957 461 5 5 163
456 6395957 461 4 0 1
457 6395957 461 0 7 1
458 6395957 461 5 6 122
459 6395957 461 2 9 3
460 6395957 461 6 1 34
461 6395957 461 9 7 1
462 6395957 461 4 6 122
463 6395957 461 10 4 5
464 6395957 461 1 6 122
465 6395957 461 7 10 1
466 6661224 466 8 9 4
467 6661224 466 10 3 1801
468 6661224 466 2 10 2
469 6661224 466 10 6 16
470 6661224 466 1 4 217
471 6661224 466 10 4 217
472 6661224 466 5 6 8
473 6661224 466 5 0 7
474 6661224 466 0 7 1
475 6661224 466 5 5 1
476 6661224 466 2 7 10
477 6661224 466 9 5 1
478 6661224 466 8 3 1801
479 6661224 466 6 3 1801
480 6724143 467 2 3 1
481 6741414 468 7 4 34
482 6777373 472 6 0 14
483 6777373 472 9 0 7
484 6777373 472 4 0 7
485 6848640 473 6 2 15
486 6848640 473 0 10 1
487 6848640 473 2 5 68
488 7069335 475 3 0 1
489 7069335 475 0 3 1
490 7069335 475 2 5 2
491 7069335 475 0 2 1
492 7069335 475 1 7 9
493 7069335 475 8 8 60
494 7069335 475 4 0 1
495 7069335 475 7 0 1
496 7069335 475 7 5 2
497 7069335 475 4 9 5
498 7069335 475 7 4 1
499 7069335 475 0 8 7
500 7071599 476 6 10 30
501 7093119 477 2 6 69
502 7152016 487 5 10 202
503 7152016 487 5 5 33572
504 7179879 489 0 0 785
505 7179879 489 9 8 8
506 7179879 489 2 0 1571
507 7179879 489 9 0 11786
508 7403509 498 9 5 175
509 7403509 498 5 8 514
510 7403509 498 10 3 4
511 7403509 498 0 2 4
512 7403509 498 4 5 175
513 7403509 498 5 7 14
514 7403509 498 6 1 35
515 7403509 498 6 4 50
516 7403509 498 6 3 1
517 7403509 498 8 8 514
518 7403509 498 2 1 17
519 7403509 498 7 7 29
520 7403509 498 2 10 13
521 7403509 498 8 2 4
522 7403509 498 7 5 8250
523 7403509 498 2 7 7
524 7403509 498 0 5 1579
525 7403509 498 7 10 39
526 7437205 504 6 9 296
527 7437205 504 10 3 26
528 7437205 504 3 9 1629
529 7437205 504 3 10 30
530 7438766 505 0 7 64
531 7556330 507 5 6 3
532 7556330 507 1 6 3
533 7556330 507 10 7 72
534 7556330 507 4 0 6
535 7556330 507 6 4 2858
536 7556330 507 7 2 5
537 7556330 507 10 4 1429
538 7556330 507 2 1 1
539 7556330 507 7 7 72
540 7560793 508 1 8 38
541 7604145 511 8 2 14390
542 7727771 513 8 1 5
543 7727771 513 7 1 58
544 7727771 513 3 2 6
545 7727771 513 6 1 5
546 7727771 513 1 6 240
547 7727771 513 4 7 11
548 7727771 513 3 8 1009
549 7753637 517 3 10 33396
550 7761258 521 1 4 152
551 7767269 525 2 7 173
552 7786524 531 3 0 195
553 7809615 535 1 7 6
554 7809615 535 6 7 6
555 7816710 538 4 8 3
556 7848126 542 1 8 84
557 7848126 542 1 5 33196
558 7848949 544 7 5 54
559 7868040 547 4 0 5771
560 7868040 547 4 10 15
561 7868040 547 4 1 2357
562 7872519 549 8 5 792
563 7917009 551 6 1 7
564 8143096 555 6 9 35
565 8143096 555 10 4 829
566 8143096 555 4 6 47
567 8143096 555 3 2 876
568 8143096 555 6 4 829
569 8143096 555 1 5 1
570 8143096 555 1 6 23
571 8143096 555 9 7 3
572 8143096 555 10 9 2
573 8143096 555 0 7 3
574 8143096 555 0 0 1
575 8143096 555 7 10 4
576 8143096 555 3 9 4
577 8143096 555 6 0 1
578 8143096 555 8 9 11
579 8143096 555 10 7 7
580 8221801 556 3 3 23
581 8221801 556 9 7 110
582 8221801 556 5 4 4
583 8221801 556 10 7 15
584 8221801 556 5 7 31
585 8221801 556 0 8 655
586 8239850 557 3 0 5258
587 8239850 557 3 8 1648
588 8262241 558 1 10 174
589 8262241 558 1 1 97
590 8270513 560 3 2 29
591 8297998 562 10 10 8302
592 8335120 565 1 10 1219
593 8335120 565 1 7 39
594 8336607 568 8 2 137
595 8421380 569 2 9 2
596 8421380 569 7 2 26
597 8421380 569 7 0 26
598 8421380 569 2 8 1
599 8421380 569 8 0 26
600 8421380 569 8 7 1
601 8442509 575 0 8 15
602 8507001 576 6 3 30
603 8507001 576 1 2 102
604 8507001 576 6 6 9
605 8509219 577 0 0 2339
606 8557531 582 4 5 179
607 8557531 582 4 0 2716
608 8557531 582 4 1 20340
609 8576866 583 6 6 89
610 8576866 583 6 8 46
611 8602879 590 3 6 136
612 8611183 591 2 1 1
613 8698491 602 6 8 259
614 8726957 606 10 10 996
615 8731937 609 9 8 117
616 8753598 611 5 8 990
617 8942788 612 8 3 1
618 8942788 612 4 4 2485
619 8942788 612 6 4 26
620 8942788 612 7 8 8
621 8942788 612 4 0 71
622 8942788 612 1 4 26
623 8942788 612 3 0 71
624 8942788 612 0 5 240
625 8942788 612 5 8 8
626 8942788 612 9 0 1427
627 8942788 612 2 6 40
628 8942788 612 0 6 1
629 8942788 612 7 10 5
630 8942788 612 1 0 71
631 8942788 612 10 4 133
632 8942788 612 7 5 120
633 8942788 612 0 2 897
634 8958693 613 3 8 94
635 8958693 613 3 9 4062
636 8958693 613 3 3 19596
637 8962315 615 2 7 39103
638 9137408 616 1 10 3419
639 9137408 616 10 4 1
640 9137408 616 1 2 1
641 9137408 616 4 7 25228
642 9137408 616 7 9 2
643 9137408 616 5 1 1
644 9137408 616 3 4 1
645 9137408 616 5 6 72
646 9137408 616 10 5 1227
647 9137408 616 2 3 83
648 9137408 616 8 7 200
649 9137408 616 2 4 1
650 9137408 616 5 10 854
651 9137408 616 0 1 1
652 9137408 616 2 10 854
653 9137408 616 10 2 2
654 9137408 616 9 5 1227
655 9168237 621 10 8 18
656 9174850 625 9 0 34
657 9198430 626 2 2 106
658 9198430 626 2 7 117
659 9198430 626 2 5 2333
660 9242931 631 2 3 144
661 9242931 631 5 6 491
662 9242931 631 7 6 351
663 9287615 633 5 9 17
664 9287615 633 5 6 85
665 9296127 634 7 8 2395
666 9296127 634 7 2 95
667 9307154 635 5 9 102
668 9309515 636 6 5 1003
669 9443374 644 10 7 92
670 9443374 644 3 0 8
671 9443374 644 8 7 92
672 9443374 644 10 6 1
673 9443374 644 4 10 1
674 9456290 653 7 10 4838
675 9457092 654 7 5 44
676 9463833 659 10 5 113
677 9479743 661 9 0 13
678 9479894 663 1 1 14315
679 9486485 666 1 3 75
680 9497003 668 5 5 82
681 9497003 668 5 0 9853
682 9647553 671 10 5 30
683 9647553 671 5 2 6
684 9647553 671 2 3 123
685 9647553 671 9 7 1
686 9647553 671 5 5 30
687 9647553 671 2 0 3
688 9647553 671 7 5 30
689 9651021 672 8 2 85
690 9830207 683 2 1 25
691 9830207 683 1 3 29
692 9830207 683 6 5 1
693 9830207 683 7 3 29
694 9830207 683 5 8 11
695 9830207 683 2 7 548
696 9830207 683 7 8 11
697 9926866 690 0 1 12
698 9926866 690 8 4 1727
699 9926866 690 0 10 48
700 9979325 692 7 4 19
701 9979325 692 10 1 48
702 10232685 695 4 10 1
703 10232685 695 10 9 214
704 10232685 695 9 0 64
705 10232685 695 2 2 793
706 10232685 695 8 5 28
707 10232685 695 0 6 38
708 10232685 695 2 8 1
709 10232685 695 0 0 42
710 10232685 695 5 2 793
711 10232685 695 9 2 793
712 10232685 695 0 2 793
713 10232685 695 3 9 214
714 10242326 697 2 2 466
715 10242326 697 6 6 3138
716 10296256 698 10 1 12
717 10296256 698 2 8 8
718 10296256 698 2 2 153
719 10296256 698 10 2 25
720 10324817 701 8 9 1
721 10371151 702 0 10 1
722 10371151 702 0 8 88
723 10371151 702 4 8 11
724 10371151 702 0 0 2375
725 10417913 703 9 9 325
726 10417913 703 2 9 325
727 10417913 703 9 4 57
728 10417913 703 2 6 38
729 10422923 705 5 5 263
730 10457348 710 3 4 1221
731 10457348 710 3 0 36
732 10457348 710 3 8 105
733 10475720 713 0 6 9483
734 10485302 715 8 7 12
735 10580282 718 5 1 6
736 10580282 718 10 1 6
737 10580282 718 5 8 4366
738 10580282 718 1 5 87
739 10580282 718 0 7 5
740 10580282 718 6 3 15
741 10580282 718 3 0 36
742 10580282 718 8 9 31
743 10622010 723 6 9 23
744 10622010 723 6 2 3584
745 10637956 724 6 6 2
746 10639996 726 3 9 3974
747 10658761 727 2 5 14
748 10722463 732 6 9 46
749 10776981 735 6 5 36
750 10776981 735 6 1 62
751 10776981 735 6 10 8
752 10776981 735 6 6 3
753 10794314 737 0 0 44
754 10794314 737 9 0 44
755 10815278 739 10 6 35
756 10815278 739 10 4 84
757 10940420 741 5 6 5
758 10940420 741 6 1 989
759 10940420 741 0 8 1
760 10940420 741 3 6 2
761 10940420 741 1 9 119
762 10940420 741 9 6 5
763 10940420 741 0 5 147
764 10941943 742 9 10 31
765 10990052 749 2 7 20
766 10990052 749 5 9 2
767 10990052 749 4 4 130
768 10990052 749 9 4 6
769 11100083 751 5 3 727
770 11100083 751 3 6 55
771 11100083 751 2 2 119
772 11100083 751 7 7 3
773 11100083 751 0 2 119
774 11120057 752 8 8 21
775 11120057 752 0 0 717
776 11122196 754 0 1 40
777 11178896 757 1 0 7
778 11196086 761 2 5 45
779 11196086 761 5 5 45
780 11196086 761 6 5 45
781 11267457 766 3 3 1
782 11267457 766 8 5 13
783 11315916 768 0 4 59
784 11315916 768 8 10 47
785 11315916 768 8 8 1321
786 11315916 768 0 0 103
787 11360220 778 0 1 279
788 11360220 778 2 9 7
789 11360220 778 7 9 14
790 11374543 780 0 5 4
791 11397408 787 6 4 33
792 11397408 787 4 4 18
793 11431391 798 4 3 11778
794 11472877 810 3 7 472
795 11491731 815 4 9 128
796 11509295 819 7 3 21
797 11726435 822 1 2 9
798 11726435 822 5 6 4
799 11726435 822 10 6 8
800 11726435 822 2 5 26
801 11726435 822 3 10 9
802 11726435 822 7 1 1
803 11726435 822 2 10 1
804 11726435 822 10 10 1
805 11726435 822 8 1 1
806 11726435 822 9 10 1
807 11726435 822 1 7 276
808 11726435 822 8 2 3
809 11726435 822 5 10 27
810 11726435 822 2 9 1
811 11726435 822 1 6 4
812 11726435 822 9 3 1
813 11726435 822 7 4 1
814 11726435 822 7 0 1
815 11898401 823 2 4 3553
816 11898401 823 3 0 8
817 11898401 823 2 10 1
818 11898401 823 10 6 7637
819 11898401 823 3 2 6
820 11898401 823 3 9 1
821 11898401 823 10 7 751
822 11898401 823 5 1 969
823 11898401 823 10 3 2
824 11898401 823 5 9 1
825 11952903 825 6 1 171
826 11952903 825 7 9 18
827 11952903 825 6 5 16
828 11952903 825 4 5 112
829 11952903 825 4 2 27
830 11952903 825 7 2 27
831 11983810 830 8 2 21
832 12048621 834 7 4 4
833 12099189 844 1 9 851
834 12107412 845 3 7 4
835 12162483 857 9 6 9641
836 12181263 859 6 5 14093
837 12181263 859 6 0 3051
838 12199754 861 3 0 984
839 12216921 863 2 4 116
840 12333499 864 0 6 8
841 12333499 864 2 0 1809
842 12333499 864 8 9 141
843 12333499 864 0 10 517
844 12333499 864 4 1 14
845 12333499 864 3 8 113
846 12333499 864 10 8 113
847 12333499 864 1 4 5
848 12333499 864 4 6 26
849 12333499 864 9 5 15
850 12348851 870 3 3 6
851 12394659 874 2 7 312
852 12394659 874 2 10 51
853 12410436 877 10 6 24
854 12411864 878 9 6 46
855 12426848 882 9 2 223
856 12521786 886 6 6 555
857 12521786 886 6 2 82
858 12521786 886 3 8 20
859 12521786 886 4 8 20
860 12521786 886 10 1 11
861 12521786 886 5 3 48
862 12521786 886 3 6 8888
863 12521786 886 8 0 29
864 12521786 886 10 4 19
865 12521786 886 0 4 1
866 12521786 886 10 7 1
867 12521786 886 3 4 1
868 12538681 888 10 3 87
869 12538681 888 10 6 3020
870 12538681 888 10 0 12
871 12545307 890 8 10 13
872 12633297 894 0 8 1
873 12633297 894 8 10 133
874 12633297 894 10 3 6
875 12633297 894 2 1 4
876 12633297 894 5 3 6
877 12687981 896 9 9 30
878 12694661 897 0 6 1763
879 12713987 899 6 1 58
880 12728827 901 4 2 30
881 12728827 901 6 2 30
882 12728827 901 8 2 30
883 12729050 902 5 10 39173
884 12756980 903 1 10 49
885 12756980 903 1 2 22
886 12756980 903 1 1 7
887 12770836 905 8 8 95
888 12770836 905 5 8 95
889 12770836 905 10 8 95
890 12813735 907 4 1 233
891 12813735 907 4 2 821
892 12832259 909 9 5 138
893 12832259 909 9 0 5739
894 12850923 911 4 0 682
895 12850923 911 6 0 1365
896 12871683 913 1 2 19
897 12887468 916 10 3 99
898 12895052 918 1 8 100
899 12916830 920 8 10 8
900 12969602 926 7 9 34
901 13187300 929 7 2 8
902 13187300 929 8 3 169
903 13187300 929 2 1 1
904 13187300 929 7 9 4
905 13187300 929 8 6 272
906 13187300 929 0 1 2
907 13187300 929 7 5 4774
908 13187300 929 3 9 4
909 13187300 929 4 2 4
910 13187300 929 2 9 4
911 13187300 929 5 6 54
912 13187300 929 5 1 2
913 13187300 929 6 3 3
914 13187300 929 5 8 4
915 13187300 929 3 7 2
916 13187300 929 2 0 2
917 13313947 930 2 0 2492
918 13313947 930 10 9 71
919 13313947 930 4 4 13007
920 13313947 930 0 1 28
921 13313947 930 6 2 7
922 13313947 930 0 2 7
923 13313947 930 8 8 309
924 13313947 930 3 3 15
925 13313947 930 6 7 10
926 13313947 930 8 6 13
927 13428321 931 8 10 225
928 13428321 931 8 8 4
929 13428321 931 5 5 349
930 13428321 931 4 10 225
931 13428321 931 5 1 10
932 13428321 931 3 10 2703
933 13428321 931 2 4 909
934 13428321 931 1 5 349
935 13428321 931 5 10 225
936 13428321 931 10 9 2119
937 13428321 931 10 1 10
938 13504003 932 8 8 6
939 13504003 932 6 3 3
940 13504003 932 5 3 13
941 13504003 932 2 8 6
942 13504003 932 6 10 47
943 13504003 932 2 3 3
944 13504003 932 3 7 3
945 13504003 932 9 9 9
946 13504003 932 3 9 4
947 13504003 932 9 4 6
948 13504003 932 4 8 67
949 13550408 940 0 0 266
950 13550408 940 0 1 55
951 13753213 941 7 5 55
952 13753213 941 9 5 13
953 13753213 941 4 8 1
954 13753213 941 0 7 1
955 13753213 941 8 0 5
956 13753213 941 3 1 384
957 13753213 941 3 6 2
958 13753213 941 3 3 2
959 13753213 941 2 5 27
960 13753213 941 5 5 13
961 13753213 941 9 8 1
962 13753213 941 9 1 288
963 13753213 941 6 0 5
964 13753213 941 3 5 13
965 13760686 945 9 1 9558
966 13762872 947 10 10 71
967 13781171 948 6 7 18
968 13781171 948 8 4 5
969 13814691 955 9 4 12686
970 13814804 956 4 1 1266
971 13853226 960 7 1 1039
972 13872860 961 6 5 2407
973 13873079 962 1 9 174
974 14023011 967 5 7 486
975 14023011 967 6 0 19
976 14023011 967 1 7 243
977 14023011 967 4 4 14
978 14023011 967 1 3 4
979 14023011 967 7 8 44
980 14023011 967 5 3 4
981 14023011 967 7 5 7
982 14023011 967 5 6 3080
983 14049582 971 9 8 90
984 14068013 972 10 5 263
985 14106529 973 0 5 2131
986 14106529 973 2 4 10
987 14118268 978 5 5 281
988 14131248 979 4 8 1268
989 14138628 980 10 10 306
990 14142163 983 0 10 188
991 14142512 984 10 4 10212
992 14145709 986 1 0 968
993 14153219 987 9 9 42
994 14157175 989 8 5 56
995 14161516 990 4 1 2
996 14181363 993 4 1 115
997 14212729 994 0 5 16
998 14212729 994 1 1 1
999 14218452 995 5 6 518
