11 341 1000
0 20086 0 9 4 103
1 20086 0 1 10 471
2 76661 3 9 7 63
3 76661 3 10 6 2558
4 76661 3 10 3 252
5 76661 3 5 1 14
6 76661 3 9 10 1871
7 76661 3 9 3 2654
8 140131 9 7 8 2
9 140131 9 4 7 39
10 140131 9 4 3 74
11 148691 10 5 1 870
12 196720 13 5 1 530
13 196720 13 1 1 265
14 257362 17 2 5 100
15 257362 17 3 7 19
16 257362 17 2 4 12
17 257362 17 5 8 30
18 257362 17 9 10 1
19 257362 17 6 1 88
20 268524 18 1 8 1476
21 302093 21 4 4 22
22 302093 21 3 1 17
23 302093 21 3 4 45
24 302093 21 4 8 86
25 308212 23 8 10 4218
26 326204 27 10 0 130
27 326204 27 6 0 130
28 355568 29 2 9 94
29 355568 29 10 6 2425
30 355568 29 2 4 83
31 355568 29 2 8 170
32 355568 29 2 7 377
33 355568 29 2 6 2425
34 355568 29 10 9 5
35 365222 31 4 7 4140
36 365222 31 4 6 1
37 365222 31 1 6 46
38 369188 32 6 4 72
39 369188 32 7 4 14
40 370164 34 3 5 1261
41 371512 36 3 4 53
42 389332 37 0 8 6
43 389332 37 0 9 2107
44 389332 37 8 9 4214
45 401775 38 2 5 55
46 401775 38 10 5 110
47 424333 41 10 3 35
48 426444 43 5 8 154
49 434143 44 1 3 43
50 434143 44 1 2 89
51 453236 50 7 10 526
52 453236 50 1 3 14
53 453236 50 7 0 44
54 573461 51 8 2 26
55 573461 51 7 4 15
56 573461 51 2 4 15
57 573461 51 2 0 10
58 573461 51 0 6 1
59 573461 51 9 1 15
60 573461 51 7 3 15
61 573461 51 10 10 1
62 573461 51 9 6 5
63 573461 51 9 0 10
64 574368 52 9 4 249
65 575069 53 4 10 10
66 647077 59 2 4 8
67 647077 59 2 7 6
68 647077 59 8 6 19
69 647077 59 5 0 2
70 661494 63 8 5 77
71 681309 66 0 5 116
72 686535 68 8 4 1
73 708226 70 10 8 21
74 729122 74 10 7 17
75 802181 75 2 3 33
76 802181 75 8 8 1
77 802181 75 6 10 7
78 802181 75 4 4 7
79 802181 75 7 6 14
80 824453 82 1 8 76
81 922297 84 3 2 308
82 922297 84 2 3 4
83 922297 84 6 9 6
84 922297 84 2 5 71
85 922297 84 4 6 1
86 922297 84 3 3 8
87 922297 84 7 6 1
88 922297 84 6 8 1
89 958282 91 0 2 550
90 964999 93 7 10 67
91 993753 97 6 9 1843
92 1049429 99 7 1 40
93 1049429 99 9 1 40
94 1049429 99 0 10 3070
95 1049429 99 0 1 40
96 1050925 100 7 2 57
97 1052230 101 10 8 35
98 1144860 102 3 6 1
99 1144860 102 9 6 7
100 1144860 102 3 10 21
101 1144860 102 5 7 2
102 1144860 102 5 2 483
103 1144860 102 0 8 14609
104 1144860 102 6 2 483
105 1144860 102 7 10 21
106 1144860 102 8 10 21
107 1153977 103 8 5 6
108 1208293 108 7 7 76
109 1208293 108 6 4 68
110 1208293 108 0 7 4
111 1208293 108 4 5 90
112 1217732 113 10 6 349
113 1220991 115 3 6 95
114 1231699 116 2 3 15961
115 1243565 117 0 4 101
116 1243565 117 0 2 132816
117 1257564 118 9 7 55
118 1269936 125 0 2 16
119 1297852 127 0 5 244
120 1301325 131 1 3 226
121 1322609 134 6 7 32
122 1322609 134 6 3 3
123 1323228 135 1 8 667
124 1346658 136 1 3 16
125 1346658 136 8 6 21
126 1346658 136 1 4 6084
127 1346658 136 8 3 215
128 1423494 137 0 10 222
129 1423494 137 8 9 6410
130 1423494 137 4 10 222
131 1423494 137 6 7 198
132 1423494 137 6 0 4
133 1431234 139 10 1 50
134 1446998 143 0 5 3991
135 1446998 143 0 9 7
136 1446998 143 0 7 238
137 1468389 147 6 2 182
138 1473093 148 0 10 87
139 1484589 150 2 0 219
140 1484589 150 2 1 14
141 1572126 154 7 7 642
142 1572126 154 10 10 1
143 1572126 154 7 6 115
144 1572126 154 2 7 642
145 1572126 154 6 9 23
146 1572126 154 4 10 2
147 1572126 154 6 2 748
148 1572126 154 5 1 33
149 1572126 154 8 8 21
150 1572126 154 0 6 115
151 1572126 154 0 0 4
152 1572126 154 5 2 498
153 1577220 156 1 8 23
154 1670487 160 2 2 210
155 1670487 160 1 0 23
156 1670487 160 1 9 48
157 1670487 160 3 2 843
158 1670487 160 7 6 19
159 1670487 160 0 3 5
160 1670487 160 4 7 1
161 1670487 160 5 8 306
162 1703895 162 10 6 14
163 1725043 168 8 2 30
164 1738440 170 3 3 61
165 1795930 177 3 0 359
166 1795930 177 3 9 9
167 1795930 177 3 4 23
168 1819847 188 4 10 27
169 1916304 198 8 0 5
170 1916304 198 10 6 111
171 1916304 198 2 6 334
172 1916304 198 3 8 46
173 1916304 198 0 1 4
174 1916304 198 10 5 1
175 1916304 198 1 8 11
176 1918366 201 5 5 64
177 1924485 202 3 2 18
178 1924485 202 3 5 21864
179 1924485 202 3 8 120
180 1956240 208 10 7 217
181 1984590 210 0 3 1
182 1984590 210 7 3 1
183 1990027 215 7 4 8130
184 1998577 217 6 4 13
185 2006433 222 7 7 112
186 2013798 223 2 2 68
187 2021182 226 3 9 222
188 2022384 228 9 2 15
189 2057166 229 6 6 27
190 2057166 229 6 1 1
191 2057166 229 6 0 10
192 2099189 230 8 10 2
193 2099189 230 3 6 6
194 2099189 230 3 9 29
195 2099189 230 8 2 48
196 2099189 230 0 3 136
197 2099189 230 3 10 5
198 2102531 231 0 6 2
199 2180650 233 4 1 39
200 2180650 233 2 8 5
201 2180650 233 8 5 9
202 2180650 233 1 1 8
203 2180650 233 2 7 1
204 2185282 235 2 7 17
205 2217168 237 4 2 27
206 2217168 237 10 7 51
207 2217168 237 10 10 82
208 2230980 239 9 1 9
209 2314813 241 3 8 1
210 2314813 241 9 6 1
211 2314813 241 1 8 1
212 2314813 241 6 8 1
213 2314813 241 3 0 9
214 2324070 246 10 0 30
215 2378464 259 0 8 2025
216 2378464 259 3 0 14
217 2378464 259 5 3 1246
218 2378464 259 9 1 891
219 2378464 259 5 5 85
220 2378464 259 7 8 2025
221 2471022 262 8 1 30
222 2471022 262 8 7 1
223 2471022 262 8 4 11
224 2471022 262 0 7 1
225 2471022 262 3 10 6
226 2471022 262 4 2 13
227 2471022 262 2 6 8
228 2471022 262 3 2 6
229 2471022 262 0 8 21
230 2482598 263 1 10 4572
231 2482598 263 10 10 1524
232 2489321 266 3 10 42
233 2502540 269 4 9 210
234 2512432 271 7 7 34
235 2518128 277 2 7 3263
236 2534155 282 8 10 44
237 2534155 282 8 9 41
238 2534155 282 8 4 326
239 2534215 283 5 1 81
240 2693361 287 10 0 1
241 2693361 287 10 4 1
242 2693361 287 8 2 9
243 2693361 287 4 10 7
244 2693361 287 3 9 1
245 2693361 287 1 9 3
246 2693361 287 5 8 5
247 2693361 287 8 4 1
248 2693361 287 5 2 28
249 2693361 287 4 4 2
250 2693361 287 10 8 35
251 2693361 287 5 4 1
252 2693361 287 0 2 6
253 2693361 287 1 6 48
254 2693361 287 2 10 30
255 2747779 291 4 1 128
256 2747779 291 7 0 3
257 2747779 291 1 9 1096
258 2747779 291 5 3 9080
259 2747779 291 3 0 6
260 2747779 291 10 1 2688
261 2747779 291 6 7 333
262 2747779 291 1 8 35
263 2747779 291 7 2 3435
264 2747779 291 3 3 844
265 2747779 291 5 0 3
266 2797661 292 8 1 1776
267 2797661 292 4 10 1
268 2797661 292 0 1 197
269 2797661 292 2 1 197
270 2797661 292 8 0 6
271 2801680 294 0 5 99583
272 2832031 298 1 0 21
273 2832031 298 1 4 9674
274 2832031 298 1 8 2839
275 2832031 298 9 1 12
276 2832031 298 9 9 5
277 2894229 303 2 0 2
278 2894229 303 3 10 14
279 2894229 303 1 1 75
280 2928569 304 2 8 40
281 2928569 304 3 6 1731
282 2928569 304 2 4 11
283 2928569 304 2 2 74
284 2969994 316 0 4 43
285 3047270 317 1 4 32
286 3047270 317 1 2 3961
287 3047270 317 10 4 10
288 3047270 317 5 9 21
289 3047270 317 3 9 5
290 3047270 317 6 9 10
291 3047270 317 3 8 167
292 3054490 321 1 5 3080
293 3075483 324 1 5 7
294 3075483 324 8 5 7
295 3119517 328 5 0 1
296 3119517 328 7 0 11
297 3119517 328 2 5 297
298 3119517 328 3 3 1
299 3132290 330 0 5 91
300 3142764 335 1 4 11349
301 3154701 338 4 5 18
302 3212124 340 5 2 3
303 3212124 340 2 4 1
304 3212124 340 9 0 40
305 3212124 340 9 7 2998
306 3212124 340 8 9 15
307 3237067 349 8 6 1136
308 3258432 356 6 0 96
309 3317303 369 6 5 186
310 3317303 369 9 0 34
311 3317303 369 2 0 17
312 3351144 370 5 10 11
313 3351144 370 0 8 6
314 3351144 370 6 9 23
315 3385017 380 10 2 57
316 3396064 386 7 3 976
317 3424062 388 7 2 3
318 3424062 388 0 9 4765
319 3424062 388 0 0 709
320 3424062 388 7 1 98
321 3505570 390 8 10 1
322 3505570 390 2 8 767
323 3505570 390 1 4 27
324 3534628 392 6 5 3851
325 3534628 392 1 5 5135
326 3638397 395 6 2 1
327 3638397 395 2 5 1065
328 3638397 395 3 9 10223
329 3638397 395 4 0 881
330 3638397 395 9 1 1
331 3638397 395 7 3 10
332 3638397 395 10 6 13
333 3692224 402 9 7 35
334 3692224 402 9 10 117
335 3705404 406 8 0 35
336 3720032 407 2 8 611
337 3720032 407 2 10 6135
338 3790047 409 2 5 3188
339 3790047 409 8 5 797
340 3790047 409 1 6 1
341 3790047 409 10 0 1584
342 3790047 409 5 3 3
343 3790047 409 10 1 542
344 3790047 409 10 7 1
345 3790047 409 1 2 11
346 3828116 413 2 1 168
347 3828116 413 2 10 7
348 3828116 413 2 4 4707
349 3828116 413 2 9 66
350 3829200 414 7 9 40
351 3842711 420 7 10 64
352 3858693 422 4 2 5692
353 3873611 424 7 6 113
354 3873611 424 7 3 5146
355 3876207 425 10 3 34
356 3998297 428 6 1 668
357 3998297 428 8 3 7
358 3998297 428 0 7 1
359 3998297 428 7 9 1
360 3998297 428 8 8 2
361 3998297 428 3 3 3
362 3998297 428 10 10 4
363 3998297 428 5 0 1
364 3998297 428 7 4 1
365 3998297 428 5 5 822
366 3998297 428 6 8 7
367 3998297 428 10 0 1
368 3998297 428 3 6 1
369 3998297 428 8 5 822
370 3998297 428 9 6 1
371 3998297 428 0 9 1
372 4068211 430 1 8 4
373 4068211 430 9 1 1051
374 4068211 430 8 3 8
375 4068211 430 1 1 2103
376 4068211 430 9 3 8
377 4068211 430 5 8 4
378 4068211 430 0 8 2
379 4068211 430 8 8 1
380 4068211 430 2 8 2
381 4068211 430 2 0 2
382 4071967 431 6 0 184
383 4085389 435 7 6 24
384 4094452 440 4 2 100
385 4101706 443 6 3 83
386 4101706 443 6 10 95
387 4110367 445 7 6 2
388 4111024 446 8 4 28
389 4115059 448 6 1 2
390 4116485 449 9 6 39058
391 4183442 457 5 6 6
392 4183442 457 8 6 12
393 4183442 457 0 9 13
394 4183442 457 10 0 8
395 4183442 457 0 5 64
396 4183442 457 5 9 13
397 4183442 457 6 6 6
398 4183442 457 2 6 6
399 4209906 460 1 7 335
400 4209906 460 1 4 4695
401 4263971 461 8 8 9
402 4263971 461 4 6 122
403 4263971 461 2 7 147
404 4263971 461 10 8 9
405 4263971 461 6 6 122
406 4271391 465 3 0 20
407 4440816 466 10 3 1801
408 4440816 466 2 8 1
409 4440816 466 7 9 12
410 4440816 466 3 2 100
411 4440816 466 8 0 7
412 4440816 466 10 0 7
413 4440816 466 8 6 4
414 4440816 466 3 3 7204
415 4440816 466 8 1 5
416 4440816 466 3 1 11
417 4440816 466 10 7 22
418 4440816 466 6 4 217
419 4440816 466 0 6 12
420 4440816 466 9 3 1801
421 4440816 466 9 4 217
422 4440816 466 5 4 217
423 4440816 466 4 9 8
424 4440816 466 8 10 2
425 4440816 466 1 8 1
426 4440816 466 9 0 7
427 4482762 467 10 9 8
428 4482762 467 1 7 5
429 4482762 467 4 6 6
430 4494276 468 7 9 22
431 4494276 468 7 5 422
432 4497076 469 6 3 3988
433 4497076 469 6 1 4673
434 4518248 472 3 0 7
435 4518248 472 1 0 7
436 4565760 473 9 2 7
437 4565760 473 5 9 2
438 4565760 473 8 2 15
439 4565760 473 5 3 14
440 4712890 475 1 10 5
441 4712890 475 7 7 9
442 4712890 475 10 4 2
443 4712890 475 8 7 4
444 4712890 475 2 5 2
445 4712890 475 1 8 2
446 4712890 475 8 9 5
447 4712890 475 4 1 6
448 4712890 475 2 8 2
449 4712890 475 7 0 1
450 4712890 475 0 7 4
451 4712890 475 2 10 51
452 4712890 475 3 8 2
453 4712890 475 7 5 2
454 4728746 477 2 10 99647
455 4739942 479 7 9 1
456 4739942 479 0 9 1
457 4746978 482 10 0 122
458 4750107 483 7 10 8
459 4768011 487 5 6 23
460 4786586 489 0 4 48
461 4935673 498 10 3 4
462 4935673 498 3 4 50
463 4935673 498 10 9 1
464 4935673 498 1 7 14
465 4935673 498 5 5 702
466 4935673 498 1 4 50
467 4935673 498 3 10 13
468 4935673 498 3 3 1
469 4935673 498 1 5 175
470 4935673 498 10 10 13
471 4935673 498 4 0 10
472 4935673 498 7 6 1
473 4935673 498 4 4 100
474 4935673 498 4 1 17
475 4935673 498 8 5 175
476 4935673 498 6 8 514
477 4935673 498 5 1 35
478 4935673 498 9 3 1
479 4935673 498 0 1 53
480 4947111 499 7 5 7680
481 4952615 502 2 6 191
482 4953331 503 1 1 6017
483 5037553 507 7 10 178
484 5037553 507 3 0 15
485 5037553 507 3 3 26
486 5037553 507 2 5 199
487 5037553 507 8 9 7
488 5037553 507 4 4 1429
489 5037553 507 7 7 72
490 5037553 507 4 0 6
491 5037553 507 8 3 2
492 5040528 508 5 8 38
493 5068746 510 7 6 71
494 5068746 510 6 6 71
495 5068746 510 6 0 189
496 5068746 510 7 5 3
497 5068746 510 6 7 383
498 5068746 510 6 8 7
499 5068746 510 7 9 1
500 5068746 510 7 7 2681
501 5151847 513 2 4 200
502 5151847 513 9 5 690
503 5151847 513 2 7 5
504 5151847 513 3 2 6
505 5151847 513 1 2 6
506 5151847 513 5 1 21
507 5151847 513 6 6 80
508 5152393 514 9 9 87
509 5154720 515 10 1 15
510 5168932 516 0 3 1
511 5174961 522 5 9 21
512 5186600 527 5 0 238
513 5192497 533 4 4 779
514 5206410 535 2 1 59
515 5207887 536 3 6 467
516 5209986 537 9 10 88
517 5232084 542 1 3 210
518 5232084 542 1 1 3993
519 5245360 547 4 5 7822
520 5248346 549 5 5 264
521 5258959 550 0 6 31
522 5258959 550 3 6 6
523 5278006 551 9 1 7
524 5278006 551 10 6 30
525 5278006 551 4 1 3
526 5278006 551 7 9 4879
527 5278006 551 2 9 4879
528 5282987 552 5 0 76
529 5289348 554 10 7 2037
530 5428730 555 9 0 1
531 5428730 555 7 8 102
532 5428730 555 0 4 829
533 5428730 555 1 4 4978
534 5428730 555 5 1 95
535 5428730 555 3 6 47
536 5428730 555 6 0 1
537 5428730 555 3 4 829
538 5428730 555 0 2 876
539 5428730 555 5 6 23
540 5428730 555 2 9 2
541 5428730 555 1 3 202
542 5428730 555 0 10 5
543 5428730 555 7 5 11
544 5428730 555 4 2 4380
545 5481200 556 3 0 1
546 5481200 556 9 0 1
547 5481200 556 0 7 15
548 5481200 556 10 1 1
549 5493233 557 3 9 238
550 5493233 557 3 8 1648
551 5493233 557 3 10 162
552 5493233 557 3 6 36
553 5508161 558 1 5 72
554 5508161 558 1 2 194
555 5508161 558 1 3 9246
556 5513675 560 6 0 10
557 5513675 560 10 2 45
558 5556747 565 1 9 136
559 5614253 569 7 6 1
560 5614253 569 0 6 5
561 5614253 569 6 5 1
562 5614253 569 5 5 1
563 5614253 569 10 10 49
564 5614253 569 1 8 8
565 5671334 576 0 2 51
566 5671334 576 1 9 73
567 5671334 576 1 0 51
568 5671334 576 6 1 1
569 5672813 577 8 0 1169
570 5705021 582 4 4 50
571 5717911 583 6 10 61
572 5730688 588 4 3 51
573 5740789 591 4 1 2
574 5740789 591 3 10 5
575 5800676 604 9 6 322
576 5801421 605 4 6 53
577 5817971 606 10 9 101
578 5822141 610 1 3 27
579 5822141 610 2 3 27
580 5961858 612 4 4 2485
581 5961858 612 7 0 71
582 5961858 612 10 5 3603
583 5961858 612 3 7 5079
584 5961858 612 9 2 1346
585 5961858 612 0 6 1
586 5961858 612 7 1 3
587 5961858 612 0 2 897
588 5961858 612 1 10 55
589 5961858 612 0 3 1
590 5961858 612 1 1 3
591 5961858 612 0 5 240
592 5961858 612 3 3 1
593 5961858 612 2 6 40
594 5961858 612 1 5 120
595 5961858 612 3 5 120
596 5961858 612 9 10 5
597 5961858 612 6 0 71
598 5961858 612 7 4 26
599 5961858 612 1 0 71
600 5972462 613 3 8 94
601 5972462 613 3 5 22
602 5974876 615 2 7 39103
603 6091605 616 9 10 1709
604 6091605 616 7 2 1
605 6091605 616 8 8 1
606 6091605 616 4 6 72
607 6091605 616 3 3 62
608 6091605 616 1 5 1227
609 6091605 616 2 2 1
610 6091605 616 7 3 20
611 6091605 616 8 10 854
612 6091605 616 7 8 3
613 6091605 616 6 7 5205
614 6091605 616 7 0 494
615 6091605 616 8 6 36
616 6091605 616 1 2 1
617 6091605 616 4 5 1227
618 6091605 616 5 1 1
619 6091605 616 5 4 3
620 6091605 616 9 1 1
621 6091605 616 10 3 20
622 6101461 619 8 6 91
623 6115546 624 1 5 2839
624 6115546 624 8 5 2839
625 6132286 626 2 5 2333
626 6132286 626 2 1 8
627 6149171 628 1 2 47
628 6149171 628 1 8 78
629 6149171 628 1 4 81
630 6191743 633 5 8 159
631 6191743 633 5 4 225
632 6197418 634 7 10 105
633 6204769 635 5 6 96
634 6204769 635 5 10 15796
635 6220427 638 0 6 40
636 6220852 639 2 3 55
637 6295582 644 3 10 1
638 6295582 644 5 9 27
639 6295582 644 1 3 10
640 6295582 644 5 0 8
641 6295582 644 7 8 908
642 6295582 644 10 9 27
643 6295582 644 2 1 20
644 6295582 644 7 0 8
645 6295582 644 6 1 6
646 6302547 651 5 8 25
647 6304082 652 3 8 767
648 6319828 661 6 0 13
649 6331335 668 5 1 200
650 6331335 668 5 5 82
651 6431702 671 8 8 5
652 6431702 671 4 6 8
653 6431702 671 7 6 8
654 6431702 671 9 7 1
655 6431702 671 10 10 4
656 6431702 671 10 0 1
657 6431702 671 6 5 270
658 6431702 671 3 6 8
659 6431702 671 7 4 671
660 6436898 674 4 2 83
661 6462308 679 10 7 6010
662 6473737 681 4 4 1319
663 6473737 681 5 4 1319
664 6553471 683 9 1 25
665 6553471 683 6 7 548
666 6553471 683 7 7 548
667 6553471 683 9 4 638
668 6553471 683 1 1 50
669 6553471 683 7 10 16
670 6553471 683 1 10 32
671 6553471 683 4 3 29
672 6553471 683 5 9 15
673 6553471 683 2 5 1
674 6553471 683 0 8 5
675 6577050 689 5 10 2
676 6577050 689 6 4 636
677 6617910 690 8 4 1727
678 6617910 690 4 2 11
679 6619652 691 10 2 74
680 6652883 692 2 10 12
681 6652883 692 6 10 51
682 6664182 693 8 2 61
683 6664182 693 8 0 109
684 6665923 694 4 6 1358
685 6821790 695 10 1 3
686 6821790 695 10 7 1
687 6821790 695 9 10 1
688 6821790 695 4 8 1
689 6821790 695 3 4 1
690 6821790 695 10 9 214
691 6821790 695 4 1 41
692 6821790 695 6 5 49
693 6821790 695 10 8 1
694 6821790 695 8 2 793
695 6821790 695 1 6 1
696 6821790 695 4 5 71
697 6821790 695 7 5 28
698 6828217 697 2 2 466
699 6864170 698 10 8 312
700 6864170 698 2 7 2
701 6864170 698 2 9 33
702 6864170 698 5 10 32
703 6883211 701 2 9 1
704 6914100 702 4 4 649
705 6945275 703 9 1 49
706 6945275 703 9 9 325
707 6946752 704 5 6 1995
708 6950471 706 2 4 2
709 6971565 710 3 1 44
710 6971565 710 3 10 1
711 6971565 710 3 7 220
712 6971565 710 3 2 96
713 7053521 718 6 1 6
714 7053521 718 7 3 15
715 7053521 718 8 10 2
716 7053521 718 5 1 6
717 7054547 719 2 7 4984
718 7081340 723 3 6 66
719 7081340 723 3 10 11
720 7081340 723 3 0 39
721 7081340 723 6 10 11
722 7091971 724 6 9 286
723 7093331 726 3 9 3974
724 7105841 727 6 5 7
725 7112832 731 3 10 2
726 7148308 732 7 5 26
727 7148308 732 0 5 132
728 7184654 735 6 8 280
729 7184654 735 9 1 6
730 7184654 735 9 2 1
731 7184654 735 6 7 1348
732 7210185 739 10 10 132
733 7210185 739 10 5 86
734 7293613 741 3 5 17
735 7293613 741 4 8 1
736 7293613 741 3 0 544
737 7293613 741 10 0 1634
738 7293613 741 8 5 28
739 7293613 741 5 9 14
740 7293613 741 8 9 44
741 7326701 749 4 9 1
742 7326701 749 10 7 20
743 7326701 749 2 7 20
744 7327678 750 0 3 82
745 7400055 751 4 7 10
746 7400055 751 9 2 119
747 7400055 751 3 8 1
748 7400055 751 9 7 3
749 7400055 751 8 1 30
750 7400055 751 0 7 3
751 7400055 751 8 2 2628
752 7400055 751 6 3 242
753 7400055 751 2 9 31
754 7413371 752 1 0 168
755 7413371 752 3 0 42
756 7432208 755 9 4 137
757 7432208 755 9 6 4
758 7432208 755 9 8 92
759 7452597 757 8 1 38
760 7468436 765 9 0 12661
761 7511638 766 2 6 14
762 7511638 766 8 10 106
763 7511638 766 3 4 16
764 7511638 766 1 6 172
765 7511638 766 6 7 3
766 7543944 768 0 7 2
767 7543944 768 0 4 59
768 7543944 768 0 2 36
769 7544170 769 5 3 363
770 7544512 770 1 5 68
771 7554519 773 9 10 52
772 7559417 775 9 3 95
773 7564810 777 1 6 75
774 7573480 778 7 9 14
775 7573480 778 0 1 279
776 7573480 778 4 9 7
777 7583029 780 1 5 14
778 7589026 783 7 10 8
779 7598272 787 4 4 18
780 7598272 787 7 4 3
781 7602202 789 3 2 30
782 7604030 790 7 8 37
783 7620927 798 4 10 193
784 7620927 798 4 9 293
785 7626063 802 4 0 8
786 7637624 804 4 4 621
787 7637624 804 4 3 23
788 7637624 804 4 0 117
789 7669698 817 8 3 1577
790 7817623 822 4 7 138
791 7817623 822 9 4 1
792 7817623 822 2 6 8
793 7817623 822 1 6 4
794 7817623 822 9 8 239
795 7817623 822 7 9 3
796 7817623 822 2 1 1
797 7817623 822 0 2 3
798 7817623 822 4 5 52
799 7817623 822 5 5 26
800 7817623 822 8 1 1
801 7817623 822 4 6 8
802 7817623 822 2 5 26
803 7817623 822 1 8 239
804 7817623 822 0 9 1
805 7817623 822 10 9 1
806 7817623 822 9 5 26
807 7932267 823 10 1 969
808 7932267 823 1 9 1
809 7932267 823 1 3 13
810 7932267 823 5 8 1
811 7932267 823 8 3 9
812 7932267 823 5 0 8
813 7932267 823 5 6 282
814 7932267 823 8 1 969
815 7932267 823 8 6 282
816 7932267 823 9 7 751
817 7932267 823 1 4 3553
818 7932267 823 5 9 1
819 7935171 824 6 10 142
820 7968602 825 4 4 187
821 7968602 825 10 9 56
822 7968602 825 6 9 56
823 7968602 825 4 9 18
824 7968602 825 5 5 16
825 7989207 830 3 2 42
826 7989207 830 0 5 5
827 8015566 833 7 9 12629
828 8015566 833 7 10 8
829 8032414 834 2 10 700
830 8032414 834 2 0 15
831 8038564 837 6 9 79
832 8059203 842 1 0 94
833 8059203 842 1 8 2391
834 8059203 842 1 4 6007
835 8059203 842 1 10 21
836 8059203 842 1 9 9530
837 8066126 844 7 9 283
838 8071608 845 4 7 9
839 8082289 847 6 6 38995
840 8083442 849 7 10 39
841 8108322 857 9 7 83
842 8108322 857 9 3 192
843 8110481 858 4 2 1
844 8120842 859 6 1 2
845 8133169 861 3 0 984
846 8133169 861 3 4 112
847 8133169 861 3 5 2029
848 8144614 863 2 7 8
849 8144614 863 6 7 8
850 8222332 864 3 8 113
851 8222332 864 9 1 4
852 8222332 864 7 6 4
853 8232567 870 2 3 6
854 8243121 871 1 9 3
855 8263106 874 2 5 668
856 8263106 874 2 7 312
857 8263106 874 2 0 171
858 8273117 876 10 3 37
859 8274576 878 9 6 46
860 8284135 881 1 2 561
861 8284135 881 2 2 561
862 8286610 885 10 5 37
863 8347857 886 6 5 25
864 8347857 886 8 4 1
865 8347857 886 0 0 118
866 8347857 886 9 6 555
867 8347857 886 6 4 1
868 8347857 886 3 8 20
869 8359121 888 10 5 109
870 8359121 888 10 4 103
871 8359121 888 10 6 3020
872 8368697 893 8 3 795
873 8422198 894 10 1 194
874 8422198 894 7 7 1
875 8422198 894 2 5 30
876 8422198 894 5 1 19
877 8422198 894 9 8 1
878 8426432 895 5 9 36
879 8466372 898 1 1 158
880 8475991 899 6 8 4891
881 8475992 900 0 7 201
882 8485884 901 10 3 7420
883 8485884 901 6 2 30
884 8513891 905 8 8 95
885 8513891 905 6 8 95
886 8542490 907 4 3 18
887 8542490 907 2 2 1642
888 8542490 907 2 0 36
889 8542490 907 4 2 821
890 8554839 909 9 9 226
891 8554839 909 9 7 11407
892 8554839 909 9 1 6168
893 8555838 910 10 5 3
894 8567282 911 7 0 2047
895 8567282 911 6 0 1365
896 8581122 913 7 2 19
897 8581122 913 1 2 19
898 8595988 917 6 9 3
899 8612310 921 3 9 79
900 8615956 923 10 7 1223
901 8646401 926 7 10 8973
902 8791533 929 4 5 227
903 8791533 929 10 10 1
904 8791533 929 2 0 2
905 8791533 929 4 7 2
906 8791533 929 0 8 4
907 8791533 929 2 9 4
908 8791533 929 10 6 54
909 8791533 929 2 3 13
910 8791533 929 0 0 5
911 8791533 929 0 7 2
912 8791533 929 5 0 2
913 8791533 929 2 1 1
914 8791533 929 1 3 6
915 8791533 929 2 8 4
916 8791533 929 0 10 1
917 8791533 929 9 1 2
918 8791533 929 6 5 227
919 8791533 929 8 10 2
920 8791533 929 4 10 1
921 8791533 929 6 7 4
922 8791533 929 3 8 4
923 8791533 929 9 10 2
924 8791533 929 6 9 28
925 8791533 929 1 0 2
926 8791533 929 7 7 231
927 8875965 930 2 8 1548
928 8875965 930 10 0 7476
929 8875965 930 3 5 22
930 8875965 930 4 8 309
931 8875965 930 7 2 7
932 8875965 930 7 3 15
933 8875965 930 6 7 10
934 8875965 930 1 6 13
935 8875965 930 2 10 683
936 8952214 931 3 4 2727
937 8952214 931 3 5 4188
938 8952214 931 7 8 4
939 8952214 931 6 10 225
940 8952214 931 10 5 349
941 9002668 932 3 0 2
942 9002668 932 9 2 902
943 9002668 932 10 7 10
944 9002668 932 9 0 2
945 9002668 932 3 7 3
946 9002668 932 0 6 9
947 9002668 932 8 2 902
948 9002668 932 4 8 67
949 9011323 935 0 1 1573
950 9014466 936 3 4 58
951 9016282 938 9 5 48
952 9025462 939 8 8 28526
953 9033605 940 0 2 131
954 9033605 940 0 4 44
955 9033605 940 0 3 11398
956 9168808 941 9 4 1
957 9168808 941 10 10 36
958 9168808 941 0 9 1305
959 9168808 941 8 7 1
960 9168808 941 9 0 22
961 9168808 941 10 9 1305
962 9168808 941 3 7 2
963 9168808 941 8 1 96
964 9168808 941 5 4 1
965 9168808 941 5 10 18
966 9168808 941 4 8 1
967 9168808 941 9 8 1
968 9168808 941 0 1 96
969 9168808 941 2 7 1
970 9168808 941 6 10 18
971 9168808 941 1 2 2
972 9187447 948 6 6 791
973 9205103 951 2 8 158
974 9208480 954 10 1 315
975 9248573 961 9 5 1719
976 9348674 967 7 10 40
977 9348674 967 6 1 369
978 9348674 967 6 8 44
979 9348674 967 7 3 8
980 9348674 967 5 7 486
981 9348674 967 7 2 30
982 9366388 971 10 8 30
983 9378675 972 10 2 558
984 9404353 973 0 9 112
985 9404353 973 2 8 1312
986 9404353 973 0 1 24
987 9404353 973 0 2 17
988 9420832 979 0 1 41
989 9420832 979 4 8 1268
990 9420832 979 6 1 290
991 9420832 979 0 8 1268
992 9427424 982 3 10 41
993 9438116 989 8 5 56
994 9475153 994 3 0 6
995 9475153 994 2 0 3
996 9475153 994 7 1 8
997 9475153 994 2 1 1
998 9478968 995 5 6 518
999 9478968 995 6 6 518
