11 356 1000
0 20086 0 1 7 23
1 20086 0 9 5 6
2 20086 0 1 10 471
3 20086 0 9 7 46
4 20086 0 1 6 24
5 76661 3 9 1 84
6 76661 3 9 3 2654
7 76661 3 5 5 113
8 76661 3 5 0 2396
9 88735 4 9 8 4
10 90105 5 9 8 2075
11 101452 8 10 0 624
12 140131 9 7 0 7
13 140131 9 1 2 19
14 150829 11 0 9 88
15 196720 13 10 4 340
16 196720 13 5 5 13
17 196720 13 1 9 30152
18 203405 16 1 4 7
19 257362 17 7 7 2
20 257362 17 5 4 12
21 257362 17 5 5 16
22 257362 17 2 5 100
23 257362 17 0 2 526
24 257362 17 7 9 658
25 257362 17 3 5 16
26 268524 18 1 8 1476
27 302093 21 4 1 31
28 302093 21 3 9 94
29 302093 21 3 5 18
30 302093 21 3 0 51960
31 326204 27 3 0 130
32 355568 29 10 10 175
33 358305 30 2 6 11
34 369188 32 0 4 14
35 401775 38 10 1 381
36 401775 38 2 5 55
37 401775 38 2 1 190
38 424333 41 10 2 50
39 426389 42 8 0 5
40 434143 44 1 8 59
41 436620 46 5 10 186
42 438931 48 8 8 26
43 453236 50 9 0 44
44 453236 50 2 10 3160
45 573461 51 2 0 10
46 573461 51 0 4 15
47 573461 51 2 8 3
48 573461 51 10 0 64
49 573461 51 3 10 1
50 573461 51 8 0 21
51 573461 51 9 9 1
52 573461 51 2 2 5
53 576811 54 9 10 4501
54 576811 54 0 10 4501
55 647077 59 1 7 13
56 647077 59 8 8 1
57 647077 59 1 3 5
58 647077 59 2 1 67
59 681309 66 0 4 60
60 681309 66 0 5 116
61 686535 68 2 4 1
62 686889 69 5 1 15911
63 708226 70 4 8 43
64 708226 70 4 7 3
65 802181 75 7 9 1
66 802181 75 6 8 68
67 802181 75 4 1 1183
68 802181 75 10 9 1
69 802181 75 10 5 1270
70 802181 75 4 5 115
71 812015 77 7 4 21
72 812015 77 10 4 31
73 812015 77 0 4 105
74 812015 77 9 4 42
75 922297 84 6 3 17
76 922297 84 3 1 24
77 922297 84 4 1 120
78 922297 84 7 1 8
79 922297 84 2 8 1
80 922297 84 10 0 7
81 922297 84 2 7 21
82 922297 84 6 4 5
83 922297 84 2 4 5
84 922297 84 10 10 2
85 929452 88 1 6 30
86 947231 89 7 1 10154
87 973763 94 9 5 756
88 976731 95 3 1 49
89 978814 96 10 5 88
90 993753 97 0 9 1843
91 1049429 99 9 8 1
92 1049429 99 0 9 42
93 1049429 99 9 6 70
94 1144860 102 5 5 14
95 1144860 102 10 5 57
96 1144860 102 0 8 14609
97 1144860 102 10 10 21
98 1144860 102 0 1 3
99 1144860 102 10 1 3
100 1144860 102 4 4 4
101 1144860 102 3 6 1
102 1144860 102 3 9 9
103 1153977 103 8 5 6
104 1153977 103 9 5 13
105 1161524 104 4 7 132
106 1208293 108 4 0 226
107 1208293 108 6 4 68
108 1208293 108 4 5 90
109 1214119 110 3 10 47
110 1220991 115 10 6 95
111 1220991 115 3 6 95
112 1243565 117 0 4 101
113 1243565 117 0 9 4276
114 1260274 120 0 7 124
115 1264525 123 10 10 32
116 1269936 125 0 2 16
117 1297852 127 0 4 115
118 1313353 132 0 1 6
119 1322609 134 0 3 7
120 1346658 136 8 1 94
121 1346658 136 8 8 31
122 1346658 136 1 8 15
123 1346658 136 1 7 22
124 1346658 136 1 6 153
125 1346658 136 1 4 6084
126 1423494 137 4 0 56
127 1423494 137 0 4 199
128 1423494 137 6 6 2
129 1423494 137 10 7 3
130 1423494 137 2 10 890
131 1423494 137 3 9 2136
132 1432096 141 5 8 67
133 1446998 143 0 1 26
134 1446998 143 0 9 7
135 1446998 143 0 4 78
136 1449814 145 5 4 231
137 1467509 146 8 8 999
138 1473093 148 2 10 21
139 1484589 150 2 1 14
140 1487769 152 4 1 1312
141 1572126 154 3 2 249
142 1572126 154 8 9 11
143 1572126 154 3 3 28
144 1572126 154 6 7 3210
145 1572126 154 9 7 1284
146 1572126 154 1 9 11
147 1572126 154 0 0 4
148 1572126 154 6 6 690
149 1572126 154 10 0 2
150 1572126 154 5 10 2
151 1670487 160 3 2 843
152 1670487 160 7 3 137
153 1670487 160 1 2 210
154 1670487 160 1 9 48
155 1670487 160 6 7 1
156 1670487 160 9 2 210
157 1670487 160 10 2 843
158 1703895 162 2 3 191
159 1703895 162 8 6 14
160 1703895 162 7 0 3799
161 1703895 162 8 0 1899
162 1703895 162 2 1 2890
163 1703895 162 3 0 1899
164 1703895 162 10 4 15
165 1704217 163 4 3 297
166 1719626 165 8 3 93
167 1719626 165 1 5 110
168 1738440 170 3 9 3937
169 1762903 174 2 2 9
170 1762903 174 0 3 36
171 1762903 174 6 2 19
172 1795930 177 0 3 10858
173 1840517 192 3 0 139
174 1840517 192 3 1 640
175 1840517 192 3 7 6128
176 1842968 195 5 3 168
177 1916304 198 1 0 10
178 1916304 198 10 8 11
179 1916304 198 6 6 111
180 1916304 198 10 10 7
181 1916304 198 1 1 4
182 1916304 198 1 8 11
183 1916304 198 7 0 20
184 1916304 198 8 5 1
185 1916304 198 8 4 2
186 1916304 198 2 1 18
187 1916304 198 3 4 2
188 1916304 198 3 8 46
189 1916304 198 9 1 4
190 1917408 200 5 5 18
191 1918366 201 5 5 64
192 1924485 202 3 7 44
193 1924485 202 3 6 222
194 1924485 202 3 5 21864
195 1945201 203 8 9 59
196 1945201 203 7 3 353
197 1945201 203 7 1 21
198 1945201 203 7 6 48
199 1945201 203 8 10 2495
200 1949343 205 3 2 11780
201 1955929 207 7 0 68
202 1984590 210 6 3 1
203 1998577 217 8 5 78
204 2003247 219 4 5 7677
205 2005050 221 8 7 220
206 2057166 229 6 4 17
207 2099189 230 3 1 230
208 2099189 230 0 9 29
209 2099189 230 0 0 2
210 2099189 230 8 2 48
211 2102531 231 7 6 2
212 2180650 233 9 2 4
213 2180650 233 9 1 8
214 2180650 233 0 6 26
215 2180650 233 3 2 4
216 2180650 233 6 1 4
217 2180650 233 3 4 11532
218 2217168 237 10 8 53
219 2217168 237 4 7 51
220 2230980 239 5 1 9
221 2314813 241 9 2 5857
222 2314813 241 7 0 9
223 2314813 241 9 3 1
224 2314813 241 3 2 1952
225 2314813 241 9 1 6
226 2314813 241 7 8 1
227 2314813 241 4 10 1014
228 2378464 259 4 1 891
229 2378464 259 3 0 14
230 2378464 259 5 5 85
231 2378464 259 2 10 622
232 2378942 261 2 6 94
233 2471022 262 9 7 1
234 2471022 262 9 8 7
235 2471022 262 9 4 1
236 2471022 262 2 6 8
237 2471022 262 8 5 8
238 2471022 262 3 6 51
239 2471022 262 8 10 55
240 2471022 262 9 1 30
241 2471022 262 3 5 2
242 2471022 262 3 0 9
243 2471022 262 4 5 1
244 2471022 262 2 4 9
245 2471022 262 8 0 9
246 2471022 262 9 10 6
247 2489321 266 5 10 10
248 2492217 268 5 0 210
249 2514306 272 1 5 106
250 2514996 273 6 9 4
251 2534155 282 8 0 16296
252 2547392 285 4 5 15527
253 2693361 287 3 10 15
254 2693361 287 4 5 2
255 2693361 287 9 6 24
256 2693361 287 3 5 2
257 2693361 287 4 7 807
258 2693361 287 6 6 316
259 2693361 287 9 10 7
260 2693361 287 2 8 5
261 2693361 287 2 9 1
262 2693361 287 7 1 47
263 2693361 287 6 5 4
264 2693361 287 4 8 5
265 2747779 291 7 3 211
266 2747779 291 0 1 128
267 2747779 291 0 8 26
268 2797661 292 10 6 39
269 2797661 292 1 8 1090
270 2797661 292 9 0 6
271 2832031 298 1 7 60
272 2832031 298 9 0 21
273 2832031 298 9 10 40
274 2894229 303 9 6 1193
275 2894229 303 8 10 14
276 2894229 303 10 0 1
277 2894229 303 10 6 397
278 2928569 304 3 1 7
279 2949831 308 6 2 3
280 2949831 308 6 9 224
281 2955500 310 10 7 73
282 2965086 311 6 4 133
283 2966680 312 6 10 391
284 2966865 314 9 1 54
285 3047270 317 6 0 4
286 3047270 317 2 9 16
287 3047270 317 2 0 4
288 3047270 317 5 2 565
289 3047270 317 3 4 10
290 3047270 317 9 0 4
291 3075483 324 8 5 7
292 3084935 327 1 10 1020
293 3084935 327 3 1 60
294 3119517 328 1 5 297
295 3119517 328 7 0 11
296 3119517 328 2 0 3
297 3119517 328 9 0 4
298 3119517 328 10 5 297
299 3119517 328 0 8 44
300 3119517 328 6 5 594
301 3119517 328 8 5 297
302 3119517 328 0 0 1
303 3119517 328 6 9 2
304 3119517 328 10 9 14
305 3132290 330 0 3 9862
306 3133246 333 3 5 304
307 3142764 335 1 9 28
308 3142764 335 1 3 1
309 3153996 337 4 6 86
310 3153996 337 4 5 11902
311 3177098 339 0 5 190
312 3177098 339 4 7 15
313 3177098 339 9 5 95
314 3177098 339 5 5 951
315 3212124 340 0 0 20
316 3212124 340 2 4 1
317 3212124 340 3 0 20
318 3212124 340 6 0 20
319 3212124 340 7 7 2998
320 3212124 340 9 1 3
321 3218438 343 6 4 129
322 3232874 347 8 7 80
323 3254822 353 0 9 9
324 3254822 353 0 0 27082
325 3254822 353 0 2 34
326 3254822 353 0 7 193
327 3254822 353 0 6 5
328 3283165 362 0 2 1
329 3283165 362 6 3 357
330 3297043 366 7 9 52
331 3297043 366 0 2 23
332 3300812 367 6 3 60
333 3351144 370 7 3 10
334 3351144 370 8 8 3
335 3351144 370 0 10 11
336 3351144 370 2 10 11
337 3357352 374 7 10 23
338 3385017 380 10 8 9844
339 3385017 380 10 10 14
340 3400830 387 9 9 1
341 3400830 387 3 9 1
342 3505570 390 8 8 767
343 3505570 390 2 9 6824
344 3505570 390 6 7 6
345 3505570 390 10 3 596
346 3505570 390 6 1 6
347 3505570 390 1 9 174
348 3534628 392 9 2 352
349 3534628 392 0 5 3851
350 3534628 392 6 5 3851
351 3638397 395 7 3 10
352 3638397 395 4 0 881
353 3638397 395 7 1 1
354 3638397 395 8 5 177
355 3638397 395 10 1 3
356 3638397 395 8 1 33
357 3638397 395 2 5 1065
358 3638397 395 8 10 31
359 3638397 395 4 1 1
360 3638397 395 5 9 2555
361 3646736 397 3 10 99
362 3648121 398 9 9 103
363 3653509 400 2 6 38920
364 3692224 402 2 10 13
365 3692224 402 2 7 17
366 3692224 402 9 1 1815
367 3692224 402 9 8 34
368 3692224 402 9 6 88
369 3693575 403 4 8 15143
370 3694000 404 5 0 21
371 3720032 407 2 6 71
372 3790047 409 10 0 1584
373 3790047 409 2 0 528
374 3790047 409 8 8 26
375 3790047 409 5 1 542
376 3790047 409 1 10 10
377 3790047 409 10 8 13
378 3828116 413 2 10 7
379 3828116 413 2 2 3014
380 3828116 413 9 0 144
381 3828116 413 9 6 10095
382 3836149 419 10 1 7
383 3842711 420 7 10 64
384 3842711 420 6 10 64
385 3858693 422 3 2 3415
386 3858693 422 0 7 62
387 3998297 428 1 8 2
388 3998297 428 5 4 1
389 3998297 428 4 6 1
390 3998297 428 9 5 822
391 3998297 428 7 7 1
392 3998297 428 3 0 1
393 3998297 428 7 3 3
394 3998297 428 9 9 1
395 3998297 428 8 1 7352
396 3998297 428 8 3 7
397 3998297 428 9 1 668
398 3998297 428 0 2 2
399 3998297 428 9 3 3
400 4068211 430 0 2 18
401 4068211 430 10 1 1051
402 4068211 430 3 6 190
403 4068211 430 9 3 8
404 4068211 430 0 3 2
405 4068211 430 9 10 15
406 4068211 430 8 2 36
407 4068211 430 7 4 3
408 4076737 434 8 2 37
409 4076737 434 2 2 37
410 4076737 434 3 2 37
411 4085389 435 0 1 108
412 4085389 435 7 1 108
413 4085389 435 2 0 163
414 4088343 437 8 1 4733
415 4094452 440 0 0 29
416 4113531 447 3 1 17
417 4116864 451 10 10 11840
418 4128075 456 6 5 8547
419 4183442 457 0 1 1
420 4183442 457 2 10 5
421 4183442 457 7 7 1
422 4183442 457 5 6 6
423 4183442 457 10 7 10
424 4189343 458 3 6 11201
425 4209906 460 1 9 91
426 4209906 460 1 2 8
427 4209906 460 1 1 356
428 4263971 461 9 2 5
429 4263971 461 10 9 7
430 4263971 461 8 5 283
431 4263971 461 1 2 11
432 4263971 461 4 0 1
433 4263971 461 10 7 1
434 4440816 466 2 7 10
435 4440816 466 5 7 1
436 4440816 466 10 3 1801
437 4440816 466 9 1 2
438 4440816 466 3 10 2
439 4440816 466 1 1 2
440 4440816 466 4 4 434
441 4440816 466 4 0 15
442 4440816 466 8 7 1
443 4440816 466 10 6 16
444 4440816 466 7 7 1
445 4440816 466 1 7 1
446 4440816 466 9 0 7
447 4440816 466 2 3 1801
448 4440816 466 7 10 2
449 4440816 466 8 8 1
450 4440816 466 0 5 6
451 4440816 466 4 10 2
452 4482762 467 6 5 5
453 4482762 467 0 1 1
454 4482762 467 5 0 430
455 4482762 467 10 1 1
456 4482762 467 2 3 1
457 4482762 467 9 5 5
458 4506492 471 5 10 923
459 4518248 472 9 0 7
460 4518248 472 7 0 7
461 4565760 473 8 5 68
462 4565760 473 2 7 26
463 4712890 475 1 9 5
464 4712890 475 9 10 15
465 4712890 475 1 5 13
466 4712890 475 9 7 9
467 4712890 475 4 5 5
468 4712890 475 8 0 1
469 4712890 475 0 2 1
470 4712890 475 9 4 1
471 4712890 475 3 8 2
472 4712890 475 0 5 2
473 4712890 475 7 5 2
474 4712890 475 5 0 8
475 4712890 475 8 7 4
476 4712890 475 2 1 3
477 4712890 475 3 9 5
478 4712890 475 0 4 2
479 4712890 475 2 2 1
480 4728746 477 2 3 89
481 4728746 477 2 8 74
482 4728746 477 2 9 103
483 4728746 477 2 5 349
484 4739942 479 7 9 1
485 4750107 483 2 10 40
486 4768011 487 5 5 33572
487 4768011 487 5 2 306
488 4768011 487 5 0 66373
489 4786586 489 2 4 48
490 4786586 489 9 10 7526
491 4786586 489 9 8 8
492 4788468 490 10 2 27
493 4797517 495 10 10 23
494 4935673 498 4 6 1
495 4935673 498 6 9 1
496 4935673 498 10 8 514
497 4935673 498 10 0 21
498 4935673 498 8 3 1
499 4935673 498 9 10 261
500 4935673 498 10 9 1
501 4953331 503 1 1 6017
502 4958136 504 0 9 148
503 5037553 507 6 8 26
504 5037553 507 7 4 4287
505 5037553 507 4 2 120
506 5037553 507 3 0 15
507 5037553 507 8 4 1429
508 5037553 507 8 9 7
509 5037553 507 10 2 11
510 5068746 510 7 2 20
511 5068746 510 7 9 1
512 5068746 510 6 10 29
513 5068746 510 6 5 3
514 5151847 513 2 7 5
515 5151847 513 4 7 11
516 5151847 513 7 4 200
517 5151847 513 10 9 20
518 5151847 513 1 4 300
519 5151847 513 4 10 102
520 5151847 513 5 6 80
521 5151847 513 1 6 240
522 5151847 513 2 4 200
523 5168932 516 2 3 1
524 5179944 526 3 2 56
525 5186600 527 5 0 238
526 5188171 529 3 9 374
527 5189099 530 3 10 50
528 5191092 532 9 9 7164
529 5194724 534 3 4 114
530 5206410 535 6 7 6
531 5206410 535 1 7 6
532 5209986 537 10 10 11
533 5213235 539 9 1 15
534 5232084 542 1 0 34
535 5232084 542 1 8 84
536 5232084 542 1 1 3993
537 5232084 542 1 3 210
538 5245360 547 4 6 189
539 5248346 549 5 5 264
540 5258959 550 6 6 6
541 5278006 551 3 6 60
542 5278006 551 2 9 4879
543 5282987 552 10 0 76
544 5285134 553 0 2 3
545 5428730 555 0 1 95
546 5428730 555 5 4 3318
547 5428730 555 7 4 829
548 5428730 555 2 8 7
549 5428730 555 5 1 95
550 5428730 555 6 4 829
551 5428730 555 10 9 2
552 5428730 555 10 0 4
553 5428730 555 9 6 71
554 5428730 555 7 9 2
555 5428730 555 2 5 1
556 5428730 555 2 10 32
557 5428730 555 9 2 1752
558 5428730 555 1 8 7
559 5428730 555 10 4 829
560 5428730 555 0 5 3
561 5428730 555 3 7 3
562 5428730 555 9 4 829
563 5428730 555 6 8 7
564 5481200 556 3 3 23
565 5493233 557 3 6 36
566 5493233 557 3 0 5258
567 5508161 558 1 0 204
568 5508161 558 1 7 123
569 5508161 558 1 2 194
570 5513675 560 5 0 81
571 5520187 561 2 10 28
572 5545902 563 10 6 1067
573 5556747 565 1 1 233
574 5556747 565 1 3 65
575 5614253 569 6 7 1
576 5614253 569 10 10 49
577 5614253 569 3 1 1
578 5614253 569 7 2 26
579 5614253 569 2 9 2
580 5614253 569 3 6 1
581 5614253 569 1 1 16
582 5614253 569 1 6 1
583 5628339 575 1 8 15
584 5671334 576 10 5 2438
585 5671334 576 0 6 27
586 5671334 576 1 4 37
587 5678940 578 6 8 233
588 5680367 580 0 8 233
589 5717911 583 6 9 208
590 5717911 583 6 8 46
591 5717911 583 6 0 11861
592 5717911 583 6 2 76
593 5719713 585 10 3 1425
594 5721927 587 4 1 12
595 5721927 587 5 1 31
596 5730688 588 4 6 76
597 5740789 591 3 10 5
598 5749359 595 2 9 194
599 5750263 596 9 1 190
600 5750949 597 3 4 14
601 5756401 599 7 1 186
602 5798994 602 6 2 848
603 5817971 606 10 3 161
604 5817971 606 10 8 31
605 5835732 611 7 6 205
606 5835732 611 10 6 205
607 5961858 612 0 1 3
608 5961858 612 3 2 448
609 5961858 612 3 5 120
610 5961858 612 8 6 1
611 5961858 612 8 1 13
612 5961858 612 7 7 5079
613 5961858 612 0 3 1
614 5961858 612 4 1 3
615 5961858 612 8 2 897
616 5961858 612 10 7 2539
617 5961858 612 6 0 71
618 5961858 612 6 7 2539
619 5961858 612 6 6 1
620 5961858 612 9 2 1346
621 5961858 612 9 7 2539
622 5972462 613 3 9 4062
623 5972462 613 3 8 94
624 6091605 616 9 7 200
625 6091605 616 3 5 1227
626 6091605 616 1 10 3419
627 6091605 616 10 1 1
628 6091605 616 2 6 72
629 6091605 616 6 6 108
630 6091605 616 1 4 1
631 6091605 616 10 9 2
632 6091605 616 8 0 6921
633 6091605 616 4 4 78
634 6091605 616 7 10 854
635 6091605 616 2 7 200
636 6099695 618 2 8 38
637 6112158 621 10 8 18
638 6116567 625 4 0 34
639 6132286 626 2 5 2333
640 6132286 626 2 2 106
641 6149171 628 1 6 127
642 6149869 629 5 8 164
643 6161954 631 2 3 144
644 6165737 632 7 1 1214
645 6191743 633 5 1 368
646 6197418 634 7 10 105
647 6197418 634 7 8 2395
648 6197418 634 7 3 109
649 6221041 640 1 0 113
650 6295582 644 5 9 27
651 6295582 644 4 7 834
652 6295582 644 7 6 1
653 6295582 644 4 6 1
654 6295582 644 3 1 748
655 6295582 644 0 2 152
656 6295582 644 5 10 11
657 6295582 644 2 6 1
658 6295582 644 9 1 6
659 6295582 644 2 1 20
660 6295582 644 8 10 22
661 6295582 644 0 9 136
662 6295582 644 0 8 908
663 6299133 646 2 9 12
664 6302459 650 10 10 29
665 6304193 653 7 10 4838
666 6305164 655 8 3 82
667 6324323 666 9 3 2
668 6331335 668 5 0 9853
669 6331335 668 5 8 15767
670 6331684 669 1 5 24
671 6431702 671 6 0 1
672 6431702 671 9 4 671
673 6431702 671 8 7 1
674 6431702 671 10 10 4
675 6431702 671 3 1 4531
676 6431702 671 1 5 30
677 6431702 671 10 8 5
678 6431702 671 10 7 2
679 6462095 678 7 4 9
680 6473737 681 7 5 12
681 6473794 682 10 7 108
682 6553471 683 2 7 548
683 6553471 683 10 7 1097
684 6553471 683 5 2 1527
685 6553471 683 10 9 30
686 6553471 683 5 5 82
687 6553471 683 6 5 1
688 6560537 687 10 7 98
689 6560537 687 5 7 16
690 6560537 687 2 8 23
691 6577050 689 6 10 48
692 6617910 690 4 1 1
693 6617910 690 8 10 16
694 6617910 690 4 7 527
695 6617910 690 4 9 17
696 6619652 691 2 2 49
697 6652883 692 6 7 181
698 6652883 692 10 1 48
699 6652883 692 10 7 4345
700 6652883 692 7 6 43
701 6652883 692 6 5 222
702 6664182 693 8 10 1001
703 6664182 693 8 5 224
704 6664182 693 8 6 75
705 6821790 695 1 6 1
706 6821790 695 6 0 64
707 6821790 695 7 8 1
708 6821790 695 4 7 1
709 6821790 695 5 6 1
710 6821790 695 8 1 3
711 6821790 695 6 3 4
712 6821790 695 7 4 1
713 6821790 695 8 9 214
714 6821790 695 3 7 5
715 6821790 695 4 4 1
716 6821790 695 3 1 11
717 6821790 695 5 5 7
718 6821790 695 9 0 64
719 6821790 695 10 0 21
720 6821790 695 9 7 1
721 6821790 695 7 9 429
722 6821790 695 5 10 1
723 6821790 695 3 0 21
724 6821790 695 6 4 8
725 6821790 695 0 8 1
726 6821790 695 1 9 214
727 6821790 695 9 6 1
728 6821790 695 9 3 4
729 6823619 696 4 9 362
730 6864170 698 5 5 6
731 6864170 698 5 10 32
732 6864170 698 5 9 66
733 6865151 699 8 8 218
734 6914100 702 0 1 25
735 6914100 702 4 4 649
736 6914100 702 3 4 649
737 6945275 703 9 1 49
738 6971565 710 3 9 22919
739 6971565 710 3 1 44
740 6971565 710 3 8 105
741 6989825 714 2 2 9758
742 6990201 715 8 7 12
743 7053521 718 2 8 1455
744 7053521 718 8 9 31
745 7053521 718 5 7 5
746 7053521 718 10 10 10
747 7053521 718 0 0 1
748 7053521 718 6 10 2
749 7081340 723 3 0 39
750 7081340 723 6 8 7
751 7081340 723 6 5 29
752 7081340 723 6 9 23
753 7091971 724 6 8 63
754 7091971 724 6 6 2
755 7105841 727 10 0 769
756 7105841 727 8 7 2
757 7148308 732 9 5 52
758 7148308 732 0 3 15
759 7148308 732 6 5 66
760 7210185 739 10 7 96
761 7210185 739 10 0 372
762 7210185 739 10 8 67
763 7293613 741 5 7 2
764 7293613 741 1 4 3198
765 7293613 741 8 5 28
766 7293613 741 2 2 3
767 7293613 741 2 5 11
768 7309504 744 8 8 75
769 7326701 749 10 7 20
770 7326701 749 10 5 24
771 7400055 751 2 0 47
772 7400055 751 7 3 970
773 7400055 751 3 7 14
774 7400055 751 10 7 7
775 7400055 751 7 7 3
776 7400055 751 3 1 15
777 7400055 751 10 10 17
778 7400055 751 0 3 1455
779 7400055 751 6 1 15
780 7400055 751 1 2 119
781 7400055 751 1 6 167
782 7400055 751 7 4 13
783 7400055 751 5 0 23
784 7413371 752 1 9 1
785 7414797 754 0 1 40
786 7432208 755 9 2 84
787 7453357 758 6 1 123
788 7464057 761 8 5 91
789 7464057 761 6 5 45
790 7511638 766 4 10 7
791 7511638 766 4 3 1
792 7511638 766 3 3 1
793 7511638 766 10 7 7
794 7543944 768 0 3 102
795 7543944 768 0 1 41
796 7554519 773 10 10 34
797 7559417 775 9 3 95
798 7573480 778 1 1 837
799 7583029 780 3 1 117
800 7605325 793 4 7 6073
801 7620927 798 4 0 65
802 7620927 798 4 9 293
803 7620927 798 4 6 33
804 7647829 808 1 3 14
805 7650936 813 10 8 83
806 7670769 818 9 4 82
807 7674545 820 2 2 104
808 7817623 822 4 4 28
809 7817623 822 2 1 1
810 7817623 822 3 7 414
811 7817623 822 3 0 7
812 7817623 822 1 4 2
813 7817623 822 2 0 1
814 7817623 822 1 8 239
815 7817623 822 5 3 1
816 7817623 822 1 1 1
817 7817623 822 7 1 1
818 7817623 822 7 10 1
819 7817623 822 7 6 13
820 7817623 822 7 2 12
821 7817623 822 5 2 3
822 7817623 822 10 7 138
823 7932267 823 5 10 1
824 7932267 823 2 9 1
825 7932267 823 5 7 751
826 7932267 823 3 0 8
827 7932267 823 10 2 12
828 7968602 825 6 9 56
829 7968602 825 10 2 54
830 7968602 825 0 0 3
831 7968602 825 7 2 27
832 7972910 827 5 9 116
833 7989207 830 1 5 5
834 7989815 831 1 10 1198
835 8015566 833 7 4 24511
836 8043543 841 10 5 4815
837 8059203 842 1 4 6007
838 8059203 842 1 1 148
839 8059203 842 1 0 94
840 8071608 845 5 7 51
841 8071608 845 3 7 4
842 8081434 846 5 2 142
843 8082392 848 8 4 118
844 8084067 850 5 2 5
845 8110481 858 10 2 1
846 8120842 859 6 4 66
847 8120842 859 6 10 7
848 8133169 861 3 0 984
849 8144614 863 6 7 8
850 8222332 864 6 7 2
851 8222332 864 5 9 35
852 8222332 864 0 0 7236
853 8222332 864 6 10 172
854 8222332 864 8 8 113
855 8232567 870 7 3 46
856 8243121 871 5 9 3
857 8243121 871 10 8 8344
858 8243121 871 1 9 3
859 8243121 871 10 9 7
860 8248245 872 1 6 11
861 8347857 886 4 5 25
862 8347857 886 4 1 5
863 8347857 886 5 6 555
864 8347857 886 6 2 82
865 8347857 886 3 0 14
866 8347857 886 9 5 77
867 8359121 888 10 9 16
868 8422198 894 5 2 128
869 8422198 894 3 2 11
870 8422198 894 0 5 1
871 8422198 894 4 2 5
872 8422198 894 3 7 3
873 8422198 894 9 1 4
874 8422198 894 10 1 194
875 8422198 894 8 9 35
876 8426432 895 8 9 9
877 8458654 896 2 3 4760
878 8458654 896 9 10 16
879 8458654 896 8 3 3173
880 8458654 896 4 9 10
881 8463107 897 0 6 1763
882 8475991 899 6 8 4891
883 8475991 899 6 3 108
884 8485884 901 6 2 30
885 8485884 901 8 2 30
886 8485884 901 3 2 517
887 8485884 901 10 3 7420
888 8504653 903 1 9 9
889 8513891 905 7 8 95
890 8542490 907 2 9 153
891 8542490 907 2 2 1642
892 8542490 907 4 0 36
893 8567282 911 3 0 682
894 8567282 911 0 0 682
895 8596701 918 1 8 100
896 8608262 919 8 1 1
897 8611220 920 2 10 8
898 8612931 922 1 4 99
899 8615956 923 10 7 1223
900 8628574 924 10 6 1
901 8647605 927 7 0 85
902 8649058 928 1 10 51
903 8791533 929 4 3 3
904 8791533 929 10 8 4
905 8791533 929 7 10 1
906 8791533 929 0 5 454
907 8791533 929 9 9 4
908 8791533 929 6 6 54
909 8791533 929 0 3 6
910 8791533 929 3 10 1
911 8791533 929 6 10 1
912 8791533 929 6 4 878
913 8791533 929 10 10 1
914 8791533 929 1 9 8
915 8791533 929 5 3 3
916 8791533 929 7 9 4
917 8791533 929 8 6 272
918 8791533 929 4 4 2635
919 8791533 929 2 1 1
920 8791533 929 0 4 878
921 8791533 929 7 3 3
922 8791533 929 9 3 3
923 8791533 929 3 7 2
924 8791533 929 0 1 2
925 8791533 929 8 4 1756
926 8875965 930 0 6 26
927 8875965 930 6 8 928
928 8875965 930 6 4 15609
929 8952214 931 5 9 4239
930 8952214 931 1 9 2119
931 8952214 931 3 9 2119
932 8952214 931 7 6 8
933 8952214 931 1 6 8
934 8952214 931 2 0 11622
935 8952214 931 7 10 225
936 8952214 931 8 8 4
937 8952214 931 5 1 10
938 9002668 932 0 6 9
939 9002668 932 3 0 2
940 9002668 932 10 8 6
941 9002668 932 3 1 779
942 9002668 932 0 4 6
943 9002668 932 9 10 23
944 9002668 932 5 0 2
945 9011323 935 5 1 1573
946 9014466 936 3 4 58
947 9033605 940 0 10 1313
948 9033605 940 0 0 266
949 9033605 940 0 2 131
950 9168808 941 10 9 1305
951 9168808 941 7 6 5
952 9168808 941 5 0 5
953 9168808 941 2 10 18
954 9168808 941 9 3 1
955 9168808 941 0 1 96
956 9168808 941 9 8 1
957 9168808 941 1 3 1
958 9168808 941 2 1 96
959 9168808 941 0 4 3
960 9168808 941 6 8 1
961 9168808 941 8 6 2
962 9168808 941 10 0 5
963 9168808 941 3 1 384
964 9168808 941 1 0 5
965 9168808 941 1 4 1
966 9168808 941 7 8 6
967 9168808 941 10 1 288
968 9169278 942 10 5 700
969 9173790 945 9 1 9558
970 9174409 946 8 9 37
971 9187447 948 8 6 3958
972 9190995 949 10 4 3132
973 9208480 954 10 1 315
974 9215475 957 4 9 17
975 9234568 959 10 3 152
976 9234568 959 10 10 18
977 9248573 961 8 5 343
978 9248573 961 2 5 687
979 9348674 967 4 8 44
980 9348674 967 7 5 7
981 9348674 967 0 6 9242
982 9348674 967 0 0 9
983 9361277 970 8 6 37
984 9366388 971 1 8 30
985 9378675 972 10 9 152
986 9404353 973 2 2 3
987 9404353 973 2 3 1
988 9404353 973 2 9 112
989 9404353 973 0 1 24
990 9408298 975 8 8 3
991 9420832 979 6 1 290
992 9429434 985 5 10 2635
993 9454242 993 4 9 48
994 9475153 994 5 5 16
995 9475153 994 9 1 1
996 9475153 994 3 1 1
997 9475153 994 0 5 16
998 9475153 994 2 0 3
999 9475153 994 5 4 38
