11 349 1000
0 60259 0 9 3 1560
1 60259 0 1 5 6
2 60259 0 1 8 28
3 60259 0 9 2 76
4 60259 0 1 4 103
5 229985 3 10 2 11041
6 229985 3 9 0 4792
7 229985 3 9 10 1871
8 229985 3 10 5 113
9 229985 3 5 8 197
10 229985 3 5 6 284
11 266207 4 9 8 4
12 420395 9 1 3 74
13 420395 9 7 3 74
14 420395 9 7 4 2
15 420395 9 4 8 2
16 590162 13 8 4 340
17 772087 17 5 5 16
18 772087 17 6 8 1
19 772087 17 1 2 526
20 772087 17 1 5 16
21 772087 17 6 2 526
22 772087 17 10 7 2
23 805574 18 1 10 164
24 805574 18 1 4 20
25 906279 21 3 4 45
26 906279 21 3 2 1009
27 906279 21 4 6 290
28 1066704 29 10 0 33
29 1066704 29 10 8 170
30 1066704 29 2 9 94
31 1095667 31 1 7 4140
32 1095667 31 4 7 4140
33 1167997 37 8 9 4214
34 1167997 37 8 0 25
35 1167997 37 3 0 25
36 1223533 39 10 5 6
37 1235901 40 0 1 119
38 1272999 41 10 8 44
39 1272999 41 10 0 90
40 1302430 44 1 4 29
41 1317607 49 5 3 10203
42 1359708 50 2 10 3160
43 1359708 50 9 0 44
44 1720383 51 3 2 5
45 1720383 51 8 7 5
46 1730435 54 9 10 4501
47 1941231 59 8 6 19
48 1941231 59 8 4 6
49 1941231 59 2 6 19
50 1977224 61 7 4 126
51 2043927 66 0 5 116
52 2124678 70 8 7 1
53 2178766 72 6 6 108
54 2178766 72 6 9 16
55 2178766 72 6 10 83
56 2178766 72 6 7 60
57 2187366 74 7 7 25
58 2406543 75 1 2 778
59 2406543 75 7 9 1
60 2406543 75 6 8 68
61 2406543 75 4 2 7002
62 2406543 75 4 8 1
63 2406543 75 10 4 3
64 2406543 75 8 8 1
65 2406543 75 2 3 33
66 2406543 75 8 0 63
67 2436046 77 10 4 31
68 2436046 77 9 4 42
69 2473361 82 1 8 76
70 2766893 84 4 5 4
71 2766893 84 7 9 1
72 2766893 84 4 1 120
73 2766893 84 3 7 21
74 2766893 84 10 2 77
75 2766893 84 7 1 8
76 2766893 84 3 6 1
77 2766893 84 2 9 84
78 2766893 84 7 10 95
79 2766893 84 10 1 16
80 2766893 84 2 0 15
81 2766893 84 6 0 15
82 2841694 89 7 5 6
83 2841694 89 7 9 100
84 2894997 93 9 7 13
85 2921290 94 7 5 2270
86 2921290 94 1 5 756
87 2981259 97 0 9 1843
88 2981259 97 10 9 5530
89 2981259 97 4 9 1843
90 3148288 99 0 2 19
91 3148288 99 7 4 28
92 3148288 99 7 5 5
93 3148288 99 0 4 28
94 3148288 99 9 10 3070
95 3148288 99 7 10 3070
96 3148288 99 7 7 12
97 3148288 99 7 2 19
98 3156691 101 10 8 35
99 3434582 102 10 6 1
100 3434582 102 2 4 4
101 3434582 102 0 1 3
102 3434582 102 4 6 1
103 3434582 102 6 4 12
104 3434582 102 9 10 21
105 3434582 102 7 3 5
106 3434582 102 3 8 29219
107 3461933 103 3 5 87
108 3484574 104 4 3 2306
109 3624880 108 0 2 1
110 3624880 108 6 5 8
111 3624880 108 6 4 68
112 3624880 108 0 6 7
113 3624880 108 8 10 3
114 3642359 110 3 3 4665
115 3642359 110 3 10 47
116 3657547 114 6 9 34
117 3695097 116 2 1 6
118 3695097 116 2 5 254
119 3772694 118 1 5 301
120 3772694 118 4 2 2
121 3773222 119 5 8 2988
122 3893558 127 0 4 115
123 3940061 132 5 0 21
124 3940078 133 5 1 154
125 4039975 136 1 0 2006
126 4039975 136 8 8 31
127 4039975 136 1 2 59
128 4039975 136 8 7 14
129 4270483 137 3 0 8
130 4270483 137 2 8 4
131 4270483 137 10 4 896
132 4270483 137 5 6 2
133 4293704 139 7 1 25
134 4296288 141 5 8 67
135 4304702 142 3 3 77
136 4340995 143 0 4 78
137 4402529 146 10 8 333
138 4402529 146 10 4 11
139 4405169 147 6 2 182
140 4419279 148 1 10 43
141 4419279 148 0 10 87
142 4453768 150 2 10 10
143 4463308 152 4 1 1312
144 4716379 154 7 3 56
145 4716379 154 0 9 11
146 4716379 154 6 9 23
147 4716379 154 8 4 10
148 4716379 154 5 1 33
149 4716379 154 10 6 575
150 4731662 156 2 8 23
151 4745546 159 1 4 95
152 5011463 160 10 5 5
153 5011463 160 1 2 210
154 5011463 160 2 5 5
155 5011463 160 9 1 1
156 5011463 160 5 2 210
157 5011463 160 9 3 10
158 5011463 160 3 2 843
159 5011463 160 8 6 5
160 5011463 160 0 9 9
161 5011463 160 10 7 293
162 5011463 160 8 1 17
163 5111686 162 5 0 1899
164 5111686 162 5 7 225
165 5121919 164 6 8 11399
166 5175129 168 1 2 15
167 5215322 170 3 6 163
168 5215322 170 3 8 83
169 5239928 172 7 8 29
170 5239928 172 6 8 29
171 5288710 174 2 3 36
172 5288710 174 1 2 9
173 5288710 174 6 2 19
174 5387791 177 0 5 42
175 5387791 177 0 9 9
176 5387791 177 0 10 393
177 5387791 177 3 0 359
178 5387791 177 0 1 12993
179 5392254 178 9 0 104
180 5482795 190 8 0 72
181 5482795 190 10 10 8155
182 5482795 190 10 0 36
183 5521551 192 3 7 6128
184 5521551 192 3 6 110
185 5521551 192 3 3 5872
186 5748914 198 6 10 86
187 5748914 198 7 2 6
188 5748914 198 8 5 1
189 5748914 198 6 6 111
190 5773455 202 3 5 21864
191 5835603 203 7 6 48
192 5854177 206 3 6 88
193 5867787 207 7 0 68
194 5953770 210 0 3 1
195 5964437 211 9 6 59
196 5968832 214 0 7 47
197 5995731 217 8 5 78
198 6019300 222 7 7 112
199 6041396 223 2 2 68
200 6044744 224 3 4 238
201 6171498 229 6 6 27
202 6171498 229 2 5 133
203 6171498 229 6 7 9
204 6171498 229 2 10 5
205 6297568 230 3 4 78
206 6297568 230 0 9 29
207 6297568 230 3 5 3
208 6297568 230 8 7 2487
209 6541950 233 10 10 9
210 6541950 233 4 8 5
211 6541950 233 7 7 85
212 6541950 233 5 1 8
213 6651505 237 10 1 11
214 6651505 237 10 4 215
215 6692941 239 5 1 9
216 6692941 239 8 1 9
217 6944440 241 4 5 1682
218 6944440 241 3 0 9
219 6944440 241 7 1 6
220 6944440 241 4 10 1014
221 6944440 241 1 1 18
222 6944440 241 4 2 1952
223 6944440 241 1 5 3364
224 6944440 241 3 4 28
225 6944440 241 1 6 48
226 6959041 244 4 1 1
227 6985197 250 3 9 15
228 7007461 256 4 0 18
229 7135392 259 9 7 25
230 7135392 259 2 7 25
231 7135392 259 5 5 85
232 7135392 259 8 0 89
233 7135392 259 4 1 891
234 7413068 262 9 5 7
235 7413068 262 3 0 9
236 7413068 262 4 8 7
237 7413068 262 0 0 19
238 7413068 262 3 3 1
239 7454899 265 1 3 69
240 7476652 268 9 0 17
241 7507620 269 4 6 99
242 7642178 285 4 0 5994
243 7642178 285 4 1 297
244 8080084 287 4 3 11
245 8080084 287 6 5 4
246 8080084 287 8 6 24
247 8080084 287 5 1 6
248 8080084 287 0 4 1
249 8080084 287 7 2 3
250 8080084 287 5 5 70
251 8080084 287 7 7 807
252 8080084 287 7 0 74
253 8080084 287 2 4 1
254 8080084 287 1 0 5
255 8243337 291 10 1 2688
256 8243337 291 4 8 8
257 8243337 291 2 5 25
258 8243337 291 1 7 111
259 8243337 291 3 7 111
260 8243337 291 6 9 731
261 8243337 291 7 1 1536
262 8392985 292 3 10 3
263 8392985 292 8 0 6
264 8392985 292 1 0 6
265 8392985 292 5 8 218
266 8392985 292 4 9 176
267 8496093 298 9 7 60
268 8496093 298 1 1 12
269 8496093 298 1 2 37
270 8496093 298 9 3 134
271 8518518 302 2 8 113
272 8682688 303 4 7 3
273 8682688 303 1 0 1
274 8682688 303 10 9 613
275 8682688 303 0 2 1892
276 8682688 303 10 0 1
277 8682688 303 9 0 1
278 8682688 303 1 2 1892
279 8785709 304 2 0 206
280 8785709 304 3 10 1954
281 8785709 304 3 2 24
282 8785709 304 3 1 7
283 8849494 308 6 3 284
284 8849494 308 6 6 76
285 8866502 310 7 6 6
286 8895259 311 0 10 19
287 8905756 315 2 10 1706
288 9141812 317 0 1 14
289 9141812 317 6 4 10
290 9141812 317 7 1 42
291 9141812 317 4 9 5
292 9141812 317 6 9 10
293 9141812 317 9 10 55
294 9141812 317 1 3 109
295 9141812 317 3 7 1004
296 9141812 317 1 7 2009
297 9141812 317 1 4 32
298 9141812 317 0 7 3013
299 9141812 317 2 9 16
300 9158209 319 7 10 78
301 9226451 324 3 10 24
302 9254806 327 1 3 3434
303 9254806 327 3 3 686
304 9358552 328 1 3 1
305 9358552 328 2 5 297
306 9358552 328 6 9 2
307 9358552 328 5 5 297
308 9365212 329 4 7 6
309 9365212 329 0 7 2
310 9396872 330 0 5 91
311 9396872 330 0 6 47
312 9396872 330 0 3 9862
313 9531294 339 8 5 95
314 9531294 339 4 7 15
315 9531294 339 2 7 15
316 9531294 339 3 7 31
317 9636372 340 3 0 20
318 9636372 340 6 9 153
319 9636372 340 5 4 1
320 9636372 340 0 9 15
321 9636372 340 7 1 11
322 9711201 349 8 6 1136
323 9711201 349 2 6 2272
324 9723177 350 8 6 14
325 9764468 353 0 9 9
326 9764468 353 0 8 90
327 9764468 353 0 7 193
328 9891131 366 9 2 11
329 9891131 366 7 2 23
330 9902436 367 6 10 6
331 9903303 368 0 7 1327
332 10053432 370 8 3 10
333 10053432 370 10 5 1
334 10053432 370 9 2 1
335 10053432 370 7 2 9
336 10053432 370 9 5 1
337 10077550 377 9 8 86
338 10188192 386 8 3 1952
339 10272187 388 0 7 60
340 10272187 388 0 1 16
341 10272187 388 7 6 202
342 10272187 388 7 0 709
343 10516710 390 9 5 6
344 10516710 390 4 1 2
345 10516710 390 6 7 6
346 10516710 390 1 6 229
347 10516710 390 7 5 20
348 10516710 390 10 3 596
349 10516710 390 9 0 14
350 10516710 390 10 5 13
351 10516710 390 2 8 767
352 10615163 393 8 1 46
353 10915192 395 9 9 2555
354 10915192 395 4 8 33
355 10915192 395 8 3 10
356 10915192 395 2 6 54
357 10915192 395 6 8 33
358 10936612 396 9 1 405
359 10940210 397 3 10 99
360 11076673 402 2 4 6
361 11076673 402 2 3 65
362 11076673 402 9 8 34
363 11080725 403 4 8 15143
364 11160097 407 2 3 139
365 11160097 407 2 0 54
366 11160097 407 2 8 611
367 11370141 409 10 6 11
368 11370141 409 8 2 3
369 11370141 409 10 4 4
370 11370141 409 5 10 10
371 11370141 409 1 6 1
372 11370141 409 2 3 3
373 11370141 409 1 2 11
374 11370141 409 10 8 13
375 11370141 409 6 1 1627
376 11370141 409 10 7 1
377 11484350 413 9 5 300
378 11484350 413 9 8 10548
379 11484350 413 2 10 7
380 11528135 420 7 8 9
381 11576080 422 4 2 5692
382 11994892 428 0 1 668
383 11994892 428 4 9 3
384 11994892 428 0 3 3
385 11994892 428 1 5 822
386 11994892 428 8 10 8
387 11994892 428 6 6 1
388 11994892 428 1 8 2
389 11994892 428 6 0 2
390 11994892 428 8 1 7352
391 11994892 428 2 8 2
392 11994892 428 8 0 4
393 11994892 428 7 7 1
394 11994892 428 1 10 12
395 11994892 428 5 2 1
396 11994892 428 10 9 1
397 11994892 428 8 8 2
398 11994892 428 7 4 1
399 11994892 428 0 7 1
400 11994892 428 1 2 17
401 12204633 430 3 4 7
402 12204633 430 3 8 1
403 12204633 430 3 5 16
404 12204633 430 0 7 17
405 12204633 430 10 0 9
406 12204633 430 8 6 190
407 12204633 430 8 2 36
408 12204633 430 0 2 18
409 12256168 435 2 6 24
410 12256168 435 2 0 163
411 12283357 440 5 0 14
412 12283357 440 5 10 4
413 12333073 446 8 4 28
414 12345179 448 6 1 2
415 12365930 452 8 10 147
416 12365930 452 5 10 36
417 12550326 457 0 7 1
418 12550326 457 4 4 1
419 12550326 457 7 0 8
420 12550326 457 5 6 6
421 12550326 457 10 7 10
422 12550326 457 0 5 64
423 12550326 457 1 5 64
424 12629720 460 1 1 356
425 12629720 460 1 10 64
426 12791915 461 7 8 9
427 12791915 461 6 1 34
428 12791915 461 6 6 122
429 12791915 461 1 2 11
430 12791915 461 4 0 1
431 12791915 461 7 1 11
432 13322449 466 7 9 12
433 13322449 466 10 6 16
434 13322449 466 4 3 1801
435 13322449 466 3 3 7204
436 13322449 466 5 5 1
437 13322449 466 0 5 6
438 13322449 466 7 2 50
439 13322449 466 7 4 652
440 13322449 466 2 3 1801
441 13322449 466 4 9 8
442 13322449 466 9 0 7
443 13322449 466 4 6 4
444 13322449 466 10 5 1
445 13448287 467 9 0 3875
446 13448287 467 5 6 60
447 13448287 467 5 9 8
448 13482828 468 7 4 34
449 13482828 468 7 8 13074
450 13482828 468 7 1 79
451 13482828 468 7 5 422
452 13482828 468 7 0 6237
453 13519477 471 10 10 2769
454 13697281 473 7 3 14
455 13697281 473 10 2 7
456 13697281 473 6 6 5
457 13697281 473 2 5 68
458 13697281 473 2 9 4
459 13697281 473 4 8 52
460 13697281 473 0 3 14
461 14138670 475 8 1 3
462 14138670 475 2 3 1
463 14138670 475 3 5 5
464 14138670 475 3 10 5
465 14138670 475 8 2 3
466 14138670 475 7 8 5
467 14138670 475 5 2 1
468 14138670 475 10 9 10
469 14138670 475 6 1 13
470 14138670 475 5 8 2
471 14186239 477 2 0 196
472 14219828 479 1 9 1
473 14235621 480 4 8 89
474 14240936 482 4 2 222
475 14250321 483 7 10 8
476 14304033 487 5 8 1304
477 14807019 498 9 2 4
478 14807019 498 4 2 4
479 14807019 498 6 10 13
480 14807019 498 4 6 1
481 14807019 498 5 4 50
482 14807019 498 0 3 1
483 14807019 498 1 6 1
484 14807019 498 7 8 514
485 14807019 498 4 8 1028
486 14807019 498 9 9 1
487 14841335 499 7 3 51
488 14841335 499 7 2 121
489 14842245 500 3 0 227
490 14845499 501 4 8 5123
491 14874410 504 10 9 1333
492 15112661 507 7 9 43
493 15112661 507 10 7 72
494 15112661 507 8 2 17
495 15112661 507 9 2 5
496 15112661 507 0 3 2
497 15112661 507 8 9 7
498 15112661 507 3 0 15
499 15112661 507 4 2 120
500 15112661 507 7 2 5
501 15124270 509 2 1 115
502 15206240 510 6 4 1991
503 15206240 510 7 7 2681
504 15208290 511 8 2 14390
505 15455542 513 4 10 102
506 15455542 513 6 6 80
507 15455542 513 1 6 240
508 15455542 513 6 7 11
509 15455542 513 3 1 10
510 15455542 513 1 8 5049
511 15455542 513 0 6 80
512 15455542 513 8 8 1009
513 15455542 513 10 2 6
514 15455542 513 4 4 200
515 15455542 513 7 7 11
516 15506796 516 10 3 54
517 15506796 516 3 3 1
518 15506796 516 5 3 1
519 15515062 519 5 10 44
520 15562025 528 3 7 128
521 15619231 535 1 7 6
522 15629960 537 5 10 11
523 15639707 539 9 1 15
524 15696252 542 1 6 65
525 15855404 553 0 2 3
526 15868045 554 10 7 2037
527 16286192 555 5 8 7
528 16286192 555 4 9 2
529 16286192 555 1 7 14
530 16286192 555 5 5 1
531 16286192 555 7 4 829
532 16286192 555 1 1 95
533 16286192 555 3 7 3
534 16286192 555 6 8 7
535 16286192 555 6 6 23
536 16286192 555 3 5 1
537 16286192 555 4 4 829
538 16286192 555 3 0 2
539 16286192 555 8 2 876
540 16286192 555 9 0 1
541 16286192 555 1 5 1
542 16286192 555 10 3 607
543 16286192 555 4 6 47
544 16286192 555 1 9 2
545 16443602 556 0 7 15
546 16443602 556 10 1 1
547 16479701 557 3 1 215
548 16479701 557 3 6 36
549 16479701 557 3 2 52
550 16524483 558 1 7 123
551 16524483 558 1 8 329
552 16541026 560 6 0 10
553 16541026 560 10 2 45
554 16637708 563 10 4 100
555 16637708 563 10 10 127
556 16842760 569 8 7 1
557 16842760 569 2 8 1
558 16842760 569 2 9 2
559 16842760 569 10 7 1
560 16842760 569 1 8 8
561 16843509 570 1 9 106
562 16885018 575 6 8 15
563 17014002 576 10 10 989
564 17014002 576 0 1 1
565 17014002 576 1 9 73
566 17014002 576 6 5 2438
567 17036821 578 6 8 233
568 17192064 588 4 1 168
569 17192064 588 4 5 688
570 17192716 589 4 5 342
571 17222367 591 2 1 1
572 17222367 591 7 1 1
573 17222367 591 6 10 2
574 17224160 592 10 1 40
575 17232987 593 9 9 1350
576 17396983 602 8 10 2547
577 17396983 602 6 2 848
578 17453915 606 10 5 1333
579 17507196 611 0 2 43
580 17507196 611 8 8 990
581 17507196 611 0 8 1981
582 17885576 612 6 0 71
583 17885576 612 1 10 55
584 17885576 612 7 6 4
585 17885576 612 0 5 240
586 17885576 612 9 4 26
587 17885576 612 3 10 5
588 17885576 612 9 9 8
589 17885576 612 6 8 17
590 17885576 612 7 2 448
591 17885576 612 8 5 120
592 17885576 612 8 2 897
593 17885576 612 9 6 3
594 17885576 612 3 2 448
595 17885576 612 1 3 1
596 17885576 612 9 7 2539
597 18274816 616 6 1 2
598 18274816 616 1 3 20
599 18274816 616 0 3 20
600 18274816 616 5 1 1
601 18274816 616 5 5 8595
602 18274816 616 6 10 2564
603 18274816 616 8 5 11051
604 18274816 616 7 10 854
605 18274816 616 10 10 1709
606 18274816 616 4 4 78
607 18274816 616 7 0 494
608 18274816 616 0 7 200
609 18274816 616 10 4 1
610 18274816 616 9 9 8
611 18274816 616 5 10 854
612 18274816 616 4 7 25228
613 18274816 616 4 9 2
614 18299087 618 2 8 38
615 18336475 621 2 8 37
616 18339265 623 5 1 96
617 18447515 628 1 4 81
618 18485863 631 9 6 70
619 18485863 631 5 1 1
620 18575231 633 5 9 17
621 18575231 633 5 0 4797
622 18614308 635 5 0 102
623 18619031 636 6 5 1003
624 18661283 638 0 7 406
625 18663125 640 1 0 113
626 18666856 641 5 6 2
627 18886748 644 4 6 1
628 18886748 644 8 4 4530
629 18886748 644 6 6 1
630 18886748 644 1 0 8
631 18886748 644 4 4 647
632 18886748 644 7 5 10
633 18886748 644 8 7 92
634 18886748 644 8 3 10
635 18886748 644 6 1 6
636 18886748 644 0 8 908
637 18912580 653 7 10 4838
638 18914184 654 7 5 44
639 18934236 660 7 7 16605
640 18959486 661 6 0 13
641 18959486 661 4 0 26
642 18966832 665 8 8 45
643 18994006 668 5 1 200
644 18994006 668 5 8 15767
645 18994006 668 5 2 183
646 19295107 671 0 7 1
647 19295107 671 8 8 5
648 19295107 671 9 8 34
649 19295107 671 6 7 1
650 19295107 671 0 10 24
651 19295107 671 7 4 671
652 19295107 671 1 0 1
653 19295107 671 3 4 1342
654 19295107 671 4 2 13
655 19295107 671 4 7 1
656 19295107 671 5 5 30
657 19295107 671 1 5 30
658 19305758 673 9 1 956
659 19355208 675 2 8 300
660 19355208 675 2 0 55
661 19355208 675 2 3 19475
662 19365909 677 6 8 67
663 19386285 678 7 4 9
664 19386285 678 7 6 409
665 19421213 681 3 4 2639
666 19660415 683 0 7 3841
667 19660415 683 7 7 548
668 19660415 683 3 2 4582
669 19660415 683 2 9 30
670 19660415 683 10 9 30
671 19660415 683 9 4 638
672 19660415 683 1 6 20
673 19660415 683 10 7 1097
674 19660415 683 6 1 50
675 19660415 683 5 1 25
676 19660415 683 3 6 31
677 19660415 683 5 8 11
678 19681613 687 2 7 41
679 19731150 689 5 4 1591
680 19853732 690 8 5 4
681 19853732 690 8 8 600
682 19853732 690 8 9 17
683 19958651 692 6 10 51
684 19958651 692 7 10 12
685 19992548 693 8 4 80
686 20465371 695 1 6 1
687 20465371 695 9 9 214
688 20465371 695 6 1 3
689 20465371 695 1 4 1
690 20465371 695 6 5 49
691 20465371 695 6 8 1
692 20465371 695 5 7 8
693 20465371 695 1 10 1
694 20465371 695 1 1 3
695 20465371 695 10 9 214
696 20465371 695 4 1 41
697 20465371 695 4 0 21
698 20465371 695 9 3 4
699 20484653 697 4 10 15
700 20592512 698 10 7 2
701 20592512 698 2 6 13
702 20592512 698 5 0 4
703 20592512 698 5 4 89
704 20592512 698 5 5 6
705 20592512 698 5 6 48
706 20592512 698 5 1 3
707 20592512 698 5 9 66
708 20592512 698 5 2 25
709 20592512 698 5 10 32
710 20592512 698 5 8 43
711 20649635 701 2 9 1
712 20649635 701 0 9 1
713 20742302 702 4 2 28
714 20742302 702 4 7 81
715 20742302 702 3 3 1
716 20835827 703 2 0 74
717 20835827 703 9 10 81
718 20835827 703 2 7 1370
719 20835827 703 2 4 57
720 20835827 703 2 5 40
721 20851414 706 2 4 2
722 20914697 710 3 8 105
723 20914697 710 3 4 1221
724 20969475 714 10 2 29274
725 21160564 718 1 5 87
726 21160564 718 5 1 6
727 21160564 718 2 10 21
728 21160564 718 6 3 15
729 21160564 718 3 1 85
730 21160564 718 6 1 6
731 21160564 718 7 1 13
732 21160564 718 5 0 1
733 21176443 722 5 1 2439
734 21244020 723 6 8 7
735 21244020 723 3 9 11
736 21244020 723 6 9 23
737 21275913 724 6 1 111
738 21275913 724 6 2 205
739 21275913 724 6 8 63
740 21275913 724 6 3 4789
741 21317523 727 10 0 769
742 21317523 727 6 5 7
743 21317523 727 2 7 5
744 21444926 732 6 8 79
745 21444926 732 7 6 7
746 21444926 732 9 3 7
747 21444926 732 7 8 39
748 21447041 733 10 8 12
749 21553962 735 9 1 6
750 21553962 735 6 5 36
751 21589891 738 5 1 213
752 21630557 739 10 1 78
753 21880840 741 5 7 2
754 21880840 741 10 4 33
755 21880840 741 9 7 2
756 21880840 741 9 2 3
757 21880840 741 7 1 989
758 21888392 743 2 8 31
759 21928514 744 7 0 8
760 21928514 744 5 0 8
761 21928514 744 5 8 302
762 21929435 745 3 10 118
763 21938654 748 7 8 28
764 21980104 749 10 7 20
765 21983036 750 0 3 82
766 22200166 751 9 5 343
767 22200166 751 6 1 15
768 22200166 751 3 1 15
769 22200166 751 7 4 13
770 22200166 751 2 6 55
771 22200166 751 7 6 55
772 22240115 752 1 0 168
773 22296624 755 9 2 84
774 22357792 757 9 1 38
775 22357792 757 5 5 578
776 22392173 761 2 5 45
777 22392173 761 5 5 45
778 22534914 766 6 10 15
779 22534914 766 1 6 172
780 22534914 766 3 5 13
781 22544206 767 6 8 67
782 22544206 767 10 8 62
783 22631833 768 0 8 21
784 22631833 768 8 10 47
785 22631833 768 8 3 102
786 22635016 771 0 3 264
787 22663557 773 4 10 87
788 22720441 778 8 9 7
789 22720441 778 10 1 279
790 22749087 780 1 5 14
791 22781038 785 8 2 7
792 22794817 787 8 4 6
793 22794817 787 2 4 78
794 22820302 795 3 7 39
795 22878190 802 5 2 4521
796 22912873 804 4 4 621
797 22912873 804 4 0 117
798 22941030 807 3 10 55
799 22952809 813 10 8 83
800 22983462 815 6 10 1677
801 23452871 822 7 7 691
802 23452871 822 8 5 156
803 23452871 822 0 6 4
804 23452871 822 2 2 3
805 23452871 822 3 10 9
806 23452871 822 7 5 52
807 23452871 822 4 1 1
808 23452871 822 10 0 1
809 23452871 822 6 2 3
810 23452871 822 2 3 5
811 23452871 822 6 10 1
812 23452871 822 1 9 5
813 23452871 822 4 9 1
814 23452871 822 9 0 4
815 23452871 822 7 8 479
816 23452871 822 3 3 1
817 23452871 822 5 6 4
818 23452871 822 3 9 9
819 23452871 822 6 7 8297
820 23452871 822 0 7 414
821 23796803 823 3 8 10
822 23796803 823 3 9 1
823 23796803 823 8 8 2
824 23796803 823 5 10 1
825 23796803 823 2 5 1797
826 23796803 823 1 3 13
827 23796803 823 2 3 1
828 23796803 823 9 4 7107
829 23796803 823 10 8 30
830 23905806 825 4 4 187
831 23905806 825 6 9 56
832 23905806 825 0 2 27
833 23905806 825 6 5 16
834 23905806 825 1 1 19
835 23918731 827 0 9 116
836 23967621 830 0 9 32
837 23967621 830 1 1 74
838 24097242 834 2 5 908
839 24097242 834 8 5 908
840 24177611 842 1 6 11325
841 24177611 842 1 5 143
842 24198379 844 2 9 283
843 24214824 845 5 7 51
844 24244303 846 5 2 142
845 24246869 847 6 6 38995
846 24331445 858 10 2 1
847 24399508 861 3 2 309
848 24433843 863 2 7 8
849 24666998 864 2 0 1809
850 24666998 864 8 7 12
851 24666998 864 3 4 5
852 24666998 864 10 5 15
853 24666998 864 6 8 339
854 24666998 864 6 9 70
855 24666998 864 6 10 172
856 24671420 866 10 3 552
857 24729365 871 1 9 3
858 24729365 871 5 9 3
859 24729365 871 5 8 758
860 24744737 872 1 4 73
861 24789318 874 2 9 31
862 24789318 874 2 5 668
863 24789318 874 2 6 213
864 24811399 875 4 7 9
865 24819351 876 1 3 18
866 24819351 876 4 3 37
867 24852407 881 6 2 1685
868 24856151 884 0 6 33
869 24859831 885 10 5 37
870 25043572 886 2 1 33
871 25043572 886 3 1 5
872 25043572 886 3 4 1
873 25043572 886 5 4 25
874 25043572 886 8 4 1
875 25043572 886 7 7 8
876 25043572 886 5 0 59
877 25043572 886 1 6 1111
878 25077363 888 10 7 651
879 25077363 888 10 5 109
880 25102606 892 10 7 320
881 25266595 894 5 9 71
882 25266595 894 0 8 1
883 25266595 894 10 10 33
884 25266595 894 8 5 30
885 25266595 894 7 2 5
886 25266595 894 2 1 4
887 25266595 894 7 10 33
888 25266595 894 0 10 33
889 25375963 896 2 2 38
890 25427976 900 0 7 201
891 25457654 901 2 3 1484
892 25457654 901 1 3 1484
893 25513961 903 1 7 111
894 25541673 905 1 8 95
895 25541673 905 7 8 95
896 25548958 906 8 8 271
897 25627471 907 4 1 233
898 25627471 907 2 9 153
899 25627471 907 4 4 22
900 25629652 908 1 0 165
901 25743366 913 7 2 19
902 25787966 917 9 9 199
903 25790104 918 0 1 124
904 25790104 918 1 8 100
905 25833661 920 6 9 28
906 25885722 924 0 6 1
907 25939204 926 7 4 65
908 25947175 928 7 10 102
909 26374600 929 8 1 1
910 26374600 929 8 9 4
911 26374600 929 8 0 25
912 26374600 929 4 7 2
913 26374600 929 9 7 4
914 26374600 929 0 10 1
915 26374600 929 7 0 2
916 26374600 929 10 4 1756
917 26374600 929 7 4 878
918 26374600 929 8 8 9
919 26374600 929 8 4 1756
920 26374600 929 10 9 4
921 26374600 929 10 3 3
922 26374600 929 1 0 2
923 26374600 929 3 4 878
924 26627895 930 6 4 15609
925 26627895 930 8 2 7
926 26627895 930 1 9 71
927 26627895 930 2 8 1548
928 26627895 930 3 2 29
929 26856642 931 0 2 6431
930 26856642 931 6 9 2119
931 26856642 931 1 9 2119
932 26856642 931 0 4 909
933 26856642 931 0 0 1056
934 26856642 931 6 2 1607
935 27008006 932 1 6 4
936 27008006 932 8 2 902
937 27008006 932 9 10 23
938 27008006 932 10 8 6
939 27008006 932 4 9 4
940 27506426 941 7 10 36
941 27506426 941 6 1 96
942 27506426 941 4 1 192
943 27506426 941 9 1 288
944 27506426 941 7 0 16
945 27506426 941 8 8 1
946 27506426 941 6 2 5
947 27506426 941 8 7 1
948 27506426 941 3 1 384
949 27506426 941 6 9 2610
950 27506426 941 4 8 1
951 27506426 941 3 5 13
952 27506426 941 4 5 41
953 27506426 941 4 4 32
954 27506426 941 5 10 18
955 27506426 941 0 0 5
956 27506426 941 6 8 1
957 27506426 941 9 7 1
958 27512442 943 4 0 2
959 27523228 946 7 9 37
960 27562342 948 0 1 107
961 27562342 948 6 6 791
962 27562342 948 8 6 3958
963 27572986 949 6 4 3132
964 27625440 954 10 1 315
965 27646425 957 1 9 17
966 27646722 958 3 3 2
967 27703706 959 10 2 32
968 27703706 959 10 1 1320
969 27703706 959 10 7 35
970 27703706 959 10 6 11
971 27753705 963 0 8 229
972 27762373 965 9 8 9024
973 28046022 967 1 10 13
974 28046022 967 1 4 29
975 28046022 967 7 5 7
976 28046022 967 5 5 7
977 28046022 967 1 7 243
978 28046022 967 4 8 44
979 28046022 967 6 8 44
980 28046022 967 5 1 1846
981 28083832 970 4 4 50
982 28083832 970 4 3 16276
983 28083832 970 10 4 16
984 28213059 973 2 3 1
985 28213059 973 0 0 2
986 28217098 974 2 10 4704
987 28230166 976 3 10 11971
988 28235424 977 7 2 1705
989 28262496 979 4 8 1268
990 28314350 989 7 5 56
991 28323033 990 4 1 2
992 28362726 993 4 1 115
993 28362726 993 4 5 84
994 28425459 994 0 5 16
995 28425459 994 8 0 3
996 28425459 994 9 1 1
997 28425459 994 1 1 1
998 28451068 997 6 3 22
999 28451068 997 0 3 22
