11 361 1000
0 13391 0 9 6 12
1 13391 0 9 5 6
2 51107 3 5 4 3213
3 51107 3 5 2 11041
4 51107 3 5 9 20
5 51107 3 10 9 40
6 51107 3 5 3 126
7 93421 9 4 6 70
8 93421 9 4 8 2
9 93421 9 7 7 39
10 93421 9 1 3 74
11 93421 9 7 8 2
12 93421 9 7 4 2
13 93421 9 4 3 74
14 131147 13 10 9 18555
15 131147 13 7 8 3
16 131147 13 1 8 1
17 131147 13 10 4 340
18 171575 17 1 7 17
19 171575 17 1 10 1
20 171575 17 2 5 100
21 171575 17 9 10 1
22 171575 17 5 5 16
23 171575 17 7 4 12
24 171575 17 1 2 526
25 171575 17 5 7 2
26 171575 17 5 10 1
27 201395 21 3 8 86
28 201395 21 3 5 18
29 201395 21 4 6 290
30 201395 21 3 1 17
31 237045 29 10 5 56
32 237045 29 2 5 28
33 237045 29 2 6 2425
34 237045 29 10 10 175
35 237045 29 10 4 20
36 237045 29 10 0 33
37 238870 30 2 6 11
38 243481 31 1 6 46
39 246482 33 8 7 56
40 259554 37 4 0 25
41 267850 38 7 1 190
42 267850 38 2 5 55
43 284296 43 5 8 154
44 289428 44 1 6 217
45 289428 44 1 3 43
46 289428 44 1 10 3951
47 302157 50 10 4 2237
48 382307 51 8 0 21
49 382307 51 10 0 64
50 382307 51 9 0 10
51 382307 51 5 5 8
52 382307 51 0 2 10
53 431384 59 8 1 22
54 431384 59 8 2 204
55 431384 59 8 6 19
56 454206 66 0 9 82
57 454206 66 0 6 59
58 454212 67 1 7 10
59 457690 68 5 4 1
60 534787 75 8 5 115
61 534787 75 7 6 14
62 545538 79 10 3 38
63 614865 84 2 8 1
64 614865 84 7 7 21
65 614865 84 3 7 21
66 614865 84 6 0 15
67 614865 84 4 7 21
68 614865 84 3 5 4
69 614865 84 4 4 5
70 614865 84 6 2 308
71 614865 84 3 6 1
72 614865 84 2 5 71
73 631487 89 7 5 6
74 631487 89 7 7 1448
75 631487 89 7 0 56
76 638994 92 9 0 133
77 649175 94 6 5 756
78 662502 97 2 9 3687
79 662502 97 1 9 1843
80 699619 99 7 5 5
81 699619 99 0 9 42
82 699619 99 7 7 12
83 701487 101 10 8 35
84 763240 102 2 2 483
85 763240 102 1 4 4
86 763240 102 3 10 21
87 763240 102 5 1 3
88 763240 102 4 6 1
89 763240 102 5 5 14
90 763240 102 7 3 5
91 763240 102 7 10 21
92 769318 103 9 5 13
93 774349 104 4 5 74
94 776017 105 1 5 326
95 776167 106 4 9 39149
96 805529 108 3 2 1
97 805529 108 3 0 226
98 805529 108 6 2 1
99 805529 108 7 7 76
100 809413 110 3 10 47
101 811773 112 9 1 2
102 811773 112 3 1 5
103 813994 115 3 6 95
104 821132 116 2 4 113
105 821132 116 2 5 254
106 829043 117 0 3 30
107 838376 118 5 7 55
108 840183 120 0 7 124
109 865235 127 0 3 27
110 865235 127 0 9 22699
111 865235 127 0 4 115
112 875572 133 5 1 154
113 881739 134 8 9 76
114 882152 135 1 8 667
115 897772 136 1 10 32
116 897772 136 8 1 94
117 948996 137 5 6 2
118 948996 137 7 9 2136
119 948996 137 10 9 2136
120 964665 143 0 6 85
121 978339 146 10 4 11
122 982062 148 1 10 43
123 1048084 154 7 6 115
124 1048084 154 0 6 115
125 1048084 154 7 7 642
126 1048084 154 10 0 2
127 1048084 154 0 9 11
128 1048084 154 3 2 249
129 1048084 154 4 1 16
130 1048084 154 5 10 2
131 1048084 154 0 8 196
132 1048084 154 1 10 17
133 1048084 154 5 0 2
134 1048084 154 5 7 642
135 1048084 154 9 3 28
136 1048084 154 6 2 748
137 1048084 154 8 8 21
138 1048084 154 9 4 10
139 1054565 159 1 4 95
140 1113658 160 1 7 1
141 1113658 160 10 5 5
142 1113658 160 5 8 306
143 1113658 160 10 1 1
144 1113658 160 1 9 48
145 1113658 160 10 3 7
146 1113658 160 6 10 5
147 1113658 160 3 7 1
148 1113658 160 1 3 2
149 1113658 160 4 8 306
150 1135930 162 5 3 574
151 1135930 162 6 3 191
152 1135930 162 3 1 1445
153 1135930 162 10 10 5
154 1146417 165 10 4 73
155 1146417 165 3 3 93
156 1146417 165 0 5 110
157 1146417 165 4 4 14
158 1158960 170 3 2 1368
159 1164428 172 7 8 29
160 1175269 174 9 7 14
161 1175269 174 2 2 9
162 1175269 174 7 6 24
163 1175269 174 0 7 14
164 1175269 174 1 3 36
165 1197286 177 3 9 9
166 1197286 177 3 8 268
167 1197286 177 3 2 1
168 1198278 178 9 0 104
169 1200964 181 9 0 206
170 1205844 184 1 6 21
171 1228645 195 5 3 168
172 1277536 198 2 1 18
173 1277536 198 9 5 1
174 1277536 198 4 5 9
175 1277773 199 7 0 72
176 1282990 202 3 1 8
177 1282990 202 3 9 290
178 1296800 203 8 4 1511
179 1299562 205 3 2 11780
180 1309127 209 8 5 39
181 1323060 210 10 3 1
182 1325430 211 9 6 59
183 1325510 213 8 4 106
184 1337622 222 0 7 28
185 1337622 222 7 7 112
186 1342532 223 7 2 68
187 1343276 224 3 2 49443
188 1371444 229 0 4 17
189 1371444 229 0 2 616
190 1371444 229 0 9 74
191 1453766 233 0 5 1
192 1453766 233 1 6 6
193 1453766 233 2 2 4
194 1453766 233 3 5 1
195 1453766 233 7 5 3
196 1478112 237 4 7 51
197 1478112 237 4 1 55
198 1478112 237 10 5 107
199 1487320 239 9 1 9
200 1543209 241 6 6 1
201 1543209 241 3 3 1
202 1543209 241 1 8 1
203 1543209 241 4 1 6
204 1543209 241 4 3 1
205 1543209 241 1 5 3364
206 1554845 254 2 4 52
207 1585642 259 9 1 891
208 1585642 259 7 8 2025
209 1585642 259 2 1 1783
210 1585642 259 9 7 25
211 1585642 259 3 0 14
212 1647348 262 9 1 30
213 1647348 262 2 3 1
214 1647348 262 9 3 1
215 1647348 262 4 1 30
216 1647348 262 0 3 1
217 1647348 262 4 3 3
218 1647348 262 4 9 15
219 1647348 262 3 2 6
220 1647348 262 2 1 30
221 1647348 262 2 10 12
222 1647348 262 8 7 1
223 1647348 262 8 10 55
224 1659547 266 3 10 42
225 1660249 267 8 9 312
226 1668360 269 4 6 99
227 1668360 269 4 4 68
228 1668360 269 4 5 39
229 1668360 269 4 1 4881
230 1677106 275 0 3 2062
231 1689436 282 8 7 200
232 1698261 285 4 1 297
233 1795574 287 7 10 15
234 1795574 287 10 8 35
235 1795574 287 0 3 11
236 1795574 287 0 2 6
237 1795574 287 3 5 2
238 1795574 287 10 10 61
239 1795574 287 1 1 3
240 1795574 287 3 2 3
241 1795574 287 2 3 5
242 1795574 287 4 1 3
243 1795574 287 3 9 1
244 1795574 287 8 1 28
245 1795574 287 1 10 7
246 1795574 287 5 0 3
247 1795574 287 8 10 7
248 1795574 287 6 2 3
249 1795574 287 10 6 24
250 1795574 287 6 7 807
251 1795574 287 6 3 11
252 1796177 288 8 10 108
253 1831852 291 7 0 3
254 1831852 291 0 0 33
255 1831852 291 6 8 8
256 1831852 291 10 0 1
257 1831852 291 10 9 365
258 1831852 291 2 0 8
259 1865107 292 10 9 529
260 1865107 292 8 0 6
261 1865107 292 2 6 13
262 1865107 292 7 6 106
263 1867786 294 0 5 99583
264 1888020 298 9 3 134
265 1888020 298 9 10 40
266 1929486 303 4 6 795
267 1929486 303 9 8 649
268 1929486 303 0 9 3069
269 1929486 303 3 10 14
270 1929486 303 4 7 3
271 1929486 303 10 2 1892
272 1952379 304 2 8 40
273 1952379 304 2 7 8
274 1952379 304 3 5 23
275 1952379 304 2 5 23
276 1956798 305 4 7 38
277 1970333 310 0 7 73
278 1970333 310 7 1 442
279 1976724 311 3 10 57
280 1976724 311 2 10 76
281 1979996 316 0 4 43
282 2031513 317 5 10 55
283 2031513 317 6 5 3859
284 2031513 317 2 1 14
285 2031513 317 7 5 964
286 2031513 317 9 10 55
287 2036326 321 1 5 3080
288 2050322 324 10 5 7
289 2056623 327 2 10 1020
290 2079678 328 8 9 2
291 2079678 328 7 8 44
292 2079678 328 2 5 297
293 2079678 328 2 9 2
294 2088193 330 0 10 1364
295 2088193 330 0 8 10328
296 2088193 330 0 2 201
297 2088193 330 0 6 47
298 2095176 335 1 0 231
299 2095176 335 1 6 179
300 2102664 337 4 4 1536
301 2102664 337 4 2 67
302 2103134 338 1 5 37
303 2103134 338 4 5 18
304 2118065 339 4 7 15
305 2118065 339 9 3 1290
306 2118065 339 1 7 15
307 2118065 339 0 3 215
308 2141416 340 7 1 11
309 2141416 340 3 0 20
310 2145405 342 7 4 33
311 2145625 343 6 4 129
312 2153926 346 3 5 489
313 2160706 350 9 6 38
314 2162815 352 9 10 104
315 2176407 358 0 4 7138
316 2188777 362 8 2 2
317 2198029 366 7 9 52
318 2211535 369 6 0 34
319 2211535 369 9 8 28
320 2211535 369 1 9 476
321 2234096 370 2 8 3
322 2234096 370 9 3 10
323 2234096 370 0 5 1
324 2240088 379 3 3 2
325 2256678 380 10 9 703
326 2256678 380 10 3 238
327 2256678 380 10 8 9844
328 2256678 380 10 10 14
329 2257937 381 9 6 9029
330 2259086 382 4 0 30
331 2261210 385 2 6 17811
332 2264042 386 10 3 976
333 2282708 388 0 1 16
334 2282708 388 0 5 38
335 2282708 388 0 2 35
336 2282708 388 7 7 30
337 2337046 390 10 6 459
338 2337046 390 1 3 298
339 2337046 390 2 4 27
340 2337046 390 3 10 26
341 2337046 390 2 8 767
342 2337046 390 9 5 6
343 2356418 392 6 5 3851
344 2356418 392 8 5 2567
345 2356418 392 2 4 427
346 2358925 393 2 1 46
347 2425598 395 2 6 54
348 2425598 395 4 7 1
349 2425598 395 8 1 33
350 2425598 395 7 2 1
351 2425598 395 5 5 177
352 2425598 395 10 2 2
353 2425598 395 9 5 532
354 2425598 395 2 7 1
355 2425598 395 6 8 33
356 2435672 400 2 6 38920
357 2461483 402 9 7 35
358 2465866 405 2 5 15
359 2465866 405 7 5 15
360 2470269 406 7 10 612
361 2470269 406 1 10 204
362 2470269 406 8 0 35
363 2470269 406 4 0 35
364 2480021 407 2 10 6135
365 2526698 409 10 7 1
366 2526698 409 1 8 13
367 2526698 409 5 0 528
368 2526698 409 2 5 3188
369 2526698 409 10 9 30
370 2526698 409 5 1 542
371 2526698 409 2 3 3
372 2526698 409 6 5 797
373 2533603 412 7 1 86
374 2552077 413 9 10 29
375 2552077 413 9 7 32
376 2552077 413 2 1 168
377 2552077 413 2 0 144
378 2556060 416 8 1 2
379 2556686 417 6 2 58
380 2582407 424 7 9 6021
381 2582407 424 7 10 493
382 2582407 424 7 1 86
383 2582407 424 7 5 282
384 2665531 428 10 8 2
385 2665531 428 9 10 4
386 2665531 428 1 9 1
387 2665531 428 9 6 1
388 2665531 428 7 3 3
389 2665531 428 5 3 3
390 2665531 428 3 2 2
391 2665531 428 9 0 1
392 2665531 428 4 7 1
393 2712140 430 9 4 67
394 2712140 430 8 4 3
395 2712140 430 3 5 16
396 2712140 430 10 5 33
397 2712140 430 10 1 1051
398 2712140 430 10 3 29
399 2712140 430 2 8 2
400 2712140 430 0 10 2
401 2717825 434 2 2 37
402 2723593 435 2 0 163
403 2725562 437 8 1 4733
404 2726454 439 6 7 114
405 2729634 440 4 10 4
406 2734471 443 6 6 1210
407 2734471 443 6 5 69
408 2740683 446 8 4 28
409 2742354 447 3 1 17
410 2747984 452 8 10 147
411 2788961 457 8 4 1
412 2788961 457 5 9 13
413 2788961 457 2 6 6
414 2788961 457 7 7 1
415 2788961 457 4 3 14
416 2788961 457 5 6 6
417 2788961 457 5 10 5
418 2792895 458 2 4 1978
419 2792895 458 4 4 1978
420 2806604 460 1 3 39
421 2842647 461 5 1 22
422 2842647 461 6 10 1
423 2842647 461 5 5 163
424 2960544 466 2 3 1801
425 2960544 466 0 3 1801
426 2960544 466 5 7 1
427 2960544 466 0 5 6
428 2960544 466 4 2 50
429 2960544 466 10 3 1801
430 2960544 466 3 1 11
431 2960544 466 8 7 1
432 2960544 466 10 4 217
433 2960544 466 6 2 100
434 2960544 466 0 8 1
435 2960544 466 0 2 50
436 2960544 466 0 10 6
437 2960544 466 1 5 2
438 2960544 466 3 0 7
439 2988508 467 4 6 6
440 2988508 467 2 1 1
441 2988508 467 4 3 45
442 2988508 467 10 1 1
443 2988508 467 6 0 430
444 2996184 468 7 2 226
445 2996184 468 7 3 165
446 3012165 472 0 0 7
447 3012165 472 3 0 7
448 3043840 473 4 8 52
449 3043840 473 2 9 4
450 3043840 473 0 10 1
451 3043840 473 4 9 2
452 3043840 473 7 9 2
453 3043840 473 8 8 104
454 3044196 474 4 9 211
455 3141926 475 9 8 2
456 3141926 475 8 3 1
457 3141926 475 9 4 1
458 3141926 475 10 9 10
459 3141926 475 2 2 1
460 3141926 475 4 7 4
461 3141926 475 0 1 6
462 3141926 475 3 0 1
463 3141926 475 2 1 3
464 3141926 475 0 2 1
465 3141926 475 2 8 2
466 3141926 475 1 8 2
467 3142933 476 6 10 30
468 3159961 479 1 9 1
469 3164652 482 10 0 122
470 3164652 482 4 2 222
471 3173223 486 6 3 91
472 3173223 486 6 8 21916
473 3178674 487 5 9 2682
474 3178674 487 5 0 66373
475 3191057 489 9 9 62
476 3191057 489 2 0 1571
477 3191057 489 2 10 7526
478 3199499 496 10 3 2626
479 3290448 498 10 10 13
480 3290448 498 3 1 35
481 3290448 498 6 0 10
482 3290448 498 8 7 7
483 3290448 498 2 7 7
484 3290448 498 4 4 100
485 3290448 498 6 3 1
486 3290448 498 1 5 175
487 3290448 498 9 0 64
488 3290448 498 8 10 26
489 3290448 498 6 5 175
490 3290448 498 7 3 9
491 3290448 498 9 7 44
492 3290448 498 7 5 8250
493 3290448 498 5 0 10
494 3298074 499 7 4 225
495 3305424 504 3 10 30
496 3358369 507 3 1 1
497 3358369 507 3 7 72
498 3358369 507 4 2 120
499 3358369 507 9 4 1429
500 3358369 507 1 6 3
501 3358369 507 5 5 49
502 3358369 507 10 4 1429
503 3360352 508 1 8 38
504 3379164 510 6 7 383
505 3379164 510 6 3 4
506 3379164 510 7 2 20
507 3379164 510 7 4 1991
508 3434564 513 5 2 6
509 3434564 513 0 8 6059
510 3434564 513 3 1 10
511 3434564 513 8 6 80
512 3434564 513 9 3 5
513 3434564 513 2 3 5
514 3434564 513 5 6 80
515 3434564 513 0 6 80
516 3434564 513 2 4 200
517 3445954 516 0 3 1
518 3445954 516 6 3 1
519 3445954 516 2 3 1
520 3445954 516 1 3 1
521 3458227 528 3 7 128
522 3460677 531 3 0 195
523 3460728 532 9 9 7164
524 3470940 535 3 7 31
525 3470940 535 8 7 12
526 3470940 535 0 7 12
527 3473324 537 9 10 88
528 3488056 542 1 5 33196
529 3496906 547 4 5 7822
530 3496906 547 4 0 5771
531 3498897 549 8 5 792
532 3505972 550 4 6 31
533 3518670 551 1 9 9759
534 3521991 552 5 0 76
535 3523423 553 2 2 3
536 3523423 553 0 2 3
537 3619153 555 7 7 3
538 3619153 555 8 6 23
539 3619153 555 5 2 876
540 3619153 555 9 0 1
541 3619153 555 1 10 1
542 3619153 555 5 5 1
543 3619153 555 0 10 5
544 3619153 555 1 9 2
545 3619153 555 8 4 829
546 3619153 555 0 6 47
547 3619153 555 1 0 1
548 3619153 555 9 2 1752
549 3619153 555 2 3 202
550 3654133 556 8 1 1
551 3654133 556 5 7 31
552 3654133 556 8 8 765
553 3672107 558 1 5 72
554 3672107 558 1 8 329
555 3680125 561 2 10 28
556 3687999 562 10 10 8302
557 3687999 562 10 2 37
558 3687999 562 10 8 7631
559 3697268 563 10 7 235
560 3697268 563 10 5 318
561 3704498 565 1 6 430
562 3704949 567 1 5 9237
563 3705158 568 8 2 137
564 3742835 569 4 10 73
565 3742835 569 4 6 1
566 3742835 569 8 5 1
567 3742835 569 4 2 52
568 3742835 569 10 10 49
569 3742835 569 7 6 1
570 3742835 569 2 8 1
571 3742835 569 2 1 1
572 3743751 571 7 7 16
573 3743765 572 8 0 9018
574 3780889 576 0 4 74
575 3780889 576 6 1 1
576 3780889 576 10 10 989
577 3780889 576 6 6 9
578 3780889 576 0 3 30
579 3785960 578 6 8 233
580 3803347 582 4 3 49
581 3811940 583 6 3 83
582 3811940 583 6 6 89
583 3813142 585 10 3 1425
584 3820458 588 4 6 76
585 3820458 588 4 5 688
586 3829552 593 9 9 1350
587 3834618 598 4 6 39008
588 3837600 599 7 1 186
589 3865996 602 8 4 906
590 3878647 606 10 9 101
591 3890488 611 7 6 205
592 3890488 611 7 2 147
593 3890488 611 10 6 205
594 3974572 612 4 6 1
595 3974572 612 8 1 13
596 3974572 612 8 8 8
597 3974572 612 10 8 26
598 3974572 612 5 6 1
599 3974572 612 6 4 26
600 3974572 612 8 4 26
601 3974572 612 6 5 240
602 3974572 612 1 2 897
603 3974572 612 9 10 5
604 3974572 612 6 2 448
605 3974572 612 4 10 5
606 3974572 612 4 7 2539
607 3974572 612 5 5 360
608 3974572 612 5 1 6
609 3974572 612 9 2 1346
610 3974572 612 1 7 2539
611 3974572 612 9 6 3
612 3974572 612 10 6 3
613 3974572 612 6 3 1
614 3974572 612 10 4 133
615 3981641 613 3 4 36562
616 4061070 616 6 6 108
617 4061070 616 9 10 1709
618 4061070 616 10 0 494
619 4061070 616 6 3 145
620 4061070 616 2 8 1
621 4061070 616 0 7 200
622 4061070 616 5 8 1
623 4061070 616 7 4 1
624 4061070 616 9 1 1
625 4061070 616 2 3 83
626 4061070 616 2 0 1483
627 4061070 616 5 1 1
628 4061070 616 1 3 20
629 4061070 616 8 6 36
630 4061070 616 4 1 1
631 4061070 616 0 5 1227
632 4061070 616 9 2 1
633 4061070 616 1 5 1227
634 4067640 619 8 6 91
635 4075392 623 5 1 96
636 4077031 624 8 5 2839
637 4077031 624 1 5 2839
638 4077031 624 4 5 2839
639 4077711 625 7 0 104
640 4077711 625 2 0 34
641 4088191 626 2 1 8
642 4088191 626 2 5 2333
643 4088191 626 2 0 55
644 4099447 628 1 6 127
645 4099913 629 5 8 164
646 4107969 631 2 3 144
647 4107969 631 9 5 232
648 4127829 633 5 4 225
649 4131612 634 7 4 53
650 4131612 634 7 0 1249
651 4131612 634 7 5 82
652 4131612 634 7 6 15150
653 4131612 634 7 7 20
654 4136513 635 5 3 16
655 4136513 635 5 9 102
656 4197055 644 0 2 152
657 4197055 644 5 4 647
658 4197055 644 0 8 908
659 4197055 644 9 8 3635
660 4197055 644 7 5 10
661 4197055 644 10 1 6
662 4197055 644 1 6 1
663 4197055 644 6 6 1
664 4197055 644 5 10 11
665 4199422 646 2 9 12
666 4199422 646 5 9 12
667 4202795 653 7 10 4838
668 4213219 661 6 0 13
669 4213733 664 5 3 26
670 4220890 668 5 8 15767
671 4220890 668 5 0 9853
672 4287801 671 2 7 1
673 4287801 671 2 6 8
674 4287801 671 5 1 715
675 4287801 671 9 7 1
676 4287801 671 4 1 238
677 4287801 671 8 0 7
678 4287801 671 2 3 123
679 4287801 671 0 7 1
680 4287801 671 10 1 238
681 4287801 671 6 6 41
682 4287801 671 9 2 6
683 4287801 671 4 2 13
684 4287801 671 5 9 8
685 4290168 673 9 1 956
686 4301157 675 2 3 19475
687 4315825 681 5 4 1319
688 4315825 681 10 5 12
689 4368981 683 4 3 29
690 4368981 683 5 9 15
691 4368981 683 8 8 5
692 4368981 683 2 1 25
693 4368981 683 8 7 548
694 4368981 683 4 4 3833
695 4370425 686 7 1 88
696 4384700 689 5 4 1591
697 4411940 690 0 3 90
698 4411940 690 4 3 45
699 4435255 692 6 5 222
700 4435255 692 7 3 3329
701 4442788 693 8 4 80
702 4547860 695 8 7 8
703 4547860 695 8 8 1
704 4547860 695 3 6 1
705 4547860 695 2 9 1503
706 4547860 695 3 5 7
707 4547860 695 5 9 214
708 4547860 695 4 8 1
709 4547860 695 6 1 3
710 4547860 695 4 0 21
711 4547860 695 3 2 793
712 4547860 695 6 8 1
713 4547860 695 7 0 149
714 4547860 695 6 5 49
715 4547860 695 5 1 3
716 4547860 695 4 2 1587
717 4547860 695 6 3 4
718 4547860 695 0 8 1
719 4552145 697 1 6 1569
720 4576113 698 5 8 43
721 4576113 698 10 5 51
722 4576113 698 5 10 32
723 4576113 698 2 8 8
724 4576113 698 2 10 32
725 4588807 701 8 9 1
726 4609400 702 3 1 61
727 4609400 702 0 4 649
728 4609400 702 3 8 11
729 4609400 702 3 10 17
730 4609400 702 3 2 56
731 4609400 702 3 0 1187
732 4609400 702 3 3 1
733 4630183 703 2 8 52
734 4630183 703 2 5 40
735 4630183 703 9 5 40
736 4630183 703 2 10 81
737 4647710 710 3 2 96
738 4647710 710 3 10 1
739 4655415 712 2 4 49
740 4659883 714 2 2 9758
741 4702347 718 5 7 5
742 4702347 718 0 9 31
743 4702347 718 6 1 6
744 4702347 718 7 5 3430
745 4702347 718 8 9 31
746 4720893 723 6 1 1
747 4720893 723 3 8 7
748 4720893 723 6 10 11
749 4727980 724 6 6 2
750 4737227 727 8 0 769
751 4738191 728 3 9 53
752 4765539 732 6 8 79
753 4765539 732 4 2 240
754 4765539 732 6 6 2
755 4765539 732 4 6 4
756 4765539 732 5 3 31
757 4789769 735 6 7 1348
758 4789769 735 6 5 36
759 4789769 735 6 6 3
760 4789769 735 6 9 10
761 4797473 737 10 0 88
762 4806790 739 10 10 132
763 4806790 739 10 8 67
764 4862408 741 2 2 3
765 4862408 741 7 6 5
766 4862408 741 7 4 33
767 4862408 741 1 9 119
768 4862408 741 10 9 44
769 4862408 741 8 5 28
770 4862408 741 6 7 14
771 4873003 744 1 3 64
772 4874237 747 8 5 26
773 4875256 748 5 8 56
774 4884467 749 2 7 20
775 4884467 749 10 5 24
776 4933370 751 1 8 1
777 4933370 751 0 7 3
778 4933370 751 5 0 23
779 4933370 751 1 0 23
780 4933370 751 4 1 46
781 4933370 751 9 5 343
782 4933370 751 1 1 15
783 4942247 752 8 8 21
784 4954805 755 9 8 92
785 4954805 755 9 5 4130
786 4955849 756 7 0 152
787 4968398 757 7 0 7
788 4972509 760 5 0 1472
789 4977156 762 9 1 36
790 5007758 766 8 10 106
791 5007758 766 5 5 54
792 5007758 766 6 3 1
793 5007758 766 1 6 172
794 5007758 766 5 7 7
795 5029296 768 8 9 704
796 5029296 768 8 1 41
797 5029296 768 0 6 37
798 5030875 772 1 1 94
799 5048986 778 7 9 14
800 5055352 780 1 1 117
801 5058721 782 3 4 21
802 5065514 787 2 4 78
803 5065514 787 8 4 6
804 5066314 788 10 8 200
805 5069353 790 7 8 37
806 5070038 792 0 8 118
807 5072536 797 3 10 18
808 5080618 798 4 7 28
809 5080618 798 4 8 632
810 5080634 799 2 10 54
811 5084042 802 5 0 43
812 5091749 804 4 6 21
813 5091749 804 4 9 9
814 5091749 804 4 3 23
815 5094047 805 1 6 154
816 5107856 816 7 10 175
817 5113132 817 9 3 1577
818 5211749 822 7 8 479
819 5211749 822 2 2 3
820 5211749 822 8 4 1
821 5211749 822 2 10 1
822 5211749 822 1 5 26
823 5211749 822 0 7 414
824 5211749 822 4 10 1
825 5211749 822 9 5 26
826 5211749 822 8 2 3
827 5211749 822 10 10 1
828 5211749 822 6 9 5
829 5211749 822 6 7 8297
830 5211749 822 10 2 3
831 5211749 822 6 5 26
832 5288178 823 3 8 10
833 5288178 823 10 2 12
834 5288178 823 5 8 1
835 5288178 823 5 6 282
836 5288178 823 2 6 282
837 5288178 823 9 5 599
838 5288178 823 10 0 8
839 5288178 823 10 5 599
840 5288178 823 9 2 6
841 5288178 823 9 10 1
842 5288178 823 1 9 1
843 5288178 823 3 6 282
844 5288178 823 9 1 1938
845 5290114 824 6 10 142
846 5312401 825 5 8 63
847 5312401 825 7 8 63
848 5312401 825 4 5 112
849 5312401 825 1 8 63
850 5312586 826 2 8 28
851 5315273 827 0 9 116
852 5326138 830 8 2 21
853 5343711 833 7 2 89
854 5343711 833 7 5 22
855 5343711 833 7 3 83
856 5354942 834 7 0 177
857 5354942 834 1 0 15
858 5354942 834 9 10 1400
859 5354942 834 8 4 9
860 5354942 834 8 5 908
861 5359042 837 8 9 19
862 5372802 842 1 6 11325
863 5372802 842 1 7 25
864 5377417 844 1 9 851
865 5388193 847 6 6 38995
866 5394998 855 2 0 234
867 5397033 856 3 4 30
868 5405548 857 9 2 15741
869 5405548 857 9 7 83
870 5405548 857 9 1 1575
871 5405548 857 9 9 69
872 5429742 863 6 0 9
873 5481555 864 2 6 4
874 5481555 864 7 0 3618
875 5481555 864 0 6 8
876 5481555 864 4 6 26
877 5482537 866 10 3 552
878 5495414 871 10 9 7
879 5498830 872 1 4 73
880 5513644 875 5 7 18
881 5565238 886 2 1 33
882 5565238 886 10 3 12
883 5565238 886 8 8 20
884 5565238 886 6 5 25
885 5565238 886 7 7 8
886 5565238 886 10 4 19
887 5565238 886 5 4 25
888 5572747 888 10 1 119
889 5572747 888 10 7 651
890 5572747 888 10 6 3020
891 5574924 889 9 2 34
892 5614798 894 0 5 1
893 5614798 894 5 1 19
894 5614798 894 8 4 18
895 5614798 894 5 3 6
896 5614798 894 6 5 2
897 5614798 894 10 1 194
898 5614798 894 6 7 54
899 5617621 895 3 9 18
900 5617621 895 8 9 9
901 5639102 896 9 10 16
902 5639102 896 3 9 10
903 5642071 897 0 6 1763
904 5650661 899 6 8 4891
905 5675927 905 10 8 95
906 5675927 905 1 8 95
907 5694993 907 4 5 207
908 5694993 907 4 10 3
909 5694993 907 2 7 3009
910 5694993 907 2 3 18
911 5703226 909 9 7 11407
912 5703226 909 9 6 8913
913 5703226 909 9 1 6168
914 5752382 924 5 6 11
915 5764267 926 7 3 71
916 5764267 926 7 0 37
917 5764267 926 7 10 8973
918 5861022 929 5 7 18
919 5861022 929 6 0 655
920 5861022 929 2 2 8
921 5861022 929 5 5 682
922 5861022 929 1 7 2
923 5861022 929 6 6 54
924 5861022 929 6 7 4
925 5861022 929 0 4 878
926 5861022 929 7 10 1
927 5861022 929 8 7 6
928 5861022 929 6 4 878
929 5861022 929 3 3 3
930 5861022 929 10 4 1756
931 5861022 929 3 9 4
932 5917310 930 3 5 22
933 5917310 930 7 3 15
934 5917310 930 10 9 71
935 5917310 930 5 6 13
936 5917310 930 9 6 172
937 5917310 930 4 8 309
938 5968142 931 1 5 349
939 5968142 931 7 5 2443
940 5968142 931 10 0 3169
941 5968142 931 10 9 2119
942 5968142 931 7 6 8
943 5968142 931 6 6 8
944 6001779 932 10 2 1805
945 6001779 932 9 9 9
946 6001779 932 6 10 47
947 6001779 932 8 0 2
948 6001779 932 10 6 4
949 6001779 932 10 7 10
950 6001779 932 4 2 902
951 6010854 938 9 5 48
952 6022403 940 0 0 266
953 6112539 941 1 5 13
954 6112539 941 9 5 13
955 6112539 941 8 6 2
956 6112539 941 4 2 10
957 6112539 941 6 3 1
958 6112539 941 9 7 1
959 6112539 941 0 8 5
960 6112539 941 9 4 1
961 6112539 941 2 0 5
962 6112539 941 0 4 3
963 6112539 941 6 6 24
964 6112539 941 1 6 5
965 6114967 944 8 1 104
966 6124964 948 8 4 5
967 6124964 948 1 6 11083
968 6139913 956 4 1 1266
969 6143650 957 7 9 35
970 6156379 959 10 6 11
971 6156379 959 10 5 196
972 6156379 959 10 1 1320
973 6232449 967 6 7 243
974 6232449 967 1 8 44
975 6232449 967 6 10 27
976 6232449 967 0 0 9
977 6232449 967 0 7 243
978 6232449 967 5 0 9
979 6232449 967 0 6 9242
980 6234978 968 1 3 51
981 6240851 970 10 4 16
982 6244258 971 10 8 30
983 6252450 972 10 9 152
984 6269568 973 0 8 2624
985 6269568 973 2 7 85545
986 6269568 973 0 6 19
987 6272199 975 8 8 3
988 6273370 976 2 8 113
989 6274538 977 2 2 5970
990 6280554 979 0 1 41
991 6283863 981 1 6 406
992 6286289 985 5 10 2635
993 6290319 987 7 9 42
994 6292077 989 8 5 56
995 6292077 989 7 5 56
996 6294077 991 9 10 233
997 6302828 993 4 1 115
998 6316768 994 9 1 1
999 6320658 996 1 5 37
