11 334 1000
0 40173 0 1 5 6
1 40173 0 9 10 942
2 153323 3 5 2 11041
3 153323 3 10 9 40
4 153323 3 9 5 5552
5 153323 3 10 5 113
6 153323 3 5 4 3213
7 153323 3 5 9 20
8 177471 4 5 8 14
9 280263 9 4 2 98
10 280263 9 7 6 23
11 280263 9 7 7 39
12 297382 10 0 1 1740
13 304250 12 6 2 40
14 393441 13 3 5 41
15 393441 13 8 10 297
16 393441 13 1 8 1
17 406810 16 9 4 3
18 514725 17 1 2 526
19 514725 17 0 7 2
20 514725 17 2 4 12
21 537049 18 1 6 36
22 537049 18 1 10 164
23 604186 21 4 0 25980
24 604186 21 3 3 9711
25 604186 21 3 0 51960
26 604186 21 3 8 86
27 608116 22 6 5 14781
28 616424 23 8 10 4218
29 616424 23 5 10 4218
30 627878 25 4 0 1977
31 627997 26 0 8 2366
32 652409 27 3 0 130
33 653608 28 0 8 53
34 711136 29 2 0 72
35 739448 33 8 7 56
36 778664 37 6 10 4
37 778664 37 3 8 6
38 803551 38 10 1 381
39 803551 38 7 1 190
40 803551 38 7 5 110
41 803551 38 8 5 55
42 868286 44 1 9 19650
43 868286 44 1 3 43
44 906472 50 7 8 1
45 1146922 51 10 3 15
46 1146922 51 9 8 1
47 1146922 51 0 9 5
48 1146922 51 7 10 1
49 1146922 51 8 7 5
50 1146922 51 8 3 15
51 1146922 51 9 2 5
52 1150138 53 4 10 10
53 1165719 56 5 6 86
54 1294154 59 1 9 128
55 1294154 59 1 3 5
56 1294154 59 5 2 102
57 1294154 59 8 1 22
58 1294154 59 1 7 13
59 1294154 59 2 1 67
60 1318149 61 7 2 24
61 1318149 61 2 2 24
62 1362618 66 0 0 2
63 1362618 66 0 3 61
64 1373070 68 8 4 1
65 1416452 70 3 7 1
66 1416452 70 4 8 43
67 1452511 72 6 4 12101
68 1452511 72 6 5 28
69 1604362 75 5 2 778
70 1604362 75 2 4 1
71 1604362 75 0 8 1
72 1604362 75 0 1 591
73 1604362 75 9 9 33
74 1604362 75 8 9 1
75 1604362 75 10 5 1270
76 1604362 75 5 10 3
77 1604362 75 7 8 1
78 1604362 75 9 5 115
79 1604362 75 9 10 7
80 1624030 77 7 4 21
81 1624030 77 6 4 52
82 1844595 84 10 6 1
83 1844595 84 2 10 6
84 1844595 84 6 6 1
85 1844595 84 2 7 21
86 1844595 84 7 8 1
87 1844595 84 3 2 308
88 1845141 85 9 6 404
89 1894463 89 7 1 10154
90 1894463 89 7 4 298
91 1947526 94 2 5 756
92 1947526 94 5 5 756
93 1947526 94 8 5 756
94 1987506 97 8 9 1843
95 2098858 99 0 3 63
96 2098858 99 0 5 5
97 2098858 99 7 5 5
98 2104461 101 10 8 35
99 2289721 102 8 7 78
100 2289721 102 6 3 5
101 2289721 102 1 7 2
102 2289721 102 5 10 21
103 2289721 102 2 3 17
104 2289721 102 9 3 11
105 2307955 103 9 5 13
106 2323049 104 4 3 2306
107 2416587 108 4 0 226
108 2416587 108 7 0 3619
109 2416587 108 2 0 226
110 2416587 108 8 10 3
111 2428239 110 3 9 116
112 2428239 110 3 6 59
113 2463398 116 2 10 8305
114 2463398 116 2 5 254
115 2463398 116 2 1 6
116 2487130 117 0 10 1361
117 2487130 117 0 0 125
118 2515129 118 4 2 2
119 2595705 127 0 2 9547
120 2626707 132 0 7 7571
121 2693317 136 8 2 59
122 2693317 136 8 0 2006
123 2693317 136 8 7 14
124 2693317 136 1 0 2006
125 2693317 136 1 5 496
126 2846988 137 8 10 668
127 2846988 137 10 8 34
128 2846988 137 5 0 8
129 2846988 137 0 7 3
130 2846988 137 4 8 4
131 2862469 139 8 1 504
132 2893997 143 0 7 238
133 2935019 146 10 4 11
134 2935019 146 7 9 50
135 2935019 146 8 4 11
136 2992963 153 8 9 37
137 3144252 154 10 6 575
138 3144252 154 2 7 642
139 3144252 154 8 4 10
140 3144252 154 3 3 28
141 3144252 154 9 5 69
142 3154441 156 2 8 23
143 3340975 160 10 2 843
144 3340975 160 0 5 35
145 3340975 160 6 5 11
146 3340975 160 3 2 843
147 3340975 160 9 3 10
148 3340975 160 9 1 1
149 3340975 160 6 1 1
150 3340975 160 2 3 2
151 3407790 162 5 3 574
152 3407790 162 0 10 15
153 3407790 162 7 0 3799
154 3407790 162 3 6 14
155 3408434 163 4 3 297
156 3450086 168 5 2 15
157 3450086 168 6 2 30
158 3525807 174 2 3 36
159 3591860 177 3 1 25986
160 3600899 180 5 0 216
161 3609224 183 4 0 35
162 3832609 198 1 0 10
163 3832609 198 10 8 11
164 3832609 198 2 4 2
165 3832609 198 9 4 4
166 3832609 198 6 4 2
167 3832609 198 3 5 1
168 3832609 198 6 10 86
169 3848970 202 3 5 21864
170 3927382 209 4 5 39
171 3969180 210 7 3 1
172 3982615 216 9 5 2
173 3997154 217 1 4 27
174 3997154 217 9 5 39
175 4012866 222 0 7 28
176 4114332 229 6 8 118
177 4114332 229 6 7 9
178 4114332 229 0 10 5
179 4114332 229 6 4 17
180 4198378 230 8 6 13
181 4198378 230 0 4 78
182 4361300 233 10 10 9
183 4361300 233 10 5 4
184 4361300 233 6 10 47
185 4361300 233 5 4 5766
186 4361300 233 4 0 7
187 4361300 233 0 1 4
188 4370564 235 2 7 17
189 4434337 237 10 0 18
190 4434337 237 10 6 47
191 4434337 237 10 3 224
192 4461961 239 2 1 9
193 4629627 241 7 0 9
194 4629627 241 4 4 14
195 4629627 241 6 4 14
196 4629627 241 1 5 3364
197 4629627 241 6 5 1682
198 4629627 241 9 8 23
199 4629627 241 4 10 1014
200 4629627 241 1 1 18
201 4629627 241 7 10 1014
202 4629627 241 9 6 1
203 4629627 241 6 2 3905
204 4629627 241 4 6 1
205 4629627 241 3 2 1952
206 4629627 241 9 9 3679
207 4630066 242 8 3 104
208 4639361 244 10 9 11740
209 4669356 255 1 1 42
210 4671640 256 4 0 18
211 4675072 257 6 9 7792
212 4756928 259 9 3 623
213 4756928 259 8 0 89
214 4756928 259 5 7 25
215 4756928 259 2 10 622
216 4756928 259 1 7 25
217 4756928 259 7 8 2025
218 4756928 259 0 1 891
219 4942045 262 3 8 14
220 4942045 262 3 5 2
221 4942045 262 0 9 30
222 4942045 262 3 10 6
223 4942045 262 3 3 1
224 4942045 262 2 4 9
225 4942045 262 8 4 11
226 4942045 262 2 10 12
227 4942045 262 4 1 30
228 4942045 262 2 5 1
229 4942045 262 0 8 21
230 4965197 263 2 10 1524
231 5005080 269 4 8 138
232 5005080 269 4 2 8281
233 5024864 271 1 7 8
234 5094785 285 4 10 220
235 5386722 287 1 7 807
236 5386722 287 5 2 28
237 5386722 287 3 10 15
238 5386722 287 5 8 5
239 5386722 287 3 8 11
240 5386722 287 8 7 1615
241 5386722 287 0 1 6
242 5386722 287 9 4 10
243 5386722 287 8 5 2
244 5386722 287 1 8 5
245 5495558 291 8 0 6
246 5495558 291 5 2 3435
247 5495558 291 3 2 3435
248 5495558 291 10 6 1228
249 5495558 291 2 5 25
250 5495558 291 9 4 89
251 5495558 291 2 2 6871
252 5595323 292 7 0 6
253 5595323 292 4 10 1
254 5595323 292 10 9 529
255 5603360 294 0 5 99583
256 5611072 295 5 4 1
257 5664062 298 1 8 2839
258 5664062 298 1 10 121
259 5664062 298 9 2 37
260 5675550 301 1 6 4864
261 5675550 301 2 5 59
262 5788459 303 0 9 3069
263 5788459 303 3 2 1892
264 5788459 303 4 6 795
265 5788459 303 0 6 397
266 5788459 303 1 8 973
267 5788459 303 0 10 14
268 5857139 304 2 9 58
269 5857139 304 2 5 23
270 5900602 309 3 0 37
271 5930173 311 2 10 76
272 5933361 312 6 10 391
273 6094541 317 9 10 55
274 6094541 317 0 1 14
275 6094541 317 3 4 10
276 6094541 317 0 4 10
277 6094541 317 4 2 565
278 6105472 319 7 10 78
279 6150967 324 0 10 24
280 6169870 327 3 3 686
281 6239035 328 1 3 1
282 6239035 328 4 3 1
283 6239035 328 0 0 1
284 6239035 328 1 8 44
285 6239035 328 10 9 14
286 6239035 328 8 3 2
287 6243474 329 4 7 6
288 6265121 332 2 8 19
289 6285529 335 1 7 96
290 6307992 337 4 0 12758
291 6307992 337 4 10 50
292 6354196 339 7 3 430
293 6354196 339 8 5 95
294 6424248 340 7 1 11
295 6424248 340 5 8 451
296 6424248 340 2 8 1806
297 6424248 340 7 9 15
298 6424248 340 0 0 20
299 6455089 345 7 3 13
300 6482118 350 8 6 14
301 6509645 353 0 8 90
302 6509645 353 0 2 34
303 6514281 355 0 6 29
304 6530533 359 6 9 55
305 6566331 362 5 2 1
306 6566331 362 10 3 357
307 6578990 365 2 3 670
308 6594087 366 9 5 2928
309 6634606 369 2 7 23
310 6634606 369 10 9 168
311 6634606 369 10 3 6
312 6634606 369 1 7 2
313 6702288 370 7 2 9
314 6702288 370 8 8 3
315 6702288 370 1 3 30
316 6702288 370 4 9 46
317 6702288 370 0 5 1
318 6702288 370 6 8 3
319 6720266 379 1 3 2
320 6770035 380 10 8 9844
321 6770035 380 10 6 315
322 6770035 380 10 4 157
323 6792128 386 0 3 488
324 6848124 388 7 0 709
325 6848124 388 7 10 17
326 6848124 388 7 8 88
327 6848124 388 7 5 19
328 7011140 390 8 1 2
329 7011140 390 0 3 1193
330 7011140 390 10 8 767
331 7011140 390 7 6 114
332 7011140 390 9 10 1
333 7011140 390 5 3 2686
334 7011140 390 4 1 2
335 7069256 392 2 2 58
336 7069256 392 5 0 19
337 7069256 392 8 5 2567
338 7276795 395 1 1 24
339 7276795 395 6 9 17890
340 7276795 395 6 0 440
341 7276795 395 5 5 177
342 7276795 395 5 4 1
343 7276795 395 8 2 1
344 7276795 395 4 1 1
345 7291075 396 9 1 405
346 7296243 398 3 9 12
347 7384449 402 2 4 6
348 7384449 402 9 5 65
349 7384449 402 9 3 65
350 7384449 402 9 2 1
351 7384449 402 2 6 88
352 7384449 402 2 0 126
353 7397600 405 2 5 15
354 7440064 407 2 3 139
355 7440064 407 2 4 49
356 7440064 407 2 6 71
357 7580094 409 2 10 15
358 7580094 409 8 9 15
359 7580094 409 6 9 60
360 7580094 409 2 6 1
361 7580094 409 10 7 1
362 7580094 409 8 0 1056
363 7580094 409 5 3 3
364 7580094 409 1 7 15
365 7580094 409 8 8 26
366 7580094 409 10 10 10
367 7580094 409 2 8 120
368 7580094 409 2 4 2
369 7580094 409 10 1 542
370 7580094 409 6 0 528
371 7656233 413 9 8 10548
372 7656233 413 9 2 3014
373 7656233 413 9 3 3
374 7656233 413 9 4 9414
375 7656233 413 2 2 3014
376 7662188 415 6 1 12637
377 7685423 420 6 1 29
378 7685423 420 5 8 36
379 7747222 424 7 6 113
380 7754366 426 5 10 30
381 7996594 428 7 7 1
382 7996594 428 9 9 1
383 7996594 428 0 3 3
384 7996594 428 8 2 2
385 7996594 428 8 5 822
386 7996594 428 10 6 1
387 7996594 428 1 5 822
388 7996594 428 5 1 6684
389 7996594 428 7 5 822
390 7996594 428 4 2 1
391 7996594 428 2 9 5
392 7996594 428 6 8 7
393 7996594 428 0 0 9
394 7996594 428 7 3 3
395 7996594 428 4 8 2
396 7996594 428 5 5 822
397 7996594 428 5 10 4
398 7996594 428 10 1 668
399 7996594 428 5 9 3
400 7996594 428 0 5 822
401 7996594 428 4 6 1
402 8136422 430 10 2 18
403 8136422 430 5 7 17
404 8136422 430 4 6 190
405 8136422 430 1 3 4
406 8136422 430 8 3 8
407 8136422 430 10 3 29
408 8136422 430 7 3 21
409 8170779 435 0 6 24
410 8170779 435 2 6 24
411 8203413 443 6 2 42
412 8220735 445 10 0 208
413 8220735 445 10 6 2
414 8220735 445 8 6 2
415 8227063 447 3 1 17
416 8230119 448 10 1 2
417 8366884 457 6 5 32
418 8366884 457 8 10 5
419 8378686 458 2 4 1978
420 8419813 460 1 1 356
421 8527943 461 8 8 9
422 8527943 461 1 8 9
423 8527943 461 0 6 245
424 8527943 461 4 8 9
425 8527943 461 8 10 1
426 8527943 461 5 5 163
427 8527943 461 1 7 1
428 8527943 461 10 7 1
429 8527943 461 1 6 122
430 8527943 461 7 1 11
431 8537293 463 0 0 22
432 8881632 466 7 7 1
433 8881632 466 0 5 6
434 8881632 466 6 10 2
435 8881632 466 7 5 1
436 8881632 466 4 5 1
437 8881632 466 9 7 1
438 8881632 466 10 0 7
439 8881632 466 5 8 1
440 8881632 466 9 3 1801
441 8881632 466 3 5 1
442 8881632 466 3 10 2
443 8881632 466 3 0 7
444 8881632 466 10 1 2
445 8881632 466 8 2 150
446 8881632 466 1 0 7
447 8881632 466 9 10 12
448 8881632 466 1 8 1
449 8881632 466 4 3 1801
450 8965524 467 10 7 23
451 8965524 467 4 5 5
452 8965524 467 0 3 4
453 8965524 467 4 6 6
454 8965524 467 2 1 1
455 8988552 468 7 10 33231
456 8988552 468 7 1 79
457 8988552 468 7 0 6237
458 8994152 469 6 4 541
459 9012985 471 10 10 2769
460 9012985 471 5 10 923
461 9131521 473 8 8 104
462 9131521 473 3 5 204
463 9131521 473 7 5 68
464 9131521 473 10 3 59
465 9131521 473 4 5 68
466 9131521 473 0 10 1
467 9425780 475 2 1 3
468 9425780 475 10 5 2
469 9425780 475 1 0 6
470 9425780 475 4 3 1
471 9425780 475 1 6 11
472 9425780 475 1 4 1
473 9425780 475 8 9 5
474 9425780 475 2 9 5
475 9425780 475 0 10 10
476 9425780 475 4 6 6
477 9425780 475 8 3 1
478 9425780 475 8 10 5
479 9425780 475 8 1 3
480 9425780 475 1 8 2
481 9425780 475 8 2 3
482 9457492 477 2 9 103
483 9519669 486 6 1 461
484 9536022 487 5 10 202
485 9573172 489 2 0 1571
486 9573172 489 8 10 15052
487 9598499 496 10 3 2626
488 9871346 498 10 8 514
489 9871346 498 1 10 13
490 9871346 498 8 5 175
491 9871346 498 7 0 10
492 9871346 498 4 1 17
493 9871346 498 0 9 1
494 9871346 498 6 0 10
495 9871346 498 10 9 1
496 9871346 498 10 7 7
497 9871346 498 4 7 7
498 9871346 498 9 2 4
499 9871346 498 1 3 1
500 9871346 498 10 3 4
501 9871346 498 4 5 175
502 9871346 498 6 9 1
503 9894223 499 7 4 225
504 9894223 499 7 8 324
505 9916273 504 6 9 296
506 10075107 507 1 7 72
507 10075107 507 0 9 7
508 10075107 507 3 1 1
509 10075107 507 7 10 178
510 10075107 507 0 10 4631
511 10137493 510 6 1 5
512 10137493 510 6 6 71
513 10303694 513 6 9 20
514 10303694 513 0 8 6059
515 10303694 513 2 4 200
516 10303694 513 9 0 1
517 10303694 513 1 6 240
518 10337864 516 2 3 1
519 10356359 525 2 7 173
520 10373201 527 5 0 238
521 10412820 535 6 7 6
522 10419973 537 7 10 11
523 10464168 542 1 7 28344
524 10464168 542 1 0 34
525 10464619 543 7 4 113
526 10467918 545 0 6 7157
527 10490720 547 4 0 5771
528 10556012 551 2 9 4879
529 10565974 552 5 0 76
530 10570269 553 2 2 3
531 10857461 555 3 0 2
532 10857461 555 6 3 202
533 10857461 555 9 4 829
534 10857461 555 6 4 829
535 10857461 555 10 6 47
536 10857461 555 9 6 71
537 10857461 555 3 6 47
538 10857461 555 10 0 4
539 10857461 555 1 6 23
540 10857461 555 10 3 607
541 10857461 555 1 8 7
542 10857461 555 0 6 47
543 10857461 555 9 3 202
544 10857461 555 7 6 47
545 10857461 555 2 5 1
546 10857461 555 8 4 829
547 10857461 555 1 7 14
548 10857461 555 4 0 3
549 10857461 555 8 10 1
550 10857461 555 9 2 1752
551 10962401 556 5 4 4
552 10962401 556 9 10 335
553 10962401 556 10 1 1
554 10962401 556 0 7 15
555 10986467 557 3 3 26
556 10986467 557 3 1 215
557 11027350 560 7 0 10
558 11027350 560 2 2 8
559 11063997 562 10 4 31234
560 11063997 562 10 3 1378
561 11091805 563 10 10 127
562 11091805 563 10 4 100
563 11113494 565 1 10 1219
564 11114814 566 3 6 39
565 11228506 569 5 6 1
566 11228506 569 7 7 1
567 11228506 569 4 6 1
568 11228506 569 3 7 8
569 11228506 569 6 5 1
570 11228506 569 2 9 2
571 11228506 569 7 2 26
572 11228506 569 7 0 26
573 11228506 569 5 10 6
574 11228506 569 8 6 1
575 11231296 572 8 0 9018
576 11256678 575 0 8 15
577 11342668 576 10 10 989
578 11360734 580 0 8 233
579 11435822 583 6 8 46
580 11439427 585 10 3 1425
581 11461376 588 4 3 51
582 11461376 588 4 9 111
583 11481578 591 9 1 1
584 11481578 591 10 1 1
585 11481578 591 6 10 2
586 11488658 593 9 9 1350
587 11512802 599 7 1 186
588 11597988 602 8 9 57
589 11597988 602 6 5 30
590 11597988 602 8 8 3636
591 11635943 606 10 3 161
592 11635943 606 10 8 31
593 11635943 606 10 9 101
594 11635943 606 10 10 996
595 11644283 610 1 3 27
596 11671464 611 1 2 8
597 11671464 611 0 2 43
598 11671464 611 10 6 205
599 11923717 612 6 8 17
600 11923717 612 8 10 5
601 11923717 612 7 3 1
602 11923717 612 3 8 8
603 11923717 612 2 4 80
604 11923717 612 5 9 1
605 11923717 612 10 2 448
606 11923717 612 8 3 1
607 11923717 612 6 4 26
608 11923717 612 0 5 240
609 11923717 612 9 5 120
610 11923717 612 4 2 448
611 11923717 612 3 2 448
612 11923717 612 8 0 713
613 11923717 612 7 6 4
614 11923717 612 5 0 214
615 11923717 612 6 2 448
616 11923717 612 0 9 1
617 11923717 612 6 3 1
618 11923717 612 7 10 5
619 11923717 612 1 5 120
620 11945549 614 6 5 252
621 12183210 616 5 3 20
622 12183210 616 9 0 494
623 12183210 616 0 3 20
624 12183210 616 2 2 1
625 12183210 616 10 7 200
626 12183210 616 8 1 1
627 12183210 616 9 4 1
628 12183210 616 3 1 1
629 12183210 616 3 0 988
630 12183210 616 7 9 2
631 12183210 616 4 9 2
632 12183210 616 1 9 5
633 12183210 616 9 10 1709
634 12183210 616 7 0 494
635 12183210 616 6 2 1
636 12224316 621 2 8 37
637 12231093 624 4 5 2839
638 12231093 624 2 5 2839
639 12264573 626 2 6 1690
640 12264573 626 2 10 96
641 12298343 628 1 5 389
642 12298343 628 1 6 127
643 12383487 633 5 7 3
644 12394837 634 7 7 20
645 12409539 635 5 8 1373
646 12440855 638 2 7 203
647 12591165 644 7 10 1
648 12591165 644 2 7 92
649 12591165 644 0 9 136
650 12591165 644 9 9 54
651 12591165 644 2 0 8
652 12591165 644 1 0 8
653 12591165 644 6 10 1
654 12591165 644 4 6 1
655 12605095 651 5 8 25
656 12608387 653 7 10 4838
657 12618444 659 9 5 5
658 12639657 661 9 0 13
659 12662670 668 5 10 160
660 12863405 671 10 5 30
661 12863405 671 2 3 123
662 12863405 671 4 6 8
663 12863405 671 4 3 61
664 12863405 671 0 7 1
665 12863405 671 9 7 1
666 12863405 671 0 8 5
667 12863405 671 2 6 8
668 12868028 672 10 5 10
669 12903472 675 2 7 2702
670 12903472 675 2 4 30
671 12903472 675 2 9 21
672 12924190 678 6 6 409
673 12924617 679 10 7 6010
674 12947475 681 2 4 1319
675 13106943 683 4 4 3833
676 13106943 683 5 1 25
677 13106943 683 6 8 5
678 13106943 683 4 0 4
679 13106943 683 9 1 25
680 13106943 683 10 0 1
681 13106943 683 2 1 25
682 13106943 683 10 5 1
683 13111276 686 7 1 88
684 13121075 687 5 8 7
685 13235821 690 8 10 16
686 13235821 690 0 8 150
687 13235821 690 4 8 300
688 13305767 692 7 4 19
689 13305767 692 7 3 3329
690 13305767 692 6 7 181
691 13305767 692 10 1 48
692 13328365 693 8 4 80
693 13328365 693 8 6 75
694 13643581 695 7 7 1
695 13643581 695 9 3 4
696 13643581 695 5 8 1
697 13643581 695 9 6 1
698 13643581 695 7 4 1
699 13643581 695 1 9 214
700 13643581 695 2 7 1
701 13643581 695 7 6 2
702 13643581 695 5 1 3
703 13643581 695 6 0 64
704 13643581 695 5 3 4
705 13643581 695 1 7 1
706 13643581 695 0 10 3
707 13643581 695 3 5 7
708 13643581 695 10 2 1587
709 13643581 695 4 7 1
710 13643581 695 8 1 3
711 13643581 695 1 1 3
712 13656435 697 6 6 3138
713 13728341 698 10 6 20
714 13728341 698 10 1 12
715 13728341 698 10 5 51
716 13728341 698 5 8 43
717 13728341 698 5 9 66
718 13728341 698 5 1 3
719 13766423 701 8 9 1
720 13828201 702 3 0 1187
721 13828201 702 3 8 11
722 13828201 702 3 1 61
723 13828201 702 0 0 2375
724 13828201 702 0 6 22
725 13828201 702 4 8 11
726 13890551 703 2 5 40
727 13897231 705 5 5 263
728 13900943 706 2 4 2
729 13943131 710 3 9 22919
730 13943131 710 3 6 32
731 13945292 711 9 10 28
732 13979650 714 10 4 1126
733 14107042 718 10 3 15
734 14107042 718 6 10 2
735 14107042 718 5 7 5
736 14107042 718 6 0 1
737 14107042 718 7 3 15
738 14107042 718 1 7 17
739 14162680 723 6 0 79
740 14162680 723 6 7 16
741 14162680 723 3 0 39
742 14162680 723 3 5 29
743 14162680 723 6 6 66
744 14211682 727 10 0 769
745 14215891 729 1 6 6073
746 14296617 732 7 0 1
747 14296617 732 7 5 26
748 14296617 732 6 8 79
749 14369308 735 9 9 40
750 14369308 735 6 4 76
751 14369308 735 9 0 35
752 14369308 735 6 5 36
753 14374293 736 2 6 1770
754 14420371 739 10 8 67
755 14420371 739 10 3 809
756 14587226 741 10 2 3
757 14587226 741 9 6 5
758 14587226 741 1 0 1089
759 14587226 741 10 9 44
760 14587226 741 10 4 33
761 14587226 741 0 10 110
762 14619009 744 6 8 1133
763 14619009 744 5 0 8
764 14622079 746 6 9 88
765 14653403 749 5 0 33
766 14653403 749 2 7 20
767 14800111 751 3 9 108
768 14800111 751 8 6 55
769 14800111 751 8 9 15
770 14800111 751 1 10 51
771 14800111 751 7 4 13
772 14800111 751 9 4 27
773 14800111 751 6 1 15
774 14800111 751 5 5 12
775 14800111 751 2 0 47
776 14826743 752 8 8 21
777 14864416 755 9 0 195
778 14864416 755 9 8 92
779 14864416 755 9 3 269
780 14905194 757 8 5 578
781 14928115 761 2 5 45
782 15023276 766 3 3 1
783 15023276 766 0 3 1
784 15023276 766 2 6 14
785 15023276 766 0 5 13
786 15023276 766 6 7 3
787 15023276 766 7 7 3
788 15087889 768 0 10 47
789 15087889 768 8 5 373
790 15109038 773 9 10 52
791 15117609 774 7 5 98
792 15166058 780 9 8 6604
793 15166058 780 9 5 34
794 15166058 780 2 1 117
795 15166058 780 1 5 14
796 15210114 792 0 8 118
797 15216660 796 0 10 90
798 15252127 802 5 0 43
799 15252127 802 10 2 4521
800 15252127 802 4 5 18
801 15286104 806 3 0 10
802 15296561 809 0 8 54
803 15300749 812 7 5 958
804 15635247 822 9 8 239
805 15635247 822 3 6 4
806 15635247 822 7 5 52
807 15635247 822 0 9 1
808 15635247 822 3 2 3
809 15635247 822 5 5 26
810 15635247 822 0 10 3
811 15635247 822 8 0 1
812 15635247 822 2 8 3838
813 15635247 822 0 6 4
814 15635247 822 3 7 414
815 15635247 822 10 10 1
816 15635247 822 5 0 16
817 15635247 822 1 4 2
818 15635247 822 6 9 5
819 15635247 822 9 6 4
820 15864535 823 10 9 1
821 15864535 823 9 7 751
822 15864535 823 10 3 2
823 15864535 823 2 0 8
824 15864535 823 8 10 1
825 15864535 823 1 6 1980
826 15864535 823 9 9 1
827 15864535 823 10 0 8
828 15864535 823 10 8 30
829 15864535 823 3 10 1
830 15864535 823 3 2 6
831 15937204 825 6 9 56
832 15937204 825 4 4 187
833 15937204 825 7 8 63
834 15937204 825 10 9 56
835 15952763 829 9 6 347
836 15978414 830 2 1 24
837 15978414 830 8 5 5
838 16031133 833 7 1 62
839 16064828 834 1 0 15
840 16077128 837 6 9 79
841 16123217 843 9 3 39
842 16143216 845 2 7 4
843 16241685 859 6 2 342
844 16241685 859 6 9 148
845 16289228 863 6 0 9
846 16289228 863 6 7 8
847 16444665 864 7 0 3618
848 16444665 864 4 1 14
849 16444665 864 6 7 2
850 16444665 864 4 6 26
851 16444665 864 7 4 17
852 16444665 864 10 7 1
853 16453250 867 2 3 81
854 16465135 870 7 3 46
855 16486243 871 1 9 3
856 16486243 871 5 8 758
857 16486243 871 5 9 3
858 16526212 874 2 6 213
859 16526212 874 2 3 32
860 16570767 884 0 6 33
861 16695714 886 0 1 11
862 16695714 886 3 1 5
863 16695714 886 0 4 1
864 16695714 886 3 4 1
865 16695714 886 1 7 1
866 16695714 886 6 2 82
867 16695714 886 3 8 20
868 16695714 886 2 0 14
869 16697152 887 6 4 158
870 16718242 888 10 5 109
871 16727076 890 8 10 13
872 16844396 894 3 9 35
873 16844396 894 10 3 6
874 16844396 894 3 7 3
875 16917308 896 3 0 1968
876 16917308 896 4 2 38
877 16926215 897 0 6 1763
878 16971769 901 7 2 30
879 16971769 901 0 3 1484
880 17027782 905 2 8 95
881 17084980 907 2 1 116
882 17084980 907 4 6 136
883 17084980 907 4 7 6019
884 17084980 907 4 5 207
885 17111677 910 10 5 3
886 17173845 915 5 10 65
887 17216524 919 0 1 1
888 17216524 919 7 1 9
889 17216524 919 5 1 1
890 17222441 920 6 9 28
891 17222441 920 2 10 8
892 17224621 921 3 9 79
893 17583066 929 9 2 12
894 17583066 929 3 9 4
895 17583066 929 9 3 3
896 17583066 929 0 6 54
897 17583066 929 6 0 655
898 17583066 929 5 10 1
899 17583066 929 10 2 4
900 17583066 929 4 7 2
901 17583066 929 1 6 54
902 17583066 929 10 3 3
903 17583066 929 5 1 2
904 17583066 929 9 5 227
905 17583066 929 9 10 2
906 17583066 929 5 7 18
907 17583066 929 8 7 6
908 17583066 929 2 5 454
909 17751930 930 5 7 10
910 17751930 930 3 4 7804
911 17751930 930 5 8 309
912 17751930 930 2 7 21
913 17751930 930 8 8 309
914 17751930 930 8 2 7
915 17751930 930 3 7 10
916 17751930 930 1 10 683
917 17751930 930 4 2 7
918 17904428 931 3 9 2119
919 17904428 931 5 1 10
920 17904428 931 10 5 349
921 17904428 931 6 9 2119
922 17904428 931 8 0 1056
923 17904428 931 3 4 2727
924 17904428 931 3 10 2703
925 17904428 931 1 1 10
926 17904428 931 4 5 349
927 18005337 932 8 0 2
928 18005337 932 5 6 69
929 18005337 932 8 4 43
930 18005337 932 10 7 10
931 18005337 932 1 7 3
932 18005337 932 7 3 16
933 18005337 932 0 2 1805
934 18005337 932 1 6 4
935 18015649 934 10 1 14278
936 18028933 936 0 4 58
937 18050925 939 3 8 14263
938 18050925 939 9 9 59
939 18067211 940 0 0 266
940 18337617 941 9 6 8
941 18337617 941 4 8 1
942 18337617 941 10 9 1305
943 18337617 941 2 2 5
944 18337617 941 1 4 1
945 18337617 941 9 5 13
946 18337617 941 3 1 384
947 18337617 941 7 7 2
948 18337617 941 0 9 1305
949 18337617 941 0 3 1
950 18337617 941 7 8 6
951 18337617 941 3 9 1305
952 18337617 941 2 7 1
953 18337617 941 4 4 32
954 18337617 941 2 10 18
955 18337617 941 2 3 1
956 18337617 941 5 2 2
957 18337617 941 0 10 18
958 18337617 941 0 7 1
959 18337617 941 4 0 22
960 18337617 941 0 6 34
961 18337617 941 0 8 5
962 18337617 941 4 10 18
963 18350496 947 10 10 71
964 18374894 948 6 6 791
965 18374894 948 0 1 107
966 18415829 952 4 4 55
967 18430950 957 4 9 17
968 18430950 957 8 9 17
969 18697348 967 4 0 9
970 18697348 967 1 7 243
971 18697348 967 1 10 13
972 18697348 967 0 2 15
973 18697348 967 0 5 43
974 18697348 967 5 8 44
975 18697348 967 0 4 14
976 18697348 967 7 0 29
977 18697348 967 5 6 3080
978 18697348 967 4 5 7
979 18722555 970 8 6 37
980 18722555 970 10 4 16
981 18732776 971 0 8 30
982 18757351 972 10 4 228
983 18757351 972 10 6 244
984 18757351 972 10 2 558
985 18808706 973 0 5 2131
986 18808706 973 2 6 19
987 18808706 973 2 0 8
988 18816597 975 8 8 3
989 18841664 979 6 8 3805
990 18841664 979 4 8 1268
991 18851505 980 7 10 306
992 18854849 982 3 10 41
993 18860945 986 1 0 968
994 18908484 993 4 2 94
995 18908484 993 4 7 154
996 18950306 994 5 4 38
997 18950306 994 3 0 6
998 18950306 994 1 1 1
999 18950306 994 7 0 6
