11 334 1000
0 40173 0 1 4 103
1 153323 3 9 1 84
2 153323 3 5 4 3213
3 153323 3 5 10 935
4 153323 3 9 8 18952
5 153323 3 5 7 31
6 177471 4 2 0 15
7 177471 4 5 8 14
8 280263 9 1 3 74
9 280263 9 7 2 19
10 280263 9 1 6 23
11 280263 9 4 3 74
12 280263 9 1 2 19
13 280263 9 4 7 39
14 393441 13 8 4 340
15 393441 13 5 1 530
16 393441 13 8 10 297
17 393441 13 1 8 1
18 393441 13 6 5 13
19 396639 15 3 6 109
20 514725 17 9 10 1
21 514725 17 9 9 658
22 514725 17 0 10 1
23 514725 17 7 1 44
24 514725 17 1 10 1
25 514725 17 9 3 46
26 537049 18 1 9 179
27 537049 18 1 3 19564
28 604186 21 4 9 47
29 604186 21 4 6 290
30 616424 23 5 10 4218
31 616824 24 7 4 6073
32 627878 25 4 0 1977
33 652409 27 10 0 130
34 711136 29 10 5 56
35 711136 29 10 3 99
36 711136 29 2 6 2425
37 730444 31 5 7 2070
38 730444 31 5 6 1
39 778664 37 4 10 4
40 778664 37 3 9 6321
41 778664 37 0 8 6
42 803551 38 7 1 190
43 815689 39 4 5 6
44 815689 39 10 5 6
45 872073 45 1 6 1063
46 906472 50 1 4 745
47 906472 50 9 3 14
48 906472 50 2 0 44
49 1146922 51 2 9 1
50 1146922 51 8 9 1
51 1146922 51 3 7 11
52 1146922 51 0 8 6
53 1146922 51 2 4 15
54 1146922 51 10 7 5
55 1146922 51 3 10 1
56 1146922 51 0 10 1
57 1294154 59 5 1 22
58 1294154 59 8 9 18
59 1294154 59 2 8 1
60 1294154 59 5 2 102
61 1294154 59 1 7 13
62 1294154 59 5 3 63
63 1318149 61 10 4 63
64 1362637 67 1 7 10
65 1373070 68 3 4 3
66 1416452 70 10 8 21
67 1416452 70 3 7 1
68 1416452 70 3 10 99
69 1416452 70 8 8 21
70 1416452 70 4 7 3
71 1604362 75 1 2 778
72 1604362 75 4 7 4
73 1604362 75 0 8 1
74 1604362 75 5 4 8
75 1604362 75 6 9 1
76 1624030 77 10 4 31
77 1624030 77 6 4 52
78 1636614 79 3 3 38
79 1844595 84 3 10 6
80 1844595 84 10 4 10
81 1844595 84 4 1 120
82 1844595 84 7 1 8
83 1844595 84 3 8 1
84 1844595 84 6 4 5
85 1844595 84 7 7 21
86 1844595 84 3 3 8
87 1844595 84 10 0 7
88 1844595 84 4 6 1
89 1894463 89 7 5 6
90 1916565 91 3 2 550
91 1916565 91 0 2 550
92 1929998 93 9 7 13
93 1947526 94 9 5 756
94 2098858 99 0 7 38
95 2098858 99 9 10 3070
96 2289721 102 0 7 3
97 2289721 102 3 2 1451
98 2289721 102 8 7 78
99 2289721 102 6 4 12
100 2289721 102 4 5 14
101 2289721 102 7 10 21
102 2289721 102 5 7 2
103 2289721 102 0 2 483
104 2307955 103 3 5 87
105 2328051 105 1 5 326
106 2416587 108 6 6 7
107 2416587 108 2 5 16
108 2416587 108 4 10 21
109 2416587 108 5 7 4
110 2416587 108 0 6 7
111 2435320 112 3 1 5
112 2515129 118 8 5 16
113 2515481 119 5 8 2988
114 2524120 122 0 1 98
115 2529051 123 10 10 32
116 2529051 123 6 3 7858
117 2539116 124 9 3 28
118 2626707 132 6 0 21
119 2626707 132 6 7 7571
120 2645219 134 8 3 3
121 2645219 134 1 6 1980
122 2693317 136 1 7 22
123 2693317 136 8 4 6084
124 2693317 136 1 9 1
125 2693317 136 8 1 94
126 2846988 137 10 10 222
127 2846988 137 2 0 4
128 2846988 137 9 7 3
129 2846988 137 4 0 56
130 2846988 137 7 10 1559
131 2846988 137 4 8 4
132 2846988 137 3 9 2136
133 2846988 137 2 8 4
134 2846988 137 6 6 2
135 2862469 139 8 1 504
136 2862469 139 2 1 25
137 2893997 143 0 10 7810
138 2893997 143 0 6 85
139 2935019 146 6 3 72
140 2946186 148 0 10 87
141 2972370 151 3 9 3
142 2992963 153 4 9 185
143 3144252 154 6 6 690
144 3144252 154 5 2 498
145 3144252 154 6 4 10
146 3144252 154 9 5 69
147 3144252 154 10 0 2
148 3144252 154 8 9 11
149 3144252 154 0 9 11
150 3144252 154 7 7 642
151 3144252 154 3 9 11
152 3155280 157 4 4 87
153 3340975 160 2 8 613
154 3340975 160 0 4 19
155 3340975 160 3 9 4
156 3340975 160 9 1 1
157 3340975 160 0 3 5
158 3340975 160 10 3 7
159 3340975 160 8 4 9
160 3407790 162 5 10 5
161 3407790 162 3 0 1899
162 3407790 162 5 3 574
163 3407790 162 6 4 92
164 3407790 162 0 1 1445
165 3439252 165 7 4 29
166 3450086 168 2 2 15
167 3476881 170 3 1 57
168 3493285 172 4 2 54
169 3525807 174 6 2 19
170 3525807 174 7 7 14
171 3591860 177 0 8 1073
172 3591860 177 0 2 189
173 3591860 177 3 5 42
174 3591860 177 3 1 25986
175 3591860 177 3 10 393
176 3600899 180 5 0 216
177 3609224 183 4 0 35
178 3617534 184 1 6 21
179 3637947 187 7 1 15
180 3639694 188 4 10 27
181 3832609 198 5 0 5
182 3832609 198 1 2 2
183 3832609 198 0 2 2
184 3832609 198 2 6 334
185 3832609 198 5 4 4
186 3832609 198 8 3 2
187 3832609 198 5 1 9
188 3836732 201 5 5 64
189 3890402 203 8 3 1767
190 3890402 203 8 9 59
191 3890402 203 8 4 1511
192 3890402 203 7 6 48
193 3890402 203 7 9 14
194 3969180 210 1 3 1
195 3969180 210 2 3 1
196 3979221 214 0 7 47
197 4114332 229 0 3 28
198 4114332 229 2 6 55
199 4198378 230 8 0 12
200 4198378 230 8 3 136
201 4198378 230 3 10 5
202 4198378 230 0 6 6
203 4361300 233 8 5 9
204 4361300 233 1 2 4
205 4361300 233 7 7 85
206 4361300 233 6 0 44
207 4361300 233 0 6 26
208 4361300 233 10 7 1
209 4361300 233 6 10 47
210 4361300 233 5 0 7
211 4361300 233 4 4 1153
212 4384186 236 9 6 55
213 4434337 237 4 0 72
214 4434337 237 4 10 82
215 4434337 237 4 7 51
216 4434337 237 10 3 224
217 4461961 239 8 1 9
218 4629627 241 7 9 1226
219 4629627 241 1 6 48
220 4629627 241 1 4 14
221 4629627 241 4 1 6
222 4656798 250 2 9 38
223 4756928 259 8 5 600
224 4942045 262 2 9 15
225 4942045 262 4 3 3
226 4942045 262 4 2 13
227 4942045 262 0 0 19
228 4942045 262 0 7 1
229 4942045 262 8 0 9
230 4980748 267 8 9 312
231 5005080 269 4 8 138
232 5005080 269 4 4 68
233 5005080 269 4 6 99
234 5024864 271 2 7 8
235 5031318 275 0 3 2062
236 5041441 279 6 1 37
237 5041441 279 0 10 162
238 5068310 282 8 7 200
239 5094785 285 4 4 168
240 5094785 285 4 0 5994
241 5386722 287 10 9 1
242 5386722 287 10 10 61
243 5386722 287 9 6 24
244 5386722 287 2 2 3
245 5386722 287 1 3 5
246 5386722 287 7 7 807
247 5386722 287 8 10 7
248 5386722 287 7 6 24
249 5386722 287 7 8 5
250 5386722 287 1 2 3
251 5386722 287 7 0 74
252 5386722 287 10 1 3
253 5386722 287 7 3 17
254 5386722 287 1 5 2
255 5386722 287 0 4 1
256 5386722 287 5 7 807
257 5386722 287 4 5 2
258 5386722 287 4 1 3
259 5386722 287 3 3 23
260 5386722 287 4 3 11
261 5386722 287 6 0 1
262 5495558 291 3 7 111
263 5495558 291 1 9 1096
264 5495558 291 3 6 409
265 5495558 291 9 4 89
266 5595323 292 1 10 2
267 5595323 292 2 10 1
268 5595323 292 8 6 13
269 5595323 292 1 0 6
270 5595323 292 9 8 218
271 5664062 298 1 3 1
272 5664062 298 1 2 37
273 5664062 298 9 0 21
274 5679012 302 2 8 113
275 5788459 303 9 8 649
276 5788459 303 10 2 1892
277 5788459 303 3 9 204
278 5788459 303 3 2 1892
279 5788459 303 1 1 75
280 5788459 303 8 1 25
281 5788459 303 8 0 1
282 5857139 304 3 3 9291
283 5857139 304 3 5 23
284 5857139 304 2 4 11
285 5857139 304 2 5 23
286 5857139 304 2 6 577
287 5900602 309 3 0 37
288 6094541 317 10 4 10
289 6094541 317 4 9 5
290 6094541 317 0 1 14
291 6094541 317 4 7 3013
292 6094541 317 3 4 10
293 6094541 317 0 10 55
294 6094541 317 1 3 109
295 6094541 317 8 5 964
296 6105472 319 6 10 78
297 6150967 324 3 10 24
298 6150967 324 6 5 7
299 6150967 324 2 5 510
300 6239035 328 0 8 44
301 6239035 328 3 9 2
302 6239035 328 7 8 44
303 6239035 328 1 5 297
304 6264581 330 0 3 9862
305 6307992 337 4 8 4762
306 6354196 339 9 5 95
307 6354196 339 8 3 215
308 6424248 340 3 2 3
309 6424248 340 8 3 126
310 6424248 340 5 4 1
311 6424248 340 3 0 20
312 6444812 344 4 7 106
313 6455089 345 7 3 13
314 6465749 347 8 7 80
315 6474134 349 8 6 1136
316 6486402 351 8 1 221
317 6509645 353 0 1 6
318 6509645 353 0 7 193
319 6529221 358 1 8 49
320 6578990 365 2 3 670
321 6634606 369 3 8 28
322 6634606 369 2 9 869
323 6634606 369 1 7 2
324 6634606 369 1 8 28
325 6702288 370 8 2 1
326 6702288 370 3 8 3
327 6702288 370 8 3 10
328 6702288 370 10 8 22
329 6702288 370 4 8 3
330 6702288 370 2 10 11
331 6702288 370 5 9 23
332 6718367 377 9 8 86
333 6770035 380 10 1 100
334 6770035 380 10 3 238
335 6770035 380 10 8 9844
336 6777258 382 4 0 30
337 6777258 382 1 0 15
338 6792128 386 6 3 976
339 6848124 388 7 8 88
340 6848124 388 0 8 3
341 7011140 390 7 5 20
342 7011140 390 9 5 6
343 7011140 390 6 8 767
344 7011140 390 2 3 596
345 7011140 390 10 5 13
346 7011140 390 9 8 2301
347 7069256 392 2 4 427
348 7069256 392 9 0 19
349 7276795 395 6 8 33
350 7276795 395 3 5 177
351 7276795 395 10 7 1
352 7276795 395 10 1 3
353 7276795 395 5 8 66
354 7296243 398 3 9 12
355 7314636 401 5 3 2385
356 7384449 402 9 10 117
357 7384449 402 9 6 88
358 7384449 402 2 3 65
359 7384449 402 2 2 7
360 7384449 402 9 0 2920
361 7410808 406 8 0 35
362 7440064 407 2 1 9
363 7580094 409 6 2 3
364 7580094 409 10 0 1584
365 7580094 409 10 7 1
366 7580094 409 1 10 10
367 7580094 409 6 3 65
368 7580094 409 6 10 15
369 7580094 409 8 6 1
370 7656233 413 9 0 144
371 7656233 413 9 2 3014
372 7656233 413 9 4 9414
373 7685423 420 6 10 64
374 7717387 422 9 7 4
375 7718262 423 3 1 4754
376 7747222 424 7 9 6021
377 7747222 424 7 2 215
378 7996594 428 0 0 9
379 7996594 428 3 7 97
380 7996594 428 3 10 4
381 7996594 428 8 1 7352
382 7996594 428 6 2 1
383 7996594 428 4 1 2673
384 7996594 428 2 4 1
385 7996594 428 2 5 822
386 7996594 428 9 5 822
387 7996594 428 8 10 8
388 7996594 428 10 3 14
389 7996594 428 3 2 2
390 7996594 428 10 1 668
391 8136422 430 10 2 18
392 8136422 430 4 7 17
393 8136422 430 7 8 5
394 8136422 430 5 6 190
395 8136422 430 9 3 8
396 8136422 430 4 6 190
397 8136422 430 2 5 8
398 8136422 430 1 5 16
399 8136422 430 0 3 2
400 8170779 435 7 6 24
401 8176687 437 8 1 4733
402 8203413 443 6 9 43
403 8220735 445 8 0 52
404 8233679 450 10 4 617
405 8243953 452 8 10 147
406 8253840 454 8 8 35
407 8366884 457 5 6 6
408 8366884 457 0 9 13
409 8366884 457 8 4 1
410 8366884 457 7 0 8
411 8366884 457 5 9 13
412 8366884 457 8 10 5
413 8366884 457 7 7 1
414 8419813 460 1 4 4695
415 8419813 460 1 6 9
416 8527943 461 10 9 7
417 8527943 461 5 5 163
418 8527943 461 5 1 22
419 8527943 461 8 10 1
420 8881632 466 6 6 16
421 8881632 466 2 0 7
422 8881632 466 7 2 50
423 8881632 466 8 10 2
424 8881632 466 5 5 1
425 8881632 466 0 9 20
426 8881632 466 8 5 1
427 8881632 466 8 2 150
428 8881632 466 4 3 1801
429 8881632 466 0 0 7
430 8881632 466 6 8 1
431 8881632 466 9 10 12
432 8881632 466 4 7 1
433 8881632 466 10 4 217
434 8881632 466 4 4 434
435 8965524 467 0 9 8
436 8988552 468 7 3 165
437 9012985 471 4 10 7385
438 9036497 472 8 0 14
439 9131521 473 2 5 68
440 9131521 473 4 7 3
441 9131521 473 7 10 5
442 9131521 473 5 2 23
443 9425780 475 6 9 5
444 9425780 475 7 0 1
445 9425780 475 9 6 1
446 9425780 475 4 10 5
447 9425780 475 1 7 9
448 9425780 475 4 3 1
449 9425780 475 0 0 2
450 9425780 475 1 0 6
451 9425780 475 1 3 23
452 9425780 475 3 6 1
453 9425780 475 0 7 4
454 9425780 475 8 4 1
455 9425780 475 2 7 4
456 9425780 475 6 10 10
457 9425780 475 6 5 2
458 9425780 475 7 7 9
459 9425780 475 1 9 5
460 9425780 475 7 3 1
461 9425780 475 4 9 5
462 9425780 475 2 8 2
463 9425780 475 8 9 5
464 9425780 475 10 3 4
465 9425780 475 10 6 1
466 9457492 477 2 9 103
467 9479885 479 5 9 1
468 9500214 483 7 10 8
469 9573172 489 9 9 62
470 9573172 489 0 0 785
471 9573172 489 8 9 31
472 9573172 489 3 5 94
473 9573172 489 9 8 8
474 9573172 489 2 10 7526
475 9581886 491 2 10 39
476 9871346 498 9 1 319
477 9871346 498 0 7 7
478 9871346 498 7 4 50
479 9871346 498 5 6 1
480 9871346 498 9 5 175
481 9871346 498 9 8 514
482 9871346 498 7 8 514
483 9871346 498 3 0 10
484 9871346 498 8 2 4
485 9871346 498 5 7 14
486 9871346 498 2 7 7
487 9871346 498 1 2 56
488 9871346 498 1 9 1
489 9871346 498 6 7 7
490 9871346 498 9 4 50
491 9871346 498 4 8 1028
492 9871346 498 8 7 7
493 9871346 498 10 8 514
494 9894223 499 7 3 51
495 9894223 499 7 0 5705
496 9896999 501 4 8 5123
497 9918355 505 0 7 64
498 10075107 507 10 2 11
499 10075107 507 3 1 1
500 10075107 507 10 4 1429
501 10075107 507 0 9 7
502 10075107 507 4 3 2
503 10075107 507 7 9 43
504 10075107 507 6 4 2858
505 10075107 507 7 4 4287
506 10137493 510 7 8 7
507 10137493 510 7 3 4
508 10303694 513 1 8 5049
509 10303694 513 2 4 200
510 10303694 513 4 3 5
511 10303694 513 2 2 30
512 10303694 513 4 0 1
513 10303694 513 3 2 6
514 10303694 513 1 0 1
515 10303694 513 9 5 690
516 10303694 513 0 4 200
517 10309441 515 10 1 15
518 10337864 516 8 3 12
519 10337864 516 6 3 1
520 10337864 516 0 3 1
521 10343374 519 5 10 44
522 10376343 529 9 9 374
523 10382033 531 3 0 195
524 10382184 532 9 9 7164
525 10419973 537 7 10 11
526 10431786 541 4 3 230
527 10464619 543 7 4 113
528 10467918 545 0 6 7157
529 10490720 547 4 5 7822
530 10490720 547 4 4 109
531 10496693 549 8 5 792
532 10556012 551 3 6 60
533 10578696 554 10 7 2037
534 10857461 555 4 10 197
535 10857461 555 7 3 202
536 10857461 555 2 6 94
537 10857461 555 10 1 95
538 10857461 555 6 3 202
539 10857461 555 7 5 11
540 10857461 555 10 8 7
541 10857461 555 0 9 2
542 10857461 555 5 2 876
543 10857461 555 7 10 4
544 10857461 555 1 5 1
545 10857461 555 1 7 14
546 10857461 555 6 4 829
547 10857461 555 0 4 829
548 10857461 555 6 5 1
549 10857461 555 5 5 1
550 10857461 555 5 7 7
551 10857461 555 3 6 47
552 10857461 555 8 7 7
553 10857461 555 9 8 7
554 10962401 556 5 4 4
555 10962401 556 9 1 1
556 10962401 556 9 7 110
557 10962401 556 3 1 1
558 10986467 557 3 8 1648
559 10986467 557 3 6 36
560 11020397 559 1 0 608
561 11027350 560 3 2 29
562 11091805 563 10 9 33
563 11091805 563 10 6 1067
564 11113494 565 1 3 65
565 11113494 565 1 6 430
566 11228506 569 6 2 170
567 11228506 569 4 6 1
568 11228506 569 9 0 26
569 11228506 569 8 7 1
570 11228506 569 0 10 6
571 11228506 569 7 1 1
572 11241866 573 1 5 19
573 11342668 576 0 3 30
574 11342668 576 1 4 37
575 11342668 576 10 3 30
576 11360734 580 3 8 25
577 11410042 582 4 9 88
578 11410042 582 4 0 2716
579 11439427 585 10 3 1425
580 11461376 588 4 2 98
581 11481578 591 5 10 34
582 11481578 591 2 1 1
583 11481578 591 7 1 1
584 11498718 595 0 9 1
585 11500526 596 9 1 190
586 11512802 599 7 1 186
587 11517665 600 3 8 66
588 11597988 602 8 1 81
589 11597988 602 8 5 30
590 11597988 602 8 6 12
591 11635943 606 10 9 101
592 11635943 606 10 4 1308
593 11671464 611 2 4 117
594 11671464 611 2 2 8
595 11671464 611 3 6 410
596 11671464 611 8 2 17
597 11923717 612 10 1 6
598 11923717 612 2 2 448
599 11923717 612 4 10 5
600 11923717 612 8 1 13
601 11923717 612 6 8 17
602 11923717 612 0 4 26
603 11923717 612 5 10 5
604 11923717 612 3 4 26
605 11923717 612 6 4 26
606 11923717 612 0 3 1
607 11923717 612 3 2 448
608 11923717 612 10 6 3
609 11923717 612 1 7 2539
610 11923717 612 4 6 1
611 11923717 612 0 7 2539
612 11923717 612 0 10 5
613 11923717 612 9 8 8
614 11923717 612 6 2 448
615 11944924 613 3 7 12697
616 11944924 613 3 4 36562
617 12183210 616 7 1 1
618 12183210 616 8 3 20
619 12183210 616 8 5 11051
620 12183210 616 2 1 1
621 12183210 616 0 6 72
622 12183210 616 10 6 36
623 12183210 616 4 9 2
624 12183210 616 9 10 1709
625 12183210 616 8 10 854
626 12183210 616 3 2 3
627 12183210 616 3 9 11
628 12183210 616 1 7 1201
629 12183210 616 4 5 1227
630 12183210 616 5 0 494
631 12183210 616 2 10 854
632 12204026 620 10 8 40
633 12231093 624 2 5 2839
634 12264573 626 2 5 2333
635 12323909 631 7 6 351
636 12323909 631 2 3 144
637 12383487 633 5 5 19724
638 12383487 633 5 6 85
639 12394837 634 7 7 20
640 12412687 636 6 5 1003
641 12424754 637 6 10 40
642 12442083 640 1 0 113
643 12591165 644 3 3 21
644 12591165 644 0 2 152
645 12591165 644 4 10 1
646 12591165 644 8 3 10
647 12591165 644 8 10 22
648 12591165 644 6 8 1817
649 12591165 644 5 10 11
650 12591165 644 7 0 8
651 12601214 647 3 3 1338
652 12601214 647 1 3 1338
653 12608165 652 3 8 767
654 12622824 660 10 7 16605
655 12662670 668 5 8 15767
656 12662670 668 5 10 160
657 12662670 668 5 9 34
658 12663369 669 1 5 24
659 12863405 671 6 4 3355
660 12863405 671 4 7 1
661 12863405 671 5 4 1342
662 12863405 671 4 2 13
663 12863405 671 6 6 41
664 12863405 671 7 4 671
665 12863405 671 1 3 61
666 12863405 671 10 0 1
667 12863405 671 1 0 1
668 12863405 671 7 5 30
669 12863405 671 1 9 17
670 12863405 671 9 4 671
671 12868028 672 10 5 10
672 12870505 673 0 1 956
673 12870505 673 9 1 956
674 12924190 678 8 6 409
675 13106943 683 6 7 548
676 13106943 683 2 9 30
677 13106943 683 4 0 4
678 13106943 683 3 10 16
679 13106943 683 6 10 16
680 13106943 683 7 2 1527
681 13106943 683 0 5 12
682 13106943 683 2 2 1527
683 13106943 683 2 1 25
684 13106943 683 7 10 16
685 13121075 687 10 7 98
686 13121075 687 2 7 41
687 13121682 688 7 4 43
688 13154100 689 8 10 1
689 13235821 690 0 5 4
690 13235821 690 0 9 34
691 13305767 692 7 6 43
692 13331847 694 4 6 1358
693 13643581 695 7 5 28
694 13643581 695 8 3 26
695 13643581 695 3 5 7
696 13643581 695 0 6 38
697 13643581 695 1 9 214
698 13643581 695 7 0 149
699 13643581 695 10 2 1587
700 13643581 695 6 2 1587
701 13643581 695 7 8 1
702 13643581 695 3 9 214
703 13643581 695 5 4 1
704 13643581 695 10 8 1
705 13643581 695 5 9 214
706 13656435 697 2 2 466
707 13728341 698 2 5 3
708 13728341 698 10 7 2
709 13766423 701 9 2 76
710 13828201 702 4 1 5
711 13828201 702 4 9 6
712 13828201 702 4 7 81
713 13828201 702 0 8 88
714 13890551 703 9 6 38
715 13890551 703 9 3 37
716 13890551 703 2 4 57
717 13890551 703 2 9 325
718 13890551 703 2 6 38
719 13943131 710 3 2 96
720 13979650 714 10 4 1126
721 13991279 717 9 7 35
722 14107042 718 1 3 15
723 14107042 718 5 0 1
724 14107042 718 2 9 31
725 14107042 718 10 3 15
726 14117629 722 10 1 2439
727 14162680 723 3 9 11
728 14162680 723 6 6 66
729 14162680 723 3 3 52
730 14183942 724 6 7 124
731 14211682 727 2 7 5
732 14211682 727 8 7 2
733 14225664 731 3 10 2
734 14296617 732 6 5 66
735 14296617 732 0 2 722
736 14296617 732 7 6 7
737 14296617 732 0 0 3
738 14296617 732 4 5 13
739 14296617 732 6 8 79
740 14369308 735 6 3 8
741 14369308 735 6 1 62
742 14369308 735 9 0 35
743 14369308 735 6 9 10
744 14369308 735 9 10 136
745 14369308 735 6 10 8
746 14420371 739 10 4 84
747 14587226 741 4 8 1
748 14587226 741 3 0 544
749 14587226 741 10 4 33
750 14587226 741 3 6 2
751 14587226 741 10 7 2
752 14587226 741 9 2 3
753 14587226 741 1 9 119
754 14587226 741 9 5 11
755 14587226 741 10 0 1634
756 14587226 741 1 1 989
757 14587226 741 4 10 8
758 14619009 744 6 3 1
759 14622713 747 8 5 26
760 14800111 751 2 5 25
761 14800111 751 8 2 2628
762 14800111 751 5 1 15
763 14800111 751 9 9 15
764 14800111 751 1 8 1
765 14800111 751 1 6 167
766 14800111 751 3 10 17
767 14800111 751 9 4 27
768 14800111 751 10 3 242
769 14800111 751 10 2 15409
770 14800111 751 6 10 17
771 14800111 751 3 8 1
772 14800111 751 9 2 119
773 14826743 752 0 0 717
774 14826743 752 8 9 5
775 14864416 755 9 9 56
776 14864416 755 9 6 4
777 14905194 757 8 1 38
778 14915589 759 10 3 11
779 14917529 760 5 0 1472
780 14928115 761 4 5 45
781 14933572 763 6 4 34
782 15023276 766 1 6 172
783 15023276 766 7 5 41
784 15023276 766 3 3 1
785 15087889 768 0 3 102
786 15087889 768 0 10 47
787 15117609 774 7 5 98
788 15166058 780 2 1 117
789 15198942 788 10 8 200
790 15209692 791 7 1 1
791 15213534 795 3 7 39
792 15241854 798 4 6 33
793 15241854 798 4 8 632
794 15252127 802 5 2 4521
795 15275249 804 4 8 8560
796 15297691 811 6 2 58
797 15635247 822 3 4 1
798 15635247 822 4 6 8
799 15635247 822 6 2 3
800 15635247 822 8 2 3
801 15635247 822 8 9 9
802 15635247 822 4 0 3
803 15635247 822 5 9 3
804 15635247 822 2 6 8
805 15635247 822 7 2 12
806 15635247 822 6 10 1
807 15635247 822 8 6 4
808 15635247 822 10 8 239
809 15635247 822 7 0 1
810 15635247 822 6 9 5
811 15864535 823 2 10 1
812 15864535 823 5 9 1
813 15864535 823 2 0 8
814 15864535 823 2 3 1
815 15864535 823 1 6 1980
816 15864535 823 1 5 4195
817 15864535 823 3 9 1
818 15864535 823 2 8 5
819 15864535 823 2 7 751
820 15864535 823 3 8 10
821 15864535 823 10 2 12
822 15937204 825 5 8 63
823 15937204 825 7 9 18
824 15937204 825 0 2 27
825 15978414 830 2 1 24
826 15980784 832 1 1 30673
827 16031133 833 7 9 12629
828 16064828 834 9 9 14
829 16064828 834 2 5 908
830 16081149 838 5 0 8530
831 16082149 839 8 3 4
832 16118407 842 1 7 25
833 16118407 842 1 6 11325
834 16143216 845 10 7 4
835 16143216 845 4 7 9
836 16162869 846 5 3 96
837 16162869 846 5 6 89
838 16173750 851 0 6 15
839 16184994 855 2 0 234
840 16216644 857 9 6 9641
841 16266338 861 3 8 8
842 16266338 861 3 7 1201
843 16289228 863 6 9 792
844 16444665 864 0 5 30
845 16444665 864 6 7 2
846 16444665 864 9 9 105
847 16444665 864 5 9 35
848 16444665 864 4 5 15
849 16444665 864 10 5 15
850 16445097 865 4 2 165
851 16453250 867 7 3 60
852 16453250 867 2 3 81
853 16465135 870 7 3 46
854 16526212 874 2 1 40
855 16568271 881 6 2 1685
856 16568271 881 2 2 561
857 16569131 882 9 2 223
858 16570712 883 1 6 102
859 16695714 886 7 7 8
860 16695714 886 0 1 11
861 16695714 886 5 4 25
862 16695714 886 6 4 1
863 16695714 886 0 4 1
864 16695714 886 5 6 555
865 16695714 886 3 4 1
866 16695714 886 10 7 1
867 16697152 887 6 4 158
868 16718242 888 10 8 196
869 16718242 888 10 5 109
870 16735071 892 10 7 320
871 16844396 894 6 2 5
872 16844396 894 7 5 4
873 16844396 894 0 2 11
874 16844396 894 2 5 30
875 16844396 894 5 1 19
876 16844396 894 9 10 33
877 16844396 894 0 8 1
878 16844396 894 7 7 1
879 16844396 894 6 5 2
880 16844396 894 3 9 35
881 16844396 894 10 8 1
882 16917308 896 10 10 16
883 16917308 896 1 3 1586
884 16917308 896 8 3 3173
885 16951983 899 6 10 114
886 16951983 899 6 7 61
887 17009307 903 1 1 7
888 17084980 907 4 1 233
889 17134564 911 9 0 682
890 17134564 911 8 0 1365
891 17134564 911 10 0 682
892 17134564 911 2 0 682
893 17162244 913 10 2 38
894 17216524 919 2 1 1
895 17292803 926 7 7 22675
896 17292803 926 7 5 9235
897 17292803 926 7 1 61
898 17292803 926 7 10 8973
899 17583066 929 1 1 3
900 17583066 929 5 8 4
901 17583066 929 4 6 54
902 17583066 929 1 2 12
903 17583066 929 1 8 4
904 17583066 929 7 10 1
905 17583066 929 0 1 2
906 17583066 929 2 0 2
907 17583066 929 9 10 2
908 17583066 929 7 3 3
909 17583066 929 6 1 3
910 17583066 929 2 2 8
911 17583066 929 8 8 9
912 17583066 929 9 2 12
913 17583066 929 10 0 10
914 17751930 930 2 6 13
915 17751930 930 8 7 10
916 17751930 930 10 0 7476
917 17751930 930 10 10 683
918 17751930 930 1 2 43
919 17751930 930 1 6 13
920 17751930 930 5 9 71
921 17751930 930 1 0 2492
922 17751930 930 5 1 43
923 17751930 930 9 7 31
924 17751930 930 0 7 10
925 17751930 930 6 10 1367
926 17751930 930 0 2 7
927 17751930 930 5 4 2601
928 17904428 931 7 1 10
929 17904428 931 7 5 2443
930 17904428 931 5 1 10
931 17904428 931 0 7 6
932 17904428 931 3 2 81995
933 17904428 931 4 1 10
934 17904428 931 8 8 4
935 17904428 931 10 8 16
936 17904428 931 0 6 17
937 17904428 931 0 4 909
938 18005337 932 2 8 6
939 18005337 932 4 8 67
940 18005337 932 5 6 69
941 18005337 932 8 8 6
942 18005337 932 5 3 13
943 18005337 932 10 6 4
944 18005337 932 7 2 3611
945 18005337 932 0 10 23
946 18005337 932 6 8 20
947 18005337 932 3 3 3
948 18005337 932 7 10 23
949 18007825 933 9 6 7857
950 18015649 934 8 7 122
951 18067211 940 0 0 266
952 18067211 940 0 10 1313
953 18067211 940 0 6 15144
954 18067211 940 0 7 99809
955 18337617 941 7 3 1
956 18337617 941 1 7 1
957 18337617 941 1 9 2610
958 18337617 941 0 9 1305
959 18337617 941 2 3 1
960 18337617 941 3 5 13
961 18337617 941 10 7 2
962 18337617 941 0 4 3
963 18337617 941 10 8 1
964 18337617 941 3 6 2
965 18337617 941 10 10 36
966 18348818 946 1 9 112
967 18374894 948 8 4 5
968 18416960 954 10 1 315
969 18419588 955 7 4 6343
970 18469137 959 10 3 152
971 18469137 959 10 9 43
972 18497147 961 1 5 343
973 18497147 961 2 5 687
974 18497147 961 8 5 343
975 18497147 961 7 5 2407
976 18697348 967 1 3 4
977 18697348 967 0 5 43
978 18697348 967 4 2 15
979 18697348 967 7 7 243
980 18697348 967 1 1 369
981 18697348 967 6 10 27
982 18697348 967 1 5 7
983 18732776 971 1 8 30
984 18732776 971 10 8 30
985 18808706 973 2 2 3
986 18808706 973 0 0 2
987 18808706 973 2 8 1312
988 18808706 973 0 6 19
989 18808706 973 2 9 112
990 18816597 975 10 8 1
991 18816597 975 6 8 1
992 18841664 979 4 7 105
993 18908484 993 4 1 115
994 18908484 993 4 3 13014
995 18950306 994 10 0 3
996 18950306 994 10 5 81
997 18950306 994 2 1 1
998 18957936 995 5 6 518
999 18993175 999 8 2 26
