11 356 1000
0 60259 0 9 5 6
1 64146 2 0 10 1004
2 229985 3 9 6 284
3 229985 3 5 5 113
4 229985 3 5 1 14
5 420395 9 1 8 2
6 420395 9 4 4 2
7 420395 9 7 6 23
8 420395 9 1 3 74
9 420395 9 4 0 7
10 420395 9 4 9 7
11 420395 9 1 5 35
12 446073 10 8 1 870
13 590162 13 7 10 99
14 590162 13 6 4 340
15 590162 13 5 1 530
16 590162 13 1 4 340
17 590162 13 8 8 1
18 772087 17 1 8 1
19 772087 17 7 4 12
20 772087 17 10 7 2
21 772087 17 2 5 100
22 772087 17 6 9 1976
23 772087 17 1 10 1
24 772087 17 3 1 44
25 772087 17 1 7 17
26 772087 17 3 8 6
27 772087 17 5 4 12
28 772087 17 0 7 2
29 772087 17 2 2 8942
30 772087 17 3 5 16
31 805574 18 1 10 164
32 805574 18 1 5 253
33 906279 21 4 7 86
34 906279 21 3 6 41
35 906279 21 3 4 45
36 906279 21 4 1 31
37 906279 21 3 10 68
38 978614 27 3 0 130
39 1066704 29 2 7 377
40 1066704 29 10 7 2267
41 1074916 30 6 6 11
42 1113884 35 7 10 74
43 1205327 38 10 5 110
44 1223533 39 0 5 34
45 1272999 41 10 4 238
46 1272999 41 10 9 75
47 1302430 44 1 6 217
48 1302430 44 1 8 59
49 1359708 50 10 4 2237
50 1720383 51 5 8 1
51 1720383 51 9 2 5
52 1720383 51 2 7 5
53 1720383 51 8 0 21
54 1720383 51 10 10 1
55 1720383 51 0 3 107
56 1720383 51 9 6 5
57 1720383 51 7 0 21
58 1720383 51 9 1 15
59 1720383 51 2 6 1
60 1720383 51 2 10 1
61 1720383 51 0 2 10
62 1720383 51 3 0 10
63 1720383 51 5 6 1
64 1723105 52 9 4 249
65 1748578 56 5 6 86
66 1941231 59 1 6 19
67 1941231 59 2 9 18
68 1941231 59 2 1 67
69 1941231 59 1 4 1
70 1941231 59 5 5 28
71 1995903 64 2 6 218
72 2000287 65 7 7 118
73 2043927 66 0 1 84
74 2124678 70 10 8 21
75 2178766 72 6 1 5
76 2178766 72 6 6 108
77 2187366 74 3 7 8
78 2406543 75 8 5 115
79 2406543 75 9 7 1
80 2406543 75 3 8 1
81 2406543 75 2 1 591
82 2406543 75 10 9 1
83 2406543 75 6 8 68
84 2406543 75 6 0 11
85 2406543 75 3 1 591
86 2406543 75 0 7 1
87 2408793 76 9 3 98
88 2436046 77 8 4 21
89 2766893 84 2 5 71
90 2766893 84 7 7 21
91 2766893 84 3 6 1
92 2766893 84 10 6 1
93 2766893 84 4 8 3
94 2766893 84 6 4 5
95 2766893 84 6 0 15
96 2767711 85 8 6 404
97 2788358 88 9 6 10
98 2921290 94 5 5 756
99 2981259 97 3 9 3687
100 3148288 99 7 5 5
101 3148288 99 0 7 38
102 3156691 101 10 8 35
103 3434582 102 2 7 1
104 3434582 102 1 6 1
105 3434582 102 5 6 1
106 3434582 102 0 2 483
107 3434582 102 8 6 31
108 3434582 102 9 6 7
109 3461933 103 0 5 6
110 3484574 104 4 3 2306
111 3484574 104 4 4 19491
112 3624880 108 8 0 226
113 3624880 108 0 0 226
114 3624880 108 0 7 4
115 3624880 108 6 4 68
116 3642359 110 3 3 4665
117 3642359 110 3 5 196
118 3642359 110 3 9 116
119 3657547 114 6 9 34
120 3662973 115 10 6 95
121 3695097 116 2 1 6
122 3695097 116 2 3 15961
123 3730696 117 0 2 132816
124 3730696 117 0 0 125
125 3772694 118 0 2 55
126 3893558 127 0 1 237
127 4039975 136 1 0 2006
128 4039975 136 1 9 1
129 4039975 136 8 6 21
130 4039975 136 8 10 32
131 4270483 137 9 0 4
132 4270483 137 6 0 4
133 4270483 137 10 7 3
134 4270483 137 3 0 8
135 4270483 137 5 0 8
136 4270483 137 4 1 25
137 4293704 139 7 1 25
138 4340995 143 0 2 200
139 4340995 143 0 1 26
140 4349444 145 5 4 231
141 4402529 146 10 4 11
142 4405169 147 9 6 19051
143 4419279 148 2 10 21
144 4419279 148 1 10 43
145 4453768 150 2 4 17932
146 4716379 154 3 8 261
147 4716379 154 1 0 2
148 4716379 154 8 0 6
149 4716379 154 2 10 2
150 4716379 154 2 2 249
151 4716379 154 7 3 56
152 4718714 155 1 7 3
153 4743515 158 5 2 59
154 5011463 160 3 9 4
155 5011463 160 9 3 10
156 5011463 160 4 3 2
157 5011463 160 10 7 293
158 5011463 160 1 3 2
159 5011463 160 6 1 1
160 5011463 160 9 2 210
161 5111686 162 7 0 3799
162 5111686 162 7 6 44
163 5111686 162 10 3 382
164 5111686 162 5 10 5
165 5111686 162 3 4 15
166 5158878 165 7 4 29
167 5175129 168 8 2 30
168 5216163 171 4 8 604
169 5239928 172 7 8 29
170 5288710 174 9 2 9
171 5288710 174 5 2 9
172 5387791 177 3 7 17
173 5387791 177 0 6 344
174 5387791 177 3 2 1
175 5387791 177 0 8 1073
176 5437430 186 8 0 11839
177 5523359 193 5 3 108
178 5537853 196 9 4 86
179 5748914 198 5 1 9
180 5748914 198 8 5 1
181 5748914 198 4 1 4
182 5748914 198 5 5 1
183 5748914 198 10 5 1
184 5748914 198 2 6 334
185 5748914 198 1 8 11
186 5748914 198 3 4 2
187 5748914 198 3 5 1
188 5748914 198 8 0 5
189 5773455 202 3 0 194
190 5773455 202 3 5 21864
191 5835603 203 7 6 48
192 5839090 204 9 0 97
193 5953770 210 4 3 1
194 5953770 210 1 3 1
195 5953770 210 7 3 1
196 5973923 216 9 5 2
197 5995731 217 8 5 78
198 6044744 224 3 4 238
199 6067154 228 9 2 15
200 6171498 229 6 0 10
201 6171498 229 0 4 17
202 6171498 229 2 9 74
203 6171498 229 2 1 1
204 6171498 229 6 4 17
205 6297568 230 0 9 29
206 6297568 230 8 6 13
207 6297568 230 8 0 12
208 6541950 233 4 4 1153
209 6541950 233 1 2 4
210 6541950 233 1 3 4
211 6541950 233 4 1 39
212 6541950 233 0 7 1
213 6541950 233 6 3 5
214 6541950 233 0 5 1
215 6651505 237 10 7 51
216 6651505 237 4 8 53
217 6651505 237 10 9 11
218 6692941 239 2 1 9
219 6944440 241 9 9 3679
220 6944440 241 6 6 1
221 6944440 241 4 9 1226
222 6944440 241 3 3 1
223 6944440 241 1 0 9
224 6944440 241 1 10 1014
225 6944440 241 3 7 55
226 6944440 241 3 9 1226
227 6959041 244 2 1 1
228 6972210 246 7 0 7
229 6982884 249 5 5 21
230 6985197 250 3 9 15
231 6995392 253 0 6 55
232 7004035 255 1 1 42
233 7135392 259 1 7 25
234 7135392 259 10 3 623
235 7135392 259 0 8 2025
236 7413068 262 4 9 15
237 7413068 262 9 4 1
238 7413068 262 2 2 6
239 7413068 262 0 9 30
240 7413068 262 2 4 9
241 7413068 262 0 2 13
242 7413068 262 9 9 15
243 7413068 262 8 7 1
244 7413068 262 4 2 13
245 7413068 262 2 9 15
246 7413068 262 3 8 14
247 7413068 262 8 6 43
248 7447796 263 4 10 1524
249 7471123 267 8 9 312
250 7507620 269 4 0 22
251 7507620 269 4 5 39
252 7542918 272 1 5 106
253 7544989 273 6 9 4
254 7546977 275 0 3 2062
255 7602465 282 8 10 44
256 7642178 285 4 3 17
257 7642178 285 4 4 168
258 7642178 285 4 8 94
259 8080084 287 4 5 2
260 8080084 287 3 2 3
261 8080084 287 7 7 807
262 8080084 287 10 4 1
263 8080084 287 0 3 11
264 8080084 287 7 0 74
265 8080084 287 2 1 3
266 8080084 287 3 10 15
267 8080084 287 2 10 30
268 8080084 287 9 5 2
269 8080084 287 0 0 3
270 8080084 287 6 2 3
271 8080084 287 2 2 3
272 8080084 287 7 3 17
273 8243337 291 8 0 6
274 8243337 291 10 9 365
275 8243337 291 9 5 25
276 8243337 291 6 7 333
277 8243337 291 7 3 211
278 8243337 291 6 9 731
279 8243337 291 5 0 3
280 8243337 291 7 1 1536
281 8243337 291 6 6 409
282 8243337 291 5 2 3435
283 8243337 291 6 0 3
284 8243337 291 0 0 33
285 8243337 291 4 8 8
286 8392985 292 3 10 3
287 8392985 292 10 9 529
288 8392985 292 2 1 197
289 8392985 292 8 1 1776
290 8392985 292 1 8 1090
291 8424782 296 4 7 61
292 8496093 298 1 3 1
293 8496093 298 1 4 9674
294 8509576 300 10 1 1505
295 8682688 303 4 8 324
296 8682688 303 2 7 1
297 8682688 303 1 7 3
298 8682688 303 8 0 1
299 8682688 303 3 10 14
300 8682688 303 8 10 14
301 8682688 303 4 7 3
302 8682688 303 3 7 1
303 8785709 304 2 7 8
304 8815134 307 4 4 476
305 8866502 310 10 6 6
306 9141812 317 8 7 2009
307 9141812 317 7 2 1697
308 9141812 317 5 5 5789
309 9141812 317 5 10 55
310 9254806 327 1 3 3434
311 9358552 328 2 9 2
312 9358552 328 6 3 1
313 9358552 328 0 3 1
314 9358552 328 9 9 2
315 9365212 329 4 7 6
316 9396872 330 0 1 1349
317 9403485 334 6 9 105
318 9461988 337 4 2 67
319 9531294 339 8 3 215
320 9531294 339 9 5 95
321 9531294 339 0 5 190
322 9531294 339 9 3 1290
323 9531294 339 8 5 95
324 9531294 339 6 3 215
325 9636372 340 6 2 7
326 9711201 349 8 6 1136
327 9764468 353 0 4 219
328 9849496 362 3 2 2
329 9865320 363 4 4 31
330 9891131 366 7 2 23
331 9891131 366 7 9 52
332 9951910 369 1 8 28
333 9951910 369 2 7 23
334 9951910 369 6 0 34
335 9951910 369 1 7 2
336 10053432 370 2 5 1
337 10053432 370 1 10 35
338 10053432 370 8 2 1
339 10053432 370 3 5 8
340 10053432 370 8 8 3
341 10053432 370 0 8 6
342 10073683 375 9 0 228
343 10080400 379 3 3 2
344 10155053 380 10 7 110
345 10165887 382 4 0 30
346 10272187 388 0 10 199
347 10272187 388 0 7 60
348 10272187 388 7 2 3
349 10279434 389 6 2 16284
350 10516710 390 1 3 298
351 10516710 390 6 7 6
352 10516710 390 9 5 6
353 10516710 390 0 3 1193
354 10516710 390 4 5 20
355 10516710 390 10 5 13
356 10516710 390 5 7 3
357 10516710 390 8 7 38
358 10516710 390 10 6 459
359 10516710 390 7 5 20
360 10516710 390 8 1 2
361 10516710 390 0 0 14
362 10915192 395 8 3 10
363 10915192 395 8 8 33
364 10915192 395 0 5 177
365 10915192 395 9 0 440
366 10915192 395 3 6 54
367 10915192 395 5 5 177
368 10915192 395 4 6 13
369 10915192 395 9 5 532
370 10944365 398 9 9 103
371 10952314 399 5 7 15502
372 10960527 400 2 6 38920
373 10971954 401 10 3 1192
374 11076673 402 2 3 65
375 11076673 402 2 2 7
376 11082000 404 5 0 21
377 11160097 407 2 2 73
378 11160097 407 2 10 6135
379 11160814 408 2 8 119
380 11370141 409 6 6 1
381 11370141 409 2 9 45
382 11370141 409 1 5 797
383 11370141 409 10 1 542
384 11484350 413 9 0 144
385 11484350 413 2 3 25
386 11484350 413 9 9 16
387 11508449 419 3 8 77
388 11508449 419 6 1 60
389 11528135 420 9 1 29
390 11528135 420 6 10 64
391 11576080 422 6 2 4553
392 11620833 424 7 5 282
393 11620833 424 7 9 6021
394 11994892 428 1 10 12
395 11994892 428 0 8 7
396 11994892 428 2 1 668
397 11994892 428 3 7 97
398 11994892 428 3 8 2
399 11994892 428 7 5 822
400 11994892 428 3 3 3
401 11994892 428 2 8 2
402 11994892 428 7 10 4
403 11994892 428 5 7 1
404 11994892 428 3 2 2
405 11994892 428 1 6 1
406 11994892 428 0 2 2
407 11994892 428 6 7 1
408 11994892 428 1 2 17
409 11994892 428 3 10 4
410 11994892 428 4 4 4
411 11994892 428 2 6 1
412 12204633 430 4 7 17
413 12204633 430 0 10 2
414 12204633 430 7 4 3
415 12204633 430 10 4 3
416 12204633 430 0 8 2
417 12204633 430 4 1 7361
418 12204633 430 1 5 16
419 12204633 430 3 6 190
420 12204633 430 10 3 29
421 12204633 430 2 0 2
422 12230212 434 3 2 37
423 12305120 443 6 9 43
424 12305120 443 6 4 108
425 12305120 443 6 10 95
426 12381379 455 5 0 30
427 12550326 457 7 1 3
428 12550326 457 1 0 25
429 12550326 457 0 7 1
430 12550326 457 10 7 10
431 12550326 457 6 9 40
432 12550326 457 10 10 5
433 12550326 457 8 7 1
434 12550326 457 8 10 5
435 12550326 457 1 5 64
436 12550326 457 6 5 32
437 12550326 457 7 0 8
438 12550326 457 1 10 5
439 12568029 458 3 6 11201
440 12791915 461 6 10 1
441 12791915 461 2 7 147
442 12791915 461 10 10 1
443 12791915 461 1 7 1
444 12791915 461 9 6 122
445 12792902 462 10 3 3197
446 13322449 466 1 0 7
447 13322449 466 8 6 4
448 13322449 466 2 1 5
449 13322449 466 2 4 652
450 13322449 466 1 3 3602
451 13322449 466 6 1 2
452 13322449 466 9 0 7
453 13322449 466 10 9 4
454 13322449 466 2 0 7
455 13322449 466 7 0 15
456 13322449 466 6 7 1
457 13322449 466 3 5 1
458 13322449 466 1 7 1
459 13322449 466 0 8 1
460 13322449 466 4 5 1
461 13322449 466 6 8 1
462 13322449 466 5 1 2
463 13448287 467 5 0 430
464 13448287 467 2 5 86
465 13448287 467 9 0 3875
466 13448287 467 2 7 5
467 13482828 468 7 0 6237
468 13482828 468 7 9 22
469 13519477 471 10 10 2769
470 13519477 471 1 10 923
471 13554746 472 3 0 7
472 13697281 473 8 2 15
473 13697281 473 2 7 26
474 13697281 473 2 2 23
475 13697281 473 4 8 52
476 13697281 473 7 9 2
477 13697281 473 5 3 14
478 13697281 473 10 10 1
479 13697281 473 3 6 5
480 13697281 473 0 2 7
481 14138670 475 8 1 3
482 14138670 475 6 3 1
483 14138670 475 9 7 9
484 14138670 475 8 9 5
485 14138670 475 5 10 25
486 14138670 475 9 4 1
487 14138670 475 6 7 85
488 14138670 475 4 10 5
489 14138670 475 6 4 1
490 14186239 477 2 5 349
491 14186239 477 2 3 89
492 14219828 479 7 9 1
493 14219828 479 6 9 1
494 14238810 481 5 10 87
495 14252084 484 3 10 209
496 14253074 485 2 0 117
497 14279504 486 6 3 91
498 14304033 487 5 10 202
499 14304033 487 5 8 1304
500 14359759 489 0 4 48
501 14359759 489 8 10 15052
502 14383475 492 8 7 3095
503 14807019 498 0 1 53
504 14807019 498 1 10 13
505 14807019 498 10 2 4
506 14807019 498 8 4 50
507 14807019 498 3 4 50
508 14807019 498 0 5 1579
509 14807019 498 2 3 1
510 14807019 498 8 5 175
511 14807019 498 3 5 526
512 14807019 498 1 4 50
513 14841335 499 7 8 324
514 14874410 504 10 3 26
515 14874410 504 6 9 296
516 15112661 507 1 8 52
517 15112661 507 0 3 2
518 15112661 507 1 10 178
519 15112661 507 4 4 1429
520 15112661 507 5 1 2
521 15112661 507 10 6 3
522 15112661 507 0 9 7
523 15206240 510 7 9 1
524 15206240 510 6 1 5
525 15206240 510 6 5 3
526 15455542 513 0 6 80
527 15455542 513 5 10 18
528 15455542 513 7 2 42
529 15455542 513 3 2 6
530 15455542 513 5 7 35
531 15455542 513 4 7 11
532 15455542 513 10 1 5
533 15455542 513 2 4 200
534 15506796 516 9 3 1
535 15507275 517 3 10 33396
536 15522516 521 1 4 152
537 15539834 526 3 2 56
538 15559801 527 5 0 238
539 15567298 530 3 10 50
540 15633421 538 4 8 3
541 15736080 547 4 3 33039
542 15736080 547 4 1 2357
543 15736080 547 4 8 25
544 15736080 547 4 10 15
545 15736080 547 4 7 18
546 15848962 552 10 0 76
547 16286192 555 5 9 2
548 16286192 555 10 10 2
549 16286192 555 5 6 23
550 16286192 555 10 8 7
551 16286192 555 1 10 1
552 16286192 555 6 1 191
553 16286192 555 4 6 47
554 16286192 555 3 6 47
555 16286192 555 7 4 829
556 16286192 555 10 1 95
557 16286192 555 8 0 4
558 16286192 555 1 2 876
559 16286192 555 10 4 829
560 16286192 555 0 3 202
561 16286192 555 5 8 7
562 16443602 556 8 10 335
563 16443602 556 8 0 1
564 16443602 556 9 5 3164
565 16443602 556 0 0 1
566 16443602 556 10 0 11
567 16479701 557 3 5 64
568 16479701 557 3 9 238
569 16560563 561 7 10 28
570 16637708 563 10 2 11
571 16670241 565 1 7 39
572 16842760 569 3 9 2
573 16842760 569 7 2 26
574 16842760 569 9 0 26
575 16842760 569 4 10 73
576 16842760 569 9 6 87
577 16867934 574 8 5 178
578 16885018 575 6 8 15
579 16885018 575 1 8 15
580 17037818 579 3 0 57
581 17115063 582 4 8 66
582 17153733 583 6 3 83
583 17153733 583 6 7 1421
584 17165782 587 5 1 31
585 17192716 589 4 5 342
586 17205758 590 3 9 2305
587 17222367 591 8 10 2
588 17222367 591 5 10 34
589 17222367 591 0 1 40
590 17222367 591 9 1 1
591 17232987 593 9 9 1350
592 17255784 598 4 6 39008
593 17269203 599 7 1 186
594 17396983 602 8 10 2547
595 17396983 602 8 5 30
596 17396983 602 6 0 4869
597 17402030 604 9 6 322
598 17404264 605 4 6 53
599 17453915 606 10 6 184
600 17507196 611 5 6 4930
601 17507196 611 8 8 990
602 17885576 612 7 2 448
603 17885576 612 7 4 26
604 17885576 612 10 7 2539
605 17885576 612 6 9 3
606 17885576 612 3 4 26
607 17885576 612 2 2 448
608 17885576 612 10 8 26
609 17885576 612 4 5 120
610 17885576 612 0 3 1
611 17885576 612 10 5 3603
612 17885576 612 4 8 17
613 17885576 612 8 10 5
614 17885576 612 3 2 448
615 17885576 612 5 4 80
616 17885576 612 0 0 142
617 17885576 612 8 3 1
618 17885576 612 1 2 897
619 17885576 612 10 0 142
620 17885576 612 2 10 5
621 17924630 615 2 7 39103
622 18274816 616 4 9 2
623 18274816 616 2 6 72
624 18274816 616 0 0 1977
625 18274816 616 3 10 854
626 18274816 616 5 0 494
627 18274816 616 3 2 3
628 18274816 616 5 6 72
629 18274816 616 0 4 1
630 18274816 616 1 2 1
631 18274816 616 5 4 3
632 18274816 616 5 2 1
633 18274816 616 9 2 1
634 18274816 616 0 3 20
635 18274816 616 9 1 1
636 18274816 616 8 5 11051
637 18274816 616 3 1 1
638 18274816 616 8 0 6921
639 18274816 616 1 0 1483
640 18274816 616 8 6 36
641 18274816 616 3 9 11
642 18274816 616 10 7 200
643 18274816 616 4 6 72
644 18274816 616 10 8 6
645 18336475 621 6 8 18
646 18336475 621 10 8 18
647 18339265 623 5 1 96
648 18346639 624 2 5 2839
649 18349701 625 2 0 34
650 18396860 626 2 2 106
651 18447515 628 1 9 181
652 18447515 628 1 3 228
653 18447515 628 1 5 389
654 18485863 631 7 5 232
655 18485863 631 5 6 491
656 18575231 633 5 2 6
657 18592255 634 7 6 15150
658 18614308 635 5 5 334
659 18661283 638 4 6 40
660 18661283 638 0 7 406
661 18670327 643 0 4 19
662 18886748 644 2 6 1
663 18886748 644 5 8 908
664 18886748 644 5 3 10
665 18886748 644 8 6 1
666 18886748 644 10 3 10
667 18886748 644 8 10 22
668 18886748 644 3 7 648
669 18886748 644 9 8 3635
670 18904224 649 4 1 3092
671 18907378 650 0 10 58
672 18914184 654 7 5 44
673 18934236 660 10 7 16605
674 18961799 664 5 3 26
675 18994006 668 5 0 9853
676 18994006 668 5 1 200
677 19295107 671 1 3 61
678 19295107 671 3 9 8
679 19295107 671 1 5 30
680 19295107 671 0 8 5
681 19295107 671 7 0 14
682 19295107 671 3 6 8
683 19295107 671 1 6 16
684 19295107 671 0 0 2
685 19302042 672 10 5 10
686 19355208 675 2 4 30
687 19355208 675 2 7 2702
688 19660415 683 4 3 29
689 19660415 683 3 8 23
690 19660415 683 4 9 123
691 19660415 683 8 2 3054
692 19660415 683 6 4 638
693 19660415 683 10 6 135
694 19660415 683 9 6 10
695 19660415 683 0 9 15
696 19660415 683 0 5 12
697 19660415 683 5 2 1527
698 19681613 687 0 2 16
699 19682523 688 7 4 43
700 19853732 690 8 2 3
701 19853732 690 8 9 17
702 19853732 690 4 1 1
703 19958651 692 10 10 12
704 20465371 695 10 5 7
705 20465371 695 10 1 3
706 20465371 695 3 3 4
707 20465371 695 0 9 2791
708 20465371 695 5 10 1
709 20465371 695 4 10 1
710 20465371 695 8 6 145
711 20470858 696 4 9 362
712 20592512 698 5 4 89
713 20592512 698 5 10 32
714 20649635 701 8 9 1
715 20742302 702 4 0 1187
716 20742302 702 0 3 1
717 20742302 702 3 1 61
718 20742302 702 0 1 25
719 20742302 702 0 8 88
720 20835827 703 9 9 325
721 20835827 703 2 0 74
722 20835827 703 9 10 81
723 20835827 703 2 3 37
724 20835827 703 9 0 37
725 20840257 704 5 6 1995
726 20914697 710 3 9 22919
727 20951440 713 0 6 9483
728 20969475 714 2 2 9758
729 20986918 717 0 7 4
730 21160564 718 6 1 6
731 21160564 718 0 5 87
732 21160564 718 3 1 85
733 21160564 718 10 8 1455
734 21160564 718 1 5 87
735 21160564 718 5 9 11729
736 21160564 718 0 7 5
737 21160564 718 7 9 31
738 21160564 718 8 7 5
739 21160564 718 1 1 6
740 21176443 722 5 1 2439
741 21244020 723 3 0 39
742 21244020 723 3 8 7
743 21244020 723 3 10 11
744 21275913 724 6 3 4789
745 21275913 724 6 6 2
746 21317523 727 8 7 2
747 21444926 732 9 6 4
748 21444926 732 0 3 15
749 21444926 732 0 5 132
750 21553962 735 9 7 1348
751 21553962 735 6 7 1348
752 21588629 737 9 0 44
753 21630557 739 10 7 96
754 21630557 739 10 3 809
755 21630557 739 10 0 372
756 21880840 741 3 5 17
757 21880840 741 4 10 8
758 21880840 741 7 2 3
759 21880840 741 8 6 2
760 21880840 741 9 7 2
761 21880840 741 8 10 2
762 21883886 742 7 10 31
763 21928514 744 1 8 151
764 21980104 749 4 9 1
765 21980104 749 9 5 1
766 22200166 751 6 3 242
767 22200166 751 10 6 950
768 22200166 751 5 3 727
769 22200166 751 1 8 1
770 22200166 751 7 4 13
771 22200166 751 10 2 15409
772 22200166 751 5 0 23
773 22200166 751 8 3 485
774 22200166 751 0 7 3
775 22240115 752 7 1 168
776 22296624 755 9 7 346
777 22357792 757 7 5 578
778 22403520 764 3 2 84
779 22534914 766 8 7 39
780 22534914 766 10 7 7
781 22534914 766 3 5 13
782 22631833 768 8 9 704
783 22631833 768 8 3 102
784 22631833 768 0 4 59
785 22663557 773 10 10 34
786 22720441 778 9 9 21
787 22720441 778 7 9 14
788 22749087 780 3 1 117
789 22749087 780 2 1 117
790 22749087 780 9 8 6604
791 22752740 781 0 3 77
792 22764245 782 8 4 1
793 22781038 785 8 2 7
794 22794817 787 4 4 18
795 22794817 787 2 4 78
796 22794817 787 7 4 3
797 22862782 798 4 9 293
798 22862856 799 2 10 54
799 22878190 802 4 0 8
800 22912873 804 4 10 98
801 22929156 806 5 0 104
802 22952809 813 10 8 83
803 22985354 816 7 10 175
804 23452871 822 5 4 1
805 23452871 822 10 9 1
806 23452871 822 6 4 1
807 23452871 822 9 10 1
808 23452871 822 2 1 1
809 23452871 822 1 7 276
810 23452871 822 5 1 1
811 23452871 822 5 9 3
812 23452871 822 9 3 1
813 23452871 822 10 2 3
814 23452871 822 6 0 4
815 23452871 822 8 0 1
816 23452871 822 10 8 239
817 23452871 822 1 4 2
818 23452871 822 1 1 1
819 23452871 822 5 2 3
820 23452871 822 1 3 3
821 23452871 822 7 9 3
822 23452871 822 6 2 3
823 23452871 822 2 9 1
824 23452871 822 6 1 1
825 23796803 823 5 10 1
826 23796803 823 2 2 12
827 23796803 823 3 9 1
828 23796803 823 10 9 1
829 23796803 823 10 5 599
830 23796803 823 2 0 8
831 23805513 824 0 10 47
832 23905806 825 1 2 27
833 23905806 825 5 2 27
834 23929144 829 9 6 347
835 23967621 830 8 1 24
836 23967621 830 3 2 42
837 24046699 833 7 4 24511
838 24097242 834 7 0 177
839 24097242 834 2 10 700
840 24177611 842 1 1 148
841 24177611 842 1 6 11325
842 24198379 844 1 9 851
843 24263631 852 3 9 48
844 24324967 857 9 6 9641
845 24331445 858 4 2 1
846 24362527 859 6 8 506
847 24362527 859 6 9 148
848 24362719 860 9 6 11
849 24399508 861 3 2 309
850 24399508 861 3 7 1201
851 24399508 861 3 0 984
852 24666998 864 3 2 954
853 24666998 864 10 9 35
854 24666998 864 2 7 1
855 24666998 864 0 10 517
856 24666998 864 5 10 172
857 24666998 864 2 9 35
858 24666998 864 6 7 2
859 24666998 864 6 6 17
860 24666998 864 6 9 70
861 24666998 864 10 7 1
862 24666998 864 3 8 113
863 24688539 869 6 9 164
864 24697703 870 8 10 22
865 24729365 871 10 9 7
866 24744737 872 1 6 11
867 24789318 874 2 3 32
868 24823729 878 9 6 46
869 25043572 886 2 0 14
870 25043572 886 1 6 1111
871 25043572 886 9 7 4
872 25043572 886 4 7 1
873 25043572 886 2 1 33
874 25077363 888 10 1 119
875 25077363 888 10 5 109
876 25077363 888 10 0 12
877 25266595 894 7 8 1
878 25266595 894 3 9 35
879 25266595 894 8 9 35
880 25266595 894 5 1 19
881 25266595 894 9 1 4
882 25266595 894 4 7 10
883 25266595 894 5 9 71
884 25266595 894 3 7 3
885 25279297 895 3 9 18
886 25279297 895 8 9 9
887 25375963 896 10 3 3173
888 25427975 899 6 9 33179
889 25427975 899 6 1 58
890 25457654 901 7 2 30
891 25457654 901 3 2 517
892 25513961 903 1 10 49
893 25514117 904 5 6 59
894 25541673 905 2 8 95
895 25627471 907 4 1 233
896 25627471 907 4 10 3
897 25627471 907 4 3 18
898 25627471 907 4 8 14
899 25701846 911 8 0 1365
900 25703148 912 8 1 71
901 25743366 913 2 2 19
902 25743366 913 6 2 19
903 25743366 913 7 2 19
904 25824786 919 6 1 1
905 25824786 919 3 1 1
906 25824786 919 7 1 9
907 25833661 920 6 9 28
908 25847870 923 10 7 1223
909 25885722 924 10 6 1
910 26374600 929 6 5 227
911 26374600 929 8 10 2
912 26374600 929 8 8 9
913 26374600 929 8 6 272
914 26374600 929 5 2 8
915 26374600 929 10 5 227
916 26374600 929 0 7 2
917 26374600 929 9 3 3
918 26374600 929 6 3 3
919 26374600 929 10 7 2
920 26374600 929 3 0 2
921 26374600 929 4 10 1
922 26374600 929 5 7 18
923 26374600 929 1 9 8
924 26374600 929 10 10 1
925 26374600 929 3 1 1
926 26374600 929 5 10 1
927 26627895 930 3 4 7804
928 26627895 930 10 0 7476
929 26627895 930 7 7 73
930 26627895 930 4 6 79
931 26627895 930 5 7 10
932 26627895 930 5 6 13
933 26627895 930 0 5 22
934 26627895 930 7 6 13
935 26856642 931 2 8 4
936 26856642 931 4 0 3169
937 26856642 931 8 6 8
938 26856642 931 1 9 2119
939 26856642 931 2 2 1607
940 26856642 931 4 5 349
941 26856642 931 6 7 6
942 26856642 931 10 9 2119
943 26856642 931 3 5 4188
944 26856642 931 1 6 8
945 27008006 932 9 4 6
946 27008006 932 9 0 2
947 27008006 932 4 9 4
948 27008006 932 7 3 16
949 27008006 932 1 6 4
950 27008006 932 0 2 1805
951 27008006 932 5 8 6
952 27008006 932 2 2 2708
953 27008006 932 1 10 23
954 27076387 939 2 8 14263
955 27100817 940 0 8 217
956 27100817 940 0 0 266
957 27100817 940 0 1 55
958 27100817 940 0 10 1313
959 27506426 941 9 5 13
960 27506426 941 10 7 2
961 27506426 941 8 1 96
962 27506426 941 4 3 4
963 27506426 941 8 2 2
964 27506426 941 7 8 6
965 27506426 941 6 6 24
966 27506426 941 9 9 2610
967 27506426 941 6 1 96
968 27506426 941 0 2 2
969 27506426 941 0 9 1305
970 27506426 941 4 6 2
971 27506426 941 9 4 1
972 27506426 941 4 9 3916
973 27506426 941 10 2 2
974 27512442 943 6 0 1
975 27523228 946 7 9 37
976 27562342 948 1 6 11083
977 27625440 954 6 9 78
978 27629382 955 9 4 12686
979 27703706 959 10 1 1320
980 28046022 967 7 10 40
981 28046022 967 1 0 9
982 28046022 967 6 5 7
983 28046022 967 4 7 243
984 28046022 967 0 3 4
985 28046022 967 5 2 15
986 28046022 967 7 2 30
987 28046022 967 0 8 44
988 28046022 967 1 4 29
989 28083832 970 4 4 50
990 28099164 971 9 8 90
991 28136027 972 10 4 228
992 28213059 973 0 9 112
993 28230166 976 3 10 11971
994 28277257 980 7 10 306
995 28314350 989 7 5 56
996 28362726 993 4 7 154
997 28425459 994 9 1 1
998 28476508 998 5 3 1030
999 28489762 999 8 2 26
