11 374 1000
0 40173 0 1 10 471
1 40897 1 9 1 33309
2 153323 3 5 5 113
3 153323 3 10 4 3213
4 153323 3 5 8 197
5 153323 3 5 9 20
6 153323 3 5 6 284
7 153323 3 9 3 2654
8 177471 4 9 8 4
9 202904 8 10 0 624
10 280263 9 7 10 1
11 280263 9 4 3 74
12 393441 13 3 4 1361
13 393441 13 6 4 340
14 393441 13 8 4 340
15 393441 13 10 4 340
16 393441 13 3 5 41
17 514725 17 7 4 12
18 514725 17 5 7 2
19 514725 17 10 3 93
20 514725 17 5 10 1
21 514725 17 3 7 19
22 514725 17 2 2 8942
23 514725 17 5 8 30
24 514725 17 1 5 16
25 514725 17 0 7 2
26 604186 21 4 6 290
27 604186 21 4 1 31
28 604186 21 3 1 17
29 627878 25 3 0 5933
30 711136 29 10 10 175
31 711136 29 2 1 11
32 711136 29 10 3 99
33 711136 29 2 4 83
34 730444 31 4 6 1
35 738376 32 0 4 14
36 803551 38 10 1 381
37 823934 40 0 1 119
38 848666 41 10 1 3192
39 848666 41 10 9 75
40 848666 41 10 7 58
41 868286 44 1 3 43
42 872073 45 6 6 1063
43 872073 45 5 6 2127
44 873241 46 5 10 186
45 877862 48 10 8 53
46 906472 50 7 10 526
47 906472 50 9 10 5268
48 1146922 51 0 9 5
49 1146922 51 9 8 1
50 1146922 51 0 2 10
51 1146922 51 9 0 10
52 1146922 51 0 10 1
53 1146922 51 3 3 15
54 1146922 51 3 9 1
55 1146922 51 5 4 15
56 1146922 51 8 3 15
57 1146922 51 5 1 15
58 1294154 59 2 0 6
59 1294154 59 2 8 1
60 1294154 59 2 2 204
61 1294154 59 5 2 102
62 1294154 59 8 0 4
63 1294154 59 1 3 5
64 1294154 59 5 1 22
65 1294154 59 5 0 2
66 1318149 61 10 2 24
67 1452511 72 6 6 108
68 1452511 72 6 4 12101
69 1604362 75 2 4 1
70 1604362 75 7 10 7
71 1604362 75 8 5 115
72 1604362 75 9 4 1
73 1604362 75 9 7 1
74 1604362 75 3 5 115
75 1604362 75 6 9 1
76 1604362 75 7 9 1
77 1605862 76 9 3 98
78 1636614 79 10 3 38
79 1844595 84 6 3 17
80 1844595 84 3 9 1
81 1844595 84 10 10 2
82 1844595 84 2 6 2
83 1844595 84 7 10 95
84 1845141 85 8 6 404
85 1947526 94 8 5 756
86 1987506 97 5 9 3687
87 2098858 99 0 2 19
88 2098858 99 9 5 5
89 2098858 99 9 4 28
90 2289721 102 0 0 35
91 2289721 102 7 9 9
92 2289721 102 10 4 8
93 2289721 102 1 7 2
94 2289721 102 5 5 14
95 2289721 102 10 1 3
96 2307955 103 9 5 13
97 2416587 108 5 4 34
98 2416587 108 8 3 27
99 2416587 108 0 7 4
100 2428239 110 3 3 4665
101 2463398 116 2 3 15961
102 2487130 117 0 7 29
103 2487130 117 0 2 132816
104 2515481 119 5 8 2988
105 2520549 120 9 7 124
106 2524120 122 6 1 49
107 2529051 123 10 10 32
108 2693317 136 8 8 31
109 2693317 136 1 10 32
110 2846988 137 4 0 56
111 2846988 137 3 4 99
112 2846988 137 10 4 896
113 2846988 137 3 0 8
114 2846988 137 10 9 2136
115 2846988 137 1 9 2136
116 2846988 137 2 2 63
117 2846988 137 6 6 2
118 2935019 146 10 8 333
119 2935019 146 7 9 50
120 2946186 148 2 10 21
121 2946186 148 9 10 21
122 2972370 151 5 9 3
123 2992963 153 8 9 37
124 3144252 154 5 2 498
125 3144252 154 1 10 17
126 3144252 154 10 5 139
127 3144252 154 8 6 230
128 3144252 154 9 5 69
129 3144252 154 10 0 2
130 3154441 156 1 8 23
131 3340975 160 0 10 5
132 3340975 160 1 3 2
133 3340975 160 1 6 2
134 3340975 160 4 3 2
135 3340975 160 1 7 1
136 3340975 160 6 7 1
137 3340975 160 2 8 613
138 3340975 160 9 3 10
139 3407790 162 6 0 1899
140 3407790 162 5 10 5
141 3407790 162 7 3 382
142 3407790 162 0 10 15
143 3407790 162 10 3 382
144 3439252 165 8 3 93
145 3452356 169 3 4 102
146 3476881 170 3 1 57
147 3477442 171 4 8 604
148 3493285 172 6 8 29
149 3525807 174 2 10 174
150 3591860 177 3 7 17
151 3600639 179 8 7 57
152 3602894 181 9 0 206
153 3603977 182 5 6 2663
154 3621814 185 10 10 36
155 3637947 187 7 1 15
156 3681034 192 3 7 6128
157 3832609 198 10 6 111
158 3832609 198 0 1 4
159 3832609 198 3 5 1
160 3832609 198 1 0 10
161 3832609 198 10 10 7
162 3832609 198 6 10 86
163 3832609 198 7 0 20
164 3832609 198 1 2 2
165 3836732 201 5 5 64
166 3848970 202 3 3 146
167 3848970 202 3 6 222
168 3890402 203 8 4 1511
169 3890402 203 8 5 8684
170 3890402 203 8 1 5
171 3890402 203 8 6 48
172 3890402 203 7 7 7494
173 3890402 203 7 4 4534
174 3892726 204 9 0 97
175 3927382 209 7 5 39
176 3969180 210 3 3 1
177 3982615 216 9 5 2
178 3997154 217 1 4 27
179 4006495 219 4 5 7677
180 4012866 222 0 7 28
181 4012866 222 7 7 112
182 4027597 223 2 7 68
183 4027597 223 3 2 68
184 4029829 224 3 4 238
185 4043256 227 5 7 1033
186 4044769 228 3 2 31
187 4114332 229 0 10 5
188 4114332 229 6 8 118
189 4114332 229 6 9 74
190 4114332 229 2 0 31
191 4114332 229 6 7 9
192 4114332 229 0 3 28
193 4114332 229 0 7 28
194 4198378 230 3 6 6
195 4198378 230 0 0 2
196 4198378 230 0 5 11
197 4198378 230 0 7 226
198 4211703 232 10 5 1
199 4361300 233 1 3 4
200 4361300 233 7 2 17
201 4361300 233 9 8 94
202 4361300 233 9 6 6
203 4361300 233 0 7 1
204 4361300 233 3 1 141
205 4361300 233 6 1 4
206 4361300 233 0 5 1
207 4461961 239 2 1 9
208 4629627 241 4 0 9
209 4629627 241 1 3 1
210 4629627 241 6 9 1226
211 4629627 241 3 6 1
212 4629627 241 7 10 1014
213 4629627 241 6 7 6
214 4629627 241 9 8 23
215 4629627 241 4 7 12
216 4630906 243 10 1 22
217 4639361 244 10 9 11740
218 4646592 245 10 8 40
219 4659083 251 2 5 87
220 4659394 252 1 10 17
221 4664537 254 2 4 52
222 4756928 259 2 7 25
223 4756928 259 4 1 891
224 4756928 259 10 7 25
225 4756928 259 6 0 14
226 4756928 259 2 10 622
227 4756928 259 7 1 2675
228 4757271 260 0 8 471
229 4757884 261 2 6 94
230 4942045 262 4 9 15
231 4942045 262 8 3 1
232 4942045 262 8 5 8
233 4942045 262 9 4 1
234 4942045 262 3 0 9
235 4942045 262 4 0 69
236 4965197 263 1 10 4572
237 4980748 267 8 9 312
238 4984434 268 5 0 210
239 5068810 284 7 1 30
240 5097105 286 10 1 210
241 5386722 287 8 9 1
242 5386722 287 9 6 24
243 5386722 287 8 7 1615
244 5386722 287 2 7 12118
245 5386722 287 9 2 3
246 5386722 287 10 8 35
247 5386722 287 6 2 3
248 5386722 287 7 1 47
249 5386722 287 7 0 74
250 5386722 287 4 1 3
251 5388532 288 8 10 108
252 5390470 289 10 10 47
253 5495558 291 1 2 3435
254 5495558 291 10 0 1
255 5495558 291 10 9 365
256 5595323 292 10 8 3054
257 5595323 292 7 6 106
258 5595323 292 7 0 6
259 5595323 292 9 0 6
260 5595323 292 0 8 218
261 5595323 292 1 0 6
262 5595323 292 3 0 12
263 5603360 294 0 5 99583
264 5611072 295 5 4 1
265 5619870 297 1 10 64
266 5664062 298 9 9 5
267 5788459 303 9 6 1193
268 5788459 303 8 9 204
269 5788459 303 1 1 75
270 5788459 303 2 2 1892
271 5788459 303 1 7 3
272 5788459 303 4 6 795
273 5788459 303 10 7 33
274 5788459 303 3 10 14
275 5788459 303 0 9 3069
276 5857139 304 3 0 17
277 5857139 304 3 6 1731
278 5857139 304 3 5 23
279 5870394 305 6 7 116
280 5876756 307 4 4 476
281 5899662 308 6 0 160
282 5899662 308 6 10 9873
283 5911001 310 10 7 73
284 5930173 311 6 4 133
285 5939988 316 0 4 43
286 6094541 317 7 5 964
287 6094541 317 3 9 5
288 6094541 317 10 5 964
289 6094541 317 4 2 565
290 6094541 317 2 9 16
291 6094541 317 10 8 83
292 6094541 317 7 2 1697
293 6150967 324 9 9 47
294 6150967 324 5 10 48
295 6150967 324 7 9 95
296 6169870 327 3 1 60
297 6239035 328 9 5 4162
298 6264581 330 0 6 47
299 6268990 334 1 9 1536
300 6268990 334 6 9 105
301 6285529 335 1 10 1509
302 6354196 339 6 3 215
303 6354196 339 4 7 15
304 6424248 340 3 4 5
305 6424248 340 7 7 2998
306 6424248 340 9 1 3
307 6424248 340 5 2 3
308 6424248 340 6 2 7
309 6424248 340 7 1 11
310 6424248 340 8 1 3
311 6436216 342 9 4 133
312 6436877 343 6 4 129
313 6465749 347 8 7 80
314 6509645 353 0 1 6
315 6509645 353 0 3 163
316 6514281 355 6 6 29
317 6529221 358 1 8 49
318 6578990 365 1 3 670
319 6594087 366 0 5 1952
320 6602202 368 0 7 1327
321 6634606 369 2 7 23
322 6634606 369 10 9 168
323 6634606 369 3 8 28
324 6702288 370 9 2 1
325 6702288 370 0 5 1
326 6702288 370 1 3 30
327 6702288 370 2 5 1
328 6717296 376 9 10 108
329 6770035 380 10 4 157
330 6783632 385 2 6 17811
331 6792128 386 6 3 976
332 6848124 388 7 7 30
333 6848124 388 0 1 16
334 6848124 388 0 0 709
335 7011140 390 7 8 767
336 7011140 390 7 0 14
337 7011140 390 6 6 114
338 7011140 390 6 10 1
339 7011140 390 5 7 3
340 7011140 390 1 9 174
341 7012696 391 5 3 356
342 7069256 392 7 4 427
343 7069256 392 2 4 427
344 7069256 392 0 4 427
345 7276795 395 1 6 27
346 7276795 395 10 2 2
347 7276795 395 2 10 10
348 7276795 395 6 5 177
349 7276795 395 2 3 10
350 7276795 395 4 7 1
351 7276795 395 5 5 177
352 7276795 395 7 3 10
353 7276795 395 5 0 2203
354 7276795 395 7 0 440
355 7291075 396 9 1 405
356 7291075 396 3 1 405
357 7296243 398 3 9 12
358 7384449 402 2 0 126
359 7384449 402 9 9 42
360 7384449 402 2 10 13
361 7384449 402 2 9 21
362 7387150 403 4 8 15143
363 7397600 405 7 5 15
364 7440064 407 2 2 73
365 7580094 409 1 0 528
366 7580094 409 5 8 13
367 7580094 409 10 8 13
368 7580094 409 1 8 13
369 7580094 409 2 1 542
370 7580094 409 10 9 30
371 7580094 409 8 6 1
372 7580094 409 5 5 797
373 7600810 412 7 1 86
374 7656233 413 2 10 7
375 7656233 413 9 1 56
376 7656233 413 9 9 16
377 7658401 414 7 9 40
378 7670437 418 6 5 259
379 7672299 419 10 1 7
380 7685423 420 5 8 36
381 7717387 422 3 2 3415
382 7747222 424 7 8 143
383 7747222 424 7 7 63
384 7996594 428 0 8 7
385 7996594 428 5 2 1
386 7996594 428 3 2 2
387 7996594 428 4 0 1
388 7996594 428 5 1 6684
389 7996594 428 1 5 822
390 7996594 428 8 4 21
391 7996594 428 0 10 4
392 7996594 428 6 7 1
393 7996594 428 5 8 2
394 7996594 428 3 3 3
395 7996594 428 3 6 1
396 7996594 428 3 4 28
397 8136422 430 3 4 7
398 8136422 430 4 8 1
399 8136422 430 8 4 3
400 8136422 430 4 10 5
401 8136422 430 1 0 2
402 8170779 435 7 1 108
403 8188904 440 4 10 4
404 8203413 443 6 1 15
405 8220735 445 8 6 2
406 8227063 447 3 1 17
407 8233679 450 9 4 2471
408 8243953 452 8 10 147
409 8256150 456 6 5 8547
410 8366884 457 4 4 1
411 8366884 457 8 10 5
412 8366884 457 4 5 32
413 8366884 457 7 1 3
414 8419813 460 1 5 102
415 8419813 460 1 7 335
416 8419813 460 1 10 64
417 8527943 461 4 7 1
418 8527943 461 2 1 11
419 8527943 461 1 8 9
420 8527943 461 6 5 4
421 8527943 461 6 1 34
422 8527943 461 3 2 27
423 8542782 465 0 0 7
424 8542782 465 3 0 20
425 8881632 466 1 0 7
426 8881632 466 5 10 4
427 8881632 466 5 9 4
428 8881632 466 10 1 2
429 8881632 466 2 8 1
430 8881632 466 7 5 1
431 8881632 466 9 4 217
432 8881632 466 1 10 2
433 8881632 466 8 4 217
434 8881632 466 0 5 6
435 8881632 466 9 6 4
436 8881632 466 8 3 1801
437 8881632 466 2 4 652
438 8965524 467 2 3 1
439 8965524 467 9 5 5
440 8988552 468 7 5 422
441 8988552 468 7 3 165
442 8988552 468 7 0 6237
443 8988552 468 7 4 34
444 8988552 468 7 10 33231
445 8998042 470 9 2 75
446 9036497 472 6 0 14
447 9131521 473 1 7 66
448 9131521 473 0 8 1669
449 9131521 473 6 2 15
450 9131521 473 5 7 3
451 9131521 473 7 5 68
452 9132589 474 4 9 211
453 9425780 475 6 0 2
454 9425780 475 6 8 5
455 9425780 475 5 0 8
456 9425780 475 2 8 2
457 9425780 475 0 6 1
458 9425780 475 9 4 1
459 9425780 475 0 10 10
460 9425780 475 5 4 1
461 9425780 475 1 9 5
462 9425780 475 3 8 2
463 9425780 475 5 10 25
464 9425780 475 5 8 2
465 9425780 475 10 7 4
466 9425780 475 1 0 6
467 9425780 475 3 7 4
468 9425780 475 10 5 2
469 9425780 475 1 5 13
470 9425780 475 1 2 13
471 9425780 475 9 6 1
472 9425780 475 7 7 9
473 9425780 475 1 4 1
474 9457492 477 2 2 17757
475 9457492 477 2 0 196
476 9479885 479 4 9 1
477 9490414 480 5 8 224
478 9519669 486 6 3 91
479 9519669 486 6 1 461
480 9519669 486 6 8 21916
481 9536022 487 5 4 344
482 9536022 487 5 2 306
483 9573172 489 9 10 7526
484 9573172 489 2 5 94
485 9573172 489 8 4 48
486 9871346 498 1 1 17
487 9871346 498 1 2 56
488 9871346 498 10 8 514
489 9871346 498 3 10 13
490 9871346 498 9 0 64
491 9871346 498 4 1 17
492 9871346 498 8 7 7
493 9871346 498 10 2 4
494 9871346 498 6 3 1
495 9871346 498 4 3 1
496 9871346 498 2 0 10
497 9871346 498 8 4 50
498 9871346 498 0 4 50
499 9894223 499 7 2 121
500 9894223 499 7 5 7680
501 9894223 499 7 6 4848
502 9916273 504 0 10 30
503 10075107 507 8 7 145
504 10075107 507 8 4 1429
505 10075107 507 1 6 3
506 10075107 507 4 7 72
507 10075107 507 2 10 89
508 10075107 507 4 4 1429
509 10075107 507 2 1 1
510 10075107 507 9 8 13
511 10075107 507 2 2 28
512 10137493 510 7 0 47
513 10137493 510 7 5 3
514 10138860 511 8 2 14390
515 10303694 513 3 8 1009
516 10303694 513 3 2 6
517 10303694 513 7 0 1
518 10337864 516 0 3 1
519 10337864 516 8 3 12
520 10356359 525 2 7 173
521 10382033 531 3 0 195
522 10412820 535 3 7 31
523 10419973 537 4 10 11
524 10422280 538 4 8 3
525 10464168 542 1 4 16
526 10464168 542 1 2 138
527 10464168 542 1 6 65
528 10467918 545 0 6 7157
529 10496693 549 8 5 792
530 10565974 552 5 0 76
531 10570269 553 0 2 3
532 10857461 555 0 7 3
533 10857461 555 0 0 1
534 10857461 555 2 8 7
535 10857461 555 3 1 95
536 10857461 555 1 2 876
537 10857461 555 3 2 876
538 10857461 555 7 0 1
539 10857461 555 1 6 23
540 10857461 555 9 2 1752
541 10857461 555 0 8 7
542 10857461 555 9 6 71
543 10962401 556 9 10 335
544 10962401 556 0 8 655
545 10962401 556 10 1 1
546 10986467 557 3 7 70
547 10986467 557 3 6 36
548 11016322 558 1 1 97
549 11063997 562 10 0 17
550 11091805 563 10 2 11
551 11113494 565 1 9 136
552 11228506 569 10 3 1
553 11228506 569 7 2 26
554 11228506 569 2 6 1
555 11228506 569 9 10 6
556 11228506 569 4 10 73
557 11228506 569 1 1 16
558 11228506 569 7 6 1
559 11228506 569 6 3 21
560 11228506 569 10 10 49
561 11228506 569 3 6 1
562 11231255 571 1 7 32
563 11241866 573 1 5 19
564 11256678 575 6 8 15
565 11342668 576 0 7 9
566 11342668 576 6 5 2438
567 11342668 576 6 1 1
568 11345626 577 0 0 2339
569 11357880 578 7 8 467
570 11360734 580 3 8 25
571 11410042 582 4 0 2716
572 11435822 583 6 8 46
573 11435822 583 6 1 2272
574 11461376 588 4 9 111
575 11461376 588 4 5 688
576 11597988 602 6 8 259
577 11597988 602 8 4 906
578 11597988 602 6 4 453
579 11597988 602 8 5 30
580 11597988 602 6 9 19
581 11597988 602 8 8 3636
582 11597988 602 6 3 169
583 11635943 606 10 6 184
584 11635943 606 10 3 161
585 11635943 606 10 8 31
586 11635943 606 10 9 101
587 11644283 610 1 3 27
588 11671464 611 3 6 410
589 11671464 611 7 6 205
590 11671464 611 2 2 8
591 11923717 612 7 10 5
592 11923717 612 0 9 1
593 11923717 612 9 6 3
594 11923717 612 6 6 1
595 11923717 612 3 3 1
596 11923717 612 6 7 2539
597 11923717 612 0 2 897
598 11923717 612 7 0 71
599 11923717 612 2 6 40
600 11923717 612 5 6 1
601 11923717 612 7 2 448
602 11923717 612 4 0 71
603 11923717 612 9 2 1346
604 11923717 612 1 9 14
605 11923717 612 9 10 5
606 11923717 612 0 6 1
607 11923717 612 3 9 1
608 11923717 612 8 8 8
609 11944924 613 3 4 36562
610 11949753 615 2 7 39103
611 12183210 616 6 2 1
612 12183210 616 10 0 494
613 12183210 616 1 0 1483
614 12183210 616 0 6 72
615 12183210 616 0 4 1
616 12183210 616 9 6 36
617 12183210 616 5 3 20
618 12183210 616 4 9 2
619 12183210 616 7 2 1
620 12183210 616 1 7 1201
621 12183210 616 0 2 11
622 12183210 616 8 9 2
623 12183210 616 1 3 20
624 12183210 616 5 10 854
625 12199391 618 7 8 12
626 12231093 624 1 5 2839
627 12264573 626 2 7 117
628 12298343 628 1 3 228
629 12323909 631 5 6 491
630 12323909 631 2 6 351
631 12394837 634 7 2 95
632 12394837 634 7 10 105
633 12394837 634 7 4 53
634 12394837 634 7 7 20
635 12409539 635 5 5 334
636 12409539 635 5 10 15796
637 12440855 638 2 6 40
638 12442083 640 1 0 113
639 12591165 644 8 10 22
640 12591165 644 1 0 8
641 12591165 644 10 6 1
642 12591165 644 4 4 647
643 12591165 644 6 7 370
644 12591165 644 9 10 2
645 12601214 647 1 3 1338
646 12608165 652 3 8 767
647 12609456 654 7 5 44
648 12616231 657 7 3 56
649 12618444 659 9 5 5
650 12618444 659 10 5 113
651 12648647 666 4 3 2
652 12662670 668 5 9 34
653 12662670 668 5 0 9853
654 12662670 668 5 6 68
655 12662670 668 5 1 200
656 12863405 671 5 2 6
657 12863405 671 10 7 2
658 12863405 671 2 6 8
659 12863405 671 7 5 30
660 12863405 671 8 7 1
661 12863405 671 0 7 1
662 12863405 671 6 0 1
663 12863405 671 6 7 1
664 12863405 671 4 1 238
665 12863405 671 7 6 8
666 12863405 671 5 4 1342
667 12863405 671 1 6 16
668 12868028 672 8 5 20
669 12870505 673 9 1 956
670 12903472 675 2 8 300
671 12903472 675 2 1 64
672 12924190 678 8 9 660
673 12947588 682 10 7 108
674 13106943 683 0 7 3841
675 13106943 683 6 10 16
676 13106943 683 3 8 23
677 13106943 683 6 8 5
678 13106943 683 9 7 548
679 13106943 683 1 3 29
680 13106943 683 5 9 15
681 13106943 683 0 5 12
682 13106943 683 9 3 29
683 13106943 683 0 9 15
684 13106943 683 10 5 1
685 13110307 685 1 4 41
686 13121075 687 10 2 32
687 13121075 687 2 8 23
688 13154100 689 9 4 318
689 13235821 690 8 1 1
690 13235821 690 0 3 90
691 13305767 692 2 0 75
692 13305767 692 2 1 48
693 13328365 693 8 7 220
694 13331847 694 4 6 1358
695 13643581 695 9 10 1
696 13643581 695 1 3 4
697 13643581 695 1 0 42
698 13643581 695 9 8 1
699 13643581 695 2 5 7
700 13643581 695 4 10 1
701 13643581 695 6 4 8
702 13643581 695 9 4 2
703 13643581 695 5 8 1
704 13643581 695 8 2 793
705 13643581 695 10 1 3
706 13643581 695 8 8 1
707 13643581 695 10 6 2
708 13643581 695 7 3 4
709 13643581 695 10 9 214
710 13643581 695 4 6 1
711 13656435 697 1 6 1569
712 13656435 697 1 10 15
713 13728341 698 10 10 32
714 13728341 698 5 0 4
715 13728341 698 5 1 3
716 13728341 698 10 9 66
717 13728341 698 10 7 2
718 13766423 701 8 9 1
719 13828201 702 4 10 74
720 13828201 702 3 10 17
721 13828201 702 0 9 6
722 13828201 702 4 6 22
723 13828201 702 3 2 56
724 13828201 702 4 4 649
725 13890551 703 9 3 37
726 13900943 706 5 7 40
727 13943131 710 3 10 1
728 13943131 710 3 1 44
729 13943131 710 3 3 119
730 13979650 714 5 4 563
731 13980402 715 8 7 12
732 14107042 718 0 7 5
733 14107042 718 3 1 85
734 14107042 718 6 10 2
735 14107042 718 8 1 39
736 14107042 718 6 5 175
737 14107042 718 0 9 31
738 14107042 718 8 10 2
739 14117629 722 5 1 2439
740 14162680 723 3 10 11
741 14162680 723 3 9 11
742 14162680 723 3 8 7
743 14162680 723 3 2 3584
744 14183942 724 6 5 1502
745 14211682 727 2 5 14
746 14211682 727 6 5 7
747 14296617 732 9 8 39
748 14296617 732 9 5 52
749 14298423 734 2 0 38
750 14369308 735 9 3 20
751 14369308 735 6 5 36
752 14369308 735 6 3 8
753 14369308 735 9 7 1348
754 14369308 735 9 9 40
755 14374293 736 2 6 1770
756 14420371 739 10 2 39026
757 14587226 741 3 7 2
758 14587226 741 3 2 9
759 14587226 741 5 2 3
760 14619009 744 1 3 64
761 14619009 744 8 7 169
762 14619009 744 7 8 75
763 14619009 744 5 8 302
764 14619009 744 8 8 75
765 14653403 749 5 0 33
766 14653403 749 5 9 2
767 14653403 749 10 5 24
768 14653403 749 5 4 26
769 14800111 751 5 3 727
770 14800111 751 9 2 119
771 14800111 751 5 6 111
772 14800111 751 2 6 55
773 14800111 751 8 3 485
774 14800111 751 8 9 15
775 14800111 751 3 8 1
776 14800111 751 3 9 108
777 14800111 751 6 1 15
778 14800111 751 6 7 3
779 14826743 752 3 8 42
780 14826743 752 8 9 5
781 14905194 757 8 1 38
782 14906714 758 6 1 123
783 14915589 759 10 3 11
784 14936873 765 9 0 12661
785 15023276 766 4 10 7
786 15023276 766 10 3 1
787 15023276 766 2 6 14
788 15023276 766 3 3 1
789 15023276 766 0 5 13
790 15087889 768 0 3 102
791 15087889 768 8 8 1321
792 15088340 769 5 3 363
793 15109038 773 6 10 17
794 15146960 778 5 1 279
795 15178576 784 4 10 191
796 15187359 785 8 2 7
797 15189155 786 6 0 54
798 15209692 791 7 1 1
799 15212118 794 4 6 74
800 15217610 797 3 10 18
801 15241854 798 4 1 2953
802 15241854 798 4 6 33
803 15252127 802 5 0 43
804 15322308 815 4 9 128
805 15323569 816 2 8 132
806 15635247 822 0 0 1
807 15635247 822 3 7 414
808 15635247 822 8 0 1
809 15635247 822 7 1 1
810 15635247 822 4 7 138
811 15635247 822 3 5 338
812 15635247 822 4 8 239
813 15635247 822 2 5 26
814 15635247 822 7 0 1
815 15635247 822 10 9 1
816 15635247 822 2 0 1
817 15635247 822 0 7 414
818 15635247 822 2 10 1
819 15635247 822 4 5 52
820 15864535 823 10 2 12
821 15864535 823 1 3 13
822 15864535 823 3 2 6
823 15864535 823 9 6 1414
824 15864535 823 8 10 1
825 15864535 823 8 9 3
826 15864535 823 3 8 10
827 15864535 823 10 1 969
828 15870342 824 6 10 142
829 15937204 825 7 8 63
830 15937204 825 7 2 27
831 15937204 825 0 0 3
832 15937204 825 4 4 187
833 15978414 830 2 7 448
834 15978414 830 0 1 24
835 16031133 833 7 10 8
836 16064828 834 1 5 908
837 16064828 834 8 4 9
838 16081149 838 5 0 8530
839 16084631 840 10 1 81
840 16118407 842 1 0 94
841 16118407 842 1 7 25
842 16118407 842 1 6 11325
843 16162869 846 5 10 165
844 16162869 846 5 1 9
845 16178176 853 9 0 60
846 16216644 857 9 2 15741
847 16216644 857 9 9 69
848 16241685 859 6 2 342
849 16241812 860 9 6 11
850 16266338 861 3 2 309
851 16444665 864 8 1 4
852 16444665 864 4 6 26
853 16444665 864 9 6 8
854 16444665 864 0 0 7236
855 16444665 864 0 10 517
856 16444665 864 1 8 226
857 16444665 864 9 1 4
858 16444665 864 10 7 1
859 16486243 871 1 9 3
860 16526212 874 2 8 183
861 16568271 881 1 2 561
862 16695714 886 7 0 14
863 16695714 886 8 9 751
864 16695714 886 9 9 1503
865 16695714 886 5 4 25
866 16695714 886 6 4 1
867 16695714 886 1 6 1111
868 16697152 887 6 4 158
869 16718242 888 10 9 16
870 16718242 888 10 2 136
871 16844396 894 5 3 6
872 16844396 894 4 2 5
873 16844396 894 10 9 35
874 16844396 894 5 7 1
875 16844396 894 10 8 1
876 16852864 895 7 9 9
877 16917308 896 2 0 1968
878 16917308 896 8 3 3173
879 16917308 896 8 9 10
880 16917308 896 1 10 33
881 16917308 896 3 2 38
882 16917308 896 10 2 38
883 17027782 905 8 8 95
884 17027782 905 10 8 95
885 17084980 907 4 6 136
886 17109679 909 9 7 11407
887 17109679 909 9 10 26
888 17134564 911 7 0 2047
889 17134564 911 6 0 1365
890 17191977 917 3 9 3
891 17216524 919 5 1 1
892 17216524 919 1 1 1
893 17216524 919 0 1 1
894 17216524 919 2 1 1
895 17257148 924 5 6 11
896 17292803 926 7 3 71
897 17292803 926 7 0 37
898 17583066 929 8 1 1
899 17583066 929 9 4 878
900 17583066 929 0 3 6
901 17583066 929 2 6 218
902 17583066 929 3 10 1
903 17583066 929 5 5 682
904 17583066 929 4 9 8
905 17583066 929 3 9 4
906 17583066 929 0 7 2
907 17583066 929 1 9 8
908 17583066 929 0 8 4
909 17583066 929 3 2 21
910 17583066 929 4 10 1
911 17583066 929 4 2 4
912 17751930 930 7 2 7
913 17751930 930 8 3 15
914 17751930 930 6 8 928
915 17751930 930 0 1 28
916 17751930 930 10 2 14
917 17751930 930 1 10 683
918 17751930 930 4 4 13007
919 17751930 930 4 7 10
920 17904428 931 5 5 349
921 17904428 931 7 8 4
922 17904428 931 3 5 4188
923 17904428 931 0 8 4
924 17904428 931 1 1 10
925 17904428 931 0 4 909
926 17904428 931 1 10 901
927 17904428 931 4 4 909
928 17904428 931 5 0 1056
929 18005337 932 6 0 2
930 18005337 932 10 8 6
931 18005337 932 10 7 10
932 18005337 932 2 0 4
933 18005337 932 4 9 4
934 18005337 932 2 2 2708
935 18005337 932 2 8 6
936 18022647 935 3 1 1573
937 18050925 939 9 9 59
938 18337617 941 5 1 192
939 18337617 941 2 10 18
940 18337617 941 1 0 5
941 18337617 941 9 9 2610
942 18337617 941 10 8 1
943 18337617 941 4 8 1
944 18337617 941 8 3 1
945 18337617 941 10 4 1
946 18337617 941 9 7 1
947 18337617 941 1 6 5
948 18337617 941 9 0 22
949 18337617 941 2 8 2
950 18337617 941 8 2 2
951 18337617 941 10 6 10
952 18337617 941 2 1 96
953 18337617 941 3 3 2
954 18337617 941 4 9 3916
955 18348818 946 7 9 37
956 18374894 948 8 4 5
957 18374894 948 1 4 16
958 18381990 949 2 4 3132
959 18407242 950 2 8 14
960 18407242 950 9 8 7
961 18407242 950 7 8 44
962 18430950 957 4 9 17
963 18469137 959 10 1 1320
964 18469137 959 10 0 127
965 18469137 959 10 3 152
966 18497147 961 1 5 343
967 18497147 961 10 5 343
968 18497147 961 2 5 687
969 18497147 961 5 5 343
970 18697348 967 1 4 29
971 18697348 967 0 2 15
972 18697348 967 0 6 9242
973 18697348 967 6 0 19
974 18697348 967 6 8 44
975 18704934 968 1 3 51
976 18722555 970 4 4 50
977 18722555 970 10 6 74
978 18722555 970 8 4 16
979 18732776 971 0 8 30
980 18732776 971 1 8 30
981 18757351 972 10 1 225
982 18808706 973 2 3 1
983 18808706 973 0 9 112
984 18808706 973 0 7 14257
985 18816597 975 8 8 3
986 18820110 976 3 10 11971
987 18841664 979 4 7 105
988 18851505 980 2 10 102
989 18858869 985 5 10 2635
990 18870959 987 7 9 42
991 18876233 989 8 5 56
992 18908484 993 4 4 210
993 18908484 993 4 8 12709
994 18950306 994 9 0 3
995 18950306 994 10 5 81
996 18950306 994 4 5 64
997 18950306 994 7 1 8
998 18950306 994 5 5 16
999 18993175 999 8 2 26
