11 358 1000
0 20086 0 9 0 1
1 20086 0 1 9 151
2 20086 0 9 6 12
3 20086 0 1 5 6
4 76661 3 5 6 284
5 76661 3 5 5 113
6 76661 3 9 0 4792
7 76661 3 10 7 31
8 76661 3 5 3 126
9 76661 3 10 1 14
10 140131 9 4 10 25
11 140131 9 7 1 19
12 140131 9 7 0 7
13 140131 9 1 9 7
14 140131 9 1 5 35
15 152125 12 3 2 8
16 196720 13 3 1 265
17 196720 13 5 1 530
18 196720 13 1 4 340
19 196720 13 5 10 495
20 196720 13 8 8 1
21 197364 14 7 6 107
22 257362 17 7 7 2
23 257362 17 7 1 44
24 257362 17 7 4 12
25 257362 17 0 2 526
26 257362 17 3 5 16
27 257362 17 10 3 93
28 257362 17 1 8 1
29 268524 18 1 8 1476
30 268524 18 1 1 13067
31 271543 19 1 0 84
32 302093 21 4 8 86
33 302093 21 3 10 68
34 304058 22 6 5 14781
35 308412 24 7 4 6073
36 355568 29 10 7 2267
37 355568 29 2 9 94
38 365222 31 1 7 4140
39 369188 32 7 4 14
40 371294 35 7 5 100
41 389332 37 8 10 4
42 389332 37 0 10 4
43 389332 37 0 8 6
44 389332 37 4 10 4
45 407844 39 6 5 20
46 424333 41 10 3 35
47 424333 41 10 6 244
48 436036 45 4 6 1063
49 437166 47 8 1 42
50 453236 50 9 0 44
51 453236 50 1 3 14
52 573461 51 8 6 51
53 573461 51 10 6 1
54 573461 51 8 10 1
55 573461 51 8 2 26
56 573461 51 0 9 5
57 573461 51 0 5 33
58 573461 51 2 10 1
59 573461 51 3 0 10
60 573461 51 8 3 15
61 574368 52 9 4 249
62 582859 56 5 6 86
63 647077 59 2 6 19
64 647077 59 1 2 204
65 647077 59 2 8 1
66 647077 59 5 7 26
67 648469 60 6 6 322
68 659074 61 7 4 126
69 659624 62 8 5 5726
70 666762 65 7 7 118
71 686535 68 5 4 1
72 686535 68 8 4 1
73 729122 74 3 7 8
74 802181 75 7 5 115
75 802181 75 6 10 7
76 802181 75 7 9 1
77 802181 75 9 10 7
78 802181 75 0 0 5
79 922297 84 3 5 4
80 922297 84 10 1 16
81 922297 84 2 7 21
82 922297 84 2 2 231
83 922297 84 4 3 4
84 922297 84 4 8 3
85 922297 84 2 4 5
86 922297 84 3 0 7
87 922297 84 7 9 1
88 922297 84 4 6 1
89 922297 84 3 3 8
90 922297 84 10 8 6
91 929452 88 9 6 10
92 958282 91 7 2 550
93 958282 91 6 2 2201
94 958492 92 4 0 66
95 978814 96 0 5 44
96 993753 97 3 9 3687
97 1049429 99 7 2 19
98 1049429 99 0 6 10
99 1049429 99 7 4 28
100 1049429 99 0 10 3070
101 1049429 99 0 1 40
102 1049429 99 0 2 19
103 1144860 102 2 10 21
104 1144860 102 8 7 78
105 1144860 102 6 0 35
106 1144860 102 7 2 483
107 1144860 102 4 7 1
108 1144860 102 5 2 483
109 1144860 102 10 10 21
110 1144860 102 7 7 1
111 1161524 104 4 3 2306
112 1208293 108 6 6 7
113 1208293 108 6 5 8
114 1208293 108 4 5 90
115 1208293 108 2 2 1
116 1220991 115 3 6 95
117 1231699 116 2 4 113
118 1243565 117 0 7 29
119 1257564 118 2 2 2
120 1269558 124 2 3 7
121 1297852 127 0 9 22699
122 1346658 136 1 2 59
123 1346658 136 1 1 31
124 1346658 136 8 7 14
125 1423494 137 3 1 38
126 1423494 137 8 6 2
127 1423494 137 6 3 9
128 1423494 137 6 8 39
129 1423494 137 10 10 222
130 1423494 137 7 4 99
131 1423494 137 9 8 4
132 1423494 137 6 6 2
133 1423494 137 0 4 199
134 1423494 137 10 9 2136
135 1423494 137 4 2 21
136 1446998 143 0 1 26
137 1467509 146 6 4 5
138 1467509 146 7 9 50
139 1468389 147 6 2 182
140 1572126 154 8 6 230
141 1572126 154 2 7 642
142 1572126 154 0 8 196
143 1572126 154 2 2 249
144 1572126 154 3 8 261
145 1572126 154 6 9 23
146 1572126 154 5 0 2
147 1581848 159 1 4 95
148 1670487 160 7 9 4
149 1670487 160 1 7 1
150 1670487 160 1 0 23
151 1670487 160 6 7 1
152 1670487 160 10 8 306
153 1670487 160 5 9 4
154 1670487 160 1 9 48
155 1670487 160 3 5 46
156 1670487 160 4 6 5
157 1670487 160 1 3 2
158 1670487 160 10 3 7
159 1673838 161 0 8 17
160 1703895 162 7 6 44
161 1703895 162 8 6 14
162 1721455 167 2 5 23577
163 1738440 170 3 4 341
164 1762903 174 7 6 24
165 1762903 174 7 7 14
166 1764571 175 2 6 13
167 1795930 177 0 9 9
168 1800319 179 8 7 57
169 1818973 187 9 9 71
170 1827598 190 8 0 72
171 1828719 191 8 6 7153
172 1840517 192 3 7 6128
173 1840517 192 3 10 87
174 1842926 194 5 3 4
175 1842968 195 5 3 168
176 1848171 197 1 1 1245
177 1916304 198 9 5 1
178 1916304 198 8 0 5
179 1916304 198 6 4 2
180 1916304 198 7 2 6
181 1916660 199 7 0 72
182 1924485 202 3 5 21864
183 1924485 202 3 6 222
184 1963691 209 3 5 39
185 1984590 210 9 3 1
186 1988251 212 2 6 14
187 1998577 217 8 5 78
188 2004936 220 0 5 2340
189 2013798 223 3 2 68
190 2022384 228 3 2 31
191 2057166 229 2 1 1
192 2057166 229 2 9 74
193 2057166 229 0 10 5
194 2057166 229 6 1 1
195 2057166 229 6 5 19
196 2099189 230 0 8 16
197 2099189 230 0 7 226
198 2099189 230 8 2 48
199 2099189 230 8 1 46
200 2099189 230 3 1 230
201 2105851 232 6 5 18
202 2180650 233 2 0 22
203 2180650 233 9 6 6
204 2180650 233 9 5 1
205 2180650 233 1 8 5
206 2192093 236 5 6 55
207 2192093 236 9 6 55
208 2217168 237 10 0 18
209 2217168 237 10 2 55
210 2217168 237 10 4 215
211 2217168 237 10 1 11
212 2219054 238 3 8 83
213 2219054 238 3 9 432
214 2230980 239 2 1 9
215 2314813 241 1 5 3364
216 2314813 241 6 6 1
217 2314813 241 1 0 9
218 2314813 241 7 1 6
219 2314813 241 1 8 1
220 2314813 241 9 7 12
221 2314813 241 4 0 9
222 2314813 241 6 4 14
223 2314813 241 4 4 14
224 2337568 258 3 0 83
225 2378464 259 2 1 1783
226 2378464 259 4 7 25
227 2378464 259 6 1 1783
228 2378464 259 10 7 25
229 2378464 259 1 10 622
230 2378464 259 5 7 25
231 2378464 259 1 7 25
232 2378464 259 10 3 623
233 2378464 259 0 8 2025
234 2471022 262 3 10 6
235 2471022 262 0 2 13
236 2471022 262 3 0 9
237 2471022 262 8 4 11
238 2471022 262 2 7 5
239 2489321 266 3 10 42
240 2502540 269 4 6 99
241 2520720 279 6 1 37
242 2534215 283 5 1 81
243 2547392 285 4 0 5994
244 2547392 285 4 2 275
245 2693361 287 9 4 10
246 2693361 287 5 10 7
247 2693361 287 4 8 5
248 2693361 287 6 7 807
249 2693361 287 8 7 1615
250 2693361 287 4 5 2
251 2693361 287 1 3 5
252 2693361 287 8 2 9
253 2693361 287 5 9 1
254 2693361 287 9 7 807
255 2693361 287 2 7 12118
256 2693361 287 5 4 1
257 2693361 287 2 6 24
258 2693361 287 9 10 7
259 2693361 287 2 10 30
260 2747779 291 10 1 2688
261 2747779 291 3 3 844
262 2747779 291 0 7 111
263 2747779 291 6 7 333
264 2747779 291 1 7 111
265 2797661 292 3 10 3
266 2797661 292 2 10 1
267 2797661 292 4 9 176
268 2797661 292 8 1 1776
269 2797661 292 0 1 197
270 2797661 292 9 8 218
271 2797661 292 1 10 2
272 2801448 293 8 1 87
273 2832031 298 9 2 37
274 2832031 298 9 3 134
275 2832031 298 9 9 5
276 2832031 298 1 3 1
277 2834067 299 9 6 1644
278 2894229 303 9 0 1
279 2894229 303 8 9 204
280 2894229 303 2 2 1892
281 2894229 303 1 2 1892
282 2928569 304 2 8 40
283 2928569 304 3 10 1954
284 2928569 304 2 5 23
285 2928569 304 2 2 74
286 2928569 304 3 2 24
287 2935197 305 6 7 116
288 2949831 308 6 5 6089
289 2949831 308 6 8 78
290 3047270 317 6 9 10
291 3047270 317 2 3 54
292 3047270 317 2 0 4
293 3047270 317 1 3 109
294 3047270 317 7 2 1697
295 3047270 317 0 10 55
296 3047270 317 4 9 5
297 3047270 317 10 4 10
298 3055181 322 7 5 121
299 3075483 324 7 9 95
300 3084935 327 2 1 180
301 3119517 328 2 5 297
302 3119517 328 4 9 2
303 3132290 330 0 10 1364
304 3132290 330 0 4 194
305 3132290 330 0 6 47
306 3134495 334 1 9 1536
307 3142764 335 1 2 44
308 3142764 335 1 9 28
309 3142764 335 1 8 44
310 3177098 339 10 2 2880
311 3177098 339 2 7 15
312 3177098 339 1 5 856
313 3177098 339 6 5 190
314 3212124 340 0 0 20
315 3212124 340 5 8 451
316 3212124 340 5 4 1
317 3212124 340 2 8 1806
318 3218438 343 6 4 129
319 3237067 349 6 6 8522
320 3254822 353 0 10 3133
321 3254822 353 0 0 27082
322 3255331 354 2 5 5284
323 3260819 357 2 8 157
324 3283165 362 5 2 1
325 3288440 363 4 4 31
326 3297043 366 7 9 52
327 3300812 367 6 3 60
328 3317303 369 1 9 476
329 3317303 369 10 9 168
330 3351144 370 7 3 10
331 3351144 370 7 2 9
332 3351144 370 6 9 23
333 3351144 370 8 3 10
334 3351144 370 2 8 3
335 3351144 370 1 3 30
336 3359183 377 9 8 86
337 3360133 379 1 3 2
338 3385017 380 10 6 315
339 3388629 382 4 0 30
340 3396064 386 0 3 488
341 3400830 387 5 9 1
342 3400830 387 9 9 1
343 3424062 388 0 5 38
344 3424062 388 7 6 202
345 3424062 388 7 9 4765
346 3505570 390 9 10 1
347 3505570 390 1 9 174
348 3505570 390 0 10 1
349 3505570 390 6 10 1
350 3505570 390 3 9 174
351 3505570 390 3 1 10
352 3505570 390 1 4 27
353 3505570 390 8 1 2
354 3505570 390 10 3 596
355 3538615 394 2 4 16746
356 3638397 395 5 4 1
357 3638397 395 6 2 1
358 3638397 395 1 3 52
359 3638397 395 2 6 54
360 3638397 395 3 6 54
361 3638397 395 9 5 532
362 3638397 395 0 0 1322
363 3638397 395 3 5 177
364 3638397 395 5 9 2555
365 3638397 395 5 0 2203
366 3638397 395 0 9 2555
367 3646736 397 3 10 99
368 3648121 398 9 9 103
369 3657318 401 5 3 2385
370 3692224 402 9 1 1815
371 3692224 402 9 10 117
372 3705404 406 1 10 204
373 3720032 407 2 10 6135
374 3720271 408 2 8 119
375 3790047 409 10 6 11
376 3790047 409 8 1 542
377 3790047 409 6 7 1
378 3790047 409 2 6 1
379 3790047 409 5 7 1
380 3790047 409 1 8 13
381 3790047 409 2 5 3188
382 3790047 409 2 8 120
383 3828116 413 2 0 144
384 3828116 413 9 7 32
385 3835029 417 6 2 58
386 3842711 420 5 1 59
387 3858693 422 0 7 62
388 3873611 424 7 9 6021
389 3873611 424 7 10 493
390 3998297 428 5 10 4
391 3998297 428 0 8 7
392 3998297 428 2 7 1
393 3998297 428 1 2 17
394 3998297 428 3 8 2
395 3998297 428 4 10 38
396 3998297 428 6 7 1
397 3998297 428 5 8 2
398 3998297 428 8 3 7
399 3998297 428 8 7 1
400 3998297 428 9 0 1
401 3998297 428 7 1 110959
402 3998297 428 3 9 1
403 3998297 428 6 3 3
404 4068211 430 1 3 4
405 4068211 430 8 6 190
406 4068211 430 8 2 36
407 4068211 430 4 7 17
408 4068211 430 8 4 3
409 4068211 430 0 10 2
410 4068211 430 4 10 5
411 4068211 430 0 2 18
412 4068211 430 0 8 2
413 4068211 430 4 4 3
414 4068211 430 4 1 7361
415 4068211 430 3 1 3154
416 4085389 435 6 6 24
417 4096383 442 6 1 1280
418 4101706 443 6 10 95
419 4101706 443 6 4 108
420 4111024 446 8 4 28
421 4121976 452 1 10 36
422 4126920 454 8 8 35
423 4183442 457 0 9 13
424 4183442 457 10 3 44
425 4183442 457 4 1 1
426 4183442 457 2 10 5
427 4183442 457 8 9 13
428 4209906 460 1 1 356
429 4263971 461 0 7 1
430 4263971 461 9 5 1
431 4263971 461 5 6 122
432 4263971 461 4 7 1
433 4263971 461 6 5 4
434 4263971 461 7 5 1
435 4263971 461 8 10 1
436 4263971 461 4 9 7
437 4263971 461 7 1 11
438 4263971 461 0 2 5
439 4263971 461 4 8 9
440 4263971 461 0 8 9
441 4271391 465 3 0 20
442 4440816 466 4 5 1
443 4440816 466 2 5 1
444 4440816 466 2 2 50
445 4440816 466 0 1 14
446 4440816 466 1 8 1
447 4440816 466 0 9 20
448 4440816 466 1 10 2
449 4440816 466 7 8 1
450 4440816 466 10 10 4
451 4440816 466 9 5 1
452 4440816 466 10 3 1801
453 4440816 466 9 0 7
454 4440816 466 9 1 2
455 4440816 466 5 1 2
456 4440816 466 5 5 1
457 4440816 466 10 8 1
458 4482762 467 6 7 5
459 4482762 467 0 1 1
460 4482762 467 6 5 5
461 4494276 468 7 10 33231
462 4506492 471 1 10 923
463 4518248 472 2 0 14
464 4518248 472 7 0 7
465 4565760 473 10 2 7
466 4565760 473 3 8 52
467 4565760 473 6 9 2
468 4565760 473 1 9 12
469 4565760 473 5 9 2
470 4565760 473 0 3 14
471 4712890 475 5 6 1
472 4712890 475 2 9 5
473 4712890 475 5 9 5
474 4712890 475 7 1 10
475 4712890 475 7 8 5
476 4712890 475 1 3 23
477 4712890 475 0 5 2
478 4712890 475 8 8 60
479 4712890 475 7 4 1
480 4712890 475 8 5 2
481 4712890 475 4 8 2
482 4712890 475 7 7 9
483 4712890 475 3 1 3
484 4712890 475 5 2 1
485 4712890 475 9 0 1
486 4728746 477 2 3 89
487 4728746 477 2 8 74
488 4739942 479 7 9 1
489 4739942 479 5 9 1
490 4739942 479 6 9 1
491 4746270 481 5 10 87
492 4768011 487 5 1 65
493 4768011 487 5 3 3411
494 4768011 487 5 7 808
495 4768616 488 10 4 7643
496 4786586 489 8 9 31
497 4786586 489 0 5 94
498 4786586 489 0 1 222
499 4786586 489 0 0 785
500 4795918 493 8 7 18
501 4797517 495 10 10 23
502 4935673 498 10 8 514
503 4935673 498 3 10 13
504 4935673 498 4 10 13
505 4935673 498 5 6 1
506 4935673 498 7 9 18
507 4935673 498 8 9 1
508 4935673 498 4 8 1028
509 4935673 498 8 3 1
510 4935673 498 7 1 17
511 4935673 498 3 4 50
512 4935673 498 10 9 1
513 4935673 498 3 1 35
514 4935673 498 1 2 56
515 4935673 498 8 2 4
516 4935673 498 3 9 1
517 4935673 498 8 10 26
518 4947111 499 7 7 71
519 4947111 499 7 5 7680
520 4947415 500 3 0 227
521 4958136 504 0 10 30
522 4958136 504 3 10 30
523 5037553 507 8 9 7
524 5037553 507 5 6 3
525 5037553 507 9 1 1
526 5037553 507 5 1 2
527 5037553 507 6 3 7
528 5037553 507 4 7 72
529 5037553 507 6 1 1
530 5037553 507 8 2 17
531 5040528 508 5 8 38
532 5068746 510 7 1 5
533 5068746 510 7 0 47
534 5151847 513 3 8 1009
535 5151847 513 0 4 200
536 5151847 513 2 4 200
537 5151847 513 3 2 6
538 5151847 513 5 2 6
539 5151847 513 5 6 80
540 5168932 516 2 3 1
541 5168932 516 9 3 1
542 5168932 516 7 3 1
543 5178179 525 2 7 173
544 5187341 528 3 7 128
545 5188171 529 4 9 374
546 5188171 529 3 9 374
547 5191092 532 9 9 7164
548 5206410 535 7 1 59
549 5206410 535 8 7 12
550 5206410 535 0 7 12
551 5209986 537 4 10 11
552 5214836 540 7 7 98
553 5232084 542 1 4 16
554 5232084 542 1 2 138
555 5232084 542 1 9 38
556 5245360 547 4 0 5771
557 5245903 548 5 7 298
558 5278006 551 7 9 4879
559 5278006 551 10 6 30
560 5278006 551 0 1 26
561 5278006 551 9 1 7
562 5428730 555 1 9 2
563 5428730 555 0 9 2
564 5428730 555 10 4 829
565 5428730 555 0 5 3
566 5428730 555 9 9 30
567 5428730 555 5 10 1
568 5428730 555 10 5 1
569 5428730 555 10 10 2
570 5428730 555 2 6 94
571 5428730 555 0 4 829
572 5428730 555 5 7 7
573 5428730 555 10 9 2
574 5428730 555 2 2 2628
575 5428730 555 10 1 95
576 5428730 555 7 5 11
577 5428730 555 6 3 202
578 5428730 555 3 6 47
579 5428730 555 1 3 202
580 5428730 555 5 1 95
581 5481200 556 8 7 15
582 5493233 557 3 8 1648
583 5508161 558 1 5 72
584 5531998 562 10 5 78
585 5531998 562 10 2 37
586 5531998 562 10 0 17
587 5545902 563 10 6 1067
588 5549928 564 4 9 23
589 5556747 565 1 3 65
590 5556747 565 1 9 136
591 5556747 565 1 7 39
592 5557423 567 1 5 9237
593 5614253 569 5 5 1
594 5614253 569 5 6 1
595 5614253 569 4 6 1
596 5614253 569 6 7 1
597 5614253 569 10 3 1
598 5671334 576 10 0 51
599 5671334 576 0 6 27
600 5705021 582 4 9 88
601 5705021 582 4 7 3007
602 5705021 582 4 0 2716
603 5705021 582 4 1 20340
604 5717911 583 6 8 46
605 5717911 583 6 9 208
606 5735252 590 3 9 2305
607 5741386 592 10 1 40
608 5744329 593 9 9 1350
609 5798994 602 6 4 453
610 5798994 602 6 5 30
611 5798994 602 8 5 30
612 5798994 602 6 1 81
613 5798994 602 6 7 74
614 5800676 604 9 6 322
615 5801421 605 4 6 53
616 5821291 609 9 8 117
617 5835732 611 0 2 43
618 5835732 611 3 6 410
619 5835732 611 3 4 39
620 5835732 611 1 2 8
621 5961858 612 8 6 1
622 5961858 612 0 10 5
623 5961858 612 6 1 13
624 5961858 612 2 2 448
625 5961858 612 9 9 8
626 5961858 612 1 1 3
627 5961858 612 5 3 1
628 5961858 612 5 9 1
629 5961858 612 4 10 5
630 5961858 612 4 6 1
631 5961858 612 3 7 5079
632 5961858 612 7 5 120
633 5961858 612 4 2 448
634 5961858 612 7 8 8
635 5961858 612 1 8 17
636 5972462 613 3 9 4062
637 5972462 613 3 3 19596
638 6091605 616 1 9 5
639 6091605 616 8 8 1
640 6091605 616 2 1 1
641 6091605 616 10 6 36
642 6091605 616 3 9 11
643 6091605 616 10 5 1227
644 6091605 616 0 5 1227
645 6091605 616 6 8 1
646 6091605 616 2 6 72
647 6091605 616 7 9 2
648 6091605 616 4 4 78
649 6091605 616 2 2 1
650 6091605 616 2 10 854
651 6091605 616 6 4 1
652 6099695 618 2 8 38
653 6099695 618 7 8 12
654 6115546 624 1 5 2839
655 6115546 624 0 5 2839
656 6116567 625 2 0 34
657 6116567 625 7 0 104
658 6132286 626 2 7 117
659 6149171 628 1 7 2415
660 6161954 631 5 1 1
661 6161954 631 5 6 491
662 6191743 633 5 8 159
663 6197418 634 7 8 2395
664 6204769 635 5 2 135
665 6204769 635 5 0 102
666 6220427 638 0 6 40
667 6295582 644 9 10 2
668 6295582 644 2 1 20
669 6295582 644 3 8 908
670 6295582 644 0 3 10
671 6295582 644 6 5 15
672 6295582 644 4 6 1
673 6295582 644 1 10 1
674 6295582 644 2 7 92
675 6299133 646 2 9 12
676 6304728 654 7 5 44
677 6308289 658 0 3 6037
678 6311412 660 10 7 16605
679 6319828 661 6 0 13
680 6331335 668 5 4 33132
681 6431702 671 4 1 238
682 6431702 671 2 3 123
683 6431702 671 0 7 1
684 6431702 671 5 1 715
685 6431702 671 10 5 30
686 6431702 671 6 6 41
687 6431702 671 4 8 5
688 6431702 671 3 6 8
689 6435252 673 9 1 956
690 6451736 675 2 9 21
691 6451736 675 2 1 64
692 6473737 681 4 4 1319
693 6473737 681 10 5 12
694 6553471 683 7 8 11
695 6553471 683 6 4 638
696 6553471 683 4 6 10
697 6553471 683 7 9 15
698 6553471 683 8 1 50
699 6553471 683 1 6 20
700 6554758 684 9 2 1039
701 6555153 685 1 4 41
702 6617910 690 4 9 17
703 6617910 690 8 0 3850
704 6617910 690 8 9 17
705 6664182 693 8 9 102
706 6821790 695 0 2 793
707 6821790 695 4 1 41
708 6821790 695 4 0 21
709 6821790 695 0 5 14
710 6821790 695 6 3 4
711 6821790 695 2 10 1
712 6821790 695 8 7 8
713 6821790 695 2 7 1
714 6821790 695 0 6 38
715 6821790 695 3 4 1
716 6821790 695 6 0 64
717 6821790 695 1 10 1
718 6821790 695 3 2 793
719 6864170 698 10 0 4
720 6864170 698 5 6 48
721 6883211 701 9 2 76
722 6883211 701 2 9 1
723 6914100 702 0 1 25
724 6914100 702 0 6 22
725 6914100 702 0 3 1
726 6914100 702 4 10 74
727 6945275 703 9 0 37
728 6945275 703 9 6 38
729 6945275 703 2 7 1370
730 6945275 703 9 1 49
731 6945275 703 2 2 4702
732 6971565 710 3 10 1
733 6971565 710 3 3 119
734 6983123 712 2 4 49
735 6989825 714 2 2 9758
736 6990201 715 8 7 12
737 6995639 717 0 7 4
738 6995639 717 9 7 35
739 7053521 718 10 10 10
740 7053521 718 6 5 175
741 7053521 718 10 3 15
742 7053521 718 1 1 6
743 7053521 718 1 5 87
744 7053521 718 5 1 6
745 7053521 718 2 4 27
746 7053521 718 6 3 15
747 7053521 718 8 9 31
748 7053521 718 7 5 3430
749 7053521 718 7 9 31
750 7053521 718 0 0 1
751 7055800 720 10 8 8567
752 7081340 723 3 8 7
753 7091971 724 6 3 4789
754 7093208 725 2 3 90
755 7148308 732 7 0 1
756 7148308 732 4 3 39
757 7148308 732 0 3 15
758 7149211 734 2 0 38
759 7184654 735 6 1 62
760 7187146 736 2 6 1770
761 7196209 737 5 0 44
762 7196209 737 9 0 44
763 7293613 741 8 9 44
764 7293613 741 1 1 989
765 7293613 741 3 6 2
766 7293613 741 9 4 33
767 7294628 742 9 10 31
768 7296130 743 2 8 31
769 7312884 748 5 8 56
770 7326701 749 10 5 24
771 7400055 751 0 10 17
772 7400055 751 4 2 597
773 7400055 751 8 9 15
774 7400055 751 0 5 12
775 7400055 751 2 9 31
776 7400055 751 8 3 485
777 7400055 751 10 8 1
778 7400055 751 0 9 15
779 7413371 752 1 9 1
780 7432208 755 9 8 92
781 7432208 755 9 1 352
782 7511638 766 8 5 13
783 7511638 766 1 4 16
784 7511638 766 2 4 48
785 7543944 768 8 7 6
786 7573480 778 7 9 14
787 7573480 778 8 9 7
788 7598272 787 4 4 18
789 7598272 787 2 4 78
790 7604846 791 7 1 1
791 7620927 798 4 2 46
792 7637624 804 4 4 621
793 7637624 804 4 9 9
794 7641070 805 1 6 154
795 7648845 811 6 2 58
796 7650374 812 1 5 1916
797 7674545 820 2 2 104
798 7817623 822 9 4 1
799 7817623 822 8 2 3
800 7817623 822 7 4 1
801 7817623 822 6 1 1
802 7817623 822 4 8 239
803 7817623 822 10 6 8
804 7817623 822 8 10 3
805 7817623 822 3 5 338
806 7817623 822 0 5 26
807 7817623 822 7 2 12
808 7817623 822 9 6 4
809 7817623 822 3 7 414
810 7817623 822 10 0 1
811 7817623 822 8 5 156
812 7932267 823 10 5 599
813 7932267 823 10 2 12
814 7932267 823 5 2 6
815 7932267 823 1 7 1502
816 7932267 823 10 3 2
817 7932267 823 10 9 1
818 7932267 823 10 1 969
819 7932267 823 3 2 6
820 7932267 823 9 8 1
821 7932267 823 1 4 3553
822 7932267 823 1 3 13
823 7932267 823 8 8 2
824 7935171 824 6 10 142
825 7968602 825 5 8 63
826 7968602 825 4 5 112
827 7968602 825 7 1 19
828 7989815 831 1 10 1198
829 8015566 833 7 5 22
830 8015566 833 7 1 62
831 8032414 834 9 4 61
832 8032414 834 1 5 908
833 8032414 834 9 10 1400
834 8059203 842 1 5 143
835 8059203 842 1 8 2391
836 8059203 842 1 9 9530
837 8071608 845 4 7 9
838 8081434 846 5 3 96
839 8083442 849 9 10 39
840 8089088 853 9 0 60
841 8095550 856 3 4 30
842 8120842 859 6 4 66
843 8120842 859 6 5 14093
844 8133169 861 3 3 2378
845 8133169 861 3 4 112
846 8144614 863 2 0 9
847 8222332 864 8 8 113
848 8222332 864 5 9 35
849 8222332 864 2 0 1809
850 8222332 864 7 5 30
851 8222332 864 10 1 14
852 8222332 864 4 5 15
853 8222332 864 6 10 172
854 8222332 864 6 8 339
855 8232567 870 0 3 6
856 8243121 871 6 3 767
857 8248245 872 1 4 73
858 8263106 874 2 1 40
859 8263106 874 2 9 31
860 8263106 874 2 6 213
861 8263106 874 2 4 61
862 8273624 877 10 6 24
863 8284135 881 1 2 561
864 8347857 886 0 1 11
865 8347857 886 3 0 14
866 8347857 886 0 4 1
867 8347857 886 4 8 20
868 8347857 886 1 7 1
869 8347857 886 7 6 555
870 8347857 886 3 4 1
871 8347857 886 6 5 25
872 8347857 886 5 6 555
873 8347857 886 10 4 19
874 8347857 886 1 3 48
875 8359121 888 10 9 16
876 8422198 894 9 3 12
877 8422198 894 2 4 56
878 8422198 894 8 10 133
879 8422198 894 10 1 194
880 8422198 894 0 5 1
881 8422198 894 0 10 33
882 8422198 894 4 2 5
883 8458654 896 8 3 3173
884 8458654 896 9 3 1586
885 8466372 898 1 1 158
886 8475991 899 6 6 12658
887 8475991 899 6 7 61
888 8475992 900 0 7 201
889 8485884 901 4 2 30
890 8485884 901 9 2 30
891 8485884 901 7 2 30
892 8513891 905 2 8 95
893 8513891 905 5 8 95
894 8513891 905 3 8 95
895 8513891 905 7 8 95
896 8542490 907 2 9 153
897 8554839 909 9 6 8913
898 8554839 909 9 10 26
899 8554839 909 9 7 11407
900 8581122 913 0 2 19
901 8581122 913 7 2 19
902 8583938 914 4 3 171
903 8586922 915 5 10 65
904 8608262 919 6 1 1
905 8608262 919 5 1 1
906 8611220 920 8 9 28
907 8628574 924 5 6 11
908 8628574 924 0 6 1
909 8628574 924 10 6 1
910 8628574 924 8 6 3
911 8646401 926 7 8 20
912 8791533 929 1 6 54
913 8791533 929 4 7 2
914 8791533 929 0 9 8
915 8791533 929 8 4 1756
916 8791533 929 3 3 3
917 8791533 929 5 9 4
918 8791533 929 9 9 4
919 8791533 929 6 2 42
920 8791533 929 2 9 4
921 8791533 929 4 3 3
922 8791533 929 5 8 4
923 8791533 929 6 8 4
924 8875965 930 5 9 71
925 8875965 930 4 6 79
926 8875965 930 2 7 21
927 8875965 930 4 7 10
928 8875965 930 4 4 13007
929 8875965 930 9 0 9968
930 8875965 930 2 1 28
931 8952214 931 5 10 225
932 8952214 931 3 9 2119
933 8952214 931 8 7 45
934 8952214 931 5 0 1056
935 8952214 931 6 7 6
936 8952214 931 3 2 81995
937 9002668 932 8 8 6
938 9002668 932 10 9 4
939 9002668 932 1 1 779
940 9002668 932 10 7 10
941 9002668 932 1 6 4
942 9002668 932 6 7 3
943 9002668 932 9 10 23
944 9002668 932 8 0 2
945 9002668 932 6 10 47
946 9002668 932 1 10 23
947 9168808 941 10 1 288
948 9168808 941 4 5 41
949 9168808 941 0 8 5
950 9168808 941 8 4 11
951 9168808 941 9 5 13
952 9168808 941 9 2 8
953 9168808 941 3 6 2
954 9168808 941 9 1 288
955 9168808 941 9 10 18
956 9168808 941 1 8 1
957 9168808 941 10 7 2
958 9168808 941 2 5 27
959 9168808 941 4 8 1
960 9168808 941 3 3 2
961 9168808 941 0 0 5
962 9170814 943 4 0 2
963 9173790 945 9 1 9558
964 9174409 946 1 9 112
965 9187447 948 8 4 5
966 9187447 948 1 4 16
967 9203621 950 9 8 7
968 9207914 952 4 4 55
969 9209869 956 4 1 1266
970 9215475 957 4 9 17
971 9234568 959 10 1 1320
972 9248573 961 1 5 343
973 9248573 961 2 5 687
974 9248573 961 6 5 2407
975 9348674 967 6 8 44
976 9348674 967 4 8 44
977 9348674 967 5 0 9
978 9348674 967 0 0 9
979 9348674 967 5 1 1846
980 9348674 967 7 7 243
981 9352467 968 1 3 51
982 9361277 970 10 6 74
983 9378675 972 10 7 53
984 9378675 972 10 10 169
985 9404353 973 0 6 19
986 9404353 973 0 7 14257
987 9405699 974 2 10 4704
988 9408298 975 10 8 1
989 9410055 976 3 10 11971
990 9425752 980 1 10 102
991 9435479 987 9 9 42
992 9454242 993 4 6 32
993 9454242 993 4 5 84
994 9475153 994 1 0 3
995 9475153 994 4 4 38
996 9475153 994 5 5 16
997 9475153 994 9 0 3
998 9475153 994 6 1 1
999 9483689 997 0 3 22
