11 353 1000
0 24103 0 9 0 1
1 24103 0 9 6 12
2 91994 3 10 7 31
3 91994 3 9 6 284
4 91994 3 5 9 20
5 91994 3 9 9 20
6 91994 3 10 3 252
7 91994 3 10 10 1871
8 106483 4 9 8 4
9 168158 9 4 1 2
10 168158 9 7 8 2
11 168158 9 7 5 35
12 168158 9 1 7 39
13 168158 9 4 2 98
14 168158 9 1 4 2
15 178429 10 2 1 870
16 178429 10 4 1 8702
17 236064 13 7 4 3064
18 236064 13 1 9 30152
19 236064 13 8 1 265
20 236064 13 3 5 41
21 244086 16 4 4 11
22 308835 17 5 8 30
23 308835 17 1 7 17
24 308835 17 7 1 44
25 322229 18 1 1 13067
26 322229 18 1 7 209
27 325852 19 1 0 84
28 362511 21 3 9 94
29 362511 21 3 10 68
30 362511 21 3 4 45
31 362511 21 3 8 86
32 376726 25 3 0 5933
33 391445 27 0 0 1040
34 391445 27 7 0 130
35 426681 29 2 9 94
36 438266 31 1 7 4140
37 443669 33 8 7 56
38 444196 34 3 5 1261
39 467198 37 0 8 6
40 467198 37 3 8 6
41 489413 39 0 5 34
42 494360 40 0 1 119
43 520972 44 1 5 455
44 520972 44 1 1 36
45 520972 44 1 8 59
46 523243 45 1 6 1063
47 526717 48 8 8 26
48 688153 51 5 6 1
49 688153 51 0 9 5
50 688153 51 0 6 1
51 688153 51 3 7 11
52 688153 51 10 7 5
53 688153 51 7 0 21
54 688153 51 0 2 10
55 688153 51 7 8 1
56 688153 51 8 8 1
57 688153 51 0 5 33
58 688153 51 7 4 15
59 688153 51 0 10 1
60 688153 51 8 7 5
61 692174 54 0 10 4501
62 692174 54 9 10 4501
63 776492 59 2 3 5
64 776492 59 1 0 2
65 776492 59 1 2 204
66 823842 68 8 4 1
67 962617 75 1 8 1
68 962617 75 8 0 63
69 962617 75 4 2 7002
70 962617 75 10 7 1
71 962617 75 6 9 1
72 962617 75 3 5 115
73 962617 75 2 5 577
74 962617 75 8 9 1
75 974418 77 0 4 105
76 1106757 84 2 7 21
77 1106757 84 10 6 1
78 1106757 84 6 6 1
79 1106757 84 2 3 4
80 1106757 84 6 7 65
81 1106757 84 7 2 154
82 1106757 84 3 10 6
83 1106757 84 6 8 1
84 1106757 84 4 8 3
85 1106757 84 6 5 4
86 1106757 84 7 7 21
87 1106757 84 2 10 6
88 1106757 84 10 9 1
89 1107084 85 8 6 404
90 1136677 89 7 1 10154
91 1136677 89 7 6 1461
92 1136677 89 7 0 56
93 1168516 94 1 5 756
94 1192503 97 3 9 3687
95 1259315 99 0 6 10
96 1259315 99 9 2 19
97 1259315 99 7 2 19
98 1259315 99 9 5 5
99 1259315 99 9 9 85
100 1259315 99 0 3 63
101 1373832 102 1 4 4
102 1373832 102 0 2 483
103 1373832 102 7 3 5
104 1373832 102 0 7 3
105 1373832 102 1 3 5
106 1373832 102 9 1 7
107 1373832 102 8 10 21
108 1373832 102 6 4 12
109 1373832 102 5 1 3
110 1373832 102 0 1 3
111 1373832 102 4 4 4
112 1373832 102 4 6 1
113 1393829 104 4 8 216
114 1393829 104 4 9 60
115 1396830 105 1 5 326
116 1449952 108 2 5 16
117 1449952 108 2 0 226
118 1449952 108 3 10 3
119 1449952 108 3 0 226
120 1449952 108 7 0 3619
121 1449952 108 2 2 1
122 1449952 108 7 2 1
123 1456943 110 3 3 4665
124 1456943 110 3 10 47
125 1478038 116 2 9 68
126 1478038 116 2 2 161
127 1478038 116 2 8 217
128 1492278 117 0 2 132816
129 1509077 118 1 5 301
130 1509077 118 4 2 2
131 1512329 120 0 7 124
132 1517430 123 10 10 32
133 1523469 124 2 3 7
134 1523469 124 9 3 28
135 1528431 126 3 0 39
136 1557423 127 0 0 130
137 1559623 129 4 10 22
138 1587131 134 1 6 1980
139 1587131 134 8 3 3
140 1587874 135 1 8 667
141 1615990 136 1 10 32
142 1708193 137 2 3 9
143 1708193 137 10 9 2136
144 1708193 137 0 6 9
145 1708193 137 9 7 3
146 1708193 137 1 0 4
147 1708193 137 3 4 99
148 1708193 137 7 9 2136
149 1709703 138 9 5 109
150 1736398 143 0 5 3991
151 1762067 147 9 6 19051
152 1781507 150 2 5 126
153 1781507 150 2 9 28
154 1886551 154 5 0 2
155 1886551 154 9 7 1284
156 1886551 154 9 5 69
157 1886551 154 5 8 21
158 1886551 154 1 6 460
159 1886551 154 0 9 11
160 1886551 154 0 0 4
161 1886551 154 5 10 2
162 1892664 156 2 8 23
163 2004585 160 2 4 4
164 2004585 160 3 2 843
165 2004585 160 8 6 5
166 2004585 160 1 6 2
167 2004585 160 9 6 2
168 2004585 160 10 8 306
169 2004585 160 8 1 17
170 2004585 160 0 9 9
171 2044674 162 2 1 2890
172 2063551 165 4 4 14
173 2063551 165 7 4 29
174 2070051 168 7 2 30
175 2086128 170 3 5 103
176 2115484 174 6 6 96
177 2115484 174 5 4 18
178 2155116 177 0 9 9
179 2155116 177 0 5 42
180 2156901 178 7 0 104
181 2165534 183 4 0 35
182 2170520 184 0 5 54
183 2174972 186 8 0 11839
184 2211512 194 3 3 63
185 2215141 196 9 4 86
186 2299565 198 4 10 7
187 2299565 198 7 9 7
188 2299565 198 8 0 5
189 2299565 198 0 0 5
190 2299565 198 10 0 5
191 2299565 198 1 8 11
192 2299565 198 7 2 6
193 2299565 198 6 10 86
194 2299565 198 0 1 4
195 2299565 198 4 3 10
196 2299565 198 5 9 31
197 2299565 198 1 1 4
198 2299565 198 6 4 2
199 2309382 202 3 0 194
200 2309382 202 3 6 222
201 2334241 203 7 7 7494
202 2334241 203 7 10 2495
203 2334241 203 8 2 64
204 2334241 203 7 0 49
205 2339212 205 0 3 62
206 2341671 206 3 6 88
207 2381508 210 4 3 1
208 2385775 211 10 6 59
209 2388032 215 7 4 8130
210 2398292 217 6 4 13
211 2406061 221 8 7 220
212 2468599 229 2 0 31
213 2468599 229 0 2 616
214 2468599 229 2 7 9
215 2519027 230 8 9 29
216 2616780 233 3 4 11532
217 2616780 233 10 3 12
218 2616780 233 7 5 3
219 2616780 233 0 1 4
220 2616780 233 9 8 94
221 2616780 233 6 0 44
222 2616780 233 5 7 1
223 2616780 233 7 10 160
224 2616780 233 4 0 7
225 2622338 235 2 7 17
226 2660602 237 4 9 11
227 2677176 239 0 1 9
228 2677176 239 8 1 9
229 2777776 241 7 7 6
230 2777776 241 7 8 1
231 2777776 241 9 5 1682
232 2777776 241 3 2 1952
233 2777776 241 4 2 1952
234 2777776 241 7 5 5047
235 2777776 241 6 0 9
236 2777776 241 7 3 1
237 2777776 241 6 3 1
238 2783616 244 4 1 1
239 2854156 259 2 10 622
240 2854156 259 7 1 2675
241 2854156 259 6 1 1783
242 2854156 259 0 7 51
243 2965227 262 2 6 8
244 2965227 262 2 0 9
245 2965227 262 0 8 21
246 2965227 262 4 1 30
247 2965227 262 3 10 6
248 2965227 262 3 6 51
249 2965227 262 2 4 9
250 2965227 262 3 3 1
251 2965227 262 8 8 7
252 2965227 262 0 1 30
253 2979118 263 4 10 1524
254 2979118 263 8 10 3048
255 3003048 269 4 5 39
256 3017167 272 1 5 106
257 3056871 285 4 9 314
258 3056871 285 4 8 94
259 3232033 287 9 4 10
260 3232033 287 6 1 15
261 3232033 287 5 3 5
262 3232033 287 3 7 807
263 3232033 287 10 3 5
264 3232033 287 5 0 3
265 3232033 287 2 10 30
266 3232033 287 8 7 1615
267 3232033 287 5 4 1
268 3232033 287 4 0 1
269 3232033 287 1 9 3
270 3232033 287 1 2 3
271 3232033 287 4 9 1
272 3232033 287 7 9 1
273 3232033 287 6 4 1
274 3232033 287 5 1 6
275 3232033 287 7 10 15
276 3232033 287 8 8 5
277 3232033 287 7 2 3
278 3235183 290 5 7 223
279 3297335 291 0 1 128
280 3297335 291 0 0 33
281 3297335 291 1 0 1
282 3297335 291 6 8 8
283 3297335 291 4 6 2047
284 3297335 291 2 6 1228
285 3297335 291 9 1 256
286 3357194 292 4 8 218
287 3357194 292 0 1 197
288 3357194 292 7 8 218
289 3357194 292 8 0 6
290 3398437 298 9 6 844
291 3398437 298 1 1 12
292 3398437 298 9 0 21
293 3398437 298 9 2 37
294 3398437 298 1 8 2839
295 3473075 303 8 8 324
296 3473075 303 4 2 1892
297 3473075 303 1 8 973
298 3473075 303 10 0 1
299 3473075 303 3 2 1892
300 3473075 303 2 0 2
301 3514283 304 3 7 25
302 3514283 304 3 6 1731
303 3522236 305 7 7 38
304 3526053 307 8 4 476
305 3540361 309 3 0 37
306 3558103 311 2 10 76
307 3562302 315 2 10 1706
308 3656724 317 10 8 83
309 3656724 317 6 9 10
310 3656724 317 4 2 565
311 3656724 317 2 5 964
312 3656724 317 6 5 3859
313 3656724 317 4 5 964
314 3660020 318 2 7 11
315 3665388 321 1 5 3080
316 3690580 324 1 5 7
317 3693088 325 9 9 165
318 3701922 327 1 3 3434
319 3743421 328 5 8 267
320 3743421 328 2 0 3
321 3743421 328 0 0 1
322 3743421 328 10 5 297
323 3758748 330 0 9 26
324 3758748 330 0 5 91
325 3771317 335 1 4 11349
326 3784795 337 4 0 12758
327 3784795 337 4 9 42
328 3784795 337 4 6 86
329 3785642 338 7 5 18
330 3785642 338 1 5 37
331 3812517 339 6 3 215
332 3812517 339 4 10 8843
333 3854548 340 0 2 3
334 3854548 340 8 1 3
335 3854548 340 6 0 20
336 3854548 340 6 2 7
337 3877067 346 6 5 978
338 3884480 349 5 6 568
339 3884480 349 6 6 8522
340 3889271 350 9 6 38
341 3905787 353 0 7 193
342 3905787 353 0 8 90
343 3905787 353 0 4 219
344 3905787 353 0 2 34
345 3930066 361 6 9 119
346 3946128 363 8 4 62
347 3946128 363 4 4 31
348 3947394 365 3 3 670
349 3956452 366 9 5 2928
350 3980764 369 6 3 6
351 3980764 369 6 0 34
352 4021372 370 4 2 1
353 4021372 370 1 9 162
354 4021372 370 4 8 3
355 4021372 370 6 5 4
356 4021372 370 7 3 10
357 4030377 376 9 10 108
358 4032160 379 1 3 2
359 4062021 380 10 4 157
360 4064287 381 9 6 9029
361 4066355 382 4 0 30
362 4067327 383 4 6 187
363 4080996 387 5 9 1
364 4108874 388 7 9 4765
365 4108874 388 7 8 88
366 4108874 388 0 10 199
367 4206684 390 10 3 596
368 4206684 390 9 0 14
369 4206684 390 4 1 2
370 4206684 390 4 7 3
371 4206684 390 7 5 20
372 4206684 390 9 1 110
373 4207618 391 5 3 356
374 4241553 392 10 4 1281
375 4366077 395 2 3 10
376 4366077 395 10 2 2
377 4366077 395 3 7 1
378 4366077 395 3 5 177
379 4366077 395 5 8 66
380 4366077 395 2 4 1
381 4366077 395 2 7 1
382 4366077 395 7 0 440
383 4388781 401 10 3 1192
384 4430669 402 2 5 49
385 4430669 402 9 10 117
386 4430669 402 9 5 65
387 4432290 403 4 8 15143
388 4432800 404 5 0 21
389 4438560 405 2 5 15
390 4438560 405 9 5 62
391 4446485 406 8 0 35
392 4548056 409 2 8 120
393 4548056 409 6 2 3
394 4548056 409 10 7 1
395 4548056 409 8 4 782
396 4548056 409 10 9 30
397 4548056 409 2 3 3
398 4548056 409 5 2 7
399 4593740 413 2 4 4707
400 4593740 413 2 6 214
401 4593740 413 9 7 32
402 4595041 414 7 9 40
403 4602262 418 6 5 259
404 4603379 419 6 1 60
405 4611254 420 9 10 64
406 4630432 422 7 2 569
407 4648333 424 7 4 84
408 4648333 424 7 7 63
409 4797956 428 1 5 822
410 4797956 428 10 6 1
411 4797956 428 5 4 1
412 4797956 428 8 6 1
413 4797956 428 6 1 668
414 4797956 428 0 6 1
415 4797956 428 2 5 822
416 4797956 428 9 9 1
417 4797956 428 4 7 1
418 4797956 428 8 2 2
419 4797956 428 1 9 1
420 4797956 428 6 2 1
421 4797956 428 2 3 3
422 4881853 430 2 5 8
423 4881853 430 2 3 2
424 4881853 430 4 4 3
425 4881853 430 0 2 18
426 4892085 434 9 2 74
427 4913342 440 6 3 60
428 4913342 440 4 2 100
429 4913342 440 0 0 29
430 4922048 443 6 4 108
431 4927655 444 7 0 19
432 4946372 452 8 10 147
433 5020130 457 2 6 6
434 5020130 457 4 3 14
435 5020130 457 5 6 6
436 5020130 457 7 3 1
437 5020130 457 1 10 5
438 5020130 457 1 4 1
439 5027211 458 3 6 11201
440 5051888 460 1 10 64
441 5051888 460 1 8 47
442 5051888 460 1 6 9
443 5051888 460 1 5 102
444 5051888 460 1 1 356
445 5116766 461 5 5 163
446 5116766 461 8 7 1
447 5116766 461 10 4 5
448 5116766 461 10 7 1
449 5116766 461 7 10 1
450 5116766 461 10 9 7
451 5116766 461 3 7 1
452 5328979 466 9 7 1
453 5328979 466 1 5 2
454 5328979 466 2 6 20
455 5328979 466 7 9 12
456 5328979 466 8 9 4
457 5328979 466 9 6 4
458 5328979 466 4 1 2
459 5328979 466 3 9 4
460 5328979 466 0 8 1
461 5328979 466 6 7 1
462 5328979 466 0 3 1801
463 5328979 466 7 5 1
464 5328979 466 0 0 7
465 5328979 466 4 6 4
466 5328979 466 6 9 4
467 5328979 466 5 0 7
468 5328979 466 8 7 1
469 5328979 466 1 10 2
470 5328979 466 3 6 8
471 5328979 466 10 1 2
472 5328979 466 10 6 16
473 5379314 467 2 3 1
474 5379314 467 10 7 23
475 5393131 468 7 7 38
476 5407791 471 5 10 923
477 5421898 472 7 0 7
478 5478912 473 1 10 3
479 5478912 473 5 2 23
480 5478912 473 5 3 14
481 5478912 473 4 5 68
482 5478912 473 10 10 1
483 5478912 473 1 7 66
484 5478912 473 3 7 3
485 5655468 475 10 3 4
486 5655468 475 9 6 1
487 5655468 475 5 3 1
488 5655468 475 0 2 1
489 5655468 475 1 3 23
490 5655468 475 0 10 10
491 5655468 475 6 5 2
492 5655468 475 1 9 5
493 5655468 475 2 6 1
494 5655468 475 3 4 1
495 5655468 475 6 3 1
496 5655468 475 3 1 3
497 5655468 475 10 9 10
498 5674495 477 2 2 17757
499 5687931 479 2 9 1
500 5687931 479 7 9 1
501 5700128 483 5 10 8
502 5721613 487 5 0 66373
503 5721613 487 5 4 344
504 5743903 489 3 5 94
505 5746162 490 10 2 27
506 5749131 491 2 10 39
507 5922807 498 3 5 526
508 5922807 498 7 9 18
509 5922807 498 5 8 514
510 5922807 498 0 10 13
511 5922807 498 7 7 29
512 5922807 498 9 1 319
513 5922807 498 5 2 9
514 5922807 498 8 4 50
515 5922807 498 1 8 5658
516 5922807 498 8 3 1
517 5922807 498 4 0 10
518 5922807 498 7 10 39
519 5922807 498 0 9 1
520 5922807 498 10 3 4
521 5922807 498 9 2 4
522 5922807 498 0 2 4
523 5936534 499 7 5 7680
524 5936534 499 7 4 225
525 5951911 506 7 10 2637
526 6045064 507 4 0 6
527 6045064 507 7 6 7
528 6045064 507 8 2 17
529 6045064 507 5 5 49
530 6045064 507 9 3 14
531 6045064 507 0 2 17
532 6082496 510 7 7 2681
533 6082496 510 7 4 1991
534 6082496 510 6 6 71
535 6182216 513 2 9 20
536 6182216 513 7 4 200
537 6182216 513 3 2 6
538 6182216 513 10 2 6
539 6182216 513 0 6 80
540 6182216 513 2 4 200
541 6185664 515 10 1 15
542 6206809 520 0 2 1008
543 6215933 526 3 2 56
544 6247692 535 4 7 6
545 6247692 535 1 7 6
546 6247692 535 9 1 238
547 6247692 535 6 7 6
548 6251984 537 4 10 11
549 6251984 537 7 10 11
550 6278501 542 1 9 38
551 6280982 546 4 7 78
552 6294432 547 4 10 15
553 6333607 551 0 1 26
554 6347218 554 10 7 2037
555 6514476 555 7 10 4
556 6514476 555 8 3 1620
557 6514476 555 6 2 876
558 6514476 555 0 2 876
559 6514476 555 2 4 829
560 6514476 555 4 5 3
561 6514476 555 0 5 3
562 6514476 555 7 9 2
563 6514476 555 8 8 7
564 6514476 555 10 1 95
565 6514476 555 9 6 71
566 6514476 555 10 2 876
567 6514476 555 4 0 3
568 6514476 555 1 6 23
569 6514476 555 10 4 829
570 6514476 555 8 6 23
571 6514476 555 1 10 1
572 6514476 555 6 8 7
573 6514476 555 6 1 191
574 6577440 556 0 5 3164
575 6577440 556 0 7 15
576 6577440 556 10 0 11
577 6591880 557 3 5 64
578 6591880 557 3 0 5258
579 6591880 557 3 2 52
580 6609793 558 1 1 97
581 6609793 558 1 0 204
582 6609793 558 1 3 9246
583 6609793 558 1 4 2269
584 6638398 562 10 0 17
585 6638398 562 10 6 12990
586 6638398 562 10 4 31234
587 6638398 562 10 2 37
588 6655083 563 10 2 11
589 6668096 565 1 4 1356
590 6668888 566 3 6 39
591 6737104 569 10 2 78
592 6737104 569 7 1 1
593 6737104 569 0 10 6
594 6737104 569 5 5 1
595 6754007 575 6 8 15
596 6805600 576 1 0 51
597 6805600 576 6 9 146
598 6805600 576 0 2 51
599 6805600 576 10 6 4
600 6814728 578 3 9 11
601 6815127 579 3 0 57
602 6819364 581 6 9 62
603 6846025 582 4 10 93
604 6861493 583 6 7 1421
605 6861493 583 6 6 89
606 6861493 583 6 1 2272
607 6863656 585 10 3 1425
608 6876825 588 4 7 10
609 6876825 588 4 2 98
610 6876825 588 4 6 76
611 6888946 591 0 1 40
612 6888946 591 2 1 1
613 6888946 591 8 10 2
614 6901139 597 7 4 43
615 6910599 600 3 8 66
616 6958793 602 6 4 453
617 6981566 606 10 7 327
618 6981566 606 10 0 183
619 6982214 607 10 9 5247
620 6985107 608 8 4 11
621 7002878 611 2 4 117
622 7002878 611 7 6 205
623 7002878 611 2 2 8
624 7154230 612 7 0 71
625 7154230 612 10 3 19
626 7154230 612 2 0 71
627 7154230 612 4 2 448
628 7154230 612 10 0 142
629 7154230 612 2 5 120
630 7154230 612 9 4 26
631 7154230 612 3 6 6
632 7154230 612 8 0 713
633 7154230 612 9 0 1427
634 7154230 612 9 9 8
635 7154230 612 8 5 120
636 7154230 612 7 4 26
637 7309926 616 1 10 3419
638 7309926 616 8 7 200
639 7309926 616 4 5 1227
640 7309926 616 8 2 1
641 7309926 616 9 3 20
642 7309926 616 10 1 1
643 7309926 616 0 4 1
644 7309926 616 4 8 1
645 7309926 616 1 6 36
646 7309926 616 5 4 3
647 7309926 616 2 7 200
648 7309926 616 10 3 20
649 7309926 616 8 10 854
650 7309926 616 6 2 1
651 7312653 617 4 2 116
652 7319635 618 2 8 38
653 7358744 626 2 10 96
654 7358744 626 2 8 103
655 7379006 628 1 4 81
656 7379006 628 1 2 47
657 7379006 628 1 8 78
658 7394345 631 5 6 491
659 7398885 632 7 1 1214
660 7430092 633 5 0 4797
661 7430092 633 5 1 368
662 7436902 634 7 7 20
663 7436902 634 7 4 53
664 7445723 635 5 5 334
665 7466916 642 9 1 5170
666 7468130 643 1 4 19
667 7468130 643 0 4 19
668 7554699 644 7 8 908
669 7554699 644 1 3 10
670 7554699 644 4 10 1
671 7554699 644 6 10 1
672 7554699 644 2 8 1817
673 7554699 644 5 3 10
674 7554699 644 3 1 748
675 7554699 644 6 6 1
676 7554699 644 6 1 6
677 7554699 644 3 3 21
678 7554699 644 7 6 1
679 7554699 644 1 4 647
680 7555865 645 4 8 20
681 7558959 646 2 9 12
682 7573694 660 10 7 16605
683 7584719 664 5 3 26
684 7597602 668 5 1 200
685 7598021 669 1 5 24
686 7718043 671 3 2 6
687 7718043 671 0 6 8
688 7718043 671 10 8 5
689 7718043 671 3 4 1342
690 7718043 671 4 1 238
691 7718043 671 2 3 123
692 7718043 671 9 6 8
693 7718043 671 7 5 30
694 7718043 671 6 6 41
695 7718043 671 10 5 30
696 7718043 671 9 5 30
697 7718043 671 7 7 1
698 7718043 671 5 1 715
699 7718043 671 1 5 30
700 7742083 675 2 1 64
701 7768485 681 0 4 2639
702 7864166 683 0 5 12
703 7864166 683 10 6 135
704 7864166 683 7 8 11
705 7864166 683 2 5 1
706 7864166 683 5 1 25
707 7864166 683 5 8 11
708 7865710 684 9 2 1039
709 7872645 687 10 2 32
710 7872645 687 2 8 23
711 7872645 687 0 8 15
712 7872645 687 10 7 98
713 7892460 689 5 10 2
714 7941492 690 4 0 1925
715 7941492 690 4 2 11
716 7941492 690 8 9 17
717 7983460 692 10 7 4345
718 7983460 692 7 7 181
719 7983460 692 10 10 12
720 7997019 693 8 8 33
721 7997019 693 8 10 1001
722 8186148 695 5 3 4
723 8186148 695 6 7 1
724 8186148 695 4 5 71
725 8186148 695 7 3 4
726 8186148 695 5 10 1
727 8186148 695 2 9 1503
728 8186148 695 9 3 4
729 8186148 695 3 7 5
730 8186148 695 4 3 4
731 8186148 695 9 9 214
732 8186148 695 3 3 4
733 8186148 695 4 1 41
734 8186148 695 3 10 1
735 8186148 695 2 8 1
736 8186148 695 3 0 21
737 8186148 695 2 2 793
738 8193861 697 1 6 1569
739 8237005 698 10 1 12
740 8237005 698 2 1 3
741 8237005 698 2 7 2
742 8237005 698 2 4 268
743 8237005 698 5 6 48
744 8238181 699 8 8 218
745 8259854 701 5 2 11
746 8259854 701 3 9 1
747 8296921 702 4 9 6
748 8296921 702 0 9 6
749 8296921 702 3 0 1187
750 8296921 702 4 5 112
751 8296921 702 4 4 649
752 8296921 702 0 10 1
753 8296921 702 3 1 61
754 8334330 703 2 9 325
755 8338338 705 0 5 52
756 8340565 706 2 4 2
757 8343144 708 7 4 12039
758 8365879 710 3 6 32
759 8365879 710 3 2 96
760 8365879 710 3 1 44
761 8387790 714 10 2 29274
762 8387790 714 2 2 9758
763 8393183 716 3 10 175
764 8464225 718 5 1 6
765 8464225 718 8 5 263
766 8464225 718 2 10 21
767 8464225 718 1 3 15
768 8464225 718 5 0 1
769 8497608 723 6 8 7
770 8497608 723 3 7 32
771 8510365 724 6 1 111
772 8510365 724 6 2 205
773 8510365 724 6 4 24
774 8577970 732 5 3 31
775 8577970 732 0 5 132
776 8577970 732 4 9 138
777 8621585 735 9 3 20
778 8621585 735 9 1 6
779 8621585 735 6 9 10
780 8752336 741 8 5 28
781 8752336 741 3 6 2
782 8752336 741 0 8 1
783 8752336 741 2 8 6
784 8752336 741 9 7 2
785 8752336 741 7 1 989
786 8792041 749 5 0 33
787 8792041 749 4 7 20
788 8792041 749 5 4 26
789 8793214 750 9 3 49
790 8880066 751 3 8 1
791 8880066 751 0 9 15
792 8880066 751 4 2 597
793 8880066 751 0 5 12
794 8880066 751 9 5 343
795 8880066 751 1 10 51
796 8880066 751 0 10 17
797 8880066 751 8 2 2628
798 8880066 751 10 2 15409
799 8880066 751 10 8 1
800 8944028 758 6 1 123
801 8950517 760 5 0 1472
802 9013965 766 8 5 13
803 9013965 766 8 10 106
804 9013965 766 7 7 3
805 9013965 766 7 10 7
806 9013965 766 1 4 16
807 9013965 766 10 3 1
808 9013965 766 10 6 14
809 9052733 768 8 7 6
810 9052733 768 8 5 373
811 9052733 768 8 6 2
812 9052733 768 0 6 37
813 9052733 768 8 1 41
814 9052733 768 0 1 41
815 9052733 768 8 3 102
816 9053414 770 1 5 68
817 9055576 772 1 1 94
818 9065423 773 8 10 34
819 9088176 778 0 1 279
820 9088176 778 3 1 279
821 9099635 780 1 5 14
822 9117926 787 2 4 78
823 9119365 788 10 8 200
824 9125815 791 8 1 1
825 9145142 799 2 10 54
826 9171662 806 3 0 10
827 9178614 811 6 2 58
828 9207436 819 7 3 21
829 9381148 822 5 3 1
830 9381148 822 6 1 1
831 9381148 822 3 0 7
832 9381148 822 0 10 3
833 9381148 822 2 8 3838
834 9381148 822 10 3 3
835 9381148 822 0 8 1679
836 9381148 822 4 2 9
837 9381148 822 2 9 1
838 9381148 822 0 3 1
839 9381148 822 7 9 3
840 9381148 822 6 6 4
841 9381148 822 1 3 3
842 9381148 822 3 6 4
843 9381148 822 2 0 1
844 9381148 822 5 5 26
845 9381148 822 7 2 12
846 9518721 823 10 1 969
847 9518721 823 2 10 1
848 9518721 823 8 2 6
849 9518721 823 1 6 1980
850 9518721 823 9 1 1938
851 9518721 823 5 7 751
852 9518721 823 8 10 1
853 9522205 824 0 10 47
854 9562322 825 4 2 27
855 9562322 825 1 2 27
856 9562322 825 4 5 112
857 9562322 825 0 0 3
858 9562322 825 7 8 63
859 9562322 825 1 9 18
860 9587048 830 3 5 172
861 9671044 842 1 3 757
862 9673930 843 9 3 39
863 9685929 845 4 7 9
864 9697721 846 5 2 142
865 9729986 857 9 6 9641
866 9729986 857 9 1 1575
867 9729986 857 9 0 2932
868 9729986 857 9 7 83
869 9729986 857 9 8 57
870 9745011 859 6 4 66
871 9745011 859 6 7 207
872 9745011 859 6 8 506
873 9759803 861 3 3 2378
874 9759803 861 3 8 8
875 9759803 861 3 1 145
876 9762464 862 9 9 70
877 9773537 863 6 7 8
878 9866799 864 8 8 113
879 9866799 864 8 1 4
880 9866799 864 1 7 4
881 9866799 864 3 6 4
882 9866799 864 9 9 105
883 9866799 864 7 4 17
884 9879081 870 3 3 6
885 9879081 870 2 3 6
886 9897894 872 1 6 11
887 9898059 873 8 2 1986
888 9915727 874 2 9 31
889 9924559 875 4 7 9
890 9940963 881 10 2 1685
891 9940963 881 4 2 561
892 10017428 886 0 5 25
893 10017428 886 1 3 48
894 10017428 886 6 6 555
895 10030945 888 10 9 16
896 10030945 888 10 7 651
897 10106638 894 10 10 33
898 10106638 894 10 9 35
899 10106638 894 5 2 128
900 10106638 894 0 10 33
901 10106638 894 2 4 56
902 10106638 894 7 8 1
903 10106638 894 7 10 33
904 10106638 894 9 8 1
905 10106638 894 9 1 4
906 10150385 896 3 0 1968
907 10150385 896 10 3 3173
908 10183061 901 8 2 30
909 10183061 901 2 3 1484
910 10183061 901 6 2 30
911 10183061 901 7 2 30
912 10216669 905 3 8 95
913 10216669 905 9 8 95
914 10250988 907 4 7 6019
915 10250988 907 2 8 156
916 10265807 909 9 3 21
917 10297346 913 7 2 19
918 10297346 913 0 2 19
919 10300726 914 4 3 171
920 10333464 920 8 10 8
921 10354794 925 8 0 184
922 10375681 926 7 2 58
923 10375681 926 7 9 34
924 10549840 929 5 2 8
925 10549840 929 8 2 21
926 10549840 929 6 8 4
927 10549840 929 8 10 2
928 10549840 929 2 10 30
929 10549840 929 6 10 1
930 10549840 929 10 4 1756
931 10549840 929 4 3 3
932 10549840 929 2 1 1
933 10549840 929 2 4 2635
934 10549840 929 9 10 2
935 10549840 929 9 7 4
936 10549840 929 2 0 2
937 10651158 930 3 7 10
938 10651158 930 5 6 13
939 10651158 930 4 6 79
940 10651158 930 4 4 13007
941 10651158 930 8 8 309
942 10651158 930 3 5 22
943 10742656 931 2 3 24
944 10742656 931 3 10 2703
945 10742656 931 7 6 8
946 10742656 931 0 7 6
947 10742656 931 6 9 2119
948 10742656 931 6 10 225
949 10742656 931 1 5 349
950 10742656 931 3 9 2119
951 10803202 932 9 9 9
952 10803202 932 3 9 4
953 10803202 932 2 10 23
954 10803202 932 5 0 2
955 10803202 932 10 7 10
956 10803202 932 1 1 779
957 10803202 932 6 3 3
958 10803202 932 1 7 3
959 10809389 934 1 7 15
960 10840326 940 0 1 55
961 10840326 940 0 9 5
962 10840326 940 0 6 15144
963 11002570 941 8 2 2
964 11002570 941 7 9 1305
965 11002570 941 6 4 1
966 11002570 941 3 7 2
967 11002570 941 3 4 1
968 11002570 941 6 6 24
969 11002570 941 8 10 18
970 11002570 941 7 3 1
971 11002570 941 1 1 1248
972 11024936 948 5 7 73
973 11044345 950 3 8 7
974 11050176 954 6 9 78
975 11058570 957 1 9 17
976 11081482 959 10 5 196
977 11082581 960 7 1 1039
978 11098463 962 1 9 174
979 11101482 963 0 8 229
980 11104949 965 9 8 9024
981 11104949 965 10 8 564
982 11218408 967 4 8 44
983 11218408 967 0 9 2
984 11218408 967 0 4 14
985 11218408 967 1 8 44
986 11254411 972 10 6 244
987 11285223 973 0 8 2624
988 11285223 973 2 1 4
989 11285223 973 0 9 112
990 11304998 979 4 7 105
991 11310954 981 1 6 406
992 11325740 989 7 5 56
993 11329601 992 0 10 8980
994 11370183 994 7 1 8
995 11370183 994 5 5 16
996 11370183 994 0 1 28
997 11374762 995 6 6 518
998 11377185 996 1 5 37
999 11395905 999 8 2 26
