11 353 1000
0 60259 0 9 0 1
1 229985 3 10 4 3213
2 229985 3 9 1 84
3 229985 3 5 10 935
4 229985 3 9 9 20
5 229985 3 9 5 5552
6 229985 3 5 3 126
7 229985 3 10 8 592
8 229985 3 9 3 2654
9 420395 9 7 5 35
10 420395 9 7 9 45
11 420395 9 4 6 70
12 446073 10 4 1 8702
13 590162 13 1 4 340
14 590162 13 10 9 18555
15 610215 16 4 4 11
16 772087 17 10 2 1578
17 772087 17 7 4 12
18 772087 17 2 7 2
19 906279 21 3 8 86
20 906279 21 3 9 94
21 924637 23 8 10 4218
22 980413 28 0 8 53
23 1066704 29 10 0 33
24 1066704 29 2 8 170
25 1095667 31 1 7 4140
26 1095667 31 3 6 1
27 1167997 37 4 10 4
28 1167997 37 3 9 6321
29 1205327 38 2 1 190
30 1272999 41 10 9 75
31 1272999 41 10 2 50
32 1302430 44 1 0 118
33 1302430 44 1 9 19650
34 1302430 44 1 2 89
35 1308109 45 6 6 1063
36 1308109 45 5 6 2127
37 1308109 45 0 6 3190
38 1311500 47 8 1 42
39 1316793 48 10 8 53
40 1359708 50 7 10 526
41 1720383 51 2 6 1
42 1720383 51 8 7 5
43 1720383 51 8 0 21
44 1720383 51 10 8 21
45 1720383 51 8 10 1
46 1720383 51 0 1 15
47 1748578 56 5 2 461
48 1941231 59 5 2 102
49 1941231 59 5 9 36
50 1941231 59 5 0 2
51 1941231 59 8 5 14
52 1941231 59 5 5 28
53 1941231 59 8 9 18
54 1941231 59 8 10 27
55 1941231 59 1 7 13
56 1977224 61 10 2 24
57 1984483 63 8 5 77
58 2000287 65 7 7 118
59 2043927 66 0 0 2
60 2043927 66 0 5 116
61 2178766 72 6 2 8
62 2178766 72 6 1 5
63 2406543 75 9 10 7
64 2406543 75 6 0 11
65 2406543 75 2 5 577
66 2406543 75 0 9 1
67 2406543 75 4 8 1
68 2406543 75 9 5 115
69 2436046 77 4 4 10
70 2436046 77 6 4 52
71 2436046 77 9 4 42
72 2436046 77 10 4 31
73 2436046 77 7 4 21
74 2461059 80 7 4 194
75 2766893 84 7 1 8
76 2766893 84 7 2 154
77 2766893 84 3 0 7
78 2766893 84 2 8 1
79 2766893 84 3 3 8
80 2766893 84 4 3 4
81 2766893 84 6 8 1
82 2766893 84 10 5 4
83 2767711 85 9 6 404
84 2874847 91 7 2 550
85 2894997 93 7 7 13
86 2921290 94 8 5 756
87 2981259 97 3 9 3687
88 2981259 97 1 9 1843
89 3148288 99 9 0 203
90 3148288 99 0 2 19
91 3148288 99 0 10 3070
92 3148288 99 9 1 40
93 3148288 99 9 6 70
94 3148288 99 0 5 5
95 3434582 102 1 7 2
96 3434582 102 6 5 14
97 3434582 102 10 3 5
98 3434582 102 3 6 1
99 3434582 102 9 1 7
100 3434582 102 8 10 21
101 3434582 102 2 3 17
102 3434582 102 7 7 1
103 3434582 102 10 5 57
104 3484574 104 4 4 19491
105 3624880 108 8 0 226
106 3624880 108 4 0 226
107 3624880 108 2 5 16
108 3624880 108 7 0 3619
109 3642359 110 3 8 100
110 3652980 112 3 1 5
111 3695097 116 2 6 106
112 3730696 117 0 5 160
113 3780824 120 1 7 62
114 3793576 123 6 3 7858
115 3793576 123 10 10 32
116 3893558 127 0 8 19017
117 3902389 130 7 10 226
118 4039975 136 1 7 22
119 4039975 136 8 7 14
120 4270483 137 2 3 9
121 4340995 143 0 8 4
122 4349444 145 5 4 231
123 4402529 146 8 4 11
124 4453768 150 2 9 28
125 4453768 150 2 10 10
126 4716379 154 7 0 21
127 4716379 154 9 5 69
128 4716379 154 7 1 33
129 4716379 154 8 1 5
130 4716379 154 3 3 28
131 4716379 154 0 0 4
132 4716379 154 10 6 575
133 4716379 154 6 2 748
134 4716379 154 1 10 17
135 4716379 154 7 7 642
136 4716379 154 2 7 642
137 4716379 154 10 4 91
138 4716379 154 8 9 11
139 4732920 157 4 4 87
140 5011463 160 2 3 2
141 5011463 160 1 7 1
142 5011463 160 9 10 57
143 5011463 160 10 8 306
144 5011463 160 6 5 11
145 5011463 160 3 5 46
146 5011463 160 7 9 4
147 5111686 162 7 6 44
148 5111686 162 10 3 382
149 5111686 162 5 10 5
150 5158878 165 1 5 110
151 5158878 165 7 4 29
152 5161606 166 10 4 13
153 5164366 167 2 5 23577
154 5175129 168 8 2 30
155 5175129 168 5 2 15
156 5215322 170 3 4 341
157 5239928 172 6 10 36
158 5288710 174 6 2 19
159 5288710 174 1 7 14
160 5288710 174 9 2 9
161 5387791 177 0 0 89
162 5387791 177 0 9 9
163 5387791 177 3 8 268
164 5426302 184 0 5 54
165 5482795 190 8 0 72
166 5482795 190 8 10 8155
167 5482795 190 10 10 8155
168 5486158 191 8 6 7153
169 5528780 194 5 3 4
170 5528780 194 3 3 63
171 5528905 195 5 3 168
172 5748914 198 6 3 20
173 5748914 198 9 0 5
174 5748914 198 2 6 334
175 5748914 198 1 1 4
176 5748914 198 9 1 4
177 5748914 198 2 10 7
178 5748914 198 2 4 2
179 5748914 198 1 8 11
180 5773455 202 3 9 290
181 5835603 203 8 7 7494
182 5835603 203 8 4 1511
183 5835603 203 7 8 150
184 5891073 209 1 5 39
185 5953770 210 4 3 1
186 5953770 210 6 3 1
187 5953770 210 1 3 1
188 5953770 210 9 3 1
189 5973923 216 9 5 2
190 5995731 217 1 4 27
191 5995731 217 7 4 13
192 5995731 217 4 4 150
193 6171498 229 0 3 28
194 6171498 229 6 3 14
195 6171498 229 6 9 74
196 6297568 230 8 0 12
197 6297568 230 8 9 29
198 6297568 230 8 8 135
199 6297568 230 3 0 48
200 6297568 230 3 9 29
201 6317554 232 10 5 1
202 6541950 233 6 0 44
203 6541950 233 10 7 1
204 6541950 233 3 1 141
205 6541950 233 4 0 7
206 6541950 233 7 5 3
207 6541950 233 7 4 1153
208 6576279 236 9 6 55
209 6651505 237 10 3 224
210 6651505 237 10 7 51
211 6651505 237 10 1 11
212 6651505 237 4 6 47
213 6651505 237 4 4 4
214 6692941 239 0 1 9
215 6692941 239 8 1 9
216 6692941 239 2 1 9
217 6944440 241 4 9 1226
218 6944440 241 1 10 1014
219 6944440 241 9 5 1682
220 6944440 241 9 6 1
221 6944440 241 7 0 9
222 6944440 241 1 0 9
223 6944440 241 6 10 8112
224 6944440 241 3 9 1226
225 6944440 241 6 3 1
226 6944440 241 7 1 6
227 6944440 241 1 9 1226
228 6946360 243 10 1 22
229 6972210 246 7 0 7
230 6996806 254 2 4 52
231 7012704 258 3 0 83
232 7135392 259 10 0 14
233 7135392 259 3 8 4050
234 7135392 259 8 0 89
235 7413068 262 3 8 14
236 7413068 262 2 9 15
237 7413068 262 9 1 30
238 7413068 262 8 10 55
239 7413068 262 3 6 51
240 7413068 262 8 7 1
241 7413068 262 9 3 1
242 7413068 262 0 3 1
243 7447796 263 10 10 1524
244 7447796 263 4 10 1524
245 7467963 266 3 10 42
246 7507620 269 4 1 4881
247 7507620 269 4 6 99
248 7507620 269 4 3 93
249 7544989 273 6 9 4
250 7555399 278 7 6 166
251 7602465 282 8 3 286
252 7602465 282 8 8 145
253 7602465 282 8 5 23
254 8080084 287 10 10 61
255 8080084 287 4 9 1
256 8080084 287 2 2 3
257 8080084 287 10 1 3
258 8080084 287 3 4 1
259 8080084 287 8 5 2
260 8080084 287 1 5 2
261 8080084 287 7 10 15
262 8080084 287 5 6 170
263 8080084 287 4 8 5
264 8080084 287 0 2 6
265 8080084 287 0 7 1615
266 8080084 287 3 0 5
267 8080084 287 9 9 1
268 8080084 287 8 3 11
269 8080084 287 6 10 7
270 8080084 287 5 10 7
271 8080084 287 3 8 11
272 8080084 287 5 5 70
273 8080084 287 7 2 3
274 8243337 291 0 1 128
275 8243337 291 3 3 844
276 8243337 291 10 6 1228
277 8243337 291 9 1 256
278 8243337 291 7 7 333
279 8243337 291 1 0 1
280 8243337 291 2 7 111
281 8243337 291 8 5 103
282 8392985 292 3 0 12
283 8392985 292 9 8 218
284 8392985 292 9 0 6
285 8392985 292 0 8 218
286 8496093 298 9 1 12
287 8682688 303 8 8 324
288 8682688 303 2 0 2
289 8682688 303 2 2 1892
290 8785709 304 3 0 17
291 8785709 304 3 9 58
292 8785709 304 2 4 11
293 8809637 306 7 9 19562
294 8849494 308 6 8 78
295 8850903 309 3 0 37
296 8866502 310 7 6 6
297 8895259 311 2 10 76
298 9141812 317 7 0 4
299 9141812 317 10 9 27
300 9141812 317 1 3 109
301 9141812 317 2 9 16
302 9141812 317 2 0 4
303 9141812 317 1 7 2009
304 9141812 317 6 4 10
305 9141812 317 8 8 83
306 9141812 317 0 1 14
307 9141812 317 6 9 10
308 9141812 317 10 8 83
309 9226451 324 2 5 510
310 9254806 327 1 3 3434
311 9254806 327 2 10 1020
312 9358552 328 4 0 1
313 9358552 328 1 5 297
314 9358552 328 6 5 594
315 9396872 330 0 0 683
316 9428293 335 1 5 7886
317 9428765 336 9 4 663
318 9461988 337 4 3 98
319 9464105 338 7 5 18
320 9531294 339 6 5 190
321 9531294 339 2 3 645
322 9531294 339 8 3 215
323 9636372 340 0 9 15
324 9636372 340 5 4 1
325 9636372 340 3 0 20
326 9667218 344 4 7 106
327 9692668 346 0 5 489
328 9698623 347 8 9 74
329 9711201 349 8 6 1136
330 9723177 350 9 6 38
331 9764468 353 0 0 27082
332 9764468 353 0 1 6
333 9764468 353 0 5 7115
334 9771422 355 0 6 29
335 9891131 366 0 2 23
336 9951910 369 1 7 2
337 10053432 370 1 9 162
338 10053432 370 2 5 1
339 10053432 370 2 10 11
340 10077550 377 9 8 86
341 10155053 380 10 5 64
342 10155053 380 10 3 238
343 10155053 380 10 8 9844
344 10155053 380 10 2 57
345 10165887 382 1 0 15
346 10165887 382 4 0 30
347 10272187 388 7 1 98
348 10272187 388 0 4 28
349 10516710 390 10 6 459
350 10516710 390 1 9 174
351 10516710 390 8 8 767
352 10516710 390 8 6 459
353 10516710 390 9 1 110
354 10516710 390 9 0 14
355 10519045 391 5 3 356
356 10603884 392 1 5 5135
357 10603884 392 8 5 2567
358 10603884 392 5 0 19
359 10615163 393 2 1 46
360 10915192 395 6 5 177
361 10915192 395 3 3 21
362 10915192 395 4 1 1
363 10915192 395 5 5 177
364 10915192 395 7 2 1
365 10915192 395 0 9 2555
366 10915192 395 0 7 1
367 10915192 395 6 0 440
368 10960527 400 2 6 38920
369 11076673 402 2 10 13
370 11076673 402 9 2 1
371 11096401 405 8 5 15
372 11160097 407 2 6 71
373 11370141 409 2 0 528
374 11370141 409 10 5 797
375 11370141 409 8 9 15
376 11484350 413 2 8 5274
377 11484350 413 9 1 56
378 11484350 413 2 9 66
379 11484350 413 9 5 300
380 11484350 413 9 8 10548
381 11484350 413 2 7 32
382 11505088 417 6 2 58
383 11508449 419 10 1 7
384 11528135 420 7 8 9
385 11528135 420 9 1 29
386 11620833 424 7 0 119
387 11628622 425 10 3 34
388 11637556 427 10 2 48
389 11994892 428 9 9 1
390 11994892 428 8 8 2
391 11994892 428 7 1 110959
392 11994892 428 5 7 1
393 11994892 428 0 0 9
394 11994892 428 3 6 1
395 11994892 428 2 10 25
396 11994892 428 2 2 1
397 11994892 428 8 10 8
398 11994892 428 4 7 1
399 11994892 428 8 6 1
400 11994892 428 7 5 822
401 11994892 428 10 4 1
402 11995324 429 0 6 415
403 12204633 430 3 2 18
404 12204633 430 10 5 33
405 12204633 430 1 5 16
406 12204633 430 8 4 3
407 12204633 430 8 2 36
408 12267581 438 8 4 10191
409 12283357 440 4 10 4
410 12289149 442 6 1 1280
411 12305120 443 6 2 42
412 12305120 443 6 8 4
413 12319138 444 7 0 19
414 12331103 445 7 6 2
415 12350519 450 9 4 2471
416 12550326 457 1 4 1
417 12550326 457 0 7 1
418 12550326 457 7 7 1
419 12550326 457 8 9 13
420 12550326 457 2 6 6
421 12550326 457 4 4 1
422 12550326 457 5 6 6
423 12629720 460 1 7 335
424 12629720 460 1 2 8
425 12629720 460 1 3 39
426 12629720 460 1 0 38977
427 12791915 461 9 6 122
428 12791915 461 10 4 5
429 12791915 461 0 7 1
430 12791915 461 10 8 9
431 12791915 461 1 0 1
432 12791915 461 6 5 4
433 12791915 461 7 8 9
434 12791915 461 6 10 1
435 12791915 461 4 7 1
436 13322449 466 10 1 2
437 13322449 466 4 1 2
438 13322449 466 8 0 7
439 13322449 466 6 8 1
440 13322449 466 5 9 4
441 13322449 466 9 1 2
442 13322449 466 4 8 1
443 13322449 466 0 7 1
444 13322449 466 6 4 217
445 13322449 466 9 9 8
446 13322449 466 4 5 1
447 13322449 466 4 2 50
448 13322449 466 0 6 12
449 13322449 466 6 0 7
450 13322449 466 1 6 4
451 13322449 466 10 5 1
452 13322449 466 6 1 2
453 13322449 466 2 9 28
454 13322449 466 8 7 1
455 13448287 467 9 1 1
456 13448287 467 2 7 5
457 13448287 467 0 6 6
458 13448287 467 9 0 3875
459 13448287 467 0 1 1
460 13448287 467 10 1 1
461 13482828 468 7 3 165
462 13482828 468 7 8 13074
463 13519477 471 5 10 923
464 13554746 472 9 0 7
465 13697281 473 4 9 2
466 13697281 473 2 5 68
467 13697281 473 1 2 15
468 13697281 473 9 8 52
469 13697281 473 7 10 5
470 13697281 473 2 2 23
471 13698884 474 4 9 211
472 14138670 475 1 3 23
473 14138670 475 4 2 3
474 14138670 475 0 1 6
475 14138670 475 5 4 1
476 14138670 475 7 8 5
477 14138670 475 0 6 1
478 14138670 475 6 1 13
479 14138670 475 10 7 4
480 14138670 475 4 1 6
481 14138670 475 6 8 5
482 14138670 475 10 0 1
483 14138670 475 9 8 2
484 14138670 475 7 5 2
485 14138670 475 9 9 5
486 14138670 475 1 2 13
487 14138670 475 8 10 5
488 14138670 475 4 3 1
489 14138670 475 8 9 5
490 14138670 475 6 5 2
491 14138670 475 2 3 1
492 14138670 475 7 1 10
493 14138670 475 8 5 2
494 14138670 475 5 9 5
495 14186239 477 2 10 99647
496 14186239 477 2 8 74
497 14186239 477 2 3 89
498 14235621 480 4 8 89
499 14235621 480 8 5 25
500 14304033 487 5 5 33572
501 14304033 487 5 3 3411
502 14304033 487 5 0 66373
503 14359759 489 9 8 8
504 14359759 489 0 0 785
505 14359759 489 9 0 11786
506 14391761 494 7 2 10
507 14392551 495 10 10 23
508 14807019 498 10 4 50
509 14807019 498 8 0 10
510 14807019 498 3 10 13
511 14807019 498 3 2 28
512 14807019 498 4 5 175
513 14807019 498 7 9 18
514 14807019 498 0 5 1579
515 14807019 498 3 0 10
516 14807019 498 2 8 514
517 14807019 498 8 4 50
518 14807019 498 7 3 9
519 14807019 498 3 9 1
520 14841335 499 7 1 3309
521 14841335 499 7 3 51
522 14841335 499 7 7 71
523 15112661 507 7 10 178
524 15112661 507 3 7 72
525 15112661 507 4 1 1
526 15112661 507 0 3 2
527 15112661 507 3 3 26
528 15112661 507 9 8 13
529 15121586 508 5 8 38
530 15206240 510 7 0 47
531 15206240 510 6 10 29
532 15206240 510 6 2 40
533 15455542 513 8 5 172
534 15455542 513 7 7 11
535 15455542 513 7 1 58
536 15455542 513 8 6 80
537 15455542 513 0 4 200
538 15455542 513 7 0 1
539 15455542 513 5 4 300
540 15455542 513 4 10 102
541 15464161 515 10 1 15
542 15506796 516 1 3 1
543 15506796 516 5 3 1
544 15534539 525 2 7 173
545 15564515 529 3 9 374
546 15577492 533 4 4 779
547 15619231 535 8 7 12
548 15619231 535 0 7 12
549 15619231 535 1 7 6
550 15619231 535 10 7 6
551 15696252 542 1 10 78241
552 15696252 542 1 0 34
553 15696252 542 1 1 3993
554 15737711 548 5 7 298
555 15745039 549 5 5 264
556 15776877 550 2 6 6
557 15834018 551 2 9 4879
558 15855404 553 2 2 3
559 16286192 555 10 2 876
560 16286192 555 1 6 23
561 16286192 555 0 8 7
562 16286192 555 1 2 876
563 16286192 555 0 9 2
564 16286192 555 10 1 95
565 16286192 555 1 3 202
566 16286192 555 10 7 7
567 16286192 555 4 5 3
568 16286192 555 3 10 1
569 16286192 555 9 5 1
570 16286192 555 8 7 7
571 16286192 555 6 2 876
572 16443602 556 9 0 1
573 16443602 556 5 7 31
574 16443602 556 9 5 3164
575 16443602 556 5 4 4
576 16479701 557 3 6 36
577 16479701 557 3 9 238
578 16524483 558 1 9 64
579 16541026 560 5 0 81
580 16595996 562 10 1 15233
581 16595996 562 10 8 7631
582 16637708 563 10 1 192
583 16637708 563 10 5 318
584 16649786 564 4 9 23
585 16670241 565 1 2 99585
586 16842760 569 4 8 1
587 16842760 569 6 5 1
588 16842760 569 1 8 8
589 16842760 569 3 9 2
590 16842760 569 2 1 1
591 16842760 569 9 0 26
592 16846882 571 7 7 16
593 17014002 576 1 0 51
594 17014002 576 0 6 27
595 17014002 576 1 4 37
596 17014002 576 6 5 2438
597 17115063 582 4 3 49
598 17115063 582 4 10 93
599 17192064 588 4 0 70
600 17192716 589 4 5 342
601 17222367 591 8 10 2
602 17222367 591 2 1 1
603 17222367 591 4 1 2
604 17248077 595 0 9 1
605 17277908 601 6 10 6424
606 17396983 602 8 9 57
607 17396983 602 6 6 1
608 17396983 602 8 3 56
609 17396983 602 6 7 74
610 17396983 602 8 2 848
611 17400077 603 2 10 133
612 17404264 605 4 6 53
613 17453915 606 10 1 70
614 17453915 606 10 6 184
615 17885576 612 5 5 360
616 17885576 612 3 9 1
617 17885576 612 10 5 3603
618 17885576 612 9 6 3
619 17885576 612 2 9 14
620 17885576 612 7 1 3
621 17885576 612 0 2 897
622 17885576 612 1 8 17
623 17885576 612 4 0 71
624 17885576 612 6 9 3
625 17885576 612 6 7 2539
626 17885576 612 10 8 26
627 17885576 612 8 7 2539
628 17885576 612 2 0 71
629 18274816 616 9 1 1
630 18274816 616 7 1 1
631 18274816 616 0 9 5
632 18274816 616 10 3 20
633 18274816 616 0 1 1
634 18274816 616 2 2 1
635 18274816 616 5 2 1
636 18274816 616 9 6 36
637 18274816 616 0 5 1227
638 18274816 616 2 5 1227
639 18274816 616 9 9 8
640 18281633 617 3 9 85
641 18336475 621 6 8 18
642 18396860 626 2 8 103
643 18447515 628 1 2 47
644 18452824 630 10 6 226
645 18485863 631 5 1 1
646 18592255 634 7 7 20
647 18592255 634 7 5 82
648 18614308 635 5 4 37
649 18614308 635 5 2 135
650 18637131 637 0 10 8
651 18661283 638 0 6 40
652 18661283 638 2 7 203
653 18886748 644 7 0 8
654 18886748 644 4 10 1
655 18886748 644 6 7 370
656 18886748 644 0 2 152
657 18886748 644 9 3 64
658 18886748 644 8 3 10
659 18886748 644 7 10 1
660 18886748 644 6 5 15
661 18886748 644 3 10 1
662 18886748 644 6 8 1817
663 18886748 644 6 6 1
664 18912580 653 7 10 4838
665 18959486 661 9 0 13
666 18959486 661 7 0 13
667 18959788 663 1 1 14315
668 18961799 664 5 3 26
669 18972971 666 1 3 75
670 18974398 667 2 7 77
671 19295107 671 8 8 5
672 19295107 671 5 4 1342
673 19295107 671 8 1 238
674 19295107 671 4 2 13
675 19295107 671 2 1 476
676 19355208 675 2 8 300
677 19363899 676 8 4 41
678 19365909 677 6 8 67
679 19386285 678 7 6 409
680 19386285 678 8 9 660
681 19421382 682 10 7 108
682 19660415 683 8 8 5
683 19660415 683 2 4 1277
684 19660415 683 2 1 25
685 19660415 683 3 2 4582
686 19660415 683 7 9 15
687 19660415 683 3 4 638
688 19660415 683 10 0 1
689 19660415 683 0 7 3841
690 19681613 687 5 8 7
691 19853732 690 8 5 4
692 19853732 690 0 3 90
693 19853732 690 8 3 45
694 19853732 690 8 7 6335
695 19853732 690 0 9 34
696 19958651 692 7 7 181
697 19958651 692 6 1 96
698 19992548 693 8 9 102
699 20465371 695 2 6 1
700 20465371 695 5 9 214
701 20465371 695 6 7 1
702 20465371 695 8 2 793
703 20465371 695 6 2 1587
704 20465371 695 1 0 42
705 20465371 695 6 4 8
706 20465371 695 8 9 214
707 20465371 695 10 1 3
708 20465371 695 0 5 14
709 20484653 697 1 10 15
710 20592512 698 10 8 312
711 20592512 698 5 8 43
712 20592512 698 2 7 2
713 20592512 698 2 1 3
714 20592512 698 10 10 32
715 20649635 701 3 9 1
716 20742302 702 4 0 1187
717 20742302 702 4 2 28
718 20742302 702 3 7 81
719 20742302 702 0 1 25
720 20742302 702 3 1 61
721 20742302 702 4 4 649
722 20835827 703 2 6 38
723 20835827 703 9 8 52
724 20845847 705 5 5 263
725 20851414 706 5 7 40
726 20857860 708 7 4 12039
727 20914697 710 3 6 32
728 20949370 712 2 4 49
729 20949370 712 10 4 49
730 21160564 718 1 7 17
731 21160564 718 7 9 31
732 21160564 718 3 8 2911
733 21160564 718 1 9 31
734 21160564 718 0 5 87
735 21160564 718 5 9 11729
736 21160564 718 2 8 1455
737 21176443 722 10 1 2439
738 21244020 723 6 7 16
739 21244020 723 3 8 7
740 21275913 724 6 8 63
741 21275913 724 6 10 39
742 21444926 732 4 6 4
743 21444926 732 0 5 132
744 21447041 733 10 8 12
745 21553962 735 6 4 76
746 21553962 735 6 8 280
747 21553962 735 6 3 8
748 21553962 735 6 6 3
749 21553962 735 9 4 153
750 21553962 735 9 7 1348
751 21588629 737 0 0 44
752 21588629 737 9 0 44
753 21589891 738 5 1 213
754 21630557 739 10 5 86
755 21630557 739 10 2 39026
756 21630557 739 10 8 67
757 21880840 741 5 6 5
758 21880840 741 8 6 2
759 21880840 741 8 5 28
760 21880840 741 9 5 11
761 21880840 741 4 8 1
762 21880840 741 3 2 9
763 21880840 741 10 4 33
764 21880840 741 7 7 2
765 21883886 742 9 10 31
766 21934070 747 8 5 26
767 21980104 749 9 7 41
768 21980104 749 4 9 1
769 22200166 751 2 2 119
770 22200166 751 6 4 13
771 22200166 751 4 2 597
772 22200166 751 8 9 15
773 22200166 751 8 3 485
774 22200166 751 4 1 46
775 22200166 751 4 7 10
776 22200166 751 7 2 477
777 22200166 751 5 0 23
778 22200166 751 10 2 15409
779 22534914 766 10 6 14
780 22534914 766 8 10 106
781 22534914 766 7 10 7
782 22544206 767 6 8 67
783 22544206 767 10 8 62
784 22631833 768 0 0 103
785 22631833 768 0 6 37
786 22631833 768 8 10 47
787 22631833 768 8 0 103
788 22638941 772 1 1 94
789 22720441 778 5 1 279
790 22720441 778 1 1 837
791 22724277 779 2 1 1518
792 22749087 780 0 2 6098
793 22749087 780 9 5 34
794 22794817 787 6 4 33
795 22798413 788 10 8 200
796 22815171 792 0 8 118
797 23018591 819 4 3 21
798 23030565 821 6 9 68
799 23452871 822 0 5 26
800 23452871 822 9 4 1
801 23452871 822 5 4 1
802 23452871 822 0 7 414
803 23452871 822 10 0 1
804 23452871 822 0 6 4
805 23452871 822 6 3 1
806 23452871 822 5 1 1
807 23452871 822 9 10 1
808 23452871 822 7 8 479
809 23452871 822 8 4 1
810 23452871 822 8 5 156
811 23452871 822 8 0 1
812 23452871 822 7 1 1
813 23452871 822 2 2 3
814 23796803 823 1 0 8
815 23796803 823 9 8 1
816 23796803 823 9 3 13
817 23796803 823 1 7 1502
818 23796803 823 10 4 14215
819 23796803 823 3 10 1
820 23796803 823 10 3 2
821 23796803 823 5 10 1
822 23805513 824 6 10 142
823 23905806 825 1 8 63
824 23905806 825 0 0 3
825 23905806 825 0 2 27
826 23906637 826 2 8 28
827 23967621 830 2 7 448
828 23967621 830 0 5 5
829 24046699 833 7 0 119
830 24097242 834 9 9 14
831 24097242 834 9 4 61
832 24097242 834 7 4 4
833 24097242 834 1 5 908
834 24100934 836 1 3 86
835 24126947 840 10 1 81
836 24177611 842 1 7 25
837 24244303 846 5 4 14
838 24244303 846 5 10 165
839 24274347 854 3 10 1
840 24286651 856 4 4 30
841 24324967 857 9 1 1575
842 24331445 858 4 2 1
843 24362527 859 6 3 63
844 24362527 859 6 4 66
845 24399508 861 3 6 1409
846 24433843 863 2 4 116
847 24666998 864 3 4 5
848 24666998 864 1 1 4
849 24666998 864 8 1 4
850 24666998 864 9 5 15
851 24666998 864 3 6 4
852 24666998 864 0 4 17
853 24666998 864 10 9 35
854 24679875 867 2 3 81
855 24688539 869 6 9 164
856 24811399 875 3 7 9
857 24819351 876 9 3 18
858 24852407 881 2 2 561
859 24852407 881 1 2 561
860 25043572 886 5 3 48
861 25043572 886 10 0 29
862 25043572 886 9 9 1503
863 25043572 886 5 0 59
864 25043572 886 9 6 555
865 25043572 886 2 6 1111
866 25043572 886 4 6 555
867 25077363 888 10 7 651
868 25266595 894 2 4 56
869 25266595 894 9 2 35
870 25375963 896 2 2 38
871 25375963 896 9 3 1586
872 25375963 896 10 2 38
873 25375963 896 9 10 16
874 25375963 896 8 2 38
875 25427975 899 6 7 61
876 25457654 901 1 3 1484
877 25457654 901 0 3 1484
878 25513961 903 1 1 7
879 25541673 905 8 8 95
880 25541673 905 10 8 95
881 25627471 907 4 3 18
882 25627471 907 4 2 821
883 25627471 907 4 8 14
884 25627471 907 4 7 6019
885 25629652 908 1 0 165
886 25664519 909 9 2 801
887 25664519 909 9 4 1528
888 25664519 909 9 5 138
889 25667516 910 10 5 3
890 25701846 911 9 0 682
891 25743366 913 1 2 19
892 25833661 920 2 8 655
893 25836931 921 8 1 88
894 25836931 921 3 9 79
895 25838794 922 1 4 99
896 25939204 926 7 1 61
897 25939204 926 7 0 37
898 25947175 928 1 10 51
899 26374600 929 0 5 454
900 26374600 929 6 10 1
901 26374600 929 6 0 655
902 26374600 929 3 5 227
903 26374600 929 2 2 8
904 26374600 929 2 0 2
905 26374600 929 2 7 2
906 26374600 929 6 9 28
907 26374600 929 2 1 1
908 26374600 929 4 5 227
909 26374600 929 8 7 6
910 26374600 929 7 10 1
911 26374600 929 7 4 878
912 26627895 930 5 9 71
913 26627895 930 10 3 15
914 26627895 930 4 4 13007
915 26627895 930 7 3 15
916 26627895 930 8 7 10
917 26627895 930 0 1 28
918 26627895 930 9 8 309
919 26627895 930 7 1 14
920 26627895 930 3 7 10
921 26856642 931 3 3 124
922 26856642 931 2 0 11622
923 26856642 931 2 6 8
924 26856642 931 4 1 10
925 26856642 931 6 10 225
926 26856642 931 10 2 1607
927 26856642 931 7 6 8
928 26856642 931 3 5 4188
929 26856642 931 7 5 2443
930 26856642 931 10 1 10
931 26856642 931 5 1 10
932 27008006 932 9 2 902
933 27008006 932 7 10 23
934 27008006 932 6 3 3
935 27008006 932 8 4 43
936 27008006 932 1 10 23
937 27008006 932 4 6 4
938 27008006 932 5 3 13
939 27008006 932 5 0 2
940 27008006 932 8 8 6
941 27023473 934 3 7 45
942 27044326 937 4 6 76
943 27076387 939 9 9 59
944 27100817 940 0 7 99809
945 27100817 940 0 10 1313
946 27100817 940 0 9 5
947 27100817 940 0 6 15144
948 27506426 941 2 5 27
949 27506426 941 8 8 1
950 27506426 941 7 8 6
951 27506426 941 10 7 2
952 27506426 941 7 3 1
953 27506426 941 10 8 1
954 27506426 941 1 6 5
955 27506426 941 0 2 2
956 27506426 941 4 3 4
957 27506426 941 9 3 1
958 27506426 941 5 3 8
959 27506426 941 1 7 1
960 27506426 941 10 5 13
961 27506426 941 4 4 32
962 27506426 941 0 5 13
963 27506426 941 7 9 1305
964 27523228 946 8 9 37
965 27572986 949 2 4 3132
966 27646425 957 7 9 35
967 28046022 967 6 0 19
968 28046022 967 0 3 4
969 28046022 967 1 9 9
970 28046022 967 6 3 8
971 28046022 967 1 6 3080
972 28046022 967 7 10 40
973 28046022 967 7 1 1476
974 28046022 967 5 4 14
975 28046022 967 4 9 9
976 28046022 967 5 1 1846
977 28046022 967 0 0 9
978 28046022 967 0 2 15
979 28046022 967 6 2 15
980 28136027 972 10 9 152
981 28136027 972 10 7 53
982 28213059 973 0 7 14257
983 28213059 973 2 6 19
984 28213059 973 0 9 112
985 28213059 973 2 7 85545
986 28213059 973 2 9 112
987 28224896 975 10 8 1
988 28230166 976 2 8 113
989 28306439 987 9 9 42
990 28314350 989 7 5 56
991 28362726 993 4 8 12709
992 28362726 993 4 3 13014
993 28425459 994 10 0 3
994 28425459 994 7 1 8
995 28425459 994 9 0 3
996 28425459 994 2 1 1
997 28425459 994 0 5 16
998 28451068 997 0 3 22
999 28451068 997 6 3 22
