11 341 1000
0 13391 0 1 6 24
1 13632 1 9 1 33309
2 14254 2 0 10 1004
3 51107 3 9 8 18952
4 51107 3 10 10 1871
5 51107 3 5 0 2396
6 59157 4 6 8 9
7 61909 6 3 9 2025
8 93421 9 1 7 39
9 93421 9 7 1 19
10 93421 9 4 8 2
11 93421 9 4 1 2
12 93421 9 1 10 7
13 131147 13 8 10 297
14 131147 13 10 5 13
15 131147 13 8 4 340
16 131147 13 1 1 265
17 171575 17 2 5 100
18 171575 17 7 7 2
19 171575 17 9 8 1
20 171575 17 3 1 44
21 171575 17 0 9 5269
22 179016 18 1 4 20
23 181028 19 1 0 84
24 201395 21 3 0 51960
25 201395 21 4 0 25980
26 217469 27 6 0 130
27 237045 29 2 10 58
28 237045 29 10 9 5
29 237045 29 10 8 170
30 243481 31 3 6 1
31 243481 31 1 7 4140
32 246125 32 7 4 14
33 259554 37 4 6 62
34 282888 41 10 4 238
35 289428 44 1 10 3951
36 289428 44 1 0 118
37 292620 48 8 8 26
38 302157 50 10 4 2237
39 302157 50 7 0 44
40 382307 51 7 4 15
41 382307 51 3 10 1
42 382307 51 9 10 1
43 382307 51 7 8 1
44 382307 51 8 4 15
45 382307 51 10 10 1
46 382307 51 9 2 5
47 382307 51 3 5 8
48 431384 59 5 1 22
49 431384 59 5 0 2
50 431384 59 5 9 36
51 431384 59 8 2 204
52 431384 59 8 7 6
53 431384 59 1 3 5
54 454206 66 0 7 227
55 454206 66 0 3 61
56 457926 69 5 1 15911
57 472150 70 3 10 99
58 484170 72 6 1 5
59 484170 72 6 3 18
60 486081 74 7 7 25
61 534787 75 6 5 231
62 534787 75 7 5 115
63 534787 75 6 10 7
64 534787 75 0 7 1
65 534787 75 6 9 1
66 534787 75 10 7 1
67 534787 75 4 7 4
68 534787 75 0 8 1
69 534787 75 8 0 63
70 534787 75 3 1 591
71 545538 79 3 3 38
72 614865 84 7 4 5
73 614865 84 4 6 1
74 614865 84 2 3 4
75 614865 84 4 9 6
76 614865 84 2 7 21
77 614865 84 2 2 231
78 614865 84 6 3 17
79 614865 84 4 5 4
80 614865 84 4 3 4
81 614865 84 2 4 5
82 615378 86 7 5 3487
83 638855 91 9 2 4953
84 638855 91 6 2 2201
85 649175 94 6 5 756
86 649175 94 7 5 2270
87 652542 96 10 5 88
88 662502 97 5 9 3687
89 662502 97 0 9 1843
90 699619 99 0 5 5
91 699619 99 9 8 1
92 699619 99 7 8 5
93 699619 99 9 5 5
94 699619 99 0 7 38
95 699619 99 9 4 28
96 699619 99 9 10 3070
97 699619 99 9 3 63
98 763240 102 5 1 3
99 763240 102 7 4 16
100 763240 102 0 1 3
101 763240 102 4 0 35
102 763240 102 2 2 483
103 763240 102 3 8 29219
104 763240 102 6 2 483
105 763240 102 6 3 5
106 763240 102 1 6 1
107 774349 104 4 10 38979
108 805529 108 7 2 1
109 805529 108 5 4 34
110 805529 108 4 0 226
111 805529 108 6 6 7
112 805529 108 8 3 27
113 805529 108 5 7 4
114 805529 108 3 6 15
115 809413 110 3 4 18
116 821132 116 2 3 15961
117 821132 116 2 9 68
118 821132 116 2 1 6
119 829043 117 0 10 1361
120 829043 117 0 2 132816
121 838376 118 9 7 55
122 838376 118 5 7 55
123 838376 118 7 5 16
124 838376 118 0 2 55
125 838376 118 10 5 16
126 840183 120 1 7 62
127 840500 121 4 1 48
128 841373 122 0 1 98
129 849128 126 3 0 39
130 865235 127 0 5 244
131 865235 127 0 9 22699
132 875569 132 0 1 6
133 897772 136 8 0 2006
134 897772 136 1 8 15
135 897772 136 8 3 215
136 897772 136 1 0 2006
137 897772 136 8 9 9
138 897772 136 8 2 59
139 948996 137 3 4 99
140 948996 137 9 8 4
141 948996 137 5 8 4
142 948996 137 0 8 14
143 948996 137 1 10 222
144 948996 137 10 7 3
145 948996 137 6 7 198
146 948996 137 0 4 199
147 948996 137 7 3 9
148 948996 137 5 0 8
149 948996 137 0 10 222
150 949835 138 4 5 109
151 954156 139 7 1 25
152 954156 139 8 1 504
153 964665 143 0 5 3991
154 964665 143 0 9 7
155 964665 143 0 3 45
156 964665 143 0 4 78
157 982062 148 2 10 21
158 982062 148 0 10 87
159 989726 150 2 3 66
160 997654 153 4 9 185
161 1048084 154 0 7 642
162 1048084 154 8 1 5
163 1048084 154 7 7 642
164 1048084 154 6 6 690
165 1048084 154 6 5 69
166 1048084 154 8 6 230
167 1048084 154 4 10 2
168 1113658 160 3 9 4
169 1113658 160 7 3 137
170 1113658 160 7 6 19
171 1113658 160 8 6 5
172 1113658 160 5 7 1
173 1113658 160 8 10 5
174 1113658 160 6 7 1
175 1113658 160 6 3 2
176 1113658 160 10 5 5
177 1115892 161 10 8 1
178 1135930 162 7 7 675
179 1135930 162 7 6 44
180 1135930 162 6 0 1899
181 1135930 162 10 3 382
182 1135930 162 6 3 191
183 1146417 165 6 5 220
184 1146417 165 1 5 110
185 1158960 170 3 6 163
186 1159147 171 4 8 604
187 1164428 172 6 8 29
188 1164428 172 7 2 54
189 1164428 172 4 2 54
190 1164428 172 4 10 18
191 1175269 174 1 3 36
192 1175269 174 5 2 9
193 1197286 177 0 8 1073
194 1197286 177 0 9 9
195 1197286 177 0 5 42
196 1197286 177 0 2 189
197 1198278 178 7 0 104
198 1205844 184 1 6 21
199 1219146 191 8 6 7153
200 1227011 192 3 8 53
201 1227011 192 3 2 14
202 1228645 195 5 3 168
203 1277536 198 4 1 4
204 1277536 198 10 0 5
205 1277536 198 1 8 11
206 1277536 198 3 8 46
207 1277536 198 7 8 11
208 1277536 198 8 0 5
209 1277536 198 9 0 5
210 1277536 198 9 2 2
211 1296800 203 7 7 7494
212 1296800 203 8 7 7494
213 1309127 209 4 5 39
214 1323060 210 4 3 1
215 1325510 213 8 4 106
216 1332384 217 7 4 13
217 1371444 229 6 10 5
218 1371444 229 6 8 118
219 1371444 229 0 0 10
220 1371444 229 6 2 1233
221 1399459 230 8 4 78
222 1399459 230 0 9 29
223 1453766 233 3 2 4
224 1453766 233 0 2 13
225 1453766 233 2 2 4
226 1453766 233 6 3 5
227 1453766 233 5 7 1
228 1478112 237 10 0 18
229 1478112 237 4 4 4
230 1478112 237 10 3 224
231 1478112 237 4 2 27
232 1487320 239 7 1 18
233 1487689 240 1 6 190
234 1543209 241 9 0 9
235 1543209 241 4 8 1
236 1543209 241 3 7 55
237 1543209 241 4 5 1682
238 1543209 241 6 10 8112
239 1543209 241 3 5 8412
240 1543209 241 7 9 1226
241 1546453 244 4 1 1
242 1546453 244 1 1 1
243 1552266 250 3 9 15
244 1558357 257 6 9 7792
245 1585642 259 6 3 623
246 1585642 259 6 1 1783
247 1585642 259 7 1 2675
248 1585642 259 1 7 25
249 1585642 259 3 0 14
250 1585642 259 4 1 891
251 1647348 262 9 9 15
252 1647348 262 0 3 1
253 1647348 262 2 1 30
254 1647348 262 2 3 1
255 1647348 262 0 7 1
256 1647348 262 3 1 30
257 1647348 262 3 7 1
258 1647348 262 0 5 2
259 1655065 263 0 10 3048
260 1668360 269 4 1 4881
261 1698261 285 4 0 5994
262 1698261 285 4 1 297
263 1795574 287 5 5 70
264 1795574 287 3 5 2
265 1795574 287 9 8 5
266 1795574 287 1 10 7
267 1795574 287 9 10 7
268 1795574 287 6 8 5
269 1795574 287 6 4 1
270 1795574 287 7 10 15
271 1795574 287 5 10 7
272 1795574 287 3 4 1
273 1795574 287 10 0 1
274 1795574 287 8 5 2
275 1795574 287 3 8 11
276 1796177 288 8 10 108
277 1831852 291 1 8 35
278 1831852 291 6 7 333
279 1831852 291 0 8 26
280 1831852 291 9 4 89
281 1831852 291 2 0 8
282 1831852 291 8 6 409
283 1831852 291 4 6 2047
284 1865107 292 0 1 197
285 1865107 292 9 8 218
286 1865107 292 4 8 218
287 1865107 292 6 10 1
288 1865107 292 4 10 1
289 1888020 298 1 5 75
290 1888020 298 1 6 844
291 1888020 298 1 1 12
292 1929486 303 9 0 1
293 1929486 303 2 1 25
294 1952379 304 3 6 1731
295 1952379 304 2 6 577
296 1952379 304 3 8 10
297 1952379 304 2 8 40
298 1952379 304 3 1 7
299 1952379 304 3 0 17
300 1952379 304 2 0 206
301 1952379 304 3 3 9291
302 1958918 307 0 4 476
303 1958918 307 5 4 3332
304 1966554 308 6 4 147
305 1970333 310 7 6 6
306 2031513 317 3 8 167
307 2031513 317 10 4 10
308 2031513 317 5 3 54
309 2031513 317 1 4 32
310 2031513 317 8 8 83
311 2031513 317 9 10 55
312 2031513 317 2 0 4
313 2031513 317 6 2 565
314 2031513 317 9 0 4
315 2035938 320 5 0 8093
316 2050322 324 4 9 142
317 2050322 324 7 9 95
318 2079678 328 2 5 297
319 2079678 328 10 9 14
320 2079678 328 0 8 44
321 2088193 330 0 5 91
322 2088830 333 3 5 304
323 2089663 334 1 9 1536
324 2095176 335 1 6 179
325 2102664 337 4 9 42
326 2118065 339 6 3 215
327 2141416 340 5 2 3
328 2141416 340 3 1 3
329 2153926 346 6 5 978
330 2153926 346 3 5 489
331 2171427 355 6 6 29
332 2198029 366 7 2 23
333 2211535 369 2 7 23
334 2211535 369 3 8 28
335 2211535 369 2 0 17
336 2234096 370 3 2 1
337 2234096 370 8 8 3
338 2234096 370 3 8 3
339 2234096 370 9 2 1
340 2234096 370 4 2 1
341 2234096 370 9 3 10
342 2256678 380 10 8 9844
343 2259086 382 4 0 30
344 2264042 386 6 3 976
345 2282708 388 7 10 17
346 2282708 388 7 6 202
347 2282708 388 0 1 16
348 2337046 390 5 10 1
349 2337046 390 2 4 27
350 2337046 390 1 0 29
351 2337046 390 4 3 596
352 2337046 390 1 9 174
353 2337046 390 7 0 14
354 2337046 390 9 5 6
355 2356418 392 0 4 427
356 2356418 392 8 4 427
357 2356418 392 3 0 19
358 2358925 393 8 1 46
359 2425598 395 8 1 33
360 2425598 395 10 4 1
361 2425598 395 2 10 10
362 2425598 395 4 6 13
363 2425598 395 4 8 33
364 2425598 395 7 3 10
365 2425598 395 7 2 1
366 2425598 395 9 4 1
367 2425598 395 5 4 1
368 2438212 401 5 3 2385
369 2461483 402 2 9 21
370 2461483 402 2 8 69
371 2462383 403 4 8 15143
372 2470269 406 4 0 35
373 2480021 407 2 1 9
374 2480021 407 2 0 54
375 2526698 409 2 5 3188
376 2526698 409 6 7 1
377 2526698 409 8 10 10
378 2526698 409 1 9 30
379 2526698 409 5 7 1
380 2526698 409 10 2 3
381 2526698 409 2 8 120
382 2526698 409 6 9 60
383 2528876 410 6 3 1
384 2552077 413 9 6 10095
385 2552077 413 2 2 3014
386 2552077 413 9 1 56
387 2552077 413 9 9 16
388 2552077 413 2 7 32
389 2557433 419 6 1 60
390 2557433 419 10 1 7
391 2561807 420 5 1 59
392 2572462 422 1 7 4
393 2572462 422 7 2 569
394 2582407 424 7 7 63
395 2665531 428 0 3 3
396 2665531 428 2 3 3
397 2665531 428 5 9 3
398 2665531 428 9 5 822
399 2665531 428 8 0 4
400 2665531 428 6 0 2
401 2665531 428 4 2 1
402 2665531 428 7 3 3
403 2665531 428 3 3 3
404 2665531 428 4 10 38
405 2665531 428 1 9 1
406 2665531 428 0 4 1
407 2665531 428 10 2 1
408 2665531 428 4 8 2
409 2665627 429 0 6 415
410 2712140 430 1 4 24
411 2712140 430 5 6 190
412 2712140 430 9 3 8
413 2712140 430 3 2 18
414 2717825 434 8 2 37
415 2723593 435 6 6 24
416 2726129 438 8 4 10191
417 2726454 439 6 7 114
418 2729634 440 6 10 20
419 2729634 440 4 10 4
420 2740245 445 8 6 2
421 2743373 448 10 1 2
422 2744559 450 9 4 2471
423 2751417 455 5 0 30
424 2788961 457 0 7 1
425 2788961 457 4 1 1
426 2788961 457 10 10 5
427 2788961 457 7 3 1
428 2788961 457 7 1 3
429 2806604 460 1 3 39
430 2806604 460 1 1 356
431 2842647 461 0 2 5
432 2842647 461 6 5 4
433 2842647 461 2 2 5
434 2842647 461 2 1 11
435 2842647 461 3 2 27
436 2842647 461 5 5 163
437 2842647 461 9 6 122
438 2842647 461 0 6 245
439 2842647 461 4 9 7
440 2842647 461 1 0 1
441 2842647 461 3 4 10
442 2842647 461 4 8 9
443 2846947 464 9 0 17
444 2960544 466 4 3 1801
445 2960544 466 7 3 3602
446 2960544 466 0 8 1
447 2960544 466 2 4 652
448 2960544 466 6 0 7
449 2960544 466 1 4 217
450 2960544 466 0 3 1801
451 2960544 466 8 5 1
452 2960544 466 5 3 3602
453 2960544 466 6 7 1
454 2960544 466 5 10 4
455 2960544 466 4 8 1
456 2988508 467 4 0 1291
457 2988508 467 4 6 6
458 2988508 467 2 3 1
459 2988508 467 10 8 39
460 2988508 467 10 9 8
461 2988508 467 2 7 5
462 2988508 467 0 1 1
463 2996184 468 7 0 6237
464 2996184 468 7 7 38
465 2998050 469 6 4 541
466 3043840 473 10 10 1
467 3043840 473 2 5 68
468 3043840 473 5 2 23
469 3141926 475 4 1 6
470 3141926 475 7 0 1
471 3141926 475 7 7 9
472 3141926 475 8 2 3
473 3141926 475 1 4 1
474 3141926 475 6 5 2
475 3141926 475 1 2 13
476 3141926 475 5 0 8
477 3141926 475 10 5 2
478 3141926 475 7 8 5
479 3141926 475 4 5 5
480 3141926 475 8 10 5
481 3141926 475 2 5 2
482 3141926 475 9 0 1
483 3152497 477 2 10 99647
484 3152497 477 2 8 74
485 3164652 482 4 2 222
486 3178674 487 5 10 202
487 3191057 489 8 9 31
488 3191057 489 8 10 15052
489 3191057 489 3 0 785
490 3191057 489 2 0 1571
491 3191057 489 3 8 69
492 3191057 489 8 4 48
493 3191057 489 9 8 8
494 3196327 492 8 7 3095
495 3198169 494 7 2 10
496 3290448 498 1 1 17
497 3290448 498 8 8 514
498 3290448 498 0 7 7
499 3290448 498 6 3 1
500 3290448 498 2 1 17
501 3290448 498 5 4 50
502 3290448 498 4 5 175
503 3290448 498 9 2 4
504 3290448 498 1 7 14
505 3290448 498 5 9 1
506 3290448 498 0 9 1
507 3290448 498 10 4 50
508 3290448 498 8 6 1
509 3290448 498 3 3 1
510 3290448 498 3 8 514
511 3290448 498 10 8 514
512 3290448 498 4 0 10
513 3290448 498 9 8 514
514 3298074 499 7 3 51
515 3298999 501 4 8 5123
516 3302221 503 1 1 6017
517 3358369 507 2 5 199
518 3358369 507 5 5 49
519 3358369 507 5 3 2
520 3358369 507 9 1 1
521 3358369 507 3 7 72
522 3358369 507 6 8 26
523 3358369 507 0 4 1429
524 3358369 507 3 1 1
525 3358369 507 1 6 3
526 3358369 507 10 2 11
527 3358369 507 10 1 1
528 3358369 507 2 10 89
529 3358369 507 8 9 7
530 3358369 507 7 4 4287
531 3379164 510 7 7 2681
532 3379164 510 6 6 71
533 3379890 512 2 3 5300
534 3434564 513 10 5 345
535 3434564 513 0 0 5
536 3434564 513 10 2 6
537 3434564 513 4 7 11
538 3434564 513 5 4 300
539 3434564 513 3 9 20
540 3434564 513 7 1 58
541 3434564 513 5 7 35
542 3434564 513 5 1 21
543 3434564 513 4 4 200
544 3445954 516 9 3 1
545 3446061 517 3 10 33396
546 3448227 520 0 2 1008
547 3461664 533 4 4 779
548 3470940 535 1 7 6
549 3474093 538 0 8 23
550 3475490 539 10 1 6
551 3488056 542 1 1 3993
552 3489306 545 0 6 7157
553 3505972 550 7 6 6
554 3521991 552 10 0 76
555 3619153 555 0 7 3
556 3619153 555 9 1 95
557 3619153 555 6 3 202
558 3619153 555 5 6 23
559 3619153 555 8 10 1
560 3619153 555 0 6 47
561 3619153 555 0 3 202
562 3619153 555 1 9 2
563 3619153 555 5 0 1
564 3619153 555 6 0 1
565 3619153 555 2 4 829
566 3619153 555 2 5 1
567 3619153 555 8 4 829
568 3619153 555 7 2 876
569 3619153 555 4 1 191
570 3619153 555 0 5 3
571 3619153 555 8 6 23
572 3654133 556 3 3 23
573 3654133 556 3 0 1
574 3662155 557 3 6 36
575 3675783 560 3 2 29
576 3687999 562 10 8 7631
577 3687999 562 10 2 37
578 3687999 562 10 4 31234
579 3704498 565 1 9 136
580 3742835 569 9 6 87
581 3742835 569 8 7 1
582 3742835 569 2 8 1
583 3742835 569 4 10 73
584 3742835 569 0 10 6
585 3742835 569 8 0 26
586 3742835 569 8 6 1
587 3742835 569 3 0 26
588 3743002 570 1 9 106
589 3747288 573 10 5 50
590 3780889 576 10 6 4
591 3780889 576 0 4 74
592 3785960 578 3 0 66
593 3803347 582 4 10 93
594 3811940 583 6 8 46
595 3811940 583 6 10 61
596 3811940 583 6 2 76
597 3811940 583 6 9 208
598 3812848 584 10 5 3971
599 3820458 588 4 10 9
600 3827192 591 9 1 1
601 3834618 598 4 6 39008
602 3865996 602 8 4 906
603 3865996 602 8 6 12
604 3865996 602 6 3 169
605 3865996 602 6 6 1
606 3865996 602 8 9 57
607 3865996 602 6 8 259
608 3867614 605 4 6 53
609 3878647 606 10 2 49
610 3878647 606 10 6 184
611 3878647 606 10 5 1333
612 3890488 611 7 2 147
613 3890488 611 2 2 8
614 3890488 611 5 8 990
615 3974572 612 2 10 5
616 3974572 612 4 7 2539
617 3974572 612 3 8 8
618 3974572 612 0 7 2539
619 3974572 612 4 0 71
620 3974572 612 6 6 1
621 3974572 612 10 3 19
622 3974572 612 7 2 448
623 3974572 612 1 4 26
624 3974572 612 6 5 240
625 3974572 612 4 9 1
626 3974572 612 0 5 240
627 3974572 612 4 1 3
628 3981641 613 3 9 4062
629 3981641 613 3 7 12697
630 3981849 614 6 5 252
631 4061070 616 4 4 78
632 4061070 616 1 0 1483
633 4061070 616 9 6 36
634 4061070 616 3 5 1227
635 4061070 616 10 1 1
636 4061070 616 4 3 20
637 4061070 616 10 10 1709
638 4061070 616 6 8 1
639 4061070 616 0 7 200
640 4061070 616 0 1 1
641 4061070 616 6 0 494
642 4061070 616 8 9 2
643 4061070 616 2 9 5
644 4066463 618 7 8 12
645 4067640 619 8 6 91
646 4099447 628 1 5 389
647 4099447 628 1 0 118
648 4107969 631 7 5 232
649 4107969 631 5 6 491
650 4107969 631 5 1 1
651 4127829 633 5 5 19724
652 4127829 633 5 0 4797
653 4127829 633 5 3 85
654 4131612 634 7 4 53
655 4131612 634 7 5 82
656 4136513 635 5 0 102
657 4146951 638 4 6 40
658 4148961 643 0 4 19
659 4197055 644 1 4 647
660 4197055 644 5 0 8
661 4197055 644 6 1 6
662 4197055 644 9 9 54
663 4197055 644 2 6 1
664 4197055 644 0 0 25
665 4197055 644 10 3 10
666 4197055 644 3 3 21
667 4197055 644 10 6 1
668 4200404 647 1 3 1338
669 4201639 650 7 10 29
670 4202795 653 7 10 4838
671 4207608 660 10 7 16605
672 4207608 660 7 7 16605
673 4213286 663 1 1 14315
674 4220890 668 5 8 15767
675 4287801 671 10 10 4
676 4287801 671 8 2 6
677 4287801 671 9 7 1
678 4287801 671 9 8 34
679 4287801 671 5 9 8
680 4287801 671 6 5 270
681 4287801 671 9 5 30
682 4287801 671 0 10 24
683 4287801 671 3 2 6
684 4287801 671 2 6 8
685 4287801 671 0 0 2
686 4287801 671 7 0 14
687 4287801 671 5 1 715
688 4287801 671 8 8 5
689 4287801 671 3 4 1342
690 4289342 672 8 2 85
691 4301157 675 2 4 30
692 4301157 675 2 5 29
693 4308063 678 7 6 409
694 4308063 678 6 4 18
695 4315825 681 6 5 12
696 4315825 681 2 4 1319
697 4368981 683 7 8 11
698 4368981 683 3 4 638
699 4368981 683 9 3 29
700 4368981 683 0 9 15
701 4368981 683 0 8 5
702 4368981 683 5 3 29
703 4368981 683 0 0 1
704 4368981 683 7 10 16
705 4368981 683 1 5 4
706 4368981 683 7 9 15
707 4384700 689 5 4 1591
708 4384700 689 9 4 318
709 4384700 689 8 10 1
710 4411940 690 0 7 11086
711 4411940 690 0 2 81
712 4411940 690 0 1 12
713 4411940 690 4 9 17
714 4411940 690 8 4 1727
715 4411940 690 4 2 11
716 4411940 690 4 5 4
717 4435255 692 6 1 96
718 4435255 692 7 4 19
719 4435255 692 2 10 12
720 4435255 692 10 1 48
721 4442788 693 8 3 1542
722 4442788 693 8 7 220
723 4547860 695 6 6 1
724 4547860 695 5 10 1
725 4547860 695 7 0 149
726 4547860 695 8 6 145
727 4547860 695 5 9 214
728 4547860 695 7 1 3
729 4547860 695 3 9 214
730 4552145 697 2 2 466
731 4576113 698 2 2 153
732 4576113 698 2 1 3
733 4576113 698 10 2 25
734 4576113 698 2 0 22
735 4576113 698 10 4 89
736 4576113 698 5 5 6
737 4577334 700 9 4 4666
738 4609400 702 3 1 61
739 4609400 702 4 7 81
740 4609400 702 3 0 1187
741 4609400 702 3 10 17
742 4609400 702 4 5 112
743 4609400 702 0 0 2375
744 4630183 703 2 1 49
745 4630183 703 9 0 37
746 4630183 703 2 10 81
747 4647710 710 3 7 220
748 4659883 714 2 2 9758
749 4702347 718 1 3 15
750 4702347 718 6 1 6
751 4702347 718 7 3 15
752 4702347 718 6 3 15
753 4720893 723 3 1 113
754 4720893 723 6 5 29
755 4720893 723 3 2 3584
756 4727980 724 6 0 16260
757 4727980 724 6 2 205
758 4727980 724 6 6 2
759 4727980 724 6 10 39
760 4765539 732 7 6 7
761 4765539 732 9 0 2
762 4766009 733 9 8 3956
763 4766141 734 2 0 38
764 4789769 735 9 4 153
765 4789769 735 9 0 35
766 4789769 735 6 10 8
767 4789769 735 9 6 47
768 4789769 735 9 9 40
769 4789769 735 6 1 62
770 4806790 739 10 3 809
771 4862408 741 5 2 3
772 4862408 741 6 5 22
773 4862408 741 4 9 14
774 4862408 741 7 4 33
775 4862408 741 8 10 2
776 4862408 741 2 8 6
777 4862408 741 8 2 3
778 4862408 741 7 6 5
779 4873003 744 1 8 151
780 4875256 748 5 8 56
781 4933370 751 9 4 27
782 4933370 751 9 6 55
783 4933370 751 10 10 17
784 4933370 751 10 6 950
785 4933370 751 3 10 17
786 4933370 751 6 7 3
787 4933370 751 6 10 17
788 4933370 751 8 1 30
789 4942247 752 8 8 21
790 4954805 755 9 2 84
791 4954805 755 9 7 346
792 4976038 761 4 5 45
793 4978560 764 3 2 84
794 5007758 766 8 7 39
795 5007758 766 10 6 14
796 5007758 766 4 4 32
797 5007758 766 7 7 3
798 5009823 767 6 8 67
799 5029296 768 0 4 59
800 5029296 768 0 7 2
801 5049839 779 4 1 18222
802 5055352 780 3 5 4
803 5058721 782 3 4 21
804 5058721 782 8 4 1
805 5065514 787 1 4 3
806 5065514 787 7 4 3
807 5065514 787 4 4 18
808 5069897 791 8 1 1
809 5069897 791 0 1 26
810 5071178 795 3 7 39
811 5072220 796 0 10 90
812 5080618 798 4 6 33
813 5084042 802 4 0 8
814 5091749 804 4 6 21
815 5098006 807 2 10 55
816 5099230 811 6 2 58
817 5100739 814 1 3 170
818 5107436 815 4 9 128
819 5113132 817 7 3 1577
820 5117903 821 6 9 68
821 5211749 822 9 2 3
822 5211749 822 0 2 3
823 5211749 822 3 5 338
824 5211749 822 5 0 16
825 5211749 822 6 7 8297
826 5211749 822 7 4 1
827 5211749 822 8 10 3
828 5211749 822 6 0 4
829 5211749 822 0 3 1
830 5211749 822 6 5 26
831 5211749 822 3 0 7
832 5211749 822 8 4 1
833 5211749 822 1 9 5
834 5211749 822 7 10 1
835 5211749 822 2 9 1
836 5211749 822 9 0 4
837 5211749 822 2 3 5
838 5211749 822 0 6 4
839 5211749 822 9 1 1
840 5211749 822 9 3 1
841 5288178 823 8 4 3553
842 5288178 823 9 1 1938
843 5288178 823 1 4 3553
844 5288178 823 3 5 599
845 5288178 823 9 0 8
846 5288178 823 5 3 6
847 5288178 823 1 1 969
848 5290114 824 0 10 47
849 5290114 824 6 10 142
850 5312401 825 4 4 187
851 5326138 830 0 1 24
852 5326138 830 8 2 21
853 5343711 833 7 10 8
854 5354942 834 9 10 1400
855 5360383 838 5 0 8530
856 5374405 843 9 3 39
857 5394998 855 2 0 234
858 5413895 859 6 5 14093
859 5413895 859 6 9 148
860 5422112 861 3 1 145
861 5429742 863 6 7 8
862 5429742 863 6 10 99
863 5481555 864 7 0 3618
864 5481555 864 6 7 2
865 5481555 864 8 1 4
866 5481555 864 0 10 517
867 5481555 864 9 9 105
868 5481555 864 3 2 954
869 5481555 864 2 7 1
870 5481555 864 1 9 35
871 5481555 864 10 1 14
872 5481555 864 7 5 30
873 5481555 864 1 7 4
874 5484416 867 2 3 81
875 5498830 872 6 10 5
876 5508737 874 2 4 61
877 5508737 874 2 8 183
878 5522757 881 6 2 1685
879 5565238 886 10 3 12
880 5565238 886 3 8 20
881 5565238 886 10 0 29
882 5565238 886 2 1 33
883 5572747 888 10 2 136
884 5574924 889 6 2 173
885 5614798 894 2 1 4
886 5614798 894 3 9 35
887 5639102 896 3 2 38
888 5639102 896 2 3 4760
889 5639102 896 1 3 1586
890 5639102 896 2 0 1968
891 5650661 899 6 2 250
892 5657256 901 7 2 30
893 5675927 905 1 8 95
894 5675927 905 4 8 95
895 5675927 905 8 8 95
896 5694993 907 2 6 68
897 5694993 907 2 8 156
898 5703226 909 9 6 8913
899 5711521 911 4 0 682
900 5711521 911 9 0 682
901 5711521 911 3 0 682
902 5711810 912 8 1 71
903 5720748 913 6 2 19
904 5722625 914 2 3 171
905 5727763 916 10 3 99
906 5738841 919 2 1 1
907 5738841 919 6 1 1
908 5740813 920 8 9 28
909 5741540 921 3 9 79
910 5741540 921 8 1 88
911 5752382 924 8 6 3
912 5764267 926 7 5 9235
913 5765070 927 7 0 85
914 5861022 929 2 1 1
915 5861022 929 4 7 2
916 5861022 929 3 6 109
917 5861022 929 10 10 1
918 5861022 929 1 3 6
919 5861022 929 4 4 2635
920 5861022 929 0 4 878
921 5861022 929 2 3 13
922 5861022 929 8 2 21
923 5861022 929 7 8 14
924 5861022 929 10 2 4
925 5861022 929 9 10 2
926 5861022 929 4 6 54
927 5861022 929 2 2 8
928 5861022 929 4 9 8
929 5861022 929 5 3 3
930 5917310 930 0 1 28
931 5917310 930 10 0 7476
932 5917310 930 3 3 15
933 5917310 930 6 8 928
934 5917310 930 10 2 14
935 5917310 930 0 8 309
936 5917310 930 1 2 43
937 5917310 930 7 10 683
938 5917310 930 4 6 79
939 5917310 930 7 1 14
940 5917310 930 9 3 15
941 5917310 930 8 6 13
942 5917310 930 3 5 22
943 5917310 930 3 7 10
944 5917310 930 2 10 683
945 5968142 931 3 3 124
946 5968142 931 2 8 4
947 5968142 931 4 10 225
948 5968142 931 10 8 16
949 5968142 931 5 5 349
950 5968142 931 10 5 349
951 5968142 931 6 3 24
952 6001779 932 6 3 3
953 6001779 932 2 2 2708
954 6001779 932 10 9 4
955 6001779 932 0 2 1805
956 6001779 932 4 9 4
957 6001779 932 9 2 902
958 6112539 941 10 5 13
959 6112539 941 6 10 18
960 6112539 941 6 9 2610
961 6112539 941 3 3 2
962 6112539 941 4 9 3916
963 6112539 941 1 7 1
964 6112539 941 4 0 22
965 6112539 941 8 3 1
966 6112539 941 3 10 18
967 6112539 941 8 4 11
968 6115860 945 9 1 9558
969 6116272 946 7 9 37
970 6124964 948 6 7 18
971 6124964 948 5 4 5
972 6135747 950 7 8 44
973 6135747 950 9 8 7
974 6139862 955 9 4 12686
975 6156379 959 10 9 43
976 6165715 961 1 5 343
977 6169416 965 9 8 9024
978 6232449 967 4 2 15
979 6232449 967 1 6 3080
980 6232449 967 1 8 44
981 6232449 967 6 3 8
982 6232449 967 4 5 7
983 6232449 967 5 4 14
984 6232449 967 0 7 243
985 6232449 967 7 4 14
986 6244258 971 9 8 90
987 6252450 972 10 8 28
988 6252450 972 10 10 169
989 6269568 973 2 4 10
990 6269568 973 0 9 112
991 6269568 973 0 10 26
992 6269568 973 2 0 8
993 6270466 974 2 10 4704
994 6274538 977 7 2 1705
995 6274538 977 2 2 5970
996 6316768 994 8 0 3
997 6316768 994 6 5 97
998 6322459 997 6 3 22
999 6322459 997 0 3 22
