11 343 1000
0 13391 0 9 0 1
1 13391 0 1 2 152
2 14254 2 0 10 1004
3 51107 3 9 10 1871
4 51107 3 5 10 935
5 51107 3 10 6 2558
6 51107 3 10 8 592
7 51107 3 9 2 11041
8 51107 3 9 1 84
9 51107 3 9 6 284
10 67634 8 10 0 624
11 93421 9 4 3 74
12 93421 9 4 2 98
13 99127 10 8 1 870
14 101416 12 6 2 40
15 131147 13 7 9 48707
16 131147 13 1 4 340
17 171575 17 9 9 658
18 171575 17 5 8 30
19 171575 17 2 3 46
20 171575 17 5 4 12
21 171575 17 10 1 44
22 179016 18 1 9 179
23 179016 18 1 10 164
24 179016 18 1 1 13067
25 179016 18 1 6 36
26 201395 21 4 10 27
27 201395 21 4 3 9711
28 201395 21 3 6 41
29 209292 25 3 0 5933
30 237045 29 10 9 5
31 237045 29 10 7 2267
32 237045 29 2 2 8778
33 246125 32 7 4 14
34 259554 37 0 9 2107
35 259554 37 3 9 6321
36 267850 38 10 5 110
37 271896 39 4 5 6
38 271896 39 10 5 6
39 282888 41 10 2 50
40 284259 42 8 0 5
41 289428 44 1 0 118
42 289428 44 1 2 89
43 289428 44 1 5 455
44 290691 45 6 6 1063
45 290691 45 0 6 3190
46 292801 49 5 3 10203
47 302157 50 9 0 44
48 302157 50 7 0 44
49 302157 50 10 4 2237
50 382307 51 10 4 15
51 382307 51 7 7 5
52 382307 51 3 6 1
53 382307 51 5 6 1
54 382307 51 0 1 15
55 382307 51 7 3 15
56 382307 51 5 7 5
57 382307 51 2 9 1
58 382307 51 0 2 10
59 382307 51 9 1 15
60 382307 51 7 10 1
61 382307 51 10 8 21
62 382307 51 3 5 8
63 382307 51 3 9 1
64 382307 51 3 2 5
65 382307 51 8 7 5
66 431384 59 1 2 204
67 431384 59 1 1 67
68 431384 59 2 1 67
69 431384 59 1 3 5
70 431384 59 5 9 36
71 431384 59 1 9 128
72 454206 66 0 8 966
73 454206 66 0 1 84
74 454212 67 1 7 10
75 457690 68 4 4 13
76 457690 68 10 4 23
77 457926 69 5 1 15911
78 472150 70 10 6 45
79 472201 71 8 0 65
80 484170 72 6 1 5
81 484170 72 6 9 16
82 534787 75 7 9 1
83 534787 75 6 1 591
84 534787 75 7 8 1
85 534787 75 5 1 5916
86 534787 75 5 2 778
87 534787 75 0 1 591
88 534787 75 7 3 168
89 534787 75 0 9 1
90 534787 75 9 10 7
91 534787 75 4 5 115
92 534787 75 1 5 231
93 535287 76 9 3 98
94 541343 77 6 4 52
95 614865 84 6 1 8
96 614865 84 7 8 1
97 614865 84 7 2 154
98 614865 84 6 2 308
99 614865 84 3 9 1
100 614865 84 7 5 716
101 614865 84 3 1 24
102 614865 84 4 7 21
103 614865 84 10 7 43
104 631487 89 7 1 10154
105 631487 89 7 2 266
106 631487 89 7 8 6309
107 632647 90 8 3 184
108 638855 91 4 2 550
109 638855 91 3 2 550
110 638994 92 9 0 133
111 649175 94 0 5 1513
112 662502 97 5 9 3687
113 662502 97 7 9 5530
114 662502 97 2 9 3687
115 699619 99 0 7 38
116 699619 99 9 5 5
117 699619 99 0 0 203
118 699619 99 9 2 19
119 699619 99 0 3 63
120 763240 102 1 4 4
121 763240 102 5 1 3
122 763240 102 7 9 9
123 763240 102 1 5 14
124 763240 102 8 7 78
125 763240 102 1 9 9
126 763240 102 9 10 21
127 763240 102 10 3 5
128 774349 104 4 9 60
129 774349 104 4 3 2306
130 776017 105 1 5 326
131 805529 108 0 0 226
132 805529 108 3 6 15
133 805529 108 8 10 3
134 805529 108 2 3 69
135 809413 110 3 8 100
136 809413 110 3 10 47
137 821132 116 2 0 61
138 840500 121 4 1 48
139 843017 123 6 3 7858
140 849128 126 3 0 39
141 865235 127 0 8 19017
142 865235 127 0 5 244
143 897772 136 8 7 14
144 897772 136 1 2 59
145 897772 136 1 6 153
146 897772 136 8 8 31
147 897772 136 1 0 2006
148 897772 136 1 7 22
149 948996 137 10 9 2136
150 948996 137 2 8 4
151 954172 140 7 4 142
152 978339 146 4 3 36
153 982062 148 9 10 21
154 982062 148 2 10 21
155 989726 150 2 10 10
156 1048084 154 2 7 642
157 1048084 154 10 8 87
158 1048084 154 4 1 16
159 1048084 154 4 8 43
160 1048084 154 1 7 642
161 1048084 154 9 7 1284
162 1048084 154 10 6 575
163 1113658 160 1 6 2
164 1113658 160 7 5 5
165 1113658 160 8 1 17
166 1113658 160 7 6 19
167 1113658 160 5 8 306
168 1113658 160 10 2 843
169 1113658 160 6 3 2
170 1113658 160 5 1 1
171 1113658 160 6 7 1
172 1113658 160 2 8 613
173 1115892 161 10 8 1
174 1115892 161 0 8 17
175 1135930 162 8 6 14
176 1135930 162 5 3 574
177 1135930 162 6 4 92
178 1135930 162 5 7 225
179 1135930 162 7 6 44
180 1135930 162 10 3 382
181 1146417 165 0 5 110
182 1175269 174 1 7 14
183 1175269 174 6 2 19
184 1175269 174 2 10 174
185 1176380 175 2 6 13
186 1197286 177 3 1 25986
187 1198278 178 9 0 104
188 1198278 178 7 0 104
189 1205844 184 3 5 54
190 1212649 187 4 2 24
191 1212649 187 9 9 71
192 1214355 189 1 7 16203
193 1277536 198 6 4 2
194 1277536 198 9 2 2
195 1277536 198 6 3 20
196 1277536 198 2 6 334
197 1277536 198 8 5 1
198 1296800 203 7 0 49
199 1296800 203 8 3 1767
200 1296800 203 7 8 150
201 1309127 209 7 5 39
202 1323060 210 5 3 7
203 1335498 219 4 5 7677
204 1342532 223 3 9 2
205 1342532 223 7 9 1
206 1348256 228 3 2 31
207 1371444 229 6 5 19
208 1371444 229 2 7 9
209 1371444 229 2 1 1
210 1371444 229 0 6 27
211 1371444 229 2 6 55
212 1399459 230 8 7 2487
213 1399459 230 3 4 78
214 1399459 230 3 1 230
215 1453766 233 0 1 4
216 1453766 233 3 7 1
217 1453766 233 5 1 8
218 1453766 233 2 8 5
219 1453766 233 7 2 17
220 1453766 233 0 5 1
221 1453766 233 1 8 5
222 1453766 233 5 0 7
223 1453766 233 3 1 141
224 1478112 237 10 7 51
225 1478112 237 4 5 53
226 1478112 237 10 8 53
227 1543209 241 4 0 9
228 1543209 241 1 4 14
229 1543209 241 9 5 1682
230 1543209 241 9 8 23
231 1543209 241 3 8 1
232 1543209 241 6 10 8112
233 1543209 241 9 10 1014
234 1543355 242 8 3 104
235 1548864 245 10 8 40
236 1548864 245 0 8 20
237 1554845 254 2 4 52
238 1585642 259 6 0 14
239 1585642 259 2 1 1783
240 1585642 259 10 0 14
241 1585642 259 4 1 891
242 1647348 262 2 6 8
243 1647348 262 4 0 69
244 1647348 262 2 0 9
245 1647348 262 8 8 7
246 1647348 262 9 9 15
247 1655065 263 2 10 1524
248 1668360 269 4 6 99
249 1668360 269 4 9 210
250 1681351 280 5 2 647
251 1689436 282 8 0 16296
252 1689436 282 8 7 200
253 1698261 285 4 10 220
254 1698261 285 4 3 17
255 1795574 287 10 0 1
256 1795574 287 4 5 2
257 1795574 287 8 7 1615
258 1795574 287 6 5 4
259 1795574 287 1 10 7
260 1795574 287 6 9 1
261 1795574 287 4 8 5
262 1795574 287 10 10 61
263 1795574 287 8 5 2
264 1795574 287 9 8 5
265 1795574 287 3 0 5
266 1795574 287 8 2 9
267 1795574 287 9 6 24
268 1795574 287 5 9 1
269 1796177 288 8 10 108
270 1831852 291 3 3 844
271 1831852 291 9 1 256
272 1831852 291 0 0 33
273 1865107 292 3 0 12
274 1865107 292 5 6 13
275 1865107 292 10 9 529
276 1865107 292 1 8 1090
277 1888020 298 1 10 121
278 1888020 298 9 5 37
279 1888020 298 1 5 75
280 1929486 303 4 6 795
281 1929486 303 4 2 1892
282 1929486 303 1 0 1
283 1929486 303 1 2 1892
284 1929486 303 4 8 324
285 1929486 303 10 2 1892
286 1929486 303 4 0 158
287 1966554 308 6 10 9873
288 1966554 308 6 2 3
289 1970333 310 10 7 73
290 1976724 311 3 10 57
291 2031513 317 7 0 4
292 2031513 317 1 3 109
293 2031513 317 5 2 565
294 2031513 317 1 2 3961
295 2031513 317 3 8 167
296 2031513 317 9 1 14
297 2031513 317 0 1 14
298 2033344 318 2 7 11
299 2035938 320 5 0 8093
300 2050322 324 9 9 47
301 2050322 324 5 10 48
302 2050322 324 8 5 7
303 2056623 327 1 10 1020
304 2079678 328 8 3 2
305 2079678 328 5 0 1
306 2079678 328 2 9 2
307 2079678 328 10 9 14
308 2088193 330 0 6 47
309 2095176 335 1 2 44
310 2095176 335 1 5 7886
311 2095281 336 9 4 663
312 2102664 337 4 5 11902
313 2102664 337 4 4 1536
314 2102664 337 4 10 50
315 2118065 339 4 10 8843
316 2141416 340 2 4 1
317 2141416 340 9 0 40
318 2141416 340 3 1 3
319 2141416 340 8 9 15
320 2145405 342 7 4 33
321 2145405 342 9 4 133
322 2162815 352 9 10 104
323 2169881 353 0 5 7115
324 2169881 353 0 3 163
325 2169881 353 0 9 9
326 2173879 357 2 8 157
327 2188777 362 6 3 357
328 2192297 364 4 6 40
329 2192996 365 9 3 670
330 2211535 369 6 3 6
331 2211535 369 10 7 1
332 2234096 370 7 9 23
333 2234096 370 8 8 3
334 2234096 370 10 8 22
335 2237890 373 6 3 66
336 2257937 381 9 6 9029
337 2282708 388 7 7 30
338 2282708 388 0 1 16
339 2282708 388 0 2 35
340 2282708 388 7 9 4765
341 2337046 390 5 10 1
342 2337046 390 9 8 2301
343 2337046 390 3 1 10
344 2337046 390 8 8 767
345 2337046 390 1 0 29
346 2337046 390 0 10 1
347 2337046 390 3 5 6
348 2337046 390 2 3 596
349 2337046 390 0 0 14
350 2356418 392 1 5 5135
351 2356418 392 7 5 1283
352 2356418 392 5 0 19
353 2356418 392 10 4 1281
354 2425598 395 7 8 33
355 2425598 395 8 10 31
356 2425598 395 9 10 10
357 2425598 395 4 0 881
358 2425598 395 9 0 440
359 2425598 395 10 6 13
360 2425598 395 6 5 177
361 2425598 395 8 5 177
362 2425598 395 3 9 10223
363 2461483 402 2 4 6
364 2461483 402 2 6 88
365 2461483 402 9 7 35
366 2461483 402 2 5 49
367 2480021 407 2 9 3032
368 2526698 409 1 3 7
369 2526698 409 6 0 528
370 2526698 409 10 9 30
371 2526698 409 5 1 542
372 2526698 409 8 0 1056
373 2528876 410 6 3 1
374 2531248 411 9 4 206
375 2552077 413 9 3 3
376 2552077 413 9 6 10095
377 2552077 413 9 8 10548
378 2552077 413 9 2 3014
379 2552800 414 7 9 40
380 2554062 415 6 1 12637
381 2561807 420 9 1 29
382 2561807 420 6 1 29
383 2572462 422 2 7 9
384 2665531 428 10 6 1
385 2665531 428 5 10 4
386 2665531 428 5 5 822
387 2665531 428 6 8 7
388 2665531 428 7 4 1
389 2665531 428 9 0 1
390 2665531 428 10 3 14
391 2665531 428 0 9 1
392 2665531 428 2 4 1
393 2665531 428 4 5 822
394 2665531 428 9 2 2
395 2665531 428 0 2 2
396 2665531 428 8 4 21
397 2665531 428 1 10 12
398 2665531 428 8 0 4
399 2665531 428 10 4 1
400 2665531 428 6 10 4
401 2665627 429 0 6 415
402 2712140 430 3 5 16
403 2712140 430 10 0 9
404 2712140 430 3 1 3154
405 2712140 430 4 4 3
406 2712140 430 1 4 24
407 2712140 430 0 1 1051
408 2712140 430 0 8 2
409 2715622 433 7 4 12730
410 2717825 434 9 2 74
411 2717825 434 8 2 37
412 2726454 439 6 7 114
413 2734471 443 6 3 83
414 2744559 450 9 4 2471
415 2788961 457 0 0 8
416 2788961 457 2 4 1
417 2788961 457 7 0 8
418 2788961 457 8 7 1
419 2788961 457 4 10 25
420 2788961 457 10 0 8
421 2806604 460 1 9 91
422 2842647 461 9 6 122
423 2842647 461 4 7 1
424 2842647 461 1 0 1
425 2842647 461 3 2 27
426 2842647 461 3 0 16
427 2842647 461 7 1 11
428 2842647 461 10 8 9
429 2842647 461 9 2 5
430 2842647 461 10 9 7
431 2842647 461 0 4 5
432 2842647 461 7 10 1
433 2960544 466 0 3 1801
434 2960544 466 2 0 7
435 2960544 466 1 2 804
436 2960544 466 9 7 1
437 2960544 466 10 10 4
438 2960544 466 3 8 1
439 2960544 466 1 1 2
440 2960544 466 6 1 2
441 2960544 466 4 5 1
442 2960544 466 3 2 100
443 2960544 466 6 9 4
444 2960544 466 10 0 7
445 2960544 466 10 7 22
446 2960544 466 6 6 16
447 2960544 466 3 3 7204
448 2960544 466 3 5 1
449 2988508 467 10 7 23
450 2988508 467 9 5 5
451 2988508 467 5 6 60
452 2988508 467 9 0 3875
453 2988508 467 0 9 8
454 2996184 468 7 8 13074
455 2996184 468 7 1 79
456 2998050 469 6 1 4673
457 3012165 472 8 0 14
458 3043840 473 0 8 1669
459 3043840 473 5 9 2
460 3043840 473 1 7 66
461 3043840 473 0 3 14
462 3044196 474 4 9 211
463 3141926 475 6 0 2
464 3141926 475 1 8 2
465 3141926 475 0 1 6
466 3141926 475 8 0 1
467 3141926 475 6 3 1
468 3141926 475 4 9 5
469 3141926 475 10 0 1
470 3141926 475 8 7 4
471 3141926 475 6 7 85
472 3141926 475 1 4 1
473 3141926 475 6 8 5
474 3141926 475 2 0 1
475 3141926 475 2 1 3
476 3141926 475 3 4 1
477 3141926 475 10 3 4
478 3141926 475 7 8 5
479 3141926 475 4 10 5
480 3141926 475 0 4 2
481 3152497 477 2 6 69
482 3152497 477 2 4 41
483 3152527 478 8 2 76
484 3159961 479 5 9 1
485 3159961 479 10 9 1
486 3163471 480 4 8 89
487 3166738 483 2 10 40
488 3166738 483 10 10 8
489 3167349 485 2 0 117
490 3173223 486 6 3 91
491 3290448 498 4 2 4
492 3290448 498 9 1 319
493 3290448 498 3 0 10
494 3290448 498 1 8 5658
495 3290448 498 1 0 10
496 3290448 498 6 5 175
497 3290448 498 8 10 26
498 3290448 498 1 7 14
499 3290448 498 4 0 10
500 3290448 498 2 5 526
501 3290448 498 4 3 1
502 3290448 498 5 8 514
503 3290448 498 7 3 9
504 3290448 498 3 8 514
505 3290448 498 7 0 10
506 3290448 498 0 1 53
507 3290448 498 5 5 702
508 3290448 498 10 2 4
509 3298074 499 7 2 121
510 3305424 504 6 8 77
511 3358369 507 6 1 1
512 3358369 507 1 6 3
513 3358369 507 2 2 28
514 3358369 507 7 6 7
515 3358369 507 2 10 89
516 3358369 507 1 3 2
517 3358369 507 3 3 26
518 3358369 507 2 5 199
519 3358369 507 3 7 72
520 3379164 510 7 10 87
521 3379164 510 7 3 4
522 3379164 510 7 6 71
523 3379164 510 6 10 29
524 3434564 513 6 7 11
525 3434564 513 4 0 1
526 3434564 513 4 8 1009
527 3434564 513 6 9 20
528 3434564 513 5 10 18
529 3445954 516 8 3 12
530 3445954 516 6 3 1
531 3445954 516 5 3 1
532 3449974 522 4 9 174
533 3450809 524 1 8 1009
534 3453296 526 8 2 56
535 3463149 534 3 4 114
536 3470940 535 9 1 238
537 3470940 535 3 7 31
538 3473324 537 7 10 11
539 3488056 542 1 2 138
540 3488422 544 7 5 54
541 3496906 547 4 5 7822
542 3505972 550 6 6 6
543 3505972 550 2 6 6
544 3518670 551 6 1 7
545 3619153 555 8 3 1620
546 3619153 555 7 2 876
547 3619153 555 8 7 7
548 3619153 555 4 2 4380
549 3619153 555 1 2 876
550 3619153 555 6 7 3
551 3619153 555 7 3 202
552 3619153 555 5 5 1
553 3619153 555 4 9 2
554 3619153 555 7 4 829
555 3619153 555 9 7 3
556 3619153 555 0 9 2
557 3619153 555 8 4 829
558 3619153 555 4 10 197
559 3619153 555 3 5 1
560 3619153 555 10 8 7
561 3619153 555 9 8 7
562 3619153 555 1 6 23
563 3619153 555 10 0 4
564 3654133 556 9 0 1
565 3654133 556 3 0 1
566 3654133 556 10 3 92
567 3654133 556 9 5 3164
568 3662155 557 3 1 215
569 3672107 558 1 10 174
570 3672107 558 1 8 329
571 3675783 560 5 0 81
572 3697268 563 10 9 33
573 3704498 565 1 4 1356
574 3704498 565 1 9 136
575 3704498 565 1 1 233
576 3704949 567 1 5 9237
577 3742835 569 4 2 52
578 3742835 569 10 2 78
579 3742835 569 7 7 1
580 3742835 569 5 3 1
581 3742835 569 7 0 26
582 3742835 569 3 6 1
583 3780889 576 0 6 27
584 3780889 576 0 3 30
585 3780889 576 1 9 73
586 3780889 576 10 1 1
587 3780889 576 6 9 146
588 3781875 577 0 0 2339
589 3803347 582 4 5 179
590 3803347 582 4 0 2716
591 3803347 582 4 10 93
592 3811940 583 6 5 15734
593 3811940 583 6 3 83
594 3813142 585 10 3 1425
595 3814618 587 4 1 12
596 3820458 588 4 1 168
597 3827192 591 8 10 2
598 3829552 593 9 9 1350
599 3829975 594 0 5 74
600 3832906 595 5 9 1
601 3865996 602 8 8 3636
602 3865996 602 8 2 848
603 3865996 602 6 1 81
604 3867117 604 9 6 322
605 3878647 606 10 7 327
606 3878647 606 10 3 161
607 3890488 611 5 6 4930
608 3890488 611 1 2 8
609 3890488 611 3 6 410
610 3890488 611 10 6 205
611 3974572 612 2 6 40
612 3974572 612 8 3 1
613 3974572 612 4 5 120
614 3974572 612 9 4 26
615 3974572 612 10 4 133
616 3974572 612 0 6 1
617 3974572 612 7 3 1
618 3974572 612 9 7 2539
619 3974572 612 6 4 26
620 3974572 612 2 1 16
621 3974572 612 10 3 19
622 3974572 612 7 1 3
623 3974572 612 4 10 5
624 3974572 612 1 1 3
625 3974572 612 7 0 71
626 3974572 612 1 0 71
627 3974572 612 8 9 1
628 3974572 612 0 0 142
629 3981641 613 3 5 22
630 3981641 613 3 0 119
631 4061070 616 8 2 1
632 4061070 616 3 2 3
633 4061070 616 3 8 82
634 4061070 616 10 8 6
635 4061070 616 10 4 1
636 4061070 616 2 9 5
637 4061070 616 7 1 1
638 4061070 616 7 6 36
639 4061070 616 10 2 2
640 4061070 616 2 10 854
641 4061070 616 2 1 1
642 4061070 616 6 1 2
643 4061070 616 9 5 1227
644 4061070 616 7 4 1
645 4061070 616 10 7 200
646 4061070 616 1 4 1
647 4061070 616 3 4 1
648 4061070 616 1 8 1
649 4061070 616 4 0 12359
650 4061070 616 0 0 1977
651 4061070 616 8 5 11051
652 4068008 620 10 8 40
653 4088191 626 2 0 55
654 4088191 626 2 10 96
655 4088191 626 2 9 226
656 4088191 626 2 3 6058
657 4088191 626 2 5 2333
658 4099447 628 1 8 78
659 4099447 628 1 5 389
660 4099447 628 1 3 228
661 4099447 628 1 7 2415
662 4107969 631 7 5 232
663 4127829 633 5 4 225
664 4127829 633 5 0 4797
665 4127829 633 5 9 17
666 4136513 635 5 7 192
667 4146951 638 4 1 10
668 4197055 644 10 7 92
669 4197055 644 4 7 834
670 4197055 644 2 8 1817
671 4197055 644 6 1 6
672 4197055 644 0 9 136
673 4197055 644 4 4 647
674 4199422 646 2 9 12
675 4205526 658 0 3 6037
676 4207608 660 10 7 16605
677 4220890 668 5 1 200
678 4287801 671 4 2 13
679 4287801 671 5 7 2
680 4287801 671 10 5 30
681 4287801 671 2 1 476
682 4289342 672 8 2 85
683 4289342 672 8 5 20
684 4301157 675 2 0 55
685 4315825 681 3 4 2639
686 4368981 683 4 3 29
687 4368981 683 0 7 3841
688 4368981 683 10 9 30
689 4368981 683 6 4 638
690 4368981 683 1 1 50
691 4368981 683 0 9 15
692 4368981 683 10 0 1
693 4368981 683 10 7 1097
694 4368981 683 10 3 59
695 4370425 686 7 1 88
696 4384700 689 5 10 2
697 4411940 690 4 10 4
698 4411940 690 8 6 14
699 4411940 690 8 9 17
700 4411940 690 4 1 1
701 4411940 690 4 3 45
702 4411940 690 0 7 11086
703 4435255 692 10 7 4345
704 4435255 692 7 10 12
705 4435255 692 7 6 43
706 4547860 695 6 9 1503
707 4547860 695 9 8 1
708 4547860 695 5 3 4
709 4547860 695 10 10 1
710 4547860 695 1 2 1587
711 4547860 695 0 10 3
712 4547860 695 3 7 5
713 4547860 695 6 5 49
714 4547860 695 7 0 149
715 4547860 695 2 9 1503
716 4547860 695 8 6 145
717 4547860 695 3 6 1
718 4547860 695 5 2 793
719 4547860 695 7 7 1
720 4547860 695 3 9 214
721 4552145 697 6 6 3138
722 4576113 698 2 8 8
723 4576113 698 5 0 4
724 4576113 698 10 8 312
725 4576113 698 5 7 21
726 4576113 698 5 3 7885
727 4588807 701 2 9 1
728 4609400 702 0 7 163
729 4609400 702 4 2 28
730 4609400 702 3 4 649
731 4609400 702 3 2 56
732 4609400 702 0 10 1
733 4609400 702 3 3 1
734 4609400 702 0 1 25
735 4609400 702 4 5 112
736 4630183 703 9 0 37
737 4630183 703 9 4 57
738 4630183 703 2 5 40
739 4633647 706 5 7 40
740 4647710 710 3 0 36
741 4647710 710 3 5 9637
742 4647710 710 3 3 119
743 4702347 718 0 5 87
744 4702347 718 6 1 6
745 4702347 718 5 9 11729
746 4702347 718 2 8 1455
747 4702347 718 2 9 31
748 4702347 718 1 7 17
749 4720893 723 6 3 13
750 4720893 723 6 6 66
751 4720893 723 6 2 3584
752 4720893 723 3 9 11
753 4727980 724 6 2 205
754 4728887 726 3 9 3974
755 4737227 727 6 7 2
756 4765539 732 6 5 66
757 4765539 732 4 6 4
758 4765539 732 7 5 26
759 4765539 732 9 3 7
760 4766009 733 10 8 12
761 4789769 735 6 6 3
762 4789769 735 9 6 47
763 4806790 739 10 8 67
764 4862408 741 7 1 989
765 4862408 741 4 9 14
766 4862408 741 8 5 28
767 4862408 741 2 4 66
768 4874026 746 6 9 88
769 4884467 749 10 7 20
770 4933370 751 5 3 727
771 4933370 751 3 1 15
772 4933370 751 4 7 10
773 4933370 751 2 6 55
774 4933370 751 1 10 51
775 4933370 751 5 0 23
776 4933370 751 0 7 3
777 4933370 751 1 8 1
778 4933370 751 7 1 30
779 4933370 751 0 10 17
780 4942247 752 3 0 42
781 4954805 755 9 3 269
782 4968398 757 9 5 1734
783 4968398 757 5 1 77
784 4977156 762 4 1 36
785 5007758 766 2 6 14
786 5007758 766 10 6 14
787 5029296 768 8 9 704
788 5029296 768 8 3 102
789 5036346 773 10 10 34
790 5036346 773 8 10 34
791 5043206 777 10 6 150
792 5048986 778 6 9 7
793 5048986 778 4 9 7
794 5055352 780 0 2 6098
795 5059525 784 4 10 191
796 5065514 787 1 4 3
797 5065514 787 4 4 18
798 5065514 787 8 4 6
799 5069897 791 8 1 1
800 5071178 795 3 7 39
801 5072220 796 0 10 90
802 5080618 798 4 3 11778
803 5091749 804 4 6 21
804 5091749 804 4 0 117
805 5091749 804 4 8 8560
806 5098552 808 1 3 14
807 5100624 813 10 8 83
808 5113132 817 7 3 1577
809 5117903 821 7 9 36
810 5211749 822 9 6 4
811 5211749 822 10 5 78
812 5211749 822 1 4 2
813 5211749 822 7 8 479
814 5211749 822 10 2 3
815 5211749 822 10 0 1
816 5211749 822 2 9 1
817 5211749 822 6 6 4
818 5211749 822 8 5 156
819 5211749 822 2 8 3838
820 5211749 822 8 4 1
821 5211749 822 2 6 8
822 5211749 822 7 3 5
823 5288178 823 1 10 1
824 5288178 823 5 8 1
825 5288178 823 9 6 1414
826 5288178 823 5 10 1
827 5288178 823 3 5 599
828 5288178 823 5 9 1
829 5288178 823 10 3 2
830 5288178 823 10 0 8
831 5288178 823 9 0 8
832 5288178 823 2 3 1
833 5312401 825 1 2 27
834 5312401 825 1 8 63
835 5312401 825 5 5 16
836 5312401 825 6 9 56
837 5312401 825 6 1 171
838 5312401 825 0 0 3
839 5312401 825 4 2 27
840 5326138 830 1 1 74
841 5326928 832 1 1 30673
842 5343711 833 7 9 12629
843 5354942 834 2 10 700
844 5354942 834 8 5 908
845 5372802 842 1 0 94
846 5372802 842 1 8 2391
847 5372802 842 1 9 9530
848 5374405 843 9 3 39
849 5377417 844 1 9 851
850 5387623 846 5 5 11850
851 5387623 846 5 10 165
852 5388961 849 9 10 39
853 5389378 850 5 2 5
854 5397033 856 4 4 30
855 5405548 857 9 9 69
856 5422112 861 3 1 145
857 5422112 861 3 6 1409
858 5422112 861 3 5 2029
859 5481555 864 2 7 1
860 5481555 864 0 4 17
861 5481555 864 3 8 113
862 5481555 864 0 0 7236
863 5481555 864 8 7 12
864 5495414 871 1 9 3
865 5498830 872 6 6 114
866 5498921 873 8 2 1986
867 5513644 875 3 7 9
868 5515411 876 10 3 37
869 5515749 877 10 6 24
870 5522757 881 2 2 561
871 5522757 881 5 2 2247
872 5523589 884 0 6 33
873 5524407 885 10 5 37
874 5565238 886 1 3 48
875 5565238 886 6 5 25
876 5565238 886 7 7 8
877 5565238 886 5 4 25
878 5565238 886 4 8 20
879 5565238 886 4 6 555
880 5572747 888 10 6 3020
881 5572747 888 10 3 87
882 5614798 894 6 3 6
883 5614798 894 6 7 54
884 5614798 894 4 7 10
885 5614798 894 0 8 1
886 5614798 894 9 2 35
887 5614798 894 7 2 5
888 5639102 896 1 3 1586
889 5639102 896 1 0 15751
890 5639102 896 8 3 3173
891 5639102 896 2 3 4760
892 5650661 899 6 5 249
893 5669769 903 1 1 7
894 5669769 903 1 5 36
895 5675927 905 8 8 95
896 5675927 905 2 8 95
897 5694993 907 4 10 3
898 5694993 907 4 0 36
899 5694993 907 4 8 14
900 5694993 907 2 4 4
901 5694993 907 2 9 153
902 5695478 908 1 0 165
903 5703226 909 9 2 801
904 5703226 909 9 5 138
905 5711521 911 3 0 682
906 5720748 913 0 2 19
907 5730659 917 3 9 3
908 5730659 917 9 9 199
909 5740813 920 8 10 8
910 5764267 926 7 3 71
911 5764267 926 7 9 34
912 5766039 928 0 10 51
913 5861022 929 3 8 4
914 5861022 929 1 5 227
915 5861022 929 5 0 2
916 5861022 929 2 0 2
917 5861022 929 8 5 227
918 5861022 929 2 3 13
919 5861022 929 8 6 272
920 5861022 929 8 1 1
921 5861022 929 3 7 2
922 5861022 929 0 2 4
923 5861022 929 1 1 3
924 5861022 929 3 4 878
925 5917310 930 1 10 683
926 5917310 930 2 8 1548
927 5917310 930 8 0 69778
928 5917310 930 0 6 26
929 5917310 930 5 9 71
930 5917310 930 1 6 13
931 5917310 930 5 7 10
932 5968142 931 1 5 349
933 5968142 931 5 2 4823
934 5968142 931 1 9 2119
935 5968142 931 6 7 6
936 5968142 931 3 5 4188
937 5968142 931 0 6 17
938 6001779 932 5 3 13
939 6001779 932 10 6 4
940 6001779 932 1 1 779
941 6001779 932 4 8 67
942 6002608 933 9 6 7857
943 6009850 937 4 6 76
944 6016975 939 8 8 28526
945 6112539 941 4 3 4
946 6112539 941 6 6 24
947 6112539 941 5 3 8
948 6112539 941 10 5 13
949 6112539 941 10 0 5
950 6112539 941 4 5 41
951 6112539 941 7 5 55
952 6112539 941 8 3 1
953 6112539 941 9 10 18
954 6112539 941 6 2 5
955 6112539 941 7 7 2
956 6112539 941 8 10 18
957 6112539 941 4 0 22
958 6112539 941 7 10 36
959 6112539 941 4 4 32
960 6112539 941 4 9 3916
961 6112539 941 9 4 1
962 6112539 941 9 6 8
963 6112539 941 5 8 1
964 6115860 945 9 1 9558
965 6116832 947 10 10 71
966 6124964 948 6 6 791
967 6124964 948 0 7 18
968 6156379 959 10 4 73
969 6156379 959 10 9 43
970 6165715 961 2 5 687
971 6232449 967 1 9 9
972 6232449 967 0 9 2
973 6232449 967 4 8 44
974 6232449 967 1 3 4
975 6232449 967 0 10 13
976 6232449 967 0 2 15
977 6232449 967 1 10 13
978 6252450 972 10 5 263
979 6252450 972 10 8 28
980 6252450 972 10 0 323
981 6269568 973 0 6 19
982 6269568 973 2 1 4
983 6269568 973 0 9 112
984 6274538 977 7 2 1705
985 6280554 979 6 8 3805
986 6283863 981 1 6 406
987 6284949 982 3 10 41
988 6286981 986 1 0 968
989 6290319 987 7 9 42
990 6291622 988 8 4 7153
991 6294077 991 9 10 233
992 6294223 992 0 10 8980
993 6302828 993 4 4 210
994 6316768 994 9 1 1
995 6316768 994 7 0 6
996 6316768 994 4 4 38
997 6316768 994 7 1 8
998 6322459 997 0 3 22
999 6322459 997 6 3 22
