11 347 1000
0 13391 0 1 1 3
1 13391 0 9 3 1560
2 13391 0 9 1 6
3 13391 0 9 4 103
4 13391 0 1 10 471
5 13391 0 9 5 6
6 13391 0 1 9 151
7 13391 0 9 7 46
8 51107 3 9 8 18952
9 51107 3 10 10 1871
10 51107 3 9 1 84
11 51107 3 9 10 1871
12 51107 3 9 0 4792
13 51107 3 10 4 3213
14 59157 4 6 8 9
15 64461 7 1 4 57
16 93421 9 4 4 2
17 93421 9 1 2 19
18 93421 9 7 1 19
19 131147 13 7 9 48707
20 131147 13 1 1 265
21 131576 14 7 6 107
22 171575 17 2 3 46
23 171575 17 10 7 2
24 171575 17 6 9 1976
25 171575 17 6 1 88
26 179016 18 1 9 179
27 201395 21 4 1 31
28 201395 21 4 4 22
29 201395 21 3 7 129
30 201395 21 3 3 9711
31 217469 27 0 0 1040
32 237045 29 2 4 83
33 243481 31 1 6 46
34 259554 37 4 0 25
35 259554 37 6 10 4
36 267850 38 8 5 55
37 282888 41 10 5 3030
38 289428 44 1 0 118
39 290691 45 4 6 1063
40 291080 46 5 10 186
41 302157 50 1 3 14
42 302157 50 10 8 1
43 302157 50 9 10 5268
44 382307 51 8 9 1
45 382307 51 5 9 1
46 382307 51 9 2 5
47 382307 51 2 0 10
48 382307 51 10 10 1
49 382307 51 2 2 5
50 382307 51 0 6 1
51 382307 51 3 0 10
52 382307 51 9 6 5
53 382307 51 3 3 15
54 384541 54 9 10 4501
55 431384 59 1 9 128
56 431384 59 5 8 15
57 431384 59 1 2 204
58 431384 59 8 10 27
59 431384 59 8 5 14
60 431384 59 8 2 204
61 431384 59 8 8 1
62 432313 60 6 6 322
63 439383 61 2 2 24
64 439749 62 8 5 5726
65 454206 66 0 7 227
66 454212 67 1 7 10
67 472150 70 3 10 99
68 484170 72 6 9 16
69 484170 72 6 10 83
70 534787 75 2 9 1
71 534787 75 4 8 1
72 534787 75 9 9 33
73 534787 75 8 8 1
74 534787 75 5 1 5916
75 534787 75 6 1 591
76 534787 75 9 5 115
77 534787 75 10 5 1270
78 534787 75 6 5 231
79 535287 76 9 3 98
80 541343 77 0 4 105
81 541343 77 10 4 31
82 614865 84 4 2 694
83 614865 84 2 4 5
84 614865 84 4 3 4
85 614865 84 6 1 8
86 614865 84 10 8 6
87 615378 86 7 5 3487
88 631487 89 7 10 53
89 631487 89 7 5 6
90 638855 91 4 2 550
91 649175 94 10 5 756
92 651154 95 3 1 49
93 662502 97 7 9 5530
94 662502 97 4 9 1843
95 662502 97 8 9 1843
96 699619 99 7 7 12
97 699619 99 0 2 19
98 763240 102 3 10 21
99 763240 102 6 2 483
100 763240 102 7 2 483
101 763240 102 9 10 21
102 763240 102 1 9 9
103 763240 102 0 1 3
104 763240 102 7 10 21
105 763240 102 0 10 21
106 769318 103 3 5 87
107 774349 104 4 6 5599
108 805529 108 5 7 4
109 805529 108 0 7 4
110 805529 108 5 4 34
111 805529 108 3 2 1
112 805529 108 3 6 15
113 805529 108 3 0 226
114 809413 110 3 4 18
115 821132 116 2 5 254
116 821132 116 2 0 61
117 829043 117 0 2 132816
118 829043 117 0 8 56
119 838376 118 2 2 2
120 838376 118 5 7 55
121 849128 126 3 0 39
122 865235 127 0 3 27
123 867197 130 7 10 226
124 875569 132 5 1 6
125 875572 133 5 1 154
126 897772 136 1 10 32
127 954156 139 10 1 50
128 964665 143 0 1 26
129 978339 146 6 3 72
130 978339 146 10 8 333
131 978339 146 10 4 11
132 978339 146 8 8 999
133 978926 147 9 6 19051
134 982249 149 7 7 229
135 989726 150 2 9 28
136 989726 150 2 2 69
137 997654 153 8 9 37
138 1048084 154 0 8 196
139 1048084 154 7 3 56
140 1048084 154 7 9 11
141 1048084 154 6 5 69
142 1048084 154 2 0 2
143 1048084 154 8 0 6
144 1048084 154 4 8 43
145 1048084 154 1 10 17
146 1048084 154 9 4 10
147 1054114 158 5 2 59
148 1054565 159 1 4 95
149 1113658 160 3 7 1
150 1113658 160 8 5 11
151 1113658 160 6 1 1
152 1113658 160 7 0 11
153 1113658 160 9 6 2
154 1113658 160 9 3 10
155 1113658 160 1 3 2
156 1113658 160 3 2 843
157 1113658 160 9 2 210
158 1113658 160 0 3 5
159 1113658 160 5 9 4
160 1113658 160 3 5 46
161 1135930 162 8 0 1899
162 1135930 162 2 4 15
163 1136144 163 4 3 297
164 1146417 165 10 4 73
165 1146417 165 2 3 372
166 1150028 168 6 2 30
167 1158960 170 3 4 341
168 1164428 172 6 10 36
169 1164428 172 7 8 29
170 1164428 172 4 10 18
171 1175269 174 1 2 9
172 1175269 174 6 2 19
173 1175269 174 9 10 9
174 1175269 174 9 7 14
175 1175269 174 5 6 24
176 1175269 174 0 3 36
177 1197286 177 3 5 42
178 1197286 177 0 4 47
179 1203074 183 4 0 35
180 1228617 194 5 3 4
181 1277536 198 8 9 31
182 1277536 198 10 6 111
183 1277536 198 7 9 7
184 1277536 198 3 8 46
185 1277536 198 6 0 5
186 1277536 198 4 5 9
187 1277536 198 1 1 4
188 1282990 202 3 2 18
189 1296800 203 7 8 150
190 1296800 203 8 3 1767
191 1296800 203 7 3 353
192 1309127 209 4 5 39
193 1332384 217 8 5 78
194 1336624 220 0 5 2340
195 1342532 223 3 9 2
196 1342532 223 3 2 68
197 1342532 223 2 7 68
198 1371444 229 0 7 28
199 1371444 229 2 5 133
200 1371444 229 2 4 52
201 1371444 229 2 0 31
202 1399459 230 3 8 33
203 1399459 230 3 4 78
204 1399459 230 0 8 16
205 1399459 230 8 0 12
206 1401687 231 8 6 2
207 1453766 233 1 8 5
208 1453766 233 10 3 12
209 1453766 233 1 6 6
210 1453766 233 0 5 1
211 1453766 233 5 5 4
212 1453766 233 4 2 8
213 1454878 234 1 7 11379
214 1487320 239 2 1 9
215 1487320 239 10 1 9
216 1543209 241 3 4 28
217 1543209 241 3 0 9
218 1543209 241 6 7 6
219 1543209 241 9 4 28
220 1543209 241 6 4 14
221 1543209 241 1 5 3364
222 1543209 241 1 1 18
223 1543209 241 4 7 12
224 1543209 241 9 0 9
225 1543209 241 6 8 1
226 1543209 241 7 6 1
227 1546453 244 4 1 1
228 1549380 246 10 0 30
229 1550715 248 1 4 194
230 1558357 257 6 9 7792
231 1585642 259 9 7 25
232 1585642 259 2 1 1783
233 1647348 262 4 7 1
234 1647348 262 3 8 14
235 1647348 262 9 0 19
236 1647348 262 4 1 30
237 1647348 262 3 6 51
238 1647348 262 9 1 30
239 1659547 266 5 10 10
240 1661478 268 5 0 210
241 1674954 271 2 7 8
242 1678349 276 8 5 169
243 1689436 282 8 0 16296
244 1698261 285 4 9 314
245 1795574 287 8 9 1
246 1795574 287 2 10 30
247 1795574 287 0 6 24
248 1795574 287 5 7 807
249 1795574 287 6 0 1
250 1795574 287 8 10 7
251 1795574 287 8 6 24
252 1795574 287 3 1 3
253 1795574 287 3 3 23
254 1795574 287 2 8 5
255 1795574 287 0 4 1
256 1795574 287 4 8 5
257 1795574 287 10 6 24
258 1795574 287 0 8 11
259 1795574 287 2 4 1
260 1795574 287 3 6 24
261 1795574 287 6 6 316
262 1795574 287 6 7 807
263 1831852 291 1 2 3435
264 1831852 291 4 9 182
265 1831852 291 3 3 844
266 1831852 291 5 7 111
267 1831852 291 6 6 409
268 1831852 291 3 6 409
269 1831852 291 7 1 1536
270 1865107 292 10 6 39
271 1865107 292 0 8 218
272 1865107 292 5 0 6
273 1865107 292 3 0 12
274 1865107 292 1 0 6
275 1929486 303 2 7 1
276 1929486 303 9 0 1
277 1929486 303 2 9 204
278 1929486 303 3 10 14
279 1952379 304 2 6 577
280 1952379 304 2 2 74
281 1966554 308 6 1 147
282 1970333 310 10 7 73
283 1976724 311 2 10 76
284 2031513 317 10 5 964
285 2031513 317 1 2 3961
286 2031513 317 6 2 565
287 2031513 317 3 8 167
288 2031513 317 4 1 14
289 2033344 318 2 7 11
290 2035938 320 5 0 8093
291 2036787 322 7 5 121
292 2037774 323 5 9 187
293 2079678 328 3 3 1
294 2079678 328 9 9 2
295 2088193 330 0 5 91
296 2088193 330 0 2 201
297 2088193 330 0 3 9862
298 2088195 331 3 3 56
299 2095176 335 1 1 17
300 2095176 335 1 6 179
301 2095176 335 1 10 1509
302 2118065 339 1 7 15
303 2118065 339 7 3 430
304 2118065 339 2 7 15
305 2118065 339 8 3 215
306 2118065 339 3 2 288
307 2141416 340 8 3 126
308 2141416 340 0 9 15
309 2141416 340 9 0 40
310 2145405 342 7 4 33
311 2153926 346 3 5 489
312 2158044 349 6 6 8522
313 2162134 351 8 1 221
314 2169881 353 0 0 27082
315 2169881 353 0 2 34
316 2176407 358 1 8 49
317 2176407 358 0 4 7138
318 2192996 365 1 3 670
319 2198029 366 0 2 23
320 2200541 367 6 3 60
321 2200541 367 6 10 6
322 2211535 369 9 0 34
323 2211535 369 2 0 17
324 2234096 370 7 9 23
325 2234096 370 10 5 1
326 2234096 370 3 5 8
327 2234096 370 5 9 23
328 2234096 370 5 5 5
329 2234096 370 6 9 23
330 2237527 372 3 0 349
331 2239455 377 9 8 86
332 2264042 386 7 3 976
333 2282708 388 0 8 3
334 2282708 388 7 2 3
335 2282708 388 7 9 4765
336 2282708 388 7 5 19
337 2337046 390 0 5 6
338 2337046 390 9 1 110
339 2337046 390 10 3 596
340 2337046 390 9 10 1
341 2337046 390 2 4 27
342 2337046 390 3 4 27
343 2337046 390 7 0 14
344 2337046 390 6 7 6
345 2337046 390 7 9 1924
346 2337046 390 0 9 349
347 2337046 390 4 7 3
348 2337046 390 9 8 2301
349 2356418 392 3 9 3
350 2356418 392 9 2 352
351 2356418 392 10 4 1281
352 2356418 392 1 5 5135
353 2356418 392 7 5 1283
354 2356418 392 2 2 58
355 2425598 395 2 7 1
356 2425598 395 8 5 177
357 2425598 395 5 5 177
358 2425598 395 1 8 33
359 2438212 401 5 3 2385
360 2461483 402 2 5 49
361 2461483 402 2 8 69
362 2462666 404 5 0 21
363 2462666 404 2 0 10
364 2470269 406 7 10 612
365 2470269 406 1 10 204
366 2480021 407 2 6 71
367 2480021 407 2 9 3032
368 2526698 409 8 5 797
369 2526698 409 1 10 10
370 2526698 409 6 3 65
371 2526698 409 1 9 30
372 2526698 409 1 7 15
373 2526698 409 6 6 1
374 2526698 409 5 9 15
375 2526698 409 6 7 1
376 2552077 413 9 7 32
377 2552077 413 2 4 4707
378 2552077 413 9 0 144
379 2552800 414 7 9 40
380 2556060 416 8 1 2
381 2572462 422 7 2 569
382 2572462 422 8 7 4
383 2582407 424 7 2 215
384 2582407 424 7 8 143
385 2584138 425 10 3 34
386 2665531 428 1 7 1
387 2665531 428 3 9 1
388 2665531 428 8 2 2
389 2665531 428 9 2 2
390 2665531 428 10 9 1
391 2665531 428 5 9 3
392 2665531 428 8 10 8
393 2665531 428 5 2 1
394 2665531 428 4 2 1
395 2712140 430 1 8 4
396 2712140 430 5 6 190
397 2712140 430 8 0 40
398 2712140 430 0 3 2
399 2712140 430 2 3 2
400 2712140 430 10 1 1051
401 2712140 430 0 2 18
402 2712140 430 8 4 3
403 2712140 430 9 10 15
404 2712140 430 2 8 2
405 2729634 440 0 3 120
406 2734471 443 6 0 121
407 2737586 444 1 0 59
408 2740245 445 10 6 2
409 2747984 452 5 10 36
410 2752050 456 6 5 8547
411 2788961 457 2 0 8
412 2788961 457 4 10 25
413 2788961 457 4 5 32
414 2788961 457 0 9 13
415 2788961 457 1 6 12
416 2788961 457 10 7 10
417 2788961 457 1 0 25
418 2788961 457 5 9 13
419 2788961 457 7 9 27
420 2788961 457 8 10 5
421 2842647 461 4 9 7
422 2842647 461 4 6 122
423 2842647 461 0 8 9
424 2847594 465 0 0 7
425 2847594 465 3 0 20
426 2960544 466 4 2 50
427 2960544 466 8 1 5
428 2960544 466 8 3 1801
429 2960544 466 6 5 1
430 2960544 466 6 7 1
431 2960544 466 6 1 2
432 2960544 466 3 10 2
433 2960544 466 9 6 4
434 2960544 466 0 6 12
435 2960544 466 5 10 4
436 2960544 466 2 2 50
437 2960544 466 10 6 16
438 2960544 466 0 7 1
439 2960544 466 4 5 1
440 2960544 466 8 6 4
441 2988508 467 10 7 23
442 2988508 467 9 5 5
443 2988508 467 2 3 1
444 2988508 467 9 1 1
445 2988508 467 4 0 1291
446 2996184 468 7 1 79
447 2996184 468 7 5 422
448 2996184 468 7 7 38
449 3004328 471 5 10 923
450 3012165 472 5 0 7
451 3012165 472 4 0 7
452 3012165 472 3 0 7
453 3043840 473 9 3 14
454 3043840 473 5 7 3
455 3043840 473 5 2 23
456 3141926 475 7 6 37
457 3141926 475 10 2 3
458 3141926 475 9 7 9
459 3141926 475 8 10 5
460 3141926 475 6 10 10
461 3141926 475 2 10 51
462 3141926 475 4 0 1
463 3141926 475 8 2 3
464 3141926 475 2 0 1
465 3141926 475 6 1 13
466 3141926 475 3 2 1
467 3141926 475 4 5 5
468 3141926 475 10 10 5
469 3141926 475 6 4 1
470 3141926 475 4 6 6
471 3141926 475 3 4 1
472 3141926 475 6 0 2
473 3141926 475 5 3 1
474 3152497 477 2 5 349
475 3159961 479 2 9 1
476 3164652 482 10 0 122
477 3178674 487 5 5 33572
478 3191057 489 8 4 48
479 3191057 489 9 8 8
480 3290448 498 10 0 21
481 3290448 498 8 10 26
482 3290448 498 3 1 35
483 3290448 498 1 8 5658
484 3290448 498 7 4 50
485 3290448 498 1 1 17
486 3290448 498 7 6 1
487 3290448 498 2 5 526
488 3290448 498 2 2 23
489 3290448 498 6 3 1
490 3290448 498 8 3 1
491 3290448 498 5 0 10
492 3290448 498 1 2 56
493 3290448 498 2 10 13
494 3290448 498 2 8 514
495 3290448 498 10 2 4
496 3290448 498 3 4 50
497 3290448 498 3 10 13
498 3290448 498 2 7 7
499 3290448 498 10 5 175
500 3298074 499 7 3 51
501 3298999 501 4 8 5123
502 3305424 504 10 3 26
503 3305424 504 0 10 30
504 3305424 504 1 3 52
505 3358369 507 0 10 4631
506 3358369 507 7 7 72
507 3358369 507 7 2 5
508 3358369 507 6 3 7
509 3358369 507 2 6 3
510 3358369 507 9 4 1429
511 3358369 507 7 9 43
512 3358369 507 3 9 21
513 3358369 507 6 7 800
514 3358369 507 5 1 2
515 3358369 507 2 5 199
516 3358369 507 6 4 2858
517 3358369 507 0 3 2
518 3358369 507 4 2 120
519 3360948 509 2 1 115
520 3379164 510 7 3 4
521 3379164 510 6 4 1991
522 3379164 510 6 3 4
523 3434564 513 8 5 172
524 3434564 513 3 2 6
525 3434564 513 8 8 1009
526 3434564 513 6 3 21
527 3434564 513 1 4 300
528 3434564 513 10 5 345
529 3434564 513 5 6 80
530 3445954 516 5 3 1
531 3445954 516 4 3 1
532 3449974 522 4 9 174
533 3461664 533 4 4 779
534 3461664 533 9 4 779
535 3470940 535 1 7 6
536 3470940 535 10 7 6
537 3471925 536 3 6 467
538 3473324 537 10 10 11
539 3476557 540 7 7 98
540 3496906 547 4 0 5771
541 3498897 549 5 5 264
542 3498897 549 8 5 792
543 3505972 550 7 6 6
544 3518670 551 6 1 7
545 3619153 555 8 10 1
546 3619153 555 4 3 202
547 3619153 555 6 10 1
548 3619153 555 0 5 3
549 3619153 555 8 9 11
550 3619153 555 9 6 71
551 3619153 555 4 5 3
552 3619153 555 0 9 2
553 3619153 555 5 2 876
554 3619153 555 4 2 4380
555 3619153 555 9 8 7
556 3619153 555 0 0 1
557 3619153 555 1 6 23
558 3619153 555 8 8 7
559 3619153 555 5 5 1
560 3654133 556 9 7 110
561 3654133 556 3 5 3164
562 3654133 556 0 0 1
563 3654133 556 10 7 15
564 3662155 557 3 3 26
565 3662155 557 3 2 52
566 3662155 557 3 0 5258
567 3672107 558 1 0 204
568 3672107 558 1 6 81
569 3675783 560 6 0 10
570 3680125 561 7 10 28
571 3680125 561 2 10 28
572 3687999 562 10 6 12990
573 3687999 562 10 9 2695
574 3687999 562 10 7 2
575 3687999 562 10 5 78
576 3697268 563 10 4 100
577 3697268 563 10 6 1067
578 3697268 563 10 3 653
579 3704498 565 1 6 430
580 3704938 566 3 6 39
581 3742835 569 10 3 1
582 3742835 569 5 10 6
583 3742835 569 1 1 16
584 3742835 569 8 0 26
585 3742835 569 9 6 87
586 3742835 569 8 7 1
587 3742835 569 4 10 73
588 3743751 571 1 7 32
589 3780889 576 10 0 51
590 3780889 576 6 1 1
591 3780889 576 10 10 989
592 3785960 578 6 0 132
593 3786911 580 3 8 25
594 3803347 582 4 5 179
595 3803347 582 4 1 20340
596 3803347 582 4 3 49
597 3820458 588 4 3 51
598 3820458 588 4 1 168
599 3820458 588 4 7 10
600 3833508 596 9 1 190
601 3833966 597 7 4 43
602 3834618 598 4 6 39008
603 3839221 600 3 8 66
604 3865996 602 8 6 12
605 3865996 602 6 6 1
606 3865996 602 6 7 74
607 3866683 603 2 10 133
608 3878647 606 10 2 49
609 3881427 610 2 3 27
610 3974572 612 0 7 2539
611 3974572 612 2 7 2539
612 3974572 612 8 6 1
613 3974572 612 7 1 3
614 3974572 612 7 7 5079
615 3974572 612 2 6 40
616 3974572 612 9 5 120
617 3974572 612 7 0 71
618 3974572 612 2 10 5
619 3974572 612 6 10 5
620 3974572 612 6 8 17
621 3974572 612 9 9 8
622 3974572 612 0 8 8
623 3974572 612 5 0 214
624 3974572 612 7 5 120
625 3974572 612 8 7 2539
626 3974572 612 10 8 26
627 3974572 612 4 4 2485
628 3974572 612 5 9 1
629 3974572 612 0 9 1
630 3974572 612 10 9 31
631 3974572 612 0 1 3
632 4061070 616 9 4 1
633 4061070 616 7 8 3
634 4061070 616 10 7 200
635 4061070 616 2 5 1227
636 4061070 616 3 8 82
637 4061070 616 9 9 8
638 4061070 616 7 2 1
639 4061070 616 10 2 2
640 4061070 616 5 10 854
641 4061070 616 6 9 11
642 4061070 616 1 7 1201
643 4061070 616 2 7 200
644 4061070 616 9 6 36
645 4061070 616 0 1 1
646 4061070 616 0 9 5
647 4061070 616 6 1 2
648 4061070 616 10 1 1
649 4061070 616 6 4 1
650 4061070 616 7 6 36
651 4075392 623 5 1 96
652 4077031 624 4 5 2839
653 4077711 625 9 0 34
654 4077711 625 2 0 34
655 4088191 626 2 9 226
656 4088191 626 2 1 8
657 4088191 626 2 7 117
658 4099447 628 1 0 118
659 4107969 631 5 1 1
660 4107969 631 5 6 491
661 4110491 632 7 1 1214
662 4131612 634 7 6 15150
663 4136513 635 5 9 102
664 4136513 635 5 4 37
665 4136513 635 5 10 15796
666 4141584 637 6 10 40
667 4197055 644 6 8 1817
668 4197055 644 3 7 648
669 4197055 644 2 1 20
670 4197055 644 10 1 6
671 4197055 644 4 7 834
672 4197055 644 2 0 8
673 4197055 644 4 6 1
674 4197055 644 2 6 1
675 4201639 650 7 10 29
676 4202795 653 7 10 4838
677 4203442 655 8 3 82
678 4213733 664 5 3 26
679 4287801 671 10 1 238
680 4287801 671 9 5 30
681 4287801 671 2 1 476
682 4287801 671 6 5 270
683 4287801 671 9 7 1
684 4287801 671 7 0 14
685 4287801 671 1 6 16
686 4290168 673 9 1 956
687 4301157 675 2 4 30
688 4315825 681 5 4 1319
689 4368981 683 3 0 1
690 4368981 683 1 3 29
691 4368981 683 0 2 3054
692 4368981 683 0 7 3841
693 4368981 683 8 6 10
694 4368981 683 2 1 25
695 4368981 683 0 9 15
696 4373691 687 5 8 7
697 4373691 687 2 8 23
698 4411940 690 0 8 150
699 4411940 690 0 1 12
700 4411940 690 4 0 1925
701 4435255 692 6 1 96
702 4435255 692 2 6 43
703 4435255 692 10 10 12
704 4435255 692 2 5 10
705 4435255 692 7 6 43
706 4442788 693 8 1 66
707 4547860 695 10 2 1587
708 4547860 695 10 6 2
709 4547860 695 3 4 1
710 4547860 695 8 1 3
711 4547860 695 10 1 3
712 4547860 695 3 10 1
713 4547860 695 8 10 1
714 4547860 695 6 3 4
715 4547860 695 0 5 14
716 4547860 695 0 2 793
717 4547860 695 4 0 21
718 4547860 695 2 9 1503
719 4547860 695 0 9 2791
720 4547860 695 1 9 214
721 4547860 695 4 5 71
722 4547860 695 10 0 21
723 4547860 695 1 5 7
724 4552145 697 2 2 466
725 4576113 698 5 7 21
726 4576113 698 5 8 43
727 4576113 698 2 1 3
728 4576767 699 8 8 218
729 4609400 702 3 6 22
730 4609400 702 0 3 1
731 4630183 703 2 10 81
732 4630183 703 2 4 57
733 4630183 703 9 1 49
734 4630183 703 9 6 38
735 4630183 703 2 7 1370
736 4632410 705 5 5 263
737 4647710 710 3 8 105
738 4702347 718 1 7 17
739 4702347 718 3 10 5
740 4702347 718 3 0 36
741 4702347 718 0 9 31
742 4702347 718 6 1 6
743 4702347 718 7 3 15
744 4702347 718 5 7 5
745 4705876 722 10 1 2439
746 4720893 723 6 9 23
747 4720893 723 3 2 3584
748 4720893 723 6 6 66
749 4720893 723 3 8 7
750 4720893 723 6 7 16
751 4720893 723 6 4 174
752 4727980 724 6 3 4789
753 4765539 732 9 5 52
754 4765539 732 0 3 15
755 4765539 732 4 3 39
756 4765539 732 9 8 39
757 4765539 732 7 6 7
758 4765539 732 0 5 132
759 4765539 732 4 6 4
760 4789769 735 6 3 8
761 4789769 735 6 2 5
762 4789769 735 9 4 153
763 4789769 735 9 5 36
764 4862408 741 1 9 119
765 4862408 741 1 10 2
766 4862408 741 1 0 1089
767 4862408 741 7 1 989
768 4862408 741 7 7 2
769 4863085 742 9 10 31
770 4873003 744 8 8 75
771 4884467 749 5 9 2
772 4884467 749 9 7 41
773 4884467 749 9 4 6
774 4884467 749 5 0 33
775 4933370 751 8 3 485
776 4933370 751 6 3 242
777 4933370 751 4 5 355
778 4933370 751 6 1 15
779 4942247 752 7 1 168
780 4942247 752 0 1 8
781 4942247 752 1 0 168
782 4954805 755 9 3 269
783 4954805 755 9 10 2193
784 4954805 755 9 7 346
785 4968398 757 5 1 77
786 4968398 757 7 0 7
787 4972509 760 5 0 1472
788 5007758 766 4 10 7
789 5007758 766 2 7 7
790 5007758 766 5 3 1
791 5007758 766 0 10 30
792 5029296 768 0 8 21
793 5029296 768 0 6 37
794 5029296 768 0 0 103
795 5036346 773 4 10 87
796 5039203 774 7 5 98
797 5055352 780 9 8 6604
798 5055352 780 2 1 117
799 5065514 787 8 4 6
800 5066314 788 10 8 200
801 5071178 795 3 7 39
802 5084042 802 5 2 4521
803 5094047 805 1 6 154
804 5099056 810 3 7 472
805 5100739 814 1 3 170
806 5107436 815 6 9 32
807 5107436 815 6 10 1677
808 5113132 817 7 3 1577
809 5117903 821 7 9 36
810 5211749 822 3 9 9
811 5211749 822 6 7 8297
812 5211749 822 6 3 1
813 5211749 822 6 10 1
814 5211749 822 9 7 138
815 5211749 822 5 2 3
816 5211749 822 4 8 239
817 5211749 822 9 5 26
818 5211749 822 10 4 25
819 5211749 822 10 6 8
820 5211749 822 0 3 1
821 5211749 822 3 3 1
822 5211749 822 7 1 1
823 5211749 822 4 4 28
824 5288178 823 3 10 1
825 5288178 823 2 6 282
826 5288178 823 5 10 1
827 5288178 823 5 2 6
828 5288178 823 10 10 1
829 5288178 823 5 8 1
830 5288178 823 5 6 282
831 5288178 823 10 7 751
832 5288178 823 1 3 13
833 5288178 823 1 0 8
834 5290114 824 0 10 47
835 5312401 825 0 8 63
836 5312401 825 4 5 112
837 5312401 825 5 2 27
838 5315273 827 0 9 116
839 5315273 827 5 9 116
840 5316052 828 6 0 60
841 5317587 829 9 6 347
842 5326138 830 0 5 5
843 5326138 830 0 9 32
844 5326138 830 3 9 16
845 5343711 833 7 9 12629
846 5354942 834 2 10 700
847 5354942 834 9 9 14
848 5360716 839 8 3 4
849 5381072 845 2 7 4
850 5388193 847 6 6 38995
851 5389378 850 5 2 5
852 5397033 856 4 4 30
853 5397033 856 3 4 30
854 5405548 857 9 8 57
855 5406987 858 5 2 5
856 5413895 859 6 2 342
857 5429742 863 6 0 9
858 5429742 863 6 10 99
859 5481555 864 3 6 4
860 5481555 864 9 1 4
861 5481555 864 8 7 12
862 5481555 864 0 5 30
863 5481555 864 1 8 226
864 5481555 864 6 8 339
865 5481555 864 10 8 113
866 5481555 864 1 4 5
867 5481555 864 6 7 2
868 5484416 867 2 3 81
869 5498830 872 6 6 114
870 5498830 872 1 4 73
871 5513644 875 3 7 9
872 5515411 876 9 3 18
873 5522757 881 4 2 561
874 5565238 886 10 7 1
875 5565238 886 6 4 1
876 5565238 886 4 8 20
877 5565238 886 5 9 751
878 5565238 886 0 1 11
879 5565238 886 9 9 1503
880 5572747 888 10 8 196
881 5572747 888 10 0 12
882 5574924 889 6 2 173
883 5576366 891 2 8 118
884 5614798 894 5 9 71
885 5614798 894 10 9 35
886 5614798 894 5 2 128
887 5614798 894 0 9 35
888 5614798 894 3 9 35
889 5614798 894 3 2 11
890 5614798 894 2 5 30
891 5614798 894 6 7 54
892 5617621 895 5 9 36
893 5639102 896 9 3 1586
894 5650661 899 6 8 4891
895 5650661 899 6 0 1733
896 5650661 899 6 7 61
897 5657256 901 1 3 1484
898 5657256 901 10 3 7420
899 5669769 903 1 1 7
900 5675927 905 7 8 95
901 5675927 905 8 8 95
902 5694993 907 4 5 207
903 5703226 909 9 6 8913
904 5711521 911 2 0 682
905 5711521 911 10 0 682
906 5724615 915 5 10 65
907 5730659 917 9 9 199
908 5738841 919 0 1 1
909 5738841 919 5 1 1
910 5738841 919 6 1 1
911 5738841 919 8 1 1
912 5752382 924 1 6 1
913 5764267 926 7 6 104
914 5764267 926 7 10 8973
915 5764267 926 7 9 34
916 5764267 926 7 7 22675
917 5861022 929 2 10 30
918 5861022 929 1 10 2
919 5861022 929 0 7 2
920 5861022 929 6 0 655
921 5861022 929 10 10 1
922 5861022 929 10 3 3
923 5861022 929 1 8 4
924 5861022 929 3 6 109
925 5861022 929 9 6 381
926 5861022 929 0 4 878
927 5861022 929 3 1 1
928 5861022 929 0 3 6
929 5861022 929 6 3 3
930 5861022 929 7 4 878
931 5917310 930 10 5 22
932 5917310 930 2 10 683
933 5917310 930 6 7 10
934 5917310 930 8 0 69778
935 5917310 930 1 0 2492
936 5917310 930 2 7 21
937 5968142 931 5 10 225
938 5968142 931 7 5 2443
939 5968142 931 3 5 4188
940 5968142 931 4 1 10
941 5968142 931 1 1 10
942 5968142 931 1 10 901
943 5968142 931 7 1 10
944 5968142 931 6 10 225
945 6001779 932 0 4 6
946 6001779 932 4 2 902
947 6001779 932 7 10 23
948 6001779 932 3 3 3
949 6001779 932 9 4 6
950 6001779 932 5 8 6
951 6022403 940 0 10 1313
952 6022403 940 0 5 111
953 6022403 940 0 4 44
954 6112539 941 4 8 1
955 6112539 941 9 5 13
956 6112539 941 6 8 1
957 6112539 941 2 5 27
958 6112539 941 8 1 96
959 6112539 941 0 2 2
960 6112539 941 1 4 1
961 6112539 941 10 0 5
962 6112539 941 1 1 1248
963 6112539 941 5 9 2610
964 6112539 941 8 3 1
965 6112539 941 7 3 1
966 6112539 941 6 10 18
967 6112539 941 6 4 1
968 6112539 941 10 5 13
969 6112539 941 3 3 2
970 6112539 941 8 0 5
971 6112539 941 9 2 8
972 6112539 941 3 9 1305
973 6112539 941 10 6 10
974 6112539 941 10 10 36
975 6116272 946 7 9 37
976 6135747 950 3 8 7
977 6139862 955 7 4 6343
978 6143650 957 4 9 17
979 6156379 959 10 1 1320
980 6165715 961 2 5 687
981 6165715 961 3 5 343
982 6232449 967 6 8 44
983 6232449 967 7 1 1476
984 6232449 967 7 9 4
985 6232449 967 4 1 369
986 6232449 967 1 0 9
987 6240851 970 4 3 16276
988 6252450 972 10 1 225
989 6269568 973 0 2 17
990 6269568 973 0 10 26
991 6269568 973 2 3 1
992 6269568 973 0 4 10
993 6280554 979 0 1 41
994 6283835 980 6 10 204
995 6283835 980 10 10 306
996 6285561 984 10 4 10212
997 6302828 993 4 3 13014
998 6302828 993 4 8 12709
999 6319312 995 0 10 199
