11 380 1000
0 60259 0 9 1 6
1 60259 0 1 7 23
2 60259 0 1 1 3
3 60259 0 9 3 1560
4 60259 0 1 8 28
5 60259 0 1 0 2
6 60259 0 1 4 103
7 229985 3 10 2 11041
8 229985 3 10 8 592
9 229985 3 5 10 935
10 266207 4 6 8 9
11 420395 9 4 10 25
12 456375 12 3 2 8
13 456375 12 6 2 40
14 590162 13 1 1 265
15 590162 13 6 10 99
16 590162 13 5 1 530
17 590162 13 3 9 2319
18 590162 13 3 5 41
19 592094 14 7 6 107
20 610215 16 4 4 11
21 772087 17 0 8 1
22 772087 17 2 4 12
23 772087 17 2 2 8942
24 772087 17 7 1 44
25 814630 19 1 0 84
26 906279 21 4 1 31
27 906279 21 4 6 290
28 906279 21 3 2 1009
29 906279 21 4 0 25980
30 924637 23 8 10 4218
31 1066704 29 2 8 170
32 1066704 29 10 7 2267
33 1074916 30 6 6 11
34 1095667 31 3 3 475
35 1107564 32 7 4 14
36 1167997 37 8 10 4
37 1167997 37 0 8 6
38 1167997 37 8 9 4214
39 1205327 38 10 1 381
40 1223533 39 3 5 6
41 1272999 41 10 8 44
42 1302430 44 1 0 118
43 1308109 45 1 6 1063
44 1359708 50 2 0 44
45 1359708 50 7 8 1
46 1720383 51 2 10 1
47 1720383 51 5 7 5
48 1720383 51 7 3 15
49 1720383 51 10 9 1
50 1720383 51 8 7 5
51 1720383 51 7 7 5
52 1720383 51 8 0 21
53 1720383 51 9 6 5
54 1720383 51 0 5 33
55 1720383 51 10 4 15
56 1725208 53 4 10 10
57 1941231 59 1 4 1
58 1941231 59 5 10 3
59 1977224 61 7 4 126
60 2043927 66 0 10 2896
61 2043927 66 0 0 2
62 2059605 68 5 4 1
63 2124678 70 10 6 45
64 2406543 75 7 3 168
65 2406543 75 3 5 115
66 2406543 75 2 4 1
67 2406543 75 1 7 1
68 2406543 75 2 5 577
69 2406543 75 8 5 115
70 2406543 75 7 5 115
71 2406543 75 10 4 3
72 2436046 77 7 4 21
73 2454922 79 10 3 38
74 2766893 84 2 0 15
75 2766893 84 6 4 5
76 2766893 84 7 4 5
77 2766893 84 7 0 7
78 2766893 84 10 9 1
79 2766893 84 10 10 2
80 2766893 84 3 6 1
81 2766893 84 4 3 4
82 2767711 85 8 6 404
83 2874847 91 7 2 550
84 2874847 91 9 2 4953
85 2894997 93 9 7 13
86 2921290 94 3 5 756
87 2921290 94 9 5 756
88 2930194 95 3 1 49
89 2936442 96 10 5 88
90 2981259 97 5 9 3687
91 3148288 99 7 9 42
92 3148288 99 0 4 28
93 3148288 99 7 8 5
94 3148288 99 9 8 1
95 3148288 99 9 7 12
96 3148288 99 0 10 3070
97 3148288 99 9 6 70
98 3434582 102 4 0 35
99 3434582 102 3 6 1
100 3434582 102 8 1 91
101 3434582 102 4 7 1
102 3434582 102 0 2 483
103 3434582 102 10 10 21
104 3434582 102 1 9 9
105 3434582 102 0 10 21
106 3492753 106 4 9 39149
107 3624880 108 5 4 34
108 3624880 108 7 0 3619
109 3624880 108 0 0 226
110 3642359 110 3 2 330
111 3657547 114 6 9 34
112 3662973 115 10 6 95
113 3730696 117 0 8 56
114 3730696 117 0 9 4276
115 3780824 120 9 7 124
116 3793576 123 6 3 7858
117 3808674 124 2 3 7
118 3893558 127 0 3 27
119 3893558 127 0 10 2474
120 3893558 127 0 0 130
121 3899059 129 4 10 22
122 3940061 132 0 1 6
123 3940061 132 0 7 7571
124 3967829 134 1 9 76
125 3967829 134 8 3 3
126 3967829 134 1 6 1980
127 4039975 136 8 9 9
128 4270483 137 7 10 1559
129 4270483 137 1 9 2136
130 4270483 137 7 7 3
131 4270483 137 5 8 4
132 4270483 137 9 1 12
133 4270483 137 1 10 222
134 4340995 143 0 6 85
135 4340995 143 0 2 200
136 4340995 143 0 10 7810
137 4402529 146 8 4 11
138 4453768 150 2 3 66
139 4458555 151 5 9 3
140 4716379 154 2 1 33
141 4716379 154 6 4 10
142 4716379 154 9 4 10
143 4716379 154 7 1 33
144 4716379 154 3 3 28
145 4716379 154 3 4 10
146 4716379 154 10 5 139
147 4716379 154 4 0 4
148 4716379 154 9 8 21
149 4731662 156 2 8 23
150 5011463 160 9 1 1
151 5011463 160 8 10 5
152 5011463 160 2 3 2
153 5011463 160 2 5 5
154 5011463 160 5 1 1
155 5011463 160 5 9 4
156 5011463 160 3 1 1
157 5011463 160 7 2 421
158 5021515 161 0 8 17
159 5111686 162 0 1 1445
160 5111686 162 7 0 3799
161 5111686 162 8 10 5
162 5111686 162 6 0 1899
163 5158878 165 5 5 110
164 5158878 165 3 3 93
165 5175129 168 6 2 30
166 5288710 174 6 6 96
167 5288710 174 2 2 9
168 5387791 177 0 5 42
169 5387791 177 3 5 42
170 5426302 184 1 6 21
171 5426302 184 0 5 54
172 5486158 191 8 6 7153
173 5748914 198 0 2 2
174 5748914 198 10 10 7
175 5748914 198 2 10 7
176 5748914 198 0 0 5
177 5748914 198 2 2 6
178 5748914 198 1 2 2
179 5748914 198 8 3 2
180 5773455 202 3 9 290
181 5773455 202 3 7 44
182 5773455 202 3 10 415
183 5835603 203 8 2 64
184 5868722 208 10 7 217
185 5953770 210 10 3 1
186 5953770 210 8 3 299
187 5953770 210 6 3 1
188 5953770 210 1 3 1
189 5953770 210 0 3 1
190 5970082 215 7 4 8130
191 5995731 217 6 4 13
192 5995731 217 9 5 39
193 6015152 221 8 7 220
194 6041396 223 2 7 68
195 6053784 225 6 8 316
196 6067154 228 9 2 15
197 6171498 229 6 3 14
198 6171498 229 0 10 5
199 6171498 229 6 8 118
200 6297568 230 0 7 226
201 6297568 230 3 5 3
202 6297568 230 0 1 46
203 6307593 231 0 6 2
204 6541950 233 1 8 5
205 6541950 233 1 1 8
206 6651505 237 4 5 53
207 6651505 237 10 4 215
208 6692941 239 9 1 9
209 6944440 241 3 8 1
210 6944440 241 1 6 48
211 6944440 241 9 5 1682
212 6944440 241 9 10 1014
213 6944440 241 6 7 6
214 6944440 241 6 10 8112
215 6959041 244 10 9 11740
216 6989092 252 1 10 17
217 6995392 253 0 6 55
218 7007461 256 4 0 18
219 7135392 259 10 3 623
220 7135392 259 6 1 1783
221 7135392 259 9 3 623
222 7135392 259 4 7 25
223 7413068 262 4 4 12
224 7413068 262 0 0 19
225 7413068 262 4 2 13
226 7413068 262 3 3 1
227 7413068 262 3 6 51
228 7413068 262 8 0 9
229 7413068 262 3 10 6
230 7413068 262 4 3 3
231 7413068 262 9 1 30
232 7413068 262 2 9 15
233 7413068 262 4 6 17
234 7554385 277 2 7 3263
235 7602465 282 8 2 74
236 7602465 282 8 9 41
237 7642178 285 4 1 297
238 7642178 285 4 6 319
239 8080084 287 8 0 13
240 8080084 287 10 0 1
241 8080084 287 8 4 1
242 8080084 287 2 10 30
243 8080084 287 9 6 24
244 8080084 287 7 6 24
245 8080084 287 5 5 70
246 8080084 287 2 2 3
247 8080084 287 2 5 6
248 8080084 287 10 9 1
249 8080084 287 10 8 35
250 8080084 287 3 0 5
251 8080084 287 1 9 3
252 8080084 287 6 7 807
253 8080084 287 7 7 807
254 8080084 287 0 6 24
255 8080084 287 6 0 1
256 8085706 289 10 10 47
257 8243337 291 7 0 3
258 8243337 291 5 7 111
259 8243337 291 6 9 731
260 8243337 291 4 9 182
261 8243337 291 7 7 333
262 8243337 291 3 7 111
263 8392985 292 2 10 1
264 8392985 292 5 6 13
265 8392985 292 0 0 6
266 8496093 298 1 6 844
267 8496093 298 9 2 37
268 8502201 299 9 6 1644
269 8513325 301 1 6 4864
270 8682688 303 4 6 795
271 8682688 303 3 9 204
272 8682688 303 4 8 324
273 8682688 303 0 2 1892
274 8785709 304 2 6 577
275 8785709 304 2 1 7
276 8785709 304 3 7 25
277 8785709 304 3 8 10
278 8805591 305 6 7 116
279 8849494 308 6 3 284
280 8849494 308 6 10 9873
281 8866502 310 7 1 442
282 8895259 311 9 4 3
283 8900595 314 9 1 54
284 9141812 317 3 9 5
285 9141812 317 8 5 964
286 9141812 317 8 8 83
287 9141812 317 4 7 3013
288 9141812 317 0 1 14
289 9141812 317 5 2 565
290 9141812 317 8 3 382
291 9141812 317 1 2 3961
292 9141812 317 4 1 14
293 9169983 323 5 9 187
294 9358552 328 9 5 4162
295 9358552 328 7 8 44
296 9358552 328 3 3 1
297 9396872 330 0 6 47
298 9396872 330 0 1 1349
299 9396872 330 0 3 9862
300 9428293 335 1 0 231
301 9428293 335 1 7 96
302 9428293 335 1 4 11349
303 9428765 336 9 4 663
304 9461988 337 4 0 12758
305 9461988 337 4 1 95
306 9464105 338 1 5 37
307 9531294 339 6 3 215
308 9636372 340 3 0 20
309 9711201 349 8 6 1136
310 9711201 349 1 6 568
311 9711201 349 5 6 568
312 9732668 352 9 10 104
313 9764468 353 0 5 7115
314 9764468 353 0 7 193
315 9764468 353 0 2 34
316 9771422 355 0 6 29
317 9891131 366 7 2 23
318 9951910 369 1 9 476
319 9951910 369 9 8 28
320 9951910 369 2 7 23
321 10053432 370 1 3 30
322 10053432 370 1 9 162
323 10053432 370 6 9 23
324 10067820 371 1 8 116
325 10070506 373 6 3 66
326 10072057 374 7 10 23
327 10155053 380 10 7 110
328 10160718 381 9 6 9029
329 10165887 382 8 0 15
330 10272187 388 0 6 202
331 10272187 388 7 8 88
332 10272187 388 7 7 30
333 10272187 388 7 10 17
334 10279434 389 6 2 16284
335 10516710 390 1 4 27
336 10516710 390 5 7 3
337 10516710 390 1 9 174
338 10516710 390 0 0 14
339 10516710 390 4 9 174
340 10516710 390 0 10 1
341 10516710 390 3 4 27
342 10516710 390 8 10 1
343 10516710 390 4 5 20
344 10603884 392 5 0 19
345 10603884 392 0 5 3851
346 10603884 392 8 5 2567
347 10603884 392 6 4 427
348 10603884 392 4 9 3
349 10615845 394 2 4 16746
350 10915192 395 5 7 3
351 10915192 395 4 1 1
352 10915192 395 9 5 532
353 10915192 395 9 10 10
354 10915192 395 2 3 10
355 10915192 395 8 5 177
356 10915192 395 9 4 1
357 10915192 395 9 9 2555
358 10940210 397 3 10 99
359 10952314 399 5 7 15502
360 10960527 400 2 6 38920
361 10971954 401 10 3 1192
362 11076673 402 9 9 42
363 11076673 402 2 8 69
364 11076673 402 2 1 907
365 11082000 404 5 0 21
366 11096401 405 8 5 15
367 11160097 407 2 7 98
368 11160097 407 2 0 54
369 11370141 409 2 6 1
370 11370141 409 2 8 120
371 11370141 409 5 5 797
372 11370141 409 1 3 7
373 11370141 409 5 6 1
374 11370141 409 1 9 30
375 11370141 409 6 7 1
376 11370141 409 6 3 65
377 11484350 413 2 6 214
378 11484350 413 2 4 4707
379 11484350 413 9 0 144
380 11484350 413 9 4 9414
381 11484350 413 9 8 10548
382 11576080 422 3 2 3415
383 11620833 424 7 0 119
384 11994892 428 1 3 136
385 11994892 428 0 1 668
386 11994892 428 2 1 668
387 11994892 428 3 8 2
388 11994892 428 10 2 1
389 11994892 428 3 4 28
390 11994892 428 0 8 7
391 11994892 428 0 6 1
392 11994892 428 1 7 1
393 11994892 428 6 9 1
394 11994892 428 3 5 822
395 11994892 428 4 6 1
396 11994892 428 0 7 1
397 12204633 430 9 6 190
398 12204633 430 9 3 8
399 12215901 431 6 0 184
400 12230212 434 3 2 37
401 12288036 441 7 3 52
402 12305120 443 6 4 108
403 12305120 443 6 1 15
404 12305120 443 6 9 43
405 12319138 444 7 0 19
406 12384225 456 6 5 8547
407 12550326 457 2 10 5
408 12550326 457 0 5 64
409 12550326 457 5 6 6
410 12629720 460 1 0 38977
411 12791915 461 0 7 1
412 12791915 461 0 8 9
413 12791915 461 7 10 1
414 12791915 461 6 6 122
415 12791915 461 5 7 1
416 12814174 465 0 0 7
417 13322449 466 5 7 1
418 13322449 466 2 2 50
419 13322449 466 1 7 1
420 13322449 466 7 10 2
421 13322449 466 1 9 4
422 13322449 466 6 10 2
423 13322449 466 6 8 1
424 13322449 466 3 8 1
425 13322449 466 4 6 4
426 13322449 466 3 0 7
427 13322449 466 7 1 8
428 13322449 466 4 0 15
429 13322449 466 1 0 7
430 13448287 467 0 9 8
431 13448287 467 9 9 8
432 13448287 467 2 5 86
433 13482828 468 7 5 422
434 13519477 471 4 10 7385
435 13697281 473 7 9 2
436 14138670 475 2 9 5
437 14138670 475 7 4 1
438 14138670 475 2 7 4
439 14138670 475 7 6 37
440 14138670 475 8 5 2
441 14138670 475 7 10 5
442 14138670 475 2 3 1
443 14138670 475 1 8 2
444 14138670 475 4 10 5
445 14138670 475 1 5 13
446 14138670 475 3 2 1
447 14138670 475 8 4 1
448 14138670 475 1 10 5
449 14138670 475 2 1 3
450 14138670 475 10 7 4
451 14138670 475 3 1 3
452 14138670 475 5 3 1
453 14143198 476 6 10 30
454 14186239 477 2 4 41
455 14186239 477 2 6 69
456 14219828 479 4 9 1
457 14253074 485 2 0 117
458 14279504 486 6 8 21916
459 14359759 489 0 4 48
460 14807019 498 10 9 1
461 14807019 498 1 1 17
462 14807019 498 0 4 50
463 14807019 498 0 8 1028
464 14807019 498 4 10 13
465 14807019 498 1 0 10
466 14807019 498 6 8 514
467 14807019 498 9 8 514
468 14807019 498 1 10 13
469 14807019 498 5 2 9
470 14807019 498 5 9 1
471 14807019 498 2 10 13
472 14807019 498 6 2 9
473 14807019 498 6 7 7
474 14807019 498 7 2 9
475 14807019 498 0 2 4
476 14807019 498 8 7 7
477 14807019 498 2 0 10
478 14841335 499 7 6 4848
479 14841335 499 7 4 225
480 14874410 504 6 8 77
481 14879779 506 7 10 2637
482 15112661 507 7 10 178
483 15112661 507 8 9 7
484 15112661 507 10 2 11
485 15112661 507 4 7 72
486 15112661 507 1 3 2
487 15112661 507 10 4 1429
488 15112661 507 4 1 1
489 15121586 508 5 8 38
490 15124270 509 2 1 115
491 15206240 510 6 9 1
492 15206240 510 7 0 47
493 15209506 512 2 3 5300
494 15455542 513 3 1 10
495 15455542 513 8 8 1009
496 15455542 513 9 10 2
497 15455542 513 3 7 5
498 15455542 513 4 8 1009
499 15455542 513 4 10 102
500 15455542 513 1 4 300
501 15455542 513 0 0 5
502 15455542 513 9 7 5
503 15455542 513 5 1 21
504 15455542 513 9 0 1
505 15455542 513 0 6 80
506 15455542 513 3 2 6
507 15506796 516 6 3 1
508 15509902 518 8 8 52
509 15534539 525 2 7 173
510 15619231 535 1 7 6
511 15619231 535 7 1 59
512 15619231 535 4 7 6
513 15623662 536 3 6 467
514 15629960 537 7 10 11
515 15633421 538 0 8 23
516 15639707 539 9 1 15
517 15696252 542 1 6 65
518 15696252 542 1 0 34
519 15696928 543 7 4 113
520 15697899 544 7 5 54
521 15736080 547 4 0 5771
522 15736080 547 4 7 18
523 15736080 547 4 10 15
524 15736080 547 4 3 33039
525 15736080 547 4 8 25
526 15776877 550 3 6 6
527 15776877 550 5 6 6
528 15834018 551 7 9 4879
529 15834018 551 3 6 60
530 15834018 551 0 1 26
531 15848962 552 5 0 76
532 16286192 555 7 6 47
533 16286192 555 0 0 1
534 16286192 555 7 9 2
535 16286192 555 3 9 4
536 16286192 555 0 2 876
537 16286192 555 10 4 829
538 16286192 555 8 9 11
539 16286192 555 6 8 7
540 16286192 555 7 4 829
541 16286192 555 9 5 1
542 16286192 555 5 6 23
543 16286192 555 6 9 35
544 16286192 555 5 4 3318
545 16286192 555 4 4 829
546 16286192 555 5 7 7
547 16286192 555 7 2 876
548 16286192 555 2 2 2628
549 16286192 555 0 4 829
550 16286192 555 5 5 1
551 16286192 555 5 1 95
552 16443602 556 5 8 109
553 16443602 556 8 0 1
554 16443602 556 9 5 3164
555 16479701 557 3 2 52
556 16479701 557 3 5 64
557 16524483 558 1 1 97
558 16524483 558 1 0 204
559 16530595 559 1 0 608
560 16595996 562 10 7 2
561 16595996 562 10 1 15233
562 16637708 563 10 9 33
563 16637708 563 10 7 235
564 16649786 564 4 9 23
565 16670241 565 1 4 1356
566 16672221 566 3 6 39
567 16842760 569 1 0 52
568 16842760 569 0 10 6
569 16842760 569 8 0 26
570 16842760 569 3 6 1
571 16842760 569 1 8 8
572 16842760 569 5 5 1
573 16842760 569 5 10 6
574 16842760 569 6 10 12
575 16843509 570 1 9 106
576 16867934 574 8 5 178
577 17014002 576 1 1 1
578 17014002 576 0 1 1
579 17115063 582 4 0 2716
580 17115063 582 4 8 66
581 17115063 582 4 6 282
582 17115063 582 4 10 93
583 17115063 582 4 9 88
584 17153733 583 6 1 2272
585 17153733 583 6 10 61
586 17192064 588 4 6 76
587 17192064 588 4 3 51
588 17222367 591 8 10 2
589 17222367 591 2 1 1
590 17248077 595 5 9 1
591 17252848 597 3 4 14
592 17507196 611 7 2 147
593 17507196 611 2 2 8
594 17507196 611 2 4 117
595 17885576 612 8 1 13
596 17885576 612 4 3 1
597 17885576 612 9 0 1427
598 17885576 612 5 5 360
599 17885576 612 10 8 26
600 17885576 612 1 8 17
601 17885576 612 10 5 3603
602 17885576 612 8 3 1
603 17885576 612 3 7 5079
604 17885576 612 9 5 120
605 17885576 612 5 6 1
606 17885576 612 3 10 5
607 17885576 612 0 0 142
608 17885576 612 6 7 2539
609 17885576 612 0 8 8
610 17885576 612 10 0 142
611 17885576 612 4 9 1
612 17885576 612 1 3 1
613 17917386 613 3 5 22
614 18274816 616 1 10 3419
615 18274816 616 10 2 2
616 18274816 616 8 10 854
617 18274816 616 10 3 20
618 18274816 616 10 6 36
619 18274816 616 5 3 20
620 18274816 616 2 0 1483
621 18274816 616 8 3 20
622 18274816 616 5 9 14
623 18274816 616 2 8 1
624 18274816 616 6 2 1
625 18274816 616 1 2 1
626 18274816 616 5 10 854
627 18274816 616 7 6 36
628 18274816 616 10 10 1709
629 18274816 616 4 5 1227
630 18274816 616 5 1 1
631 18274816 616 4 7 25228
632 18306040 620 10 8 40
633 18339265 623 5 1 96
634 18346639 624 1 5 2839
635 18349701 625 2 0 34
636 18592255 634 7 1 38
637 18614308 635 5 3 16
638 18661283 638 4 6 40
639 18662557 639 2 3 55
640 18663125 640 1 0 113
641 18886748 644 3 3 21
642 18886748 644 4 4 647
643 18886748 644 10 7 92
644 18886748 644 5 4 647
645 18886748 644 4 0 8
646 18886748 644 10 9 27
647 18886748 644 1 3 10
648 18886748 644 6 7 370
649 18886748 644 0 8 908
650 18886748 644 1 8 1817
651 18886748 644 2 7 92
652 18886748 644 5 8 908
653 18901822 647 3 3 1338
654 18907378 650 7 10 29
655 18907378 650 0 10 58
656 18907643 651 5 8 25
657 18924346 657 7 3 56
658 18924868 658 0 3 6037
659 18927666 659 9 5 5
660 18959486 661 4 0 26
661 18961799 664 5 3 26
662 18994006 668 5 7 18
663 18994006 668 5 3 3071
664 19295107 671 2 1 476
665 19295107 671 8 9 8
666 19295107 671 2 3 123
667 19295107 671 1 9 17
668 19295107 671 10 7 2
669 19295107 671 1 5 30
670 19355208 675 2 8 300
671 19355208 675 2 0 55
672 19355208 675 2 3 19475
673 19386926 679 10 7 6010
674 19421382 682 10 7 108
675 19660415 683 9 7 548
676 19660415 683 8 7 548
677 19660415 683 2 4 1277
678 19660415 683 2 7 548
679 19660415 683 0 5 12
680 19660415 683 9 3 29
681 19660415 683 10 7 1097
682 19660415 683 4 10 16
683 19664275 684 9 2 1039
684 19681613 687 5 8 7
685 19681613 687 10 7 98
686 19681613 687 0 8 15
687 19731150 689 6 10 48
688 19853732 690 4 2 11
689 19853732 690 0 8 150
690 19853732 690 0 7 11086
691 19853732 690 8 10 16
692 19958651 692 7 3 3329
693 19958651 692 2 1 48
694 19958651 692 6 10 51
695 20465371 695 7 10 5
696 20465371 695 3 6 1
697 20465371 695 7 1 3
698 20465371 695 7 6 2
699 20465371 695 4 4 1
700 20465371 695 1 10 1
701 20465371 695 4 10 1
702 20465371 695 6 1 3
703 20465371 695 0 0 42
704 20465371 695 9 8 1
705 20465371 695 3 2 793
706 20465371 695 2 0 128
707 20465371 695 8 5 28
708 20465371 695 9 1 7
709 20465371 695 7 7 1
710 20465371 695 10 6 2
711 20484653 697 1 6 1569
712 20484653 697 2 2 466
713 20484653 697 4 10 15
714 20592512 698 2 3 127
715 20592512 698 2 2 153
716 20592512 698 10 1 12
717 20592512 698 5 1 3
718 20649635 701 4 2 3
719 20649635 701 7 2 15
720 20649635 701 1 2 3
721 20649635 701 6 9 1
722 20742302 702 4 9 6
723 20742302 702 0 1 25
724 20835827 703 9 9 325
725 20914697 710 3 1 44
726 20914697 710 3 4 1221
727 21160564 718 3 0 36
728 21160564 718 10 4 275
729 21160564 718 10 3 15
730 21160564 718 1 3 15
731 21167402 720 10 8 8567
732 21244020 723 3 7 32
733 21244020 723 6 4 174
734 21279993 726 3 9 3974
735 21317523 727 2 5 14
736 21317523 727 2 7 5
737 21444926 732 5 9 46
738 21444926 732 6 9 46
739 21444926 732 6 8 79
740 21553962 735 9 8 70
741 21553962 735 9 3 20
742 21553962 735 9 5 36
743 21553962 735 6 2 5
744 21553962 735 6 4 76
745 21588629 737 5 0 44
746 21630557 739 10 1 78
747 21630557 739 10 6 35
748 21630557 739 10 0 372
749 21630557 739 10 3 809
750 21880840 741 0 0 15797
751 21880840 741 5 7 2
752 21880840 741 3 6 2
753 21880840 741 1 0 1089
754 21880840 741 9 2 3
755 21880840 741 3 5 17
756 21880840 741 1 9 119
757 21880840 741 5 6 5
758 21880840 741 0 8 1
759 21880840 741 2 4 66
760 21880840 741 10 9 44
761 21883886 742 7 10 31
762 21928514 744 8 7 169
763 21928514 744 7 0 8
764 21933119 746 6 9 88
765 21980104 749 10 7 20
766 22200166 751 3 8 1
767 22200166 751 9 4 27
768 22200166 751 5 5 12
769 22200166 751 7 2 477
770 22200166 751 4 7 10
771 22200166 751 7 1 30
772 22200166 751 0 10 17
773 22240115 752 0 1 8
774 22240115 752 3 0 42
775 22296624 755 9 3 269
776 22296624 755 9 4 137
777 22296624 755 9 7 346
778 22301324 756 7 0 152
779 22360071 758 6 1 123
780 22392173 761 5 5 45
781 22397202 762 9 1 36
782 22534914 766 4 10 7
783 22631833 768 8 0 103
784 22631833 768 0 3 102
785 22631833 768 8 5 373
786 22631833 768 8 7 6
787 22663557 773 4 10 87
788 22687892 776 6 10 137
789 22694430 777 10 6 150
790 22720441 778 3 1 279
791 22724277 779 4 1 18222
792 22749087 780 2 1 117
793 22749087 780 9 8 6604
794 22764245 782 3 4 21
795 22798413 788 10 8 200
796 22812092 790 7 8 37
797 22815171 792 0 8 118
798 22824990 796 0 10 90
799 22867282 801 9 6 20
800 22878190 802 4 0 8
801 22878190 802 10 5 226
802 22878282 803 8 3 11335
803 22946537 811 6 2 58
804 22983462 815 4 7 813
805 23009095 817 9 3 1577
806 23018591 819 7 3 21
807 23023635 820 2 2 104
808 23030565 821 6 9 68
809 23452871 822 1 2 9
810 23452871 822 2 0 1
811 23452871 822 2 5 26
812 23452871 822 4 0 3
813 23452871 822 10 9 1
814 23452871 822 0 1 1
815 23452871 822 1 0 1
816 23452871 822 1 4 2
817 23452871 822 7 6 13
818 23452871 822 0 4 1
819 23452871 822 10 3 3
820 23452871 822 6 3 1
821 23452871 822 8 7 138
822 23452871 822 7 5 52
823 23452871 822 0 10 3
824 23452871 822 10 0 1
825 23452871 822 5 5 26
826 23452871 822 5 10 27
827 23796803 823 1 3 13
828 23796803 823 10 6 7637
829 23796803 823 3 7 3756
830 23796803 823 5 4 3553
831 23796803 823 5 1 969
832 23796803 823 2 8 5
833 23796803 823 3 2 6
834 23796803 823 1 5 4195
835 23796803 823 5 5 2996
836 23805513 824 0 10 47
837 23905806 825 10 2 54
838 23905806 825 10 9 56
839 23967621 830 2 2 63
840 23967621 830 3 9 16
841 23967621 830 0 5 5
842 23967621 830 3 2 42
843 24046699 833 7 0 119
844 24097242 834 2 5 908
845 24123223 839 8 3 4
846 24126947 840 10 1 81
847 24177611 842 1 3 757
848 24177611 842 1 9 9530
849 24184826 843 9 3 39
850 24198379 844 2 9 283
851 24244303 846 5 8 80
852 24244303 846 5 2 142
853 24244303 846 5 9 17114
854 24244303 846 5 3 96
855 24263631 852 3 9 48
856 24267265 853 9 0 60
857 24324967 857 9 9 69
858 24331445 858 5 2 5
859 24362527 859 6 4 66
860 24362527 859 6 2 342
861 24433843 863 2 7 8
862 24433843 863 6 10 99
863 24666998 864 7 2 954
864 24666998 864 9 5 15
865 24666998 864 5 6 17
866 24679875 867 2 3 81
867 24697703 870 0 3 6
868 24697703 870 3 3 6
869 24697703 870 8 10 22
870 24744737 872 2 6 11
871 24789318 874 2 1 40
872 24811399 875 2 7 9
873 24811399 875 4 7 9
874 24824478 879 1 5 24
875 24852407 881 0 2 561
876 24852407 881 2 2 561
877 25043572 886 2 0 14
878 25043572 886 6 5 25
879 25043572 886 9 0 14
880 25043572 886 0 1 11
881 25043572 886 0 5 25
882 25043572 886 10 4 19
883 25043572 886 9 5 77
884 25077363 888 10 1 119
885 25077363 888 10 7 651
886 25266595 894 7 8 1
887 25266595 894 7 10 33
888 25266595 894 6 5 2
889 25266595 894 5 3 6
890 25266595 894 0 9 35
891 25375963 896 10 2 38
892 25375963 896 8 9 10
893 25375963 896 2 2 38
894 25427975 899 6 5 249
895 25427975 899 6 7 61
896 25457654 901 9 2 30
897 25457654 901 2 3 1484
898 25513961 903 1 9 9
899 25513961 903 1 5 36
900 25513961 903 1 2 22
901 25627471 907 4 2 821
902 25627471 907 4 5 207
903 25627471 907 2 2 1642
904 25664519 909 9 1 6168
905 25664519 909 9 9 226
906 25664519 909 9 10 26
907 25664519 909 9 6 8913
908 25667516 910 10 5 3
909 25701846 911 5 0 682
910 25743366 913 0 2 19
911 25751815 914 4 3 171
912 25824786 919 4 1 1
913 25833661 920 8 9 28
914 25847870 923 10 7 1223
915 25939204 926 7 5 9235
916 25939204 926 7 9 34
917 26374600 929 4 6 54
918 26374600 929 0 8 4
919 26374600 929 10 0 10
920 26374600 929 7 9 4
921 26374600 929 4 5 227
922 26374600 929 1 9 8
923 26374600 929 0 10 1
924 26374600 929 10 7 2
925 26374600 929 2 0 2
926 26374600 929 2 8 4
927 26374600 929 2 4 2635
928 26374600 929 1 4 878
929 26374600 929 6 3 3
930 26374600 929 7 7 231
931 26374600 929 10 9 4
932 26374600 929 4 0 7
933 26374600 929 0 0 5
934 26627895 930 1 2 43
935 26627895 930 0 1 28
936 26627895 930 8 3 15
937 26627895 930 4 2 7
938 26627895 930 7 2 7
939 26627895 930 5 7 10
940 26627895 930 0 5 22
941 26627895 930 6 10 1367
942 26627895 930 4 4 13007
943 26627895 930 2 8 1548
944 26627895 930 1 6 13
945 26856642 931 6 6 8
946 26856642 931 3 3 124
947 26856642 931 4 10 225
948 26856642 931 5 10 225
949 26856642 931 10 0 3169
950 26856642 931 6 7 6
951 27008006 932 10 7 10
952 27008006 932 10 2 1805
953 27008006 932 1 10 23
954 27023473 934 8 7 122
955 27023473 934 10 1 14278
956 27048846 938 9 5 48
957 27100817 940 0 9 5
958 27506426 941 3 6 2
959 27506426 941 10 4 1
960 27506426 941 9 6 8
961 27506426 941 2 10 18
962 27506426 941 0 9 1305
963 27506426 941 0 7 1
964 27506426 941 8 1 96
965 27506426 941 6 9 2610
966 27506426 941 3 5 13
967 27506426 941 9 10 18
968 27507835 942 10 5 700
969 27512442 943 4 0 2
970 27562342 948 0 7 18
971 27610863 950 7 8 44
972 27625440 954 10 1 315
973 27629382 955 7 4 6343
974 27646425 957 4 9 17
975 27745720 961 3 5 343
976 27746159 962 1 9 174
977 28046022 967 4 5 7
978 28046022 967 5 1 1846
979 28083832 970 8 6 37
980 28099164 971 0 8 30
981 28136027 972 10 4 228
982 28136027 972 10 2 558
983 28213059 973 0 5 2131
984 28213059 973 2 7 85545
985 28213059 973 2 10 26
986 28213059 973 2 1 4
987 28224896 975 8 8 3
988 28224896 975 6 8 1
989 28262496 979 6 8 3805
990 28282274 982 3 10 41
991 28362726 993 4 10 91
992 28425459 994 5 4 38
993 28425459 994 2 0 3
994 28425459 994 0 1 28
995 28425459 994 3 1 1
996 28425459 994 10 0 3
997 28425459 994 7 0 6
998 28442964 996 1 5 37
999 28476508 998 5 3 1030
