11 354 1000
0 24103 0 9 5 6
1 24103 0 1 10 471
2 91994 3 9 1 84
3 91994 3 10 1 14
4 91994 3 5 2 11041
5 91994 3 5 8 197
6 91994 3 9 2 11041
7 106483 4 7 5 43
8 168158 9 7 10 1
9 168158 9 7 2 19
10 168158 9 4 8 2
11 168158 9 7 9 45
12 178429 10 2 1 870
13 236064 13 1 1 265
14 236064 13 8 4 340
15 308835 17 0 2 526
16 308835 17 5 4 12
17 308835 17 6 5 184
18 308835 17 10 1 44
19 308835 17 5 7 2
20 308835 17 7 4 12
21 308835 17 3 5 16
22 322229 18 1 8 1476
23 322229 18 1 7 209
24 325852 19 1 0 84
25 362511 21 3 6 41
26 362511 21 3 8 86
27 362511 21 3 10 68
28 369854 23 8 10 4218
29 391445 27 2 0 1300
30 426681 29 10 7 2267
31 426681 29 10 0 33
32 426681 29 2 7 377
33 429966 30 6 6 11
34 438266 31 1 7 4140
35 438266 31 3 3 475
36 467198 37 6 0 25
37 467198 37 8 9 4214
38 482130 38 7 1 190
39 494360 40 0 1 119
40 509199 41 10 0 90
41 509199 41 10 9 75
42 511732 43 5 8 154
43 526717 48 8 8 26
44 543883 50 7 8 1
45 688153 51 3 6 1
46 688153 51 7 4 15
47 688153 51 7 0 21
48 688153 51 9 2 5
49 688153 51 0 9 5
50 688153 51 0 1 15
51 688153 51 10 6 1
52 688153 51 7 8 1
53 689242 52 9 4 249
54 692433 55 0 9 3923
55 704781 58 1 2 7830
56 776492 59 1 0 2
57 776492 59 8 0 4
58 776492 59 8 10 27
59 776492 59 8 6 19
60 776492 59 1 8 1
61 776492 59 8 7 6
62 776492 59 2 7 6
63 776492 59 1 3 5
64 790889 61 10 2 24
65 790889 61 2 1 230
66 817570 66 0 8 966
67 817570 66 0 2 233
68 823842 68 5 4 1
69 849871 70 4 7 3
70 849871 70 3 7 1
71 871506 72 6 2 8
72 871506 72 6 3 18
73 871506 72 6 8 12198
74 874946 74 3 7 8
75 962617 75 6 10 7
76 962617 75 7 6 14
77 962617 75 7 8 1
78 962617 75 8 5 115
79 962617 75 10 7 1
80 962617 75 2 3 33
81 962617 75 2 8 1
82 962617 75 10 3 33
83 962617 75 7 5 115
84 981968 79 10 3 38
85 1106757 84 7 1 8
86 1106757 84 4 1 120
87 1106757 84 6 5 4
88 1106757 84 6 8 1
89 1106757 84 2 4 5
90 1136677 89 7 10 53
91 1157998 93 9 7 13
92 1168516 94 2 5 756
93 1168516 94 0 5 1513
94 1192503 97 6 9 1843
95 1259315 99 7 0 1829
96 1259315 99 9 5 5
97 1259315 99 7 1 40
98 1259315 99 0 2 19
99 1259315 99 0 0 203
100 1259315 99 0 5 5
101 1259315 99 0 7 38
102 1259315 99 0 4 28
103 1373832 102 2 7 1
104 1373832 102 2 4 4
105 1373832 102 6 4 12
106 1373832 102 5 10 21
107 1373832 102 0 10 21
108 1384773 103 3 5 87
109 1449952 108 4 5 90
110 1449952 108 4 6 7
111 1449952 108 6 6 7
112 1449952 108 8 3 27
113 1449952 108 7 0 3619
114 1450801 109 6 0 101
115 1456943 110 3 10 47
116 1461278 113 10 6 349
117 1478038 116 2 3 15961
118 1478038 116 2 1 6
119 1492278 117 0 2 132816
120 1509077 118 6 2 15
121 1509288 119 5 8 2988
122 1557423 127 0 8 19017
123 1557423 127 0 9 22699
124 1559623 129 4 10 22
125 1576024 132 5 0 21
126 1576024 132 0 7 7571
127 1576031 133 5 1 154
128 1615990 136 8 9 9
129 1615990 136 8 0 2006
130 1615990 136 1 6 153
131 1615990 136 1 4 6084
132 1708193 137 2 3 9
133 1708193 137 0 6 9
134 1708193 137 10 4 896
135 1708193 137 7 4 99
136 1708193 137 5 2 21
137 1708193 137 8 10 668
138 1708193 137 2 0 4
139 1708193 137 9 7 3
140 1708193 137 1 9 2136
141 1717481 139 7 1 25
142 1739777 145 5 4 231
143 1761011 146 4 8 333
144 1767711 148 9 10 21
145 1781507 150 2 5 126
146 1781507 150 2 0 219
147 1886551 154 3 4 10
148 1886551 154 0 7 642
149 1886551 154 8 0 6
150 1886551 154 6 2 748
151 1886551 154 6 5 69
152 1886551 154 1 9 11
153 1886551 154 6 4 10
154 1886551 154 1 0 2
155 1886551 154 5 7 642
156 1886551 154 4 5 69
157 1886551 154 9 4 10
158 1886551 154 0 9 11
159 1892664 156 1 8 23
160 2004585 160 4 7 1
161 2004585 160 3 1 1
162 2004585 160 5 9 4
163 2004585 160 7 2 421
164 2004585 160 10 2 843
165 2004585 160 9 6 2
166 2004585 160 6 5 11
167 2004585 160 8 6 5
168 2044674 162 8 6 14
169 2044674 162 2 3 191
170 2044674 162 7 6 44
171 2044674 162 2 4 15
172 2063551 165 6 5 220
173 2063551 165 10 4 73
174 2063551 165 2 3 372
175 2086128 170 3 3 61
176 2086128 170 3 5 103
177 2086465 171 4 8 604
178 2096900 173 4 2 87
179 2115484 174 7 6 24
180 2115484 174 6 10 9
181 2115484 174 5 6 24
182 2155116 177 3 6 172
183 2155116 177 3 8 268
184 2170520 184 0 5 54
185 2182768 187 9 9 71
186 2208620 192 3 2 14
187 2211512 194 5 3 4
188 2299565 198 9 5 1
189 2299565 198 9 2 2
190 2299565 198 2 4 2
191 2299565 198 1 1 4
192 2299565 198 6 10 86
193 2299565 198 6 0 5
194 2299565 198 3 10 14
195 2299565 198 4 10 7
196 2309382 202 3 8 120
197 2309382 202 3 5 21864
198 2309382 202 3 10 415
199 2309382 202 3 2 18
200 2309382 202 3 7 44
201 2309382 202 3 9 290
202 2334241 203 8 3 1767
203 2334241 203 8 8 45
204 2334241 203 8 6 48
205 2334241 203 8 9 59
206 2335636 204 9 0 97
207 2347114 207 7 0 68
208 2356429 209 3 5 39
209 2385901 212 2 6 14
210 2398292 217 4 4 150
211 2398292 217 1 4 27
212 2407720 222 7 7 112
213 2416558 223 2 7 68
214 2425418 226 3 9 222
215 2425954 227 4 7 1033
216 2468599 229 6 5 19
217 2468599 229 2 6 55
218 2468599 229 2 3 28
219 2468599 229 2 2 616
220 2468599 229 0 4 17
221 2468599 229 0 1 1
222 2468599 229 6 0 10
223 2519027 230 3 6 6
224 2519027 230 3 4 78
225 2519027 230 8 3 136
226 2519027 230 0 10 8
227 2519027 230 3 2 1
228 2523037 231 0 6 2
229 2523037 231 8 6 2
230 2616780 233 10 5 4
231 2616780 233 0 1 4
232 2616780 233 3 5 1
233 2616780 233 4 1 39
234 2616780 233 5 7 1
235 2616780 233 1 6 6
236 2616780 233 7 2 17
237 2616780 233 2 5 1
238 2616780 233 4 4 1153
239 2616780 233 1 8 5
240 2616780 233 8 2 4
241 2660602 237 4 3 1
242 2660602 237 10 5 107
243 2660602 237 4 10 82
244 2677176 239 5 1 9
245 2677176 239 0 1 9
246 2677176 239 10 1 9
247 2677840 240 1 6 190
248 2777776 241 9 3 1
249 2777776 241 4 10 1014
250 2777776 241 4 0 9
251 2777776 241 6 2 3905
252 2777776 241 4 3 1
253 2777776 241 6 10 8112
254 2777776 241 9 5 1682
255 2777776 241 4 9 1226
256 2777776 241 3 9 1226
257 2777776 241 9 1 6
258 2798156 253 0 6 55
259 2854156 259 8 5 600
260 2854156 259 7 8 2025
261 2854156 259 2 1 1783
262 2854156 259 1 10 622
263 2965227 262 3 8 14
264 2965227 262 0 7 1
265 2965227 262 0 0 19
266 2965227 262 8 3 1
267 2965227 262 0 9 30
268 2965227 262 8 1 30
269 2965227 262 8 9 15
270 2965227 262 4 10 18
271 2979118 263 10 10 1524
272 2979118 263 2 10 1524
273 2981205 264 4 4 5132
274 3003048 269 4 10 438
275 3005680 270 8 3 19537
276 3014918 271 1 7 8
277 3024864 279 0 10 162
278 3040986 282 8 2 74
279 3040986 282 8 5 23
280 3232033 287 9 10 7
281 3232033 287 10 9 1
282 3232033 287 5 0 3
283 3232033 287 10 8 35
284 3232033 287 6 6 316
285 3232033 287 10 3 5
286 3232033 287 10 0 1
287 3232033 287 0 8 11
288 3232033 287 9 8 5
289 3232033 287 5 10 7
290 3232033 287 10 4 1
291 3232033 287 2 5 6
292 3232033 287 6 7 807
293 3232033 287 5 3 5
294 3232033 287 3 2 3
295 3232033 287 4 10 7
296 3232033 287 5 4 1
297 3233119 288 8 10 108
298 3297335 291 6 8 8
299 3297335 291 10 9 365
300 3297335 291 2 6 1228
301 3297335 291 5 8 8
302 3297335 291 5 0 3
303 3297335 291 8 5 103
304 3357194 292 10 8 3054
305 3357194 292 10 6 39
306 3357194 292 9 0 6
307 3357194 292 1 10 2
308 3362016 294 0 5 99583
309 3366643 295 6 4 6
310 3371922 297 1 10 64
311 3398437 298 1 1 12
312 3398437 298 9 10 40
313 3473075 303 10 0 1
314 3473075 303 0 10 14
315 3473075 303 0 6 397
316 3473075 303 8 9 204
317 3514283 304 2 8 40
318 3514283 304 2 9 58
319 3514283 304 3 7 25
320 3526053 307 4 4 476
321 3526053 307 5 4 3332
322 3539797 308 6 2 3
323 3558103 311 3 10 57
324 3656724 317 7 2 1697
325 3656724 317 4 9 5
326 3656724 317 3 7 1004
327 3656724 317 3 8 167
328 3656724 317 8 7 2009
329 3656724 317 1 9 27
330 3666218 322 7 5 121
331 3667993 323 5 9 187
332 3690580 324 6 5 7
333 3690580 324 8 5 7
334 3743421 328 0 8 44
335 3743421 328 6 5 594
336 3743421 328 2 9 2
337 3743421 328 6 3 1
338 3743421 328 4 0 1
339 3743421 328 8 9 2
340 3743421 328 2 0 3
341 3743421 328 4 9 2
342 3758751 331 3 3 56
343 3761394 334 1 9 1536
344 3771317 335 1 7 96
345 3771317 335 1 4 11349
346 3784795 337 4 2 67
347 3785642 338 1 5 37
348 3854548 340 9 4 1
349 3854548 340 8 1 3
350 3854548 340 7 9 15
351 3854548 340 2 8 1806
352 3854548 340 7 7 2998
353 3879449 347 8 7 80
354 3884480 349 8 6 1136
355 3905787 353 0 3 163
356 3905787 353 0 1 6
357 3905787 353 0 4 219
358 3908569 355 6 6 29
359 3946128 363 4 4 31
360 3946128 363 8 4 62
361 3980764 369 6 0 34
362 4021372 370 6 8 3
363 4021372 370 2 5 1
364 4021372 370 9 3 10
365 4021372 370 1 3 30
366 4027549 372 3 0 349
367 4032160 379 3 3 2
368 4062021 380 10 8 9844
369 4062021 380 10 6 315
370 4062021 380 10 4 157
371 4066355 382 8 0 15
372 4067327 383 4 6 187
373 4075276 386 9 3 488
374 4075276 386 0 3 488
375 4080996 387 5 9 1
376 4108874 388 0 8 3
377 4108874 388 7 10 17
378 4108874 388 7 8 88
379 4206684 390 3 1 10
380 4206684 390 8 10 1
381 4241553 392 9 0 19
382 4241553 392 8 4 427
383 4241553 392 2 4 427
384 4241553 392 2 2 58
385 4366077 395 3 3 21
386 4366077 395 6 4 94
387 4366077 395 4 7 1
388 4366077 395 1 3 52
389 4366077 395 3 7 1
390 4366077 395 7 2 1
391 4366077 395 2 5 1065
392 4366077 395 2 3 10
393 4366077 395 4 1 1
394 4366077 395 10 2 2
395 4366077 395 3 0 440
396 4366077 395 8 3 10
397 4366077 395 4 0 881
398 4366077 395 2 7 1
399 4366077 395 5 8 66
400 4366077 395 6 5 177
401 4366077 395 0 4 1
402 4380925 399 5 7 15502
403 4430669 402 9 10 117
404 4430669 402 2 2 7
405 4446485 406 1 10 204
406 4464038 407 2 2 73
407 4548056 409 10 1 542
408 4548056 409 8 8 26
409 4548056 409 10 10 10
410 4548056 409 2 10 15
411 4548056 409 10 4 4
412 4548056 409 8 10 10
413 4593740 413 2 4 4707
414 4593740 413 9 1 56
415 4593740 413 2 1 168
416 4593740 413 9 8 10548
417 4595041 414 7 9 40
418 4597313 415 6 1 12637
419 4602035 417 6 2 58
420 4603379 419 3 8 77
421 4611254 420 7 10 64
422 4648333 424 7 6 113
423 4797956 428 9 4 1
424 4797956 428 0 1 668
425 4797956 428 1 0 2
426 4797956 428 8 6 1
427 4797956 428 1 2 17
428 4797956 428 2 3 3
429 4797956 428 9 5 822
430 4797956 428 6 5 822
431 4797956 428 5 2 1
432 4797956 428 4 5 822
433 4797956 428 8 5 822
434 4797956 428 7 3 3
435 4797956 428 7 10 4
436 4797956 428 9 1 668
437 4797956 428 3 8 2
438 4798129 429 0 6 415
439 4881853 430 1 5 16
440 4881853 430 3 1 3154
441 4881853 430 9 8 1
442 4881853 430 10 2 18
443 4881853 430 0 1 1051
444 4902467 435 2 0 163
445 4906012 437 8 1 4733
446 4922048 443 6 1 15
447 4922048 443 6 4 108
448 4932441 445 10 6 2
449 5020130 457 4 5 32
450 5020130 457 4 4 1
451 5020130 457 1 4 1
452 5020130 457 2 10 5
453 5020130 457 8 9 13
454 5020130 457 6 5 32
455 5051888 460 1 5 102
456 5051888 460 1 3 39
457 5116766 461 6 5 4
458 5116766 461 9 2 5
459 5116766 461 4 0 1
460 5116766 461 1 7 1
461 5116766 461 4 9 7
462 5116766 461 7 1 11
463 5116766 461 8 0 1
464 5116766 461 4 6 122
465 5116766 461 1 0 1
466 5328979 466 2 10 2
467 5328979 466 8 5 1
468 5328979 466 2 7 10
469 5328979 466 0 4 2609
470 5328979 466 0 5 6
471 5328979 466 1 9 4
472 5328979 466 8 10 2
473 5328979 466 10 8 1
474 5328979 466 3 7 61
475 5328979 466 2 1 5
476 5328979 466 10 10 4
477 5328979 466 1 10 2
478 5328979 466 5 9 4
479 5328979 466 7 7 1
480 5328979 466 7 5 1
481 5328979 466 7 9 12
482 5328979 466 6 6 16
483 5328979 466 1 8 1
484 5328979 466 6 4 217
485 5379314 467 4 3 45
486 5379314 467 4 6 6
487 5393131 468 7 2 226
488 5393131 468 7 9 22
489 5393131 468 7 3 165
490 5393131 468 7 1 79
491 5407791 471 6 10 923
492 5407791 471 1 10 923
493 5421898 472 3 0 7
494 5421898 472 5 0 7
495 5421898 472 9 0 7
496 5421898 472 2 0 14
497 5478912 473 6 8 52
498 5655468 475 1 7 9
499 5655468 475 9 8 2
500 5655468 475 3 10 5
501 5655468 475 9 1 6
502 5655468 475 5 0 8
503 5655468 475 3 1 3
504 5655468 475 9 4 1
505 5655468 475 0 10 10
506 5655468 475 10 7 4
507 5655468 475 2 5 2
508 5655468 475 7 2 1
509 5655468 475 4 4 1
510 5655468 475 9 6 1
511 5655468 475 6 8 5
512 5655468 475 0 1 6
513 5655468 475 6 3 1
514 5655468 475 10 9 10
515 5674495 477 2 2 17757
516 5687931 479 7 9 1
517 5687931 479 10 9 1
518 5687931 479 8 9 1
519 5694248 480 8 5 25
520 5696374 482 4 2 222
521 5721613 487 5 8 1304
522 5743903 489 2 5 94
523 5743903 489 0 4 48
524 5743903 489 3 8 69
525 5756704 494 7 2 10
526 5922807 498 1 7 14
527 5922807 498 7 10 39
528 5922807 498 3 0 10
529 5922807 498 10 1 35
530 5922807 498 0 4 50
531 5922807 498 7 5 8250
532 5922807 498 7 3 9
533 5922807 498 8 5 175
534 5922807 498 3 3 1
535 5922807 498 2 9 1
536 5922807 498 8 10 26
537 5922807 498 6 10 13
538 5922807 498 2 10 13
539 5922807 498 4 6 1
540 5922807 498 0 0 43
541 5936534 499 7 6 4848
542 5949764 504 10 3 26
543 5949764 504 3 10 30
544 5951911 506 7 10 2637
545 6045064 507 3 7 72
546 6045064 507 8 7 145
547 6045064 507 10 2 11
548 6045064 507 6 8 26
549 6045064 507 0 0 12
550 6045064 507 9 7 72
551 6045064 507 3 0 15
552 6045064 507 3 1 1
553 6045064 507 9 4 1429
554 6082496 510 7 9 1
555 6082496 510 7 3 4
556 6083316 511 8 2 14390
557 6182216 513 8 8 1009
558 6182216 513 1 1 5
559 6182216 513 9 9 40
560 6182216 513 7 7 11
561 6182216 513 10 5 345
562 6182216 513 4 10 102
563 6182216 513 6 3 21
564 6182216 513 6 10 6
565 6182216 513 3 9 20
566 6182216 513 3 8 1009
567 6202718 516 0 3 1
568 6202718 516 10 3 54
569 6202718 516 4 3 1
570 6203960 518 9 8 52
571 6247692 535 3 7 31
572 6251984 537 9 10 88
573 6278501 542 1 10 78241
574 6294432 547 4 3 33039
575 6310750 550 1 6 6
576 6310750 550 2 6 6
577 6310750 550 4 6 31
578 6333607 551 8 1 3
579 6514476 555 0 6 47
580 6514476 555 3 7 3
581 6514476 555 10 6 47
582 6514476 555 7 5 11
583 6514476 555 9 2 1752
584 6514476 555 2 10 32
585 6514476 555 5 9 2
586 6514476 555 7 2 876
587 6514476 555 0 7 3
588 6514476 555 3 8 22
589 6514476 555 3 5 1
590 6514476 555 1 9 2
591 6577440 556 3 3 23
592 6591880 557 3 9 238
593 6591880 557 3 4 51
594 6609793 558 1 3 9246
595 6609793 558 1 8 329
596 6638398 562 10 9 2695
597 6655083 563 10 8 1666
598 6668096 565 1 1 233
599 6668096 565 1 9 136
600 6668096 565 1 10 1219
601 6737104 569 7 6 1
602 6737104 569 8 7 1
603 6737104 569 4 10 73
604 6737104 569 7 0 26
605 6737104 569 2 7 8
606 6737104 569 10 2 78
607 6737104 569 9 1 1
608 6737104 569 10 5 1
609 6738753 571 1 7 32
610 6805600 576 1 1 1
611 6805600 576 1 9 73
612 6805600 576 0 2 51
613 6814728 578 3 9 11
614 6816440 580 3 8 25
615 6846025 582 4 6 282
616 6876825 588 4 7 10
617 6876825 588 4 2 98
618 6888946 591 2 1 1
619 6889664 592 10 1 40
620 6899230 595 5 9 1
621 6958793 602 6 6 1
622 6958793 602 6 7 74
623 6981566 606 10 3 161
624 6982214 607 10 9 5247
625 7002878 611 8 8 990
626 7002878 611 1 2 8
627 7154230 612 8 0 713
628 7154230 612 6 9 3
629 7154230 612 8 2 897
630 7154230 612 10 0 142
631 7154230 612 3 1 6
632 7154230 612 0 9 1
633 7154230 612 9 7 2539
634 7154230 612 4 6 1
635 7154230 612 9 0 1427
636 7154230 612 0 10 5
637 7154230 612 3 10 5
638 7154230 612 9 3 1
639 7154230 612 1 7 2539
640 7154230 612 6 7 2539
641 7309926 616 5 10 854
642 7309926 616 2 4 1
643 7309926 616 5 2 1
644 7309926 616 8 3 20
645 7309926 616 3 10 854
646 7309926 616 10 10 1709
647 7309926 616 8 2 1
648 7309926 616 2 10 854
649 7309926 616 4 6 72
650 7309926 616 10 9 2
651 7309926 616 10 0 494
652 7338655 624 8 5 2839
653 7339880 625 9 0 34
654 7339880 625 2 0 34
655 7394345 631 7 5 232
656 7430092 633 5 7 3
657 7436902 634 7 3 109
658 7445723 635 5 5 334
659 7445723 635 5 0 102
660 7454852 637 10 10 8
661 7464513 638 4 1 10
662 7468130 643 1 4 19
663 7554699 644 1 8 1817
664 7554699 644 10 9 27
665 7554699 644 5 10 11
666 7554699 644 6 7 370
667 7554699 644 6 8 1817
668 7554699 644 5 3 10
669 7562951 650 0 10 58
670 7566197 655 8 3 82
671 7571066 659 10 5 113
672 7583794 661 7 0 13
673 7583794 661 6 0 13
674 7583915 663 1 1 14315
675 7597602 668 5 10 160
676 7597602 668 5 0 9853
677 7597602 668 5 6 68
678 7597602 668 5 4 33132
679 7598021 669 1 5 24
680 7718043 671 0 7 1
681 7718043 671 3 4 1342
682 7718043 671 7 6 8
683 7742083 675 2 8 300
684 7754514 678 8 6 409
685 7864166 683 8 0 57
686 7864166 683 1 4 638
687 7864166 683 1 3 29
688 7864166 683 8 8 5
689 7864166 683 1 10 32
690 7864166 683 8 1 50
691 7864166 683 6 7 548
692 7872645 687 5 7 16
693 7872645 687 2 7 41
694 7872645 687 7 2 16
695 7892460 689 5 10 2
696 7941492 690 8 10 16
697 7941492 690 4 0 1925
698 7941492 690 8 2 3
699 7941492 690 4 10 4
700 7941492 690 0 9 34
701 7941492 690 4 4 863
702 7941492 690 8 0 3850
703 7997019 693 8 9 102
704 7997019 693 8 6 75
705 8186148 695 5 10 1
706 8186148 695 4 9 429
707 8186148 695 2 6 1
708 8186148 695 1 10 1
709 8186148 695 0 8 1
710 8186148 695 5 9 214
711 8186148 695 8 1 3
712 8186148 695 10 0 21
713 8186148 695 5 0 21
714 8186148 695 7 7 1
715 8186148 695 9 9 214
716 8186148 695 2 2 793
717 8186148 695 1 7 1
718 8186148 695 0 2 793
719 8237005 698 5 6 48
720 8237005 698 2 1 3
721 8237005 698 5 4 89
722 8237005 698 5 3 7885
723 8237005 698 2 6 13
724 8237005 698 2 0 22
725 8259854 701 1 2 3
726 8259854 701 7 2 15
727 8296921 702 4 1 5
728 8296921 702 4 9 6
729 8296921 702 0 8 88
730 8296921 702 0 10 1
731 8387790 714 5 2 19516
732 8387790 714 2 2 9758
733 8464225 718 0 9 31
734 8464225 718 8 7 5
735 8464225 718 10 3 15
736 8464225 718 5 1 6
737 8464225 718 6 5 175
738 8464225 718 8 10 2
739 8464225 718 5 8 4366
740 8464225 718 2 9 31
741 8464225 718 8 5 263
742 8465456 719 2 7 4984
743 8470577 722 5 1 2439
744 8497608 723 3 6 66
745 8497608 723 3 2 3584
746 8497608 723 3 5 29
747 8497608 723 3 3 52
748 8497608 723 6 3 13
749 8510365 724 6 10 39
750 8510365 724 6 4 24
751 8510365 724 6 0 16260
752 8577970 732 5 6 2
753 8578816 733 9 8 3956
754 8621585 735 9 2 1
755 8621585 735 9 1 6
756 8621585 735 6 10 8
757 8621585 735 6 0 70
758 8624576 736 2 6 1770
759 8752336 741 8 5 28
760 8752336 741 8 2 3
761 8752336 741 3 5 17
762 8752336 741 4 8 1
763 8752336 741 7 6 5
764 8752336 741 0 0 15797
765 8752336 741 3 7 2
766 8771774 745 3 10 118
767 8792041 749 9 4 6
768 8880066 751 1 8 1
769 8880066 751 7 2 477
770 8880066 751 5 1 15
771 8880066 751 10 6 950
772 8880066 751 9 7 3
773 8880066 751 10 7 7
774 8896046 752 3 0 42
775 8918649 755 9 5 4130
776 8918649 755 9 3 269
777 8920529 756 7 0 152
778 8943116 757 9 5 1734
779 8943116 757 8 5 578
780 8943116 757 1 0 7
781 8943116 757 5 1 77
782 9013965 766 0 10 30
783 9013965 766 4 10 7
784 9013965 766 7 7 3
785 9052733 768 8 3 102
786 9065423 773 9 10 52
787 9075156 776 6 10 137
788 9088176 778 7 9 14
789 9099635 780 3 5 4
790 9099635 780 9 8 6604
791 9145112 798 4 5 6106
792 9145112 798 4 4 100
793 9145112 798 4 1 2953
794 9151276 802 4 5 18
795 9165149 804 4 4 621
796 9178614 811 6 2 58
797 9194141 816 7 10 175
798 9381148 822 1 10 1
799 9381148 822 10 8 239
800 9381148 822 7 7 691
801 9381148 822 5 5 26
802 9381148 822 7 4 1
803 9381148 822 8 3 13
804 9381148 822 9 8 239
805 9381148 822 1 0 1
806 9381148 822 5 6 4
807 9381148 822 4 6 8
808 9381148 822 9 7 138
809 9381148 822 10 6 8
810 9381148 822 8 10 3
811 9518721 823 3 4 3553
812 9518721 823 10 9 1
813 9518721 823 10 10 1
814 9518721 823 5 4 3553
815 9518721 823 10 8 30
816 9518721 823 3 9 1
817 9518721 823 9 10 1
818 9518721 823 5 6 282
819 9518721 823 8 10 1
820 9518721 823 9 3 13
821 9518721 823 2 8 5
822 9518721 823 1 1 969
823 9518721 823 9 7 751
824 9518721 823 9 8 1
825 9562322 825 10 0 17
826 9562322 825 7 2 27
827 9562322 825 10 4 62
828 9562322 825 5 2 27
829 9562655 826 9 8 28
830 9568894 828 6 0 60
831 9587048 830 2 1 24
832 9587048 830 8 2 21
833 9587048 830 1 1 74
834 9618679 833 7 10 8
835 9618679 833 7 6 12731
836 9618679 833 7 4 24511
837 9638897 834 1 0 15
838 9639670 835 3 1 125
839 9671044 842 1 5 143
840 9673930 843 9 3 39
841 9697721 846 5 10 165
842 9697721 846 5 9 17114
843 9732578 858 7 2 1
844 9745011 859 6 5 14093
845 9773537 863 2 0 9
846 9866799 864 2 6 4
847 9866799 864 0 0 7236
848 9866799 864 5 6 17
849 9866799 864 2 7 1
850 9866799 864 3 8 113
851 9879081 870 7 3 46
852 9891746 871 6 8 758
853 9897894 872 1 6 11
854 9897894 872 2 4 147
855 9897894 872 6 10 5
856 9915727 874 2 5 668
857 9924559 875 4 7 9
858 9940963 881 6 2 1685
859 9941478 882 9 2 223
860 10017428 886 9 6 555
861 10017428 886 5 3 48
862 10017428 886 5 0 59
863 10017428 886 7 5 25
864 10017428 886 4 5 25
865 10017428 886 10 3 12
866 10017428 886 3 6 8888
867 10017428 886 1 6 1111
868 10017428 886 3 8 20
869 10017428 886 1 7 1
870 10017428 886 4 7 1
871 10041042 892 10 7 320
872 10106638 894 8 4 18
873 10106638 894 3 2 11
874 10106638 894 7 10 33
875 10106638 894 10 8 1
876 10111718 895 7 9 9
877 10150385 896 9 3 1586
878 10150385 896 2 2 38
879 10150385 896 8 9 10
880 10150385 896 3 9 10
881 10150385 896 4 2 38
882 10150385 896 2 0 1968
883 10171190 899 6 3 108
884 10183061 901 5 2 30
885 10205584 903 1 7 111
886 10219583 906 8 8 271
887 10250988 907 4 3 18
888 10250988 907 4 8 14
889 10250988 907 4 6 136
890 10250988 907 2 2 1642
891 10251860 908 1 0 165
892 10265807 909 9 5 138
893 10265807 909 9 0 5739
894 10265807 909 9 9 226
895 10265807 909 9 7 11407
896 10280738 911 3 0 682
897 10300726 914 4 3 171
898 10329914 919 4 1 1
899 10329914 919 6 1 1
900 10329914 919 8 1 1
901 10333464 920 8 9 28
902 10335517 922 1 4 99
903 10377127 927 7 0 85
904 10549840 929 6 10 1
905 10549840 929 1 5 227
906 10549840 929 2 3 13
907 10549840 929 7 4 878
908 10549840 929 9 2 12
909 10549840 929 3 3 3
910 10549840 929 9 6 381
911 10549840 929 1 2 12
912 10549840 929 0 9 8
913 10549840 929 10 5 227
914 10549840 929 9 9 4
915 10549840 929 2 1 1
916 10549840 929 8 0 25
917 10549840 929 6 1 3
918 10549840 929 0 0 5
919 10549840 929 9 8 14
920 10549840 929 7 1 18
921 10549840 929 0 6 54
922 10651158 930 1 10 683
923 10651158 930 2 10 683
924 10651158 930 6 7 10
925 10651158 930 8 2 7
926 10651158 930 8 3 15
927 10651158 930 4 4 13007
928 10651158 930 3 2 29
929 10742656 931 2 4 909
930 10742656 931 5 10 225
931 10742656 931 3 4 2727
932 10742656 931 3 10 2703
933 10742656 931 10 9 2119
934 10742656 931 10 8 16
935 10742656 931 0 4 909
936 10803202 932 9 10 23
937 10803202 932 7 2 3611
938 10803202 932 1 10 23
939 10803202 932 6 0 2
940 10803202 932 5 4 6
941 10803202 932 1 6 4
942 10803202 932 3 3 3
943 10809389 934 3 7 45
944 10813588 935 1 1 1573
945 10817359 936 0 4 58
946 10830555 939 4 8 42789
947 10840326 940 0 10 1313
948 10840326 940 0 5 111
949 11002570 941 5 6 2
950 11002570 941 0 8 5
951 11002570 941 6 8 1
952 11002570 941 6 3 1
953 11002570 941 1 0 5
954 11002570 941 4 0 22
955 11002570 941 0 10 18
956 11002570 941 4 6 2
957 11002570 941 2 1 96
958 11002570 941 1 9 2610
959 11002570 941 9 9 2610
960 11002570 941 7 2 5
961 11002570 941 9 2 8
962 11002570 941 3 10 18
963 11002570 941 5 0 5
964 11002570 941 10 8 1
965 11004977 943 2 8 4884
966 11024936 948 0 1 107
967 11044345 950 2 8 14
968 11046124 951 2 8 158
969 11049497 952 4 4 55
970 11050176 954 6 9 78
971 11058570 957 4 9 17
972 11058688 958 3 3 2
973 11082581 960 7 1 1039
974 11098288 961 5 5 343
975 11098288 961 3 5 343
976 11101482 963 0 8 229
977 11104949 965 10 8 564
978 11105333 966 4 5 3957
979 11218408 967 4 3 16
980 11218408 967 4 0 9
981 11218408 967 1 6 3080
982 11218408 967 0 0 9
983 11218408 967 5 0 9
984 11218408 967 1 1 369
985 11218408 967 7 10 40
986 11218408 967 4 1 369
987 11254411 972 10 6 244
988 11285223 973 2 6 19
989 11285223 973 0 0 2
990 11285223 973 2 9 112
991 11289958 975 8 8 3
992 11304998 979 4 8 1268
993 11304998 979 6 1 290
994 11310903 980 1 10 102
995 11325740 989 8 5 56
996 11370183 994 7 1 8
997 11370183 994 1 1 1
998 11370183 994 2 0 3
999 11377185 996 1 5 37
