11 349 1000
0 24103 0 1 6 24
1 24103 0 1 9 151
2 24103 0 9 5 6
3 24538 1 9 1 33309
4 91994 3 9 3 2654
5 91994 3 9 5 5552
6 91994 3 9 9 20
7 91994 3 5 10 935
8 116029 7 1 4 57
9 168158 9 4 6 70
10 168158 9 4 9 7
11 168158 9 7 10 1
12 168158 9 7 2 19
13 168158 9 7 0 7
14 168158 9 4 10 25
15 180994 11 0 9 88
16 182550 12 6 2 40
17 236064 13 3 4 1361
18 236064 13 10 5 13
19 236064 13 1 1 265
20 244086 16 2 4 209
21 308835 17 5 4 12
22 308835 17 6 5 184
23 308835 17 2 2 8942
24 308835 17 1 2 526
25 308835 17 2 4 12
26 308835 17 9 10 1
27 322229 18 1 10 164
28 362511 21 3 3 9711
29 362511 21 3 0 51960
30 426681 29 10 3 99
31 438266 31 4 7 4140
32 438266 31 3 3 475
33 467198 37 0 10 4
34 467198 37 6 0 25
35 482130 38 8 5 55
36 509199 41 10 0 90
37 520972 44 1 10 3951
38 524600 47 8 1 42
39 527043 49 5 3 10203
40 543883 50 9 0 44
41 543883 50 7 10 526
42 543883 50 2 10 3160
43 688153 51 7 7 5
44 688153 51 0 1 15
45 688153 51 7 3 15
46 688153 51 7 10 1
47 688153 51 3 5 8
48 688153 51 2 8 3
49 704781 58 1 2 7830
50 776492 59 8 5 14
51 776492 59 2 9 18
52 776492 59 2 10 3
53 776492 59 8 6 19
54 776492 59 2 8 1
55 776492 59 5 0 2
56 776492 59 5 9 36
57 790889 61 7 4 126
58 817570 66 0 5 116
59 849871 70 4 7 3
60 871506 72 6 4 12101
61 871506 72 6 8 12198
62 871506 72 6 9 16
63 871506 72 6 5 28
64 962617 75 5 2 778
65 962617 75 9 9 33
66 962617 75 8 9 1
67 962617 75 10 6 14
68 962617 75 1 10 3
69 962617 75 7 6 14
70 962617 75 10 4 3
71 962617 75 3 8 1
72 977440 78 6 1 47
73 981968 79 10 3 38
74 1106757 84 6 9 6
75 1106757 84 4 5 4
76 1106757 84 10 9 1
77 1106757 84 10 8 6
78 1106757 84 2 6 2
79 1106757 84 7 4 5
80 1106757 84 3 1 24
81 1136677 89 7 9 100
82 1136677 89 7 3 43
83 1157998 93 9 7 13
84 1157998 93 9 10 67
85 1168516 94 8 5 756
86 1192503 97 1 9 1843
87 1192503 97 0 9 1843
88 1259315 99 0 3 63
89 1259315 99 7 6 5
90 1259315 99 0 10 3070
91 1259315 99 9 6 70
92 1373832 102 1 4 4
93 1373832 102 3 8 29219
94 1373832 102 8 2 967
95 1373832 102 7 9 9
96 1373832 102 0 8 14609
97 1373832 102 7 10 21
98 1373832 102 3 6 1
99 1373832 102 4 0 35
100 1373832 102 8 10 21
101 1373832 102 9 4 16
102 1373832 102 8 6 31
103 1393829 104 4 1 18
104 1393829 104 4 4 19491
105 1449952 108 0 2 1
106 1449952 108 8 4 17
107 1449952 108 3 10 3
108 1449952 108 2 3 69
109 1449952 108 6 4 68
110 1449952 108 7 2 1
111 1450801 109 6 0 101
112 1450801 109 3 0 33
113 1456943 110 3 5 196
114 1492278 117 0 6 1374
115 1512329 120 1 7 62
116 1523469 124 1 3 7
117 1523924 125 0 2 16
118 1528431 126 3 0 39
119 1557423 127 0 3 27
120 1615990 136 8 8 31
121 1615990 136 1 7 22
122 1708193 137 8 9 6410
123 1708193 137 7 3 9
124 1708193 137 7 9 2136
125 1708193 137 7 4 99
126 1708193 137 10 8 34
127 1708193 137 2 3 9
128 1708193 137 7 7 3
129 1708193 137 1 9 2136
130 1708193 137 6 3 9
131 1708193 137 0 10 222
132 1718515 141 5 8 67
133 1736398 143 0 2 200
134 1762067 147 9 6 19051
135 1781507 150 2 0 219
136 1781507 150 2 10 10
137 1783422 151 5 9 3
138 1886551 154 7 1 33
139 1886551 154 6 9 23
140 1886551 154 10 10 1
141 1886551 154 10 4 91
142 1886551 154 5 1 33
143 2004585 160 6 1 1
144 2004585 160 5 7 1
145 2004585 160 7 3 137
146 2004585 160 7 5 5
147 2004585 160 8 1 17
148 2004585 160 8 6 5
149 2044674 162 5 10 5
150 2044674 162 5 0 1899
151 2044674 162 0 10 15
152 2044674 162 5 3 574
153 2044674 162 10 4 15
154 2063551 165 7 4 29
155 2070051 168 2 2 15
156 2095971 172 7 8 29
157 2095971 172 7 2 54
158 2095971 172 4 2 54
159 2115484 174 1 3 36
160 2115484 174 1 7 14
161 2115484 174 6 10 9
162 2155116 177 0 6 344
163 2156901 178 7 0 104
164 2160383 179 8 7 57
165 2160539 180 5 0 216
166 2182768 187 9 1 15
167 2193118 190 8 0 72
168 2208620 192 3 2 14
169 2208620 192 3 0 139
170 2209343 193 5 3 108
171 2211512 194 3 3 63
172 2215141 196 9 4 86
173 2299565 198 1 4 4
174 2299565 198 3 8 46
175 2299565 198 4 9 7
176 2299565 198 9 0 5
177 2299565 198 2 2 6
178 2299565 198 7 2 6
179 2299565 198 2 6 334
180 2299565 198 6 10 86
181 2299565 198 5 4 4
182 2300889 200 5 5 18
183 2309382 202 3 9 290
184 2309382 202 3 6 222
185 2309382 202 3 1 8
186 2334241 203 7 4 4534
187 2334241 203 7 2 64
188 2334241 203 8 5 8684
189 2334241 203 8 2 64
190 2381508 210 5 3 7
191 2425954 227 4 7 1033
192 2468599 229 2 6 55
193 2468599 229 6 2 1233
194 2468599 229 6 9 74
195 2468599 229 2 0 31
196 2468599 229 6 5 19
197 2468599 229 2 8 118
198 2519027 230 0 4 78
199 2519027 230 0 9 29
200 2519027 230 3 2 1
201 2616780 233 1 1 8
202 2616780 233 10 5 4
203 2616780 233 4 8 5
204 2616780 233 8 0 7
205 2616780 233 8 3 1
206 2616780 233 0 5 1
207 2616780 233 2 0 22
208 2616780 233 4 0 7
209 2660602 237 4 5 53
210 2660602 237 4 3 1
211 2660602 237 4 0 72
212 2660602 237 10 1 11
213 2777776 241 1 6 48
214 2777776 241 6 10 8112
215 2777776 241 9 9 3679
216 2777776 241 1 8 1
217 2777776 241 6 0 9
218 2777776 241 9 0 9
219 2777776 241 4 8 1
220 2778039 242 8 3 104
221 2778544 243 10 1 22
222 2787955 245 0 8 20
223 2788884 246 7 0 7
224 2789106 247 9 7 2966
225 2794078 250 2 9 38
226 2854156 259 3 0 14
227 2854156 259 4 0 14
228 2854156 259 6 3 623
229 2854156 259 1 10 622
230 2854156 259 7 0 14
231 2854156 259 7 1 2675
232 2854156 259 10 3 623
233 2965227 262 9 5 7
234 2965227 262 3 2 6
235 2965227 262 8 3 1
236 2965227 262 2 0 9
237 2965227 262 3 10 6
238 2965227 262 0 7 1
239 2965227 262 2 4 9
240 2965227 262 9 2 6
241 2965227 262 3 8 14
242 2965227 262 9 4 1
243 2965227 262 0 10 12
244 2965227 262 2 5 1
245 2965227 262 0 9 30
246 2965227 262 9 7 1
247 2979118 263 6 10 1524
248 2981205 264 4 4 5132
249 2987185 266 3 10 42
250 2988449 267 8 9 312
251 3005680 270 8 3 19537
252 3018784 274 8 9 85
253 3018791 275 0 3 2062
254 3040986 282 8 2 74
255 3056871 285 4 6 319
256 3232033 287 7 5 2
257 3232033 287 8 7 1615
258 3232033 287 2 4 1
259 3232033 287 9 1 53
260 3232033 287 10 0 1
261 3232033 287 6 3 11
262 3232033 287 8 9 1
263 3232033 287 5 7 807
264 3232033 287 9 4 10
265 3232033 287 0 1 6
266 3232033 287 9 5 2
267 3232033 287 7 10 15
268 3234282 289 10 10 47
269 3297335 291 3 3 844
270 3297335 291 2 0 8
271 3297335 291 8 6 409
272 3297335 291 9 5 25
273 3297335 291 9 4 89
274 3297335 291 0 8 26
275 3297335 291 3 6 409
276 3357194 292 7 6 106
277 3357194 292 0 8 218
278 3357194 292 8 6 13
279 3398437 298 9 2 37
280 3398437 298 9 6 844
281 3398437 298 9 4 483
282 3398437 298 9 10 40
283 3405330 301 1 6 4864
284 3473075 303 3 9 204
285 3473075 303 9 6 1193
286 3473075 303 2 9 204
287 3473075 303 8 8 324
288 3514283 304 3 4 11
289 3526053 307 4 4 476
290 3546601 310 7 1 442
291 3558103 311 9 4 3
292 3558103 311 0 10 19
293 3560238 314 9 1 54
294 3656724 317 1 4 32
295 3656724 317 5 10 55
296 3656724 317 5 9 21
297 3656724 317 2 9 16
298 3656724 317 2 3 54
299 3656724 317 9 1 14
300 3656724 317 0 7 3013
301 3656724 317 6 5 3859
302 3690580 324 9 9 47
303 3743421 328 2 0 3
304 3743421 328 4 0 1
305 3743421 328 9 0 4
306 3743421 328 8 5 297
307 3758748 330 0 5 91
308 3758748 330 0 4 194
309 3761394 334 1 9 1536
310 3771317 335 1 7 96
311 3771317 335 1 1 17
312 3784795 337 4 4 1536
313 3812517 339 6 5 190
314 3812517 339 0 5 190
315 3812517 339 3 7 31
316 3854548 340 6 9 153
317 3854548 340 8 9 15
318 3854548 340 2 8 1806
319 3879449 347 8 9 74
320 3879449 347 8 7 80
321 3884480 349 6 6 8522
322 3889271 350 8 6 14
323 3905787 353 0 0 27082
324 3939798 362 10 3 357
325 3947394 365 1 3 670
326 3956452 366 7 2 23
327 3980764 369 9 7 1
328 3980764 369 3 3 18
329 3980764 369 2 0 17
330 4021372 370 0 5 1
331 4021372 370 7 3 10
332 4021372 370 9 5 1
333 4021372 370 8 3 10
334 4021372 370 3 5 8
335 4031104 378 10 6 120
336 4062021 380 10 7 110
337 4062021 380 10 6 315
338 4064287 381 9 6 9029
339 4075276 386 6 3 976
340 4080996 387 0 9 1
341 4108874 388 7 4 84
342 4108874 388 7 5 19
343 4108874 388 0 1 16
344 4108874 388 0 6 202
345 4108874 388 0 4 28
346 4108874 388 7 3 3122
347 4108874 388 0 5 38
348 4206684 390 8 8 767
349 4206684 390 1 4 27
350 4206684 390 5 6 10335
351 4206684 390 4 1 2
352 4241553 392 4 9 3
353 4241553 392 8 4 427
354 4241553 392 9 0 19
355 4366077 395 8 1 33
356 4366077 395 3 7 1
357 4366077 395 6 9 17890
358 4366077 395 1 8 33
359 4366077 395 10 6 13
360 4366077 395 9 5 532
361 4366077 395 4 6 13
362 4366077 395 0 7 1
363 4366077 395 1 1 24
364 4366077 395 0 5 177
365 4384210 400 2 6 38920
366 4430669 402 9 2 1
367 4548056 409 2 4 2
368 4548056 409 1 9 30
369 4548056 409 10 5 797
370 4548056 409 2 1 542
371 4548056 409 6 5 797
372 4548056 409 6 10 15
373 4548056 409 2 7 2
374 4548056 409 8 2 3
375 4548056 409 8 10 10
376 4551977 410 6 3 1
377 4593740 413 2 7 32
378 4593740 413 9 10 29
379 4593740 413 9 3 3
380 4600908 416 8 1 2
381 4611254 420 7 10 64
382 4648333 424 7 1 86
383 4648333 424 7 7 63
384 4651449 425 10 3 34
385 4797956 428 7 8 2
386 4797956 428 9 5 822
387 4797956 428 1 2 17
388 4797956 428 8 1 7352
389 4797956 428 5 8 2
390 4797956 428 7 5 822
391 4797956 428 9 0 1
392 4797956 428 5 3 3
393 4797956 428 6 2 1
394 4797956 428 2 2 1
395 4797956 428 9 3 3
396 4797956 428 4 8 2
397 4797956 428 4 6 1
398 4797956 428 6 0 2
399 4797956 428 9 6 1
400 4797956 428 7 6 2
401 4797956 428 5 4 1
402 4797956 428 2 0 1
403 4797956 428 6 3 3
404 4797956 428 4 10 38
405 4797956 428 0 0 9
406 4797956 428 5 2 1
407 4797956 428 0 4 1
408 4881853 430 0 8 2
409 4881853 430 1 0 2
410 4881853 430 5 3 2
411 4881853 430 5 7 17
412 4881853 430 9 3 8
413 4888099 432 7 7 22
414 4902467 435 6 0 163
415 4902467 435 7 1 108
416 4907032 438 8 4 10191
417 4913342 440 5 0 14
418 4915659 442 6 1 1280
419 4922048 443 6 2 42
420 4927655 444 7 0 19
421 4936238 447 3 1 17
422 4938071 448 6 1 2
423 4939782 449 9 6 39058
424 5020130 457 6 6 6
425 5020130 457 4 10 25
426 5020130 457 6 5 32
427 5020130 457 6 4 33
428 5020130 457 1 10 5
429 5020130 457 6 0 25
430 5020130 457 8 7 1
431 5020130 457 5 4 1
432 5051888 460 1 10 64
433 5051888 460 1 1 356
434 5051888 460 1 4 4695
435 5116766 461 9 4 42
436 5116766 461 6 10 1
437 5116766 461 5 2 55
438 5122375 463 0 0 22
439 5125669 465 3 0 20
440 5328979 466 0 8 1
441 5328979 466 7 10 2
442 5328979 466 0 3 1801
443 5328979 466 10 0 7
444 5328979 466 9 7 1
445 5328979 466 0 4 2609
446 5328979 466 6 4 217
447 5328979 466 0 7 1
448 5328979 466 6 2 100
449 5328979 466 10 7 22
450 5328979 466 10 3 1801
451 5328979 466 1 0 7
452 5379314 467 2 3 1
453 5379314 467 2 5 86
454 5379314 467 10 1 1
455 5379314 467 4 6 6
456 5379314 467 6 5 5
457 5393131 468 7 1 79
458 5393131 468 7 4 34
459 5407791 471 6 10 923
460 5407791 471 4 10 7385
461 5421898 472 5 0 7
462 5421898 472 3 0 7
463 5421898 472 4 0 7
464 5478912 473 5 2 23
465 5478912 473 5 7 3
466 5478912 473 1 2 15
467 5478912 473 4 7 3
468 5478912 473 9 10 1
469 5478912 473 4 9 2
470 5478912 473 9 2 7
471 5478912 473 5 3 14
472 5478912 473 8 8 104
473 5478912 473 1 9 12
474 5655468 475 6 9 5
475 5655468 475 5 3 1
476 5655468 475 9 7 9
477 5655468 475 10 0 1
478 5655468 475 7 3 1
479 5655468 475 9 2 6
480 5655468 475 0 4 2
481 5655468 475 10 7 4
482 5655468 475 4 7 4
483 5655468 475 2 7 4
484 5655468 475 8 2 3
485 5674495 477 2 2 17757
486 5674495 477 2 10 99647
487 5687931 479 3 9 2
488 5721613 487 5 8 1304
489 5721613 487 5 2 306
490 5722339 488 10 4 7643
491 5743903 489 2 4 48
492 5755102 493 8 7 18
493 5922807 498 8 1 17
494 5922807 498 8 5 175
495 5922807 498 7 6 1
496 5922807 498 1 5 175
497 5922807 498 0 1 53
498 5922807 498 3 1 35
499 5922807 498 2 6 1
500 5922807 498 1 0 10
501 5922807 498 6 6 1
502 5922807 498 2 5 526
503 5922807 498 4 9 1
504 5922807 498 10 9 1
505 5922807 498 10 5 175
506 5922807 498 0 8 1028
507 5922807 498 2 1 17
508 5922807 498 7 7 29
509 5922807 498 1 1 17
510 5922807 498 1 6 1
511 5922807 498 3 10 13
512 5922807 498 7 2 9
513 5936534 499 7 10 10
514 5936534 499 7 1 3309
515 5936534 499 7 0 5705
516 5949764 504 0 9 148
517 6045064 507 1 10 178
518 6045064 507 2 9 7
519 6045064 507 7 2 5
520 6045064 507 0 10 4631
521 6045064 507 5 5 49
522 6045064 507 1 8 52
523 6045064 507 8 6 3
524 6045064 507 8 3 2
525 6082496 510 6 0 189
526 6082496 510 7 5 3
527 6083802 512 2 3 5300
528 6182216 513 1 4 300
529 6182216 513 4 7 11
530 6182216 513 6 3 21
531 6182216 513 3 6 80
532 6182216 513 1 8 5049
533 6182216 513 9 3 5
534 6182216 513 2 2 30
535 6182216 513 8 10 2
536 6182216 513 7 2 42
537 6202718 516 5 3 1
538 6203960 518 8 8 52
539 6203960 518 9 8 52
540 6206809 520 0 2 1008
541 6215933 526 8 2 56
542 6223920 527 5 0 238
543 6225806 529 3 9 374
544 6229219 531 3 0 195
545 6233669 534 3 4 114
546 6247692 535 4 7 6
547 6249465 536 3 6 467
548 6251984 537 4 10 11
549 6278501 542 1 7 28344
550 6278501 542 1 6 65
551 6278501 542 1 10 78241
552 6278501 542 1 8 84
553 6298015 549 5 5 264
554 6310750 550 7 6 6
555 6333607 551 5 1 3
556 6514476 555 8 8 7
557 6514476 555 1 7 14
558 6514476 555 8 4 829
559 6514476 555 4 5 3
560 6514476 555 1 9 2
561 6514476 555 3 5 1
562 6514476 555 10 10 2
563 6514476 555 7 7 3
564 6514476 555 0 10 5
565 6514476 555 5 2 876
566 6514476 555 4 2 4380
567 6514476 555 9 4 829
568 6514476 555 3 6 47
569 6514476 555 6 2 876
570 6514476 555 10 2 876
571 6514476 555 10 5 1
572 6514476 555 0 0 1
573 6514476 555 7 4 829
574 6514476 555 4 6 47
575 6514476 555 9 6 71
576 6514476 555 2 1 191
577 6577440 556 3 1 1
578 6577440 556 0 0 1
579 6577440 556 10 7 15
580 6591880 557 3 8 1648
581 6591880 557 3 3 26
582 6616410 560 6 0 10
583 6638398 562 10 10 8302
584 6638398 562 10 2 37
585 6655083 563 10 5 318
586 6668096 565 1 8 222
587 6737104 569 9 1 1
588 6737104 569 9 6 87
589 6737104 569 3 0 26
590 6737104 569 0 0 52
591 6737104 569 10 5 1
592 6737104 569 7 7 1
593 6814728 578 3 0 66
594 6846025 582 4 10 93
595 6861493 583 6 5 15734
596 6863807 586 8 1 1762
597 6876825 588 4 7 10
598 6876825 588 4 8 19655
599 6889664 592 10 1 40
600 6893195 593 9 9 1350
601 6958793 602 8 9 57
602 6958793 602 6 6 1
603 6958793 602 6 7 74
604 6981566 606 10 0 183
605 6981566 606 10 6 184
606 7002878 611 7 6 205
607 7154230 612 3 2 448
608 7154230 612 7 5 120
609 7154230 612 9 7 2539
610 7154230 612 0 9 1
611 7154230 612 6 6 1
612 7154230 612 8 4 26
613 7154230 612 6 2 448
614 7154230 612 0 4 26
615 7154230 612 2 8 8
616 7154230 612 1 9 14
617 7154230 612 4 9 1
618 7154230 612 5 2 448
619 7154230 612 8 5 120
620 7154230 612 0 0 142
621 7154230 612 0 2 897
622 7154230 612 4 0 71
623 7154230 612 9 9 8
624 7154230 612 1 3 1
625 7154230 612 9 4 26
626 7309926 616 10 9 2
627 7309926 616 10 5 1227
628 7309926 616 1 1 18
629 7309926 616 10 6 36
630 7309926 616 2 1 1
631 7309926 616 0 3 20
632 7309926 616 9 7 200
633 7309926 616 10 4 1
634 7309926 616 8 4 1
635 7309926 616 5 10 854
636 7309926 616 7 5 3683
637 7309926 616 5 2 1
638 7309926 616 9 1 1
639 7309926 616 4 2 11
640 7309926 616 2 5 1227
641 7309926 616 6 9 11
642 7309926 616 7 2 1
643 7309926 616 5 9 14
644 7309926 616 0 10 12823
645 7309926 616 6 5 1227
646 7309926 616 7 9 2
647 7309926 616 5 7 200
648 7334590 621 2 8 37
649 7334741 622 7 6 13081
650 7338655 624 8 5 2839
651 7339880 625 9 0 34
652 7358744 626 2 10 96
653 7379006 628 1 10 95
654 7379006 628 1 1 107
655 7430092 633 5 0 4797
656 7436902 634 7 3 109
657 7445723 635 5 1 1250
658 7445723 635 5 5 334
659 7454852 637 2 10 16
660 7465023 639 2 3 55
661 7468130 643 0 4 19
662 7554699 644 4 3 21
663 7554699 644 8 7 92
664 7554699 644 4 7 834
665 7554699 644 9 9 54
666 7554699 644 6 10 1
667 7554699 644 10 4 647
668 7554699 644 4 0 8
669 7554699 644 2 0 8
670 7566197 655 8 3 82
671 7573694 660 10 7 16605
672 7586732 665 8 8 45
673 7589188 666 1 3 75
674 7597602 668 5 3 3071
675 7718043 671 4 7 1
676 7718043 671 9 5 30
677 7718043 671 10 10 4
678 7718043 671 2 3 123
679 7718043 671 2 0 3
680 7722303 673 0 1 956
681 7722303 673 9 1 956
682 7742083 675 2 3 19475
683 7742083 675 2 0 55
684 7745559 676 8 4 41
685 7864166 683 2 1 25
686 7864166 683 8 6 10
687 7864166 683 10 9 30
688 7864166 683 0 2 3054
689 7864166 683 4 9 123
690 7864166 683 3 6 31
691 7864166 683 5 9 15
692 7864166 683 2 4 1277
693 7872645 687 5 7 16
694 7872645 687 0 2 16
695 7892460 689 9 10 4
696 7892460 689 8 4 318
697 7892460 689 5 4 1591
698 7941492 690 8 8 600
699 7941492 690 4 2 11
700 7941492 690 8 5 4
701 7941492 690 8 10 16
702 7983460 692 10 4 19
703 7983460 692 6 7 181
704 7983460 692 2 10 12
705 7997019 693 8 9 102
706 7997019 693 8 1 66
707 8186148 695 1 7 1
708 8186148 695 8 9 214
709 8186148 695 3 0 21
710 8186148 695 7 9 429
711 8186148 695 3 3 4
712 8186148 695 9 1 7
713 8186148 695 7 10 5
714 8186148 695 2 5 7
715 8186148 695 4 5 71
716 8186148 695 8 5 28
717 8186148 695 7 6 2
718 8186148 695 2 6 1
719 8186148 695 4 4 1
720 8186148 695 4 6 1
721 8186148 695 4 1 41
722 8186148 695 9 4 2
723 8186148 695 8 4 1
724 8186148 695 9 7 1
725 8237005 698 5 10 32
726 8237005 698 10 3 1526
727 8259854 701 9 2 76
728 8296921 702 4 0 1187
729 8296921 702 3 4 649
730 8296921 702 0 9 6
731 8296921 702 0 1 25
732 8296921 702 3 1 61
733 8296921 702 0 4 649
734 8296921 702 3 3 1
735 8296921 702 4 5 112
736 8334330 703 2 4 57
737 8336102 704 5 6 1995
738 8365879 710 3 2 96
739 8365879 710 3 1 44
740 8380576 713 0 6 9483
741 8387790 714 10 2 29274
742 8464225 718 6 1 6
743 8464225 718 10 4 275
744 8464225 718 3 0 36
745 8464225 718 2 9 31
746 8464225 718 8 9 31
747 8465456 719 2 7 4984
748 8470577 722 5 1 2439
749 8497608 723 3 3 52
750 8497608 723 3 10 11
751 8510365 724 6 1 111
752 8510365 724 6 9 286
753 8577970 732 4 9 138
754 8577970 732 5 6 2
755 8577970 732 0 5 132
756 8577970 732 6 9 46
757 8577970 732 4 2 240
758 8577970 732 6 6 2
759 8577970 732 9 6 4
760 8577970 732 9 5 52
761 8577970 732 4 6 4
762 8578816 733 10 8 12
763 8621585 735 6 9 10
764 8621585 735 9 6 47
765 8652222 739 10 1 78
766 8752336 741 1 4 3198
767 8752336 741 2 2 3
768 8752336 741 0 8 1
769 8752336 741 10 0 1634
770 8752336 741 6 8 1
771 8752336 741 4 8 1
772 8752336 741 3 6 2
773 8771405 744 1 3 64
774 8773628 747 8 5 26
775 8792041 749 2 9 1
776 8880066 751 5 1 15
777 8880066 751 6 7 3
778 8880066 751 3 6 55
779 8880066 751 9 2 119
780 8880066 751 2 8 1
781 8880066 751 1 1 15
782 8880066 751 1 2 119
783 8880066 751 4 5 355
784 8880066 751 4 4 54
785 8880066 751 10 6 950
786 8880066 751 8 3 485
787 8880066 751 7 6 55
788 8880066 751 9 6 55
789 8880066 751 3 7 14
790 8880066 751 8 4 13
791 8880066 751 1 6 167
792 8896046 752 3 0 42
793 8896046 752 1 9 1
794 8918649 755 9 4 137
795 8943116 757 8 1 38
796 8943116 757 7 5 578
797 8956869 761 4 5 45
798 8956869 761 5 5 45
799 8956869 761 8 5 91
800 9013965 766 1 6 172
801 9013965 766 2 6 14
802 9013965 766 6 10 15
803 9065423 773 9 10 52
804 9088176 778 6 9 7
805 9117926 787 6 4 33
806 9126068 792 0 8 118
807 9145112 798 4 2 46
808 9151276 802 5 2 4521
809 9165149 804 4 0 117
810 9165149 804 4 9 9
811 9193385 815 4 7 813
812 9381148 822 3 5 338
813 9381148 822 7 8 479
814 9381148 822 9 3 1
815 9381148 822 1 1 1
816 9381148 822 8 6 4
817 9381148 822 9 10 1
818 9381148 822 0 5 26
819 9381148 822 10 8 239
820 9381148 822 2 2 3
821 9381148 822 9 0 4
822 9381148 822 9 9 1
823 9381148 822 2 6 8
824 9381148 822 7 9 3
825 9381148 822 1 3 3
826 9518721 823 5 9 1
827 9518721 823 10 8 30
828 9518721 823 10 7 751
829 9518721 823 8 7 751
830 9518721 823 9 6 1414
831 9518721 823 2 2 12
832 9518721 823 9 7 751
833 9518721 823 5 3 6
834 9518721 823 1 5 4195
835 9518721 823 10 3 2
836 9522205 824 6 10 142
837 9562322 825 0 8 63
838 9587048 830 8 5 5
839 9618679 833 7 8 800
840 9618679 833 7 3 83
841 9618679 833 7 0 119
842 9638897 834 7 4 4
843 9638897 834 7 9 2
844 9671044 842 1 7 25
845 9697721 846 5 6 89
846 9697721 846 5 2 142
847 9698870 848 8 4 118
848 9700131 849 9 10 39
849 9709739 854 6 10 67
850 9729986 857 9 8 57
851 9745011 859 6 1 2
852 9759803 861 3 0 984
853 9759803 861 3 4 112
854 9759803 861 3 3 2378
855 9762464 862 9 9 70
856 9866799 864 6 8 339
857 9866799 864 9 1 4
858 9866799 864 6 9 70
859 9866799 864 3 10 172
860 9866799 864 2 7 1
861 9866799 864 8 1 4
862 9866799 864 2 8 113
863 9866799 864 5 9 35
864 9866799 864 1 1 4
865 9866799 864 6 10 172
866 9868568 866 10 3 552
867 9891746 871 1 9 3
868 9891746 871 10 9 7
869 9891746 871 1 3 1534
870 9897894 872 2 4 147
871 9927740 876 9 3 18
872 9932853 880 1 7 27314
873 10017428 886 3 4 1
874 10017428 886 3 8 20
875 10017428 886 10 0 29
876 10017428 886 2 0 14
877 10017428 886 9 6 555
878 10017428 886 8 8 20
879 10017428 886 2 6 1111
880 10017428 886 4 1 5
881 10030945 888 10 4 103
882 10030945 888 10 1 119
883 10034864 889 9 2 34
884 10106638 894 9 2 35
885 10106638 894 9 3 12
886 10106638 894 2 4 56
887 10106638 894 7 2 5
888 10106638 894 4 2 5
889 10106638 894 5 7 1
890 10106638 894 10 3 6
891 10106638 894 0 9 35
892 10106638 894 8 3 6
893 10106638 894 5 2 128
894 10150385 896 1 10 33
895 10150385 896 2 0 1968
896 10171190 900 0 7 201
897 10171190 899 6 7 61
898 10171190 899 6 3 108
899 10183061 901 4 2 30
900 10183061 901 7 2 30
901 10216669 905 4 8 95
902 10250988 907 4 0 36
903 10265807 909 9 6 8913
904 10300726 914 4 3 171
905 10304307 915 5 10 65
906 10316041 918 1 8 100
907 10329914 919 3 1 1
908 10329914 919 8 1 1
909 10329914 919 6 1 1
910 10333464 920 2 10 8
911 10354289 924 8 6 3
912 10354794 925 8 0 184
913 10549840 929 6 9 28
914 10549840 929 1 4 878
915 10549840 929 2 5 454
916 10549840 929 1 9 8
917 10549840 929 6 0 655
918 10549840 929 1 5 227
919 10549840 929 3 0 2
920 10549840 929 10 5 227
921 10549840 929 6 10 1
922 10549840 929 8 9 4
923 10549840 929 7 9 4
924 10549840 929 3 7 2
925 10549840 929 6 3 3
926 10549840 929 8 3 169
927 10549840 929 7 0 2
928 10549840 929 4 0 7
929 10549840 929 0 4 878
930 10549840 929 7 4 878
931 10549840 929 5 3 3
932 10651158 930 5 7 10
933 10651158 930 4 2 7
934 10651158 930 5 4 2601
935 10651158 930 6 8 928
936 10651158 930 10 2 14
937 10651158 930 10 9 71
938 10742656 931 7 6 8
939 10742656 931 4 5 349
940 10742656 931 8 1 84
941 10742656 931 3 4 2727
942 10742656 931 2 8 4
943 10803202 932 2 0 4
944 10803202 932 6 10 47
945 10803202 932 0 4 6
946 10803202 932 3 3 3
947 10803202 932 3 1 779
948 10803202 932 4 6 4
949 10803202 932 4 9 4
950 10803202 932 1 0 4
951 10803202 932 5 3 13
952 10803202 932 5 0 2
953 10803202 932 2 10 23
954 10804695 933 9 6 7857
955 10817359 936 0 4 58
956 10817730 937 4 6 76
957 10830555 939 2 8 14263
958 10840326 940 0 5 111
959 10840326 940 0 1 55
960 11002570 941 3 7 2
961 11002570 941 8 2 2
962 11002570 941 2 6 5
963 11002570 941 9 4 1
964 11002570 941 2 8 2
965 11002570 941 10 7 2
966 11002570 941 2 2 5
967 11002570 941 8 3 1
968 11002570 941 6 4 1
969 11002570 941 10 2 2
970 11002570 941 7 3 1
971 11002570 941 5 1 192
972 11002570 941 6 6 24
973 11004977 943 2 8 4884
974 11009291 946 1 9 112
975 11024936 948 8 4 5
976 11024936 948 1 6 11083
977 11049968 953 1 3 14
978 11081482 959 10 3 152
979 11098288 961 10 5 343
980 11102174 964 2 8 204
981 11218408 967 7 9 4
982 11218408 967 1 7 243
983 11218408 967 7 10 40
984 11218408 967 5 0 9
985 11218408 967 7 6 3080
986 11233533 970 10 6 74
987 11254411 972 10 4 228
988 11254411 972 10 9 152
989 11254411 972 10 5 263
990 11304998 979 6 1 290
991 11310903 980 1 10 102
992 11345090 993 4 9 48
993 11345090 993 4 8 12709
994 11370183 994 9 1 1
995 11370183 994 7 1 8
996 11370183 994 4 4 38
997 11370183 994 1 0 3
998 11374762 995 0 10 199
999 11374762 995 5 6 518
