11 347 1000
0 30129 0 9 1 6
1 30129 0 9 4 103
2 30129 0 1 5 6
3 114992 3 9 8 18952
4 114992 3 5 6 284
5 114992 3 9 1 84
6 114992 3 5 4 3213
7 210197 9 1 3 74
8 210197 9 7 4 2
9 210197 9 7 9 45
10 295081 13 1 8 1
11 295081 13 1 9 30152
12 305107 16 1 4 7
13 386043 17 5 10 1
14 386043 17 9 9 658
15 386043 17 6 8 1
16 386043 17 10 7 2
17 386043 17 7 4 12
18 386043 17 5 7 2
19 402787 18 1 9 179
20 453139 21 3 8 86
21 453139 21 4 7 86
22 453139 21 4 10 27
23 456087 22 6 5 14781
24 533352 29 2 0 72
25 533352 29 10 0 33
26 537458 30 2 6 11
27 547833 31 4 6 1
28 553782 32 6 4 72
29 553782 32 0 4 14
30 583998 37 6 10 4
31 583998 37 0 9 2107
32 602663 38 2 5 55
33 611766 39 3 5 6
34 636499 41 10 6 244
35 636499 41 10 9 75
36 636499 41 10 10 49
37 651215 44 1 6 217
38 651215 44 1 3 43
39 651215 44 1 1 36
40 679854 50 10 0 44
41 679854 50 2 0 44
42 679854 50 7 8 1
43 860191 51 8 4 15
44 860191 51 3 10 1
45 860191 51 7 2 5
46 860191 51 7 0 21
47 860191 51 9 9 1
48 860191 51 3 3 15
49 860191 51 3 7 11
50 860191 51 0 4 15
51 860191 51 7 6 9
52 860191 51 2 2 5
53 860191 51 9 5 24
54 880977 58 8 2 1566
55 970615 59 1 5 14
56 970615 59 2 6 19
57 1000143 65 7 7 118
58 1029802 68 8 4 1
59 1062339 70 3 10 99
60 1062339 70 3 7 1
61 1089383 72 6 7 60
62 1203271 75 2 9 1
63 1203271 75 8 7 3
64 1203271 75 3 3 33
65 1203271 75 2 1 591
66 1203271 75 10 7 1
67 1221800 78 6 1 47
68 1383446 84 3 4 5
69 1383446 84 4 9 6
70 1383446 84 7 4 5
71 1383446 84 10 7 43
72 1383446 84 3 9 1
73 1383446 84 6 7 65
74 1383446 84 2 3 4
75 1383446 84 2 1 8
76 1383446 84 6 2 308
77 1383446 84 3 8 1
78 1383446 84 2 4 5
79 1383446 84 3 6 1
80 1383446 84 2 2 231
81 1383446 84 3 2 308
82 1383855 85 9 6 404
83 1420847 89 7 3 43
84 1420847 89 7 10 53
85 1420847 89 7 9 100
86 1437423 91 6 2 2201
87 1460645 94 2 5 756
88 1490629 97 6 9 1843
89 1490629 97 4 9 1843
90 1574144 99 7 4 28
91 1574144 99 9 9 85
92 1574144 99 0 4 28
93 1574144 99 0 6 10
94 1574144 99 7 10 3070
95 1574144 99 9 0 203
96 1574144 99 7 6 5
97 1717291 102 3 2 1451
98 1717291 102 3 10 21
99 1717291 102 2 7 1
100 1717291 102 7 2 483
101 1717291 102 4 6 1
102 1717291 102 3 8 29219
103 1730966 103 8 5 6
104 1730966 103 0 5 6
105 1742287 104 4 1 18
106 1742287 104 4 2 54
107 1812440 108 7 2 1
108 1812440 108 0 7 4
109 1812440 108 7 4 34
110 1812440 108 2 2 1
111 1821179 110 3 2 330
112 1847548 116 2 10 8305
113 1886347 118 2 2 2
114 1891125 121 4 1 48
115 1946779 127 0 9 22699
116 1970030 132 6 7 7571
117 1983914 134 6 3 3
118 1983914 134 0 9 76
119 2019987 136 1 6 153
120 2019987 136 8 5 496
121 2019987 136 1 10 32
122 2019987 136 1 8 15
123 2135241 137 3 4 99
124 2135241 137 4 0 56
125 2135241 137 9 4 99
126 2135241 137 8 10 668
127 2135241 137 0 10 222
128 2146852 139 8 1 504
129 2170497 143 0 7 238
130 2170497 143 0 3 45
131 2201264 146 7 8 1332
132 2209639 148 2 10 21
133 2226884 150 2 2 69
134 2226884 150 2 1 14
135 2226884 150 2 8 12718
136 2358189 154 10 0 2
137 2358189 154 10 6 575
138 2358189 154 1 0 2
139 2358189 154 8 4 10
140 2358189 154 1 4 10
141 2358189 154 6 9 23
142 2358189 154 6 2 748
143 2358189 154 0 1 5
144 2365831 156 2 8 23
145 2366460 157 4 4 87
146 2505731 160 3 5 46
147 2505731 160 7 6 19
148 2505731 160 5 7 1
149 2505731 160 0 3 5
150 2505731 160 1 2 210
151 2505731 160 7 0 11
152 2505731 160 6 5 11
153 2505731 160 8 6 5
154 2555843 162 7 3 382
155 2555843 162 3 6 14
156 2555843 162 6 0 1899
157 2555843 162 10 10 5
158 2555843 162 5 10 5
159 2579439 165 0 5 110
160 2579439 165 3 3 93
161 2579439 165 7 4 29
162 2579439 165 10 4 73
163 2587564 168 7 2 30
164 2619964 172 7 8 29
165 2644355 174 0 7 14
166 2644355 174 2 2 9
167 2644355 174 6 10 9
168 2646856 175 8 6 39
169 2693895 177 3 8 268
170 2696127 178 9 0 104
171 2702170 181 9 0 206
172 2713151 184 3 5 54
173 2728460 187 9 9 71
174 2760775 192 3 10 87
175 2760775 192 3 7 6128
176 2874457 198 0 2 2
177 2874457 198 3 10 14
178 2874457 198 2 4 2
179 2874457 198 6 10 86
180 2874457 198 7 8 11
181 2874457 198 0 0 5
182 2874457 198 1 2 2
183 2874457 198 2 6 334
184 2874457 198 6 0 5
185 2874457 198 10 0 5
186 2886727 202 3 10 415
187 2886727 202 3 8 120
188 2917801 203 7 6 48
189 2917801 203 7 2 64
190 2945536 209 8 5 39
191 2976885 210 10 3 1
192 2976885 210 7 3 1
193 2985041 215 7 4 8130
194 2986961 216 6 5 29
195 3020698 223 2 7 68
196 3020698 223 7 9 1
197 3033577 228 9 2 15
198 3085749 229 2 3 28
199 3085749 229 0 6 27
200 3085749 229 2 4 52
201 3085749 229 6 4 17
202 3085749 229 2 1 1
203 3148784 230 8 6 13
204 3148784 230 3 6 6
205 3148784 230 3 8 33
206 3148784 230 3 1 230
207 3148784 230 0 4 78
208 3148784 230 3 5 3
209 3148784 230 0 6 6
210 3148784 230 3 10 5
211 3148784 230 0 2 1
212 3153796 231 7 6 2
213 3158777 232 10 5 1
214 3270975 233 1 3 4
215 3270975 233 6 1 4
216 3270975 233 4 1 39
217 3270975 233 9 8 94
218 3270975 233 3 1 141
219 3270975 233 5 7 1
220 3270975 233 8 3 1
221 3270975 233 2 0 22
222 3270975 233 7 2 17
223 3270975 233 6 0 44
224 3270975 233 3 5 1
225 3270975 233 5 1 8
226 3270975 233 0 7 1
227 3273476 234 1 7 11379
228 3277923 235 2 7 17
229 3325752 237 4 7 51
230 3325752 237 10 7 51
231 3325752 237 10 5 107
232 3325752 237 10 2 55
233 3325752 237 4 8 53
234 3328581 238 3 8 83
235 3472220 241 4 9 1226
236 3472220 241 1 3 1
237 3472220 241 6 5 1682
238 3472220 241 9 1 6
239 3472220 241 3 4 28
240 3472220 241 9 2 5857
241 3472220 241 9 0 9
242 3472220 241 7 0 9
243 3472220 241 4 1 6
244 3479520 244 10 9 11740
245 3567696 259 10 7 25
246 3706534 262 9 9 15
247 3706534 262 3 2 6
248 3706534 262 0 4 1
249 3706534 262 3 3 1
250 3706534 262 9 4 1
251 3706534 262 4 9 15
252 3706534 262 2 1 30
253 3723898 263 9 10 1524
254 3733981 266 5 10 10
255 3733981 266 3 10 42
256 3735561 267 8 9 312
257 3753810 269 4 5 39
258 3757100 270 8 3 19537
259 3768648 271 7 7 34
260 3801232 282 8 0 16296
261 3821089 285 4 10 220
262 4040042 287 8 8 5
263 4040042 287 2 8 5
264 4040042 287 5 6 170
265 4040042 287 8 5 2
266 4040042 287 1 2 3
267 4040042 287 3 6 24
268 4040042 287 3 10 15
269 4040042 287 4 0 1
270 4040042 287 1 6 48
271 4041399 288 8 10 108
272 4121668 291 4 6 2047
273 4121668 291 2 2 6871
274 4121668 291 2 7 111
275 4121668 291 7 7 333
276 4121668 291 9 5 25
277 4121668 291 10 0 1
278 4121668 291 3 3 844
279 4196492 292 4 10 1
280 4196492 292 5 6 13
281 4196492 292 9 8 218
282 4196492 292 1 0 6
283 4248046 298 9 10 40
284 4248046 298 9 6 844
285 4248046 298 1 6 844
286 4341344 303 8 0 1
287 4341344 303 3 7 1
288 4341344 303 9 6 1193
289 4341344 303 1 2 1892
290 4341344 303 9 10 14
291 4392854 304 2 6 577
292 4392854 304 3 6 1731
293 4392854 304 3 1 7
294 4392854 304 2 10 977
295 4392854 304 2 3 929
296 4407567 307 5 4 3332
297 4407567 307 8 4 476
298 4424747 308 6 10 9873
299 4425451 309 3 0 37
300 4450020 312 6 10 391
301 4452878 315 2 10 1706
302 4570906 317 8 10 110
303 4570906 317 1 3 109
304 4570906 317 10 9 27
305 4570906 317 2 5 964
306 4570906 317 5 3 54
307 4570906 317 8 3 382
308 4613225 324 3 10 24
309 4613225 324 8 5 7
310 4679276 328 10 5 297
311 4682606 329 2 7 8
312 4714146 335 1 10 1509
313 4714146 335 1 1 17
314 4730994 337 4 8 4762
315 4730994 337 4 6 86
316 4730994 337 4 9 42
317 4765647 339 5 10 8843
318 4765647 339 8 5 95
319 4765647 339 0 3 215
320 4765647 339 10 2 2880
321 4818186 340 6 0 20
322 4818186 340 3 1 3
323 4827162 342 9 4 133
324 4841317 345 7 3 13
325 4866334 352 9 10 104
326 4882234 353 0 5 7115
327 4885711 355 0 6 29
328 4975955 369 2 9 869
329 5026716 370 2 5 1
330 5026716 370 3 2 1
331 5026716 370 2 8 3
332 5026716 370 7 3 10
333 5036028 374 7 10 23
334 5040200 379 3 3 2
335 5077526 380 10 8 9844
336 5094096 386 8 3 1952
337 5101245 387 0 9 1
338 5136093 388 0 1 16
339 5258355 390 9 5 6
340 5258355 390 7 8 767
341 5258355 390 1 3 298
342 5258355 390 5 7 3
343 5301942 392 9 2 352
344 5301942 392 5 0 19
345 5301942 392 4 9 3
346 5301942 392 4 4 427
347 5301942 392 10 2 117
348 5307581 393 2 1 46
349 5307581 393 8 1 46
350 5457596 395 6 5 177
351 5457596 395 1 3 52
352 5457596 395 10 4 1
353 5457596 395 7 3 10
354 5457596 395 1 10 10
355 5457596 395 10 3 10
356 5457596 395 7 2 1
357 5457596 395 6 0 440
358 5457596 395 5 4 1
359 5457596 395 4 0 881
360 5457596 395 10 6 13
361 5485977 401 5 3 2385
362 5538336 402 9 10 117
363 5538336 402 9 2 1
364 5538336 402 2 10 13
365 5538336 402 2 6 88
366 5548200 405 8 5 15
367 5548200 405 7 5 15
368 5580048 407 2 9 3032
369 5580048 407 2 1 9
370 5580048 407 2 10 6135
371 5580048 407 2 3 139
372 5580407 408 2 8 119
373 5685070 409 2 10 15
374 5685070 409 6 9 60
375 5685070 409 2 3 3
376 5685070 409 8 9 15
377 5685070 409 5 3 3
378 5685070 409 5 5 797
379 5685070 409 2 4 2
380 5685070 409 8 6 1
381 5685070 409 5 6 1
382 5685070 409 5 7 1
383 5685070 409 5 0 528
384 5742175 413 2 9 66
385 5742175 413 9 6 10095
386 5764067 420 5 1 59
387 5764067 420 6 1 29
388 5788040 422 8 7 4
389 5810416 424 7 6 113
390 5815775 426 5 10 30
391 5997446 428 8 6 1
392 5997446 428 9 7 1
393 5997446 428 5 2 1
394 5997446 428 8 7 1
395 5997446 428 7 4 1
396 5997446 428 2 7 1
397 5997446 428 9 8 2
398 5997446 428 9 1 668
399 5997446 428 10 2 1
400 5997446 428 6 3 3
401 5997446 428 1 2 17
402 5997446 428 0 8 7
403 5997446 428 10 6 1
404 5997446 428 3 1 1336
405 6102316 430 7 8 5
406 6102316 430 9 8 1
407 6102316 430 1 4 24
408 6102316 430 4 4 3
409 6102316 430 1 5 16
410 6102316 430 2 8 2
411 6110150 433 7 4 12730
412 6141678 440 6 3 60
413 6141678 440 6 10 20
414 6141678 440 0 3 120
415 6144018 441 7 3 52
416 6144574 442 6 1 1280
417 6152560 443 6 10 95
418 6159569 444 1 0 59
419 6175259 450 9 4 2471
420 6183246 453 8 2 53
421 6190689 455 5 0 30
422 6275163 457 6 9 40
423 6275163 457 7 3 1
424 6275163 457 8 9 13
425 6275163 457 2 10 5
426 6275163 457 2 0 8
427 6275163 457 4 4 1
428 6314860 460 1 5 102
429 6314860 460 1 2 8
430 6314860 460 1 8 47
431 6314860 460 1 7 335
432 6314860 460 1 6 9
433 6395957 461 6 5 4
434 6395957 461 9 2 5
435 6395957 461 10 7 1
436 6395957 461 3 7 1
437 6395957 461 6 6 122
438 6395957 461 3 0 16
439 6395957 461 1 2 11
440 6661224 466 7 0 15
441 6661224 466 10 0 7
442 6661224 466 10 7 22
443 6661224 466 3 7 61
444 6661224 466 1 9 4
445 6661224 466 9 8 1
446 6661224 466 2 5 1
447 6661224 466 3 1 11
448 6661224 466 10 3 1801
449 6661224 466 0 8 1
450 6661224 466 6 0 7
451 6661224 466 8 10 2
452 6661224 466 0 4 2609
453 6661224 466 3 3 7204
454 6661224 466 8 7 1
455 6661224 466 9 10 12
456 6661224 466 5 1 2
457 6661224 466 5 8 1
458 6724143 467 6 5 5
459 6741414 468 7 9 22
460 6745614 469 6 1 4673
461 6759738 471 4 10 7385
462 6759738 471 5 10 923
463 6759738 471 10 10 2769
464 6848640 473 9 3 14
465 6848640 473 3 8 52
466 7069335 475 1 10 5
467 7069335 475 10 5 2
468 7069335 475 2 5 2
469 7069335 475 7 5 2
470 7069335 475 9 5 2
471 7069335 475 10 3 4
472 7069335 475 8 0 1
473 7069335 475 1 7 9
474 7069335 475 3 10 5
475 7069335 475 10 10 5
476 7069335 475 3 6 1
477 7069335 475 0 5 2
478 7069335 475 5 1 3
479 7069335 475 8 4 1
480 7069335 475 6 0 2
481 7069335 475 10 7 4
482 7069335 475 5 2 1
483 7093119 477 2 4 41
484 7109914 479 4 9 1
485 7109914 479 10 9 1
486 7109914 479 6 9 1
487 7109914 479 1 9 1
488 7119405 481 5 10 87
489 7152016 487 5 6 23
490 7179879 489 3 5 94
491 7186414 491 10 10 39
492 7196275 495 10 10 23
493 7199204 497 9 7 51
494 7403509 498 5 9 1
495 7403509 498 0 9 1
496 7403509 498 5 4 50
497 7403509 498 0 1 53
498 7403509 498 4 8 1028
499 7403509 498 5 10 13
500 7403509 498 8 6 1
501 7403509 498 0 2 4
502 7403509 498 6 3 1
503 7403509 498 7 5 8250
504 7403509 498 3 3 1
505 7403509 498 2 1 17
506 7403509 498 4 4 100
507 7420667 499 7 7 71
508 7556330 507 3 7 72
509 7556330 507 0 9 7
510 7556330 507 0 4 1429
511 7556330 507 7 6 7
512 7556330 507 6 10 89
513 7556330 507 8 7 145
514 7556330 507 7 2 5
515 7556330 507 10 2 11
516 7556330 507 3 3 26
517 7556330 507 2 5 199
518 7556330 507 9 4 1429
519 7603120 510 6 1 5
520 7603120 510 6 8 7
521 7604753 512 2 3 5300
522 7727771 513 3 2 6
523 7727771 513 2 3 5
524 7727771 513 1 2 6
525 7727771 513 6 1 5
526 7727771 513 10 2 6
527 7727771 513 7 10 4
528 7727771 513 3 1 10
529 7753398 516 6 3 1
530 7753398 516 4 3 1
531 7753398 516 5 3 1
532 7761258 521 1 4 152
533 7764279 523 8 2 3
534 7764321 524 1 8 1009
535 7781012 528 3 7 128
536 7788746 533 9 4 779
537 7809615 535 6 7 6
538 7822255 540 7 7 98
539 7848126 542 1 3 210
540 7888438 550 6 6 6
541 7917009 551 4 1 3
542 8143096 555 6 7 3
543 8143096 555 10 6 47
544 8143096 555 8 8 7
545 8143096 555 1 6 23
546 8143096 555 7 2 876
547 8143096 555 6 6 23
548 8143096 555 2 1 191
549 8143096 555 5 3 202
550 8143096 555 5 9 2
551 8143096 555 3 9 4
552 8143096 555 2 7 3
553 8143096 555 6 10 1
554 8143096 555 3 1 95
555 8143096 555 1 3 202
556 8143096 555 3 7 3
557 8143096 555 7 9 2
558 8221801 556 8 7 15
559 8221801 556 10 7 15
560 8221801 556 0 5 3164
561 8221801 556 10 3 92
562 8239850 557 3 2 52
563 8239850 557 3 3 26
564 8262241 558 1 2 194
565 8262241 558 1 8 329
566 8262241 558 1 5 72
567 8280281 561 8 10 28
568 8297998 562 10 2 37
569 8297998 562 10 3 1378
570 8297998 562 10 7 2
571 8318854 563 10 1 192
572 8335120 565 1 2 99585
573 8421380 569 1 0 52
574 8421380 569 7 0 26
575 8421380 569 7 1 1
576 8421380 569 8 7 1
577 8421380 569 3 0 26
578 8421380 569 9 1 1
579 8421380 569 4 8 1
580 8421380 569 8 2 26
581 8421380 569 9 9 2
582 8421380 569 10 5 1
583 8423441 571 7 7 16
584 8431399 573 1 5 19
585 8442509 575 6 8 15
586 8507001 576 1 4 37
587 8518410 578 6 8 233
588 8557531 582 4 3 49
589 8557531 582 4 6 282
590 8557531 582 4 4 50
591 8576866 583 6 6 89
592 8596032 588 4 4 244
593 8596032 588 4 7 10
594 8596358 589 4 5 342
595 8612080 592 10 1 40
596 8617445 594 0 5 74
597 8726957 606 10 8 31
598 8753598 611 8 2 17
599 8753598 611 2 4 117
600 8942788 612 1 10 55
601 8942788 612 6 8 17
602 8942788 612 5 3 1
603 8942788 612 3 5 120
604 8942788 612 3 2 448
605 8942788 612 4 8 17
606 8942788 612 9 4 26
607 8942788 612 5 9 1
608 8942788 612 1 5 120
609 8942788 612 3 6 6
610 8942788 612 5 1 6
611 8942788 612 10 2 448
612 8942788 612 9 7 2539
613 8958693 613 3 7 12697
614 8958693 613 3 2 20
615 8958693 613 3 8 94
616 9137408 616 0 9 5
617 9137408 616 0 10 12823
618 9137408 616 7 4 1
619 9137408 616 9 4 1
620 9137408 616 4 10 6839
621 9137408 616 8 2 1
622 9137408 616 3 9 11
623 9137408 616 5 4 3
624 9137408 616 10 3 20
625 9137408 616 9 6 36
626 9137408 616 9 5 1227
627 9137408 616 0 4 1
628 9137408 616 4 7 25228
629 9140816 617 4 2 116
630 9140816 617 3 9 85
631 9149543 618 2 8 38
632 9149543 618 7 8 12
633 9168237 621 2 8 37
634 9173319 624 0 5 2839
635 9173319 624 8 5 2839
636 9174850 625 7 0 104
637 9198430 626 2 3 6058
638 9198430 626 2 10 96
639 9223757 628 1 6 127
640 9287615 633 5 2 6
641 9287615 633 5 3 85
642 9333428 641 5 6 2
643 9443374 644 7 6 1
644 9443374 644 1 10 1
645 9443374 644 1 8 1817
646 9443374 644 8 3 10
647 9443374 644 3 0 8
648 9443374 644 6 7 370
649 9443374 644 0 8 908
650 9443374 644 2 8 1817
651 9443374 644 9 8 3635
652 9443374 644 5 9 27
653 9444831 645 4 8 20
654 9457092 654 7 5 44
655 9486485 666 1 3 75
656 9487199 667 2 7 77
657 9497003 668 5 9 34
658 9497003 668 5 6 68
659 9647553 671 5 9 8
660 9647553 671 5 4 1342
661 9647553 671 5 5 30
662 9647553 671 1 7 1
663 9647553 671 4 8 5
664 9647553 671 0 4 671
665 9647553 671 2 9 68
666 9647553 671 9 8 34
667 9651021 672 8 5 20
668 9710606 681 6 5 12
669 9830207 683 9 1 25
670 9830207 683 10 5 1
671 9830207 683 10 7 1097
672 9830207 683 7 2 1527
673 9830207 683 4 10 16
674 9830207 683 2 5 1
675 9830207 683 5 5 82
676 9832730 685 1 4 41
677 9840806 687 0 2 16
678 9841261 688 7 4 43
679 9865575 689 6 10 48
680 9926866 690 4 8 300
681 9926866 690 8 10 16
682 9926866 690 0 3 90
683 9926866 690 0 9 34
684 9979325 692 2 6 43
685 9979325 692 7 3 3329
686 9979325 692 2 0 75
687 9979325 692 6 5 222
688 9979325 692 2 10 12
689 9979325 692 10 10 12
690 9979325 692 2 1 48
691 9996274 693 8 0 109
692 9996274 693 8 8 33
693 9996274 693 8 3 1542
694 9996274 693 8 2 61
695 10232685 695 6 6 1
696 10232685 695 2 8 1
697 10232685 695 2 10 1
698 10232685 695 5 0 21
699 10232685 695 9 2 793
700 10232685 695 5 5 7
701 10232685 695 4 2 1587
702 10232685 695 6 8 1
703 10232685 695 0 2 793
704 10232685 695 6 5 49
705 10232685 695 5 9 214
706 10232685 695 3 1 11
707 10232685 695 1 6 1
708 10232685 695 6 4 8
709 10232685 695 5 7 8
710 10232685 695 1 0 42
711 10232685 695 10 7 1
712 10232685 695 0 7 2
713 10242326 697 1 6 1569
714 10296256 698 2 7 2
715 10296256 698 2 2 153
716 10296256 698 5 3 7885
717 10296256 698 5 7 21
718 10371151 702 0 6 22
719 10371151 702 0 1 25
720 10371151 702 0 4 649
721 10371151 702 4 10 74
722 10371151 702 3 4 649
723 10371151 702 4 4 649
724 10371151 702 4 1 5
725 10371151 702 4 9 6
726 10417913 703 9 6 38
727 10417913 703 2 1 49
728 10422923 705 5 5 263
729 10457348 710 3 0 36
730 10457348 710 3 5 9637
731 10474685 712 2 4 49
732 10493459 717 9 7 35
733 10580282 718 1 3 15
734 10580282 718 6 10 2
735 10580282 718 5 1 6
736 10580282 718 10 10 10
737 10580282 718 8 9 31
738 10580282 718 2 4 27
739 10580282 718 1 9 31
740 10580282 718 1 5 87
741 10622010 723 6 6 66
742 10622010 723 3 2 3584
743 10622010 723 3 8 7
744 10622010 723 3 6 66
745 10637956 724 6 3 4789
746 10637956 724 6 1 111
747 10637956 724 6 6 2
748 10658761 727 6 5 7
749 10722463 732 4 9 138
750 10722463 732 7 0 1
751 10722463 732 9 8 39
752 10723520 733 10 8 12
753 10776981 735 9 10 136
754 10776981 735 6 0 70
755 10776981 735 9 3 20
756 10776981 735 9 0 35
757 10776981 735 6 8 280
758 10815278 739 10 5 86
759 10940420 741 4 8 1
760 10940420 741 3 2 9
761 10940420 741 6 7 14
762 10940420 741 8 6 2
763 10940420 741 3 0 544
764 10990052 749 4 7 20
765 10990052 749 9 4 6
766 11100083 751 3 7 14
767 11100083 751 2 2 119
768 11100083 751 4 2 597
769 11100083 751 6 9 15
770 11100083 751 10 2 15409
771 11100083 751 8 1 30
772 11120057 752 8 8 21
773 11148312 755 9 4 137
774 11148312 755 9 3 269
775 11178896 757 7 0 7
776 11188147 760 5 0 1472
777 11196086 761 4 5 45
778 11196086 761 5 5 45
779 11198601 762 9 1 36
780 11267457 766 1 6 172
781 11267457 766 2 4 48
782 11267457 766 2 6 14
783 11315916 768 0 1 41
784 11316768 770 1 5 68
785 11331778 773 3 10 17
786 11331778 773 10 10 34
787 11360220 778 2 9 7
788 11360220 778 1 1 837
789 11374543 780 2 5 4
790 11374543 780 3 1 117
791 11382122 782 0 4 1
792 11383932 784 4 10 191
793 11407269 791 0 1 26
794 11410151 795 3 7 39
795 11412495 796 0 10 90
796 11431391 798 4 2 46
797 11431391 798 4 1 2953
798 11456436 804 4 6 21
799 11456436 804 4 8 8560
800 11472877 810 3 7 472
801 11475562 812 1 5 1916
802 11491731 815 4 9 128
803 11492677 816 2 8 132
804 11509295 819 7 3 21
805 11726435 822 6 6 4
806 11726435 822 7 0 1
807 11726435 822 0 3 1
808 11726435 822 3 7 414
809 11726435 822 9 2 3
810 11726435 822 0 2 3
811 11726435 822 0 5 26
812 11726435 822 9 6 4
813 11726435 822 8 2 3
814 11726435 822 7 10 1
815 11726435 822 1 0 1
816 11726435 822 8 7 138
817 11726435 822 4 1 1
818 11726435 822 3 3 1
819 11726435 822 6 3 1
820 11898401 823 2 2 12
821 11898401 823 3 8 10
822 11898401 823 8 2 6
823 11898401 823 5 6 282
824 11898401 823 3 6 282
825 11898401 823 5 0 8
826 11898401 823 5 4 3553
827 11898401 823 3 3 4
828 11898401 823 9 9 1
829 11898401 823 8 4 3553
830 11898401 823 5 1 969
831 11898401 823 9 7 751
832 11898401 823 5 10 1
833 11898401 823 1 1 969
834 11898401 823 9 4 7107
835 11952903 825 10 2 54
836 11952903 825 1 2 27
837 11952903 825 6 5 16
838 11983810 830 8 1 24
839 11983810 830 3 9 16
840 12048621 834 9 4 61
841 12048621 834 1 5 908
842 12048621 834 1 9 51
843 12048621 834 7 9 2
844 12057846 837 6 9 79
845 12088805 842 1 6 11325
846 12099189 844 7 9 283
847 12123588 848 8 4 118
848 12162483 857 9 10 21849
849 12162483 857 9 7 83
850 12162483 857 9 0 2932
851 12162483 857 9 5 4
852 12181263 859 6 2 342
853 12181263 859 6 5 14093
854 12181263 859 6 4 66
855 12199754 861 3 6 1409
856 12199754 861 3 4 112
857 12216921 863 6 7 8
858 12216921 863 6 9 792
859 12216921 863 2 7 8
860 12216921 863 6 0 9
861 12333499 864 7 2 954
862 12333499 864 9 4 5
863 12333499 864 6 6 17
864 12333499 864 0 6 8
865 12342879 868 10 6 201
866 12372368 872 1 6 11
867 12405699 875 2 7 9
868 12426203 881 6 2 1685
869 12426203 881 0 2 561
870 12426203 881 1 2 561
871 12521786 886 1 9 2254
872 12521786 886 2 0 14
873 12521786 886 2 7 4
874 12521786 886 3 0 14
875 12521786 886 5 3 48
876 12521786 886 4 8 20
877 12521786 886 3 6 8888
878 12521786 886 9 9 1503
879 12538681 888 10 5 109
880 12538681 888 10 3 87
881 12543580 889 9 2 34
882 12551303 892 10 7 320
883 12633297 894 10 9 35
884 12633297 894 2 1 4
885 12633297 894 2 8 1
886 12633297 894 10 1 194
887 12633297 894 7 2 5
888 12687981 896 4 3 1586
889 12694661 897 0 6 1763
890 12713987 899 6 2 250
891 12713987 899 6 0 1733
892 12756980 903 1 7 111
893 12756980 903 1 10 49
894 12757058 904 5 6 59
895 12770836 905 7 8 95
896 12813735 907 4 8 14
897 12813735 907 2 3 18
898 12813735 907 4 10 3
899 12813735 907 4 5 207
900 12832259 909 9 2 801
901 12850923 911 10 0 682
902 12887468 916 7 3 49
903 12912393 919 3 1 1
904 12916830 920 8 9 28
905 12916830 920 6 9 28
906 12969602 926 7 7 22675
907 12969602 926 7 9 34
908 13187300 929 0 7 2
909 13187300 929 3 5 227
910 13187300 929 6 4 878
911 13187300 929 4 10 1
912 13187300 929 4 6 54
913 13187300 929 7 6 54
914 13187300 929 10 8 4
915 13187300 929 4 9 8
916 13187300 929 0 10 1
917 13187300 929 2 0 2
918 13187300 929 3 1 1
919 13187300 929 6 8 4
920 13187300 929 7 0 2
921 13187300 929 1 7 2
922 13187300 929 5 1 2
923 13187300 929 6 10 1
924 13187300 929 4 5 227
925 13187300 929 0 9 8
926 13187300 929 9 10 2
927 13187300 929 10 2 4
928 13187300 929 9 1 2
929 13313947 930 10 2 14
930 13313947 930 2 6 13
931 13313947 930 4 10 683
932 13313947 930 0 8 309
933 13313947 930 5 8 309
934 13313947 930 2 0 2492
935 13313947 930 9 8 309
936 13313947 930 7 2 7
937 13313947 930 5 9 71
938 13313947 930 6 10 1367
939 13313947 930 4 7 10
940 13428321 931 2 4 909
941 13428321 931 3 9 2119
942 13428321 931 0 2 6431
943 13428321 931 3 5 4188
944 13504003 932 6 3 3
945 13504003 932 2 10 23
946 13504003 932 4 9 4
947 13504003 932 0 3 59
948 13504003 932 1 7 3
949 13504003 932 9 10 23
950 13504003 932 6 7 3
951 13504003 932 8 8 6
952 13511736 934 3 7 45
953 13521699 936 3 4 58
954 13521699 936 0 4 58
955 13550408 940 0 4 44
956 13550408 940 0 7 99809
957 13753213 941 4 10 18
958 13753213 941 9 6 8
959 13753213 941 0 2 2
960 13753213 941 9 5 13
961 13753213 941 6 3 1
962 13753213 941 9 8 1
963 13753213 941 0 9 1305
964 13753213 941 2 9 1305
965 13753213 941 6 7 18
966 13753213 941 10 5 13
967 13753213 941 7 3 1
968 13781171 948 6 6 791
969 13781171 948 1 4 16
970 13781171 948 8 6 3958
971 13805431 950 9 8 7
972 13807655 951 2 8 158
973 13853226 960 7 1 1039
974 13872860 961 2 5 687
975 13872860 961 6 5 2407
976 13872860 961 9 5 1719
977 13881667 966 4 5 3957
978 14023011 967 7 5 7
979 14023011 967 1 9 9
980 14023011 967 7 9 4
981 14023011 967 0 8 44
982 14023011 967 4 3 16
983 14023011 967 6 10 27
984 14023011 967 4 10 13
985 14041916 970 4 4 50
986 14068013 972 10 0 323
987 14106529 973 0 6 19
988 14106529 973 0 0 2
989 14106529 973 2 3 1
990 14106529 973 0 9 112
991 14138692 981 1 6 406
992 14142163 983 0 10 188
993 14181363 993 4 2 94
994 14212729 994 3 0 6
995 14212729 994 1 0 3
996 14212729 994 4 4 38
997 14212729 994 9 1 1
998 14212729 994 4 5 64
999 14238254 998 5 3 1030
