11 361 1000
0 17217 0 1 8 28
1 17217 0 1 7 23
2 17217 0 9 8 56
3 17217 0 9 9 1
4 17527 1 9 1 33309
5 65710 3 5 5 113
6 65710 3 5 2 11041
7 65710 3 5 9 20
8 65710 3 5 10 935
9 76059 4 6 8 9
10 76059 4 8 0 205
11 120112 9 7 6 23
12 120112 9 4 8 2
13 120112 9 1 10 7
14 120112 9 1 0 14
15 129282 11 0 9 88
16 130392 12 6 2 40
17 168617 13 10 5 13
18 168617 13 1 4 340
19 168617 13 6 10 99
20 220596 17 3 5 16
21 220596 17 9 3 46
22 220596 17 2 2 8942
23 220596 17 9 9 658
24 220596 17 10 3 93
25 220596 17 5 5 16
26 220596 17 7 7 2
27 230164 18 1 10 164
28 258936 21 4 10 27
29 258936 21 3 7 129
30 258936 21 3 9 94
31 264182 23 8 10 4218
32 264353 24 7 4 6073
33 269141 26 0 8 2366
34 304772 29 2 8 170
35 307119 30 6 6 11
36 313047 31 5 7 2070
37 318252 35 7 5 100
38 318252 35 7 10 74
39 333713 37 8 10 4
40 333713 37 0 10 4
41 333713 37 0 9 2107
42 344379 38 7 1 190
43 349581 39 4 5 6
44 363714 41 10 3 35
45 365523 43 5 8 154
46 372122 44 1 2 89
47 388488 50 9 10 5268
48 491538 51 9 6 5
49 491538 51 10 8 21
50 491538 51 0 3 107
51 491538 51 5 9 1
52 491538 51 7 8 1
53 491538 51 3 9 1
54 491538 51 10 9 1
55 491538 51 9 4 31
56 491538 51 2 9 1
57 491538 51 8 4 15
58 491538 51 7 0 21
59 500223 57 7 9 705
60 554637 59 5 2 102
61 554637 59 2 3 5
62 554637 59 5 5 28
63 554637 59 8 9 18
64 564921 61 10 4 63
65 566995 63 8 5 77
66 583979 66 0 8 966
67 588458 68 2 4 1
68 588458 68 5 4 1
69 622504 72 6 6 108
70 622504 72 6 8 12198
71 687583 75 7 3 168
72 687583 75 3 5 115
73 687583 75 7 8 1
74 687583 75 8 5 115
75 687583 75 0 7 1
76 687583 75 5 6 14
77 687583 75 0 9 1
78 687583 75 10 6 14
79 696013 77 8 4 21
80 790540 84 7 7 21
81 790540 84 10 6 1
82 790540 84 3 1 24
83 790540 84 4 6 1
84 790540 84 4 8 3
85 790774 85 8 6 404
86 792125 87 5 7 210
87 811912 89 7 5 6
88 811912 89 7 1 10154
89 811912 89 7 9 100
90 821385 91 9 2 4953
91 827142 93 9 10 67
92 834654 94 5 5 756
93 851788 97 2 9 3687
94 851935 98 10 1 117
95 899510 99 9 10 3070
96 899510 99 0 6 10
97 981309 102 6 3 5
98 981309 102 8 3 17
99 981309 102 9 3 11
100 981309 102 5 5 14
101 981309 102 4 10 21
102 981309 102 10 5 57
103 981309 102 10 3 5
104 981309 102 7 9 9
105 981309 102 4 0 35
106 981309 102 8 10 21
107 981309 102 5 1 3
108 1035680 108 6 6 7
109 1035680 108 0 0 226
110 1035680 108 3 10 3
111 1035680 108 2 5 16
112 1035680 108 7 0 3619
113 1035680 108 2 2 1
114 1036286 109 3 0 33
115 1040674 110 3 8 100
116 1055742 116 2 0 61
117 1055742 116 2 6 106
118 1055742 116 2 9 68
119 1065913 117 0 0 125
120 1065913 117 0 2 132816
121 1065913 117 0 10 1361
122 1065913 117 0 1 35
123 1077912 118 1 5 301
124 1077912 118 2 2 2
125 1078063 119 5 8 2988
126 1080643 121 4 1 48
127 1091736 126 0 0 119
128 1154278 136 8 5 496
129 1154278 136 1 8 15
130 1154278 136 8 1 94
131 1154278 136 1 0 2006
132 1154278 136 8 6 21
133 1220138 137 3 9 2136
134 1220138 137 9 8 4
135 1220138 137 6 0 4
136 1220138 137 9 1 12
137 1220138 137 7 7 3
138 1220138 137 9 4 99
139 1221216 138 4 5 109
140 1226772 139 10 1 50
141 1257865 146 6 4 5
142 1257865 146 10 8 333
143 1262651 148 9 10 21
144 1273872 151 5 9 3
145 1347536 154 3 8 261
146 1347536 154 1 0 2
147 1347536 154 3 7 1284
148 1347536 154 2 2 249
149 1347536 154 5 10 2
150 1347536 154 7 3 56
151 1347536 154 0 7 642
152 1347536 154 1 6 460
153 1347536 154 9 8 21
154 1351903 156 1 8 23
155 1355870 159 1 4 95
156 1431846 160 10 7 293
157 1431846 160 3 9 4
158 1431846 160 5 9 4
159 1431846 160 7 5 5
160 1431846 160 5 7 1
161 1431846 160 9 0 11
162 1431846 160 4 3 2
163 1431846 160 4 6 5
164 1460481 162 0 1 1445
165 1460481 162 6 10 5
166 1460481 162 2 1 2890
167 1460481 162 10 4 15
168 1460481 162 10 10 5
169 1460757 163 4 3 297
170 1463405 164 6 8 11399
171 1478608 168 1 2 15
172 1478608 168 2 2 15
173 1479581 169 3 4 102
174 1490092 170 3 8 83
175 1490092 170 3 9 3937
176 1497122 172 4 10 18
177 1511060 174 9 2 9
178 1512489 175 5 6 13
179 1539368 177 0 4 47
180 1540644 178 9 0 104
181 1543131 179 8 7 57
182 1544561 182 5 6 2663
183 1553551 186 8 0 11839
184 1577586 192 3 10 87
185 1577586 192 3 2 14
186 1579651 194 3 3 63
187 1642546 198 3 5 1
188 1642546 198 3 10 14
189 1642546 198 0 3 2
190 1642546 198 5 9 31
191 1643492 200 5 5 18
192 1649558 202 3 5 21864
193 1667315 203 8 7 7494
194 1667315 203 8 6 48
195 1672622 206 3 6 88
196 1701077 210 1 3 1
197 1727069 224 3 5 91
198 1763285 229 0 4 17
199 1763285 229 6 10 5
200 1763285 229 0 8 118
201 1763285 229 6 5 19
202 1799305 230 0 8 16
203 1799305 230 8 4 78
204 1799305 230 0 5 11
205 1799305 230 0 0 2
206 1799305 230 8 9 29
207 1799305 230 8 7 2487
208 1869128 233 6 0 44
209 1869128 233 3 5 1
210 1869128 233 1 1 8
211 1869128 233 2 5 1
212 1869128 233 0 2 13
213 1869128 233 10 10 9
214 1869128 233 2 8 5
215 1869128 233 4 0 7
216 1900430 237 10 0 18
217 1900430 237 4 7 51
218 1912269 239 8 1 9
219 1984125 241 3 0 9
220 1984125 241 3 2 1952
221 1984125 241 9 3 1
222 1984125 241 4 5 1682
223 1984125 241 9 10 1014
224 1984125 241 1 4 14
225 1992218 247 9 7 2966
226 1999087 254 2 4 52
227 2038683 259 5 3 1246
228 2038683 259 0 8 2025
229 2038683 259 8 8 8101
230 2118019 262 0 10 12
231 2118019 262 4 0 69
232 2118019 262 2 9 15
233 2118019 262 9 4 1
234 2118019 262 4 8 7
235 2118019 262 8 4 11
236 2118019 262 8 3 1
237 2118019 262 3 0 9
238 2118019 262 2 3 1
239 2127941 263 1 10 4572
240 2127941 263 4 10 1524
241 2136186 268 5 0 210
242 2145034 269 4 2 8281
243 2145034 269 4 4 68
244 2153513 271 2 7 8
245 2157878 276 8 5 169
246 2172133 282 8 5 23
247 2172133 282 8 8 145
248 2184473 286 10 1 210
249 2308595 287 4 10 7
250 2308595 287 1 10 7
251 2308595 287 3 8 11
252 2308595 287 6 4 1
253 2308595 287 6 6 316
254 2308595 287 9 7 807
255 2308595 287 8 5 2
256 2308595 287 6 2 3
257 2308595 287 3 10 15
258 2308595 287 0 9 1
259 2308595 287 5 2 28
260 2308595 287 8 4 1
261 2308595 287 10 3 5
262 2308595 287 6 5 4
263 2308595 287 3 4 1
264 2308595 287 7 10 15
265 2355239 291 9 4 89
266 2355239 291 2 2 6871
267 2355239 291 6 0 3
268 2355239 291 1 2 3435
269 2355239 291 6 8 8
270 2355239 291 4 6 2047
271 2397995 292 1 8 1090
272 2397995 292 9 8 218
273 2397995 292 2 6 13
274 2407080 296 4 7 61
275 2427455 298 1 9 8
276 2427455 298 9 7 60
277 2433862 302 2 8 113
278 2480768 303 3 9 204
279 2480768 303 10 0 1
280 2480768 303 1 1 75
281 2480768 303 1 2 1892
282 2480768 303 8 1 25
283 2510202 304 2 8 40
284 2510202 304 3 7 25
285 2510202 304 2 5 23
286 2518609 307 0 4 476
287 2528426 308 6 3 284
288 2528426 308 6 10 9873
289 2533286 310 10 7 73
290 2533286 310 7 1 442
291 2611946 317 0 7 3013
292 2611946 317 4 5 964
293 2611946 317 2 0 4
294 2611946 317 10 8 83
295 2611946 317 4 2 565
296 2611946 317 9 0 4
297 2611946 317 3 4 10
298 2611946 317 4 9 5
299 2611946 317 8 10 110
300 2611946 317 1 4 32
301 2619995 323 5 9 187
302 2636128 324 6 5 7
303 2673872 328 7 8 44
304 2673872 328 10 0 312
305 2673872 328 8 5 297
306 2673872 328 3 9 2
307 2673872 328 1 5 297
308 2673872 328 10 5 297
309 2675774 329 0 7 2
310 2684820 330 0 10 1364
311 2684820 330 0 4 194
312 2684820 330 0 1 1349
313 2693798 335 1 8 44
314 2693933 336 9 4 663
315 2703425 337 4 1 95
316 2723227 339 9 5 95
317 2723227 339 2 3 645
318 2753249 340 5 2 3
319 2753249 340 2 8 1806
320 2771035 347 8 9 74
321 2774628 349 8 6 1136
322 2774628 349 6 6 8522
323 2774628 349 2 6 2272
324 2789848 353 0 0 27082
325 2789848 353 0 1 6
326 2807190 361 6 9 119
327 2814141 362 5 2 1
328 2826037 366 0 2 23
329 2829267 367 6 10 6
330 2843402 369 9 7 1
331 2843402 369 10 7 1
332 2843402 369 3 9 224
333 2843402 369 2 0 17
334 2872409 370 7 9 23
335 2872409 370 2 10 11
336 2872409 370 6 5 4
337 2872409 370 8 8 3
338 2872409 370 2 8 3
339 2872409 370 8 2 1
340 2872409 370 0 8 6
341 2872409 370 7 3 10
342 2901443 380 10 8 9844
343 2901443 380 10 10 14
344 2901443 380 10 3 238
345 2901443 380 10 5 64
346 2910912 386 9 3 488
347 2914997 387 3 9 1
348 2934910 388 7 10 17
349 2934910 388 0 6 202
350 2934910 388 0 8 3
351 3004774 390 6 7 6
352 3004774 390 4 9 174
353 3004774 390 10 8 767
354 3004774 390 8 7 38
355 3004774 390 3 9 174
356 3004774 390 0 10 1
357 3004774 390 7 6 114
358 3004774 390 10 3 596
359 3029681 392 4 4 427
360 3029681 392 5 5 1283
361 3029681 392 8 4 427
362 3029681 392 6 5 3851
363 3029681 392 10 2 117
364 3118626 395 9 4 1
365 3118626 395 9 5 532
366 3118626 395 10 6 13
367 3118626 395 1 8 33
368 3118626 395 2 4 1
369 3118626 395 10 2 2
370 3118626 395 8 3 10
371 3124746 396 9 1 405
372 3164763 402 2 9 21
373 3164763 402 9 10 117
374 3188599 407 2 4 49
375 3188599 407 2 8 611
376 3248611 409 8 10 10
377 3248611 409 10 6 11
378 3248611 409 2 9 45
379 3248611 409 1 0 528
380 3248611 409 8 4 782
381 3248611 409 5 0 528
382 3248611 409 8 0 1056
383 3248611 409 2 4 2
384 3248611 409 8 1 542
385 3281243 413 2 10 7
386 3281243 413 9 0 144
387 3307451 422 0 7 62
388 3307451 422 8 7 4
389 3307451 422 10 3 54
390 3427112 428 10 2 1
391 3427112 428 9 10 4
392 3427112 428 4 6 1
393 3427112 428 7 9 1
394 3427112 428 0 10 4
395 3427112 428 9 3 3
396 3427112 428 10 1 668
397 3427112 428 5 2 1
398 3427112 428 0 9 1
399 3427112 428 0 7 1
400 3427112 428 2 9 5
401 3427112 428 6 7 1
402 3427112 428 10 0 1
403 3427112 428 1 3 136
404 3427112 428 9 9 1
405 3427112 428 3 6 1
406 3427112 428 10 6 1
407 3487038 430 8 2 36
408 3487038 430 9 3 8
409 3487038 430 2 2 18
410 3487038 430 7 5 16
411 3487038 430 7 8 5
412 3487038 430 10 1 1051
413 3487038 430 4 10 5
414 3494346 434 9 2 74
415 3501762 435 2 0 163
416 3515748 443 6 3 83
417 3515748 443 6 8 4
418 3523172 445 8 0 52
419 3585807 457 1 0 25
420 3608491 460 1 1 356
421 3654832 461 8 5 283
422 3654832 461 1 8 9
423 3654832 461 10 8 9
424 3654832 461 6 9 85
425 3654832 461 9 7 1
426 3654832 461 5 7 1
427 3654832 461 10 7 1
428 3654832 461 5 2 55
429 3654832 461 7 5 1
430 3654832 461 0 6 245
431 3655115 462 10 3 3197
432 3806414 466 6 9 4
433 3806414 466 7 9 12
434 3806414 466 0 0 7
435 3806414 466 0 3 1801
436 3806414 466 3 9 4
437 3806414 466 6 6 16
438 3806414 466 3 10 2
439 3806414 466 3 6 8
440 3806414 466 0 10 6
441 3806414 466 3 3 7204
442 3806414 466 9 2 50
443 3806414 466 6 2 100
444 3806414 466 8 0 7
445 3806414 466 1 8 1
446 3806414 466 9 6 4
447 3842367 467 5 6 60
448 3842367 467 5 8 7
449 3854636 469 6 1 4673
450 3872784 472 2 0 14
451 3913509 473 0 8 1669
452 3913509 473 3 6 5
453 3913509 473 2 7 26
454 3913509 473 8 5 68
455 3913509 473 8 6 5
456 4039620 475 1 1 3
457 4039620 475 6 7 85
458 4039620 475 7 3 1
459 4039620 475 2 8 2
460 4039620 475 1 4 1
461 4039620 475 9 5 2
462 4039620 475 9 2 6
463 4039620 475 4 9 5
464 4039620 475 10 1 13
465 4039620 475 4 5 5
466 4039620 475 2 1 3
467 4039620 475 8 6 4
468 4039620 475 2 7 4
469 4039620 475 8 5 2
470 4039620 475 7 9 5
471 4039620 475 0 2 1
472 4039620 475 5 6 1
473 4039620 475 8 1 3
474 4039620 475 0 1 6
475 4039620 475 9 7 9
476 4062808 479 5 9 1
477 4068838 482 10 0 122
478 4086866 487 5 8 1304
479 4102788 489 9 8 8
480 4102788 489 3 0 785
481 4230576 498 3 8 514
482 4230576 498 9 5 175
483 4230576 498 2 7 7
484 4230576 498 4 8 1028
485 4230576 498 3 6 1
486 4230576 498 3 10 13
487 4230576 498 7 4 50
488 4230576 498 2 4 50
489 4230576 498 5 3 1
490 4230576 498 9 10 261
491 4230576 498 2 1 17
492 4230576 498 0 10 13
493 4230576 498 5 6 1
494 4230576 498 5 4 50
495 4240381 499 7 7 71
496 4240381 499 7 9 100
497 4249831 504 6 9 296
498 4249831 504 0 9 148
499 4249831 504 3 10 30
500 4249831 504 1 10 30
501 4251365 506 7 10 2637
502 4317903 507 1 10 178
503 4317903 507 10 7 72
504 4317903 507 3 9 21
505 4317903 507 3 6 3
506 4317903 507 4 0 6
507 4317903 507 0 0 12
508 4317903 507 3 7 72
509 4317903 507 4 2 120
510 4317903 507 7 7 72
511 4317903 507 8 6 3
512 4317903 507 1 0 6
513 4344640 510 7 5 3
514 4344640 510 7 2 20
515 4345573 512 2 3 5300
516 4415869 513 4 7 11
517 4415869 513 1 8 5049
518 4415869 513 9 9 40
519 4415869 513 7 0 1
520 4415869 513 1 6 240
521 4415869 513 3 9 20
522 4415869 513 1 4 300
523 4415869 513 6 6 80
524 4430513 516 5 3 1
525 4432874 519 5 10 44
526 4436755 524 1 8 1009
527 4447004 529 2 9 374
528 4449507 532 9 9 7164
529 4465703 537 9 10 88
530 4465703 537 2 10 22
531 4465703 537 10 10 11
532 4484643 542 1 1 3993
533 4484643 542 1 7 28344
534 4486250 545 0 6 7157
535 4496022 547 4 2 327
536 4507679 550 5 6 6
537 4653197 555 2 7 3
538 4653197 555 4 9 2
539 4653197 555 3 1 95
540 4653197 555 1 4 4978
541 4653197 555 3 7 3
542 4653197 555 0 4 829
543 4653197 555 1 10 1
544 4653197 555 10 0 4
545 4653197 555 5 9 2
546 4653197 555 3 9 4
547 4653197 555 10 5 1
548 4653197 555 5 7 7
549 4653197 555 9 10 1
550 4653197 555 4 2 4380
551 4653197 555 2 1 191
552 4653197 555 0 2 876
553 4698172 556 3 10 335
554 4698172 556 5 1 2
555 4753631 563 10 3 653
556 4762926 565 1 3 65
557 4812217 569 8 5 1
558 4812217 569 9 9 2
559 4812217 569 1 0 52
560 4812217 569 4 5 1
561 4812217 569 2 7 8
562 4812217 569 7 2 26
563 4817942 573 2 5 6
564 4824290 575 1 8 15
565 4861143 576 1 4 37
566 4861143 576 0 2 51
567 4861143 576 6 7 65
568 4861143 576 6 5 2438
569 4861143 576 10 1 1
570 4861143 576 1 2 102
571 4861143 576 6 6 9
572 4862411 577 0 0 2339
573 4867663 578 7 9 11
574 4867948 579 3 0 57
575 4890018 582 4 3 49
576 4901066 583 6 4 5985
577 4901066 583 6 7 1421
578 4901066 583 6 10 61
579 4902719 586 8 1 1762
580 4904509 587 4 1 12
581 4912204 589 4 5 342
582 4920676 591 4 1 2
583 4929385 597 3 4 14
584 4929385 597 0 4 14
585 4936142 600 3 8 66
586 4970566 602 6 4 453
587 4970566 602 8 10 2547
588 4970566 602 6 1 81
589 4971450 603 2 10 133
590 4972647 605 4 6 53
591 4986833 606 10 8 31
592 4986833 606 10 7 327
593 5110164 612 10 0 142
594 5110164 612 1 2 897
595 5110164 612 1 10 55
596 5110164 612 0 7 2539
597 5110164 612 6 4 26
598 5110164 612 9 2 1346
599 5110164 612 6 8 17
600 5110164 612 0 6 1
601 5110164 612 8 1 13
602 5110164 612 0 3 1
603 5110164 612 2 8 8
604 5110164 612 1 6 1
605 5110164 612 4 10 5
606 5119253 613 3 3 19596
607 5119521 614 6 5 252
608 5221376 616 3 8 82
609 5221376 616 10 4 1
610 5221376 616 2 4 1
611 5221376 616 2 7 200
612 5221376 616 4 9 2
613 5221376 616 7 1 1
614 5221376 616 0 1 1
615 5221376 616 9 5 1227
616 5221376 616 0 0 1977
617 5221376 616 8 6 36
618 5221376 616 1 8 1
619 5221376 616 10 5 1227
620 5223323 617 3 9 85
621 5229823 619 8 6 91
622 5241897 624 1 5 2839
623 5241897 624 9 5 2839
624 5242771 625 9 0 34
625 5256245 626 2 6 1690
626 5256245 626 2 5 2333
627 5256245 626 2 10 96
628 5256245 626 2 2 106
629 5259074 627 1 4 258
630 5270718 628 1 5 389
631 5270718 628 1 10 95
632 5272235 630 10 6 226
633 5318373 635 5 2 135
634 5324894 637 2 10 16
635 5396213 644 5 9 27
636 5396213 644 2 1 20
637 5396213 644 4 0 8
638 5396213 644 10 7 92
639 5396213 644 10 4 647
640 5396213 644 6 1 6
641 5399256 646 5 9 12
642 5400520 647 1 3 1338
643 5409781 660 10 7 16605
644 5416996 661 7 0 13
645 5416996 661 6 0 13
646 5420848 666 4 3 2
647 5512887 671 2 3 123
648 5512887 671 10 8 5
649 5512887 671 6 4 3355
650 5512887 671 3 1 4531
651 5512887 671 5 2 6
652 5512887 671 10 5 30
653 5514869 672 10 5 10
654 5530059 675 2 5 29
655 5548918 681 5 4 1319
656 5548918 681 2 4 1319
657 5617261 683 0 0 1
658 5617261 683 10 7 1097
659 5617261 683 4 9 123
660 5617261 683 2 1 25
661 5617261 683 8 2 3054
662 5617261 683 7 7 548
663 5617261 683 10 5 1
664 5617261 683 1 1 50
665 5617261 683 2 7 548
666 5617261 683 1 3 29
667 5623318 687 7 2 16
668 5623318 687 0 2 16
669 5623318 687 10 7 98
670 5637471 689 5 4 1591
671 5672494 690 0 4 863
672 5672494 690 4 1 1
673 5702471 692 6 1 96
674 5702471 692 10 4 19
675 5702471 692 6 5 222
676 5702471 692 7 6 43
677 5712156 693 8 7 220
678 5712156 693 8 6 75
679 5847249 695 4 7 1
680 5847249 695 9 8 1
681 5847249 695 9 6 1
682 5847249 695 8 5 28
683 5847249 695 10 4 1
684 5847249 695 6 0 64
685 5847249 695 1 2 1587
686 5847249 695 5 1 3
687 5847249 695 4 0 21
688 5847249 695 10 3 35
689 5847249 695 10 9 214
690 5847249 695 0 7 2
691 5847249 695 10 5 7
692 5847249 695 10 1 3
693 5847249 695 6 3 4
694 5847249 695 0 3 8
695 5847249 695 9 10 1
696 5847249 695 8 4 1
697 5847249 695 5 9 214
698 5847249 695 7 8 1
699 5848816 696 4 9 362
700 5852758 697 4 6 1569
701 5852758 697 1 6 1569
702 5883575 698 5 7 21
703 5883575 698 10 10 32
704 5883575 698 10 8 312
705 5883575 698 10 2 25
706 5883575 698 2 8 8
707 5883575 698 5 4 89
708 5899895 701 4 2 3
709 5899895 701 9 2 76
710 5926372 702 0 0 2375
711 5953093 703 2 0 74
712 5953093 703 9 9 325
713 5955956 705 0 5 52
714 5957547 706 5 7 40
715 5975627 710 3 5 9637
716 5991601 715 8 7 12
717 6045875 718 3 0 36
718 6045875 718 7 3 15
719 6045875 718 5 8 4366
720 6045875 718 6 0 1
721 6050412 722 10 1 2439
722 6069720 723 3 2 3584
723 6069720 723 3 4 523
724 6069720 723 3 5 29
725 6069720 723 3 9 11
726 6078832 724 6 7 124
727 6090721 727 6 7 2
728 6090721 727 10 10 104
729 6092524 729 1 6 6073
730 6096713 731 3 10 2
731 6127121 732 6 6 2
732 6127121 732 0 3 15
733 6127121 732 6 9 46
734 6127121 732 4 3 39
735 6127121 732 7 6 7
736 6127121 732 4 5 13
737 6127121 732 9 0 2
738 6127726 733 9 8 3956
739 6158275 735 9 3 20
740 6158275 735 6 4 76
741 6160411 736 2 6 1770
742 6168540 738 5 1 213
743 6251668 741 0 10 110
744 6251668 741 8 6 2
745 6251668 741 10 9 44
746 6251668 741 2 4 66
747 6251668 741 5 6 5
748 6251668 741 4 2 9
749 6265289 744 5 0 8
750 6265289 744 8 8 75
751 6265553 745 3 10 118
752 6268186 748 7 8 28
753 6280029 749 9 5 1
754 6280029 749 4 7 20
755 6342904 751 2 8 1
756 6342904 751 10 7 7
757 6342904 751 2 2 119
758 6342904 751 10 2 15409
759 6342904 751 10 6 950
760 6342904 751 7 3 970
761 6342904 751 8 3 485
762 6354318 752 7 9 1
763 6354318 752 8 8 21
764 6354318 752 1 0 168
765 6370464 755 9 9 56
766 6387940 757 5 1 77
767 6399200 762 4 1 36
768 6438547 766 4 10 7
769 6438547 766 10 3 1
770 6438547 766 7 7 3
771 6438547 766 6 7 3
772 6466238 768 0 8 21
773 6466238 768 0 1 41
774 6466238 768 8 9 704
775 6475302 773 6 10 17
776 6491554 778 8 9 7
777 6492650 779 2 1 1518
778 6509638 786 6 0 54
779 6512804 787 6 4 33
780 6512804 787 7 4 3
781 6513832 788 10 8 200
782 6521832 797 3 10 18
783 6532223 798 4 3 11778
784 6532223 798 4 9 293
785 6532301 800 8 7 69
786 6536625 802 5 2 4521
787 6546535 804 4 0 117
788 6549489 805 1 6 154
789 6557464 812 1 5 1916
790 6574027 817 8 3 1577
791 6700820 822 8 9 9
792 6700820 822 5 1 1
793 6700820 822 10 5 78
794 6700820 822 10 0 1
795 6700820 822 9 8 239
796 6700820 822 2 9 1
797 6700820 822 6 1 1
798 6700820 822 3 4 1
799 6700820 822 7 3 5
800 6700820 822 1 7 276
801 6700820 822 5 9 3
802 6700820 822 7 7 691
803 6700820 822 3 2 3
804 6700820 822 6 5 26
805 6799086 823 8 10 1
806 6799086 823 5 10 1
807 6799086 823 9 9 1
808 6799086 823 9 6 1414
809 6799086 823 5 1 969
810 6801575 824 0 10 47
811 6830230 825 4 9 18
812 6830230 825 10 4 62
813 6830230 825 6 0 115
814 6830230 825 4 5 112
815 6830230 825 7 2 27
816 6830230 825 4 4 187
817 6833923 827 5 9 116
818 6847891 830 0 1 24
819 6847891 830 2 1 24
820 6847891 830 8 5 5
821 6848907 832 1 1 30673
822 6870485 833 7 4 24511
823 6870485 833 7 1 62
824 6884926 834 1 0 15
825 6890197 837 8 9 19
826 6893413 840 10 1 81
827 6907888 842 1 9 9530
828 6926943 846 5 7 59
829 6927764 848 8 4 118
830 6949990 857 9 1 1575
831 6960722 859 6 3 63
832 6960722 859 6 6 60
833 6960722 859 6 7 207
834 6960722 859 6 2 342
835 6971288 861 3 5 2029
836 6971288 861 3 0 984
837 6981098 863 2 9 264
838 6981098 863 6 7 8
839 7047713 864 8 1 4
840 7047713 864 9 1 4
841 7047713 864 3 10 172
842 7047713 864 4 5 15
843 7047713 864 7 2 954
844 7047713 864 7 4 17
845 7047713 864 8 8 113
846 7047713 864 5 7 1
847 7047713 864 0 4 17
848 7047713 864 0 5 30
849 7056486 870 8 10 22
850 7056486 870 2 3 6
851 7065532 871 10 8 8344
852 7088971 875 4 7 9
853 7091677 877 10 6 24
854 7100687 881 10 2 1685
855 7100687 881 4 2 561
856 7101757 884 0 6 33
857 7155306 886 10 1 11
858 7155306 886 7 2 41
859 7155306 886 3 1 5
860 7155306 886 5 0 59
861 7155306 886 0 0 118
862 7164960 888 10 0 12
863 7164960 888 10 2 136
864 7168747 890 8 10 13
865 7219027 894 3 7 3
866 7219027 894 5 9 71
867 7219027 894 6 3 6
868 7219027 894 7 8 1
869 7219027 894 4 5 8
870 7219027 894 2 4 56
871 7219027 894 9 3 12
872 7219027 894 9 8 1
873 7250275 896 3 0 1968
874 7250275 896 9 3 1586
875 7250275 896 1 10 33
876 7250275 896 1 3 1586
877 7250275 896 3 2 38
878 7250275 896 1 0 15751
879 7265135 899 6 9 33179
880 7273615 901 1 3 1484
881 7273615 901 3 2 517
882 7273615 901 8 2 30
883 7289703 903 1 1 7
884 7297620 905 2 8 95
885 7297620 905 9 8 95
886 7297620 905 1 8 95
887 7322134 907 2 2 1642
888 7322134 907 2 7 3009
889 7332719 909 9 4 1528
890 7332719 909 9 0 5739
891 7333576 910 10 5 3
892 7355247 913 6 2 19
893 7355247 913 4 2 19
894 7367990 917 6 9 3
895 7368601 918 0 1 124
896 7378510 919 8 1 1
897 7378510 919 7 1 9
898 7378510 919 9 1 16
899 7381980 921 3 9 79
900 7411201 926 7 5 9235
901 7411201 926 7 2 58
902 7535600 929 7 3 3
903 7535600 929 10 9 4
904 7535600 929 6 8 4
905 7535600 929 9 4 878
906 7535600 929 4 9 8
907 7535600 929 1 9 8
908 7535600 929 1 7 2
909 7535600 929 6 6 54
910 7535600 929 9 5 227
911 7535600 929 8 4 1756
912 7535600 929 6 3 3
913 7535600 929 5 0 2
914 7535600 929 10 10 1
915 7535600 929 6 2 42
916 7535600 929 5 2 8
917 7535600 929 1 1 3
918 7535600 929 7 4 878
919 7535600 929 1 3 6
920 7535600 929 3 10 1
921 7535600 929 0 9 8
922 7607970 930 6 0 4984
923 7607970 930 4 4 13007
924 7607970 930 0 7 10
925 7607970 930 8 7 10
926 7607970 930 1 10 683
927 7607970 930 0 2 7
928 7607970 930 9 3 15
929 7607970 930 10 3 15
930 7607970 930 5 7 10
931 7673326 931 6 2 1607
932 7673326 931 6 3 24
933 7673326 931 4 10 225
934 7673326 931 10 2 1607
935 7673326 931 8 7 45
936 7716573 932 9 10 23
937 7716573 932 0 2 1805
938 7716573 932 1 6 4
939 7716573 932 5 0 2
940 7716573 932 0 10 23
941 7716573 932 8 3 9
942 7716573 932 7 9 9
943 7716573 932 5 8 6
944 7716573 932 9 9 9
945 7716573 932 3 0 2
946 7716573 932 0 4 6
947 7716573 932 10 8 6
948 7723991 935 5 1 1573
949 7858979 941 2 6 5
950 7858979 941 8 9 1305
951 7858979 941 0 8 5
952 7858979 941 7 6 5
953 7858979 941 9 4 1
954 7858979 941 5 3 8
955 7858979 941 5 9 2610
956 7858979 941 10 5 13
957 7858979 941 0 1 96
958 7858979 941 2 9 1305
959 7858979 941 8 8 1
960 7858979 941 1 8 1
961 7858979 941 9 1 288
962 7858979 941 9 6 8
963 7874954 948 6 7 18
964 7888818 950 9 8 7
965 7892983 954 10 1 315
966 7915344 959 10 7 35
967 7915344 959 10 5 196
968 7916129 960 7 1 1039
969 7927348 961 2 5 687
970 7932106 965 10 8 564
971 8013149 967 5 4 14
972 8013149 967 4 8 44
973 8013149 967 0 10 13
974 8013149 967 6 3 8
975 8013149 967 6 7 243
976 8013149 967 1 1 369
977 8013149 967 0 4 14
978 8013149 967 5 8 44
979 8013149 967 4 7 243
980 8013149 967 7 4 14
981 8016400 968 1 3 51
982 8028332 971 9 8 90
983 8038865 972 10 2 558
984 8038865 972 10 1 225
985 8038865 972 10 8 28
986 8060874 973 2 5 1938
987 8064256 975 2 8 3
988 8064256 975 8 8 3
989 8079216 980 6 10 204
990 8079252 981 1 6 406
991 8083262 986 1 0 968
992 8103636 993 4 6 32
993 8121559 994 2 1 1
994 8121559 994 7 1 8
995 8124830 995 0 10 199
996 8124830 995 5 6 518
997 8128876 997 6 3 22
998 8136145 998 5 3 1030
999 8139932 999 8 2 26
