11 360 1000
0 13391 0 1 1 3
1 13391 0 9 1 6
2 13391 0 9 10 942
3 13391 0 9 6 12
4 13391 0 9 5 6
5 13632 1 9 1 33309
6 51107 3 9 10 1871
7 51107 3 10 8 592
8 51107 3 10 7 31
9 51107 3 5 9 20
10 51107 3 5 5 113
11 51107 3 9 0 4792
12 51107 3 5 10 935
13 60070 5 9 8 2075
14 93421 9 1 9 7
15 93421 9 1 1 4
16 93421 9 4 8 2
17 93421 9 4 6 70
18 93421 9 4 3 74
19 93421 9 7 10 1
20 131147 13 10 9 18555
21 131147 13 10 4 340
22 171575 17 9 10 1
23 171575 17 1 10 1
24 171575 17 2 5 100
25 171575 17 7 7 2
26 171575 17 0 2 526
27 171575 17 1 2 526
28 171575 17 10 9 1317
29 171575 17 6 8 1
30 171575 17 9 8 1
31 171575 17 6 1 88
32 201395 21 4 1 31
33 201395 21 3 0 51960
34 201395 21 4 8 86
35 201395 21 3 1 17
36 201395 21 3 8 86
37 209292 25 4 0 1977
38 217469 27 6 0 130
39 217469 27 3 0 130
40 237045 29 10 3 99
41 237045 29 2 3 99
42 243481 31 5 7 2070
43 246125 32 0 4 14
44 247529 35 7 10 74
45 259554 37 0 9 2107
46 259554 37 6 10 4
47 271896 39 10 5 6
48 289428 44 1 7 1307
49 289428 44 1 2 89
50 289428 44 1 9 19650
51 290691 45 6 6 1063
52 302157 50 9 3 14
53 382307 51 7 7 5
54 382307 51 9 2 5
55 382307 51 8 0 21
56 382307 51 5 3 15
57 382307 51 9 6 5
58 382307 51 7 9 1
59 382307 51 2 9 1
60 382307 51 10 0 64
61 382307 51 7 4 15
62 382307 51 0 2 10
63 384541 54 9 10 4501
64 431384 59 1 1 67
65 431384 59 5 1 22
66 431384 59 2 3 5
67 431384 59 1 10 3
68 431384 59 5 0 2
69 439383 61 10 2 24
70 440996 63 8 5 77
71 457690 68 5 4 1
72 457690 68 3 4 3
73 484170 72 6 4 12101
74 534787 75 7 9 1
75 534787 75 3 9 1
76 534787 75 2 3 33
77 534787 75 3 1 591
78 534787 75 0 5 115
79 534787 75 1 2 778
80 534787 75 4 5 115
81 534787 75 6 10 7
82 534787 75 6 8 68
83 547043 81 0 6 119
84 614865 84 7 0 7
85 614865 84 2 6 2
86 614865 84 3 8 1
87 614865 84 2 5 71
88 614865 84 3 9 1
89 614865 84 6 10 10
90 614865 84 4 1 120
91 614865 84 6 3 17
92 614865 84 4 3 4
93 615047 85 8 6 404
94 638855 91 8 2 550
95 649175 94 8 5 756
96 649175 94 0 5 1513
97 699619 99 7 6 5
98 699619 99 9 0 203
99 699619 99 7 10 3070
100 699619 99 9 4 28
101 699619 99 0 6 10
102 699619 99 0 3 63
103 699619 99 7 8 5
104 763240 102 7 10 21
105 763240 102 7 7 1
106 763240 102 8 1 91
107 763240 102 0 0 35
108 763240 102 1 7 2
109 763240 102 5 2 483
110 763240 102 2 4 4
111 763240 102 0 8 14609
112 774349 104 4 1 18
113 805529 108 8 0 226
114 805529 108 2 3 69
115 805529 108 5 10 3
116 805529 108 8 10 3
117 805529 108 0 6 7
118 805529 108 2 2 1
119 809413 110 3 3 4665
120 809413 110 3 8 100
121 809413 110 3 0 197
122 809413 110 3 1 64
123 809584 111 4 0 2184
124 821132 116 2 10 8305
125 821132 116 2 8 217
126 829043 117 0 5 160
127 829043 117 0 6 1374
128 829043 117 0 3 30
129 838376 118 10 5 16
130 838376 118 5 7 55
131 866457 129 4 10 22
132 897772 136 8 0 2006
133 897772 136 8 8 31
134 948996 137 10 4 896
135 948996 137 3 0 8
136 948996 137 6 7 198
137 948996 137 2 3 9
138 948996 137 4 0 56
139 949835 138 9 5 109
140 954156 139 8 1 504
141 954156 139 2 1 25
142 954172 140 7 4 142
143 964665 143 0 7 238
144 964665 143 0 8 4
145 989726 150 2 6 229
146 990790 151 5 9 3
147 1048084 154 3 9 11
148 1048084 154 0 7 642
149 1048084 154 1 0 2
150 1048084 154 8 4 10
151 1048084 154 1 7 642
152 1048084 154 3 3 28
153 1048084 154 9 4 10
154 1048084 154 5 10 2
155 1048084 154 9 8 21
156 1048084 154 2 2 249
157 1048084 154 2 1 33
158 1048084 154 10 5 139
159 1051480 156 2 8 23
160 1054565 159 1 4 95
161 1113658 160 7 5 5
162 1113658 160 1 2 210
163 1113658 160 8 10 5
164 1113658 160 0 9 9
165 1113658 160 9 2 210
166 1113658 160 6 1 1
167 1115892 161 0 8 17
168 1135930 162 6 10 5
169 1135930 162 0 7 1351
170 1135930 162 3 1 1445
171 1135930 162 8 6 14
172 1146417 165 8 3 93
173 1146417 165 9 5 110
174 1146417 165 1 5 110
175 1150028 168 5 2 15
176 1150028 168 2 2 15
177 1150028 168 8 2 30
178 1158960 170 3 10 19
179 1164428 172 7 8 29
180 1175269 174 5 2 9
181 1175269 174 1 2 9
182 1176380 175 2 6 13
183 1197286 177 0 9 9
184 1200299 180 5 0 216
185 1205844 184 1 6 21
186 1212649 187 7 2 8
187 1213231 188 4 10 27
188 1227011 192 3 1 640
189 1227011 192 3 5 27522
190 1227413 193 5 3 108
191 1228617 194 3 3 63
192 1230634 196 9 4 86
193 1277536 198 9 1 4
194 1277536 198 9 2 2
195 1277536 198 5 9 31
196 1277536 198 7 8 11
197 1282990 202 3 4 167
198 1282990 202 3 2 18
199 1296800 203 8 0 228
200 1296800 203 7 1 21
201 1296800 203 7 10 2495
202 1297575 204 9 0 97
203 1299562 205 3 2 11780
204 1300928 206 3 6 88
205 1309127 209 1 5 39
206 1323060 210 6 3 1
207 1323060 210 10 3 1
208 1323060 210 5 3 7
209 1332384 217 7 4 13
210 1343276 224 3 2 49443
211 1371444 229 6 1 1
212 1399459 230 0 5 11
213 1399459 230 8 10 2
214 1399459 230 8 4 78
215 1399459 230 3 9 29
216 1399459 230 3 10 5
217 1399459 230 8 2 48
218 1403901 232 6 5 18
219 1453766 233 3 2 4
220 1453766 233 7 10 160
221 1453766 233 2 2 4
222 1453766 233 10 7 1
223 1453766 233 6 1 4
224 1453766 233 8 10 9
225 1461395 236 9 6 55
226 1478112 237 10 0 18
227 1479369 238 3 7 58456
228 1487320 239 0 1 9
229 1487320 239 9 1 9
230 1543209 241 3 1 18
231 1543209 241 3 0 9
232 1543209 241 9 0 9
233 1549503 247 9 7 2966
234 1551752 249 7 5 43
235 1553027 251 2 5 87
236 1585642 259 5 5 85
237 1585642 259 7 1 2675
238 1585642 259 9 3 623
239 1585642 259 6 3 623
240 1585757 260 0 8 471
241 1647348 262 4 5 1
242 1647348 262 0 6 8
243 1647348 262 8 6 43
244 1647348 262 3 7 1
245 1647348 262 2 2 6
246 1647348 262 0 8 21
247 1647348 262 0 0 19
248 1647348 262 8 0 9
249 1659547 266 5 10 10
250 1668360 269 4 10 438
251 1668360 269 4 1 4881
252 1669822 270 8 3 19537
253 1674954 271 7 7 34
254 1677102 274 8 9 85
255 1698261 285 4 9 314
256 1698261 285 4 7 350
257 1699035 286 10 1 210
258 1795574 287 7 2 3
259 1795574 287 2 7 12118
260 1795574 287 4 1 3
261 1795574 287 6 6 316
262 1795574 287 3 10 15
263 1795574 287 1 7 807
264 1795574 287 6 8 5
265 1795574 287 1 5 2
266 1795574 287 1 0 5
267 1795574 287 0 1 6
268 1795574 287 10 6 24
269 1795574 287 6 3 11
270 1795574 287 7 0 74
271 1831852 291 4 6 2047
272 1831852 291 9 1 256
273 1831852 291 2 5 25
274 1831852 291 2 6 1228
275 1831852 291 0 8 26
276 1831852 291 9 5 25
277 1865107 292 4 10 1
278 1865107 292 10 8 3054
279 1888020 298 1 9 8
280 1891850 301 1 6 4864
281 1893004 302 2 8 113
282 1929486 303 4 2 1892
283 1929486 303 10 2 1892
284 1929486 303 4 0 158
285 1929486 303 3 6 5173
286 1929486 303 9 8 649
287 1929486 303 9 9 409
288 1929486 303 4 7 3
289 1952379 304 3 4 11
290 1952379 304 2 8 40
291 1958918 307 4 4 476
292 1958918 307 0 4 476
293 1966554 308 6 8 78
294 1970333 310 10 6 6
295 1970333 310 0 7 73
296 1976724 311 3 10 57
297 1977844 313 3 2 18
298 2031513 317 8 8 83
299 2031513 317 0 10 55
300 2031513 317 0 4 10
301 2031513 317 9 8 167
302 2050322 324 3 10 24
303 2050322 324 1 5 7
304 2079678 328 8 5 297
305 2079678 328 2 0 3
306 2079678 328 10 5 297
307 2088193 330 0 10 1364
308 2088193 330 0 3 9862
309 2088373 332 2 8 19
310 2088830 333 3 5 304
311 2095176 335 1 6 179
312 2102664 337 4 8 4762
313 2102664 337 4 10 50
314 2118065 339 0 5 190
315 2141416 340 8 3 126
316 2141416 340 9 1 3
317 2141416 340 3 0 20
318 2141416 340 5 2 3
319 2153926 346 3 5 489
320 2158044 349 5 6 568
321 2169881 353 0 7 193
322 2169881 353 0 9 9
323 2169881 353 0 5 7115
324 2169881 353 0 8 90
325 2176407 358 1 8 49
326 2188777 362 6 3 357
327 2192297 364 4 6 40
328 2211535 369 9 7 1
329 2211535 369 6 0 34
330 2211535 369 2 9 869
331 2234096 370 7 3 10
332 2234096 370 3 2 1
333 2234096 370 0 5 1
334 2238235 374 7 10 23
335 2256678 380 10 9 703
336 2259626 383 4 6 187
337 2264042 386 0 3 488
338 2267220 387 3 9 1
339 2282708 388 0 3 9366
340 2282708 388 7 8 88
341 2282708 388 7 7 30
342 2282708 388 7 4 84
343 2282708 388 0 5 38
344 2337046 390 5 7 3
345 2337046 390 9 0 14
346 2337046 390 6 1 6
347 2337046 390 9 8 2301
348 2337046 390 7 6 114
349 2337046 390 0 0 14
350 2356418 392 3 0 19
351 2356418 392 7 5 1283
352 2356418 392 7 4 427
353 2358925 393 8 1 46
354 2425598 395 1 7 41
355 2425598 395 4 8 33
356 2425598 395 3 0 440
357 2430358 396 3 1 405
358 2430358 396 8 1 405
359 2461483 402 9 4 6
360 2461483 402 2 0 126
361 2461483 402 2 7 17
362 2465866 405 7 5 15
363 2470269 406 4 0 35
364 2480021 407 2 3 139
365 2480021 407 2 10 6135
366 2526698 409 6 3 65
367 2526698 409 6 2 3
368 2526698 409 6 10 15
369 2526698 409 1 1 1084
370 2526698 409 1 0 528
371 2526698 409 2 6 1
372 2526698 409 5 4 2
373 2526698 409 10 10 10
374 2526698 409 5 3 3
375 2526698 409 5 0 528
376 2552077 413 2 7 32
377 2552077 413 2 3 25
378 2552077 413 9 1 56
379 2561807 420 9 10 64
380 2561807 420 6 1 29
381 2572462 422 10 3 54
382 2582407 424 7 2 215
383 2665531 428 9 6 1
384 2665531 428 7 2 2
385 2665531 428 5 2 1
386 2665531 428 4 2 1
387 2665531 428 5 7 1
388 2665531 428 8 1 7352
389 2665531 428 1 2 17
390 2665531 428 10 9 1
391 2665531 428 8 6 1
392 2665531 428 9 8 2
393 2665531 428 6 3 3
394 2665531 428 1 5 822
395 2665627 429 0 6 415
396 2712140 430 1 1 2103
397 2712140 430 2 2 18
398 2712140 430 3 4 7
399 2712140 430 10 3 29
400 2712140 430 2 10 2
401 2712140 430 0 2 18
402 2712140 430 1 8 4
403 2712140 430 2 8 2
404 2712140 430 9 8 1
405 2712140 430 4 4 3
406 2714644 431 6 0 184
407 2725562 437 8 1 4733
408 2734471 443 6 6 1210
409 2747984 452 8 10 147
410 2747984 452 5 10 36
411 2751417 455 5 0 30
412 2788961 457 5 6 6
413 2788961 457 2 0 8
414 2788961 457 4 4 1
415 2788961 457 0 7 1
416 2788961 457 5 1 53
417 2792895 458 4 4 1978
418 2806604 460 1 3 39
419 2806604 460 1 4 4695
420 2842647 461 7 6 614
421 2842647 461 6 6 122
422 2842647 461 4 7 1
423 2842647 461 4 8 9
424 2842647 461 8 0 1
425 2842647 461 4 6 122
426 2842647 461 10 9 7
427 2842647 461 1 6 122
428 2842647 461 5 6 122
429 2960544 466 5 6 8
430 2960544 466 0 4 2609
431 2960544 466 6 3 1801
432 2960544 466 7 2 50
433 2960544 466 3 6 8
434 2960544 466 1 4 217
435 2960544 466 8 3 1801
436 2960544 466 3 5 1
437 2960544 466 3 10 2
438 2960544 466 2 1 5
439 2960544 466 0 2 50
440 2960544 466 1 6 4
441 2960544 466 7 9 12
442 2960544 466 1 1 2
443 2960544 466 1 10 2
444 2960544 466 0 8 1
445 2960544 466 6 10 2
446 2960544 466 7 0 15
447 2988508 467 10 7 23
448 2988508 467 10 9 8
449 2996184 468 7 9 22
450 3004328 471 1 10 923
451 3004328 471 6 10 923
452 3012165 472 0 0 7
453 3043840 473 9 8 52
454 3043840 473 7 3 14
455 3043840 473 9 2 7
456 3043840 473 5 2 23
457 3043840 473 3 6 5
458 3043840 473 5 3 14
459 3043840 473 0 2 7
460 3141926 475 5 3 1
461 3141926 475 9 0 1
462 3141926 475 6 5 2
463 3141926 475 1 4 1
464 3141926 475 4 10 5
465 3141926 475 4 1 6
466 3141926 475 7 4 1
467 3141926 475 10 0 1
468 3141926 475 4 5 5
469 3141926 475 2 10 51
470 3141926 475 0 0 2
471 3141926 475 0 8 7
472 3141926 475 9 7 9
473 3141926 475 0 10 10
474 3141926 475 4 4 1
475 3141926 475 2 9 5
476 3141926 475 1 2 13
477 3141926 475 6 10 10
478 3141926 475 1 5 13
479 3141926 475 4 2 3
480 3142933 476 6 10 30
481 3152497 477 2 7 60
482 3163471 480 5 8 224
483 3166738 483 10 10 8
484 3167129 484 3 10 209
485 3191057 489 3 7 5
486 3191057 489 8 9 31
487 3199646 497 9 7 51
488 3290448 498 6 5 175
489 3290448 498 7 4 50
490 3290448 498 10 0 21
491 3290448 498 2 0 10
492 3290448 498 7 10 39
493 3290448 498 6 8 514
494 3290448 498 0 6 1
495 3290448 498 7 6 1
496 3290448 498 5 10 13
497 3290448 498 3 10 13
498 3290448 498 3 3 1
499 3290448 498 10 2 4
500 3290448 498 8 10 26
501 3290448 498 5 2 9
502 3290448 498 7 7 29
503 3290448 498 10 5 175
504 3290448 498 0 4 50
505 3290448 498 10 7 7
506 3290448 498 7 9 18
507 3290448 498 1 3 1
508 3290448 498 6 7 7
509 3298074 499 7 10 10
510 3298074 499 7 7 71
511 3298074 499 7 3 51
512 3298074 499 7 9 100
513 3302221 503 1 1 6017
514 3305424 504 0 10 30
515 3358369 507 8 9 7
516 3358369 507 5 0 12
517 3358369 507 6 8 26
518 3358369 507 10 2 11
519 3358369 507 10 0 3
520 3360948 509 2 1 115
521 3379164 510 6 6 71
522 3379164 510 6 5 3
523 3434564 513 3 7 5
524 3434564 513 1 6 240
525 3434564 513 6 3 21
526 3434564 513 4 3 5
527 3434564 513 1 2 6
528 3434564 513 5 6 80
529 3434564 513 5 7 35
530 3434564 513 6 6 80
531 3434564 513 2 2 30
532 3445954 516 8 3 12
533 3452119 525 2 7 173
534 3470940 535 2 1 59
535 3470940 535 8 7 12
536 3473324 537 10 10 11
537 3473324 537 5 10 11
538 3473324 537 7 10 11
539 3473324 537 4 10 11
540 3474093 538 4 8 3
541 3475490 539 9 1 15
542 3496906 547 4 1 2357
543 3496906 547 4 0 5771
544 3496906 547 4 5 7822
545 3498897 549 8 5 792
546 3505972 550 5 6 6
547 3619153 555 8 7 7
548 3619153 555 1 2 876
549 3619153 555 5 8 7
550 3619153 555 7 3 202
551 3619153 555 0 3 202
552 3619153 555 8 6 23
553 3619153 555 2 6 94
554 3619153 555 0 7 3
555 3619153 555 3 4 829
556 3619153 555 4 2 4380
557 3654133 556 9 0 1
558 3654133 556 8 0 1
559 3654133 556 3 1 1
560 3654133 556 8 1 1
561 3654133 556 5 1 2
562 3654133 556 9 10 335
563 3654133 556 9 5 3164
564 3672107 558 1 3 9246
565 3673465 559 1 0 608
566 3675783 560 10 2 45
567 3687999 562 10 8 7631
568 3687999 562 10 10 8302
569 3697268 563 10 1 192
570 3697268 563 10 8 1666
571 3697268 563 10 6 1067
572 3742835 569 3 6 1
573 3742835 569 10 7 1
574 3742835 569 5 5 1
575 3742835 569 4 2 52
576 3742835 569 8 7 1
577 3742835 569 6 3 21
578 3742835 569 6 10 12
579 3742835 569 1 8 8
580 3742835 569 7 2 26
581 3742835 569 9 6 87
582 3742835 569 9 0 26
583 3743751 571 7 7 16
584 3780889 576 6 6 9
585 3780889 576 1 0 51
586 3780889 576 6 1 1
587 3780889 576 1 9 73
588 3786911 580 3 8 25
589 3803347 582 4 7 3007
590 3811940 583 6 7 1421
591 3820603 589 4 5 342
592 3833966 597 7 4 43
593 3839535 601 6 10 6424
594 3865996 602 6 1 81
595 3866683 603 2 10 133
596 3878647 606 10 8 31
597 3878647 606 10 2 49
598 3879008 607 10 9 5247
599 3890488 611 7 6 205
600 3890488 611 8 8 990
601 3890488 611 0 2 43
602 3890488 611 10 6 205
603 3890488 611 5 6 4930
604 3974572 612 7 8 8
605 3974572 612 9 8 8
606 3974572 612 2 8 8
607 3974572 612 5 3 1
608 3974572 612 7 7 5079
609 3974572 612 2 6 40
610 3974572 612 5 2 448
611 3974572 612 5 4 80
612 3974572 612 2 4 80
613 3974572 612 8 3 1
614 3974572 612 10 5 3603
615 3974572 612 9 2 1346
616 3974572 612 6 0 71
617 3974572 612 6 2 448
618 3974572 612 7 5 120
619 3974572 612 1 2 897
620 3974572 612 9 1 13
621 3981641 613 3 7 12697
622 4061070 616 3 1 1
623 4061070 616 5 7 200
624 4061070 616 9 9 8
625 4061070 616 6 10 2564
626 4061070 616 6 3 145
627 4061070 616 5 8 1
628 4061070 616 4 0 12359
629 4061070 616 2 3 83
630 4061070 616 4 3 20
631 4061070 616 1 6 36
632 4061070 616 9 8 1
633 4061070 616 0 2 11
634 4061070 616 1 3 20
635 4061070 616 4 4 78
636 4061070 616 10 9 2
637 4061070 616 10 6 36
638 4074772 621 6 8 18
639 4077031 624 9 5 2839
640 4088191 626 2 7 117
641 4099447 628 1 3 228
642 4099447 628 1 1 107
643 4107969 631 7 6 351
644 4127829 633 5 8 159
645 4136513 635 5 1 1250
646 4136513 635 5 2 135
647 4141584 637 6 10 40
648 4141584 637 10 10 8
649 4146951 638 2 6 40
650 4197055 644 7 3 21
651 4197055 644 9 10 2
652 4197055 644 8 10 22
653 4197055 644 7 5 10
654 4197055 644 2 9 27
655 4197055 644 1 0 8
656 4199422 646 5 9 12
657 4200404 647 3 3 1338
658 4213219 661 4 0 26
659 4220890 668 5 2 183
660 4287801 671 0 7 1
661 4287801 671 8 7 1
662 4287801 671 8 2 6
663 4287801 671 6 0 1
664 4287801 671 1 7 1
665 4287801 671 4 7 1
666 4287801 671 6 7 1
667 4287801 671 4 3 61
668 4301157 675 2 3 19475
669 4308063 678 8 9 660
670 4308443 680 10 8 3319
671 4315825 681 0 4 2639
672 4368981 683 8 6 10
673 4368981 683 0 5 12
674 4368981 683 6 10 16
675 4368981 683 7 8 11
676 4368981 683 10 7 1097
677 4368981 683 3 0 1
678 4368981 683 3 2 4582
679 4368981 683 0 9 15
680 4368981 683 4 9 123
681 4368981 683 8 7 548
682 4373691 687 5 8 7
683 4373894 688 7 4 43
684 4384700 689 6 10 48
685 4411940 690 8 10 16
686 4411940 690 0 8 150
687 4413101 691 10 2 74
688 4435255 692 7 10 12
689 4435255 692 6 7 181
690 4435255 692 10 0 2
691 4442788 693 8 5 224
692 4547860 695 10 10 1
693 4547860 695 5 3 4
694 4547860 695 5 7 8
695 4547860 695 10 7 1
696 4547860 695 4 0 21
697 4547860 695 0 1 3
698 4547860 695 5 8 1
699 4547860 695 1 5 7
700 4547860 695 3 7 5
701 4547860 695 2 5 7
702 4547860 695 7 4 1
703 4547860 695 2 6 1
704 4547860 695 6 0 64
705 4547860 695 6 3 4
706 4547860 695 1 0 42
707 4547860 695 2 9 1503
708 4547860 695 3 3 4
709 4547860 695 1 3 4
710 4552145 697 1 6 1569
711 4576113 698 2 0 22
712 4576113 698 2 2 153
713 4576113 698 10 3 1526
714 4576113 698 2 10 32
715 4576767 699 8 8 218
716 4588807 701 7 2 15
717 4588807 701 4 2 3
718 4609400 702 0 4 649
719 4609400 702 0 5 112
720 4609400 702 0 9 6
721 4609400 702 3 1 61
722 4630183 703 9 5 40
723 4630183 703 9 4 57
724 4630183 703 2 5 40
725 4630183 703 2 6 38
726 4630183 703 9 6 38
727 4630183 703 9 8 52
728 4630183 703 2 0 74
729 4647710 710 3 3 119
730 4659883 714 10 2 29274
731 4659883 714 5 4 563
732 4662879 716 3 10 175
733 4702347 718 7 3 15
734 4702347 718 8 9 31
735 4702347 718 6 3 15
736 4702347 718 10 1 6
737 4702347 718 0 7 5
738 4702347 718 10 4 275
739 4702347 718 10 10 10
740 4720893 723 6 7 16
741 4727980 724 6 10 39
742 4741888 731 3 10 2
743 4765539 732 4 5 13
744 4765539 732 0 3 15
745 4765539 732 4 3 39
746 4765539 732 5 3 31
747 4765539 732 0 0 3
748 4765539 732 9 6 4
749 4789769 735 6 2 5
750 4789769 735 6 7 1348
751 4789769 735 9 0 35
752 4789769 735 9 4 153
753 4789769 735 6 1 62
754 4789769 735 6 9 10
755 4797473 737 0 0 44
756 4806790 739 10 10 132
757 4806790 739 10 5 86
758 4862408 741 5 9 14
759 4862408 741 8 10 2
760 4862408 741 6 5 22
761 4862408 741 1 1 989
762 4862408 741 1 10 2
763 4862408 741 4 10 8
764 4873003 744 8 7 169
765 4884467 749 9 5 1
766 4884467 749 5 4 26
767 4933370 751 0 2 119
768 4933370 751 7 4 13
769 4933370 751 1 10 51
770 4933370 751 4 4 54
771 4933370 751 7 6 55
772 4933370 751 2 5 25
773 4933370 751 4 7 10
774 4942247 752 1 0 168
775 4942247 752 7 9 1
776 4954805 755 9 7 346
777 4968398 757 8 1 38
778 4968398 757 7 0 7
779 4968398 757 1 5 578
780 4968904 758 6 1 123
781 4972509 760 5 0 1472
782 4976038 761 2 5 45
783 4977156 762 9 1 36
784 5007758 766 6 10 15
785 5007758 766 2 6 14
786 5007758 766 5 7 7
787 5007758 766 10 6 14
788 5007758 766 5 3 1
789 5007758 766 4 10 7
790 5029296 768 0 4 59
791 5029296 768 0 6 37
792 5029296 768 0 1 41
793 5036346 773 4 10 87
794 5039611 775 9 3 95
795 5043206 777 1 6 75
796 5048986 778 4 9 7
797 5049839 779 2 1 1518
798 5055352 780 3 5 4
799 5055352 780 9 5 34
800 5059525 784 4 10 191
801 5065514 787 6 4 33
802 5069897 791 7 1 1
803 5070038 792 0 8 118
804 5070217 793 4 7 6073
805 5080618 798 4 10 193
806 5080618 798 4 1 2953
807 5080618 798 4 7 28
808 5080618 798 4 3 11778
809 5100249 812 7 5 958
810 5100624 813 10 8 83
811 5107436 815 4 9 128
812 5107856 816 7 10 175
813 5211749 822 10 5 78
814 5211749 822 7 10 1
815 5211749 822 5 3 1
816 5211749 822 3 8 239
817 5211749 822 3 9 9
818 5211749 822 7 9 3
819 5211749 822 4 9 1
820 5211749 822 3 2 3
821 5211749 822 5 2 3
822 5211749 822 1 7 276
823 5211749 822 0 2 3
824 5211749 822 7 0 1
825 5211749 822 4 4 28
826 5211749 822 2 8 3838
827 5211749 822 2 10 1
828 5211749 822 5 0 16
829 5211749 822 6 1 1
830 5288178 823 9 7 751
831 5288178 823 10 5 599
832 5288178 823 3 6 282
833 5288178 823 2 1 969
834 5288178 823 9 4 7107
835 5288178 823 5 1 969
836 5288178 823 2 0 8
837 5288178 823 5 9 1
838 5288178 823 8 2 6
839 5288178 823 1 2 6
840 5290114 824 0 10 47
841 5312401 825 7 1 19
842 5312401 825 5 5 16
843 5312401 825 1 1 19
844 5326138 830 3 9 16
845 5354942 834 7 0 177
846 5359042 837 8 9 19
847 5377417 844 2 9 283
848 5377417 844 1 9 851
849 5387623 846 5 4 14
850 5388961 849 7 10 39
851 5389378 850 9 6 662
852 5391918 852 2 9 48
853 5397033 856 3 4 30
854 5405548 857 9 4 62
855 5405548 857 9 9 69
856 5406987 858 7 2 1
857 5413895 859 6 5 14093
858 5422112 861 3 8 8
859 5429742 863 6 10 99
860 5481555 864 3 8 113
861 5481555 864 3 10 172
862 5481555 864 5 8 113
863 5481555 864 5 9 35
864 5481555 864 3 6 4
865 5481555 864 10 8 113
866 5481555 864 10 7 1
867 5481555 864 1 8 226
868 5482537 866 10 3 552
869 5495414 871 10 9 7
870 5495414 871 1 9 3
871 5508737 874 2 0 171
872 5508737 874 2 5 668
873 5516550 879 1 5 24
874 5523570 883 1 6 102
875 5565238 886 3 8 20
876 5565238 886 1 9 2254
877 5565238 886 4 6 555
878 5565238 886 8 8 20
879 5565238 886 10 7 1
880 5565238 886 2 7 4
881 5565238 886 8 0 29
882 5565238 886 1 3 48
883 5572747 888 10 5 109
884 5574924 889 6 2 173
885 5575692 890 8 10 13
886 5578357 892 10 7 320
887 5614798 894 9 3 12
888 5614798 894 0 5 1
889 5614798 894 7 8 1
890 5614798 894 0 10 33
891 5614798 894 0 2 11
892 5614798 894 3 9 35
893 5639102 896 4 2 38
894 5650661 899 6 6 12658
895 5650661 899 6 8 4891
896 5650661 899 6 2 250
897 5657256 901 10 3 7420
898 5669769 903 1 2 22
899 5669769 903 1 7 111
900 5694993 907 2 4 4
901 5694993 907 4 6 136
902 5703226 909 9 7 11407
903 5720748 913 1 2 19
904 5727763 916 0 3 49
905 5731134 918 1 8 100
906 5741540 921 3 9 79
907 5764267 926 7 7 22675
908 5861022 929 6 7 4
909 5861022 929 6 4 878
910 5861022 929 5 8 4
911 5861022 929 1 2 12
912 5861022 929 8 1 1
913 5861022 929 7 8 14
914 5861022 929 9 6 381
915 5861022 929 1 4 878
916 5861022 929 0 1 2
917 5861022 929 0 2 4
918 5861022 929 2 10 30
919 5861022 929 1 8 4
920 5861022 929 9 10 2
921 5861022 929 3 7 2
922 5861022 929 3 1 1
923 5861022 929 8 7 6
924 5861022 929 4 0 7
925 5861022 929 0 9 8
926 5861022 929 2 4 2635
927 5861022 929 3 8 4
928 5861022 929 3 4 878
929 5861022 929 7 1 18
930 5917310 930 1 10 683
931 5917310 930 10 5 22
932 5917310 930 0 1 28
933 5917310 930 3 0 2492
934 5917310 930 2 6 13
935 5917310 930 0 7 10
936 5917310 930 2 0 2492
937 5968142 931 1 6 8
938 5968142 931 7 5 2443
939 5968142 931 5 5 349
940 5968142 931 6 3 24
941 5968142 931 6 9 2119
942 6001779 932 0 10 23
943 6001779 932 5 3 13
944 6001779 932 7 9 9
945 6007549 935 6 1 1573
946 6010854 938 9 5 48
947 6016975 939 4 8 42789
948 6016975 939 8 8 28526
949 6022403 940 0 10 1313
950 6022403 940 0 5 111
951 6112539 941 5 6 2
952 6112539 941 8 0 5
953 6112539 941 0 7 1
954 6112539 941 9 2 8
955 6112539 941 5 4 1
956 6112539 941 9 8 1
957 6112539 941 1 7 1
958 6112539 941 9 7 1
959 6112539 941 6 0 5
960 6112539 941 5 0 5
961 6112539 941 10 7 2
962 6112539 941 9 5 13
963 6112539 941 0 9 1305
964 6112539 941 8 2 2
965 6112539 941 6 10 18
966 6112539 941 0 2 2
967 6112539 941 3 7 2
968 6112539 941 10 5 13
969 6112539 941 3 3 2
970 6112539 941 4 2 10
971 6127330 949 6 4 3132
972 6135747 950 3 8 7
973 6143650 957 8 9 17
974 6143716 958 3 3 2
975 6156989 960 7 1 1039
976 6165715 961 1 5 343
977 6232449 967 6 9 2
978 6232449 967 6 2 15
979 6232449 967 4 3 16
980 6232449 967 7 5 7
981 6232449 967 5 3 4
982 6232449 967 7 0 29
983 6232449 967 1 4 29
984 6232449 967 7 8 44
985 6232449 967 1 3 4
986 6232449 967 0 4 14
987 6232449 967 7 4 14
988 6240851 970 4 3 16276
989 6240851 970 8 4 16
990 6240851 970 10 6 74
991 6252450 972 10 4 228
992 6252450 972 10 9 152
993 6272199 975 10 8 1
994 6280554 979 4 7 105
995 6283835 980 7 10 306
996 6283835 980 2 10 102
997 6291622 988 8 4 7153
998 6302828 993 4 0 4812
999 6316768 994 5 5 16
