11 350 1000
0 17217 0 1 8 28
1 65710 3 10 0 2396
2 65710 3 5 10 935
3 65710 3 5 6 284
4 77233 5 9 8 2075
5 120112 9 1 4 2
6 120112 9 7 2 19
7 120112 9 1 6 23
8 120112 9 4 1 2
9 120112 9 7 5 35
10 120112 9 1 1 4
11 127449 10 5 1 870
12 168617 13 1 1 265
13 168617 13 8 4 340
14 168617 13 5 5 13
15 168617 13 10 5 13
16 168617 13 3 4 1361
17 168617 13 6 4 340
18 169988 15 3 6 109
19 174347 16 9 4 3
20 220596 17 1 2 526
21 220596 17 2 2 8942
22 220596 17 9 8 1
23 220596 17 2 4 12
24 220596 17 1 8 1
25 230164 18 1 10 164
26 258936 21 3 1 17
27 260621 22 6 5 14781
28 264353 24 7 4 6073
29 304772 29 2 6 2425
30 313047 31 4 6 1
31 313047 31 1 6 46
32 316447 32 0 4 14
33 318252 35 7 5 100
34 333713 37 4 0 25
35 363714 41 10 7 58
36 363714 41 10 2 50
37 365523 43 5 8 154
38 372122 44 1 7 1307
39 388488 50 9 3 14
40 491538 51 5 0 10
41 491538 51 5 3 15
42 491538 51 8 8 1
43 491538 51 0 6 1
44 491538 51 9 10 1
45 491538 51 9 6 5
46 491538 51 3 8 13
47 491538 51 0 10 1
48 491538 51 5 1 15
49 491538 51 7 4 15
50 491538 51 8 7 5
51 491538 51 7 2 5
52 492916 53 4 10 10
53 503415 58 1 2 7830
54 554637 59 1 7 13
55 554637 59 5 7 26
56 554637 59 8 7 6
57 554637 59 1 3 5
58 554637 59 5 5 28
59 564921 61 2 1 230
60 583979 66 0 2 233
61 583979 66 0 3 61
62 607051 70 10 8 21
63 607051 70 8 8 21
64 607051 70 3 10 99
65 622504 72 6 1 5
66 687583 75 2 4 1
67 687583 75 4 2 7002
68 687583 75 3 5 115
69 687583 75 8 9 1
70 687583 75 2 5 577
71 687583 75 4 7 4
72 687583 75 1 8 1
73 687583 75 4 8 1
74 687583 75 2 8 1
75 698171 78 6 1 47
76 703342 81 0 6 119
77 790540 84 10 6 1
78 790540 84 3 3 8
79 790540 84 4 4 5
80 790540 84 2 8 1
81 790540 84 10 9 1
82 790540 84 4 2 694
83 811912 89 7 1 10154
84 837198 95 3 1 49
85 838983 96 0 5 44
86 851788 97 4 9 1843
87 851788 97 6 9 1843
88 899510 99 9 7 12
89 899510 99 0 4 28
90 899510 99 9 4 28
91 899510 99 7 7 12
92 899510 99 9 6 70
93 899510 99 0 2 19
94 981309 102 3 7 1
95 981309 102 9 10 21
96 981309 102 5 5 14
97 981309 102 7 2 483
98 981309 102 6 5 14
99 981309 102 2 4 4
100 981309 102 4 6 1
101 981309 102 6 8 14609
102 981309 102 0 2 483
103 981309 102 7 4 16
104 989123 103 0 5 6
105 995592 104 4 3 2306
106 995592 104 4 0 1
107 995592 104 4 7 132
108 1035680 108 3 2 1
109 1035680 108 7 4 34
110 1035680 108 7 0 3619
111 1035680 108 5 10 3
112 1035680 108 3 6 15
113 1040674 110 3 5 196
114 1043770 113 10 6 349
115 1055742 116 2 5 254
116 1055742 116 2 0 61
117 1077912 118 5 7 55
118 1077912 118 7 5 16
119 1091736 126 0 0 119
120 1091736 126 3 0 39
121 1112445 127 0 9 22699
122 1112445 127 0 7 4651
123 1112445 127 0 5 244
124 1133665 134 6 3 3
125 1154278 136 8 1 94
126 1154278 136 8 9 9
127 1154278 136 8 7 14
128 1220138 137 3 9 2136
129 1220138 137 7 10 1559
130 1220138 137 2 8 4
131 1220138 137 4 1 25
132 1220138 137 2 10 890
133 1220138 137 5 6 2
134 1257865 146 4 3 36
135 1272505 150 2 6 229
136 1272505 150 2 8 12718
137 1347536 154 1 0 2
138 1347536 154 7 7 642
139 1347536 154 10 10 1
140 1347536 154 1 7 642
141 1347536 154 9 5 69
142 1347536 154 9 4 10
143 1347536 154 3 2 249
144 1347536 154 8 1 5
145 1431846 160 0 0 35
146 1431846 160 10 8 306
147 1431846 160 8 4 9
148 1431846 160 9 3 10
149 1431846 160 4 6 5
150 1431846 160 3 9 4
151 1431846 160 6 9 4
152 1431846 160 8 5 11
153 1431846 160 0 5 35
154 1431846 160 2 2 210
155 1431846 160 0 10 5
156 1460481 162 5 0 1899
157 1460481 162 7 3 382
158 1460481 162 2 1 2890
159 1460481 162 10 3 382
160 1460481 162 3 0 1899
161 1460481 162 8 6 14
162 1460757 163 4 3 297
163 1490092 170 3 7 102
164 1497122 172 4 10 18
165 1497122 172 4 2 54
166 1511060 174 1 3 36
167 1511060 174 0 7 14
168 1539368 177 3 8 268
169 1539368 177 0 2 189
170 1539368 177 3 4 23
171 1539368 177 3 6 172
172 1539368 177 0 9 9
173 1539368 177 0 0 89
174 1539368 177 3 0 359
175 1546810 183 4 0 35
176 1550372 184 3 5 54
177 1552206 185 10 10 36
178 1559120 187 9 9 71
179 1566513 190 10 10 8155
180 1577586 192 3 0 139
181 1577586 192 3 3 5872
182 1577586 192 3 4 9
183 1577586 192 3 2 14
184 1579651 194 3 3 63
185 1579687 195 5 3 168
186 1642546 198 10 0 5
187 1642546 198 8 9 31
188 1642546 198 1 2 2
189 1642546 198 10 6 111
190 1642546 198 1 1 4
191 1649558 202 3 7 44
192 1667315 203 8 10 2495
193 1667315 203 7 2 64
194 1667315 203 7 7 7494
195 1667315 203 7 3 353
196 1667315 203 8 0 228
197 1667315 203 8 9 59
198 1672622 206 3 6 88
199 1701077 210 0 3 1
200 1701077 210 6 3 1
201 1719800 222 0 7 28
202 1732824 227 5 7 1033
203 1733472 228 9 2 15
204 1763285 229 0 2 616
205 1763285 229 2 1 1
206 1799305 230 3 5 3
207 1799305 230 8 7 2487
208 1802169 231 5 6 6
209 1869128 233 3 7 1
210 1869128 233 10 10 9
211 1869128 233 10 5 4
212 1869128 233 4 1 39
213 1869128 233 8 0 7
214 1869128 233 8 2 4
215 1869128 233 10 7 1
216 1869128 233 8 5 9
217 1900430 237 10 0 18
218 1900430 237 10 5 107
219 1900430 237 4 1 55
220 1912269 239 5 1 9
221 1984125 241 7 9 1226
222 1984125 241 1 7 12
223 1984125 241 9 6 1
224 1984125 241 7 7 6
225 1984125 241 6 9 1226
226 1984125 241 1 9 1226
227 1984125 241 3 0 9
228 1998683 253 0 6 55
229 1999087 254 2 4 52
230 2001152 255 1 1 42
231 2003629 258 3 0 83
232 2038683 259 4 1 891
233 2039093 261 2 6 94
234 2118019 262 4 2 13
235 2118019 262 9 9 15
236 2118019 262 3 3 1
237 2118019 262 3 6 51
238 2129432 264 4 4 5132
239 2129971 265 1 3 69
240 2145034 269 4 5 39
241 2145034 269 4 2 8281
242 2145034 269 4 9 210
243 2146914 270 8 3 19537
244 2172133 282 8 10 44
245 2172133 282 8 4 326
246 2183479 285 4 1 297
247 2183479 285 4 0 5994
248 2308595 287 5 2 28
249 2308595 287 9 7 807
250 2308595 287 8 1 28
251 2308595 287 7 10 15
252 2308595 287 0 5 17
253 2308595 287 1 4 10
254 2308595 287 8 7 1615
255 2308595 287 1 5 2
256 2308595 287 3 3 23
257 2308595 287 2 1 3
258 2308595 287 10 3 5
259 2308595 287 6 9 1
260 2308595 287 9 2 3
261 2308595 287 8 5 2
262 2308595 287 6 0 1
263 2308595 287 0 8 11
264 2308595 287 2 9 1
265 2308595 287 3 8 11
266 2308595 287 4 4 2
267 2308595 287 8 0 13
268 2308595 287 4 2 6
269 2355239 291 5 8 8
270 2355239 291 5 2 3435
271 2355239 291 8 6 409
272 2355239 291 1 2 3435
273 2355239 291 1 7 111
274 2355239 291 5 7 111
275 2355239 291 0 2 3435
276 2355239 291 0 0 33
277 2355239 291 8 3 1267
278 2355239 291 4 1 128
279 2355239 291 9 1 256
280 2355239 291 6 9 731
281 2355239 291 5 0 3
282 2397995 292 10 6 39
283 2397995 292 2 10 1
284 2397995 292 10 9 529
285 2397995 292 6 9 1235
286 2397995 292 4 9 176
287 2397995 292 2 1 197
288 2397995 292 6 10 1
289 2404745 295 5 4 1
290 2427455 298 9 8 8519
291 2427455 298 1 1 12
292 2432378 301 1 6 4864
293 2480768 303 8 1 25
294 2480768 303 0 6 397
295 2480768 303 8 0 1
296 2480768 303 9 6 1193
297 2518609 307 8 4 476
298 2528426 308 6 2 3
299 2528426 308 6 10 9873
300 2533286 310 10 7 73
301 2533286 310 7 6 6
302 2541502 311 3 10 57
303 2611946 317 2 0 4
304 2611946 317 0 4 10
305 2611946 317 4 2 565
306 2611946 317 10 8 83
307 2616631 319 6 10 78
308 2617635 320 5 0 8093
309 2673872 328 2 0 3
310 2673872 328 7 8 44
311 2673872 328 1 8 44
312 2675774 329 4 7 6
313 2675774 329 0 7 2
314 2684820 330 0 7 67
315 2684820 330 0 6 47
316 2684820 330 0 3 9862
317 2684822 331 3 3 56
318 2685051 332 2 8 19
319 2693933 336 9 4 663
320 2703425 337 4 5 11902
321 2703425 337 4 4 1536
322 2723227 339 7 5 95
323 2723227 339 4 10 8843
324 2723227 339 8 3 215
325 2753249 340 2 4 1
326 2753249 340 2 2 3
327 2753249 340 3 4 5
328 2753249 340 5 3 126
329 2774628 349 5 6 568
330 2789848 353 0 2 34
331 2789848 353 0 5 7115
332 2789848 353 0 1 6
333 2798237 358 0 4 7138
334 2798800 359 6 9 55
335 2829515 368 0 7 1327
336 2843402 369 9 7 1
337 2872409 370 0 8 6
338 2872409 370 1 3 30
339 2872409 370 10 8 22
340 2872409 370 9 3 10
341 2901443 380 10 10 14
342 2901443 380 10 0 984
343 2910912 386 8 3 1952
344 2914997 387 3 9 1
345 2934910 388 0 10 199
346 3004774 390 0 9 349
347 3004774 390 3 10 26
348 3004774 390 9 8 2301
349 3004774 390 3 4 27
350 3004774 390 1 0 29
351 3004774 390 10 5 13
352 3004774 390 2 9 6824
353 3004774 390 10 8 767
354 3004774 390 5 10 1
355 3029681 392 5 0 19
356 3029681 392 5 5 1283
357 3033098 394 2 4 16746
358 3118626 395 8 1 33
359 3118626 395 5 8 66
360 3118626 395 9 4 1
361 3118626 395 1 1 24
362 3118626 395 9 5 532
363 3118626 395 10 4 1
364 3118626 395 9 0 440
365 3118626 395 4 9 2555
366 3118626 395 8 8 33
367 3118626 395 2 4 1
368 3118626 395 2 7 1
369 3165921 403 4 8 15143
370 3166285 404 5 0 21
371 3188599 407 2 10 6135
372 3188599 407 2 1 9
373 3188599 407 2 9 3032
374 3188804 408 2 8 119
375 3248611 409 1 4 2
376 3248611 409 10 6 11
377 3248611 409 2 2 23
378 3248611 409 10 10 10
379 3248611 409 6 9 60
380 3248611 409 1 8 13
381 3248611 409 2 7 2
382 3248611 409 5 3 3
383 3281243 413 9 0 144
384 3281243 413 2 0 144
385 3320238 424 7 2 215
386 3320238 424 7 8 143
387 3427112 428 3 4 28
388 3427112 428 8 6 1
389 3427112 428 0 9 1
390 3427112 428 4 9 3
391 3427112 428 8 10 8
392 3427112 428 2 10 25
393 3427112 428 4 5 822
394 3427112 428 2 5 822
395 3427112 428 3 7 97
396 3427112 428 8 9 1
397 3487038 430 0 8 2
398 3487038 430 9 10 15
399 3487038 430 10 4 3
400 3487038 430 0 10 2
401 3487038 430 7 0 2
402 3487038 430 2 3 2
403 3487038 430 4 1 7361
404 3487038 430 1 1 2103
405 3487038 430 5 5 8
406 3505440 439 6 7 114
407 3509530 440 0 3 120
408 3509530 440 6 3 60
409 3515748 443 6 2 42
410 3585807 457 2 10 5
411 3585807 457 10 3 44
412 3590865 458 2 4 1978
413 3608491 460 1 3 39
414 3608491 460 1 10 64
415 3654832 461 6 9 85
416 3654832 461 10 8 9
417 3654832 461 8 10 1
418 3654832 461 9 5 1
419 3654832 461 9 4 42
420 3654832 461 0 2 5
421 3654832 461 4 0 1
422 3806414 466 0 10 6
423 3806414 466 2 10 2
424 3806414 466 7 1 8
425 3806414 466 0 4 2609
426 3806414 466 9 8 1
427 3806414 466 4 6 4
428 3806414 466 0 1 14
429 3806414 466 6 1 2
430 3806414 466 4 10 2
431 3806414 466 4 0 15
432 3806414 466 9 10 12
433 3806414 466 8 5 1
434 3806414 466 7 0 15
435 3806414 466 6 6 16
436 3842367 467 0 9 8
437 3852236 468 7 0 6237
438 3854636 469 6 4 541
439 3856303 470 9 2 75
440 3913509 473 9 3 14
441 3913509 473 6 8 52
442 3913509 473 7 5 68
443 3913509 473 3 7 3
444 4039620 475 10 7 4
445 4039620 475 5 10 25
446 4039620 475 9 7 9
447 4039620 475 10 4 2
448 4039620 475 8 0 1
449 4039620 475 6 8 5
450 4039620 475 9 9 5
451 4039620 475 1 5 13
452 4039620 475 6 10 10
453 4039620 475 4 5 5
454 4039620 475 2 3 1
455 4039620 475 0 2 1
456 4039620 475 2 5 2
457 4039620 475 10 8 5
458 4039620 475 3 8 2
459 4040913 476 6 10 30
460 4053211 477 2 8 74
461 4062808 479 0 9 1
462 4067320 480 8 5 25
463 4068838 482 10 0 122
464 4079858 486 6 3 91
465 4086866 487 5 4 344
466 4102788 489 3 7 5
467 4102788 489 0 1 222
468 4109564 492 8 7 3095
469 4110787 493 8 7 18
470 4230576 498 0 0 43
471 4230576 498 8 3 1
472 4230576 498 3 3 1
473 4230576 498 3 8 514
474 4230576 498 2 2 23
475 4230576 498 7 9 18
476 4230576 498 10 4 50
477 4230576 498 1 3 1
478 4230576 498 10 0 21
479 4230576 498 6 1 35
480 4230576 498 6 5 175
481 4230576 498 6 4 50
482 4240381 499 7 2 121
483 4241571 501 4 8 5123
484 4249831 504 1 10 30
485 4317903 507 1 0 6
486 4317903 507 4 1 1
487 4317903 507 10 7 72
488 4317903 507 1 10 178
489 4317903 507 8 6 3
490 4344640 510 6 10 29
491 4344640 510 6 9 1
492 4344640 510 6 0 189
493 4415869 513 9 7 5
494 4415869 513 8 5 172
495 4415869 513 4 0 1
496 4415869 513 1 0 1
497 4415869 513 5 6 80
498 4415869 513 8 6 80
499 4415869 513 4 4 200
500 4415869 513 0 5 345
501 4416336 514 9 9 87
502 4418331 515 10 1 15
503 4430513 516 1 3 1
504 4430513 516 8 3 12
505 4435681 522 5 9 21
506 4462637 535 4 7 6
507 4465703 537 10 10 11
508 4469860 540 7 7 98
509 4496022 547 4 6 189
510 4496022 547 4 4 109
511 4496022 547 4 3 33039
512 4507679 550 4 6 31
513 4507679 550 5 6 6
514 4507679 550 2 6 6
515 4524005 551 0 1 26
516 4524005 551 3 6 60
517 4530115 553 0 2 3
518 4653197 555 5 7 7
519 4653197 555 9 3 202
520 4653197 555 8 6 23
521 4653197 555 9 6 71
522 4653197 555 10 7 7
523 4653197 555 7 4 829
524 4653197 555 8 2 876
525 4653197 555 3 9 4
526 4653197 555 7 5 11
527 4653197 555 10 4 829
528 4653197 555 10 8 7
529 4653197 555 0 5 3
530 4653197 555 7 1 95
531 4653197 555 9 0 1
532 4653197 555 9 10 1
533 4653197 555 4 5 3
534 4653197 555 2 4 829
535 4653197 555 4 4 829
536 4653197 555 7 2 876
537 4653197 555 4 3 202
538 4698172 556 0 4 4
539 4698172 556 9 0 1
540 4726007 560 5 0 81
541 4731589 561 8 10 28
542 4741713 562 10 2 37
543 4741713 562 10 6 12990
544 4741713 562 10 10 8302
545 4753631 563 10 6 1067
546 4762926 565 1 10 1219
547 4762926 565 1 9 136
548 4812217 569 7 1 1
549 4812217 569 5 10 6
550 4812217 569 7 2 26
551 4812217 569 0 6 5
552 4812217 569 9 10 6
553 4812217 569 8 7 1
554 4812217 569 1 0 52
555 4812217 569 8 5 1
556 4812217 569 10 2 78
557 4812217 569 9 1 1
558 4861143 576 0 6 27
559 4867663 578 3 9 11
560 4890018 582 4 5 179
561 4890018 582 4 10 93
562 4901066 583 6 9 208
563 4901066 583 6 1 2272
564 4902719 586 8 1 1762
565 4904509 587 4 1 12
566 4912018 588 4 3 51
567 4912018 588 4 6 76
568 4912018 588 4 9 111
569 4912204 589 4 5 342
570 4915930 590 3 6 136
571 4920676 591 9 1 1
572 4930224 598 4 6 39008
573 4936545 601 6 10 6424
574 4970566 602 8 2 848
575 4970566 602 6 4 453
576 4970566 602 8 10 2547
577 4986833 606 10 9 101
578 5002056 611 1 4 39
579 5002056 611 0 8 1981
580 5002056 611 10 2 8
581 5002056 611 3 6 410
582 5002056 611 3 4 39
583 5110164 612 7 7 5079
584 5110164 612 1 2 897
585 5110164 612 1 9 14
586 5110164 612 10 9 31
587 5110164 612 9 6 3
588 5110164 612 5 2 448
589 5110164 612 7 8 8
590 5110164 612 6 0 71
591 5110164 612 3 5 120
592 5110164 612 3 6 6
593 5110164 612 0 0 142
594 5110164 612 7 6 4
595 5110164 612 3 2 448
596 5110164 612 10 1 6
597 5110164 612 2 3 1
598 5110164 612 8 3 1
599 5110164 612 3 8 8
600 5110164 612 1 7 2539
601 5110164 612 2 8 8
602 5110164 612 7 5 120
603 5119253 613 3 5 22
604 5119253 613 3 6 58
605 5221376 616 9 0 494
606 5221376 616 9 2 1
607 5221376 616 2 4 1
608 5221376 616 6 3 145
609 5221376 616 2 8 1
610 5221376 616 9 8 1
611 5221376 616 7 0 494
612 5221376 616 0 2 11
613 5221376 616 10 9 2
614 5221376 616 10 2 2
615 5221376 616 6 0 494
616 5221376 616 0 9 5
617 5221376 616 10 3 20
618 5221376 616 0 8 1
619 5221376 616 1 9 5
620 5221376 616 5 0 494
621 5221376 616 3 4 1
622 5238992 621 10 8 18
623 5256245 626 2 8 103
624 5259074 627 1 4 258
625 5259074 627 1 7 2270
626 5270718 628 1 3 228
627 5272235 630 10 6 226
628 5281675 631 5 6 491
629 5281675 631 9 5 232
630 5318373 635 5 6 96
631 5319723 636 6 5 1003
632 5324894 637 6 10 40
633 5334379 643 1 4 19
634 5396213 644 9 2 101
635 5396213 644 3 0 8
636 5396213 644 8 4 4530
637 5396213 644 9 8 3635
638 5396213 644 6 1 6
639 5396213 644 5 9 27
640 5399256 646 5 9 12
641 5402108 650 10 10 29
642 5403594 653 7 10 4838
643 5404052 654 7 5 44
644 5409781 660 7 7 16605
645 5416996 661 7 0 13
646 5417656 664 5 3 26
647 5426858 668 5 8 15767
648 5512887 671 10 5 30
649 5512887 671 7 7 1
650 5512887 671 5 5 30
651 5512887 671 2 1 476
652 5512887 671 9 6 8
653 5512887 671 1 9 17
654 5512887 671 8 0 7
655 5530059 675 2 6 44
656 5530059 675 2 3 19475
657 5538938 678 6 6 409
658 5539427 680 10 8 3319
659 5548918 681 7 5 12
660 5617261 683 7 7 548
661 5617261 683 3 10 16
662 5617261 683 6 10 16
663 5617261 683 7 9 15
664 5617261 683 10 0 1
665 5617261 683 0 0 1
666 5623318 687 10 2 32
667 5637471 689 6 10 48
668 5637471 689 5 10 2
669 5637471 689 9 4 318
670 5672494 690 0 4 863
671 5672494 690 8 0 3850
672 5672494 690 8 6 14
673 5673988 691 2 2 49
674 5702471 692 10 7 4345
675 5712156 693 8 3 1542
676 5712156 693 8 9 102
677 5847249 695 2 7 1
678 5847249 695 10 10 1
679 5847249 695 6 9 1503
680 5847249 695 5 2 793
681 5847249 695 8 3 26
682 5847249 695 7 5 28
683 5847249 695 5 5 7
684 5847249 695 8 7 8
685 5847249 695 2 4 1
686 5847249 695 6 6 1
687 5847249 695 5 4 1
688 5847249 695 9 2 793
689 5847249 695 5 8 1
690 5847249 695 9 9 214
691 5847249 695 4 3 4
692 5847249 695 9 5 7
693 5847249 695 1 10 1
694 5847249 695 8 4 1
695 5847249 695 2 5 7
696 5847249 695 5 7 8
697 5847249 695 0 0 42
698 5847249 695 10 4 1
699 5847249 695 2 8 1
700 5883575 698 10 7 2
701 5883575 698 5 7 21
702 5883575 698 10 1 12
703 5883575 698 2 8 8
704 5883575 698 10 5 51
705 5926372 702 0 4 649
706 5926372 702 4 2 28
707 5953093 703 9 1 49
708 5953093 703 2 9 325
709 5953093 703 9 7 548
710 5953093 703 9 8 52
711 5975627 710 3 0 36
712 5991278 714 2 2 9758
713 5996262 717 9 7 35
714 6045875 718 7 1 13
715 6045875 718 3 0 36
716 6045875 718 8 10 2
717 6045875 718 6 5 175
718 6045875 718 8 7 5
719 6046754 719 2 7 4984
720 6069720 723 6 10 11
721 6069720 723 3 5 29
722 6069720 723 3 3 52
723 6078832 724 6 7 124
724 6090721 727 8 0 769
725 6127121 732 4 2 240
726 6127121 732 6 6 2
727 6127121 732 7 2 240
728 6158275 735 6 9 10
729 6158275 735 6 5 36
730 6158275 735 6 6 3
731 6158275 735 6 0 70
732 6168179 737 9 0 44
733 6180159 739 10 0 372
734 6182084 740 2 2 25990
735 6251668 741 6 5 22
736 6251668 741 1 10 2
737 6251668 741 7 6 5
738 6251668 741 10 4 33
739 6251668 741 8 5 28
740 6251668 741 10 2 3
741 6251668 741 8 2 3
742 6251668 741 8 9 44
743 6251668 741 10 0 1634
744 6265289 744 1 8 151
745 6280029 749 5 4 26
746 6280867 750 9 3 49
747 6342904 751 3 10 17
748 6342904 751 1 0 23
749 6342904 751 9 4 27
750 6342904 751 10 3 242
751 6342904 751 1 10 51
752 6342904 751 4 2 597
753 6342904 751 2 2 119
754 6342904 751 1 1 15
755 6342904 751 10 2 15409
756 6342904 751 5 1 15
757 6354318 752 8 9 5
758 6354318 752 7 1 168
759 6370464 755 9 8 92
760 6370464 755 9 3 269
761 6387940 757 3 1 38
762 6387940 757 5 5 578
763 6387940 757 1 5 578
764 6387940 757 1 0 7
765 6397763 761 2 5 45
766 6397763 761 6 5 45
767 6399200 762 9 1 36
768 6438547 766 5 5 54
769 6438547 766 5 7 7
770 6438547 766 8 10 106
771 6438547 766 8 7 39
772 6438547 766 2 4 48
773 6466238 768 0 3 102
774 6466238 768 0 5 373
775 6475302 773 6 10 17
776 6499739 780 0 2 6098
777 6505104 784 4 10 191
778 6509638 786 6 0 54
779 6513832 788 10 8 200
780 6518439 791 7 1 1
781 6519479 794 4 6 74
782 6532223 798 4 9 293
783 6546535 804 4 8 8560
784 6546535 804 4 9 9
785 6551187 806 5 0 104
786 6700820 822 10 7 138
787 6700820 822 9 5 26
788 6700820 822 7 1 1
789 6700820 822 7 8 479
790 6700820 822 3 2 3
791 6700820 822 7 9 3
792 6700820 822 0 3 1
793 6700820 822 2 4 5
794 6700820 822 2 2 3
795 6700820 822 0 10 3
796 6700820 822 2 0 1
797 6700820 822 6 3 1
798 6700820 822 3 0 7
799 6700820 822 7 10 1
800 6700820 822 7 2 12
801 6700820 822 4 1 1
802 6700820 822 10 10 1
803 6799086 823 8 9 3
804 6799086 823 2 6 282
805 6799086 823 3 2 6
806 6799086 823 10 10 1
807 6799086 823 1 9 1
808 6799086 823 10 0 8
809 6799086 823 2 9 1
810 6799086 823 10 5 599
811 6799086 823 5 5 2996
812 6799086 823 8 0 26
813 6799086 823 10 9 1
814 6799086 823 1 3 13
815 6799086 823 5 8 1
816 6799086 823 9 4 7107
817 6799086 823 2 3 1
818 6830230 825 4 5 112
819 6830230 825 1 1 19
820 6830230 825 4 4 187
821 6830467 826 9 8 28
822 6836898 829 9 6 347
823 6847891 830 1 5 5
824 6847891 830 1 1 74
825 6847891 830 3 9 16
826 6848907 832 1 1 30673
827 6870485 833 7 10 8
828 6884926 834 8 4 9
829 6907888 842 1 5 143
830 6913822 844 1 9 851
831 6918521 845 5 7 51
832 6918521 845 2 7 4
833 6918521 845 10 7 4
834 6918521 845 3 7 4
835 6918521 845 4 7 9
836 6928665 849 9 10 39
837 6929201 850 7 2 15
838 6929201 850 9 6 662
839 6931607 851 0 6 15
840 6949990 857 9 6 9641
841 6949990 857 9 9 69
842 6949990 857 9 1 1575
843 6951841 858 5 2 5
844 6960722 859 6 10 7
845 6960722 859 6 5 14093
846 6973188 862 9 9 70
847 6981098 863 6 9 792
848 6981098 863 6 7 8
849 7047713 864 7 4 17
850 7047713 864 2 9 35
851 7047713 864 10 9 35
852 7047713 864 8 4 5
853 7047713 864 5 8 113
854 7047713 864 4 4 5
855 7047713 864 3 6 4
856 7048977 866 10 3 552
857 7056486 870 8 10 22
858 7056486 870 2 3 6
859 7065532 871 1 9 3
860 7070042 873 8 2 1986
861 7082662 874 2 3 32
862 7082662 874 2 6 213
863 7088971 875 3 7 9
864 7094895 880 1 7 27314
865 7155306 886 9 9 1503
866 7155306 886 5 0 59
867 7155306 886 1 7 1
868 7155306 886 9 5 77
869 7155306 886 5 4 25
870 7168747 890 8 10 13
871 7219027 894 8 9 35
872 7219027 894 3 7 3
873 7219027 894 7 2 5
874 7219027 894 4 7 10
875 7219027 894 4 3 12
876 7219027 894 5 1 19
877 7219027 894 7 7 1
878 7219027 894 9 3 12
879 7250275 896 8 2 38
880 7250275 896 4 3 1586
881 7250275 896 8 3 3173
882 7265135 899 6 2 250
883 7273615 901 1 3 1484
884 7289703 903 1 1 7
885 7289703 903 1 7 111
886 7289703 903 1 2 22
887 7289703 903 1 10 49
888 7297620 905 10 8 95
889 7322134 907 2 2 1642
890 7322134 907 4 2 821
891 7322134 907 2 9 153
892 7322757 908 1 0 165
893 7332719 909 9 7 11407
894 7355247 913 6 2 19
895 7355247 913 2 2 19
896 7378510 919 1 1 1
897 7378510 919 2 1 1
898 7381046 920 6 10 8
899 7396281 925 8 0 184
900 7413478 928 1 10 51
901 7535600 929 7 8 14
902 7535600 929 10 5 227
903 7535600 929 3 4 878
904 7535600 929 5 7 18
905 7535600 929 8 3 169
906 7535600 929 4 10 1
907 7535600 929 5 8 4
908 7535600 929 10 8 4
909 7535600 929 6 4 878
910 7535600 929 4 1 2
911 7535600 929 8 5 227
912 7535600 929 2 1 1
913 7535600 929 10 3 3
914 7535600 929 4 2 4
915 7535600 929 0 4 878
916 7535600 929 2 6 218
917 7535600 929 4 3 3
918 7535600 929 2 9 4
919 7535600 929 9 4 878
920 7535600 929 10 7 2
921 7535600 929 7 4 878
922 7535600 929 0 7 2
923 7535600 929 4 5 227
924 7535600 929 5 10 1
925 7535600 929 10 2 4
926 7607970 930 5 6 13
927 7607970 930 0 7 10
928 7607970 930 0 6 26
929 7607970 930 6 10 1367
930 7673326 931 7 10 225
931 7673326 931 10 5 349
932 7673326 931 5 2 4823
933 7673326 931 6 10 225
934 7673326 931 0 8 4
935 7673326 931 0 6 17
936 7673326 931 7 5 2443
937 7673326 931 4 5 349
938 7673326 931 10 9 2119
939 7716573 932 6 0 2
940 7716573 932 8 2 902
941 7716573 932 1 1 779
942 7716573 932 1 6 4
943 7716573 932 9 2 902
944 7716573 932 5 6 69
945 7716573 932 3 0 2
946 7716573 932 7 9 9
947 7717639 933 9 6 7857
948 7720992 934 8 7 122
949 7743090 940 0 2 131
950 7743090 940 0 8 217
951 7858979 941 8 1 96
952 7858979 941 6 8 1
953 7858979 941 5 3 8
954 7858979 941 6 9 2610
955 7858979 941 8 2 2
956 7858979 941 4 3 4
957 7858979 941 5 5 13
958 7858979 941 1 5 13
959 7858979 941 2 7 1
960 7858979 941 2 8 2
961 7858979 941 1 7 1
962 7858979 941 8 3 1
963 7858979 941 0 4 3
964 7858979 941 5 1 192
965 7858979 941 7 5 55
966 7874954 948 0 7 18
967 7874954 948 1 6 11083
968 7874954 948 5 4 5
969 7915344 959 10 0 127
970 7930124 964 2 8 204
971 7932106 965 10 8 564
972 8013149 967 6 7 243
973 8013149 967 5 3 4
974 8013149 967 7 8 44
975 8013149 967 4 0 9
976 8013149 967 6 5 7
977 8013149 967 4 3 16
978 8013149 967 1 1 369
979 8013149 967 6 0 19
980 8013149 967 7 3 8
981 8023952 970 10 6 74
982 8028332 971 9 8 90
983 8038865 972 10 2 558
984 8060874 973 0 2 17
985 8060874 973 2 10 26
986 8060874 973 2 0 8
987 8060874 973 2 4 10
988 8060874 973 0 0 2
989 8060874 973 0 10 26
990 8060874 973 2 3 1
991 8065761 976 3 10 11971
992 8074998 979 0 1 41
993 8074998 979 0 8 1268
994 8082372 985 5 10 2635
995 8103636 993 4 2 94
996 8103636 993 4 1 115
997 8121559 994 10 0 3
998 8121559 994 2 0 3
999 8128876 997 0 3 22
