11 359 1000
0 24103 0 1 5 6
1 24103 0 9 9 1
2 24103 0 1 0 2
3 24103 0 9 2 76
4 25658 2 0 10 1004
5 91994 3 10 6 2558
6 106483 4 2 0 15
7 106483 4 7 5 43
8 106483 4 5 8 14
9 111437 6 3 9 2025
10 168158 9 1 4 2
11 168158 9 4 2 98
12 236064 13 10 5 13
13 236064 13 8 10 297
14 236064 13 1 4 340
15 236837 14 7 6 107
16 308835 17 10 3 93
17 308835 17 10 9 1317
18 308835 17 6 9 1976
19 308835 17 2 2 8942
20 308835 17 10 1 44
21 308835 17 7 1 44
22 308835 17 6 2 526
23 308835 17 0 2 526
24 308835 17 0 8 1
25 308835 17 0 9 5269
26 308835 17 9 10 1
27 322229 18 1 4 20
28 322229 18 1 1 13067
29 362511 21 4 9 47
30 362511 21 3 5 18
31 362511 21 3 10 68
32 426681 29 2 8 170
33 426681 29 2 4 83
34 467198 37 3 8 6
35 467198 37 0 10 4
36 482130 38 10 5 110
37 489413 39 10 5 6
38 509199 41 10 10 49
39 509199 41 10 9 75
40 520972 44 1 1 36
41 520972 44 1 6 217
42 520972 44 1 3 43
43 520972 44 1 4 29
44 523243 45 1 6 1063
45 523944 46 5 10 186
46 526717 48 8 8 26
47 543883 50 2 3 14
48 543883 50 7 8 1
49 543883 50 2 0 44
50 688153 51 8 6 51
51 688153 51 7 7 5
52 688153 51 5 9 1
53 688153 51 3 0 10
54 688153 51 9 6 5
55 688153 51 0 1 15
56 688153 51 10 3 15
57 688153 51 3 9 1
58 688153 51 7 8 1
59 688153 51 2 0 10
60 688153 51 10 9 1
61 688153 51 7 6 9
62 688153 51 5 6 1
63 704781 58 1 2 7830
64 776492 59 5 5 28
65 776492 59 8 1 22
66 776492 59 1 2 204
67 817570 66 0 10 2896
68 823842 68 2 4 1
69 849871 70 4 8 43
70 849871 70 3 7 1
71 871506 72 6 7 60
72 874946 74 7 7 25
73 962617 75 5 10 3
74 962617 75 6 5 231
75 962617 75 6 8 68
76 962617 75 5 6 14
77 962617 75 1 6 163
78 962617 75 4 1 1183
79 962617 75 10 7 1
80 962617 75 0 9 1
81 962617 75 7 5 115
82 962617 75 3 9 1
83 962617 75 1 7 1
84 1106757 84 10 7 43
85 1106757 84 6 5 4
86 1106757 84 7 10 95
87 1106757 84 4 10 2
88 1106757 84 4 3 4
89 1106757 84 2 1 8
90 1106757 84 3 5 4
91 1106757 84 2 4 5
92 1106757 84 2 9 84
93 1136677 89 7 4 298
94 1138765 90 8 3 184
95 1149939 91 7 2 550
96 1157998 93 9 7 13
97 1168516 94 10 5 756
98 1168516 94 3 5 756
99 1192503 97 4 9 1843
100 1259315 99 7 0 1829
101 1259315 99 9 8 1
102 1259315 99 9 10 3070
103 1373832 102 6 3 5
104 1373832 102 10 10 21
105 1373832 102 5 6 1
106 1373832 102 4 10 21
107 1373832 102 1 6 1
108 1373832 102 5 7 2
109 1373832 102 4 0 35
110 1373832 102 9 2 967
111 1373832 102 1 3 5
112 1373832 102 0 8 14609
113 1373832 102 0 7 3
114 1373832 102 2 10 21
115 1373832 102 10 6 1
116 1373832 102 0 10 21
117 1384773 103 9 5 13
118 1393829 104 4 9 60
119 1393829 104 4 7 132
120 1449952 108 7 0 3619
121 1449952 108 4 0 226
122 1450801 109 3 0 33
123 1457251 111 4 0 2184
124 1463018 114 6 9 34
125 1478038 116 2 3 15961
126 1478038 116 2 6 106
127 1478038 116 2 4 113
128 1492278 117 0 2 132816
129 1492278 117 0 7 29
130 1509077 118 9 7 55
131 1509077 118 1 5 301
132 1517430 123 10 10 32
133 1523469 124 1 3 7
134 1557423 127 0 9 22699
135 1557423 127 0 6 358
136 1576024 132 0 7 7571
137 1576024 132 6 7 7571
138 1615990 136 1 9 1
139 1615990 136 1 8 15
140 1708193 137 7 10 1559
141 1708193 137 10 9 2136
142 1708193 137 3 9 2136
143 1708193 137 6 3 9
144 1708193 137 2 3 9
145 1708193 137 0 4 199
146 1708193 137 4 0 56
147 1708193 137 5 0 8
148 1708193 137 5 2 21
149 1708193 137 4 10 222
150 1708193 137 2 0 4
151 1718515 141 5 8 67
152 1736398 143 0 0 349
153 1761011 146 4 8 333
154 1767711 148 9 10 21
155 1781507 150 2 7 5692
156 1783422 151 3 9 3
157 1795777 153 8 9 37
158 1886551 154 6 9 23
159 1886551 154 10 6 575
160 1886551 154 5 8 21
161 1886551 154 8 9 11
162 1886551 154 6 5 69
163 1886551 154 1 9 11
164 1886551 154 6 6 690
165 1886551 154 4 0 4
166 1886551 154 2 0 2
167 1886551 154 4 1 16
168 1886551 154 1 0 2
169 1897406 158 5 2 59
170 2004585 160 10 2 843
171 2004585 160 6 3 2
172 2004585 160 8 6 5
173 2004585 160 1 7 1
174 2004585 160 2 8 613
175 2004585 160 1 9 48
176 2004585 160 4 0 11
177 2004585 160 4 7 1
178 2004585 160 7 6 19
179 2004585 160 2 3 2
180 2044674 162 10 6 14
181 2044674 162 8 10 5
182 2044674 162 6 3 191
183 2044674 162 10 10 5
184 2063551 165 2 3 372
185 2086128 170 3 3 61
186 2086465 171 4 8 604
187 2095971 172 4 10 18
188 2115484 174 5 4 18
189 2115484 174 0 7 14
190 2155116 177 3 1 25986
191 2155116 177 3 9 9
192 2155116 177 3 5 42
193 2155116 177 0 5 42
194 2155116 177 3 7 17
195 2155116 177 3 0 359
196 2165534 183 4 0 35
197 2170520 184 3 5 54
198 2182768 187 7 1 15
199 2208620 192 3 0 139
200 2208620 192 3 9 1320
201 2299565 198 7 0 20
202 2299565 198 8 3 2
203 2299565 198 5 0 5
204 2299565 198 1 1 4
205 2299565 198 6 4 2
206 2299565 198 7 8 11
207 2299565 198 6 10 86
208 2299565 198 10 5 1
209 2309382 202 3 2 18
210 2309382 202 3 9 290
211 2334241 203 8 0 228
212 2334241 203 7 6 48
213 2334241 203 7 2 64
214 2334241 203 7 3 353
215 2387532 214 0 7 47
216 2406061 221 8 7 220
217 2416558 223 7 2 68
218 2468599 229 6 3 14
219 2468599 229 0 0 10
220 2468599 229 2 3 28
221 2519027 230 3 5 3
222 2519027 230 0 7 226
223 2519027 230 3 8 33
224 2519027 230 8 8 135
225 2519027 230 8 2 48
226 2616780 233 7 4 1153
227 2616780 233 4 0 7
228 2616780 233 0 6 26
229 2616780 233 5 1 8
230 2616780 233 0 7 1
231 2616780 233 5 4 5766
232 2616780 233 3 7 1
233 2660602 237 10 8 53
234 2660602 237 10 3 224
235 2660602 237 4 3 1
236 2660602 237 4 10 82
237 2677176 239 7 1 18
238 2677176 239 0 1 9
239 2677176 239 10 1 9
240 2777776 241 6 6 1
241 2777776 241 3 0 9
242 2777776 241 9 5 1682
243 2777776 241 7 0 9
244 2777776 241 6 4 14
245 2777776 241 4 6 1
246 2798156 253 0 6 55
247 2802984 256 4 0 18
248 2854156 259 10 0 14
249 2854156 259 4 0 14
250 2854156 259 7 8 2025
251 2854156 259 5 5 85
252 2854156 259 1 10 622
253 2965227 262 4 2 13
254 2965227 262 4 1 30
255 2965227 262 3 1 30
256 2965227 262 3 8 14
257 2965227 262 9 2 6
258 2965227 262 9 7 1
259 2965227 262 4 0 69
260 2965227 262 9 6 8
261 2965227 262 2 2 6
262 2965227 262 8 1 30
263 2965227 262 3 5 2
264 2965227 262 9 5 7
265 2979118 263 10 10 1524
266 2987185 266 3 10 42
267 2988449 267 8 9 312
268 3003048 269 4 6 99
269 3017995 273 6 9 4
270 3024864 279 6 1 37
271 3026756 281 1 7 651
272 3040986 282 8 4 326
273 3056871 285 4 1 297
274 3056871 285 4 8 94
275 3232033 287 7 6 24
276 3232033 287 5 7 807
277 3232033 287 3 0 5
278 3232033 287 5 9 1
279 3232033 287 6 3 11
280 3232033 287 2 0 3
281 3232033 287 0 8 11
282 3232033 287 8 0 13
283 3232033 287 2 3 5
284 3232033 287 8 6 24
285 3232033 287 0 4 1
286 3297335 291 0 0 33
287 3297335 291 9 4 89
288 3297335 291 6 9 731
289 3297335 291 5 7 111
290 3297335 291 7 2 3435
291 3297335 291 1 8 35
292 3297335 291 2 6 1228
293 3297335 291 4 5 25
294 3357194 292 2 6 13
295 3357194 292 1 8 1090
296 3357194 292 10 8 3054
297 3357194 292 4 9 176
298 3357194 292 6 9 1235
299 3357194 292 7 8 218
300 3362016 294 0 5 99583
301 3369912 296 4 7 61
302 3371922 297 1 10 64
303 3398437 298 9 5 37
304 3398437 298 9 1 12
305 3398437 298 1 8 2839
306 3398437 298 9 9 5
307 3398437 298 1 9 8
308 3398437 298 9 7 60
309 3473075 303 10 9 613
310 3473075 303 4 2 1892
311 3473075 303 10 2 1892
312 3473075 303 1 1 75
313 3473075 303 2 9 204
314 3473075 303 3 10 14
315 3514283 304 3 0 17
316 3514283 304 2 6 577
317 3514283 304 3 1 7
318 3514283 304 2 3 929
319 3526053 307 0 4 476
320 3539797 308 6 2 3
321 3539797 308 6 4 147
322 3546601 310 0 1 221
323 3560016 312 6 10 391
324 3656724 317 7 5 964
325 3656724 317 1 7 2009
326 3656724 317 5 10 55
327 3656724 317 1 9 27
328 3656724 317 1 4 32
329 3656724 317 3 8 167
330 3690580 324 1 5 7
331 3743421 328 1 3 1
332 3743421 328 10 9 14
333 3743421 328 0 8 44
334 3743421 328 6 9 2
335 3743421 328 3 9 2
336 3743421 328 4 0 1
337 3743421 328 8 3 2
338 3743421 328 8 5 297
339 3746084 329 2 7 8
340 3746084 329 0 7 2
341 3759072 332 2 8 19
342 3812517 339 7 5 95
343 3812517 339 2 7 15
344 3812517 339 8 5 95
345 3812517 339 9 5 95
346 3812517 339 6 3 215
347 3854548 340 9 4 1
348 3854548 340 0 2 3
349 3854548 340 9 7 2998
350 3854548 340 0 4 1
351 3879449 347 8 7 80
352 3884480 349 6 6 8522
353 3905787 353 0 4 219
354 3905787 353 0 2 34
355 3905787 353 0 10 3133
356 3905787 353 0 5 7115
357 3917532 358 1 8 49
358 3939798 362 8 2 2
359 3980764 369 1 9 476
360 3980764 369 1 7 2
361 4021372 370 5 9 23
362 4021372 370 0 10 11
363 4021372 370 3 2 1
364 4021372 370 7 9 23
365 4021372 370 8 8 3
366 4021372 370 1 9 162
367 4028202 373 6 3 66
368 4032160 379 3 3 2
369 4108874 388 0 5 38
370 4108874 388 0 10 199
371 4108874 388 7 4 84
372 4206684 390 6 6 114
373 4206684 390 9 10 1
374 4206684 390 5 0 14
375 4206684 390 2 3 596
376 4206684 390 3 1 10
377 4206684 390 4 3 596
378 4206684 390 2 4 27
379 4206684 390 0 0 14
380 4206684 390 0 9 349
381 4206684 390 8 10 1
382 4241553 392 9 2 352
383 4241553 392 1 5 5135
384 4241553 392 8 4 427
385 4241553 392 1 4 854
386 4241553 392 8 5 2567
387 4246065 393 2 1 46
388 4366077 395 8 8 33
389 4366077 395 1 7 41
390 4366077 395 4 6 13
391 4366077 395 5 0 2203
392 4366077 395 10 1 3
393 4366077 395 5 4 1
394 4377746 398 9 9 103
395 4380925 399 5 7 15502
396 4388781 401 5 3 2385
397 4388781 401 0 3 1192
398 4438560 405 8 5 15
399 4446485 406 8 0 35
400 4464038 407 2 4 49
401 4464038 407 2 10 6135
402 4548056 409 10 2 3
403 4548056 409 10 8 13
404 4548056 409 1 6 1
405 4548056 409 5 2 7
406 4548056 409 1 9 30
407 4548056 409 2 9 45
408 4593740 413 9 3 3
409 4602262 418 6 5 259
410 4603379 419 6 1 60
411 4611254 420 7 10 64
412 4630432 422 10 3 54
413 4630432 422 2 7 9
414 4630957 423 3 1 4754
415 4648333 424 7 7 63
416 4648333 424 7 0 119
417 4648333 424 7 1 86
418 4797956 428 2 9 5
419 4797956 428 4 1 2673
420 4797956 428 2 5 822
421 4797956 428 8 0 4
422 4797956 428 7 9 1
423 4797956 428 1 7 1
424 4797956 428 5 6 1
425 4797956 428 8 6 1
426 4797956 428 9 3 3
427 4797956 428 5 0 1
428 4797956 428 10 9 1
429 4797956 428 0 7 1
430 4797956 428 8 2 2
431 4797956 428 6 3 3
432 4797956 428 9 2 2
433 4881853 430 2 3 2
434 4881853 430 5 3 2
435 4881853 430 0 10 2
436 4881853 430 3 8 1
437 4881853 430 4 10 5
438 4881853 430 9 6 190
439 4881853 430 5 6 190
440 4902467 435 7 1 108
441 4907032 438 8 4 10191
442 4913342 440 0 0 29
443 4913342 440 4 10 4
444 4915214 441 7 3 52
445 4922048 443 6 8 4
446 4927655 444 1 0 59
447 4932441 445 7 0 52
448 4940236 451 10 10 11840
449 4946372 452 8 10 147
450 5020130 457 0 7 1
451 5020130 457 5 6 6
452 5020130 457 2 6 6
453 5020130 457 8 6 12
454 5020130 457 1 0 25
455 5020130 457 10 1 3
456 5020130 457 6 0 25
457 5020130 457 2 4 1
458 5020130 457 8 10 5
459 5038972 459 0 5 651
460 5116766 461 10 8 9
461 5116766 461 6 6 122
462 5116766 461 0 7 1
463 5116766 461 4 7 1
464 5116766 461 3 6 614
465 5116766 461 3 4 10
466 5125669 465 3 0 20
467 5328979 466 5 6 8
468 5328979 466 0 0 7
469 5328979 466 7 1 8
470 5328979 466 1 3 3602
471 5328979 466 4 7 1
472 5328979 466 1 2 804
473 5328979 466 10 2 50
474 5379314 467 0 9 8
475 5379314 467 4 5 5
476 5379314 467 0 1 1
477 5379314 467 9 1 1
478 5379314 467 2 1 1
479 5379314 467 5 9 8
480 5393131 468 7 0 6237
481 5407791 471 6 10 923
482 5407791 471 5 10 923
483 5421898 472 5 0 7
484 5421898 472 3 0 7
485 5478912 473 0 2 7
486 5478912 473 2 7 26
487 5478912 473 9 8 52
488 5478912 473 3 6 5
489 5478912 473 5 2 23
490 5478912 473 6 8 52
491 5655468 475 9 5 2
492 5655468 475 6 9 5
493 5655468 475 5 2 1
494 5655468 475 8 3 1
495 5655468 475 1 3 23
496 5655468 475 7 10 5
497 5655468 475 1 7 9
498 5655468 475 6 5 2
499 5655468 475 0 6 1
500 5655468 475 2 8 2
501 5655468 475 10 9 10
502 5655468 475 4 3 1
503 5655468 475 7 7 9
504 5655468 475 8 5 2
505 5655468 475 2 3 1
506 5655468 475 1 10 5
507 5655468 475 7 4 1
508 5655468 475 5 1 3
509 5655468 475 7 8 5
510 5674495 477 2 3 89
511 5674495 477 2 0 196
512 5674495 477 2 4 41
513 5687931 479 9 9 1
514 5700128 483 5 10 8
515 5711801 486 6 8 21916
516 5721613 487 5 6 23
517 5721613 487 5 7 808
518 5722339 488 10 4 7643
519 5743903 489 3 8 69
520 5743903 489 8 10 15052
521 5922807 498 9 9 1
522 5922807 498 4 4 100
523 5922807 498 1 9 1
524 5922807 498 9 2 4
525 5922807 498 8 9 1
526 5922807 498 10 8 514
527 5922807 498 4 8 1028
528 5922807 498 0 5 1579
529 5922807 498 2 4 50
530 5922807 498 6 10 13
531 5922807 498 8 10 26
532 5936534 499 7 8 324
533 5949764 504 1 3 52
534 5949764 504 3 10 30
535 5949764 504 3 9 1629
536 6045064 507 3 6 3
537 6045064 507 1 10 178
538 6045064 507 0 4 1429
539 6045064 507 8 3 2
540 6045064 507 8 7 145
541 6045064 507 5 0 12
542 6082496 510 6 4 1991
543 6082496 510 6 3 4
544 6082496 510 6 10 29
545 6082496 510 7 5 3
546 6082496 510 6 7 383
547 6182216 513 7 4 200
548 6182216 513 3 6 80
549 6182216 513 8 8 1009
550 6182216 513 10 3 26
551 6182216 513 0 8 6059
552 6182216 513 10 9 20
553 6182216 513 0 3 5
554 6182216 513 5 7 35
555 6182216 513 3 7 5
556 6203960 518 8 8 52
557 6206024 519 10 10 44
558 6209953 522 5 9 21
559 6211457 524 1 8 1009
560 6225806 529 4 9 374
561 6225806 529 2 9 374
562 6247692 535 0 7 12
563 6251984 537 5 10 11
564 6251984 537 7 10 11
565 6251984 537 4 10 11
566 6278501 542 1 2 138
567 6278771 543 7 4 113
568 6294432 547 4 3 33039
569 6294432 547 4 5 7822
570 6310750 550 4 6 31
571 6333607 551 7 9 4879
572 6514476 555 8 5 13
573 6514476 555 5 3 202
574 6514476 555 9 6 71
575 6514476 555 5 1 95
576 6514476 555 1 6 23
577 6514476 555 4 0 3
578 6577440 556 0 4 4
579 6577440 556 9 0 1
580 6577440 556 9 7 110
581 6577440 556 3 5 3164
582 6591880 557 3 10 162
583 6609793 558 1 1 97
584 6609793 558 1 9 64
585 6624225 561 8 10 28
586 6638398 562 10 10 8302
587 6655083 563 10 2 11
588 6655083 563 10 10 127
589 6668096 565 1 9 136
590 6668096 565 1 8 222
591 6668096 565 1 7 39
592 6737104 569 7 6 1
593 6737104 569 1 0 52
594 6737104 569 4 8 1
595 6805600 576 1 6 4
596 6805600 576 1 0 51
597 6805600 576 10 10 989
598 6805600 576 6 6 9
599 6815127 579 3 0 57
600 6846025 582 4 2 114
601 6861493 583 6 7 1421
602 6861493 583 6 4 5985
603 6861493 583 6 5 15734
604 6876825 588 4 3 51
605 6877086 589 4 5 342
606 6882303 590 3 6 136
607 6888946 591 2 1 1
608 6888946 591 4 1 2
609 6958793 602 6 4 453
610 6958793 602 6 3 169
611 6986570 610 2 3 27
612 7002878 611 10 6 205
613 7002878 611 7 2 147
614 7002878 611 3 4 39
615 7002878 611 1 4 39
616 7154230 612 8 2 897
617 7154230 612 9 6 3
618 7154230 612 3 8 8
619 7154230 612 5 0 214
620 7154230 612 9 2 1346
621 7154230 612 0 10 5
622 7154230 612 1 5 120
623 7154230 612 3 6 6
624 7154230 612 6 8 17
625 7154230 612 0 9 1
626 7154230 612 6 9 3
627 7154230 612 8 9 1
628 7154230 612 3 10 5
629 7154230 612 5 10 5
630 7166954 613 3 9 4062
631 7166954 613 3 5 22
632 7166954 613 3 0 119
633 7166954 613 3 6 58
634 7309926 616 7 9 2
635 7309926 616 1 10 3419
636 7309926 616 10 7 200
637 7309926 616 0 3 20
638 7309926 616 9 10 1709
639 7309926 616 5 2 1
640 7309926 616 5 8 1
641 7309926 616 10 3 20
642 7309926 616 4 3 20
643 7309926 616 10 4 1
644 7309926 616 8 7 200
645 7309926 616 1 0 1483
646 7309926 616 8 4 1
647 7309926 616 10 6 36
648 7309926 616 1 6 36
649 7338655 624 1 5 2839
650 7358744 626 2 2 106
651 7358744 626 2 0 55
652 7362703 627 1 7 2270
653 7379006 628 1 8 78
654 7430092 633 5 7 3
655 7430092 633 5 10 15
656 7436902 634 7 8 2395
657 7436902 634 7 9 19581
658 7454852 637 6 10 40
659 7454852 637 4 10 24
660 7466916 642 9 1 5170
661 7554699 644 0 7 92
662 7554699 644 2 0 8
663 7554699 644 3 1 748
664 7554699 644 2 1 20
665 7554699 644 5 4 647
666 7554699 644 6 6 1
667 7554699 644 1 4 647
668 7554699 644 8 10 22
669 7555865 645 4 8 20
670 7565032 653 7 10 4838
671 7566197 655 8 3 82
672 7569738 657 7 3 56
673 7569947 658 0 3 6037
674 7583800 662 4 4 2
675 7586732 665 8 8 45
676 7589188 666 4 3 2
677 7597602 668 5 1 200
678 7597602 668 5 4 33132
679 7597602 668 5 5 82
680 7597602 668 5 0 9853
681 7718043 671 9 4 671
682 7718043 671 10 8 5
683 7718043 671 7 2 19
684 7718043 671 7 6 8
685 7718043 671 2 0 3
686 7718043 671 5 9 8
687 7718043 671 4 8 5
688 7722303 673 0 1 956
689 7754514 678 8 6 409
690 7768485 681 7 5 12
691 7768485 681 0 4 2639
692 7768553 682 10 7 108
693 7864166 683 0 5 12
694 7864166 683 1 3 29
695 7864166 683 9 8 35
696 7864166 683 3 0 1
697 7864166 683 3 10 16
698 7864166 683 8 1 50
699 7864166 683 4 0 4
700 7864166 683 7 8 11
701 7864166 683 3 8 23
702 7864166 683 5 5 82
703 7864166 683 2 2 1527
704 7872645 687 2 7 41
705 7941492 690 0 8 150
706 7941492 690 4 2 11
707 7941492 690 8 6 14
708 7983460 692 7 10 12
709 7983460 692 6 4 38
710 7983460 692 7 6 43
711 7983460 692 7 3 3329
712 7983460 692 6 1 96
713 7997019 693 8 2 61
714 7999108 694 4 6 1358
715 8186148 695 4 8 1
716 8186148 695 2 8 1
717 8186148 695 2 4 1
718 8186148 695 0 5 14
719 8186148 695 4 7 1
720 8186148 695 10 6 2
721 8186148 695 10 8 1
722 8186148 695 9 1 7
723 8186148 695 3 5 7
724 8186148 695 2 0 128
725 8186148 695 7 5 28
726 8186148 695 6 3 4
727 8237005 698 2 6 13
728 8237005 698 2 5 3
729 8237005 698 2 0 22
730 8237005 698 5 4 89
731 8237005 698 2 9 33
732 8237005 698 5 6 48
733 8237005 698 2 3 127
734 8237005 698 5 5 6
735 8237005 698 5 1 3
736 8259854 701 6 9 1
737 8296921 702 0 10 1
738 8296921 702 0 4 649
739 8296921 702 4 4 649
740 8296921 702 4 5 112
741 8334330 703 2 4 57
742 8334330 703 9 2 9404
743 8334330 703 2 3 37
744 8334330 703 2 5 40
745 8338338 705 5 5 263
746 8387790 714 2 8 105
747 8464225 718 10 8 1455
748 8464225 718 7 3 15
749 8464225 718 1 9 31
750 8464225 718 0 9 31
751 8464225 718 0 5 87
752 8464225 718 0 7 5
753 8497608 723 3 1 113
754 8497608 723 3 6 66
755 8497608 723 6 8 7
756 8510365 724 6 9 286
757 8529534 729 1 6 6073
758 8535398 731 2 10 8
759 8577970 732 7 5 26
760 8577970 732 0 1 103
761 8577970 732 4 6 4
762 8621585 735 6 7 1348
763 8621585 735 9 10 136
764 8652222 739 10 2 39026
765 8752336 741 3 6 2
766 8752336 741 7 7 2
767 8752336 741 9 6 5
768 8752336 741 9 5 11
769 8752336 741 0 10 110
770 8752336 741 5 2 3
771 8752336 741 8 6 2
772 8755357 743 2 8 31
773 8771405 744 8 8 75
774 8771405 744 1 8 151
775 8773628 747 8 5 26
776 8775461 748 5 8 56
777 8792041 749 2 7 20
778 8793214 750 0 3 82
779 8880066 751 3 6 55
780 8880066 751 4 5 355
781 8880066 751 5 0 23
782 8880066 751 10 6 950
783 8880066 751 7 7 3
784 8880066 751 5 9 15
785 8880066 751 10 3 242
786 8896046 752 1 9 1
787 8918649 755 9 3 269
788 8918649 755 9 2 84
789 8918649 755 9 9 56
790 8943116 757 5 5 578
791 8943116 757 8 1 38
792 8943116 757 7 0 7
793 9013965 766 1 5 13
794 9013965 766 10 7 7
795 9013965 766 6 10 15
796 9052733 768 0 1 41
797 9052733 768 8 2 620
798 9052733 768 8 8 1321
799 9052733 768 8 9 704
800 9052733 768 8 10 47
801 9053414 770 1 5 68
802 9075156 776 6 10 137
803 9077772 777 10 6 150
804 9077772 777 1 6 75
805 9088176 778 0 1 279
806 9105698 782 0 4 1
807 9119365 788 10 8 200
808 9125815 791 7 1 1
809 9128120 795 3 7 39
810 9129996 796 0 10 90
811 9145112 798 4 7 28
812 9145112 798 4 10 193
813 9145112 798 4 0 65
814 9151276 802 5 2 4521
815 9151276 802 10 5 226
816 9169285 805 1 6 154
817 9176412 807 2 10 55
818 9203638 817 8 3 1577
819 9381148 822 8 10 3
820 9381148 822 1 7 276
821 9381148 822 5 5 26
822 9381148 822 6 4 1
823 9381148 822 6 0 4
824 9381148 822 2 4 5
825 9381148 822 5 6 4
826 9381148 822 7 10 1
827 9381148 822 4 6 8
828 9381148 822 6 8 1679
829 9381148 822 8 1 1
830 9381148 822 10 1 1
831 9381148 822 10 2 3
832 9381148 822 4 9 1
833 9518721 823 2 6 282
834 9518721 823 3 3 4
835 9518721 823 8 8 2
836 9518721 823 5 4 3553
837 9518721 823 1 8 1
838 9522205 824 0 10 47
839 9562322 825 10 9 56
840 9562322 825 4 9 18
841 9587048 830 1 1 74
842 9587048 830 3 5 172
843 9587778 831 1 10 1198
844 9618679 833 7 3 83
845 9638897 834 1 5 908
846 9638897 834 8 4 9
847 9640373 836 1 3 86
848 9646276 837 6 9 79
849 9652252 841 1 0 334
850 9671044 842 1 3 757
851 9729986 857 9 3 192
852 9745011 859 6 0 3051
853 9745011 859 6 5 14093
854 9745011 859 6 9 148
855 9773537 863 2 0 9
856 9773537 863 6 0 9
857 9773537 863 2 4 116
858 9866799 864 5 9 35
859 9866799 864 9 1 4
860 9866799 864 6 6 17
861 9866799 864 0 10 517
862 9866799 864 6 10 172
863 9866799 864 3 6 4
864 9868568 866 10 3 552
865 9871950 867 7 3 60
866 9879081 870 8 10 22
867 9897894 872 2 4 147
868 9898059 873 8 2 1986
869 9915727 874 2 6 213
870 9927740 876 9 3 18
871 9940963 881 0 2 561
872 9942427 883 1 6 102
873 9943932 885 10 5 37
874 10017428 886 8 1 11
875 10017428 886 4 6 555
876 10017428 886 0 5 25
877 10017428 886 0 0 118
878 10017428 886 2 2 1476
879 10017428 886 2 6 1111
880 10017428 886 9 9 1503
881 10017428 886 10 4 19
882 10018291 887 6 4 158
883 10030945 888 10 4 103
884 10030945 888 10 7 651
885 10106638 894 3 1 19
886 10106638 894 9 3 12
887 10106638 894 0 2 11
888 10106638 894 5 1 19
889 10111718 895 5 9 36
890 10111718 895 8 9 9
891 10150385 896 10 3 3173
892 10150385 896 9 10 16
893 10171190 899 6 0 1733
894 10171190 899 6 10 114
895 10171190 899 6 4 32
896 10171190 900 0 7 201
897 10183061 901 7 2 30
898 10205584 903 1 1 7
899 10205584 903 1 2 22
900 10216669 905 4 8 95
901 10250988 907 2 2 1642
902 10250988 907 2 0 36
903 10250988 907 4 5 207
904 10265807 909 9 3 21
905 10265807 909 9 2 801
906 10297346 913 6 2 19
907 10300726 914 4 3 171
908 10300726 914 2 3 171
909 10329914 919 9 1 16
910 10335517 922 1 4 99
911 10354289 924 0 6 1
912 10378870 928 1 10 51
913 10549840 929 4 3 3
914 10549840 929 4 5 227
915 10549840 929 10 5 227
916 10549840 929 2 2 8
917 10549840 929 0 3 6
918 10549840 929 6 4 878
919 10549840 929 10 1 1
920 10549840 929 0 2 4
921 10549840 929 10 0 10
922 10549840 929 6 2 42
923 10549840 929 4 2 4
924 10549840 929 0 4 878
925 10549840 929 2 0 2
926 10549840 929 5 5 682
927 10549840 929 3 6 109
928 10549840 929 0 1 2
929 10549840 929 5 7 18
930 10549840 929 9 8 14
931 10651158 930 4 2 7
932 10651158 930 3 0 2492
933 10651158 930 0 1 28
934 10651158 930 6 2 7
935 10742656 931 8 8 4
936 10742656 931 8 7 45
937 10742656 931 2 2 1607
938 10742656 931 10 5 349
939 10742656 931 10 9 2119
940 10742656 931 7 6 8
941 10742656 931 5 10 225
942 10742656 931 1 5 349
943 10742656 931 10 0 3169
944 10742656 931 5 9 4239
945 10742656 931 10 1 10
946 10742656 931 4 0 3169
947 10803202 932 2 10 23
948 10803202 932 3 3 3
949 10803202 932 10 8 6
950 10803202 932 5 3 13
951 10803202 932 6 8 20
952 10803202 932 10 6 4
953 10817730 937 4 6 76
954 10840326 940 0 0 266
955 10840326 940 0 1 55
956 11002570 941 9 9 2610
957 11002570 941 3 10 18
958 11002570 941 8 8 1
959 11002570 941 0 2 2
960 11002570 941 8 2 2
961 11002570 941 3 9 1305
962 11002570 941 1 8 1
963 11002570 941 10 0 5
964 11002570 941 3 7 2
965 11002570 941 10 4 1
966 11004977 943 2 8 4884
967 11024936 948 0 7 18
968 11024936 948 1 6 11083
969 11044345 950 3 8 7
970 11050176 954 10 1 315
971 11051843 956 4 1 1266
972 11058570 957 8 9 17
973 11081482 959 10 7 35
974 11081482 959 10 9 43
975 11081482 959 10 1 1320
976 11098463 962 1 9 174
977 11218408 967 7 5 7
978 11218408 967 5 8 44
979 11218408 967 5 0 9
980 11218408 967 1 8 44
981 11218408 967 1 0 9
982 11218408 967 0 0 9
983 11218408 967 6 3 8
984 11218408 967 6 6 3080
985 11218408 967 0 1 369
986 11239665 971 10 8 30
987 11254411 972 10 5 263
988 11254411 972 10 9 152
989 11254411 972 10 1 225
990 11285223 973 2 10 26
991 11285223 973 2 9 112
992 11285223 973 2 6 19
993 11289958 975 2 8 3
994 11294169 977 2 2 5970
995 11316567 986 1 0 968
996 11370183 994 1 0 3
997 11370183 994 10 5 81
998 11374762 995 6 6 518
999 11380427 997 0 3 22
