11 332 1000
0 17217 0 1 8 28
1 17217 0 9 10 942
2 17217 0 9 4 103
3 17217 0 9 3 1560
4 17217 0 9 5 6
5 17217 0 1 6 24
6 65710 3 10 8 592
7 65710 3 9 7 63
8 65710 3 5 2 11041
9 65710 3 5 5 113
10 65710 3 9 8 18952
11 65710 3 5 8 197
12 76059 4 6 8 9
13 120112 9 7 9 45
14 120112 9 7 3 74
15 120112 9 4 3 74
16 120112 9 4 8 2
17 127449 10 2 1 870
18 127449 10 8 1 870
19 168617 13 8 1 265
20 168617 13 3 5 41
21 220596 17 7 4 12
22 220596 17 10 2 1578
23 220596 17 1 10 1
24 220596 17 2 2 8942
25 220596 17 6 2 526
26 230164 18 1 3 19564
27 230164 18 1 0 61
28 236614 20 4 8 333
29 258936 21 4 6 290
30 258936 21 4 7 86
31 260621 22 6 5 14781
32 269090 25 4 0 1977
33 279604 27 10 0 130
34 279604 27 6 0 130
35 304772 29 10 3 99
36 304772 29 2 5 28
37 307119 30 0 6 11
38 316447 32 7 4 14
39 333713 37 4 0 25
40 344379 38 8 5 55
41 344379 38 7 5 110
42 363714 41 10 7 58
43 363714 41 10 1 3192
44 372122 44 1 10 3951
45 373745 45 6 6 1063
46 388488 50 9 10 5268
47 388488 50 10 0 44
48 491538 51 8 3 15
49 491538 51 8 8 1
50 491538 51 0 8 6
51 491538 51 2 10 1
52 491538 51 3 6 1
53 491538 51 5 0 10
54 491538 51 0 5 33
55 491538 51 0 1 15
56 491538 51 2 5 8
57 491538 51 7 3 15
58 494410 54 9 10 4501
59 554637 59 2 4 8
60 554637 59 5 4 3
61 554637 59 8 6 19
62 554637 59 1 4 1
63 554637 59 1 3 5
64 570258 64 2 6 218
65 583979 66 0 0 2
66 583979 66 0 3 61
67 607051 70 3 10 99
68 622504 72 6 7 60
69 622826 73 6 6 58
70 624961 74 7 7 25
71 687583 75 0 7 1
72 687583 75 10 7 1
73 687583 75 6 8 68
74 687583 75 5 7 10
75 687583 75 3 1 591
76 687583 75 1 6 163
77 696013 77 0 4 105
78 790540 84 4 7 21
79 790540 84 10 9 1
80 790540 84 6 0 15
81 790540 84 7 5 716
82 790540 84 10 2 77
83 790540 84 3 2 308
84 790540 84 3 3 8
85 790774 85 8 6 404
86 791200 86 7 5 3487
87 811912 89 7 7 1448
88 834654 94 3 5 756
89 834654 94 1 5 756
90 834654 94 6 5 756
91 899510 99 7 8 5
92 899510 99 0 2 19
93 899510 99 7 9 42
94 899510 99 0 3 63
95 899510 99 7 6 5
96 899510 99 0 5 5
97 981309 102 8 10 21
98 981309 102 8 3 17
99 981309 102 4 10 21
100 981309 102 10 1 3
101 981309 102 8 6 31
102 981309 102 1 4 4
103 981309 102 2 4 4
104 981309 102 4 5 14
105 981309 102 5 6 1
106 981309 102 4 7 1
107 981309 102 2 7 1
108 981309 102 3 7 1
109 1035680 108 3 2 1
110 1035680 108 3 6 15
111 1035680 108 2 5 16
112 1035680 108 3 0 226
113 1035680 108 7 4 34
114 1035680 108 0 7 4
115 1035680 108 0 2 1
116 1040674 110 3 4 18
117 1055742 116 2 2 161
118 1055742 116 2 8 217
119 1055742 116 2 0 61
120 1077912 118 10 5 16
121 1083879 123 6 3 7858
122 1091736 126 3 0 39
123 1112445 127 0 3 27
124 1133665 134 8 3 3
125 1154278 136 8 9 9
126 1154278 136 8 5 496
127 1154278 136 8 8 31
128 1220138 137 8 6 2
129 1220138 137 10 9 2136
130 1220138 137 8 3 48
131 1220138 137 8 10 668
132 1220138 137 6 7 198
133 1221216 138 9 5 109
134 1221216 138 4 5 109
135 1226772 139 10 1 50
136 1229915 142 3 3 77
137 1240284 143 0 6 85
138 1257865 146 3 4 5
139 1257865 146 4 8 333
140 1272505 150 2 0 219
141 1272505 150 2 4 17932
142 1347536 154 10 6 575
143 1347536 154 2 7 642
144 1347536 154 3 7 1284
145 1347536 154 9 4 10
146 1347536 154 5 7 642
147 1347536 154 8 9 11
148 1347536 154 8 4 10
149 1347536 154 7 7 642
150 1347536 154 4 5 69
151 1347536 154 6 6 690
152 1347536 154 3 3 28
153 1347536 154 0 8 196
154 1347536 154 1 7 642
155 1347536 154 5 0 2
156 1348204 155 1 7 3
157 1355870 159 1 4 95
158 1431846 160 5 7 1
159 1431846 160 7 0 11
160 1431846 160 9 0 11
161 1431846 160 8 5 11
162 1460481 162 2 1 2890
163 1473965 165 0 5 110
164 1473965 165 7 4 29
165 1478608 168 8 2 30
166 1478608 168 5 2 15
167 1490092 170 3 3 61
168 1511060 174 7 7 14
169 1511060 174 6 10 9
170 1511060 174 9 2 9
171 1512821 176 6 9 8
172 1539368 177 0 6 344
173 1539368 177 0 9 9
174 1539368 177 3 4 23
175 1539368 177 0 2 189
176 1543131 179 8 7 57
177 1566513 190 10 0 36
178 1577586 192 3 4 9
179 1577586 192 3 10 87
180 1577586 192 3 3 5872
181 1642546 198 4 10 7
182 1642546 198 2 1 18
183 1642546 198 4 1 4
184 1642546 198 1 4 4
185 1642546 198 2 4 2
186 1642546 198 5 4 4
187 1642546 198 6 6 111
188 1649558 202 3 1 8
189 1649558 202 3 10 415
190 1649558 202 3 9 290
191 1649558 202 3 6 222
192 1649558 202 3 5 21864
193 1667315 203 7 0 49
194 1667315 203 8 4 1511
195 1667315 203 8 0 228
196 1667315 203 7 6 48
197 1670866 205 3 2 11780
198 1670866 205 0 3 62
199 1676777 208 10 7 217
200 1683163 209 7 5 39
201 1704227 213 8 4 106
202 1719800 222 0 7 28
203 1727069 224 3 2 49443
204 1732824 227 4 7 1033
205 1733472 228 9 2 15
206 1763285 229 0 4 17
207 1763285 229 2 7 9
208 1763285 229 2 4 52
209 1763285 229 2 1 1
210 1763285 229 2 6 55
211 1763285 229 0 8 118
212 1763285 229 2 3 28
213 1799305 230 0 5 11
214 1869128 233 5 4 5766
215 1869128 233 1 2 4
216 1869128 233 5 0 7
217 1873099 235 2 7 17
218 1878937 236 9 6 55
219 1900430 237 4 3 1
220 1900430 237 10 2 55
221 1902046 238 3 9 432
222 1912269 239 8 1 9
223 1912743 240 1 6 190
224 1984125 241 3 6 1
225 1984125 241 1 1 18
226 1984125 241 3 3 1
227 1984125 241 1 9 1226
228 1984125 241 9 5 1682
229 1984125 241 7 1 6
230 1984125 241 9 3 1
231 1984125 241 3 1 18
232 1984125 241 1 10 1014
233 1984125 241 3 0 9
234 1984125 241 9 9 3679
235 1984125 241 6 10 8112
236 1984125 241 9 4 28
237 1984125 241 1 7 12
238 1984125 241 1 2 1952
239 1984125 241 6 4 14
240 1984125 241 6 2 3905
241 2003602 257 6 9 7792
242 2003629 258 3 0 83
243 2038683 259 5 5 85
244 2038683 259 1 0 14
245 2038683 259 6 1 1783
246 2038683 259 10 0 14
247 2038683 259 5 3 1246
248 2038683 259 6 3 623
249 2118019 262 2 3 1
250 2118019 262 2 1 30
251 2118019 262 3 5 2
252 2118019 262 3 7 1
253 2118019 262 3 8 14
254 2118019 262 9 6 8
255 2118019 262 4 2 13
256 2127941 263 8 10 3048
257 2129971 265 1 3 69
258 2133703 266 3 10 42
259 2172133 282 8 3 286
260 2172133 282 8 0 16296
261 2308595 287 1 4 10
262 2308595 287 5 9 1
263 2308595 287 1 7 807
264 2308595 287 3 2 3
265 2308595 287 2 4 1
266 2308595 287 5 5 70
267 2308595 287 4 8 5
268 2308595 287 5 0 3
269 2308595 287 10 5 4
270 2308595 287 6 4 1
271 2308595 287 3 1 3
272 2308595 287 4 4 2
273 2308595 287 5 7 807
274 2308595 287 9 0 1
275 2355239 291 2 2 6871
276 2355239 291 10 0 1
277 2355239 291 6 6 409
278 2355239 291 6 7 333
279 2355239 291 10 3 211
280 2355239 291 8 2 34357
281 2355239 291 6 8 8
282 2355239 291 1 8 35
283 2397995 292 9 8 218
284 2397995 292 4 9 176
285 2397995 292 3 10 3
286 2427455 298 1 0 21
287 2427455 298 9 10 40
288 2427455 298 9 4 483
289 2427455 298 9 9 5
290 2480768 303 3 2 1892
291 2480768 303 9 6 1193
292 2510202 304 2 1 7
293 2515883 305 7 7 38
294 2518609 307 5 4 3332
295 2611946 317 10 5 964
296 2611946 317 4 9 5
297 2611946 317 6 0 4
298 2611946 317 2 1 14
299 2611946 317 6 2 565
300 2611946 317 8 5 964
301 2636128 324 6 5 7
302 2636128 324 9 9 47
303 2644230 327 1 3 3434
304 2673872 328 5 8 267
305 2673872 328 10 9 14
306 2675774 329 2 7 8
307 2693798 335 1 8 44
308 2693798 335 1 9 28
309 2723227 339 8 3 215
310 2723227 339 9 3 1290
311 2723227 339 6 5 190
312 2753249 340 2 3 126
313 2753249 340 3 0 20
314 2753249 340 6 0 20
315 2753249 340 7 1 11
316 2753249 340 5 4 1
317 2769333 346 1 5 1467
318 2774628 349 6 6 8522
319 2778050 350 9 6 38
320 2789848 353 0 9 9
321 2789848 353 0 6 5
322 2789848 353 0 8 90
323 2791835 355 0 6 29
324 2798237 358 0 4 7138
325 2798800 359 6 9 55
326 2814141 362 3 2 2
327 2819567 365 1 3 670
328 2843402 369 3 9 224
329 2872409 370 0 5 1
330 2872409 370 8 2 1
331 2872409 370 9 5 1
332 2878841 376 9 10 108
333 2879360 378 10 6 120
334 2901443 380 10 0 984
335 2901443 380 10 7 110
336 2910912 386 8 3 1952
337 2914997 387 5 9 1
338 3004774 390 10 8 767
339 3004774 390 9 8 2301
340 3004774 390 4 1 2
341 3004774 390 8 6 459
342 3004774 390 10 3 596
343 3005441 391 5 3 356
344 3029681 392 6 4 427
345 3032903 393 8 1 46
346 3118626 395 3 5 177
347 3118626 395 1 8 33
348 3118626 395 7 1 1
349 3118626 395 8 2 1
350 3118626 395 5 4 1
351 3118626 395 3 3 21
352 3164763 402 9 4 6
353 3164763 402 2 3 65
354 3165921 403 4 8 15143
355 3170400 405 9 5 62
356 3188599 407 2 3 139
357 3188599 407 2 4 49
358 3188599 407 2 8 611
359 3248611 409 5 1 542
360 3248611 409 2 2 23
361 3248611 409 1 7 15
362 3248611 409 6 5 797
363 3248611 409 2 0 528
364 3248611 409 10 10 10
365 3248611 409 8 0 1056
366 3248611 409 1 4 2
367 3248611 409 8 10 10
368 3248611 409 8 9 15
369 3254461 411 9 4 206
370 3281243 413 9 0 144
371 3281243 413 2 6 214
372 3288128 419 10 1 7
373 3307451 422 2 7 9
374 3307451 422 10 3 54
375 3320238 424 7 1 86
376 3427112 428 0 4 1
377 3427112 428 1 1 668
378 3427112 428 6 10 4
379 3427112 428 8 5 822
380 3427112 428 10 8 2
381 3427112 428 9 7 1
382 3427112 428 1 4 1
383 3427112 428 1 5 822
384 3427112 428 2 5 822
385 3427112 428 10 4 1
386 3427112 428 2 10 25
387 3427112 428 7 5 822
388 3427112 428 0 9 1
389 3427112 428 3 3 3
390 3427112 428 10 7 1
391 3427112 428 1 0 2
392 3427112 428 5 9 3
393 3427112 428 10 5 822
394 3427112 428 7 2 2
395 3427112 428 9 1 668
396 3487038 430 7 6 381
397 3487038 430 10 5 33
398 3487038 430 7 3 21
399 3487038 430 9 3 8
400 3487038 430 4 4 3
401 3487038 430 9 6 190
402 3487038 430 5 3 2
403 3487038 430 4 8 1
404 3487038 430 4 7 17
405 3487038 430 8 4 3
406 3487038 430 5 6 190
407 3490257 431 6 0 184
408 3491499 432 7 7 22
409 3505023 438 8 4 10191
410 3509530 440 0 3 120
411 3523172 445 8 0 52
412 3523172 445 7 0 52
413 3523172 445 7 6 2
414 3528719 450 9 4 2471
415 3533122 452 8 10 147
416 3537537 455 5 0 30
417 3585807 457 2 6 6
418 3585807 457 8 10 5
419 3585807 457 10 0 8
420 3585807 457 0 9 13
421 3585807 457 4 3 14
422 3585807 457 6 4 33
423 3585807 457 10 3 44
424 3585807 457 4 5 32
425 3608491 460 1 2 8
426 3654832 461 6 10 1
427 3654832 461 9 7 1
428 3654832 461 3 2 27
429 3654832 461 6 6 122
430 3654832 461 8 0 1
431 3654832 461 7 8 9
432 3654832 461 4 0 1
433 3806414 466 8 2 150
434 3806414 466 6 4 217
435 3806414 466 5 1 2
436 3806414 466 1 6 4
437 3806414 466 0 7 1
438 3806414 466 7 2 50
439 3806414 466 7 1 8
440 3806414 466 4 8 1
441 3806414 466 3 8 1
442 3806414 466 8 10 2
443 3806414 466 5 5 1
444 3806414 466 9 2 50
445 3806414 466 7 6 28
446 3806414 466 7 8 1
447 3806414 466 2 10 2
448 3842367 467 10 1 1
449 3842367 467 2 3 1
450 3842367 467 4 5 5
451 3842367 467 10 8 39
452 3842367 467 10 7 23
453 3842367 467 0 6 6
454 3842367 467 6 8 7
455 3852236 468 7 5 422
456 3852236 468 7 3 165
457 3852236 468 7 0 6237
458 3913509 473 0 3 14
459 3913509 473 3 6 5
460 3913509 473 4 9 2
461 3913509 473 0 10 1
462 3913509 473 9 10 1
463 3913509 473 10 8 52
464 3913509 473 7 5 68
465 3913509 473 2 5 68
466 3913509 473 2 9 4
467 3913509 473 0 8 1669
468 3913509 473 5 7 3
469 3913509 473 9 2 7
470 3913966 474 4 9 211
471 4039620 475 4 5 5
472 4039620 475 3 7 4
473 4039620 475 10 3 4
474 4039620 475 2 3 1
475 4039620 475 10 7 4
476 4039620 475 0 2 1
477 4039620 475 9 5 2
478 4039620 475 7 0 1
479 4039620 475 9 7 9
480 4053211 477 2 5 349
481 4053211 477 2 4 41
482 4053211 477 2 0 196
483 4053211 477 2 8 74
484 4053211 477 2 6 69
485 4053211 477 2 9 103
486 4071520 483 10 10 8
487 4086866 487 5 10 202
488 4102788 489 2 5 94
489 4102788 489 8 4 48
490 4102788 489 9 9 62
491 4102788 489 8 10 15052
492 4230576 498 0 2 4
493 4230576 498 5 10 13
494 4230576 498 6 7 7
495 4230576 498 1 6 1
496 4230576 498 4 1 17
497 4230576 498 9 3 1
498 4230576 498 3 8 514
499 4230576 498 6 9 1
500 4230576 498 4 10 13
501 4230576 498 4 7 7
502 4230576 498 10 3 4
503 4230576 498 9 4 50
504 4230576 498 7 2 9
505 4230576 498 0 6 1
506 4230576 498 3 9 1
507 4230576 498 10 10 13
508 4230576 498 0 8 1028
509 4230576 498 2 1 17
510 4240381 499 7 10 10
511 4240381 499 7 2 121
512 4240381 499 7 7 71
513 4249831 504 10 9 1333
514 4317903 507 10 1 1
515 4317903 507 1 0 6
516 4317903 507 9 4 1429
517 4317903 507 7 2 5
518 4317903 507 1 6 3
519 4317903 507 2 10 89
520 4344640 510 7 8 7
521 4344640 510 7 10 87
522 4344640 510 7 5 3
523 4344640 510 6 1 5
524 4415869 513 6 3 21
525 4415869 513 3 2 6
526 4415869 513 6 1 5
527 4415869 513 6 9 20
528 4415869 513 10 3 26
529 4415869 513 4 8 1009
530 4415869 513 2 2 30
531 4415869 513 7 0 1
532 4416336 514 9 9 87
533 4430513 516 6 3 1
534 4430513 516 1 3 1
535 4432874 519 5 10 44
536 4462637 535 3 7 31
537 4462637 535 10 7 6
538 4462637 535 1 7 6
539 4484643 542 1 1 3993
540 4484643 542 1 0 34
541 4496022 547 4 10 15
542 4496022 547 4 2 327
543 4498582 549 8 5 792
544 4507679 550 6 6 6
545 4507679 550 0 6 31
546 4524005 551 5 1 3
547 4524005 551 8 1 3
548 4653197 555 4 1 191
549 4653197 555 1 7 14
550 4653197 555 10 8 7
551 4653197 555 1 6 23
552 4653197 555 1 1 95
553 4653197 555 4 2 4380
554 4653197 555 7 10 4
555 4653197 555 10 1 95
556 4653197 555 4 10 197
557 4653197 555 7 8 102
558 4653197 555 0 0 1
559 4653197 555 6 3 202
560 4653197 555 4 0 3
561 4653197 555 7 0 1
562 4653197 555 10 3 607
563 4698172 556 0 7 15
564 4698172 556 10 7 15
565 4698172 556 8 7 15
566 4708486 557 3 10 162
567 4726007 560 10 2 45
568 4726007 560 2 2 8
569 4741713 562 10 5 78
570 4763506 567 1 5 9237
571 4812217 569 4 8 1
572 4812217 569 9 6 87
573 4812217 569 7 0 26
574 4812217 569 8 6 1
575 4812217 569 6 7 1
576 4812217 569 1 1 16
577 4812217 569 3 1 1
578 4812217 569 9 1 1
579 4812217 569 2 8 1
580 4824290 575 1 8 15
581 4861143 576 1 4 37
582 4867663 578 3 0 66
583 4867948 579 3 0 57
584 4890018 582 4 3 49
585 4890018 582 4 10 93
586 4904509 587 2 1 6
587 4904509 587 4 1 12
588 4920676 591 3 10 5
589 4920676 591 8 10 2
590 4920676 591 6 10 2
591 4921188 592 10 1 40
592 4987296 607 10 9 5247
593 5110164 612 4 6 1
594 5110164 612 3 0 71
595 5110164 612 10 3 19
596 5110164 612 7 2 448
597 5110164 612 4 4 2485
598 5110164 612 9 8 8
599 5110164 612 5 7 2539
600 5110164 612 9 5 120
601 5110164 612 4 5 120
602 5110164 612 7 6 4
603 5110164 612 1 10 55
604 5119253 613 3 3 19596
605 5221376 616 3 2 3
606 5221376 616 0 0 1977
607 5221376 616 2 0 1483
608 5221376 616 7 4 1
609 5221376 616 8 8 1
610 5221376 616 3 10 854
611 5221376 616 3 8 82
612 5221376 616 10 7 200
613 5221376 616 1 5 1227
614 5221376 616 3 4 1
615 5221376 616 8 1 1
616 5221376 616 2 2 1
617 5221376 616 10 9 2
618 5221376 616 6 9 11
619 5221376 616 1 2 1
620 5221376 616 7 6 36
621 5221376 616 10 6 36
622 5221376 616 9 9 8
623 5221376 616 6 8 1
624 5223323 617 4 2 116
625 5241897 624 2 5 2839
626 5256245 626 2 4 100
627 5256245 626 2 3 6058
628 5270718 628 1 0 118
629 5270718 628 1 3 228
630 5281675 631 7 5 232
631 5307209 633 5 7 3
632 5307209 633 5 4 225
633 5312073 634 7 3 109
634 5312073 634 7 1 38
635 5312073 634 7 8 2395
636 5318373 635 5 9 102
637 5324894 637 10 10 8
638 5396213 644 1 4 647
639 5396213 644 9 9 54
640 5396213 644 6 10 1
641 5396213 644 5 3 10
642 5396213 644 4 6 1
643 5396213 644 6 8 1817
644 5396213 644 6 6 1
645 5396213 644 6 1 6
646 5396213 644 9 10 2
647 5396213 644 2 8 1817
648 5403594 653 7 10 4838
649 5404052 654 7 5 44
650 5407105 658 0 3 6037
651 5421256 667 2 7 77
652 5426858 668 5 3 3071
653 5426858 668 5 6 68
654 5426858 668 5 10 160
655 5512887 671 4 3 61
656 5512887 671 1 6 16
657 5512887 671 7 5 30
658 5512887 671 7 2 19
659 5512887 671 3 4 1342
660 5512887 671 0 4 671
661 5512887 671 8 2 6
662 5512887 671 3 2 6
663 5512887 671 10 7 2
664 5514869 672 8 2 85
665 5530059 675 2 4 30
666 5532542 676 8 4 41
667 5533117 677 6 8 67
668 5617261 683 0 2 3054
669 5617261 683 6 5 1
670 5617261 683 4 10 16
671 5617261 683 5 5 82
672 5617261 683 5 3 29
673 5617261 683 7 10 16
674 5617261 683 9 3 29
675 5637471 689 8 4 318
676 5672494 690 0 4 863
677 5672494 690 4 8 300
678 5672494 690 8 0 3850
679 5672494 690 8 8 600
680 5672494 690 0 3 90
681 5672494 690 4 5 4
682 5702471 692 2 6 43
683 5712156 693 8 4 80
684 5712156 693 8 9 102
685 5713648 694 4 6 1358
686 5847249 695 2 9 1503
687 5847249 695 7 8 1
688 5847249 695 8 1 3
689 5847249 695 5 8 1
690 5847249 695 7 2 793
691 5847249 695 1 9 214
692 5847249 695 6 1 3
693 5847249 695 8 7 8
694 5847249 695 7 9 429
695 5847249 695 6 2 1587
696 5847249 695 7 6 2
697 5847249 695 7 3 4
698 5847249 695 1 10 1
699 5847249 695 5 2 793
700 5883575 698 2 7 2
701 5883575 698 2 0 22
702 5883575 698 5 4 89
703 5883575 698 2 6 13
704 5883575 698 10 7 2
705 5883575 698 10 5 51
706 5883575 698 2 3 127
707 5885144 700 9 4 4666
708 5899895 701 0 9 1
709 5899895 701 4 2 3
710 5926372 702 3 8 11
711 5926372 702 4 2 28
712 5926372 702 0 10 1
713 5926372 702 0 3 1
714 5926372 702 4 10 74
715 5926372 702 3 3 1
716 5926372 702 3 0 1187
717 5926372 702 3 4 649
718 5953093 703 9 6 38
719 5953093 703 2 5 40
720 5953093 703 2 8 52
721 5959388 708 7 4 12039
722 5985534 712 4 4 99
723 6045875 718 2 10 21
724 6045875 718 0 0 1
725 6045875 718 3 0 36
726 6045875 718 10 10 10
727 6045875 718 5 9 11729
728 6069720 723 6 8 7
729 6069720 723 3 2 3584
730 6069720 723 6 0 79
731 6069720 723 3 0 39
732 6078832 724 6 3 4789
733 6090721 727 8 7 2
734 6090721 727 10 10 104
735 6096713 731 2 10 8
736 6127121 732 9 6 4
737 6127121 732 9 5 52
738 6127121 732 9 0 2
739 6127121 732 5 9 46
740 6158275 735 9 7 1348
741 6158275 735 9 9 40
742 6158275 735 6 5 36
743 6158275 735 6 7 1348
744 6168179 737 10 0 88
745 6180159 739 10 2 39026
746 6251668 741 5 6 5
747 6251668 741 5 7 2
748 6251668 741 7 7 2
749 6251668 741 3 7 2
750 6251668 741 2 8 6
751 6265289 744 7 8 75
752 6265289 744 6 3 1
753 6265289 744 8 8 75
754 6280029 749 5 4 26
755 6342904 751 10 2 15409
756 6342904 751 6 1 15
757 6342904 751 1 1 15
758 6342904 751 5 9 15
759 6342904 751 1 2 119
760 6342904 751 3 7 14
761 6342904 751 4 8 5
762 6342904 751 9 7 3
763 6342904 751 0 5 12
764 6355095 753 9 4 9625
765 6370464 755 9 10 2193
766 6387940 757 7 5 578
767 6387940 757 7 0 7
768 6392395 759 9 3 11
769 6397763 761 8 5 91
770 6397763 761 4 5 45
771 6438547 766 5 5 54
772 6466238 768 8 10 47
773 6466238 768 0 6 37
774 6466238 768 0 4 59
775 6466238 768 0 9 352
776 6466238 768 8 3 102
777 6475302 773 6 10 17
778 6478975 774 7 5 98
779 6479500 775 9 3 95
780 6491554 778 5 1 279
781 6491554 778 7 9 14
782 6491554 778 3 1 279
783 6491554 778 4 9 7
784 6492650 779 4 1 18222
785 6499739 780 0 5 4
786 6499739 780 3 5 4
787 6512804 787 2 4 78
788 6532223 798 4 3 11778
789 6533509 801 9 6 20
790 6549489 805 1 6 154
791 6574945 818 9 4 82
792 6700820 822 6 1 1
793 6700820 822 1 10 1
794 6700820 822 2 8 3838
795 6700820 822 0 7 414
796 6700820 822 8 10 3
797 6700820 822 4 7 138
798 6700820 822 1 9 5
799 6700820 822 3 3 1
800 6700820 822 10 7 138
801 6700820 822 6 2 3
802 6700820 822 2 9 1
803 6799086 823 10 2 12
804 6799086 823 5 1 969
805 6799086 823 9 2 6
806 6799086 823 3 3 4
807 6799086 823 5 7 751
808 6799086 823 8 9 3
809 6799086 823 3 10 1
810 6799086 823 9 5 599
811 6799086 823 9 9 1
812 6799086 823 8 10 1
813 6799086 823 2 9 1
814 6830230 825 7 9 18
815 6830230 825 0 0 3
816 6830230 825 0 2 27
817 6830230 825 7 8 63
818 6830230 825 10 4 62
819 6830230 825 7 2 27
820 6847891 830 1 2 42
821 6847891 830 2 7 448
822 6847891 830 0 5 5
823 6870485 833 7 5 22
824 6870485 833 7 10 8
825 6870485 833 7 7 1338
826 6884926 834 9 10 1400
827 6884926 834 7 0 177
828 6892349 839 8 3 4
829 6907888 842 1 1 148
830 6926943 846 5 1 9
831 6931607 851 0 6 15
832 6932466 852 2 9 48
833 6933504 853 9 0 60
834 6935527 854 6 10 67
835 6949990 857 9 9 69
836 6971288 861 3 9 59
837 6971288 861 3 5 2029
838 6973188 862 9 9 70
839 6981098 863 2 4 116
840 7047713 864 2 7 1
841 7047713 864 2 0 1809
842 7047713 864 5 9 35
843 7047713 864 2 6 4
844 7047713 864 7 4 17
845 7047713 864 4 5 15
846 7047713 864 3 4 5
847 7047713 864 1 1 4
848 7053073 868 10 6 201
849 7065532 871 1 3 1534
850 7082662 874 2 2 46
851 7088971 875 5 7 18
852 7091243 876 9 3 18
853 7091243 876 10 3 37
854 7100687 881 0 2 561
855 7101734 883 1 6 102
856 7155306 886 8 4 1
857 7155306 886 7 0 14
858 7155306 886 1 7 1
859 7155306 886 8 8 20
860 7155306 886 5 4 25
861 7155306 886 5 6 555
862 7155306 886 9 0 14
863 7155306 886 2 0 14
864 7155306 886 8 0 29
865 7155306 886 4 6 555
866 7155306 886 6 5 25
867 7155306 886 0 5 25
868 7155306 886 5 9 751
869 7219027 894 5 1 19
870 7219027 894 8 5 30
871 7219027 894 7 8 1
872 7219027 894 4 7 10
873 7219027 894 7 2 5
874 7219027 894 10 8 1
875 7219027 894 2 5 30
876 7219027 894 3 9 35
877 7219027 894 6 5 2
878 7250275 896 2 2 38
879 7250275 896 2 3 4760
880 7254092 897 0 6 1763
881 7265135 899 6 8 4891
882 7265135 899 6 3 108
883 7265135 899 6 1 58
884 7265135 899 6 4 32
885 7265135 899 6 5 249
886 7265135 899 6 0 1733
887 7273615 901 1 3 1484
888 7289703 903 1 10 49
889 7297620 905 8 8 95
890 7322134 907 2 9 153
891 7322134 907 2 8 156
892 7322134 907 2 7 3009
893 7322134 907 4 9 76
894 7332719 909 9 6 8913
895 7355247 913 6 2 19
896 7355247 913 0 2 19
897 7355247 913 7 2 19
898 7367990 917 3 9 3
899 7378510 919 9 1 16
900 7381046 920 2 8 655
901 7395920 924 0 6 1
902 7395920 924 8 6 3
903 7395920 924 1 6 1
904 7411201 926 7 5 9235
905 7411201 926 7 0 37
906 7535600 929 3 4 878
907 7535600 929 6 2 42
908 7535600 929 1 0 2
909 7535600 929 10 2 4
910 7535600 929 4 9 8
911 7535600 929 4 5 227
912 7535600 929 5 4 878
913 7535600 929 1 6 54
914 7535600 929 1 10 2
915 7535600 929 3 5 227
916 7535600 929 0 10 1
917 7535600 929 0 0 5
918 7535600 929 7 2 8
919 7535600 929 5 1 2
920 7535600 929 6 6 54
921 7535600 929 2 6 218
922 7607970 930 8 2 7
923 7607970 930 1 2 43
924 7607970 930 2 0 2492
925 7607970 930 6 8 928
926 7607970 930 1 9 71
927 7607970 930 4 10 683
928 7607970 930 0 5 22
929 7607970 930 5 7 10
930 7607970 930 10 0 7476
931 7607970 930 0 1 28
932 7607970 930 6 7 10
933 7673326 931 10 5 349
934 7673326 931 5 5 349
935 7673326 931 8 1 84
936 7673326 931 6 9 2119
937 7673326 931 6 10 225
938 7673326 931 2 8 4
939 7673326 931 4 1 10
940 7673326 931 7 10 225
941 7716573 932 2 2 2708
942 7716573 932 1 1 779
943 7716573 932 4 2 902
944 7716573 932 8 3 9
945 7716573 932 0 10 23
946 7716573 932 5 0 2
947 7720992 934 1 7 15
948 7720992 934 3 7 45
949 7736110 939 9 9 59
950 7736110 939 8 8 28526
951 7858979 941 0 8 5
952 7858979 941 5 6 2
953 7858979 941 10 2 2
954 7858979 941 0 5 13
955 7858979 941 1 10 36
956 7858979 941 9 5 13
957 7858979 941 1 6 5
958 7858979 941 9 7 1
959 7858979 941 8 9 1305
960 7858979 941 7 9 1305
961 7858979 941 6 3 1
962 7858979 941 6 4 1
963 7858979 941 3 5 13
964 7858979 941 8 4 11
965 7863779 946 1 9 112
966 7874954 948 8 6 3958
967 7877996 949 10 4 3132
968 7898978 957 7 9 35
969 7915344 959 10 2 32
970 7927348 961 5 5 343
971 8013149 967 1 8 44
972 8013149 967 6 9 2
973 8013149 967 0 2 15
974 8013149 967 1 7 243
975 8013149 967 0 4 14
976 8013149 967 6 5 7
977 8013149 967 7 9 4
978 8013149 967 4 9 9
979 8013149 967 1 6 3080
980 8013149 967 1 0 9
981 8013149 967 7 2 30
982 8013149 967 1 9 9
983 8013149 967 4 2 15
984 8013149 967 5 7 486
985 8013149 967 7 1 1476
986 8038865 972 10 9 152
987 8038865 972 10 5 263
988 8038865 972 10 2 558
989 8060874 973 0 1 24
990 8060874 973 2 2 3
991 8062028 974 2 10 4704
992 8064256 975 10 8 1
993 8074998 979 0 1 41
994 8079216 980 10 10 306
995 8081236 983 0 10 188
996 8103636 993 4 5 84
997 8121559 994 5 5 16
998 8121559 994 1 1 1
999 8121559 994 5 4 38
