11 354 1000
0 17217 0 1 2 152
1 65710 3 9 6 284
2 65710 3 10 5 113
3 65710 3 10 2 11041
4 65710 3 5 3 126
5 76059 4 7 5 43
6 86959 8 10 0 624
7 120112 9 1 0 14
8 120112 9 7 0 7
9 120112 9 1 2 19
10 120112 9 7 9 45
11 130392 12 6 2 40
12 168617 13 7 9 48707
13 168617 13 6 5 13
14 168617 13 10 4 340
15 168617 13 8 10 297
16 168617 13 5 10 495
17 220596 17 10 1 44
18 220596 17 7 8 1
19 220596 17 10 7 2
20 220596 17 0 9 5269
21 220596 17 5 5 16
22 220596 17 6 2 526
23 220596 17 0 8 1
24 230164 18 1 8 1476
25 230164 18 1 6 36
26 230164 18 1 3 19564
27 230164 18 1 0 61
28 230164 18 1 4 20
29 258936 21 3 5 18
30 258936 21 3 7 129
31 258936 21 3 10 68
32 258936 21 4 7 86
33 269090 25 4 0 1977
34 269141 26 0 8 2366
35 280118 28 0 8 53
36 307119 30 0 6 11
37 317283 34 3 5 1261
38 333713 37 3 8 6
39 344379 38 7 5 110
40 344379 38 8 8 11723
41 349581 39 10 5 6
42 363714 41 10 5 3030
43 363714 41 10 8 44
44 372122 44 1 4 29
45 372122 44 1 5 455
46 388488 50 10 4 2237
47 491538 51 2 0 10
48 491538 51 9 2 5
49 491538 51 5 1 15
50 491538 51 0 2 10
51 491538 51 8 0 21
52 491538 51 5 7 5
53 491538 51 10 0 64
54 491538 51 0 8 6
55 491538 51 10 3 15
56 491538 51 0 5 33
57 491538 51 9 1 15
58 491538 51 5 9 1
59 491538 51 5 0 10
60 491538 51 0 4 15
61 499593 56 5 2 461
62 503415 58 8 2 1566
63 503415 58 1 2 7830
64 554637 59 1 3 5
65 554637 59 2 6 19
66 554637 59 2 7 6
67 554637 59 8 7 6
68 554637 59 1 6 19
69 554637 59 5 7 26
70 554637 59 1 9 128
71 554637 59 8 3 10
72 554637 59 2 9 18
73 564921 61 2 2 24
74 583979 66 0 4 60
75 607051 70 3 10 99
76 624961 74 10 7 17
77 687583 75 4 2 7002
78 687583 75 2 5 577
79 687583 75 9 7 1
80 687583 75 2 9 1
81 687583 75 6 0 11
82 687583 75 5 2 778
83 687583 75 8 7 3
84 687583 75 9 4 1
85 687583 75 2 4 1
86 687583 75 4 5 115
87 687583 75 2 1 591
88 687583 75 3 4 1
89 687583 75 1 10 3
90 687583 75 4 8 1
91 790540 84 7 1 8
92 790540 84 2 7 21
93 790540 84 3 1 24
94 790540 84 7 0 7
95 790540 84 3 8 1
96 790540 84 10 8 6
97 790540 84 7 7 21
98 790540 84 4 5 4
99 790774 85 8 6 404
100 790774 85 9 6 404
101 792125 87 5 7 210
102 796673 88 9 6 10
103 811912 89 7 6 1461
104 811912 89 7 7 1448
105 811912 89 7 4 298
106 821385 91 4 2 550
107 821385 91 8 2 550
108 821385 91 9 2 4953
109 834654 94 2 5 756
110 851788 97 6 9 1843
111 851788 97 4 9 1843
112 899510 99 7 10 3070
113 899510 99 0 4 28
114 899510 99 7 7 12
115 899510 99 0 3 63
116 899510 99 7 9 42
117 900793 100 7 2 57
118 981309 102 0 0 35
119 981309 102 5 2 483
120 981309 102 0 7 3
121 981309 102 9 10 21
122 981309 102 6 5 14
123 981309 102 9 4 16
124 981309 102 1 6 1
125 981309 102 10 6 1
126 981309 102 7 10 21
127 995592 104 4 9 60
128 1035680 108 0 6 7
129 1035680 108 7 2 1
130 1035680 108 5 4 34
131 1035680 108 5 10 3
132 1035680 108 4 0 226
133 1036286 109 3 0 33
134 1045013 114 6 9 34
135 1046563 115 3 6 95
136 1055742 116 2 6 106
137 1055742 116 2 3 15961
138 1065913 117 0 6 1374
139 1077912 118 6 2 15
140 1112445 127 0 3 27
141 1125731 132 0 7 7571
142 1133665 134 0 3 7
143 1133665 134 8 9 76
144 1133665 134 1 6 1980
145 1133665 134 0 9 76
146 1154278 136 8 3 215
147 1154278 136 1 8 15
148 1154278 136 8 7 14
149 1154278 136 8 6 21
150 1154278 136 8 9 9
151 1220138 137 5 0 8
152 1220138 137 2 0 4
153 1220138 137 10 10 222
154 1220138 137 7 9 2136
155 1240284 143 0 0 349
156 1257865 146 10 4 11
157 1257865 146 4 3 36
158 1272505 150 2 10 10
159 1272505 150 2 4 17932
160 1272505 150 2 3 66
161 1272505 150 2 2 69
162 1282698 153 4 9 185
163 1347536 154 9 2 6235
164 1347536 154 5 8 21
165 1347536 154 3 9 11
166 1347536 154 0 8 196
167 1431846 160 1 9 48
168 1431846 160 2 2 210
169 1431846 160 6 3 2
170 1431846 160 3 2 843
171 1431846 160 4 8 306
172 1431846 160 1 7 1
173 1431846 160 0 4 19
174 1431846 160 10 3 7
175 1431846 160 5 8 306
176 1460481 162 10 10 5
177 1460481 162 6 4 92
178 1460481 162 5 3 574
179 1460481 162 10 6 14
180 1460481 162 7 0 3799
181 1460481 162 3 6 14
182 1473965 165 10 4 73
183 1473965 165 7 4 29
184 1473965 165 8 3 93
185 1478608 168 1 2 15
186 1490092 170 3 10 19
187 1497122 172 7 2 54
188 1497122 172 6 8 29
189 1511060 174 2 2 9
190 1511060 174 7 2 9
191 1511060 174 2 10 174
192 1539368 177 0 6 344
193 1546810 183 4 0 35
194 1552206 185 10 10 36
195 1559120 187 9 1 15
196 1559868 188 4 10 27
197 1561314 189 1 7 16203
198 1566513 190 10 10 8155
199 1582243 196 9 4 86
200 1642546 198 1 8 11
201 1642546 198 7 4 2
202 1642546 198 9 5 1
203 1642546 198 0 0 5
204 1642546 198 6 4 2
205 1642546 198 7 0 20
206 1642546 198 1 1 4
207 1642546 198 1 2 2
208 1642546 198 7 9 7
209 1642546 198 5 1 9
210 1649558 202 3 7 44
211 1649558 202 3 2 18
212 1667315 203 8 9 59
213 1667315 203 8 6 48
214 1667315 203 8 5 8684
215 1672622 206 3 6 88
216 1676777 208 10 7 217
217 1683163 209 1 5 39
218 1701077 210 10 3 1
219 1705737 215 7 4 8130
220 1713066 217 8 5 78
221 1718516 220 0 5 2340
222 1719800 222 0 7 28
223 1727069 224 3 5 91
224 1733472 228 9 2 15
225 1763285 229 6 9 74
226 1763285 229 0 4 17
227 1763285 229 0 10 5
228 1799305 230 0 10 8
229 1799305 230 0 2 1
230 1799305 230 8 2 48
231 1799305 230 3 1 230
232 1802169 231 5 6 6
233 1869128 233 2 7 1
234 1869128 233 2 2 4
235 1869128 233 0 7 1
236 1873099 235 2 7 17
237 1900430 237 4 4 4
238 1900430 237 10 7 51
239 1900430 237 4 9 11
240 1900430 237 4 8 53
241 1984125 241 3 6 1
242 1984125 241 9 6 1
243 1984125 241 6 4 14
244 1984125 241 4 9 1226
245 1984125 241 6 3 1
246 1984125 241 9 9 3679
247 1984125 241 1 3 1
248 1984125 241 4 0 9
249 1984125 241 3 3 1
250 1984125 241 4 10 1014
251 1984125 241 6 0 9
252 1984125 241 7 1 6
253 1984125 241 3 10 4056
254 1984125 241 1 1 18
255 1991396 245 10 8 40
256 1992218 247 9 7 2966
257 2038683 259 6 3 623
258 2038683 259 7 0 14
259 2038683 259 4 7 25
260 2039093 261 2 6 94
261 2118019 262 9 6 8
262 2118019 262 9 0 19
263 2118019 262 4 7 1
264 2118019 262 3 2 6
265 2118019 262 9 10 6
266 2127941 263 10 10 1524
267 2133703 266 5 10 10
268 2145034 269 4 8 138
269 2145034 269 4 2 8281
270 2145034 269 4 4 68
271 2153513 271 2 7 8
272 2160617 279 0 10 162
273 2161737 280 5 2 647
274 2161968 281 1 7 651
275 2172133 282 8 9 41
276 2172133 282 8 6 237
277 2308595 287 10 5 4
278 2308595 287 7 9 1
279 2308595 287 3 7 807
280 2308595 287 5 9 1
281 2308595 287 3 0 5
282 2308595 287 7 0 74
283 2308595 287 2 6 24
284 2308595 287 8 8 5
285 2308595 287 5 0 3
286 2308595 287 4 10 7
287 2308595 287 7 8 5
288 2308595 287 7 1 47
289 2308595 287 4 3 11
290 2308595 287 5 6 170
291 2308595 287 0 5 17
292 2308595 287 10 2 3
293 2308595 287 4 5 2
294 2308595 287 5 2 28
295 2355239 291 1 0 1
296 2355239 291 4 1 128
297 2355239 291 9 3 211
298 2355239 291 8 3 1267
299 2355239 291 2 5 25
300 2355239 291 0 0 33
301 2355239 291 3 2 3435
302 2355239 291 1 7 111
303 2397995 292 4 10 1
304 2397995 292 9 1 197
305 2427455 298 9 7 60
306 2427455 298 9 0 21
307 2480768 303 3 10 14
308 2480768 303 3 9 204
309 2480768 303 3 6 5173
310 2480768 303 0 0 3
311 2510202 304 3 1 7
312 2510202 304 2 1 7
313 2510202 304 2 0 206
314 2510202 304 3 5 23
315 2515883 305 4 7 38
316 2518609 307 5 4 3332
317 2543027 314 9 1 54
318 2611946 317 4 9 5
319 2611946 317 6 5 3859
320 2611946 317 7 2 1697
321 2673872 328 5 8 267
322 2673872 328 5 0 1
323 2673872 328 3 9 2
324 2684820 330 0 8 10328
325 2693798 335 1 7 96
326 2703425 337 4 8 4762
327 2703425 337 4 4 1536
328 2723227 339 7 3 430
329 2723227 339 6 3 215
330 2723227 339 3 7 31
331 2723227 339 10 2 2880
332 2723227 339 4 7 15
333 2753249 340 8 3 126
334 2753249 340 8 7 2998
335 2753249 340 7 7 2998
336 2753249 340 5 3 126
337 2756198 341 10 2 91
338 2758378 342 9 4 133
339 2774628 349 8 6 1136
340 2778050 350 8 6 14
341 2780762 352 9 10 104
342 2798800 359 6 9 55
343 2814141 362 3 2 2
344 2814141 362 8 2 2
345 2826037 366 7 2 23
346 2843402 369 2 7 23
347 2843402 369 9 8 28
348 2843402 369 10 7 1
349 2872409 370 6 5 4
350 2872409 370 2 5 1
351 2872409 370 4 8 3
352 2872409 370 1 10 35
353 2872409 370 3 8 3
354 2872409 370 10 8 22
355 2872409 370 9 5 1
356 2872409 370 2 8 3
357 2901443 380 10 9 703
358 2910912 386 8 3 1952
359 2914997 387 9 9 1
360 2914997 387 3 9 1
361 2934910 388 7 10 17
362 2934910 388 0 1 16
363 2934910 388 7 2 3
364 3004774 390 10 4 27
365 3004774 390 10 8 767
366 3004774 390 10 5 13
367 3004774 390 2 3 596
368 3004774 390 7 5 20
369 3004774 390 1 3 298
370 3004774 390 10 3 596
371 3004774 390 10 6 459
372 3004774 390 3 5 6
373 3029681 392 0 4 427
374 3029681 392 6 5 3851
375 3029681 392 2 4 427
376 3032903 393 2 1 46
377 3118626 395 9 10 10
378 3118626 395 8 8 33
379 3118626 395 8 10 31
380 3118626 395 2 7 1
381 3118626 395 6 0 440
382 3118626 395 10 6 13
383 3118626 395 1 8 33
384 3124746 396 10 1 1216
385 3164763 402 2 1 907
386 3165921 403 4 8 15143
387 3170400 405 9 5 62
388 3188599 407 2 10 6135
389 3188599 407 2 2 73
390 3248611 409 6 3 65
391 3248611 409 8 5 797
392 3248611 409 5 10 10
393 3248611 409 10 10 10
394 3248611 409 6 2 3
395 3248611 409 8 7 1
396 3248611 409 8 6 1
397 3248611 409 2 5 3188
398 3281243 413 2 2 3014
399 3281243 413 2 4 4707
400 3281243 413 9 5 300
401 3281243 413 2 9 66
402 3283795 415 6 1 12637
403 3287168 417 6 2 58
404 3307451 422 0 7 62
405 3307451 422 3 2 3415
406 3307826 423 3 1 4754
407 3427112 428 5 1 6684
408 3427112 428 3 5 822
409 3427112 428 3 1 1336
410 3427112 428 9 10 4
411 3427112 428 4 6 1
412 3427112 428 0 7 1
413 3427112 428 8 1 7352
414 3427112 428 6 10 4
415 3427112 428 4 1 2673
416 3427112 428 8 8 2
417 3427112 428 6 0 2
418 3427112 428 10 9 1
419 3427112 428 9 4 1
420 3427112 428 5 3 3
421 3427112 428 5 9 3
422 3427112 428 6 2 1
423 3427112 428 0 2 2
424 3427112 428 0 3 3
425 3487038 430 3 8 1
426 3487038 430 7 8 5
427 3487038 430 4 6 190
428 3501762 435 2 6 24
429 3509530 440 0 0 29
430 3509530 440 0 3 120
431 3523172 445 10 6 2
432 3523735 446 8 4 28
433 3527194 448 6 1 2
434 3527194 448 10 1 2
435 3585807 457 2 10 5
436 3585807 457 1 5 64
437 3585807 457 7 0 8
438 3585807 457 10 10 5
439 3585807 457 0 1 1
440 3585807 457 7 9 27
441 3590865 458 4 4 1978
442 3608491 460 1 9 91
443 3608491 460 1 2 8
444 3654832 461 0 6 245
445 3654832 461 10 10 1
446 3654832 461 1 7 1
447 3654832 461 1 6 122
448 3654832 461 1 8 9
449 3654832 461 8 5 283
450 3806414 466 0 8 1
451 3806414 466 6 6 16
452 3806414 466 7 10 2
453 3806414 466 5 0 7
454 3806414 466 0 2 50
455 3806414 466 5 2 50
456 3806414 466 1 8 1
457 3806414 466 2 3 1801
458 3806414 466 5 8 1
459 3806414 466 2 5 1
460 3806414 466 7 2 50
461 3806414 466 4 8 1
462 3806414 466 1 5 2
463 3806414 466 2 0 7
464 3806414 466 9 2 50
465 3842367 467 4 3 45
466 3842367 467 6 7 5
467 3842367 467 5 9 8
468 3842367 467 10 1 1
469 3872784 472 5 0 7
470 3913509 473 2 9 4
471 3913509 473 6 9 2
472 3913509 473 7 10 5
473 3913509 473 7 9 2
474 3913509 473 6 2 15
475 3913509 473 1 2 15
476 3913509 473 5 3 14
477 4039620 475 5 4 1
478 4039620 475 1 4 1
479 4039620 475 9 10 15
480 4039620 475 8 8 60
481 4039620 475 9 1 6
482 4039620 475 4 1 6
483 4039620 475 1 8 2
484 4039620 475 3 2 1
485 4039620 475 1 3 23
486 4039620 475 8 1 3
487 4039620 475 3 0 1
488 4039620 475 2 0 1
489 4039620 475 7 9 5
490 4039620 475 5 10 25
491 4039620 475 6 9 5
492 4039620 475 8 4 1
493 4039620 475 7 7 9
494 4039620 475 3 10 5
495 4040913 476 8 10 15
496 4053211 477 2 0 196
497 4053211 477 2 2 17757
498 4062808 479 9 9 1
499 4062808 479 3 9 2
500 4062808 479 5 9 1
501 4068838 482 4 2 222
502 4071520 483 7 10 8
503 4086866 487 5 2 306
504 4102788 489 9 8 8
505 4102788 489 8 4 48
506 4102788 489 9 0 11786
507 4113642 496 10 3 2626
508 4230576 498 7 6 1
509 4230576 498 4 5 175
510 4230576 498 8 6 1
511 4230576 498 6 2 9
512 4230576 498 6 5 175
513 4230576 498 5 8 514
514 4230576 498 7 7 29
515 4230576 498 7 2 9
516 4230576 498 2 0 10
517 4230576 498 0 0 43
518 4230576 498 10 10 13
519 4230576 498 4 10 13
520 4240381 499 7 1 3309
521 4245099 502 2 6 191
522 4249831 504 3 10 30
523 4250723 505 0 7 64
524 4317903 507 6 1 1
525 4317903 507 3 7 72
526 4317903 507 2 9 7
527 4317903 507 0 3 2
528 4317903 507 10 4 1429
529 4317903 507 8 3 2
530 4344640 510 6 1 5
531 4344640 510 7 9 1
532 4415869 513 3 9 20
533 4415869 513 3 1 10
534 4415869 513 8 1 5
535 4415869 513 0 8 6059
536 4415869 513 3 2 6
537 4415869 513 9 7 5
538 4415869 513 10 5 345
539 4415869 513 10 3 26
540 4436731 523 8 2 3
541 4439952 526 3 2 56
542 4439952 526 8 2 56
543 4452621 534 3 4 114
544 4462637 535 9 1 238
545 4462637 535 8 7 12
546 4465703 537 10 10 11
547 4465703 537 9 10 88
548 4484643 542 1 8 84
549 4498582 549 5 5 264
550 4507679 550 3 6 6
551 4507679 550 2 6 6
552 4524005 551 4 1 3
553 4524005 551 2 9 4879
554 4528274 552 5 0 76
555 4653197 555 5 0 1
556 4653197 555 2 10 32
557 4653197 555 10 6 47
558 4653197 555 9 3 202
559 4653197 555 8 4 829
560 4653197 555 1 1 95
561 4653197 555 2 3 202
562 4653197 555 8 9 11
563 4653197 555 7 5 11
564 4653197 555 7 10 4
565 4698172 556 10 1 1
566 4698172 556 3 3 23
567 4698172 556 10 7 15
568 4698172 556 5 7 31
569 4708486 557 3 5 64
570 4708486 557 3 10 162
571 4721280 558 1 4 2269
572 4726007 560 2 2 8
573 4741713 562 10 5 78
574 4741713 562 10 1 15233
575 4741713 562 10 7 2
576 4741713 562 10 2 37
577 4753631 563 10 9 33
578 4762926 565 1 7 39
579 4762926 565 1 10 1219
580 4812217 569 9 1 1
581 4812217 569 5 6 1
582 4812217 569 2 9 2
583 4812217 569 0 1 65
584 4812217 569 0 0 52
585 4812217 569 4 8 1
586 4812217 569 7 2 26
587 4812431 570 1 9 106
588 4824290 575 6 8 15
589 4861143 576 6 3 30
590 4861143 576 6 1 1
591 4861143 576 0 7 9
592 4861143 576 10 10 989
593 4861143 576 0 2 51
594 4867948 579 3 0 57
595 4890018 582 4 2 114
596 4890018 582 4 1 20340
597 4902611 585 10 3 1425
598 4920676 591 5 10 34
599 4920676 591 0 1 40
600 4920676 591 4 1 2
601 4920676 591 9 1 1
602 4921188 592 10 1 40
603 4923710 593 9 9 1350
604 4924254 594 0 5 74
605 4929385 597 0 4 14
606 4970566 602 8 1 81
607 4970566 602 8 2 848
608 4986833 606 10 2 49
609 4986833 606 10 10 996
610 4989362 608 8 4 11
611 4990407 610 1 3 27
612 5002056 611 0 8 1981
613 5002056 611 0 2 43
614 5002056 611 7 6 205
615 5002056 611 3 4 39
616 5110164 612 6 2 448
617 5110164 612 4 5 120
618 5110164 612 7 3 1
619 5110164 612 6 5 240
620 5110164 612 9 6 3
621 5110164 612 0 9 1
622 5110164 612 8 1 13
623 5110164 612 9 3 1
624 5110164 612 5 1 6
625 5110164 612 1 0 71
626 5119253 613 3 1 10
627 5119253 613 3 10 14831
628 5121323 615 2 7 39103
629 5221376 616 3 0 988
630 5221376 616 5 6 72
631 5221376 616 2 1 1
632 5221376 616 1 4 1
633 5221376 616 4 1 1
634 5221376 616 10 0 494
635 5221376 616 7 7 200
636 5221376 616 7 9 2
637 5221376 616 1 9 5
638 5221376 616 9 7 200
639 5221376 616 8 9 2
640 5221376 616 4 2 11
641 5221376 616 3 2 3
642 5221376 616 5 1 1
643 5221376 616 10 3 20
644 5221376 616 6 1 2
645 5221376 616 8 6 36
646 5221376 616 0 9 5
647 5221376 616 8 5 11051
648 5221376 616 10 5 1227
649 5241897 624 3 5 14198
650 5241897 624 0 5 2839
651 5256245 626 2 6 1690
652 5256245 626 2 10 96
653 5270718 628 1 9 181
654 5270718 628 1 8 78
655 5281675 631 5 6 491
656 5312073 634 7 7 20
657 5318373 635 5 1 1250
658 5318373 635 5 10 15796
659 5331795 638 2 7 203
660 5334379 643 0 4 19
661 5396213 644 10 3 10
662 5396213 644 7 0 8
663 5396213 644 3 0 8
664 5396213 644 8 9 27
665 5396213 644 10 7 92
666 5396213 644 7 5 10
667 5396213 644 8 4 4530
668 5396213 644 8 7 92
669 5396213 644 10 9 27
670 5396213 644 3 10 1
671 5396213 644 1 10 1
672 5396213 644 10 4 647
673 5399256 646 5 9 12
674 5402108 650 10 10 29
675 5402183 651 5 8 25
676 5407904 659 9 5 5
677 5417082 663 1 1 14315
678 5426858 668 5 5 82
679 5426858 668 5 8 15767
680 5426858 668 5 9 34
681 5427724 670 5 9 92
682 5512887 671 7 5 30
683 5512887 671 4 6 8
684 5512887 671 1 7 1
685 5512887 671 4 1 238
686 5512887 671 2 7 1
687 5512887 671 3 1 4531
688 5512887 671 1 3 61
689 5512887 671 7 2 19
690 5512887 671 0 4 671
691 5530059 675 2 8 300
692 5530059 675 2 0 55
693 5530059 675 2 10 205
694 5617261 683 6 4 638
695 5617261 683 10 7 1097
696 5617261 683 5 8 11
697 5617261 683 7 3 29
698 5617261 683 9 7 548
699 5617261 683 0 0 1
700 5617261 683 6 1 50
701 5623318 687 5 8 7
702 5623318 687 7 5 2915
703 5623318 687 2 7 41
704 5672494 690 0 9 34
705 5672494 690 4 10 4
706 5672494 690 4 9 17
707 5672494 690 0 3 90
708 5672494 690 8 10 16
709 5672494 690 8 9 17
710 5673988 691 2 2 49
711 5702471 692 10 0 2
712 5702471 692 2 5 10
713 5847249 695 4 7 1
714 5847249 695 0 10 3
715 5847249 695 3 0 21
716 5847249 695 1 1 3
717 5847249 695 1 5 7
718 5847249 695 4 6 1
719 5847249 695 10 6 2
720 5847249 695 9 9 214
721 5847249 695 4 9 429
722 5847249 695 9 5 7
723 5847249 695 8 6 145
724 5847249 695 10 0 21
725 5847249 695 6 8 1
726 5847249 695 7 7 1
727 5847249 695 3 9 214
728 5883575 698 2 6 13
729 5883575 698 2 5 3
730 5883575 698 10 3 1526
731 5883575 698 5 9 66
732 5883575 698 5 2 25
733 5884415 699 8 8 218
734 5899895 701 1 2 3
735 5899895 701 6 9 1
736 5899895 701 2 9 1
737 5926372 702 4 0 1187
738 5926372 702 0 0 2375
739 5926372 702 0 5 112
740 5926372 702 3 6 22
741 5926372 702 0 3 1
742 5953093 703 2 6 38
743 5953093 703 2 3 37
744 5959388 708 7 4 12039
745 5975627 710 3 4 1221
746 5991278 714 5 4 563
747 5995131 716 3 10 175
748 6045875 718 5 9 11729
749 6045875 718 8 5 263
750 6045875 718 8 9 31
751 6045875 718 5 1 6
752 6047923 721 4 10 231
753 6069720 723 3 8 7
754 6069720 723 3 3 52
755 6069720 723 3 1 113
756 6069720 723 3 0 39
757 6069720 723 6 3 13
758 6090721 727 6 7 2
759 6092524 729 1 6 6073
760 6127121 732 4 2 240
761 6127121 732 9 3 7
762 6127121 732 6 6 2
763 6127121 732 9 6 4
764 6158275 735 6 3 8
765 6158275 735 9 4 153
766 6158275 735 6 7 1348
767 6158275 735 9 5 36
768 6180159 739 10 5 86
769 6182084 740 2 2 25990
770 6251668 741 9 2 3
771 6251668 741 2 7 2
772 6251668 741 9 7 2
773 6251668 741 6 8 1
774 6266605 746 6 9 88
775 6280029 749 10 0 33
776 6280029 749 2 9 1
777 6342904 751 10 3 242
778 6342904 751 0 10 17
779 6342904 751 2 5 25
780 6342904 751 2 8 1
781 6342904 751 3 6 55
782 6342904 751 8 1 30
783 6342904 751 7 1 30
784 6354318 752 1 0 168
785 6354318 752 8 8 21
786 6370464 755 9 0 195
787 6370464 755 9 6 4
788 6387940 757 7 0 7
789 6438547 766 1 6 172
790 6438547 766 6 3 1
791 6438547 766 7 7 3
792 6441201 767 6 8 67
793 6466238 768 8 1 41
794 6466238 768 0 7 2
795 6466238 768 8 0 103
796 6466238 768 0 8 21
797 6466431 769 5 3 363
798 6518439 791 7 1 1
799 6518850 793 4 7 6073
800 6519479 794 4 6 74
801 6532223 798 4 2 46
802 6536625 802 10 2 4521
803 6546535 804 4 8 8560
804 6557945 813 10 8 83
805 6566703 815 6 9 32
806 6580161 821 6 9 68
807 6700820 822 1 9 5
808 6700820 822 3 0 7
809 6700820 822 10 1 1
810 6700820 822 4 10 1
811 6700820 822 5 5 26
812 6700820 822 1 6 4
813 6700820 822 9 10 1
814 6700820 822 2 7 1244
815 6700820 822 3 6 4
816 6700820 822 0 3 1
817 6700820 822 5 1 1
818 6700820 822 0 6 4
819 6700820 822 1 3 3
820 6700820 822 6 0 4
821 6700820 822 2 5 26
822 6700820 822 8 2 3
823 6700820 822 3 7 414
824 6700820 822 7 7 691
825 6700820 822 7 8 479
826 6700820 822 0 5 26
827 6700820 822 5 9 3
828 6799086 823 5 5 2996
829 6799086 823 9 3 13
830 6799086 823 1 8 1
831 6799086 823 9 5 599
832 6799086 823 10 10 1
833 6799086 823 8 9 3
834 6799086 823 2 5 1797
835 6799086 823 5 0 8
836 6799086 823 8 0 26
837 6799086 823 8 2 6
838 6799086 823 5 7 751
839 6799086 823 5 1 969
840 6799086 823 3 1 969
841 6801575 824 0 10 47
842 6830230 825 6 1 171
843 6830230 825 10 9 56
844 6830230 825 7 9 18
845 6830230 825 10 4 62
846 6847891 830 2 7 448
847 6870485 833 7 2 89
848 6890197 837 8 9 19
849 6893413 840 10 1 81
850 6907888 842 1 5 143
851 6907888 842 1 6 11325
852 6918521 845 4 7 9
853 6918521 845 2 7 4
854 6926943 846 5 7 59
855 6926943 846 5 6 89
856 6926943 846 5 5 11850
857 6949990 857 9 10 21849
858 6949990 857 9 0 2932
859 6949990 857 9 3 192
860 6951841 858 7 2 1
861 6960722 859 6 9 148
862 6971288 861 3 6 1409
863 6971288 861 3 7 1201
864 6973188 862 9 9 70
865 7047713 864 7 2 954
866 7047713 864 6 6 17
867 7047713 864 3 4 5
868 7047713 864 9 9 105
869 7047713 864 5 6 17
870 7051393 867 2 3 81
871 7056486 870 3 3 6
872 7082662 874 2 8 183
873 7088971 875 3 7 9
874 7088971 875 5 7 18
875 7091243 876 10 3 37
876 7102809 885 10 5 37
877 7155306 886 7 0 14
878 7155306 886 1 3 48
879 7155306 886 8 1 11
880 7155306 886 10 7 1
881 7155306 886 6 6 555
882 7155306 886 2 1 33
883 7155306 886 5 4 25
884 7155306 886 3 6 8888
885 7155306 886 6 0 14
886 7155306 886 2 7 4
887 7164960 888 10 6 3020
888 7219027 894 0 5 1
889 7219027 894 4 8 1
890 7219027 894 2 8 1
891 7222656 895 5 9 36
892 7250275 896 4 2 38
893 7265135 899 6 2 250
894 7273615 901 2 3 1484
895 7297620 905 1 8 95
896 7322134 907 4 6 136
897 7322757 908 1 0 165
898 7332719 909 9 7 11407
899 7333576 910 10 5 3
900 7343384 911 4 0 682
901 7343384 911 1 0 682
902 7355247 913 6 2 19
903 7364267 916 0 3 49
904 7368601 918 0 1 124
905 7378510 919 7 1 9
906 7378510 919 1 1 1
907 7381046 920 2 8 655
908 7395920 924 8 6 3
909 7411201 926 7 5 9235
910 7411201 926 7 9 34
911 7413478 928 1 10 51
912 7535600 929 7 9 4
913 7535600 929 4 0 7
914 7535600 929 2 10 30
915 7535600 929 8 0 25
916 7535600 929 9 4 878
917 7535600 929 10 4 1756
918 7535600 929 0 7 2
919 7535600 929 8 2 21
920 7535600 929 8 9 4
921 7535600 929 2 9 4
922 7535600 929 1 7 2
923 7535600 929 5 10 1
924 7535600 929 3 8 4
925 7535600 929 3 4 878
926 7535600 929 7 0 2
927 7535600 929 6 5 227
928 7535600 929 7 2 8
929 7535600 929 9 1 2
930 7535600 929 5 4 878
931 7535600 929 2 6 218
932 7535600 929 10 2 4
933 7607970 930 5 6 13
934 7607970 930 2 10 683
935 7607970 930 10 3 15
936 7607970 930 8 6 13
937 7607970 930 6 4 15609
938 7607970 930 2 7 21
939 7607970 930 7 3 15
940 7607970 930 4 10 683
941 7607970 930 1 6 13
942 7607970 930 10 9 71
943 7673326 931 0 6 17
944 7673326 931 6 7 6
945 7673326 931 4 1 10
946 7673326 931 8 1 84
947 7673326 931 5 9 4239
948 7673326 931 8 6 8
949 7716573 932 2 8 6
950 7716573 932 8 0 2
951 7716573 932 3 0 2
952 7720992 934 8 7 122
953 7743090 940 0 0 266
954 7858979 941 10 8 1
955 7858979 941 8 3 1
956 7858979 941 7 7 2
957 7858979 941 0 4 3
958 7858979 941 6 2 5
959 7858979 941 1 3 1
960 7858979 941 1 5 13
961 7858979 941 3 8 2
962 7858979 941 6 9 2610
963 7858979 941 7 2 5
964 7858979 941 5 8 1
965 7858979 941 9 7 1
966 7858979 941 5 5 13
967 7858979 941 6 10 18
968 7858979 941 9 4 1
969 7858979 941 0 3 1
970 7858979 941 10 7 2
971 7860697 943 6 0 1
972 7860697 943 2 8 4884
973 7874954 948 0 7 18
974 7874954 948 6 6 791
975 7877996 949 10 4 3132
976 7888818 950 9 8 7
977 7898978 957 8 9 17
978 7915344 959 10 10 18
979 7927348 961 4 5 343
980 7927348 961 1 5 343
981 8013149 967 0 9 2
982 8013149 967 0 7 243
983 8013149 967 7 9 4
984 8013149 967 6 6 3080
985 8013149 967 1 9 9
986 8013149 967 0 2 15
987 8016916 969 2 0 14
988 8023952 970 4 4 50
989 8060874 973 0 7 14257
990 8060874 973 0 3 3
991 8067582 978 5 5 281
992 8082372 985 5 10 2635
993 8089228 988 8 4 7153
994 8089814 989 7 5 56
995 8092385 991 9 10 233
996 8103636 993 4 3 13014
997 8121559 994 6 1 1
998 8121559 994 4 4 38
999 8121559 994 2 0 3
