11 337 1000
0 120519 0 9 2 76
1 120519 0 9 1 6
2 459971 3 5 8 197
3 459971 3 5 5 113
4 459971 3 10 10 1871
5 540632 5 9 8 2075
6 840790 9 7 5 35
7 840790 9 1 7 39
8 840790 9 4 2 98
9 840790 9 1 9 7
10 840790 9 1 1 4
11 840790 9 4 5 248
12 840790 9 7 9 45
13 912750 12 3 2 8
14 1180324 13 5 5 13
15 1180324 13 8 8 1
16 1180324 13 1 4 340
17 1180324 13 10 5 13
18 1180324 13 1 1 265
19 1180324 13 7 4 3064
20 1189919 15 3 6 109
21 1544175 17 3 10 26
22 1544175 17 0 10 1
23 1611148 18 1 4 20
24 1611148 18 1 10 164
25 1812558 21 3 6 41
26 1812558 21 4 10 27
27 1812558 21 4 0 25980
28 1812558 21 4 1 31
29 1883634 25 3 0 5933
30 1957229 27 6 0 130
31 1960826 28 0 8 53
32 2133408 29 10 4 20
33 2133408 29 2 4 83
34 2133408 29 2 6 2425
35 2133408 29 10 3 99
36 2149833 30 2 6 11
37 2191334 31 4 6 1
38 2191334 31 1 7 4140
39 2191334 31 5 7 2070
40 2227769 35 7 10 74
41 2335994 37 4 6 62
42 2335994 37 0 8 6
43 2335994 37 8 0 25
44 2545999 41 10 3 35
45 2558336 42 8 0 5
46 2616219 45 4 6 1063
47 2616219 45 6 6 1063
48 2635215 49 5 3 10203
49 2719417 50 9 3 14
50 3440766 51 5 7 5
51 3440766 51 0 6 1
52 3440766 51 7 0 21
53 3440766 51 2 6 1
54 3440766 51 8 7 5
55 3440766 51 8 10 1
56 3501566 57 7 9 705
57 3882463 59 5 2 102
58 3882463 59 8 0 4
59 3882463 59 2 10 3
60 3882463 59 5 0 2
61 3882463 59 5 9 36
62 3882463 59 2 0 6
63 3882463 59 1 0 2
64 3968967 63 8 5 77
65 3991807 64 2 6 218
66 4087854 66 0 9 82
67 4087854 66 0 8 966
68 4087854 66 0 5 116
69 4119210 68 5 4 1
70 4249357 70 4 8 43
71 4374733 74 3 7 8
72 4813086 75 4 7 4
73 4813086 75 4 8 1
74 4813086 75 0 8 1
75 4813086 75 2 8 1
76 4813086 75 5 6 14
77 4813086 75 5 7 10
78 4813086 75 2 9 1
79 4813086 75 2 1 591
80 4813086 75 0 0 5
81 4813086 75 9 4 1
82 4872092 77 10 4 31
83 4872092 77 7 4 21
84 5533786 84 4 2 694
85 5533786 84 4 9 6
86 5533786 84 4 7 21
87 5533786 84 2 1 8
88 5533786 84 4 6 1
89 5533786 84 2 8 1
90 5533786 84 6 1 8
91 5533786 84 4 5 4
92 5533786 84 10 0 7
93 5533786 84 7 2 154
94 5533786 84 2 5 71
95 5533786 84 7 8 1
96 5683389 89 7 4 298
97 5842580 94 2 5 756
98 5842580 94 3 5 756
99 5962518 97 6 9 1843
100 5962518 97 1 9 1843
101 5962518 97 5 9 3687
102 6296576 99 0 0 203
103 6869164 102 8 2 967
104 6869164 102 3 8 29219
105 6869164 102 0 0 35
106 6869164 102 1 4 4
107 6869164 102 10 10 21
108 6869164 102 3 2 1451
109 6869164 102 10 6 1
110 6869164 102 5 7 2
111 6869164 102 8 7 78
112 6923867 103 8 5 6
113 6969148 104 4 4 19491
114 7249761 108 8 10 3
115 7249761 108 6 4 68
116 7249761 108 4 0 226
117 7284718 110 3 4 18
118 7390194 116 2 4 113
119 7390194 116 2 9 68
120 7390194 116 2 7 208
121 7461392 117 0 2 132816
122 7545388 118 5 7 55
123 7619621 125 0 2 16
124 7787117 127 0 4 115
125 7804778 130 7 10 226
126 7880122 132 0 7 7571
127 7880122 132 6 7 7571
128 7935659 134 8 9 76
129 7935659 134 1 6 1980
130 7939372 135 1 6 8481
131 8079951 136 1 0 2006
132 8079951 136 1 9 1
133 8540966 137 4 0 56
134 8540966 137 7 10 1559
135 8540966 137 6 6 2
136 8540966 137 9 8 4
137 8592576 141 5 8 67
138 8681991 143 0 4 78
139 8681991 143 0 3 45
140 9432758 154 4 0 4
141 9432758 154 5 7 642
142 9432758 154 6 6 690
143 9432758 154 9 8 21
144 9432758 154 10 6 575
145 9432758 154 4 5 69
146 9432758 154 8 6 230
147 10022927 160 9 3 10
148 10022927 160 5 9 4
149 10022927 160 0 5 35
150 10022927 160 4 8 306
151 10022927 160 2 4 4
152 10022927 160 2 5 5
153 10022927 160 4 3 2
154 10022927 160 1 3 2
155 10022927 160 7 2 421
156 10022927 160 4 7 1
157 10022927 160 0 3 5
158 10022927 160 6 3 2
159 10223372 162 10 3 382
160 10223372 162 0 10 15
161 10223372 162 5 3 574
162 10223372 162 8 0 1899
163 10223372 162 10 10 5
164 10317756 165 1 5 110
165 10350258 168 2 2 15
166 10350258 168 5 2 15
167 10430644 170 3 9 3937
168 10479857 172 4 10 18
169 10577421 174 7 6 24
170 10577421 174 0 7 14
171 10577421 174 0 3 36
172 10577421 174 9 7 14
173 10775582 177 0 1 12993
174 10775582 177 0 3 10858
175 10775582 177 3 10 393
176 10784509 178 9 0 104
177 10784509 178 7 0 104
178 10852604 184 1 6 21
179 10913843 187 9 1 15
180 10919082 188 4 10 27
181 10965591 190 10 0 36
182 11043103 192 3 7 6128
183 11497828 198 3 4 2
184 11497828 198 0 2 2
185 11497828 198 6 0 5
186 11497828 198 9 5 1
187 11497828 198 9 2 2
188 11497828 198 10 0 5
189 11497828 198 8 9 31
190 11546911 202 3 9 290
191 11671207 203 7 1 21
192 11671207 203 7 9 14
193 11671207 203 8 3 1767
194 11735574 207 7 0 68
195 11737445 208 10 7 217
196 11907540 210 8 3 299
197 11907540 210 10 3 1
198 12082792 223 2 7 68
199 12082792 223 2 2 68
200 12129770 227 5 7 1033
201 12342996 229 0 4 17
202 12342996 229 0 2 616
203 12342996 229 0 0 10
204 12595136 230 3 7 226
205 12595136 230 0 9 29
206 12595136 230 8 3 136
207 12615187 231 0 6 2
208 12615187 231 5 6 6
209 13083901 233 6 7 1
210 13083901 233 8 3 1
211 13083901 233 10 10 9
212 13083901 233 6 1 4
213 13083901 233 0 7 1
214 13083901 233 7 7 85
215 13083901 233 1 6 6
216 13083901 233 3 2 4
217 13083901 233 5 0 7
218 13083901 233 5 7 1
219 13083901 233 7 10 160
220 13083901 233 3 1 141
221 13083901 233 1 8 5
222 13083901 233 1 3 4
223 13303011 237 10 7 51
224 13314325 238 3 9 432
225 13888881 241 1 2 1952
226 13888881 241 3 8 1
227 13888881 241 6 5 1682
228 13888881 241 3 0 9
229 13888881 241 7 9 1226
230 13888881 241 3 4 28
231 13888881 241 7 10 1014
232 13888881 241 6 4 14
233 13888881 241 1 9 1226
234 13888881 241 3 9 1226
235 13888881 241 4 7 12
236 13888881 241 9 7 12
237 13939776 245 10 8 40
238 13944420 246 10 0 30
239 14270784 259 4 1 891
240 14270784 259 0 7 51
241 14270784 259 9 7 25
242 14270784 259 0 1 891
243 14826136 262 0 9 30
244 14826136 262 3 1 30
245 14826136 262 8 4 11
246 14826136 262 3 0 9
247 14826136 262 9 4 1
248 14826136 262 8 6 43
249 14826136 262 4 2 13
250 14826136 262 9 0 19
251 14895592 263 9 10 1524
252 15074593 271 2 7 8
253 15204931 282 8 5 23
254 16160168 287 9 0 1
255 16160168 287 8 1 28
256 16160168 287 6 1 15
257 16160168 287 2 4 1
258 16160168 287 4 10 7
259 16160168 287 5 0 3
260 16160168 287 3 9 1
261 16160168 287 3 2 3
262 16160168 287 10 3 5
263 16160168 287 1 7 807
264 16160168 287 3 4 1
265 16160168 287 10 0 1
266 16160168 287 3 3 23
267 16160168 287 7 7 807
268 16160168 287 6 2 3
269 16160168 287 8 6 24
270 16160168 287 3 5 2
271 16160168 287 0 5 17
272 16486675 291 2 5 25
273 16486675 291 10 1 2688
274 16486675 291 9 3 211
275 16486675 291 6 8 8
276 16486675 291 10 9 365
277 16486675 291 5 0 3
278 16785971 292 10 8 3054
279 16785971 292 3 10 3
280 16785971 292 1 0 6
281 16785971 292 2 1 197
282 16785971 292 9 8 218
283 16785971 292 1 8 1090
284 16785971 292 5 8 218
285 16785971 292 5 0 6
286 16785971 292 3 8 654
287 16785971 292 0 8 218
288 16992187 298 9 8 8519
289 17037036 302 2 8 113
290 17365377 303 4 7 3
291 17365377 303 2 7 1
292 17571418 304 2 1 7
293 17611183 305 7 7 38
294 17698988 308 6 1 147
295 17698988 308 6 0 160
296 17701806 309 3 0 37
297 17733005 310 10 7 73
298 17733005 310 0 1 221
299 17733005 310 10 6 6
300 18283624 317 1 9 27
301 18283624 317 7 2 1697
302 18283624 317 0 10 55
303 18283624 317 6 5 3859
304 18283624 317 0 4 10
305 18283624 317 9 10 55
306 18283624 317 1 7 2009
307 18316418 319 7 10 78
308 18509612 327 2 1 180
309 18717105 328 1 5 297
310 18717105 328 1 3 1
311 18717105 328 3 9 2
312 18717105 328 2 0 3
313 18717105 328 7 0 11
314 18717105 328 3 3 1
315 18730424 329 2 7 8
316 18730424 329 0 7 2
317 18793744 330 0 8 10328
318 18793744 330 0 3 9862
319 18793744 330 0 6 47
320 18795363 332 2 8 19
321 18799477 333 3 5 304
322 18806970 334 6 9 105
323 18856587 335 1 7 96
324 18928211 338 4 5 18
325 19062589 339 0 5 190
326 19062589 339 5 10 8843
327 19062589 339 3 2 288
328 19062589 339 6 3 215
329 19272744 340 7 1 11
330 19272744 340 9 0 40
331 19272744 340 7 7 2998
332 19272744 340 0 4 1
333 19272744 340 6 0 20
334 19385336 346 6 5 978
335 19528936 353 0 4 219
336 19698993 362 6 3 357
337 19730640 363 4 4 31
338 19736971 365 1 3 670
339 19782263 366 0 2 23
340 19782263 366 9 2 11
341 19903820 369 6 5 186
342 20106864 370 0 10 11
343 20106864 370 6 5 4
344 20106864 370 0 5 1
345 20106864 370 4 2 1
346 20106864 370 1 3 30
347 20310107 380 10 6 315
348 20376384 386 0 3 488
349 20376384 386 9 3 488
350 20376384 386 8 3 1952
351 20544374 388 7 1 98
352 20544374 388 7 3 3122
353 20544374 388 7 10 17
354 20544374 388 0 7 60
355 20544374 388 0 2 35
356 21033420 390 6 6 114
357 21033420 390 1 4 27
358 21033420 390 8 8 767
359 21033420 390 2 3 596
360 21033420 390 4 3 596
361 21033420 390 3 9 174
362 21033420 390 5 3 2686
363 21033420 390 1 9 174
364 21033420 390 2 8 767
365 21033420 390 0 10 1
366 21207769 392 2 4 427
367 21207769 392 0 5 3851
368 21207769 392 10 4 1281
369 21207769 392 9 2 352
370 21830385 395 1 10 10
371 21830385 395 1 6 27
372 21830385 395 6 9 17890
373 21830385 395 0 1 6
374 21830385 395 7 8 33
375 21830385 395 8 1 33
376 21830385 395 10 6 13
377 21830385 395 2 6 54
378 21830385 395 7 5 177
379 22153347 402 2 7 17
380 22153347 402 9 9 42
381 22153347 402 2 1 907
382 22153347 402 2 4 6
383 22153347 402 9 6 88
384 22153347 402 9 2 1
385 22153347 402 2 8 69
386 22232426 406 4 0 35
387 22321629 408 2 8 119
388 22740283 409 8 8 26
389 22740283 409 6 4 2
390 22740283 409 6 7 1
391 22740283 409 6 8 40
392 22740283 409 5 8 13
393 22740283 409 2 9 45
394 22968701 413 9 8 10548
395 22968701 413 2 6 214
396 22968701 413 2 1 168
397 22968701 413 2 0 144
398 22968701 413 2 7 32
399 22968701 413 9 3 3
400 22968701 413 9 2 3014
401 23056270 420 9 10 64
402 23056270 420 6 10 64
403 23152161 422 9 7 4
404 23241667 424 7 10 493
405 23257245 425 10 3 34
406 23989784 428 6 3 3
407 23989784 428 6 6 1
408 23989784 428 7 3 3
409 23989784 428 6 9 1
410 23989784 428 1 0 2
411 23989784 428 6 8 7
412 23989784 428 5 8 2
413 23989784 428 0 10 4
414 23989784 428 9 0 1
415 23989784 428 10 6 1
416 23989784 428 1 4 1
417 23989784 428 1 5 822
418 23989784 428 2 7 1
419 23989784 428 10 2 1
420 23989784 428 1 8 2
421 23989784 428 10 5 822
422 23989784 428 8 5 822
423 23989784 428 10 9 1
424 23989784 428 10 1 668
425 24409266 430 5 4 3
426 24409266 430 10 5 33
427 24409266 430 8 8 1
428 24409266 430 7 4 3
429 24409266 430 0 7 17
430 24409266 430 5 8 4
431 24409266 430 4 6 190
432 24409266 430 0 2 18
433 24431802 431 6 0 184
434 24460425 434 9 2 74
435 24578299 442 6 1 1280
436 24610241 443 6 0 121
437 24610241 443 6 7 3945
438 24662207 445 8 0 52
439 24662207 445 10 6 2
440 24731860 452 5 10 36
441 25100653 457 0 5 64
442 25100653 457 5 10 5
443 25100653 457 8 7 1
444 25100653 457 10 0 8
445 25259441 460 1 6 9
446 25259441 460 1 2 8
447 25583830 461 4 7 1
448 25583830 461 8 10 1
449 25583830 461 5 7 1
450 25583830 461 9 5 1
451 25583830 461 4 9 7
452 25583830 461 6 5 4
453 25583830 461 0 6 245
454 25583830 461 6 9 85
455 25583830 461 10 8 9
456 25583830 461 2 8 9
457 26644898 466 7 6 28
458 26644898 466 2 1 5
459 26644898 466 2 10 2
460 26644898 466 1 4 217
461 26644898 466 6 1 2
462 26644898 466 1 7 1
463 26644898 466 7 8 1
464 26644898 466 6 4 217
465 26644898 466 0 2 50
466 26644898 466 5 8 1
467 26644898 466 10 5 1
468 26644898 466 8 6 4
469 26644898 466 4 10 2
470 26644898 466 0 1 14
471 26644898 466 8 2 150
472 26644898 466 1 1 2
473 26644898 466 10 7 22
474 26896574 467 4 5 5
475 26896574 467 2 3 1
476 26896574 467 5 9 8
477 26896574 467 6 5 5
478 26896574 467 10 8 39
479 26965657 468 7 5 422
480 26965657 468 7 10 33231
481 27109492 472 8 0 14
482 27394563 473 5 7 3
483 27394563 473 8 2 15
484 27394563 473 10 8 52
485 27394563 473 4 5 68
486 27394563 473 7 10 5
487 27394563 473 8 5 68
488 27394563 473 4 9 2
489 27394563 473 5 3 14
490 27394563 473 8 8 104
491 28277340 475 2 5 2
492 28277340 475 6 7 85
493 28277340 475 6 9 5
494 28277340 475 3 6 1
495 28277340 475 3 4 1
496 28277340 475 8 1 3
497 28277340 475 2 8 2
498 28277340 475 7 4 1
499 28277340 475 8 6 4
500 28277340 475 6 2 1
501 28277340 475 0 6 1
502 28277340 475 9 4 1
503 28286397 476 6 10 30
504 28372478 477 2 0 196
505 28719518 489 3 7 5
506 28719518 489 9 0 11786
507 28719518 489 3 0 785
508 28719518 489 0 1 222
509 28719518 489 8 4 48
510 28775512 493 8 7 18
511 28796817 497 9 7 51
512 29614038 498 2 6 1
513 29614038 498 3 1 35
514 29614038 498 10 2 4
515 29614038 498 3 3 1
516 29614038 498 5 6 1
517 29614038 498 3 0 10
518 29614038 498 8 6 1
519 29614038 498 6 10 13
520 29614038 498 6 3 1
521 29614038 498 1 6 1
522 29614038 498 6 5 175
523 29614038 498 4 10 13
524 29614038 498 10 1 35
525 29614038 498 2 1 17
526 29682670 499 7 7 71
527 29682670 499 7 10 10
528 29748821 504 6 9 296
529 29748821 504 1 10 30
530 29748821 504 1 3 52
531 29755065 505 0 7 64
532 30225322 507 4 7 72
533 30225322 507 0 0 12
534 30225322 507 2 2 28
535 30225322 507 7 4 4287
536 30225322 507 9 7 72
537 30225322 507 8 4 1429
538 30412481 510 6 3 4
539 30412481 510 7 2 20
540 30416581 511 8 2 14390
541 30911084 513 2 3 5
542 30911084 513 2 4 200
543 30911084 513 6 6 80
544 30911084 513 3 6 80
545 30911084 513 5 1 21
546 30911084 513 4 8 1009
547 30911084 513 3 9 20
548 30911084 513 1 1 5
549 30911084 513 5 6 80
550 30911084 513 8 10 2
551 31013592 516 5 3 1
552 31013592 516 7 3 1
553 31030124 519 10 10 44
554 31045033 521 1 4 152
555 31129030 529 9 9 374
556 31129030 529 2 9 374
557 31238462 535 2 1 59
558 31259921 537 2 10 22
559 31279415 539 9 1 15
560 31392505 542 1 3 210
561 31392505 542 1 5 33196
562 31392505 542 1 9 38
563 31472160 547 4 4 109
564 31490079 549 5 5 264
565 31553754 550 5 6 6
566 31553754 550 6 6 6
567 31553754 550 2 6 6
568 32572384 555 4 7 60
569 32572384 555 10 4 829
570 32572384 555 9 10 1
571 32572384 555 4 10 197
572 32572384 555 4 5 3
573 32572384 555 0 5 3
574 32572384 555 3 2 876
575 32572384 555 1 9 2
576 32572384 555 1 1 95
577 32572384 555 0 1 95
578 32572384 555 7 0 1
579 32572384 555 9 9 30
580 32572384 555 10 5 1
581 32887204 556 10 3 92
582 32887204 556 3 0 1
583 33048966 558 1 5 72
584 33082052 560 3 2 29
585 33191993 562 10 3 1378
586 33191993 562 10 7 2
587 33275417 563 10 4 100
588 33340482 565 1 8 222
589 33340482 565 1 4 1356
590 33685520 569 2 1 1
591 33685520 569 9 10 6
592 33685520 569 10 5 1
593 33685520 569 2 8 1
594 33685520 569 5 10 6
595 33685520 569 6 2 170
596 33685520 569 3 0 26
597 33685520 569 10 2 78
598 33693890 572 8 0 9018
599 33725598 573 2 5 6
600 33735868 574 8 5 178
601 33770036 575 1 8 15
602 34028004 576 6 5 2438
603 34028004 576 6 7 65
604 34073642 578 3 0 66
605 34230126 582 4 0 2716
606 34307467 583 6 5 15734
607 34319035 586 8 1 1762
608 34331565 587 5 1 31
609 34384129 588 4 3 51
610 34384129 588 4 8 19655
611 34444734 591 7 1 1
612 34444734 591 3 10 5
613 34444734 591 6 10 2
614 34444734 591 9 1 1
615 34538407 599 7 1 186
616 34793966 602 8 3 56
617 34793966 602 8 0 1082
618 34793966 602 6 7 74
619 34793966 602 8 2 848
620 34793966 602 8 8 3636
621 34793966 602 8 4 906
622 34800155 603 2 10 133
623 34911074 607 10 9 5247
624 35014393 611 8 8 990
625 35771153 612 6 4 26
626 35771153 612 6 5 240
627 35771153 612 1 0 71
628 35771153 612 8 4 26
629 35771153 612 0 9 1
630 35771153 612 4 10 5
631 35771153 612 8 7 2539
632 35771153 612 6 0 71
633 35771153 612 1 1 3
634 35771153 612 3 5 120
635 35771153 612 9 2 1346
636 35771153 612 4 1 3
637 36549632 616 8 0 6921
638 36549632 616 5 0 494
639 36549632 616 7 8 3
640 36549632 616 10 3 20
641 36549632 616 4 9 2
642 36549632 616 8 9 2
643 36549632 616 9 7 200
644 36549632 616 4 7 25228
645 36549632 616 0 5 1227
646 36549632 616 8 8 1
647 36549632 616 0 1 1
648 36549632 616 3 2 3
649 36549632 616 6 8 1
650 36549632 616 10 10 1709
651 36549632 616 7 10 854
652 36549632 616 0 0 1977
653 36549632 616 9 6 36
654 36563266 617 3 9 85
655 36672950 621 6 8 18
656 36693279 624 2 5 2839
657 36693279 624 0 5 2839
658 36699402 625 9 0 34
659 36813518 627 1 7 2270
660 36895030 628 1 5 389
661 36895030 628 1 0 118
662 36895030 628 1 1 107
663 36971727 631 2 3 144
664 37184511 634 7 3 109
665 37184511 634 7 1 38
666 37228617 635 5 4 37
667 37322566 638 4 6 40
668 37322566 638 2 6 40
669 37340654 643 1 4 19
670 37773497 644 10 1 6
671 37773497 644 5 9 27
672 37773497 644 10 4 647
673 37773497 644 0 9 136
674 37773497 644 3 0 8
675 37803644 647 3 3 1338
676 37918973 661 4 0 26
677 37918973 661 9 0 13
678 37918973 661 6 0 13
679 38590215 671 1 3 61
680 38590215 671 10 10 4
681 38590215 671 5 9 8
682 38590215 671 8 9 8
683 38590215 671 7 0 14
684 38590215 671 8 2 6
685 38590215 671 8 8 5
686 38590215 671 0 7 1
687 38590215 671 3 0 3
688 38621390 674 4 2 83
689 38710416 675 2 5 29
690 38710416 675 2 10 205
691 39320831 683 9 3 29
692 39320831 683 4 6 10
693 39320831 683 8 6 10
694 39320831 683 10 7 1097
695 39320831 683 1 4 638
696 39320831 683 4 3 29
697 39363226 687 5 8 7
698 39707464 690 4 4 863
699 39707464 690 8 4 1727
700 39707464 690 8 2 3
701 39707464 690 4 9 17
702 39707464 690 4 0 1925
703 39917303 692 7 10 12
704 39917303 692 6 10 51
705 39917303 692 2 6 43
706 39917303 692 2 5 10
707 39917303 692 7 4 19
708 39985096 693 8 10 1001
709 39985096 693 8 5 224
710 40930743 695 5 6 1
711 40930743 695 7 7 1
712 40930743 695 1 6 1
713 40930743 695 1 1 3
714 40930743 695 7 9 429
715 40930743 695 6 8 1
716 40930743 695 8 4 1
717 40930743 695 10 6 2
718 40930743 695 10 9 214
719 40930743 695 2 6 1
720 40930743 695 8 7 8
721 40930743 695 4 5 71
722 40969306 697 2 2 466
723 40969306 697 4 10 15
724 40969306 697 2 1 77
725 41185025 698 2 8 8
726 41185025 698 5 5 6
727 41185025 698 5 6 48
728 41185025 698 10 0 4
729 41299270 701 2 9 1
730 41299270 701 8 9 1
731 41484605 702 3 7 81
732 41484605 702 0 2 28
733 41484605 702 0 8 88
734 41671654 703 2 3 37
735 41671654 703 2 7 1370
736 41671654 703 2 8 52
737 41671654 703 9 10 81
738 41671654 703 9 6 38
739 41680514 704 9 6 3990
740 41702829 706 2 4 2
741 41706361 707 6 1 13
742 42321128 718 3 1 85
743 42321128 718 3 8 2911
744 42321128 718 7 3 15
745 42321128 718 5 0 1
746 42321128 718 10 3 15
747 42352887 722 10 1 2439
748 42488041 723 3 1 113
749 42488041 723 3 2 3584
750 42488041 723 6 5 29
751 42551827 724 6 9 286
752 42551827 724 6 1 111
753 42667326 730 8 2 34
754 42889853 732 4 2 240
755 42889853 732 0 2 722
756 42889853 732 5 6 2
757 42889853 732 9 0 2
758 43107925 735 9 3 20
759 43107925 735 9 8 70
760 43107925 735 6 0 70
761 43107925 735 9 2 1
762 43107925 735 9 10 136
763 43177259 737 9 0 44
764 43261114 739 10 10 132
765 43261114 739 10 9 6031
766 43261114 739 10 2 39026
767 43761680 741 2 8 6
768 43761680 741 9 2 3
769 43761680 741 9 4 33
770 43761680 741 6 5 22
771 43767772 742 7 10 31
772 43857029 744 7 8 75
773 43960209 749 2 7 20
774 44400333 751 10 2 15409
775 44400333 751 2 6 55
776 44400333 751 3 9 108
777 44400333 751 10 7 7
778 44400333 751 10 8 1
779 44400333 751 8 6 55
780 44400333 751 6 1 15
781 44400333 751 10 6 950
782 44480231 752 0 0 717
783 44715584 757 9 1 38
784 44715584 757 5 5 578
785 44746768 759 10 3 11
786 44784347 761 5 5 45
787 45069829 766 6 7 3
788 45267073 770 1 5 68
789 45277883 772 1 1 94
790 45440882 778 1 1 837
791 45498175 780 0 2 6098
792 45498175 780 2 5 4
793 45498175 780 3 5 4
794 45589634 787 7 4 3
795 45589634 787 8 4 6
796 45629077 791 8 1 1
797 45725564 798 4 2 46
798 45756381 802 5 2 4521
799 45756381 802 4 0 8
800 45825747 804 4 6 21
801 45905618 813 10 8 83
802 46018190 817 7 3 1577
803 46024618 818 9 4 82
804 46061130 821 7 9 36
805 46905743 822 2 1 1
806 46905743 822 2 4 5
807 46905743 822 8 10 3
808 46905743 822 4 0 3
809 46905743 822 9 1 1
810 46905743 822 9 8 239
811 46905743 822 1 6 4
812 46905743 822 0 10 3
813 46905743 822 3 6 4
814 46905743 822 8 3 13
815 46905743 822 2 8 3838
816 46905743 822 9 3 1
817 46905743 822 3 4 1
818 46905743 822 8 8 239
819 46905743 822 7 1 1
820 46905743 822 4 6 8
821 46905743 822 8 2 3
822 46905743 822 0 9 1
823 47593607 823 9 3 13
824 47593607 823 8 4 3553
825 47593607 823 8 7 751
826 47593607 823 3 9 1
827 47593607 823 2 0 8
828 47593607 823 8 10 1
829 47593607 823 9 8 1
830 47593607 823 2 7 751
831 47593607 823 3 0 8
832 47593607 823 10 8 30
833 47611026 824 6 10 142
834 47811612 825 10 9 56
835 47811612 825 1 1 19
836 47811612 825 10 2 54
837 47935243 830 2 7 448
838 47935243 830 0 1 24
839 48093399 833 7 3 83
840 48194485 834 9 9 14
841 48231384 837 8 9 19
842 48261261 841 10 5 4815
843 48429648 845 3 7 4
844 48488607 846 5 4 14
845 48494352 848 8 4 118
846 48649934 857 9 6 9641
847 48725055 859 6 4 66
848 48725055 859 6 6 60
849 48725438 860 9 6 11
850 48799016 861 3 8 8
851 48812320 862 9 9 70
852 49333997 864 4 1 14
853 49333997 864 6 6 17
854 49333997 864 2 8 113
855 49333997 864 3 6 4
856 49333997 864 4 6 26
857 49333997 864 9 6 8
858 49333997 864 6 7 2
859 49333997 864 7 0 3618
860 49333997 864 8 9 141
861 49395406 870 2 3 6
862 49458730 871 10 8 8344
863 49458730 871 1 9 3
864 49458730 871 1 3 1534
865 49489474 872 6 10 5
866 49578636 874 2 2 46
867 49622799 875 5 7 18
868 49622799 875 3 7 9
869 49638703 876 1 3 18
870 50087144 886 5 3 48
871 50087144 886 4 8 20
872 50087144 886 5 0 59
873 50087144 886 9 6 555
874 50087144 886 2 1 33
875 50087144 886 2 6 1111
876 50087144 886 9 0 14
877 50087144 886 3 1 5
878 50087144 886 0 0 118
879 50087144 886 4 1 5
880 50181230 890 8 10 13
881 50187295 891 2 8 118
882 50533190 894 10 9 35
883 50533190 894 10 10 33
884 50533190 894 4 2 5
885 50533190 894 0 9 35
886 50533190 894 9 10 33
887 50533190 894 7 2 5
888 50533190 894 9 3 12
889 50751926 896 8 9 10
890 50751926 896 4 2 38
891 50751926 896 3 0 1968
892 50751926 896 10 10 16
893 50855950 899 6 1 58
894 50915309 901 4 2 30
895 51083346 905 6 8 95
896 51254942 907 4 4 22
897 51521537 915 5 10 65
898 51549875 916 7 3 49
899 51649573 919 5 1 1
900 51667323 920 8 9 28
901 51667323 920 2 10 8
902 51695741 923 10 7 1223
903 51771445 924 8 6 3
904 51773972 925 8 0 184
905 51878409 926 7 9 34
906 51878409 926 7 1 61
907 51878409 926 7 2 58
908 51885635 927 7 0 85
909 52749200 929 7 0 2
910 52749200 929 2 7 2
911 52749200 929 5 4 878
912 52749200 929 8 9 4
913 52749200 929 8 5 227
914 52749200 929 10 6 54
915 52749200 929 6 7 4
916 52749200 929 4 8 4
917 52749200 929 10 8 4
918 52749200 929 3 8 4
919 52749200 929 5 9 4
920 52749200 929 2 0 2
921 52749200 929 7 5 4774
922 52749200 929 0 1 2
923 52749200 929 2 8 4
924 52749200 929 4 10 1
925 52749200 929 6 1 3
926 52749200 929 5 6 54
927 53255791 930 2 6 13
928 53255791 930 8 6 13
929 53255791 930 8 2 7
930 53255791 930 6 2 7
931 53255791 930 5 6 13
932 53255791 930 3 2 29
933 53713284 931 0 0 1056
934 53713284 931 1 6 8
935 53713284 931 0 8 4
936 53713284 931 10 5 349
937 53713284 931 0 2 6431
938 53713284 931 3 10 2703
939 53713284 931 6 2 1607
940 53713284 931 5 2 4823
941 53713284 931 10 1 10
942 53713284 931 6 3 24
943 53713284 931 5 10 225
944 53713284 931 1 9 2119
945 53713284 931 8 0 1056
946 53713284 931 8 1 84
947 53713284 931 2 0 11622
948 53713284 931 5 9 4239
949 53713284 931 7 8 4
950 53713284 931 6 10 225
951 54016013 932 1 6 4
952 54016013 932 5 0 2
953 54016013 932 4 9 4
954 54016013 932 2 8 6
955 54016013 932 7 2 3611
956 54016013 932 6 7 3
957 54016013 932 3 7 3
958 54067943 935 1 1 1573
959 54086799 936 3 4 58
960 54201634 940 0 3 11398
961 54201634 940 0 8 217
962 54201634 940 0 7 99809
963 54201634 940 0 1 55
964 54201634 940 0 10 1313
965 55012853 941 7 6 5
966 55012853 941 0 5 13
967 55012853 941 3 3 2
968 55012853 941 7 7 2
969 55012853 941 7 8 6
970 55012853 941 7 5 55
971 55012853 941 8 4 11
972 55012853 941 6 0 5
973 55012853 941 6 9 2610
974 55012853 941 9 2 8
975 55012853 941 3 4 1
976 55024885 943 6 0 1
977 55046456 946 1 9 112
978 55051490 947 10 10 71
979 55124684 948 6 7 18
980 55124684 948 5 4 5
981 55124684 948 8 6 3958
982 55221727 950 3 8 7
983 55491441 961 4 5 343
984 55492319 962 1 9 174
985 56092044 967 7 6 3080
986 56092044 967 0 0 9
987 56092044 967 7 5 7
988 56092044 967 4 5 7
989 56198328 971 1 8 30
990 56272055 972 10 2 558
991 56272055 972 10 8 28
992 56272055 972 10 10 169
993 56554770 981 1 6 406
994 56612879 987 7 9 42
995 56628701 989 7 5 56
996 56725452 993 4 4 210
997 56850919 994 7 1 8
998 56850919 994 0 1 28
999 56850919 994 5 5 16
