11 332 1000
0 15064 0 1 10 471
1 15064 0 1 9 151
2 15064 0 9 9 1
3 15064 0 1 2 152
4 57496 3 5 8 197
5 57496 3 10 2 11041
6 57496 3 9 7 63
7 57496 3 5 1 14
8 57496 3 10 7 31
9 57496 3 5 5 113
10 67579 5 9 8 2075
11 76089 8 10 0 624
12 105098 9 1 4 2
13 105098 9 1 3 74
14 105098 9 7 3 74
15 105098 9 7 2 19
16 105098 9 4 3 74
17 105098 9 7 1 19
18 105098 9 7 4 2
19 105098 9 7 5 35
20 105098 9 1 5 35
21 105098 9 7 7 39
22 113121 11 0 9 88
23 147540 13 10 1 1591
24 147540 13 8 8 1
25 147540 13 6 2 70
26 152553 16 9 4 3
27 193021 17 5 5 16
28 193021 17 2 2 8942
29 193021 17 1 2 526
30 193021 17 0 2 526
31 193021 17 10 3 93
32 193021 17 3 10 26
33 193021 17 3 7 19
34 193021 17 10 1 44
35 193021 17 10 2 1578
36 193021 17 5 4 12
37 201393 18 1 3 19564
38 201393 18 1 8 1476
39 201393 18 1 6 36
40 203657 19 1 0 84
41 226569 21 3 4 45
42 226569 21 3 3 9711
43 226569 21 4 8 86
44 226569 21 3 1 17
45 244653 27 0 0 1040
46 266676 29 2 4 83
47 266676 29 10 7 2267
48 291999 37 3 9 6321
49 291999 37 3 8 6
50 301331 38 2 1 190
51 318249 41 10 0 90
52 319833 43 5 8 154
53 327027 45 6 6 1063
54 339927 50 1 3 14
55 339927 50 9 10 5268
56 339927 50 10 0 44
57 339927 50 10 4 2237
58 430095 51 10 10 1
59 430095 51 9 0 10
60 430095 51 9 1 15
61 430095 51 5 0 10
62 430095 51 0 5 33
63 430095 51 2 8 3
64 430095 51 2 6 1
65 430095 51 9 6 5
66 430095 51 5 1 15
67 430095 51 9 8 1
68 430095 51 7 9 1
69 430095 51 10 3 15
70 430095 51 8 7 5
71 430776 52 9 4 249
72 437144 56 5 2 461
73 437144 56 5 6 86
74 485307 59 1 7 13
75 485307 59 1 9 128
76 485307 59 5 6 19
77 485307 59 8 9 18
78 485307 59 8 3 10
79 485307 59 8 10 27
80 494306 61 2 1 230
81 494306 61 10 4 63
82 510981 66 0 2 233
83 510981 66 0 4 60
84 514901 68 5 4 1
85 514901 68 2 4 1
86 531169 70 10 6 45
87 544691 72 6 2 8
88 601635 75 5 6 14
89 601635 75 4 8 1
90 601635 75 2 4 1
91 601635 75 2 5 577
92 601635 75 2 9 1
93 601635 75 5 2 778
94 601635 75 9 5 115
95 601635 75 7 8 1
96 601635 75 6 1 591
97 601635 75 10 3 33
98 601635 75 10 7 1
99 601635 75 7 9 1
100 601635 75 8 5 115
101 601635 75 4 7 4
102 613730 79 10 3 38
103 618340 82 1 8 76
104 691723 84 4 4 5
105 691723 84 4 9 6
106 691723 84 10 3 8
107 691723 84 4 6 1
108 691723 84 2 5 71
109 691723 84 7 3 4
110 691723 84 10 2 77
111 691723 84 4 1 120
112 691723 84 6 1 8
113 691723 84 7 0 7
114 691927 85 8 6 404
115 710423 89 7 10 53
116 718711 91 1 2 10456
117 723749 93 7 7 13
118 730322 94 2 5 756
119 732548 95 3 1 49
120 745314 97 8 9 1843
121 787072 99 9 0 203
122 787072 99 0 6 10
123 787072 99 9 10 3070
124 787072 99 7 7 12
125 787072 99 7 10 3070
126 787072 99 7 6 5
127 787072 99 0 0 203
128 787072 99 9 6 70
129 788194 100 7 2 57
130 858645 102 1 9 9
131 858645 102 10 4 8
132 858645 102 7 10 21
133 858645 102 9 4 16
134 858645 102 4 0 35
135 858645 102 1 7 2
136 858645 102 1 4 4
137 858645 102 4 7 1
138 865483 103 8 5 6
139 906220 108 8 4 17
140 906220 108 0 6 7
141 923774 116 2 0 61
142 923774 116 2 10 8305
143 943173 118 7 5 16
144 943173 118 4 2 2
145 943305 119 5 8 2988
146 945206 120 0 7 124
147 952168 124 7 3 7
148 952452 125 0 2 16
149 973389 127 0 4 115
150 973389 127 0 1 237
151 985015 132 5 0 21
152 991957 134 8 9 76
153 1009993 136 1 6 153
154 1009993 136 1 9 1
155 1067620 137 4 2 21
156 1067620 137 1 10 222
157 1067620 137 9 4 99
158 1067620 137 6 8 39
159 1067620 137 6 0 4
160 1067620 137 10 7 3
161 1067620 137 2 8 4
162 1067620 137 1 9 2136
163 1067620 137 9 8 4
164 1067620 137 6 7 198
165 1100632 146 4 3 36
166 1100632 146 8 8 999
167 1113442 150 2 0 219
168 1113442 150 2 10 10
169 1179094 154 8 1 5
170 1179094 154 2 2 249
171 1179094 154 9 7 1284
172 1179094 154 0 1 5
173 1179094 154 1 9 11
174 1179094 154 10 10 1
175 1179094 154 10 0 2
176 1179094 154 7 9 11
177 1179094 154 6 9 23
178 1185878 158 5 2 59
179 1252865 160 7 3 137
180 1252865 160 2 0 11
181 1252865 160 3 10 17
182 1252865 160 0 9 9
183 1252865 160 6 1 1
184 1252865 160 0 5 35
185 1252865 160 2 4 4
186 1252865 160 9 3 10
187 1277921 162 0 7 1351
188 1277921 162 8 10 5
189 1277921 162 10 10 5
190 1289719 165 5 5 110
191 1289719 165 7 4 29
192 1289719 165 1 5 110
193 1293782 168 2 2 15
194 1293782 168 8 2 30
195 1303830 170 3 9 3937
196 1303830 170 3 7 102
197 1309982 172 6 10 36
198 1323428 175 5 6 13
199 1346947 177 0 1 12993
200 1346947 177 3 7 17
201 1346947 177 3 2 1
202 1346947 177 3 3 2171
203 1364230 187 4 2 24
204 1364230 187 9 1 15
205 1366149 189 1 7 16203
206 1380387 192 3 2 14
207 1382195 194 5 3 4
208 1437228 198 1 0 10
209 1437228 198 5 0 5
210 1437228 198 9 1 4
211 1437228 198 9 5 1
212 1437228 198 10 10 7
213 1437228 198 4 9 7
214 1437228 198 7 8 11
215 1438774 201 5 5 64
216 1443363 202 3 3 146
217 1443363 202 3 4 167
218 1458900 203 7 3 353
219 1462007 205 3 2 11780
220 1462007 205 0 3 62
221 1467180 208 10 7 217
222 1488442 210 8 3 299
223 1488442 210 2 3 1
224 1498932 217 8 5 78
225 1504825 222 0 7 28
226 1510349 223 2 7 68
227 1515886 226 3 9 222
228 1542874 229 6 2 1233
229 1542874 229 0 10 5
230 1542874 229 6 10 5
231 1542874 229 6 0 10
232 1542874 229 2 9 74
233 1542874 229 6 1 1
234 1574392 230 0 9 29
235 1574392 230 8 9 29
236 1574392 230 3 0 48
237 1574392 230 3 5 3
238 1574392 230 3 7 226
239 1635487 233 1 2 4
240 1635487 233 9 1 8
241 1635487 233 5 5 4
242 1635487 233 4 1 39
243 1635487 233 8 2 4
244 1635487 233 6 0 44
245 1635487 233 6 3 5
246 1635487 233 9 5 1
247 1644069 236 5 6 55
248 1662876 237 10 0 18
249 1662876 237 10 2 55
250 1736110 241 1 0 9
251 1736110 241 9 7 12
252 1736110 241 6 8 1
253 1736110 241 3 3 1
254 1736110 241 1 3 1
255 1736110 241 4 5 1682
256 1736110 241 9 6 1
257 1736110 241 7 4 14
258 1736110 241 4 1 6
259 1736110 241 3 2 1952
260 1736110 241 4 0 9
261 1736110 241 9 9 3679
262 1736110 241 1 10 1014
263 1742472 245 10 8 40
264 1751865 256 4 0 18
265 1783848 259 10 7 25
266 1783848 259 8 0 89
267 1783848 259 1 10 622
268 1853267 262 2 4 9
269 1853267 262 9 6 8
270 1853267 262 3 7 1
271 1853267 262 4 2 13
272 1853267 262 8 5 8
273 1853267 262 4 5 1
274 1853267 262 0 0 19
275 1853267 262 2 7 5
276 1853267 262 3 9 15
277 1853267 262 4 8 7
278 1853267 262 0 5 2
279 1853267 262 2 8 7
280 1861949 263 4 10 1524
281 1866990 266 3 10 42
282 1876905 269 4 2 8281
283 1886247 273 6 9 4
284 1890540 279 0 10 162
285 1891722 281 1 7 651
286 1900616 282 8 4 326
287 1900616 282 8 1 106
288 1900616 282 8 2 74
289 1900616 282 8 9 41
290 1900661 283 5 1 81
291 1900803 284 7 1 30
292 1910544 285 4 9 314
293 1910544 285 4 10 220
294 1910544 285 4 2 275
295 2020021 287 5 10 7
296 2020021 287 6 9 1
297 2020021 287 6 2 3
298 2020021 287 2 4 1
299 2020021 287 7 7 807
300 2020021 287 8 1 28
301 2020021 287 7 5 2
302 2020021 287 1 0 5
303 2020021 287 1 3 5
304 2020021 287 10 9 1
305 2020021 287 7 2 3
306 2020021 287 9 2 3
307 2020021 287 5 7 807
308 2020021 287 3 6 24
309 2020021 287 3 1 3
310 2060834 291 9 3 211
311 2060834 291 5 2 3435
312 2060834 291 10 0 1
313 2060834 291 4 1 128
314 2060834 291 1 8 35
315 2098246 292 5 8 218
316 2098246 292 3 0 12
317 2104152 295 5 4 1
318 2107451 297 1 10 64
319 2124023 298 1 10 121
320 2124023 298 9 0 21
321 2124023 298 9 4 483
322 2124023 298 1 5 75
323 2127394 300 10 1 1505
324 2170672 303 10 0 1
325 2170672 303 0 9 3069
326 2170672 303 10 7 33
327 2170672 303 3 10 14
328 2170672 303 3 9 204
329 2170672 303 8 0 1
330 2196427 304 3 9 58
331 2201397 305 7 7 38
332 2201397 305 6 7 116
333 2203783 307 8 4 476
334 2212373 308 6 4 147
335 2212373 308 6 9 224
336 2212373 308 6 1 147
337 2212373 308 6 8 78
338 2216625 310 7 6 6
339 2225010 312 6 10 391
340 2285453 317 7 1 42
341 2285453 317 5 9 21
342 2285453 317 6 2 565
343 2285453 317 3 4 10
344 2285453 317 6 5 3859
345 2285453 317 1 2 3961
346 2285453 317 4 9 5
347 2291386 322 7 5 121
348 2306612 324 3 10 24
349 2339638 328 0 0 1
350 2339638 328 2 0 3
351 2339638 328 3 0 1
352 2339638 328 4 3 1
353 2349218 330 0 4 194
354 2349218 330 0 8 10328
355 2350871 334 6 9 105
356 2357073 335 1 1 17
357 2365497 337 4 6 86
358 2382823 339 1 5 856
359 2382823 339 5 5 951
360 2382823 339 4 7 15
361 2382823 339 5 10 8843
362 2382823 339 2 3 645
363 2382823 339 0 5 190
364 2409093 340 9 0 40
365 2409093 340 2 3 126
366 2409093 340 3 4 5
367 2409093 340 2 4 1
368 2427800 349 6 6 8522
369 2432401 351 8 1 221
370 2441117 353 0 4 219
371 2448457 358 0 4 7138
372 2456291 361 6 9 119
373 2475609 367 6 10 6
374 2487977 369 3 9 224
375 2487977 369 2 9 869
376 2513358 370 1 9 162
377 2513358 370 1 10 35
378 2518420 375 9 0 228
379 2538763 380 10 8 9844
380 2538763 380 10 1 100
381 2542163 384 6 2 220
382 2568046 388 7 4 84
383 2568046 388 7 8 88
384 2568046 388 0 0 709
385 2568046 388 7 2 3
386 2568046 388 0 10 199
387 2629177 390 7 5 20
388 2629177 390 1 9 174
389 2629177 390 2 6 114
390 2629177 390 1 0 29
391 2629177 390 3 1 10
392 2629177 390 0 5 6
393 2629177 390 4 9 174
394 2629177 390 8 8 767
395 2629177 390 8 10 1
396 2629177 390 5 0 14
397 2650971 392 7 5 1283
398 2650971 392 5 5 1283
399 2728798 395 2 6 54
400 2728798 395 9 4 1
401 2728798 395 3 7 1
402 2728798 395 1 1 24
403 2728798 395 0 1 6
404 2728798 395 6 0 440
405 2728798 395 9 0 440
406 2728798 395 10 3 10
407 2728798 395 2 10 10
408 2728798 395 2 7 1
409 2740131 400 2 6 38920
410 2769168 402 9 7 35
411 2769168 402 2 5 49
412 2790024 407 2 10 6135
413 2842535 409 8 1 542
414 2842535 409 8 10 10
415 2842535 409 2 10 15
416 2842535 409 1 10 10
417 2842535 409 5 8 13
418 2842535 409 5 2 7
419 2842535 409 6 0 528
420 2842535 409 5 7 1
421 2842535 409 8 5 797
422 2847654 411 9 4 206
423 2871087 413 9 3 3
424 2871087 413 9 10 29
425 2871087 413 9 6 10095
426 2871087 413 9 8 10548
427 2894020 422 8 7 4
428 2894020 422 2 7 9
429 2998723 428 8 0 4
430 2998723 428 9 7 1
431 2998723 428 10 7 1
432 2998723 428 0 4 1
433 2998723 428 7 8 2
434 2998723 428 6 2 1
435 2998723 428 9 10 4
436 2998723 428 10 0 1
437 2998723 428 0 0 9
438 2998723 428 2 5 822
439 2998723 428 1 2 17
440 2998723 428 8 3 7
441 2998723 428 5 3 3
442 2998723 428 8 8 2
443 2998723 428 6 10 4
444 2998723 428 6 5 822
445 2998831 429 0 6 415
446 3051158 430 9 4 67
447 3051158 430 0 10 2
448 3051158 430 7 5 16
449 3051158 430 5 7 17
450 3051158 430 2 5 8
451 3051158 430 0 3 2
452 3051158 430 10 2 18
453 3051158 430 1 4 24
454 3053975 431 6 0 184
455 3064042 435 6 0 163
456 3064042 435 6 6 24
457 3066895 438 8 4 10191
458 3067260 439 6 7 114
459 3076280 443 6 8 4
460 3076280 443 6 6 1210
461 3082775 445 7 0 52
462 3137581 457 10 3 44
463 3137581 457 4 1 1
464 3137581 457 0 7 1
465 3137581 457 8 6 12
466 3137581 457 10 0 8
467 3137581 457 0 0 8
468 3137581 457 8 7 1
469 3137581 457 8 4 1
470 3197978 461 6 5 4
471 3197978 461 4 6 122
472 3197978 461 3 6 614
473 3197978 461 9 4 42
474 3197978 461 6 10 1
475 3197978 461 4 9 7
476 3330612 466 7 10 2
477 3330612 466 7 5 1
478 3330612 466 8 9 4
479 3330612 466 5 8 1
480 3330612 466 2 3 1801
481 3330612 466 3 9 4
482 3330612 466 3 0 7
483 3330612 466 0 4 2609
484 3330612 466 7 9 12
485 3330612 466 2 4 652
486 3330612 466 6 7 1
487 3330612 466 7 4 652
488 3330612 466 10 9 4
489 3330612 466 5 1 2
490 3330612 466 3 1 11
491 3330612 466 4 0 15
492 3362071 467 4 3 45
493 3362071 467 2 7 5
494 3362071 467 10 1 1
495 3388686 472 6 0 14
496 3388686 472 9 0 7
497 3388686 472 5 0 7
498 3424320 473 6 6 5
499 3424320 473 7 10 5
500 3424320 473 8 2 15
501 3534667 475 10 1 13
502 3534667 475 0 5 2
503 3534667 475 3 0 1
504 3534667 475 9 5 2
505 3534667 475 9 8 2
506 3534667 475 0 1 6
507 3534667 475 4 3 1
508 3534667 475 6 8 5
509 3534667 475 9 2 6
510 3534667 475 0 9 5
511 3534667 475 5 7 9
512 3534667 475 1 2 13
513 3554957 479 5 9 1
514 3554957 479 3 9 2
515 3562580 483 2 10 40
516 3576008 487 5 9 2682
517 3576008 487 5 3 3411
518 3576008 487 5 6 23
519 3591351 490 10 2 27
520 3593207 491 10 10 39
521 3599437 496 10 3 2626
522 3701754 498 5 7 14
523 3701754 498 8 5 175
524 3701754 498 7 1 17
525 3701754 498 0 6 1
526 3701754 498 7 6 1
527 3701754 498 5 9 1
528 3701754 498 4 3 1
529 3701754 498 4 1 17
530 3701754 498 10 7 7
531 3701754 498 4 9 1
532 3701754 498 9 5 175
533 3701754 498 6 0 10
534 3701754 498 9 9 1
535 3701754 498 6 8 514
536 3701754 498 0 1 53
537 3701754 498 1 10 13
538 3701754 498 3 10 13
539 3701754 498 5 1 35
540 3701754 498 4 2 4
541 3701754 498 1 8 5658
542 3710333 499 7 2 121
543 3710333 499 7 0 5705
544 3710333 499 7 6 4848
545 3710333 499 7 7 71
546 3710561 500 3 0 227
547 3718602 504 1 10 30
548 3718602 504 3 10 30
549 3778165 507 8 2 17
550 3778165 507 5 6 3
551 3778165 507 8 9 7
552 3778165 507 2 5 199
553 3778165 507 8 3 2
554 3778165 507 9 2 5
555 3778165 507 9 1 1
556 3778165 507 4 1 1
557 3778165 507 3 3 26
558 3801560 510 6 4 1991
559 3863885 513 10 1 5
560 3863885 513 6 9 20
561 3863885 513 2 7 5
562 3863885 513 7 0 1
563 3863885 513 5 4 300
564 3863885 513 10 2 6
565 3863885 513 9 0 1
566 3876818 517 3 10 33396
567 3881221 522 4 9 174
568 3884958 526 8 2 56
569 3893319 532 9 9 7164
570 3894373 533 4 4 779
571 3924063 542 1 0 34
572 3924232 543 7 4 113
573 3925614 546 4 7 78
574 3934020 547 4 10 15
575 3934020 547 4 6 189
576 3944219 550 1 6 6
577 3962240 552 5 0 76
578 3967011 554 10 7 2037
579 4071548 555 6 1 191
580 4071548 555 0 4 829
581 4071548 555 4 1 191
582 4071548 555 6 9 35
583 4071548 555 5 4 3318
584 4071548 555 7 7 3
585 4071548 555 6 8 7
586 4071548 555 7 6 47
587 4071548 555 10 1 95
588 4071548 555 2 8 7
589 4071548 555 5 5 1
590 4110900 556 5 5 3164
591 4110900 556 10 7 15
592 4119925 557 3 3 26
593 4131120 558 1 7 123
594 4131120 558 1 1 97
595 4167560 565 1 0 14
596 4167560 565 1 6 430
597 4210690 569 4 8 1
598 4210690 569 9 6 87
599 4210690 569 2 8 1
600 4210690 569 0 7 1
601 4210690 569 10 7 1
602 4253500 576 1 0 51
603 4253500 576 0 2 51
604 4259205 578 7 9 11
605 4259454 579 3 0 57
606 4278765 582 4 3 49
607 4288433 583 6 8 46
608 4288433 583 6 0 11861
609 4349245 602 6 5 30
610 4349245 602 6 4 453
611 4350507 604 9 6 322
612 4363478 606 10 7 327
613 4363478 606 10 2 49
614 4376799 611 2 2 8
615 4376799 611 10 2 8
616 4471394 612 10 6 3
617 4471394 612 7 10 5
618 4471394 612 3 7 5079
619 4471394 612 4 1 3
620 4471394 612 3 5 120
621 4471394 612 4 6 1
622 4471394 612 9 7 2539
623 4471394 612 1 4 26
624 4471394 612 1 7 2539
625 4471394 612 6 4 26
626 4471394 612 2 3 1
627 4479346 613 3 8 94
628 4479346 613 3 10 14831
629 4568704 616 6 8 1
630 4568704 616 0 2 11
631 4568704 616 2 0 1483
632 4568704 616 1 0 1483
633 4568704 616 7 4 1
634 4568704 616 10 4 1
635 4568704 616 9 10 1709
636 4568704 616 9 6 36
637 4568704 616 6 1 2
638 4568704 616 3 6 36
639 4568704 616 5 2 1
640 4568704 616 7 2 1
641 4568704 616 9 1 1
642 4568704 616 7 3 20
643 4570408 617 3 9 85
644 4599215 626 2 7 117
645 4611878 628 1 5 389
646 4648063 634 7 5 82
647 4648063 634 7 3 109
648 4653577 635 5 8 1373
649 4665320 638 0 6 40
650 4721687 644 1 0 8
651 4721687 644 10 7 92
652 4721687 644 0 9 136
653 4721687 644 4 4 647
654 4721687 644 8 10 22
655 4721687 644 7 5 10
656 4721687 644 3 8 908
657 4721687 644 7 8 908
658 4721687 644 5 9 27
659 4721687 644 8 6 1
660 4721687 644 0 2 152
661 4725455 647 3 3 1338
662 4725455 647 1 3 1338
663 4728145 653 7 10 4838
664 4733559 660 7 7 16605
665 4748501 668 5 10 160
666 4748501 668 5 4 33132
667 4748501 668 5 2 183
668 4748501 668 5 8 15767
669 4823776 671 10 8 5
670 4823776 671 8 7 1
671 4823776 671 2 3 123
672 4823776 671 8 8 5
673 4823776 671 1 6 16
674 4823776 671 0 7 1
675 4823776 671 8 9 8
676 4838802 675 2 5 29
677 4840974 676 8 4 41
678 4846571 678 6 6 409
679 4855303 681 2 4 1319
680 4855303 681 6 5 12
681 4855303 681 8 4 1319
682 4915103 683 7 2 1527
683 4915103 683 2 4 1277
684 4915103 683 9 3 29
685 4915103 683 1 3 29
686 4915103 683 4 3 29
687 4915103 683 8 6 10
688 4915103 683 2 5 1
689 4915103 683 2 9 30
690 4915103 683 6 4 638
691 4920403 687 10 2 32
692 4920403 687 10 7 98
693 4932787 689 8 4 318
694 4963433 690 4 6 73
695 4963433 690 0 4 863
696 4963433 690 4 2 11
697 4963433 690 8 8 600
698 4963433 690 4 7 527
699 4963433 690 4 4 863
700 4964739 691 2 2 49
701 4989662 692 6 1 96
702 4989662 692 2 6 43
703 4989662 692 10 0 2
704 4989662 692 7 10 12
705 4989662 692 10 1 48
706 4998137 693 8 0 109
707 5116342 695 3 2 793
708 5116342 695 8 8 1
709 5116342 695 10 2 1587
710 5116342 695 2 9 1503
711 5116342 695 0 7 2
712 5116342 695 4 3 4
713 5116342 695 7 8 1
714 5116342 695 7 1 3
715 5116342 695 10 9 214
716 5116342 695 4 9 429
717 5116342 695 9 9 214
718 5116342 695 10 5 7
719 5116342 695 8 1 3
720 5116342 695 8 5 28
721 5116342 695 7 10 5
722 5116342 695 9 10 1
723 5121163 697 6 6 3138
724 5121163 697 2 2 466
725 5121163 697 1 6 1569
726 5148128 698 10 3 1526
727 5148128 698 5 1 3
728 5148128 698 2 2 153
729 5162408 701 9 2 76
730 5162408 701 8 9 1
731 5162408 701 7 2 15
732 5185575 702 0 1 25
733 5185575 702 0 10 1
734 5185575 702 0 8 88
735 5185575 702 0 3 1
736 5208956 703 2 0 74
737 5208956 703 2 5 40
738 5212853 706 5 7 40
739 5213295 707 6 1 13
740 5228674 710 3 1 44
741 5228674 710 3 8 105
742 5290141 718 1 1 6
743 5290141 718 1 5 87
744 5290141 718 2 10 21
745 5290141 718 1 3 15
746 5290141 718 2 7 23
747 5290910 719 2 7 4984
748 5311005 723 3 5 29
749 5311005 723 3 9 11
750 5318978 724 6 2 205
751 5318978 724 6 10 39
752 5334624 731 2 10 8
753 5361231 732 7 0 1
754 5361231 732 9 6 4
755 5361231 732 4 2 240
756 5361231 732 6 3 7
757 5388490 735 9 10 136
758 5388490 735 9 6 47
759 5388490 735 6 0 70
760 5397157 737 0 0 44
761 5397472 738 5 1 213
762 5470210 741 7 1 989
763 5470210 741 7 2 3
764 5470210 741 1 10 2
765 5470210 741 1 9 119
766 5470210 741 2 4 66
767 5470210 741 9 7 2
768 5470210 741 5 2 3
769 5495026 749 2 9 1
770 5550041 751 10 3 242
771 5550041 751 6 10 17
772 5550041 751 3 7 14
773 5550041 751 8 9 15
774 5574156 755 9 9 56
775 5574156 755 9 7 346
776 5574156 755 9 5 4130
777 5574156 755 9 4 137
778 5600089 763 6 4 34
779 5600880 764 3 2 84
780 5633728 766 10 6 14
781 5633728 766 10 7 7
782 5633728 766 2 4 48
783 5633728 766 5 7 7
784 5633728 766 7 10 7
785 5633728 766 1 6 172
786 5633728 766 3 4 16
787 5633728 766 0 3 1
788 5657958 768 8 0 103
789 5657958 768 0 9 352
790 5680110 778 2 9 7
791 5687271 780 2 5 4
792 5695259 785 8 2 7
793 5695933 786 6 0 54
794 5698704 787 6 4 33
795 5703634 791 8 1 1
796 5863217 822 9 3 1
797 5863217 822 5 1 1
798 5863217 822 4 5 52
799 5863217 822 0 6 4
800 5863217 822 2 6 8
801 5863217 822 7 9 3
802 5863217 822 3 4 1
803 5863217 822 4 1 1
804 5863217 822 10 2 3
805 5863217 822 9 8 239
806 5863217 822 8 8 239
807 5863217 822 4 8 239
808 5863217 822 2 5 26
809 5949200 823 1 1 969
810 5949200 823 3 3 4
811 5949200 823 9 5 599
812 5949200 823 10 9 1
813 5949200 823 9 6 1414
814 5949200 823 5 2 6
815 5949200 823 2 4 3553
816 5949200 823 8 5 1198
817 5949200 823 10 7 751
818 5949200 823 2 9 1
819 5949200 823 8 4 3553
820 5949200 823 1 2 6
821 5949200 823 3 6 282
822 5976451 825 1 1 19
823 5976451 825 7 2 27
824 5976451 825 5 2 27
825 5976451 825 7 1 19
826 5979682 827 5 9 116
827 5979682 827 0 9 116
828 5991905 830 1 1 74
829 5991905 830 3 5 172
830 5991905 830 8 1 24
831 5991905 830 3 9 16
832 6011674 833 7 9 12629
833 6011674 833 7 7 1338
834 6011674 833 7 1 62
835 6024310 834 7 0 177
836 6024310 834 9 4 61
837 6024793 835 3 1 125
838 6032657 841 10 5 4815
839 6032657 841 1 0 334
840 6044402 842 1 4 6007
841 6044402 842 1 10 21
842 6044402 842 1 2 12
843 6044402 842 1 1 148
844 6049594 844 1 9 851
845 6053706 845 10 7 4
846 6061075 846 5 10 165
847 6061075 846 5 4 14
848 6068586 854 3 10 1
849 6081241 857 9 9 69
850 6081241 857 9 2 15741
851 6090631 859 6 6 60
852 6090631 859 6 8 506
853 6099877 861 3 9 59
854 6099877 861 3 10 7689
855 6099877 861 3 2 309
856 6166749 864 1 1 4
857 6166749 864 7 4 17
858 6166749 864 6 9 70
859 6166749 864 3 10 172
860 6174425 870 2 3 6
861 6174425 870 7 3 46
862 6182341 871 6 8 758
863 6182341 871 5 8 758
864 6182341 871 1 3 1534
865 6182341 871 1 9 3
866 6182341 871 10 9 7
867 6186286 873 8 2 1986
868 6197329 874 2 9 31
869 6204837 876 4 3 37
870 6213101 881 1 2 561
871 6214037 884 0 6 33
872 6260893 886 2 0 14
873 6260893 886 10 4 19
874 6260893 886 10 1 11
875 6260893 886 4 1 5
876 6269340 888 10 8 196
877 6273411 891 2 8 118
878 6316648 894 4 3 12
879 6316648 894 7 2 5
880 6316648 894 8 10 133
881 6316648 894 10 8 1
882 6316648 894 2 5 30
883 6316648 894 7 8 1
884 6316648 894 5 2 128
885 6343990 896 1 0 15751
886 6343990 896 3 2 38
887 6356993 899 6 10 114
888 6356993 899 6 6 12658
889 6364413 901 5 2 30
890 6364525 902 5 10 39173
891 6385418 905 7 8 95
892 6406867 907 4 6 136
893 6406867 907 2 6 68
894 6407413 908 1 0 165
895 6416129 909 9 7 11407
896 6416129 909 9 5 138
897 6435841 913 2 2 19
898 6435841 913 10 2 38
899 6456196 919 10 1 2
900 6456196 919 6 1 1
901 6458415 920 2 8 655
902 6484801 926 7 7 22675
903 6484801 926 7 6 104
904 6593650 929 0 1 2
905 6593650 929 9 1 2
906 6593650 929 1 9 8
907 6593650 929 10 9 4
908 6593650 929 2 3 13
909 6593650 929 7 2 8
910 6593650 929 7 6 54
911 6593650 929 2 8 4
912 6593650 929 6 1 3
913 6593650 929 6 0 655
914 6593650 929 10 7 2
915 6593650 929 0 9 8
916 6593650 929 2 4 2635
917 6593650 929 3 10 1
918 6656973 930 4 8 309
919 6656973 930 3 7 10
920 6656973 930 8 3 15
921 6656973 930 5 9 71
922 6656973 930 9 0 9968
923 6656973 930 7 6 13
924 6656973 930 5 1 43
925 6656973 930 2 10 683
926 6656973 930 0 2 7
927 6656973 930 3 5 22
928 6656973 930 5 8 309
929 6656973 930 6 2 7
930 6656973 930 9 3 15
931 6714160 931 2 6 8
932 6714160 931 6 10 225
933 6714160 931 5 5 349
934 6714160 931 4 0 3169
935 6714160 931 5 1 10
936 6714160 931 10 1 10
937 6714160 931 10 5 349
938 6714160 931 1 6 8
939 6752001 932 7 2 3611
940 6752001 932 0 6 9
941 6752001 932 5 0 2
942 6752001 932 8 0 2
943 6758492 935 3 1 1573
944 6758492 935 1 1 1573
945 6762211 938 9 5 48
946 6769096 939 4 8 42789
947 6769096 939 2 8 14263
948 6876606 941 6 0 5
949 6876606 941 3 7 2
950 6876606 941 9 3 1
951 6876606 941 7 0 16
952 6876606 941 8 9 1305
953 6876606 941 9 1 288
954 6876606 941 3 1 384
955 6876606 941 5 2 2
956 6876606 941 1 6 5
957 6876606 941 0 4 3
958 6876606 941 4 7 1
959 6876606 941 0 6 34
960 6876606 941 10 8 1
961 6876606 941 0 3 1
962 6876606 941 10 4 1
963 6876606 941 10 10 36
964 6876606 941 10 7 2
965 6876606 941 6 10 18
966 6876606 941 6 6 24
967 6876958 942 10 5 700
968 6878110 943 6 0 1
969 6880807 946 1 9 112
970 6893246 949 2 4 3132
971 6903827 951 2 8 158
972 6906230 953 1 3 14
973 6911606 957 8 9 17
974 6925926 959 10 10 18
975 6936430 961 10 5 343
976 6936430 961 3 5 343
977 7011505 967 0 4 14
978 7011505 967 4 4 14
979 7011505 967 4 9 9
980 7011505 967 5 7 486
981 7011505 967 0 9 2
982 7011505 967 7 4 14
983 7011505 967 7 10 40
984 7011505 967 4 8 44
985 7011505 967 0 5 43
986 7011505 967 4 3 16
987 7011505 967 6 6 3080
988 7011505 967 1 6 3080
989 7053264 973 0 6 19
990 7056224 975 6 8 1
991 7057541 976 2 8 113
992 7058856 977 7 2 1705
993 7069314 980 7 10 306
994 7078075 988 8 4 7153
995 7078587 989 7 5 56
996 7080758 990 4 1 2
997 7106364 994 2 0 3
998 7106364 994 10 0 3
999 7112767 997 6 3 22
