11 341 1000
0 13391 0 9 8 56
1 13391 0 1 10 471
2 13391 0 1 8 28
3 13391 0 1 6 24
4 51107 3 5 7 31
5 51107 3 9 7 63
6 51107 3 5 5 113
7 51107 3 10 0 2396
8 59157 4 2 0 15
9 93421 9 1 10 7
10 93421 9 4 5 248
11 93421 9 7 7 39
12 93421 9 7 1 19
13 101416 12 3 2 8
14 131147 13 8 4 340
15 131147 13 6 4 340
16 131147 13 1 1 265
17 131147 13 1 8 1
18 171575 17 10 9 1317
19 171575 17 1 7 17
20 171575 17 0 10 1
21 171575 17 3 1 44
22 171575 17 10 1 44
23 171575 17 6 8 1
24 179016 18 1 2 19
25 179016 18 1 4 20
26 181028 19 1 0 84
27 184033 20 4 8 333
28 201395 21 3 4 45
29 201395 21 3 2 1009
30 201395 21 4 1 31
31 201395 21 4 3 9711
32 202705 22 6 5 14781
33 217469 27 7 0 130
34 237045 29 10 10 175
35 259554 37 3 9 6321
36 259554 37 0 10 4
37 259554 37 0 8 6
38 282888 41 10 1 3192
39 282888 41 10 9 75
40 284296 43 5 8 154
41 289428 44 1 2 89
42 289428 44 1 8 59
43 289428 44 1 6 217
44 302157 50 9 0 44
45 302157 50 2 3 14
46 302157 50 2 0 44
47 302157 50 1 8 12
48 382307 51 9 8 1
49 382307 51 5 6 1
50 382307 51 8 2 26
51 382307 51 9 10 1
52 382307 51 10 6 1
53 382307 51 5 7 5
54 382307 51 8 3 15
55 382307 51 0 1 15
56 382307 51 3 10 1
57 382307 51 5 0 10
58 382307 51 3 2 5
59 384541 54 0 10 4501
60 391545 58 1 2 7830
61 431384 59 1 4 1
62 431384 59 8 0 4
63 431384 59 1 3 5
64 431384 59 2 3 5
65 431384 59 8 7 6
66 431384 59 2 6 19
67 439383 61 2 2 24
68 439383 61 2 1 230
69 457690 68 5 4 1
70 484170 72 6 1 5
71 534787 75 9 4 1
72 534787 75 10 9 1
73 534787 75 9 9 33
74 534787 75 2 1 591
75 534787 75 2 4 1
76 534787 75 1 7 1
77 534787 75 6 9 1
78 534787 75 9 10 7
79 534787 75 3 8 1
80 541343 77 6 4 52
81 545538 79 10 3 38
82 614865 84 6 5 4
83 614865 84 3 6 1
84 614865 84 6 4 5
85 614865 84 6 0 15
86 614865 84 10 0 7
87 614865 84 2 3 4
88 615047 85 9 6 404
89 619635 88 9 6 10
90 631487 89 7 3 43
91 638855 91 8 2 550
92 638994 92 4 0 66
93 649175 94 3 5 756
94 649175 94 2 5 756
95 649175 94 7 5 2270
96 649175 94 4 5 1513
97 652542 96 10 5 88
98 699619 99 0 9 42
99 763240 102 0 8 14609
100 763240 102 10 1 3
101 763240 102 4 6 1
102 763240 102 9 10 21
103 763240 102 1 5 14
104 763240 102 10 5 57
105 763240 102 2 3 17
106 763240 102 0 0 35
107 763240 102 5 2 483
108 763240 102 6 8 14609
109 774349 104 4 5 74
110 805529 108 6 4 68
111 805529 108 0 2 1
112 805529 108 7 7 76
113 805529 108 3 2 1
114 805529 108 5 4 34
115 805529 108 4 0 226
116 809413 110 3 10 47
117 809413 110 3 1 64
118 813994 115 3 6 95
119 846372 124 2 3 7
120 846624 125 0 2 16
121 865235 127 0 9 22699
122 865235 127 0 6 358
123 881739 134 1 6 1980
124 897772 136 8 2 59
125 897772 136 1 1 31
126 897772 136 8 4 6084
127 897772 136 8 9 9
128 948996 137 6 3 9
129 948996 137 5 2 21
130 948996 137 1 7 3
131 948996 137 9 1 12
132 948996 137 7 3 9
133 948996 137 1 9 2136
134 948996 137 10 4 896
135 949835 138 4 5 109
136 954156 139 8 1 504
137 954172 140 7 4 142
138 964665 143 0 2 200
139 964665 143 0 10 7810
140 978339 146 7 9 50
141 978339 146 6 3 72
142 997654 153 8 9 37
143 1048084 154 6 4 10
144 1048084 154 6 5 69
145 1048084 154 5 8 21
146 1048084 154 9 7 1284
147 1048084 154 2 7 642
148 1048084 154 1 10 17
149 1048084 154 0 7 642
150 1048084 154 0 8 196
151 1048084 154 6 2 748
152 1113658 160 7 5 5
153 1113658 160 10 2 843
154 1113658 160 2 4 4
155 1113658 160 0 5 35
156 1113658 160 4 8 306
157 1113658 160 10 1 1
158 1113658 160 8 6 5
159 1135930 162 8 6 14
160 1135930 162 3 1 1445
161 1135930 162 5 3 574
162 1135930 162 10 3 382
163 1135930 162 7 3 382
164 1146417 165 4 4 14
165 1146417 165 2 3 372
166 1146417 165 0 5 110
167 1150028 168 1 2 15
168 1158960 170 3 9 3937
169 1164428 172 6 8 29
170 1175269 174 0 3 36
171 1175269 174 9 2 9
172 1176380 175 8 6 39
173 1176380 175 5 6 13
174 1197286 177 3 0 359
175 1197286 177 0 9 9
176 1200213 179 8 7 57
177 1205844 184 3 5 54
178 1212649 187 9 1 15
179 1212649 187 9 9 71
180 1212649 187 7 2 8
181 1227011 192 3 8 53
182 1277536 198 4 9 7
183 1277536 198 2 4 2
184 1277536 198 6 6 111
185 1277536 198 5 5 1
186 1277536 198 9 4 4
187 1277536 198 2 6 334
188 1277536 198 10 10 7
189 1277536 198 7 2 6
190 1277536 198 10 0 5
191 1277536 198 7 8 11
192 1277536 198 7 0 20
193 1278910 201 5 5 64
194 1296800 203 7 3 353
195 1296800 203 8 9 59
196 1296800 203 8 7 7494
197 1309127 209 1 5 39
198 1323060 210 8 3 299
199 1325430 211 10 6 59
200 1326684 215 7 4 8130
201 1337622 222 0 7 28
202 1342532 223 2 2 68
203 1343276 224 3 2 49443
204 1343276 224 3 5 91
205 1347752 227 4 7 1033
206 1371444 229 2 3 28
207 1371444 229 6 5 19
208 1371444 229 6 0 10
209 1399459 230 3 4 78
210 1399459 230 0 3 136
211 1399459 230 3 2 1
212 1399459 230 0 1 46
213 1399459 230 8 7 2487
214 1401687 231 5 6 6
215 1453766 233 7 7 85
216 1453766 233 4 2 8
217 1453766 233 7 4 1153
218 1453766 233 8 0 7
219 1453766 233 7 10 160
220 1478112 237 4 10 82
221 1478112 237 10 4 215
222 1478112 237 4 2 27
223 1478112 237 10 5 107
224 1478112 237 10 8 53
225 1478112 237 10 9 11
226 1478112 237 4 6 47
227 1487320 239 9 1 9
228 1543209 241 1 9 1226
229 1543209 241 7 5 5047
230 1543209 241 3 1 18
231 1543209 241 6 7 6
232 1543209 241 4 4 14
233 1543209 241 1 4 14
234 1543209 241 7 2 3905
235 1543209 241 9 8 23
236 1554531 253 2 6 83
237 1558357 257 6 9 7792
238 1585642 259 8 0 89
239 1585642 259 9 1 891
240 1585642 259 10 3 623
241 1585642 259 6 3 623
242 1585642 259 4 7 25
243 1585642 259 9 7 25
244 1585642 259 4 1 891
245 1585642 259 1 7 25
246 1647348 262 3 4 1
247 1647348 262 8 7 1
248 1647348 262 9 7 1
249 1647348 262 8 10 55
250 1647348 262 0 1 30
251 1647348 262 4 6 17
252 1647348 262 9 2 6
253 1647348 262 2 5 1
254 1655065 263 6 10 1524
255 1668360 269 4 1 4881
256 1668360 269 4 5 39
257 1676204 272 1 5 106
258 1680480 279 0 10 162
259 1698261 285 4 1 297
260 1698261 285 4 5 15527
261 1795574 287 1 8 5
262 1795574 287 9 6 24
263 1795574 287 3 6 24
264 1795574 287 4 8 5
265 1795574 287 5 7 807
266 1795574 287 3 5 2
267 1795574 287 1 7 807
268 1795574 287 8 4 1
269 1795574 287 0 2 6
270 1795574 287 2 1 3
271 1795574 287 2 4 1
272 1795574 287 3 0 5
273 1795574 287 6 5 4
274 1795574 287 5 5 70
275 1796823 289 10 10 47
276 1831852 291 9 5 25
277 1831852 291 2 2 6871
278 1831852 291 6 9 731
279 1831852 291 5 7 111
280 1831852 291 3 3 844
281 1831852 291 8 5 103
282 1831852 291 4 6 2047
283 1831852 291 8 2 34357
284 1865107 292 8 0 6
285 1865107 292 9 8 218
286 1865107 292 9 0 6
287 1865107 292 3 8 654
288 1888020 298 9 7 60
289 1929486 303 8 9 204
290 1929486 303 2 1 25
291 1929486 303 2 0 2
292 1929486 303 0 2 1892
293 1929486 303 2 2 1892
294 1929486 303 10 0 1
295 1958918 307 0 4 476
296 1966554 308 6 10 9873
297 1977910 314 9 1 54
298 2031513 317 10 5 964
299 2031513 317 8 5 964
300 2031513 317 7 5 964
301 2031513 317 9 0 4
302 2031513 317 10 8 83
303 2031513 317 0 10 55
304 2036326 321 1 5 3080
305 2036787 322 7 5 121
306 2052211 326 7 7 118
307 2056623 327 3 1 60
308 2079678 328 0 0 1
309 2079678 328 3 0 1
310 2079678 328 4 9 2
311 2079678 328 6 5 594
312 2088193 330 0 1 1349
313 2088373 332 2 8 19
314 2095176 335 1 8 44
315 2102664 337 4 7 86
316 2102664 337 4 1 95
317 2102664 337 4 4 1536
318 2102664 337 4 6 86
319 2103134 338 4 5 18
320 2103134 338 7 5 18
321 2118065 339 0 5 190
322 2118065 339 8 5 95
323 2118065 339 3 2 288
324 2118065 339 10 7 31
325 2141416 340 7 1 11
326 2141416 340 8 9 15
327 2141416 340 5 4 1
328 2141416 340 3 0 20
329 2141416 340 3 1 3
330 2169881 353 0 8 90
331 2169881 353 0 3 163
332 2172288 356 6 0 96
333 2188777 362 1 2 1
334 2211535 369 6 3 6
335 2234096 370 1 9 162
336 2234096 370 6 8 3
337 2234096 370 10 5 1
338 2234096 370 2 10 11
339 2240088 379 3 3 2
340 2256678 380 10 9 703
341 2256678 380 10 4 157
342 2264042 386 7 3 976
343 2282708 388 0 2 35
344 2282708 388 7 7 30
345 2282708 388 0 8 3
346 2282708 388 7 6 202
347 2284318 389 6 2 16284
348 2337046 390 9 8 2301
349 2337046 390 8 1 2
350 2337046 390 8 6 459
351 2337046 390 7 5 20
352 2337046 390 4 9 174
353 2356418 392 3 9 3
354 2356418 392 8 4 427
355 2356418 392 5 5 1283
356 2356418 392 2 2 58
357 2358925 393 2 1 46
358 2425598 395 7 1 1
359 2425598 395 1 7 41
360 2425598 395 0 9 2555
361 2425598 395 2 5 1065
362 2425598 395 3 7 1
363 2425598 395 4 1 1
364 2425598 395 10 7 1
365 2425598 395 6 8 33
366 2432081 398 9 9 103
367 2461483 402 9 6 88
368 2480021 407 2 8 611
369 2480021 407 2 5 310
370 2480021 407 2 1 9
371 2480181 408 2 8 119
372 2526698 409 2 5 3188
373 2526698 409 6 7 1
374 2526698 409 6 9 60
375 2526698 409 8 1 542
376 2526698 409 8 0 1056
377 2526698 409 1 0 528
378 2526698 409 5 0 528
379 2526698 409 1 7 15
380 2526698 409 5 4 2
381 2526698 409 1 9 30
382 2552077 413 2 9 66
383 2552077 413 2 4 4707
384 2552077 413 9 10 29
385 2561807 420 9 1 29
386 2572462 422 10 3 54
387 2572462 422 7 2 569
388 2582407 424 7 5 282
389 2586123 427 10 2 48
390 2665531 428 5 9 3
391 2665531 428 7 9 1
392 2665531 428 7 6 2
393 2665531 428 7 10 4
394 2665531 428 6 5 822
395 2665531 428 8 5 822
396 2665531 428 1 8 2
397 2665531 428 5 2 1
398 2665531 428 3 2 2
399 2665531 428 9 8 2
400 2665531 428 0 8 7
401 2665531 428 7 0 1
402 2665531 428 1 6 1
403 2665531 428 4 4 4
404 2665531 428 8 10 8
405 2665531 428 6 1 668
406 2712140 430 8 4 3
407 2712140 430 2 10 2
408 2712140 430 5 7 17
409 2712140 430 1 1 2103
410 2712140 430 4 8 1
411 2712140 430 4 1 7361
412 2712140 430 0 8 2
413 2712140 430 7 3 21
414 2712140 430 5 3 2
415 2744323 449 9 6 39058
416 2788961 457 10 1 3
417 2788961 457 7 1 3
418 2788961 457 6 6 6
419 2788961 457 8 9 13
420 2806604 460 1 2 8
421 2842647 461 4 9 7
422 2842647 461 3 6 614
423 2842647 461 0 2 5
424 2842647 461 7 5 1
425 2842647 461 10 8 9
426 2842647 461 6 10 1
427 2842647 461 1 8 9
428 2842647 461 10 9 7
429 2845764 463 0 0 22
430 2960544 466 0 1 14
431 2960544 466 0 2 50
432 2960544 466 3 10 2
433 2960544 466 5 2 50
434 2960544 466 7 2 50
435 2960544 466 4 2 50
436 2960544 466 4 9 8
437 2960544 466 2 0 7
438 2960544 466 6 4 217
439 2960544 466 0 3 1801
440 2960544 466 0 10 6
441 2960544 466 8 0 7
442 2960544 466 10 10 4
443 2960544 466 10 6 16
444 2960544 466 6 7 1
445 2960544 466 2 9 28
446 2960544 466 9 3 1801
447 2960544 466 10 4 217
448 2960544 466 7 5 1
449 2988508 467 1 1 2
450 2988508 467 5 8 7
451 2988508 467 6 7 5
452 2988508 467 1 8 7
453 2999347 470 9 2 75
454 3004328 471 10 10 2769
455 3012165 472 7 0 7
456 3043840 473 8 2 15
457 3043840 473 7 10 5
458 3043840 473 2 9 4
459 3043840 473 9 3 14
460 3043840 473 6 9 2
461 3043840 473 3 8 52
462 3043840 473 10 8 52
463 3043840 473 10 3 59
464 3043840 473 9 2 7
465 3141926 475 8 1 3
466 3141926 475 3 1 3
467 3141926 475 3 5 5
468 3141926 475 1 8 2
469 3141926 475 9 8 2
470 3141926 475 8 4 1
471 3141926 475 4 9 5
472 3141926 475 10 0 1
473 3141926 475 10 6 1
474 3141926 475 0 8 7
475 3141926 475 2 8 2
476 3141926 475 6 3 1
477 3141926 475 7 9 5
478 3141926 475 1 3 23
479 3141926 475 0 5 2
480 3141926 475 6 2 1
481 3141926 475 7 6 37
482 3141926 475 5 9 5
483 3142933 476 8 10 15
484 3152497 477 2 1 282
485 3152497 477 2 9 103
486 3166738 483 2 10 40
487 3167129 484 3 10 209
488 3173223 486 6 1 461
489 3178674 487 5 8 1304
490 3178674 487 5 0 66373
491 3179077 488 10 4 7643
492 3191057 489 2 0 1571
493 3191057 489 0 1 222
494 3191057 489 3 8 69
495 3290448 498 2 6 1
496 3290448 498 10 7 7
497 3290448 498 4 0 10
498 3290448 498 9 8 514
499 3290448 498 2 9 1
500 3290448 498 5 5 702
501 3290448 498 10 8 514
502 3290448 498 10 10 13
503 3290448 498 4 8 1028
504 3290448 498 9 2 4
505 3290448 498 1 5 175
506 3290448 498 9 4 50
507 3290448 498 2 8 514
508 3290448 498 3 6 1
509 3290448 498 6 2 9
510 3290448 498 5 7 14
511 3290448 498 6 5 175
512 3290448 498 0 6 1
513 3298074 499 7 0 5705
514 3358369 507 2 9 7
515 3358369 507 2 5 199
516 3358369 507 3 3 26
517 3358369 507 4 2 120
518 3358369 507 8 9 7
519 3358369 507 2 1 1
520 3358369 507 1 0 6
521 3379164 510 7 6 71
522 3379164 510 6 7 383
523 3379164 510 7 0 47
524 3434564 513 6 3 21
525 3434564 513 3 7 5
526 3434564 513 1 6 240
527 3434564 513 4 7 11
528 3434564 513 5 7 35
529 3434564 513 4 8 1009
530 3434564 513 8 1 5
531 3434564 513 4 4 200
532 3434564 513 0 0 5
533 3434564 513 1 1 5
534 3434564 513 8 5 172
535 3436480 515 10 1 15
536 3445954 516 9 3 1
537 3445954 516 3 3 1
538 3450790 523 8 2 3
539 3457733 527 5 0 238
540 3461664 533 4 4 779
541 3473324 537 7 10 11
542 3473324 537 9 10 88
543 3488056 542 1 2 138
544 3488206 543 7 4 113
545 3505972 550 5 6 6
546 3619153 555 3 3 202
547 3619153 555 4 8 7
548 3619153 555 5 10 1
549 3619153 555 2 8 7
550 3619153 555 7 8 102
551 3619153 555 0 3 202
552 3619153 555 5 9 2
553 3619153 555 0 2 876
554 3619153 555 1 10 1
555 3619153 555 1 2 876
556 3619153 555 6 1 191
557 3619153 555 6 10 1
558 3619153 555 4 2 4380
559 3619153 555 9 1 95
560 3654133 556 0 7 15
561 3654133 556 5 7 31
562 3654133 556 10 3 92
563 3654133 556 10 0 11
564 3672107 558 1 3 9246
565 3687999 562 10 9 2695
566 3697268 563 10 8 1666
567 3697268 563 10 10 127
568 3697268 563 10 3 653
569 3697268 563 10 4 100
570 3697268 563 10 0 26
571 3704498 565 1 9 136
572 3704498 565 1 5 19648
573 3704498 565 1 1 233
574 3742835 569 10 2 78
575 3742835 569 10 7 1
576 3742835 569 8 2 26
577 3742835 569 9 9 2
578 3742835 569 6 10 12
579 3742835 569 1 8 8
580 3742835 569 1 1 16
581 3742835 569 1 2 13
582 3742835 569 8 5 1
583 3742835 569 9 6 87
584 3748429 574 8 5 178
585 3780889 576 0 7 9
586 3780889 576 0 1 1
587 3780889 576 10 6 4
588 3780889 576 6 3 30
589 3803347 582 4 3 49
590 3811940 583 6 6 89
591 3820458 588 4 6 76
592 3820458 588 4 2 98
593 3820458 588 4 5 688
594 3827192 591 2 1 1
595 3829975 594 0 5 74
596 3833966 597 7 4 43
597 3837600 599 7 1 186
598 3839535 601 6 10 6424
599 3865996 602 8 7 111
600 3865996 602 6 7 74
601 3865996 602 8 4 906
602 3878647 606 10 5 1333
603 3974572 612 2 2 448
604 3974572 612 8 8 8
605 3974572 612 5 1 6
606 3974572 612 0 4 26
607 3974572 612 3 8 8
608 3974572 612 3 10 5
609 3974572 612 6 2 448
610 3974572 612 8 1 13
611 3974572 612 10 7 2539
612 3974572 612 1 0 71
613 4061070 616 4 4 78
614 4061070 616 2 3 83
615 4061070 616 9 0 494
616 4061070 616 8 1 1
617 4061070 616 0 3 20
618 4061070 616 0 10 12823
619 4061070 616 5 0 494
620 4061070 616 3 7 200
621 4061070 616 2 10 854
622 4061070 616 9 4 1
623 4061070 616 2 8 1
624 4061070 616 5 1 1
625 4077031 624 8 5 2839
626 4088191 626 2 3 6058
627 4088191 626 2 7 117
628 4099447 628 1 3 228
629 4107969 631 2 3 144
630 4127829 633 5 0 4797
631 4131612 634 7 9 19581
632 4136513 635 5 0 102
633 4136513 635 5 7 192
634 4136513 635 5 3 16
635 4136513 635 5 9 102
636 4136513 635 5 4 37
637 4141584 637 4 10 24
638 4141584 637 7 10 8
639 4148961 643 0 4 19
640 4197055 644 6 7 370
641 4197055 644 7 0 8
642 4197055 644 5 9 27
643 4200938 649 4 1 3092
644 4203152 654 7 5 44
645 4205410 657 7 3 56
646 4213222 662 4 4 2
647 4287801 671 8 2 6
648 4287801 671 4 1 238
649 4287801 671 0 4 671
650 4287801 671 2 3 123
651 4287801 671 5 7 2
652 4287801 671 7 0 14
653 4287801 671 0 6 8
654 4289342 672 8 5 20
655 4301157 675 2 8 300
656 4308063 678 7 6 409
657 4308063 678 8 9 660
658 4308063 678 7 4 9
659 4368981 683 9 3 29
660 4368981 683 3 4 638
661 4368981 683 1 4 638
662 4368981 683 6 5 1
663 4368981 683 8 8 5
664 4368981 683 2 4 1277
665 4373691 687 2 7 41
666 4384700 689 9 4 318
667 4384700 689 6 4 636
668 4411940 690 0 0 5775
669 4411940 690 4 2 11
670 4411940 690 8 3 45
671 4411940 690 4 4 863
672 4435255 692 10 0 2
673 4435255 692 2 0 75
674 4435255 692 2 10 12
675 4547860 695 0 9 2791
676 4547860 695 4 0 21
677 4547860 695 7 5 28
678 4547860 695 4 9 429
679 4547860 695 7 8 1
680 4547860 695 6 8 1
681 4547860 695 1 0 42
682 4547860 695 2 1 3
683 4547860 695 7 0 149
684 4547860 695 4 2 1587
685 4547860 695 8 8 1
686 4547860 695 3 7 5
687 4547860 695 1 5 7
688 4547860 695 8 4 1
689 4547860 695 5 3 4
690 4552145 697 4 10 15
691 4552145 697 4 6 1569
692 4576113 698 2 10 32
693 4576113 698 2 6 13
694 4576113 698 10 2 25
695 4576113 698 10 10 32
696 4576113 698 5 4 89
697 4576113 698 5 5 6
698 4576113 698 5 7 21
699 4576113 698 2 5 3
700 4609400 702 3 2 56
701 4609400 702 3 9 43
702 4609400 702 3 10 17
703 4630183 703 2 6 38
704 4632410 705 0 5 52
705 4659883 714 2 2 9758
706 4702347 718 10 8 1455
707 4702347 718 7 1 13
708 4702347 718 0 0 1
709 4702347 718 1 1 6
710 4702347 718 5 9 11729
711 4702347 718 8 1 39
712 4702347 718 1 7 17
713 4703940 721 4 10 231
714 4720893 723 3 10 11
715 4727980 724 6 5 1502
716 4727980 724 6 3 4789
717 4727980 724 6 10 39
718 4727980 724 6 9 286
719 4737227 727 10 0 769
720 4737227 727 8 7 2
721 4740814 730 8 2 34
722 4765539 732 6 6 2
723 4765539 732 0 0 3
724 4765539 732 5 9 46
725 4765539 732 9 6 4
726 4789769 735 9 9 40
727 4789769 735 9 2 1
728 4789769 735 9 8 70
729 4797473 737 10 0 88
730 4862408 741 6 8 1
731 4862408 741 6 5 22
732 4862408 741 9 6 5
733 4862408 741 1 9 119
734 4862408 741 10 9 44
735 4873003 744 7 8 75
736 4873003 744 5 0 8
737 4873003 744 6 3 1
738 4875256 748 5 8 56
739 4884467 749 5 4 26
740 4884467 749 5 9 2
741 4884467 749 4 7 20
742 4884467 749 10 0 33
743 4933370 751 8 4 13
744 4933370 751 4 8 5
745 4933370 751 2 6 55
746 4933370 751 0 10 17
747 4933370 751 7 6 55
748 4933370 751 1 0 23
749 4933370 751 5 6 111
750 4943198 754 0 1 40
751 4954805 755 9 7 346
752 4954805 755 9 1 352
753 4954805 755 9 9 56
754 4968398 757 5 5 578
755 4971863 759 9 3 11
756 5007758 766 5 3 1
757 5007758 766 1 5 13
758 5007758 766 6 7 3
759 5007758 766 10 6 14
760 5007758 766 0 10 30
761 5007758 766 5 5 54
762 5029296 768 0 7 2
763 5029296 768 8 7 6
764 5036346 773 9 10 52
765 5036346 773 4 10 87
766 5048986 778 0 1 279
767 5049839 779 2 1 1518
768 5055352 780 3 5 4
769 5058721 782 0 4 1
770 5059525 784 4 10 191
771 5063051 786 6 0 54
772 5065514 787 8 4 6
773 5070038 792 0 8 118
774 5070217 793 4 7 6073
775 5071178 795 3 7 39
776 5072536 797 3 10 18
777 5080618 798 4 1 2953
778 5081618 801 9 6 20
779 5091749 804 4 10 98
780 5091749 804 4 3 23
781 5095368 806 5 0 104
782 5099230 811 6 2 58
783 5107856 816 7 10 175
784 5107856 816 2 8 132
785 5117903 821 6 9 68
786 5211749 822 5 6 4
787 5211749 822 8 5 156
788 5211749 822 1 5 26
789 5211749 822 4 8 239
790 5211749 822 9 3 1
791 5211749 822 3 4 1
792 5211749 822 0 1 1
793 5211749 822 8 4 1
794 5211749 822 0 9 1
795 5211749 822 10 5 78
796 5211749 822 6 0 4
797 5211749 822 3 6 4
798 5211749 822 8 9 9
799 5211749 822 1 9 5
800 5211749 822 5 1 1
801 5211749 822 6 3 1
802 5211749 822 1 2 9
803 5211749 822 0 0 1
804 5211749 822 9 0 4
805 5288178 823 3 5 599
806 5288178 823 1 10 1
807 5288178 823 8 3 9
808 5288178 823 8 7 751
809 5288178 823 9 7 751
810 5288178 823 5 8 1
811 5288178 823 10 7 751
812 5288178 823 10 0 8
813 5288178 823 1 3 13
814 5288178 823 8 4 3553
815 5288178 823 3 0 8
816 5288178 823 5 0 8
817 5312401 825 0 0 3
818 5312401 825 10 0 17
819 5312401 825 7 9 18
820 5317587 829 9 6 347
821 5326138 830 8 2 21
822 5326138 830 2 2 63
823 5326138 830 1 5 5
824 5326138 830 2 1 24
825 5326138 830 1 2 42
826 5343711 833 7 2 89
827 5354942 834 8 5 908
828 5359042 837 6 9 79
829 5362362 841 10 5 4815
830 5372802 842 1 4 6007
831 5372802 842 1 2 12
832 5389378 850 7 2 15
833 5394998 855 2 0 234
834 5397033 856 4 4 30
835 5405548 857 9 5 4
836 5405548 857 9 3 192
837 5405548 857 9 6 9641
838 5406987 858 7 2 1
839 5413895 859 6 4 66
840 5422112 861 3 2 309
841 5422112 861 3 8 8
842 5423591 862 9 9 70
843 5429742 863 2 7 8
844 5481555 864 7 2 954
845 5481555 864 8 8 113
846 5481555 864 8 4 5
847 5481555 864 3 2 954
848 5481555 864 8 7 12
849 5481555 864 6 8 339
850 5481555 864 0 0 7236
851 5481555 864 3 4 5
852 5481555 864 1 4 5
853 5484416 867 7 3 60
854 5488378 870 0 3 6
855 5498830 872 6 6 114
856 5498921 873 8 2 1986
857 5508737 874 2 7 312
858 5515411 876 1 3 18
859 5515411 876 10 3 37
860 5516550 879 1 5 24
861 5522757 881 4 2 561
862 5565238 886 0 0 118
863 5565238 886 5 3 48
864 5565238 886 10 1 11
865 5565238 886 5 0 59
866 5565238 886 4 1 5
867 5565238 886 9 0 14
868 5565238 886 8 0 29
869 5572747 888 10 1 119
870 5572747 888 10 9 16
871 5572747 888 10 10 10210
872 5575692 890 8 10 13
873 5614798 894 0 5 1
874 5614798 894 9 2 35
875 5614798 894 5 7 1
876 5614798 894 5 9 71
877 5614798 894 2 3 6
878 5614798 894 9 8 1
879 5614798 894 7 5 4
880 5614798 894 0 2 11
881 5614798 894 4 5 8
882 5614798 894 10 10 33
883 5614798 894 7 8 1
884 5614798 894 0 8 1
885 5614798 894 6 3 6
886 5614798 894 6 2 5
887 5617621 895 5 9 36
888 5639102 896 9 3 1586
889 5639102 896 4 2 38
890 5639102 896 3 2 38
891 5650661 899 6 8 4891
892 5650661 899 6 5 249
893 5657355 902 5 10 39173
894 5669769 903 1 10 49
895 5675927 905 6 8 95
896 5694993 907 2 3 18
897 5694993 907 2 4 4
898 5694993 907 4 1 233
899 5720748 913 0 2 19
900 5727763 916 7 3 49
901 5730659 917 9 9 199
902 5740813 920 6 10 8
903 5743971 923 10 7 1223
904 5752382 924 10 6 1
905 5764267 926 7 2 58
906 5764267 926 7 7 22675
907 5764267 926 7 0 37
908 5764267 926 7 1 61
909 5861022 929 2 4 2635
910 5861022 929 1 9 8
911 5861022 929 10 9 4
912 5861022 929 9 3 3
913 5861022 929 2 1 1
914 5861022 929 4 2 4
915 5861022 929 8 3 169
916 5861022 929 10 3 3
917 5861022 929 8 7 6
918 5861022 929 6 6 54
919 5861022 929 3 10 1
920 5861022 929 1 10 2
921 5861022 929 10 6 54
922 5917310 930 2 1 28
923 5917310 930 5 4 2601
924 5917310 930 6 7 10
925 5917310 930 8 8 309
926 5968142 931 4 10 225
927 5968142 931 5 2 4823
928 5968142 931 2 8 4
929 5968142 931 4 3 49
930 5968142 931 3 2 81995
931 5968142 931 5 9 4239
932 5968142 931 3 10 2703
933 5968142 931 6 7 6
934 5968142 931 10 2 1607
935 5968142 931 10 1 10
936 5968142 931 3 3 124
937 5968142 931 1 1 10
938 5968142 931 0 8 4
939 6001779 932 9 9 9
940 6001779 932 0 3 59
941 6001779 932 0 10 23
942 6001779 932 3 9 4
943 6001779 932 7 10 23
944 6001779 932 5 8 6
945 6001779 932 9 10 23
946 6001779 932 9 0 2
947 6002608 933 9 6 7857
948 6005216 934 1 7 15
949 6022403 940 0 1 55
950 6112539 941 3 9 1305
951 6112539 941 4 4 32
952 6112539 941 9 3 1
953 6112539 941 3 1 384
954 6112539 941 0 0 5
955 6112539 941 2 9 1305
956 6112539 941 8 3 1
957 6112539 941 9 0 22
958 6112539 941 1 3 1
959 6112539 941 10 2 2
960 6112539 941 9 5 13
961 6112539 941 3 0 5
962 6112539 941 8 8 1
963 6113876 943 6 0 1
964 6124964 948 8 4 5
965 6127330 949 6 4 3132
966 6138609 952 4 4 55
967 6138986 954 6 9 78
968 6156379 959 10 8 1670
969 6165715 961 0 5 343
970 6165715 961 7 5 2407
971 6167874 964 2 8 204
972 6169416 965 9 8 9024
973 6232449 967 1 9 9
974 6232449 967 7 6 3080
975 6232449 967 0 6 9242
976 6232449 967 1 1 369
977 6232449 967 0 7 243
978 6232449 967 0 1 369
979 6232449 967 6 0 19
980 6232449 967 6 9 2
981 6232449 967 4 0 9
982 6232449 967 7 3 8
983 6232449 967 6 5 7
984 6232449 967 0 0 9
985 6232449 967 5 10 13
986 6240851 970 8 4 16
987 6244258 971 1 8 30
988 6252450 972 10 4 228
989 6252450 972 10 10 169
990 6269568 973 2 5 1938
991 6269568 973 2 4 10
992 6269568 973 2 3 1
993 6291622 988 8 4 7153
994 6302828 993 4 8 12709
995 6302828 993 4 4 210
996 6316768 994 4 4 38
997 6316768 994 1 1 1
998 6319312 995 0 10 199
999 6331058 999 8 2 26
