11 345 1000
0 20086 0 1 8 28
1 20086 0 9 7 46
2 20086 0 9 6 12
3 20086 0 9 9 1
4 20086 0 1 5 6
5 20086 0 9 2 76
6 21382 2 0 10 1004
7 76661 3 10 9 40
8 76661 3 10 2 11041
9 76661 3 5 6 284
10 88735 4 9 8 4
11 90105 5 9 8 2075
12 140131 9 1 0 14
13 140131 9 4 7 39
14 152125 12 3 2 8
15 196720 13 1 8 1
16 196720 13 3 5 41
17 197364 14 7 6 107
18 203405 16 9 4 3
19 257362 17 2 7 2
20 257362 17 10 3 93
21 257362 17 3 5 16
22 257362 17 7 7 2
23 257362 17 0 10 1
24 257362 17 2 4 12
25 257362 17 9 8 1
26 268524 18 1 6 36
27 268524 18 1 8 1476
28 268524 18 1 10 164
29 268524 18 1 9 179
30 302093 21 4 4 22
31 302093 21 3 10 68
32 302093 21 3 2 1009
33 302093 21 4 5 18
34 355568 29 2 4 83
35 358305 30 0 6 11
36 369188 32 7 4 14
37 401775 38 2 5 55
38 424333 41 10 1 3192
39 424333 41 10 7 58
40 426444 43 5 8 154
41 434143 44 1 2 89
42 434143 44 1 4 29
43 434143 44 1 5 455
44 437166 47 8 1 42
45 453236 50 2 10 3160
46 453236 50 7 0 44
47 453236 50 7 10 526
48 573461 51 9 2 5
49 573461 51 9 4 31
50 573461 51 2 6 1
51 573461 51 10 6 1
52 573461 51 8 0 21
53 573461 51 0 4 15
54 573461 51 10 7 5
55 573461 51 9 0 10
56 575069 53 4 10 10
57 647077 59 8 8 1
58 647077 59 1 1 67
59 647077 59 2 3 5
60 647077 59 2 9 18
61 647077 59 1 7 13
62 647077 59 5 6 19
63 647077 59 2 10 3
64 659074 61 7 4 126
65 659074 61 10 2 24
66 661494 63 8 5 77
67 665301 64 2 6 218
68 681309 66 0 0 2
69 681309 66 0 9 82
70 726255 72 6 6 108
71 726255 72 6 9 16
72 726255 72 6 10 83
73 802181 75 6 9 1
74 802181 75 3 4 1
75 802181 75 6 5 231
76 802181 75 5 2 778
77 802181 75 7 6 14
78 802181 75 10 3 33
79 802181 75 3 9 1
80 802181 75 5 6 14
81 922297 84 4 6 1
82 922297 84 2 10 6
83 922297 84 6 8 1
84 922297 84 7 5 716
85 922297 84 3 6 1
86 922297 84 10 6 1
87 922297 84 7 9 1
88 922297 84 10 8 6
89 922297 84 3 4 5
90 924146 87 5 7 210
91 929452 88 1 6 30
92 958282 91 9 2 4953
93 964999 93 9 10 67
94 973763 94 3 5 756
95 973763 94 0 5 1513
96 973763 94 8 5 756
97 978814 96 10 5 88
98 1049429 99 7 1 40
99 1049429 99 9 4 28
100 1049429 99 7 3 63
101 1144860 102 5 2 483
102 1144860 102 6 5 14
103 1144860 102 10 5 57
104 1144860 102 2 3 17
105 1144860 102 7 10 21
106 1144860 102 9 10 21
107 1144860 102 8 2 967
108 1144860 102 7 7 1
109 1144860 102 9 4 16
110 1144860 102 10 6 1
111 1161524 104 4 0 1
112 1161524 104 4 8 216
113 1161524 104 4 5 74
114 1161524 104 4 7 132
115 1208293 108 5 7 4
116 1208293 108 3 0 226
117 1217732 113 10 6 349
118 1231699 116 2 9 68
119 1243565 117 0 7 29
120 1243565 117 0 10 1361
121 1243565 117 0 5 160
122 1260750 121 4 1 48
123 1269558 124 2 3 7
124 1313353 132 6 7 7571
125 1322609 134 0 3 7
126 1322609 134 6 3 3
127 1346658 136 8 4 6084
128 1346658 136 1 1 31
129 1346658 136 1 2 59
130 1346658 136 1 0 2006
131 1423494 137 8 6 2
132 1423494 137 4 2 21
133 1423494 137 0 4 199
134 1423494 137 7 4 99
135 1423494 137 0 7 3
136 1423494 137 4 8 4
137 1446998 143 0 5 3991
138 1446998 143 0 1 26
139 1467509 146 3 4 5
140 1467509 146 10 8 333
141 1467509 146 8 4 11
142 1467509 146 3 8 333
143 1484589 150 2 1 14
144 1486185 151 5 9 3
145 1572126 154 8 1 5
146 1572126 154 8 9 11
147 1572126 154 3 3 28
148 1572126 154 7 1 33
149 1572126 154 4 1 16
150 1572126 154 7 3 56
151 1577220 156 2 8 23
152 1670487 160 1 7 1
153 1670487 160 6 5 11
154 1670487 160 9 3 10
155 1670487 160 2 0 11
156 1670487 160 4 7 1
157 1670487 160 7 3 137
158 1670487 160 5 7 1
159 1670487 160 3 5 46
160 1670487 160 5 1 1
161 1670487 160 4 6 5
162 1670487 160 8 5 11
163 1670487 160 3 1 1
164 1670487 160 9 10 57
165 1673838 161 0 8 17
166 1703895 162 3 6 14
167 1703895 162 8 7 225
168 1703895 162 5 10 5
169 1703895 162 10 10 5
170 1703895 162 0 1 1445
171 1738440 170 3 5 103
172 1738440 170 3 1 57
173 1738440 170 3 9 3937
174 1746642 172 4 2 54
175 1762903 174 2 3 36
176 1762903 174 9 2 9
177 1795930 177 0 2 189
178 1795930 177 0 3 10858
179 1795930 177 3 2 1
180 1818973 187 4 9 35
181 1818973 187 7 1 15
182 1845951 196 9 4 86
183 1916304 198 7 0 20
184 1916304 198 7 9 7
185 1916304 198 8 3 2
186 1916304 198 9 2 2
187 1916304 198 10 6 111
188 1916304 198 4 3 10
189 1916304 198 1 1 4
190 1916304 198 3 8 46
191 1916304 198 6 4 2
192 1945201 203 8 7 7494
193 1945201 203 8 0 228
194 1945201 203 7 10 2495
195 1956240 208 10 7 217
196 1984590 210 5 3 7
197 1991307 216 9 5 2
198 2002584 218 1 2 17074
199 2013798 223 7 2 68
200 2013798 223 2 2 68
201 2022384 228 3 2 31
202 2057166 229 2 6 55
203 2057166 229 0 8 118
204 2057166 229 6 9 74
205 2057166 229 0 4 17
206 2057166 229 2 10 5
207 2057166 229 6 5 19
208 2099189 230 0 9 29
209 2099189 230 8 6 13
210 2102531 231 8 6 2
211 2180650 233 10 8 26
212 2180650 233 0 7 1
213 2180650 233 5 5 4
214 2180650 233 2 2 4
215 2192093 236 5 6 55
216 2217168 237 10 8 53
217 2217168 237 10 0 18
218 2314813 241 3 9 1226
219 2314813 241 7 9 1226
220 2314813 241 3 0 9
221 2314813 241 3 4 28
222 2314813 241 4 2 1952
223 2314813 241 1 7 12
224 2314813 241 3 3 1
225 2314813 241 4 1 6
226 2323296 245 0 8 20
227 2324255 247 9 7 2966
228 2378464 259 9 1 891
229 2378464 259 3 8 4050
230 2378464 259 8 0 89
231 2378464 259 1 10 622
232 2378464 259 0 1 891
233 2378464 259 5 5 85
234 2471022 262 2 7 5
235 2471022 262 8 9 15
236 2471022 262 4 10 18
237 2471022 262 8 0 9
238 2471022 262 4 9 15
239 2471022 262 4 3 3
240 2471022 262 3 9 15
241 2471022 262 2 4 9
242 2471022 262 0 4 1
243 2502540 269 4 10 438
244 2504733 270 8 3 19537
245 2514306 272 1 5 106
246 2515659 275 0 3 2062
247 2520720 279 6 1 37
248 2534155 282 8 8 145
249 2534155 282 8 2 74
250 2534215 283 5 1 81
251 2547392 285 4 9 314
252 2693361 287 6 5 4
253 2693361 287 1 3 5
254 2693361 287 0 4 1
255 2693361 287 5 3 5
256 2693361 287 3 5 2
257 2693361 287 5 4 1
258 2693361 287 8 2 9
259 2693361 287 8 3 11
260 2693361 287 6 0 1
261 2693361 287 10 4 1
262 2693361 287 3 1 3
263 2693361 287 9 7 807
264 2693361 287 2 0 3
265 2693361 287 8 4 1
266 2693361 287 1 2 3
267 2693361 287 5 1 6
268 2693361 287 2 6 24
269 2693361 287 9 8 5
270 2747779 291 8 2 34357
271 2747779 291 5 2 3435
272 2747779 291 7 2 3435
273 2747779 291 9 9 548
274 2747779 291 9 4 89
275 2747779 291 10 6 1228
276 2747779 291 10 3 211
277 2797661 292 6 10 1
278 2832031 298 1 5 75
279 2832031 298 1 7 60
280 2832031 298 9 5 37
281 2832031 298 1 1 12
282 2832031 298 1 9 8
283 2832031 298 1 0 21
284 2894229 303 3 10 14
285 2894229 303 3 2 1892
286 2894229 303 10 7 33
287 2894229 303 1 7 3
288 2928569 304 3 7 25
289 2928569 304 3 8 10
290 2928569 304 3 2 24
291 2928569 304 3 1 7
292 2928569 304 3 10 1954
293 2928569 304 2 3 929
294 2938378 307 0 4 476
295 2949831 308 6 3 284
296 2949831 308 6 7 58523
297 2949831 308 6 4 147
298 2950301 309 3 0 37
299 2955500 310 0 7 73
300 3047270 317 8 7 2009
301 3047270 317 1 4 32
302 3047270 317 1 9 27
303 3075483 324 10 5 7
304 3075483 324 9 9 47
305 3084935 327 1 3 3434
306 3119517 328 4 9 2
307 3119517 328 1 5 297
308 3119517 328 7 8 44
309 3142764 335 1 0 231
310 3153996 337 4 0 12758
311 3153996 337 4 10 50
312 3153996 337 4 7 86
313 3153996 337 4 3 98
314 3154701 338 1 5 37
315 3177098 339 1 7 15
316 3177098 339 3 2 288
317 3177098 339 9 3 1290
318 3212124 340 9 1 3
319 3212124 340 0 0 20
320 3212124 340 2 8 1806
321 3212124 340 7 1 11
322 3212124 340 8 1 3
323 3212124 340 7 7 2998
324 3212124 340 8 7 2998
325 3212124 340 3 2 3
326 3212124 340 3 4 5
327 3212124 340 6 2 7
328 3212124 340 9 0 40
329 3212124 340 8 3 126
330 3230889 346 3 5 489
331 3254822 353 0 2 34
332 3254822 353 0 9 9
333 3283165 362 5 2 1
334 3288440 363 4 4 31
335 3289495 365 3 3 670
336 3300812 367 6 10 6
337 3351144 370 0 10 11
338 3351144 370 2 10 11
339 3391816 385 2 6 17811
340 3396064 386 6 3 976
341 3400830 387 3 9 1
342 3424062 388 0 9 4765
343 3424062 388 7 8 88
344 3424062 388 7 9 4765
345 3505570 390 10 6 459
346 3505570 390 0 10 1
347 3505570 390 6 6 114
348 3505570 390 6 8 767
349 3505570 390 6 10 1
350 3505570 390 3 5 6
351 3505570 390 5 3 2686
352 3534628 392 3 9 3
353 3534628 392 4 4 427
354 3534628 392 4 9 3
355 3534628 392 3 0 19
356 3638397 395 8 2 1
357 3638397 395 8 8 33
358 3638397 395 7 1 1
359 3638397 395 3 7 1
360 3638397 395 9 1 1
361 3638397 395 5 7 3
362 3638397 395 2 6 54
363 3638397 395 9 0 440
364 3638397 395 8 10 31
365 3638397 395 6 4 94
366 3638397 395 10 4 1
367 3638397 395 3 9 10223
368 3646736 397 3 10 99
369 3657318 401 0 3 1192
370 3692224 402 9 7 35
371 3698800 405 7 5 15
372 3705404 406 7 10 612
373 3705404 406 1 10 204
374 3720032 407 2 1 9
375 3720032 407 2 10 6135
376 3790047 409 5 6 1
377 3790047 409 1 1 1084
378 3790047 409 6 6 1
379 3790047 409 1 10 10
380 3790047 409 5 2 7
381 3790047 409 6 3 65
382 3790047 409 2 9 45
383 3790047 409 8 1 542
384 3828116 413 9 7 32
385 3828116 413 9 5 300
386 3828116 413 9 4 9414
387 3828116 413 2 9 66
388 3828116 413 2 7 32
389 3828116 413 2 5 900
390 3835029 417 6 2 58
391 3858693 422 4 2 5692
392 3858693 422 6 2 4553
393 3873611 424 7 2 215
394 3873611 424 7 8 143
395 3998297 428 10 8 2
396 3998297 428 4 1 2673
397 3998297 428 10 6 1
398 3998297 428 9 4 1
399 3998297 428 10 7 1
400 3998297 428 10 3 14
401 3998297 428 7 1 110959
402 3998297 428 6 0 2
403 3998297 428 10 9 1
404 3998297 428 6 8 7
405 3998297 428 6 6 1
406 3998297 428 6 3 3
407 3998297 428 5 0 1
408 3998297 428 6 9 1
409 3998297 428 0 4 1
410 4068211 430 7 6 381
411 4068211 430 8 0 40
412 4068211 430 9 4 67
413 4068211 430 5 4 3
414 4068211 430 3 1 3154
415 4068211 430 1 3 4
416 4076737 434 8 2 37
417 4085389 435 7 1 108
418 4085389 435 7 6 24
419 4094452 440 0 0 29
420 4096012 441 7 3 52
421 4096383 442 6 1 1280
422 4115059 448 10 1 2
423 4121976 452 5 10 36
424 4122164 453 8 2 53
425 4127126 455 5 0 30
426 4183442 457 4 4 1
427 4183442 457 8 6 12
428 4183442 457 7 1 3
429 4199143 459 0 5 651
430 4209906 460 1 7 335
431 4263971 461 1 7 1
432 4263971 461 7 1 11
433 4263971 461 2 9 3
434 4263971 461 3 2 27
435 4263971 461 1 8 9
436 4263971 461 7 6 614
437 4440816 466 8 7 1
438 4440816 466 0 1 14
439 4440816 466 1 4 217
440 4440816 466 4 8 1
441 4440816 466 0 2 50
442 4440816 466 1 10 2
443 4482762 467 2 5 86
444 4482762 467 5 8 7
445 4482762 467 2 7 5
446 4482762 467 0 3 4
447 4482762 467 9 5 5
448 4494276 468 7 4 34
449 4518248 472 7 0 7
450 4518248 472 0 0 7
451 4518248 472 5 0 7
452 4565760 473 7 9 2
453 4565760 473 2 5 68
454 4565760 473 10 10 1
455 4565760 473 8 2 15
456 4565760 473 9 2 7
457 4565760 473 2 2 23
458 4565760 473 8 5 68
459 4565760 473 4 5 68
460 4565760 473 4 7 3
461 4712890 475 10 0 1
462 4712890 475 6 6 1
463 4712890 475 8 0 1
464 4712890 475 8 1 3
465 4712890 475 10 4 2
466 4712890 475 4 1 6
467 4712890 475 4 6 6
468 4712890 475 8 9 5
469 4712890 475 3 9 5
470 4712890 475 3 6 1
471 4712890 475 1 1 3
472 4712890 475 0 5 2
473 4712890 475 4 9 5
474 4712890 475 0 3 1
475 4712890 475 4 3 1
476 4712890 475 7 9 5
477 4712890 475 8 4 1
478 4712890 475 10 5 2
479 4712890 475 0 6 1
480 4712890 475 4 4 1
481 4712890 475 9 5 2
482 4714399 476 6 10 30
483 4728746 477 2 0 196
484 4728791 478 8 2 76
485 4739942 479 3 9 2
486 4750107 483 2 10 40
487 4768011 487 5 0 66373
488 4768011 487 5 2 306
489 4768011 487 5 6 23
490 4794491 492 8 7 3095
491 4935673 498 2 2 23
492 4935673 498 3 5 526
493 4935673 498 7 5 8250
494 4935673 498 1 7 14
495 4935673 498 1 2 56
496 4935673 498 5 5 702
497 4935673 498 9 5 175
498 4935673 498 4 10 13
499 4935673 498 6 5 175
500 4935673 498 7 8 514
501 4935673 498 0 0 43
502 4935673 498 1 8 5658
503 4935673 498 2 4 50
504 4935673 498 3 8 514
505 4947111 499 7 0 5705
506 4947111 499 7 2 121
507 4947111 499 7 5 7680
508 4952615 502 2 6 191
509 4953331 503 1 1 6017
510 4958136 504 6 9 296
511 4958136 504 0 10 30
512 5037553 507 0 3 2
513 5037553 507 0 2 17
514 5037553 507 0 10 4631
515 5037553 507 2 10 89
516 5037553 507 5 3 2
517 5037553 507 5 5 49
518 5037553 507 10 6 3
519 5037553 507 6 1 1
520 5037553 507 8 3 2
521 5037553 507 8 9 7
522 5068746 510 6 10 29
523 5068746 510 6 6 71
524 5151847 513 10 10 2
525 5151847 513 6 10 6
526 5151847 513 2 3 5
527 5151847 513 6 6 80
528 5151847 513 8 1 5
529 5151847 513 5 1 21
530 5151847 513 4 10 102
531 5151847 513 9 9 40
532 5151847 513 9 3 5
533 5151847 513 10 9 20
534 5151847 513 5 4 300
535 5151847 513 3 8 1009
536 5168932 516 9 3 1
537 5179944 526 8 2 56
538 5186600 527 5 0 238
539 5188171 529 2 9 374
540 5191016 531 3 0 195
541 5192497 533 9 4 779
542 5206410 535 7 1 59
543 5209986 537 5 10 11
544 5209986 537 4 10 11
545 5213235 539 10 1 6
546 5232084 542 1 4 16
547 5232084 542 1 8 84
548 5258959 550 6 6 6
549 5278006 551 10 6 30
550 5278006 551 4 1 3
551 5285134 553 2 2 3
552 5428730 555 10 4 829
553 5428730 555 3 3 202
554 5428730 555 6 3 202
555 5428730 555 6 10 1
556 5428730 555 10 6 47
557 5428730 555 9 0 1
558 5428730 555 4 10 197
559 5428730 555 4 1 191
560 5428730 555 7 5 11
561 5428730 555 10 9 2
562 5428730 555 0 2 876
563 5428730 555 8 1 478
564 5428730 555 1 5 1
565 5481200 556 3 0 1
566 5481200 556 3 1 1
567 5481200 556 5 5 3164
568 5481200 556 5 7 31
569 5481200 556 9 0 1
570 5481200 556 8 8 765
571 5508161 558 1 0 204
572 5508161 558 1 8 329
573 5513675 560 6 0 10
574 5513675 560 7 0 10
575 5513675 560 10 2 45
576 5531998 562 10 1 15233
577 5531998 562 10 2 37
578 5531998 562 10 3 1378
579 5545902 563 10 5 318
580 5549928 564 4 9 23
581 5614253 569 4 10 73
582 5614253 569 5 6 1
583 5614253 569 2 1 1
584 5614253 569 6 5 1
585 5614503 570 1 9 106
586 5615627 571 1 7 32
587 5628339 575 1 8 15
588 5671334 576 6 7 65
589 5671334 576 1 6 4
590 5678940 578 6 8 233
591 5678940 578 6 0 132
592 5678940 578 3 9 11
593 5717911 583 6 0 11861
594 5717911 583 6 2 76
595 5719713 585 10 3 1425
596 5730688 588 4 10 9
597 5730688 588 4 8 19655
598 5744329 593 9 9 1350
599 5749359 595 2 9 194
600 5798994 602 6 8 259
601 5798994 602 8 3 56
602 5798994 602 6 10 509
603 5817971 606 10 5 1333
604 5817971 606 10 8 31
605 5835732 611 1 2 8
606 5835732 611 0 2 43
607 5961858 612 7 10 5
608 5961858 612 9 6 3
609 5961858 612 2 8 8
610 5961858 612 6 7 2539
611 5961858 612 8 4 26
612 5961858 612 10 10 15
613 5961858 612 1 1 3
614 5961858 612 1 10 55
615 5961858 612 7 4 26
616 5961858 612 8 9 1
617 5961858 612 2 0 71
618 5961858 612 4 1 3
619 5961858 612 8 7 2539
620 5961858 612 3 10 5
621 5961858 612 0 2 897
622 5961858 612 2 6 40
623 5961858 612 3 0 71
624 5972462 613 3 0 119
625 5972462 613 3 3 19596
626 5972462 613 3 7 12697
627 5972774 614 6 5 252
628 6091605 616 2 5 1227
629 6091605 616 1 6 36
630 6091605 616 5 4 3
631 6091605 616 2 10 854
632 6091605 616 0 3 20
633 6091605 616 3 6 36
634 6091605 616 1 2 1
635 6091605 616 5 9 14
636 6091605 616 2 8 1
637 6091605 616 8 10 854
638 6091605 616 0 7 200
639 6091605 616 8 5 11051
640 6091605 616 5 3 20
641 6091605 616 4 5 1227
642 6091605 616 5 0 494
643 6091605 616 10 10 1709
644 6091605 616 7 2 1
645 6091605 616 2 0 1483
646 6091605 616 7 10 854
647 6091605 616 5 7 200
648 6115546 624 1 5 2839
649 6116567 625 9 0 34
650 6132286 626 2 5 2333
651 6150941 630 10 6 226
652 6161954 631 5 6 491
653 6161954 631 2 3 144
654 6191743 633 5 6 85
655 6197418 634 7 6 15150
656 6197418 634 7 9 19581
657 6204769 635 5 6 96
658 6212377 637 2 10 16
659 6212377 637 4 10 24
660 6212377 637 6 10 40
661 6222285 641 5 6 2
662 6295582 644 4 0 8
663 6295582 644 4 7 834
664 6295582 644 2 9 27
665 6295582 644 0 9 136
666 6295582 644 5 3 10
667 6295582 644 9 8 3635
668 6295582 644 4 10 1
669 6295582 644 1 8 1817
670 6295582 644 7 10 1
671 6299133 646 2 9 12
672 6302459 650 7 10 29
673 6304082 652 3 8 767
674 6309222 659 10 5 113
675 6311412 660 10 7 16605
676 6319834 662 4 4 2
677 6331335 668 5 9 34
678 6331335 668 5 5 82
679 6331335 668 5 8 15767
680 6431702 671 0 0 2
681 6431702 671 3 9 8
682 6431702 671 1 9 17
683 6431702 671 2 3 123
684 6431702 671 2 0 3
685 6431702 671 8 0 7
686 6435252 673 9 1 956
687 6451736 675 2 9 21
688 6462308 679 10 7 6010
689 6462665 680 10 8 3319
690 6473737 681 7 5 12
691 6553471 683 1 10 32
692 6553471 683 3 6 31
693 6553471 683 8 1 50
694 6553471 683 2 4 1277
695 6553471 683 4 6 10
696 6553471 683 3 8 23
697 6553471 683 0 9 15
698 6553471 683 2 7 548
699 6553471 683 4 10 16
700 6553471 683 10 3 59
701 6553471 683 8 8 5
702 6555153 685 1 4 41
703 6560537 687 7 5 2915
704 6577050 689 8 10 1
705 6577050 689 9 10 4
706 6617910 690 0 10 48
707 6619652 691 2 2 49
708 6652883 692 10 0 2
709 6821790 695 4 5 71
710 6821790 695 8 5 28
711 6821790 695 1 5 7
712 6821790 695 10 0 21
713 6821790 695 1 2 1587
714 6821790 695 8 9 214
715 6821790 695 9 3 4
716 6821790 695 7 7 1
717 6821790 695 6 6 1
718 6821790 695 1 10 1
719 6821790 695 6 0 64
720 6821790 695 5 10 1
721 6821790 695 7 5 28
722 6821790 695 2 3 13
723 6821790 695 0 3 8
724 6828217 697 2 2 466
725 6828217 697 4 6 1569
726 6864170 698 5 8 43
727 6864170 698 2 9 33
728 6864170 698 2 6 13
729 6865151 699 8 8 218
730 6866002 700 9 4 4666
731 6914100 702 4 8 11
732 6914100 702 4 2 28
733 6914100 702 3 5 112
734 6914100 702 0 3 1
735 6914100 702 4 10 74
736 6914100 702 4 4 649
737 6945275 703 9 8 52
738 6945275 703 9 0 37
739 6945275 703 9 3 37
740 6971565 710 3 6 32
741 6972646 711 9 10 28
742 6995639 717 9 7 35
743 7053521 718 8 7 5
744 7053521 718 1 7 17
745 7053521 718 10 4 275
746 7053521 718 2 9 31
747 7081340 723 6 6 66
748 7081340 723 3 9 11
749 7091971 724 6 1 111
750 7091971 724 6 7 124
751 7091971 724 6 0 16260
752 7105841 727 6 5 7
753 7107287 728 3 9 53
754 7148308 732 9 8 39
755 7148308 732 5 5 26
756 7148308 732 4 2 240
757 7148308 732 0 5 132
758 7184654 735 9 4 153
759 7184654 735 9 6 47
760 7187146 736 2 6 1770
761 7196209 737 0 0 44
762 7210185 739 10 1 78
763 7210185 739 10 8 67
764 7210185 739 10 10 132
765 7293613 741 3 7 2
766 7293613 741 1 0 1089
767 7293613 741 7 1 989
768 7293613 741 6 1 989
769 7293613 741 3 0 544
770 7293613 741 4 1 14847
771 7293613 741 9 6 5
772 7293613 741 3 6 2
773 7294628 742 9 10 31
774 7309504 744 5 0 8
775 7311356 747 8 5 26
776 7326701 749 4 9 1
777 7327678 750 0 3 82
778 7400055 751 4 7 10
779 7400055 751 6 10 17
780 7400055 751 9 5 343
781 7400055 751 0 5 12
782 7400055 751 10 2 15409
783 7400055 751 7 1 30
784 7400055 751 0 3 1455
785 7400055 751 6 7 3
786 7413371 752 1 9 1
787 7413371 752 1 0 168
788 7414278 753 9 4 9625
789 7432208 755 9 6 4
790 7432208 755 9 9 56
791 7433774 756 7 0 152
792 7511638 766 4 10 7
793 7511638 766 7 5 41
794 7543944 768 0 8 21
795 7543944 768 0 1 41
796 7543944 768 8 4 59
797 7544170 769 5 3 363
798 7545005 771 0 3 264
799 7554519 773 4 10 87
800 7554519 773 8 10 34
801 7554519 773 9 10 52
802 7573480 778 9 9 21
803 7573480 778 7 9 14
804 7589026 783 7 10 8
805 7598272 787 8 4 6
806 7599471 788 10 8 200
807 7604030 790 7 8 37
808 7620927 798 4 8 632
809 7620927 798 4 10 193
810 7626094 803 8 3 11335
811 7637624 804 4 4 621
812 7637624 804 4 9 9
813 7817623 822 0 7 414
814 7817623 822 8 2 3
815 7817623 822 0 2 3
816 7817623 822 3 5 338
817 7817623 822 4 5 52
818 7817623 822 7 8 479
819 7817623 822 6 4 1
820 7817623 822 7 4 1
821 7817623 822 4 3 1
822 7817623 822 7 0 1
823 7817623 822 9 9 1
824 7817623 822 5 5 26
825 7932267 823 3 8 10
826 7932267 823 10 6 7637
827 7932267 823 2 0 8
828 7932267 823 10 2 12
829 7932267 823 9 3 13
830 7932267 823 2 9 1
831 7968602 825 4 9 18
832 7968602 825 1 2 27
833 7968602 825 6 1 171
834 7989207 830 0 1 24
835 7989207 830 1 5 5
836 7989815 831 1 10 1198
837 7990392 832 1 1 30673
838 8015566 833 7 4 24511
839 8015566 833 7 0 119
840 8033058 835 3 1 125
841 8059203 842 1 8 2391
842 8081434 846 5 1 9
843 8083442 849 7 10 39
844 8087877 852 2 9 48
845 8091449 854 3 10 1
846 8091449 854 6 10 67
847 8108322 857 9 1 1575
848 8120842 859 6 9 148
849 8133169 861 3 10 7689
850 8133169 861 3 3 2378
851 8144614 863 6 7 8
852 8144614 863 2 9 264
853 8222332 864 0 6 8
854 8222332 864 6 6 17
855 8222332 864 5 6 17
856 8222332 864 5 7 1
857 8222332 864 10 8 113
858 8222332 864 1 9 35
859 8222332 864 3 4 5
860 8222332 864 2 9 35
861 8222332 864 9 9 105
862 8226625 867 2 3 81
863 8232567 870 0 3 6
864 8263106 874 2 10 51
865 8263106 874 2 7 312
866 8263106 874 2 2 46
867 8270466 875 4 7 9
868 8284135 881 6 2 1685
869 8284135 881 1 2 561
870 8285356 883 1 6 102
871 8347857 886 4 7 1
872 8347857 886 10 4 19
873 8347857 886 8 8 20
874 8347857 886 1 3 48
875 8347857 886 1 7 1
876 8347857 886 4 5 25
877 8347857 886 3 8 20
878 8347857 886 4 6 555
879 8348576 887 6 4 158
880 8362386 889 6 2 173
881 8362386 889 9 2 34
882 8422198 894 10 1 194
883 8422198 894 5 1 19
884 8422198 894 5 3 6
885 8422198 894 3 3 6
886 8422198 894 7 2 5
887 8422198 894 3 1 19
888 8422198 894 4 2 5
889 8458654 896 10 3 3173
890 8513891 905 3 8 95
891 8513891 905 2 8 95
892 8542490 907 2 4 4
893 8542490 907 2 9 153
894 8542490 907 4 4 22
895 8542490 907 4 3 18
896 8567282 911 10 0 682
897 8567716 912 8 1 71
898 8581122 913 4 2 19
899 8581122 913 10 2 38
900 8583938 914 4 3 171
901 8608262 919 10 1 2
902 8608262 919 9 1 16
903 8611220 920 2 8 655
904 8646401 926 7 9 34
905 8646401 926 7 3 71
906 8646401 926 7 1 61
907 8791533 929 9 3 3
908 8791533 929 3 2 21
909 8791533 929 9 9 4
910 8791533 929 0 9 8
911 8791533 929 1 4 878
912 8791533 929 1 10 2
913 8791533 929 5 3 3
914 8791533 929 5 8 4
915 8791533 929 1 3 6
916 8791533 929 2 4 2635
917 8791533 929 8 8 9
918 8791533 929 4 3 3
919 8791533 929 1 9 8
920 8791533 929 9 7 4
921 8791533 929 6 5 227
922 8791533 929 2 0 2
923 8791533 929 6 9 28
924 8791533 929 4 1 2
925 8875965 930 6 0 4984
926 8875965 930 0 7 10
927 8875965 930 8 0 69778
928 8875965 930 4 2 7
929 8875965 930 4 4 13007
930 8875965 930 0 5 22
931 8875965 930 9 2 7
932 8875965 930 10 9 71
933 8875965 930 9 0 9968
934 8875965 930 9 7 31
935 8875965 930 10 5 22
936 8875965 930 2 10 683
937 8875965 930 4 6 79
938 8875965 930 2 6 13
939 8952214 931 3 5 4188
940 8952214 931 1 1 10
941 8952214 931 4 0 3169
942 8952214 931 5 10 225
943 8952214 931 3 2 81995
944 8952214 931 10 5 349
945 8952214 931 6 3 24
946 9002668 932 10 7 10
947 9002668 932 0 6 9
948 9002668 932 6 0 2
949 9002668 932 5 3 13
950 9002668 932 2 8 6
951 9002668 932 9 0 2
952 9002668 932 3 3 3
953 9002668 932 1 10 23
954 9002668 932 4 2 902
955 9002668 932 4 8 67
956 9002668 932 10 6 4
957 9011323 935 6 1 1573
958 9014466 936 3 4 58
959 9025462 939 3 8 14263
960 9168808 941 10 8 1
961 9168808 941 6 3 1
962 9168808 941 8 3 1
963 9168808 941 1 3 1
964 9168808 941 0 0 5
965 9168808 941 1 9 2610
966 9168808 941 0 1 96
967 9168808 941 2 10 18
968 9168808 941 9 8 1
969 9168808 941 4 7 1
970 9168808 941 10 0 5
971 9168808 941 8 8 1
972 9168808 941 0 8 5
973 9168808 941 1 10 36
974 9187447 948 5 4 5
975 9187447 948 1 4 16
976 9187447 948 8 6 3958
977 9207914 952 4 4 55
978 9234568 959 10 6 11
979 9348674 967 6 8 44
980 9348674 967 5 10 13
981 9348674 967 5 2 15
982 9348674 967 5 8 44
983 9348674 967 0 3 4
984 9348674 967 0 10 13
985 9348674 967 6 4 14
986 9352467 968 1 3 51
987 9361277 970 10 6 74
988 9361277 970 8 4 16
989 9404353 973 0 7 14257
990 9404353 973 2 0 8
991 9408298 975 2 8 3
992 9411808 977 2 2 5970
993 9425752 980 7 10 306
994 9435479 987 9 9 42
995 9454242 993 4 0 4812
996 9475153 994 1 0 3
997 9475153 994 3 0 6
998 9475153 994 6 5 97
999 9475153 994 9 1 1
