11 346 1000
0 17217 0 9 0 1
1 65710 3 5 2 11041
2 65710 3 9 2 11041
3 65710 3 9 8 18952
4 65710 3 10 0 2396
5 65710 3 5 8 197
6 65710 3 5 5 113
7 65710 3 5 0 2396
8 120112 9 7 3 74
9 120112 9 4 6 70
10 120112 9 1 4 2
11 120112 9 1 2 19
12 120112 9 4 0 7
13 130392 12 3 2 8
14 168617 13 1 4 340
15 168617 13 10 9 18555
16 169169 14 7 6 107
17 174347 16 1 4 7
18 174347 16 9 4 3
19 220596 17 3 1 44
20 220596 17 2 4 12
21 220596 17 1 8 1
22 220596 17 3 7 19
23 230164 18 1 9 179
24 230164 18 1 6 36
25 258936 21 4 3 9711
26 258936 21 4 6 290
27 258936 21 4 4 22
28 279604 27 0 0 1040
29 304772 29 2 4 83
30 304772 29 10 3 99
31 304772 29 2 10 58
32 304772 29 10 1 11
33 313047 31 4 7 4140
34 344379 38 7 5 110
35 349581 39 3 5 6
36 353114 40 0 1 119
37 363714 41 10 4 238
38 372122 44 1 3 43
39 388488 50 1 4 745
40 388488 50 9 0 44
41 491538 51 10 3 15
42 491538 51 2 9 1
43 491538 51 0 9 5
44 491538 51 8 9 1
45 491538 51 5 8 1
46 491538 51 9 4 31
47 491538 51 9 10 1
48 491538 51 10 1 30
49 491538 51 7 2 5
50 491538 51 3 10 1
51 499593 56 5 6 86
52 554637 59 8 2 204
53 554637 59 8 3 10
54 554637 59 1 1 67
55 554637 59 2 0 6
56 554637 59 2 9 18
57 564921 61 7 2 24
58 583979 66 0 4 60
59 583979 66 0 1 84
60 588458 68 5 4 1
61 588458 68 8 4 1
62 607051 70 10 8 21
63 622504 72 6 0 6120
64 622504 72 6 8 12198
65 624961 74 10 7 17
66 687583 75 5 2 778
67 687583 75 1 5 231
68 687583 75 10 4 3
69 687583 75 10 7 1
70 687583 75 8 8 1
71 687583 75 8 5 115
72 687583 75 1 2 778
73 687583 75 7 9 1
74 687583 75 2 9 1
75 687583 75 8 7 3
76 698171 78 6 1 47
77 701406 79 3 3 38
78 790540 84 7 8 1
79 790540 84 4 5 4
80 790540 84 4 1 120
81 790540 84 7 9 1
82 790540 84 3 3 8
83 790540 84 10 10 2
84 790540 84 10 5 4
85 790540 84 10 4 10
86 821385 91 6 2 2201
87 821385 91 0 2 550
88 834654 94 1 5 756
89 851788 97 3 9 3687
90 851788 97 8 9 1843
91 899510 99 9 4 28
92 899510 99 0 5 5
93 899510 99 9 9 85
94 899510 99 9 1 40
95 981309 102 8 2 967
96 981309 102 8 6 31
97 981309 102 4 5 14
98 981309 102 6 2 483
99 981309 102 10 4 8
100 981309 102 2 3 17
101 995592 104 4 6 5599
102 997736 105 1 5 326
103 997929 106 4 9 39149
104 1035680 108 0 7 4
105 1035680 108 7 2 1
106 1035680 108 8 3 27
107 1035680 108 8 10 3
108 1035680 108 4 5 90
109 1035680 108 0 6 7
110 1043708 112 9 1 2
111 1055742 116 2 0 61
112 1055742 116 2 6 106
113 1065913 117 0 2 132816
114 1065913 117 0 6 1374
115 1081766 122 0 1 98
116 1083879 123 10 10 32
117 1088192 124 1 3 7
118 1112445 127 0 7 4651
119 1112445 127 0 0 130
120 1112445 127 0 9 22699
121 1125731 132 0 7 7571
122 1134196 135 1 6 8481
123 1154278 136 8 0 2006
124 1154278 136 8 5 496
125 1154278 136 8 7 14
126 1154278 136 8 9 9
127 1220138 137 3 4 99
128 1220138 137 3 0 8
129 1220138 137 8 10 668
130 1220138 137 0 8 14
131 1220138 137 3 8 9
132 1220138 137 1 9 2136
133 1240284 143 0 6 85
134 1240284 143 0 0 349
135 1257865 146 6 3 72
136 1257865 146 4 8 333
137 1257865 146 6 4 5
138 1262651 148 0 10 87
139 1282698 153 8 9 37
140 1347536 154 2 1 33
141 1347536 154 4 0 4
142 1347536 154 4 6 460
143 1347536 154 8 8 21
144 1347536 154 1 10 17
145 1347536 154 8 6 230
146 1347536 154 6 9 23
147 1431846 160 8 6 5
148 1431846 160 5 6 2
149 1431846 160 8 5 11
150 1431846 160 1 0 23
151 1431846 160 8 1 17
152 1431846 160 4 8 306
153 1431846 160 2 5 5
154 1460481 162 8 7 225
155 1460481 162 6 10 5
156 1460481 162 3 4 15
157 1475533 167 2 5 23577
158 1478608 168 1 2 15
159 1478608 168 5 2 15
160 1490092 170 3 4 341
161 1490332 171 4 8 604
162 1497122 172 6 10 36
163 1497122 172 4 10 18
164 1497122 172 6 8 29
165 1511060 174 5 6 24
166 1539368 177 3 2 1
167 1539368 177 3 10 393
168 1540644 178 9 0 104
169 1552206 185 10 10 36
170 1577586 192 3 8 53
171 1577586 192 3 7 6128
172 1577586 192 3 1 640
173 1577586 192 3 2 14
174 1579651 194 3 3 63
175 1642546 198 7 2 6
176 1642546 198 6 4 2
177 1642546 198 2 6 334
178 1642546 198 2 4 2
179 1667315 203 8 8 45
180 1667315 203 8 9 59
181 1670866 205 0 3 62
182 1701077 210 3 3 1
183 1701077 210 9 3 1
184 1701077 210 5 3 7
185 1701077 210 1 3 1
186 1704125 211 9 6 59
187 1713066 217 4 4 150
188 1726113 223 7 2 68
189 1733472 228 9 2 15
190 1763285 229 0 0 10
191 1763285 229 6 9 74
192 1763285 229 6 8 118
193 1763285 229 6 1 1
194 1763285 229 2 8 118
195 1799305 230 3 2 1
196 1799305 230 8 6 13
197 1799305 230 0 9 29
198 1799305 230 0 0 2
199 1799305 230 0 6 6
200 1799305 230 8 7 2487
201 1805015 232 6 5 18
202 1869128 233 6 3 5
203 1869128 233 10 10 9
204 1869128 233 5 7 1
205 1869128 233 1 2 4
206 1869128 233 3 4 11532
207 1869128 233 3 2 4
208 1869128 233 4 2 8
209 1869128 233 0 5 1
210 1869128 233 0 2 13
211 1869128 233 1 6 6
212 1873099 235 2 7 17
213 1900430 237 10 1 11
214 1900430 237 4 5 53
215 1900430 237 10 7 51
216 1984125 241 3 8 1
217 1984125 241 7 8 1
218 1984125 241 4 9 1226
219 1984125 241 7 9 1226
220 1984125 241 7 1 6
221 1984125 241 9 3 1
222 1996883 252 1 10 17
223 1999087 254 2 4 52
224 2038683 259 3 1 891
225 2038683 259 5 7 25
226 2038683 259 8 8 8101
227 2118019 262 8 8 7
228 2118019 262 3 3 1
229 2118019 262 8 9 15
230 2118019 262 8 10 55
231 2118019 262 0 4 1
232 2127941 263 4 10 1524
233 2172133 282 8 3 286
234 2172133 282 8 9 41
235 2183479 285 4 2 275
236 2308595 287 7 9 1
237 2308595 287 4 3 11
238 2308595 287 0 1 6
239 2308595 287 7 5 2
240 2308595 287 6 4 1
241 2308595 287 5 1 6
242 2308595 287 3 10 15
243 2308595 287 8 6 24
244 2308595 287 8 5 2
245 2308595 287 6 6 316
246 2308595 287 0 8 11
247 2308595 287 2 5 6
248 2308595 287 4 1 3
249 2308595 287 0 7 1615
250 2308595 287 6 9 1
251 2308595 287 1 8 5
252 2308595 287 8 10 7
253 2308595 287 10 7 807
254 2308595 287 1 5 2
255 2355239 291 5 2 3435
256 2355239 291 0 7 111
257 2355239 291 7 7 333
258 2355239 291 6 9 731
259 2355239 291 3 6 409
260 2355239 291 10 0 1
261 2355239 291 6 0 3
262 2397995 292 1 0 6
263 2397995 292 5 8 218
264 2397995 292 9 8 218
265 2397995 292 10 9 529
266 2427455 298 9 5 37
267 2427455 298 9 3 134
268 2427455 298 1 8 2839
269 2427455 298 9 2 37
270 2480768 303 3 6 5173
271 2510202 304 3 4 11
272 2510202 304 3 3 9291
273 2510202 304 2 0 206
274 2528426 308 6 6 76
275 2528426 308 6 5 6089
276 2528829 309 3 0 37
277 2533286 310 0 1 221
278 2533286 310 10 6 6
279 2541502 311 9 4 3
280 2611946 317 4 7 3013
281 2611946 317 10 7 1004
282 2611946 317 6 4 10
283 2611946 317 10 5 964
284 2611946 317 1 4 32
285 2611946 317 7 1 42
286 2611946 317 5 3 54
287 2616631 319 6 10 78
288 2619995 323 5 9 187
289 2636128 324 0 10 24
290 2636128 324 10 5 7
291 2673872 328 3 3 1
292 2673872 328 1 3 1
293 2673872 328 0 3 1
294 2673872 328 1 5 297
295 2675774 329 0 7 2
296 2684820 330 0 0 683
297 2685639 333 3 5 304
298 2693798 335 1 8 44
299 2693798 335 1 6 179
300 2703425 337 4 6 86
301 2723227 339 0 5 190
302 2723227 339 5 10 8843
303 2723227 339 7 5 95
304 2723227 339 9 3 1290
305 2723227 339 9 5 95
306 2723227 339 8 5 95
307 2753249 340 7 9 15
308 2753249 340 0 0 20
309 2753249 340 2 3 126
310 2753249 340 3 4 5
311 2753249 340 9 0 40
312 2753249 340 0 9 15
313 2753249 340 2 8 1806
314 2758378 342 7 4 33
315 2758661 343 6 4 129
316 2774628 349 1 6 568
317 2774628 349 5 6 568
318 2789848 353 0 2 34
319 2789848 353 0 9 9
320 2789848 353 0 0 27082
321 2814141 362 10 3 357
322 2814141 362 0 2 1
323 2814141 362 5 2 1
324 2818662 363 4 4 31
325 2826037 366 7 9 52
326 2829267 367 6 10 6
327 2843402 369 9 0 34
328 2843402 369 2 9 869
329 2872409 370 1 10 35
330 2880114 379 1 3 2
331 2901443 380 10 3 238
332 2910912 386 6 3 976
333 2934910 388 0 3 9366
334 2934910 388 0 5 38
335 2934910 388 7 10 17
336 3004774 390 8 10 1
337 3004774 390 2 8 767
338 3004774 390 9 5 6
339 3004774 390 4 7 3
340 3004774 390 7 8 767
341 3004774 390 2 4 27
342 3029681 392 3 9 3
343 3029681 392 9 0 19
344 3029681 392 10 4 1281
345 3029681 392 2 2 58
346 3033098 394 2 4 16746
347 3118626 395 1 7 41
348 3118626 395 8 3 10
349 3118626 395 6 5 177
350 3118626 395 0 4 1
351 3118626 395 2 7 1
352 3118626 395 0 9 2555
353 3126961 398 9 9 103
354 3164763 402 9 3 65
355 3164763 402 9 7 35
356 3164763 402 2 2 7
357 3164763 402 2 1 907
358 3164763 402 2 8 69
359 3170400 405 9 5 62
360 3176060 406 7 10 612
361 3188599 407 2 6 71
362 3188599 407 2 0 54
363 3248611 409 2 9 45
364 3248611 409 10 2 3
365 3248611 409 5 3 3
366 3248611 409 5 5 797
367 3248611 409 8 9 15
368 3281243 413 2 7 32
369 3288128 419 10 1 7
370 3293752 420 6 10 64
371 3320238 424 7 0 119
372 3320238 424 7 8 143
373 3427112 428 2 1 668
374 3427112 428 4 5 822
375 3427112 428 8 5 822
376 3427112 428 0 8 7
377 3427112 428 5 6 1
378 3427112 428 10 0 1
379 3427112 428 6 7 1
380 3427112 428 0 4 1
381 3427112 428 5 5 822
382 3427112 428 6 5 822
383 3427112 428 10 5 822
384 3427112 428 7 10 4
385 3427112 428 4 3 3
386 3427112 428 4 8 2
387 3427112 428 4 2 1
388 3427112 428 1 8 2
389 3427112 428 2 5 822
390 3427112 428 4 0 1
391 3427112 428 9 5 822
392 3487038 430 9 6 190
393 3487038 430 5 4 3
394 3487038 430 10 5 33
395 3487038 430 10 2 18
396 3487038 430 4 4 3
397 3487038 430 0 10 2
398 3487038 430 7 3 21
399 3487038 430 10 0 9
400 3487038 430 5 6 190
401 3504294 437 8 1 4733
402 3510867 441 7 3 52
403 3515748 443 6 5 69
404 3515748 443 6 0 121
405 3523172 445 7 0 52
406 3527194 448 10 1 2
407 3585807 457 8 7 1
408 3585807 457 1 6 12
409 3590865 458 2 4 1978
410 3608491 460 1 6 9
411 3608491 460 1 3 39
412 3654832 461 3 4 10
413 3654832 461 7 6 614
414 3654832 461 6 9 85
415 3654832 461 5 6 122
416 3654832 461 5 5 163
417 3654832 461 4 7 1
418 3654832 461 5 1 22
419 3654832 461 0 4 5
420 3806414 466 5 9 4
421 3806414 466 1 10 2
422 3806414 466 5 7 1
423 3806414 466 0 6 12
424 3806414 466 7 3 3602
425 3806414 466 0 0 7
426 3806414 466 3 0 7
427 3806414 466 8 10 2
428 3806414 466 2 1 5
429 3806414 466 4 0 15
430 3806414 466 8 6 4
431 3806414 466 0 4 2609
432 3806414 466 9 2 50
433 3806414 466 8 3 1801
434 3806414 466 7 6 28
435 3806414 466 10 1 2
436 3806414 466 8 0 7
437 3806414 466 0 2 50
438 3806414 466 9 8 1
439 3806414 466 9 9 8
440 3806414 466 7 5 1
441 3806414 466 3 7 61
442 3806414 466 7 8 1
443 3842367 467 1 7 5
444 3842367 467 9 0 3875
445 3842367 467 1 8 7
446 3852236 468 7 10 33231
447 3854636 469 6 1 4673
448 3862707 471 5 10 923
449 3862707 471 10 10 2769
450 3913509 473 8 2 15
451 3913509 473 3 8 52
452 3913509 473 2 7 26
453 3913509 473 5 2 23
454 3913509 473 5 3 14
455 3913509 473 8 5 68
456 3913509 473 2 5 68
457 3913509 473 9 2 7
458 4039620 475 4 4 1
459 4039620 475 2 0 1
460 4039620 475 1 3 23
461 4039620 475 1 0 6
462 4039620 475 3 6 1
463 4039620 475 5 6 1
464 4039620 475 0 9 5
465 4039620 475 3 8 2
466 4039620 475 1 8 2
467 4039620 475 6 4 1
468 4039620 475 9 9 5
469 4039620 475 1 1 3
470 4039620 475 7 5 2
471 4039620 475 3 3 1
472 4039620 475 3 4 1
473 4053211 477 2 2 17757
474 4053211 477 2 3 89
475 4062808 479 3 9 2
476 4068231 481 5 10 87
477 4086866 487 5 1 65
478 4230576 498 2 9 1
479 4230576 498 4 7 7
480 4230576 498 9 4 50
481 4230576 498 0 6 1
482 4230576 498 0 3 1
483 4230576 498 5 5 702
484 4230576 498 10 4 50
485 4230576 498 2 4 50
486 4230576 498 9 5 175
487 4230576 498 4 0 10
488 4230576 498 8 6 1
489 4230576 498 7 2 9
490 4230576 498 7 8 514
491 4230576 498 6 7 7
492 4230576 498 4 8 1028
493 4230576 498 10 6 1
494 4230576 498 1 5 175
495 4230576 498 0 4 50
496 4230576 498 7 4 50
497 4230576 498 5 0 10
498 4230576 498 3 7 7
499 4230576 498 2 1 17
500 4230576 498 2 8 514
501 4230576 498 9 6 1
502 4240381 499 7 0 5705
503 4240381 499 7 7 71
504 4249831 504 10 3 26
505 4317903 507 1 7 72
506 4317903 507 3 9 21
507 4317903 507 2 9 7
508 4317903 507 5 6 3
509 4317903 507 3 0 15
510 4317903 507 6 10 89
511 4317903 507 0 3 2
512 4317903 507 2 10 89
513 4317903 507 10 2 11
514 4317903 507 8 3 2
515 4317903 507 5 2 40
516 4320453 508 5 8 38
517 4415869 513 1 2 6
518 4415869 513 1 1 5
519 4415869 513 2 4 200
520 4415869 513 8 10 2
521 4431400 518 9 8 52
522 4435004 521 1 4 152
523 4439952 526 3 2 56
524 4446292 528 3 7 128
525 4447799 530 3 10 50
526 4484643 542 1 5 33196
527 4484643 542 1 4 16
528 4485114 544 7 5 54
529 4496022 547 4 6 189
530 4496489 548 5 7 298
531 4498582 549 5 5 264
532 4507679 550 0 6 31
533 4507679 550 2 6 6
534 4653197 555 1 2 876
535 4653197 555 10 6 47
536 4653197 555 0 7 3
537 4653197 555 2 10 32
538 4653197 555 4 0 3
539 4653197 555 9 5 1
540 4653197 555 10 8 7
541 4653197 555 8 3 1620
542 4653197 555 1 0 1
543 4653197 555 2 8 7
544 4653197 555 9 8 7
545 4653197 555 6 3 202
546 4653197 555 3 2 876
547 4653197 555 5 4 3318
548 4653197 555 4 8 7
549 4653197 555 4 6 47
550 4653197 555 7 4 829
551 4653197 555 2 3 202
552 4653197 555 5 3 202
553 4653197 555 3 8 22
554 4698172 556 5 8 109
555 4698172 556 3 1 1
556 4708486 557 3 4 51
557 4708486 557 3 10 162
558 4708486 557 3 9 238
559 4721280 558 1 2 194
560 4721280 558 1 8 329
561 4726007 560 5 0 81
562 4741713 562 10 10 8302
563 4753631 563 10 9 33
564 4762926 565 1 10 1219
565 4812217 569 6 2 170
566 4812217 569 10 10 49
567 4812217 569 9 1 1
568 4812217 569 7 1 1
569 4812217 569 4 5 1
570 4812217 569 8 7 1
571 4812217 569 3 9 2
572 4812217 569 2 6 1
573 4812217 569 2 1 1
574 4812217 569 2 9 2
575 4817942 573 1 5 19
576 4861143 576 6 3 30
577 4861143 576 6 5 2438
578 4861143 576 6 1 1
579 4862411 577 0 0 2339
580 4867948 579 3 0 57
581 4902719 586 8 1 1762
582 4912018 588 4 8 19655
583 4912018 588 4 7 10
584 4920676 591 8 10 2
585 4929385 597 0 4 14
586 4936142 600 3 8 66
587 4970566 602 6 7 74
588 4970566 602 6 10 509
589 4986833 606 10 9 101
590 4986833 606 10 1 70
591 4986833 606 10 4 1308
592 4986833 606 10 3 161
593 4990407 610 2 3 27
594 5002056 611 5 8 990
595 5002056 611 0 2 43
596 5002056 611 8 2 17
597 5002056 611 2 2 8
598 5002056 611 5 6 4930
599 5110164 612 0 10 5
600 5110164 612 5 0 214
601 5110164 612 3 5 120
602 5110164 612 7 4 26
603 5110164 612 5 4 80
604 5110164 612 2 10 5
605 5110164 612 6 9 3
606 5110164 612 5 10 5
607 5110164 612 3 1 6
608 5110164 612 4 2 448
609 5110164 612 6 0 71
610 5110164 612 9 5 120
611 5110164 612 6 4 26
612 5110164 612 10 10 15
613 5110164 612 8 4 26
614 5221376 616 10 4 1
615 5221376 616 0 6 72
616 5221376 616 2 0 1483
617 5221376 616 3 4 1
618 5221376 616 5 9 14
619 5221376 616 7 4 1
620 5221376 616 6 8 1
621 5221376 616 10 2 2
622 5221376 616 4 8 1
623 5221376 616 9 5 1227
624 5221376 616 7 2 1
625 5221376 616 8 10 854
626 5221376 616 2 3 83
627 5221376 616 6 9 11
628 5221376 616 4 1 1
629 5221376 616 0 0 1977
630 5229823 619 8 6 91
631 5241897 624 4 5 2839
632 5256245 626 2 6 1690
633 5256245 626 2 4 100
634 5256245 626 2 8 103
635 5281675 631 7 6 351
636 5307209 633 5 10 15
637 5312073 634 7 9 19581
638 5318373 635 5 2 135
639 5324894 637 2 10 16
640 5324894 637 4 10 24
641 5324894 637 7 10 8
642 5331795 638 2 7 203
643 5334379 643 0 4 19
644 5396213 644 7 5 10
645 5396213 644 10 7 92
646 5396213 644 1 3 10
647 5396213 644 2 7 92
648 5396213 644 2 1 20
649 5396213 644 7 6 1
650 5401207 649 4 1 3092
651 5403594 653 7 10 4838
652 5409781 660 10 7 16605
653 5419094 665 8 8 45
654 5512887 671 8 9 8
655 5512887 671 1 5 30
656 5512887 671 7 6 8
657 5512887 671 6 5 270
658 5512887 671 5 1 715
659 5512887 671 7 0 14
660 5512887 671 0 10 24
661 5514869 672 10 0 82
662 5514869 672 10 5 10
663 5548918 681 4 4 1319
664 5548918 681 9 4 1319
665 5617261 683 3 6 31
666 5617261 683 4 3 29
667 5617261 683 10 9 30
668 5617261 683 0 5 12
669 5617261 683 3 2 4582
670 5617261 683 4 10 16
671 5617261 683 6 7 548
672 5617261 683 5 2 1527
673 5617261 683 8 7 548
674 5637471 689 8 4 318
675 5637471 689 5 10 2
676 5672494 690 0 8 150
677 5672494 690 8 7 6335
678 5672494 690 4 1 1
679 5672494 690 0 3 90
680 5673988 691 10 2 74
681 5702471 692 7 10 12
682 5702471 692 6 10 51
683 5712156 693 8 5 224
684 5712156 693 8 9 102
685 5847249 695 7 3 4
686 5847249 695 8 8 1
687 5847249 695 5 2 793
688 5847249 695 1 0 42
689 5847249 695 4 0 21
690 5847249 695 5 8 1
691 5847249 695 6 10 1
692 5847249 695 6 8 1
693 5847249 695 10 1 3
694 5847249 695 4 1 41
695 5847249 695 0 3 8
696 5847249 695 9 10 1
697 5847249 695 9 9 214
698 5847249 695 4 7 1
699 5847249 695 2 4 1
700 5847249 695 1 2 1587
701 5847249 695 9 4 2
702 5848816 696 4 9 362
703 5852758 697 1 10 15
704 5852758 697 2 1 77
705 5852758 697 4 6 1569
706 5852758 697 4 10 15
707 5852758 697 2 2 466
708 5883575 698 10 1 12
709 5883575 698 10 0 4
710 5883575 698 5 7 21
711 5883575 698 10 5 51
712 5899895 701 3 9 1
713 5899895 701 7 2 15
714 5926372 702 3 10 17
715 5926372 702 0 2 28
716 5926372 702 0 4 649
717 5926372 702 0 9 6
718 5954359 704 9 6 3990
719 5955956 705 5 5 263
720 5991278 714 5 4 563
721 6045875 718 3 3 31
722 6045875 718 2 8 1455
723 6045875 718 7 5 3430
724 6045875 718 0 7 5
725 6045875 718 0 9 31
726 6045875 718 3 1 85
727 6047829 720 10 8 8567
728 6047923 721 4 10 231
729 6069720 723 3 4 523
730 6069720 723 6 1 1
731 6069720 723 6 0 79
732 6069720 723 3 5 29
733 6069720 723 6 8 7
734 6090721 727 6 7 2
735 6095332 730 8 2 34
736 6127121 732 6 6 2
737 6127121 732 9 0 2
738 6127121 732 4 6 4
739 6158275 735 6 1 62
740 6158275 735 6 5 36
741 6251668 741 7 1 989
742 6251668 741 6 1 989
743 6251668 741 10 2 3
744 6251668 741 7 7 2
745 6251668 741 2 8 6
746 6251668 741 2 2 3
747 6266605 746 6 9 88
748 6280029 749 4 9 1
749 6280029 749 5 0 33
750 6280867 750 9 3 49
751 6342904 751 10 2 15409
752 6342904 751 3 6 55
753 6342904 751 10 6 950
754 6342904 751 8 3 485
755 6342904 751 4 2 597
756 6342904 751 3 1 15
757 6342904 751 5 0 23
758 6342904 751 10 10 17
759 6342904 751 0 2 119
760 6342904 751 8 6 55
761 6342904 751 10 7 7
762 6354318 752 7 1 168
763 6370464 755 9 0 195
764 6387940 757 3 1 38
765 6387940 757 7 5 578
766 6387940 757 7 0 7
767 6387940 757 9 5 1734
768 6387940 757 8 5 578
769 6387940 757 3 0 7
770 6387940 757 5 1 77
771 6397763 761 2 5 45
772 6397763 761 6 5 45
773 6399200 762 4 1 36
774 6399200 762 9 1 36
775 6438547 766 8 5 13
776 6438547 766 0 10 30
777 6438547 766 8 10 106
778 6438547 766 6 10 15
779 6438547 766 4 4 32
780 6438547 766 2 4 48
781 6466238 768 8 10 47
782 6466238 768 8 6 2
783 6466238 768 0 2 36
784 6482254 776 6 10 137
785 6484122 777 10 6 150
786 6491554 778 8 9 7
787 6491554 778 2 9 7
788 6491554 778 0 1 279
789 6499739 780 9 8 6604
790 6504070 782 8 4 1
791 6504070 782 3 4 21
792 6512804 787 1 4 3
793 6512804 787 4 4 18
794 6532223 798 4 6 33
795 6533509 801 9 6 20
796 6536625 802 10 2 4521
797 6546535 804 4 10 98
798 6549489 805 1 6 154
799 6557464 812 1 5 1916
800 6558093 814 1 3 170
801 6580161 821 6 9 68
802 6700820 822 5 3 1
803 6700820 822 1 3 3
804 6700820 822 4 9 1
805 6700820 822 1 0 1
806 6700820 822 5 8 479
807 6700820 822 6 2 3
808 6700820 822 9 2 3
809 6700820 822 3 10 9
810 6700820 822 0 8 1679
811 6700820 822 7 9 3
812 6700820 822 6 1 1
813 6700820 822 9 10 1
814 6700820 822 0 2 3
815 6700820 822 10 5 78
816 6700820 822 3 2 3
817 6799086 823 10 6 7637
818 6799086 823 5 3 6
819 6799086 823 1 0 8
820 6799086 823 1 5 4195
821 6799086 823 5 7 751
822 6799086 823 9 7 751
823 6799086 823 8 0 26
824 6799086 823 3 10 1
825 6799086 823 8 8 2
826 6799086 823 8 3 9
827 6830230 825 0 8 63
828 6830230 825 1 8 63
829 6830230 825 7 1 19
830 6847891 830 1 2 42
831 6847891 830 8 5 5
832 6847891 830 2 2 63
833 6847891 830 3 2 42
834 6847891 830 1 1 74
835 6847891 830 2 1 24
836 6848413 831 1 10 1198
837 6848907 832 1 1 30673
838 6884926 834 9 9 14
839 6884926 834 2 5 908
840 6884926 834 1 9 51
841 6884926 834 2 0 15
842 6884926 834 9 4 61
843 6890197 837 8 9 19
844 6894465 841 10 5 4815
845 6918521 845 4 7 9
846 6918521 845 2 7 4
847 6927677 847 6 6 38995
848 6928665 849 7 10 39
849 6929201 850 5 2 5
850 6932466 852 3 9 48
851 6935527 854 6 10 67
852 6936426 855 2 0 234
853 6949990 857 9 8 57
854 6960776 860 9 6 11
855 6971288 861 3 2 309
856 6971288 861 3 5 2029
857 7047713 864 4 6 26
858 7047713 864 9 1 4
859 7047713 864 2 9 35
860 7047713 864 1 4 5
861 7047713 864 2 6 4
862 7047713 864 6 6 17
863 7047713 864 1 8 226
864 7065532 871 10 9 7
865 7082662 874 2 0 171
866 7082662 874 2 9 31
867 7082662 874 2 7 312
868 7088971 875 3 7 9
869 7088971 875 2 7 9
870 7091243 876 4 3 37
871 7100687 881 6 2 1685
872 7155306 886 9 9 1503
873 7155306 886 2 2 1476
874 7155306 886 4 6 555
875 7155306 886 5 6 555
876 7155306 886 10 7 1
877 7155306 886 3 6 8888
878 7173169 893 8 3 795
879 7219027 894 9 3 12
880 7219027 894 5 7 1
881 7219027 894 5 1 19
882 7219027 894 4 8 1
883 7219027 894 2 5 30
884 7219027 894 8 4 18
885 7219027 894 10 1 194
886 7219027 894 7 5 4
887 7250275 896 2 3 4760
888 7256890 898 1 1 158
889 7265135 899 6 4 32
890 7265135 899 6 7 61
891 7289703 903 1 1 7
892 7289747 904 5 6 59
893 7322134 907 2 1 116
894 7322134 907 2 7 3009
895 7322134 907 4 9 76
896 7322134 907 4 2 821
897 7343384 911 0 0 682
898 7343384 911 2 0 682
899 7343756 912 8 1 71
900 7355247 913 10 2 38
901 7360219 915 5 10 65
902 7367990 917 9 9 199
903 7378510 919 0 1 1
904 7378510 919 1 1 1
905 7382512 922 1 4 99
906 7395920 924 5 6 11
907 7411201 926 7 7 22675
908 7413478 928 7 10 102
909 7535600 929 8 1 1
910 7535600 929 8 3 169
911 7535600 929 10 4 1756
912 7535600 929 2 6 218
913 7535600 929 1 2 12
914 7535600 929 2 5 454
915 7535600 929 6 9 28
916 7535600 929 7 8 14
917 7535600 929 2 4 2635
918 7535600 929 0 9 8
919 7535600 929 6 1 3
920 7535600 929 10 5 227
921 7535600 929 5 4 878
922 7535600 929 7 2 8
923 7607970 930 1 2 43
924 7607970 930 7 3 15
925 7607970 930 1 5 22
926 7607970 930 2 1 28
927 7607970 930 2 7 21
928 7607970 930 8 7 10
929 7607970 930 0 6 26
930 7607970 930 10 5 22
931 7607970 930 4 2 7
932 7607970 930 4 7 10
933 7673326 931 5 2 4823
934 7673326 931 7 2 1607
935 7673326 931 1 9 2119
936 7673326 931 7 6 8
937 7716573 932 1 0 4
938 7716573 932 2 0 4
939 7716573 932 7 9 9
940 7716573 932 7 10 23
941 7716573 932 2 10 23
942 7720992 934 8 7 122
943 7723991 935 3 1 1573
944 7728241 938 9 5 48
945 7743090 940 0 10 1313
946 7743090 940 0 5 111
947 7858979 941 6 2 5
948 7858979 941 5 4 1
949 7858979 941 6 4 1
950 7858979 941 1 2 2
951 7858979 941 1 10 36
952 7858979 941 2 7 1
953 7858979 941 2 0 5
954 7858979 941 8 6 2
955 7858979 941 2 10 18
956 7858979 941 1 4 1
957 7858979 941 0 1 96
958 7858979 941 5 10 18
959 7858979 941 3 4 1
960 7858979 941 7 2 5
961 7858979 941 7 4 3
962 7858979 941 3 5 13
963 7860697 943 6 0 1
964 7863249 945 9 1 9558
965 7863779 946 7 9 37
966 7874954 948 5 4 5
967 7874954 948 8 4 5
968 7874954 948 6 7 18
969 7915344 959 10 7 35
970 7927348 961 4 5 343
971 7927348 961 9 5 1719
972 7929630 963 0 8 229
973 8013149 967 0 7 243
974 8013149 967 0 8 44
975 8013149 967 6 8 44
976 8013149 967 5 5 7
977 8013149 967 5 7 486
978 8013149 967 7 4 14
979 8023952 970 10 6 74
980 8038865 972 10 10 169
981 8038865 972 10 9 152
982 8060874 973 2 8 1312
983 8060874 973 2 4 10
984 8060874 973 2 1 4
985 8067264 977 2 2 5970
986 8074998 979 0 1 41
987 8074998 979 6 8 3805
988 8079216 980 7 10 306
989 8081236 983 0 10 188
990 8081435 984 10 4 10212
991 8082372 985 5 10 2635
992 8089228 988 8 4 7153
993 8089814 989 7 5 56
994 8103636 993 4 8 12709
995 8103636 993 4 6 32
996 8103636 993 4 5 84
997 8121559 994 4 5 64
998 8121559 994 0 5 16
999 8121559 994 1 0 3
