11 343 1000
0 20086 0 1 7 23
1 20086 0 1 10 471
2 20086 0 9 0 1
3 20086 0 9 3 1560
4 21382 2 0 10 1004
5 140131 9 4 0 7
6 140131 9 7 10 1
7 140131 9 7 7 39
8 140131 9 1 1 4
9 140131 9 7 2 19
10 140131 9 7 8 2
11 140131 9 1 4 2
12 148691 10 8 1 870
13 196720 13 5 4 340
14 196720 13 6 4 340
15 196720 13 3 4 1361
16 196720 13 6 2 70
17 196720 13 10 9 18555
18 203405 16 4 4 11
19 203405 16 2 4 209
20 257362 17 9 7 5
21 257362 17 7 9 658
22 257362 17 0 10 1
23 257362 17 2 5 100
24 257362 17 6 9 1976
25 257362 17 7 8 1
26 257362 17 9 8 1
27 257362 17 0 8 1
28 257362 17 1 5 16
29 276050 20 4 8 333
30 302093 21 4 5 18
31 302093 21 4 1 31
32 302093 21 3 9 94
33 302093 21 3 4 45
34 355568 29 2 10 58
35 355568 29 10 5 56
36 355568 29 2 7 377
37 365222 31 4 6 1
38 365222 31 1 6 46
39 365222 31 5 7 2070
40 369724 33 8 7 56
41 389332 37 0 9 2107
42 389332 37 6 10 4
43 389332 37 8 10 4
44 424333 41 10 2 50
45 424333 41 10 7 58
46 434143 44 1 1 36
47 434143 44 1 9 19650
48 436036 45 4 6 1063
49 436036 45 1 6 1063
50 436036 45 5 6 2127
51 453236 50 7 0 44
52 453236 50 10 4 2237
53 573461 51 3 0 10
54 573461 51 0 10 1
55 573461 51 0 3 107
56 573461 51 7 6 9
57 573461 51 7 3 15
58 573461 51 10 1 30
59 573461 51 9 6 5
60 573461 51 0 8 6
61 573461 51 10 10 1
62 575069 53 4 10 10
63 587318 58 8 2 1566
64 647077 59 1 9 128
65 681309 66 0 1 84
66 681309 66 0 5 116
67 681309 66 0 9 82
68 708226 70 4 7 3
69 726631 73 6 6 58
70 729122 74 7 7 25
71 802181 75 2 5 577
72 802181 75 2 3 33
73 802181 75 6 1 591
74 802181 75 4 2 7002
75 802181 75 0 7 1
76 812015 77 6 4 52
77 812015 77 0 4 105
78 814533 78 6 1 47
79 818307 79 3 3 38
80 824453 82 1 8 76
81 922297 84 6 5 4
82 922297 84 7 1 8
83 922297 84 2 5 71
84 922297 84 2 4 5
85 922297 84 7 7 21
86 922297 84 2 1 8
87 922297 84 10 9 1
88 922297 84 4 9 6
89 923067 86 7 5 3487
90 947231 89 7 0 56
91 958282 91 6 2 2201
92 958492 92 4 0 66
93 964999 93 7 10 67
94 964999 93 9 10 67
95 1049429 99 7 5 5
96 1049429 99 9 1 40
97 1049429 99 7 3 63
98 1049429 99 9 9 85
99 1049429 99 0 2 19
100 1144860 102 5 10 21
101 1144860 102 5 1 3
102 1144860 102 2 4 4
103 1144860 102 7 4 16
104 1144860 102 3 7 1
105 1144860 102 10 6 1
106 1144860 102 3 2 1451
107 1144860 102 9 3 11
108 1144860 102 0 10 21
109 1161524 104 4 0 1
110 1164025 105 1 5 326
111 1208293 108 0 0 226
112 1208293 108 8 4 17
113 1208293 108 6 2 1
114 1214119 110 3 2 330
115 1231699 116 2 7 208
116 1231699 116 2 9 68
117 1273693 126 0 0 119
118 1297852 127 0 4 115
119 1299686 129 4 10 22
120 1313353 132 6 7 7571
121 1322609 134 8 3 3
122 1346658 136 8 9 9
123 1346658 136 1 10 32
124 1346658 136 8 3 215
125 1346658 136 1 2 59
126 1423494 137 0 8 14
127 1423494 137 8 9 6410
128 1423494 137 2 8 4
129 1446998 143 0 7 238
130 1467509 146 10 4 11
131 1467509 146 3 8 333
132 1467509 146 7 9 50
133 1467509 146 8 4 11
134 1467509 146 8 8 999
135 1468389 147 9 6 19051
136 1473093 148 2 10 21
137 1484589 150 2 10 10
138 1572126 154 8 4 10
139 1572126 154 5 10 2
140 1572126 154 3 2 249
141 1572126 154 0 8 196
142 1670487 160 8 3 10
143 1670487 160 5 2 210
144 1670487 160 7 9 4
145 1670487 160 3 7 1
146 1670487 160 0 4 19
147 1670487 160 8 1 17
148 1670487 160 10 1 1
149 1670487 160 3 2 843
150 1670487 160 5 9 4
151 1670487 160 4 7 1
152 1670487 160 1 6 2
153 1670487 160 7 6 19
154 1703895 162 3 4 15
155 1703895 162 6 4 92
156 1703895 162 0 10 15
157 1703895 162 8 6 14
158 1703895 162 10 10 5
159 1703895 162 5 3 574
160 1719626 165 1 5 110
161 1725043 168 1 2 15
162 1726178 169 3 4 102
163 1738440 170 3 6 163
164 1746642 172 6 8 29
165 1762903 174 6 10 9
166 1762903 174 6 2 19
167 1762903 174 2 2 9
168 1762903 174 5 4 18
169 1764571 175 8 6 39
170 1795930 177 0 2 189
171 1795930 177 0 9 9
172 1795930 177 3 9 9
173 1795930 177 3 4 23
174 1797418 178 7 0 104
175 1801447 181 9 0 206
176 1801988 182 5 6 2663
177 1840517 192 3 8 53
178 1842926 194 3 3 63
179 1916304 198 2 4 2
180 1916304 198 1 2 2
181 1916304 198 9 0 5
182 1916304 198 6 6 111
183 1916304 198 6 4 2
184 1916304 198 2 2 6
185 1916304 198 5 1 9
186 1916660 199 7 0 72
187 1924485 202 3 3 146
188 1945201 203 7 8 150
189 1945201 203 8 1 5
190 1945201 203 7 1 21
191 1945201 203 8 2 64
192 1951392 206 3 6 88
193 1984590 210 9 3 1
194 1984590 210 0 3 1
195 1984590 210 3 3 1
196 1988251 212 2 6 14
197 2002584 218 1 2 17074
198 2013798 223 3 2 68
199 2014914 224 3 4 238
200 2057166 229 2 10 5
201 2057166 229 2 8 118
202 2057166 229 6 3 14
203 2057166 229 0 4 17
204 2057166 229 0 5 4
205 2099189 230 3 0 48
206 2099189 230 3 3 136
207 2099189 230 8 4 78
208 2099189 230 3 8 33
209 2102531 231 5 6 6
210 2102531 231 7 6 2
211 2180650 233 8 2 4
212 2180650 233 9 8 94
213 2180650 233 9 1 8
214 2180650 233 6 1 4
215 2217168 237 4 7 51
216 2217168 237 10 4 215
217 2217168 237 10 2 55
218 2314813 241 3 5 8412
219 2314813 241 6 1 6
220 2314813 241 6 8 1
221 2314813 241 1 0 9
222 2314813 241 7 3 1
223 2314813 241 1 10 1014
224 2314813 241 6 0 9
225 2314813 241 4 9 1226
226 2314813 241 6 2 3905
227 2315033 242 8 3 104
228 2323296 245 0 8 20
229 2378464 259 9 7 25
230 2378464 259 6 0 14
231 2378464 259 2 1 1783
232 2378464 259 5 3 1246
233 2378464 259 0 8 2025
234 2378635 260 0 8 471
235 2471022 262 8 2 6
236 2471022 262 4 5 1
237 2471022 262 3 4 1
238 2471022 262 8 10 55
239 2471022 262 8 6 43
240 2471022 262 2 1 30
241 2471022 262 0 6 8
242 2471022 262 8 8 7
243 2482598 263 8 10 3048
244 2492217 268 5 0 210
245 2534155 282 8 2 74
246 2534155 282 8 10 44
247 2534155 282 8 5 23
248 2534155 282 8 6 237
249 2547392 285 4 6 319
250 2547392 285 4 8 94
251 2547392 285 4 1 297
252 2547392 285 4 7 350
253 2693361 287 10 10 61
254 2693361 287 6 7 807
255 2693361 287 8 8 5
256 2693361 287 0 7 1615
257 2693361 287 5 2 28
258 2693361 287 2 1 3
259 2693361 287 2 10 30
260 2693361 287 5 1 6
261 2693361 287 8 5 2
262 2693361 287 0 0 3
263 2693361 287 1 9 3
264 2694266 288 8 10 108
265 2747779 291 2 5 25
266 2747779 291 2 6 1228
267 2747779 291 1 0 1
268 2747779 291 10 3 211
269 2747779 291 0 7 111
270 2747779 291 1 2 3435
271 2747779 291 7 7 333
272 2797661 292 5 6 13
273 2797661 292 10 6 39
274 2797661 292 1 10 2
275 2797661 292 9 1 197
276 2797661 292 7 8 218
277 2832031 298 9 3 134
278 2832031 298 1 8 2839
279 2832031 298 1 5 75
280 2832031 298 9 4 483
281 2894229 303 10 6 397
282 2894229 303 1 8 973
283 2894229 303 3 6 5173
284 2894229 303 1 1 75
285 2894229 303 10 9 613
286 2928569 304 2 8 40
287 2928569 304 2 6 577
288 2935197 305 6 7 116
289 2949831 308 6 3 284
290 2949831 308 6 7 58523
291 2949831 308 6 0 160
292 2955500 310 0 1 221
293 2965086 311 2 10 76
294 2969994 316 0 4 43
295 3047270 317 9 8 167
296 3047270 317 6 0 4
297 3047270 317 2 5 964
298 3047270 317 1 7 2009
299 3047270 317 4 7 3013
300 3047270 317 5 10 55
301 3047270 317 1 2 3961
302 3047270 317 2 3 54
303 3055181 322 7 5 121
304 3075483 324 7 9 95
305 3084935 327 2 1 180
306 3119517 328 3 9 2
307 3119517 328 4 9 2
308 3119517 328 6 9 2
309 3121737 329 4 7 6
310 3132290 330 0 0 683
311 3132290 330 0 5 91
312 3132290 330 0 3 9862
313 3142764 335 1 8 44
314 3154701 338 4 5 18
315 3177098 339 6 3 215
316 3212124 340 2 4 1
317 3212124 340 0 0 20
318 3218108 342 9 4 133
319 3227544 345 7 3 13
320 3232874 347 8 7 80
321 3243201 351 8 1 221
322 3254822 353 0 0 27082
323 3283165 362 10 3 357
324 3300812 367 6 10 6
325 3301101 368 0 7 1327
326 3317303 369 1 9 476
327 3317303 369 6 3 6
328 3317303 369 2 0 17
329 3317303 369 2 9 869
330 3351144 370 9 2 1
331 3351144 370 0 8 6
332 3351144 370 1 10 35
333 3351144 370 10 5 1
334 3351144 370 7 9 23
335 3351144 370 3 2 1
336 3351144 370 3 5 8
337 3351144 370 10 2 9
338 3359183 377 9 8 86
339 3388629 382 1 0 15
340 3391816 385 2 6 17811
341 3396064 386 9 3 488
342 3400830 387 7 9 1
343 3424062 388 7 8 88
344 3424062 388 7 9 4765
345 3424062 388 7 5 19
346 3505570 390 10 5 13
347 3505570 390 10 8 767
348 3505570 390 2 9 6824
349 3505570 390 2 6 114
350 3505570 390 10 4 27
351 3505570 390 3 9 174
352 3506348 391 5 3 356
353 3534628 392 1 5 5135
354 3534628 392 4 9 3
355 3534628 392 9 0 19
356 3538615 394 2 4 16746
357 3638397 395 1 8 33
358 3638397 395 2 7 1
359 3638397 395 0 5 177
360 3638397 395 5 7 3
361 3638397 395 8 1 33
362 3638397 395 8 5 177
363 3638397 395 1 7 41
364 3638397 395 9 4 1
365 3638397 395 6 8 33
366 3638397 395 1 6 27
367 3653509 400 2 6 38920
368 3692224 402 9 0 2920
369 3692224 402 9 2 1
370 3705404 406 1 10 204
371 3705404 406 4 0 35
372 3720032 407 2 1 9
373 3790047 409 1 1 1084
374 3790047 409 8 7 1
375 3790047 409 6 4 2
376 3790047 409 10 6 11
377 3790047 409 1 4 2
378 3790047 409 5 9 15
379 3790047 409 2 7 2
380 3790047 409 5 6 1
381 3790047 409 10 0 1584
382 3828116 413 2 0 144
383 3828116 413 2 10 7
384 3835029 417 6 2 58
385 3842711 420 7 8 9
386 3842711 420 9 1 29
387 3843507 421 5 9 27455
388 3858693 422 7 2 569
389 3858693 422 2 7 9
390 3859131 423 3 1 4754
391 3873611 424 7 4 84
392 3879185 427 10 2 48
393 3998297 428 7 6 2
394 3998297 428 2 3 3
395 3998297 428 6 4 1
396 3998297 428 4 0 1
397 3998297 428 5 9 3
398 3998297 428 8 0 4
399 3998297 428 4 8 2
400 3998297 428 7 8 2
401 3998297 428 8 8 2
402 3998297 428 5 0 1
403 3998297 428 4 10 38
404 3998297 428 5 2 1
405 3998297 428 10 4 1
406 3998297 428 3 2 2
407 3998297 428 4 9 3
408 3998297 428 3 1 1336
409 3998297 428 2 8 2
410 3998297 428 4 7 1
411 3998297 428 4 4 4
412 4068211 430 2 0 2
413 4068211 430 1 1 2103
414 4068211 430 3 4 7
415 4068211 430 0 2 18
416 4068211 430 4 4 3
417 4073433 433 7 4 12730
418 4094452 440 6 10 20
419 4101706 443 6 2 42
420 4110367 445 7 6 2
421 4127126 455 5 0 30
422 4183442 457 0 5 64
423 4183442 457 8 6 12
424 4183442 457 6 0 25
425 4183442 457 10 10 5
426 4183442 457 4 3 14
427 4189343 458 3 6 11201
428 4209906 460 1 1 356
429 4263971 461 10 9 7
430 4263971 461 10 7 1
431 4263971 461 5 2 55
432 4263971 461 2 7 147
433 4263971 461 5 7 1
434 4264300 462 10 3 3197
435 4440816 466 3 6 8
436 4440816 466 3 4 2174
437 4440816 466 5 9 4
438 4440816 466 2 2 50
439 4440816 466 4 7 1
440 4440816 466 10 1 2
441 4440816 466 7 6 28
442 4440816 466 3 5 1
443 4440816 466 1 8 1
444 4440816 466 1 2 804
445 4440816 466 3 3 7204
446 4440816 466 8 3 1801
447 4482762 467 5 6 60
448 4482762 467 5 8 7
449 4482762 467 9 5 5
450 4494276 468 7 8 13074
451 4494276 468 7 10 33231
452 4506492 471 1 10 923
453 4506492 471 5 10 923
454 4565760 473 10 2 7
455 4565760 473 3 5 204
456 4565760 473 5 2 23
457 4565760 473 9 10 1
458 4565760 473 8 6 5
459 4712890 475 5 5 15
460 4712890 475 6 1 13
461 4712890 475 0 8 7
462 4712890 475 5 6 1
463 4712890 475 4 8 2
464 4712890 475 8 4 1
465 4712890 475 7 2 1
466 4712890 475 7 0 1
467 4712890 475 6 4 1
468 4712890 475 4 2 3
469 4712890 475 10 5 2
470 4712890 475 5 3 1
471 4712890 475 8 5 2
472 4712890 475 5 9 5
473 4712890 475 2 5 2
474 4712890 475 0 10 10
475 4712890 475 8 3 1
476 4728746 477 2 3 89
477 4728746 477 2 10 99647
478 4728746 477 2 2 17757
479 4739942 479 7 9 1
480 4745207 480 5 8 224
481 4750107 483 5 10 8
482 4768011 487 5 10 202
483 4786586 489 9 9 62
484 4786586 489 8 10 15052
485 4786586 489 0 0 785
486 4788468 490 10 2 27
487 4790943 491 2 10 39
488 4935673 498 5 2 9
489 4935673 498 10 7 7
490 4935673 498 8 1 17
491 4935673 498 2 10 13
492 4935673 498 4 7 7
493 4935673 498 8 9 1
494 4935673 498 0 6 1
495 4935673 498 5 9 1
496 4935673 498 4 0 10
497 4935673 498 5 5 702
498 4935673 498 0 5 1579
499 4935673 498 8 7 7
500 4935673 498 6 10 13
501 4935673 498 6 3 1
502 4935673 498 1 2 56
503 4935673 498 0 2 4
504 4935673 498 8 6 1
505 4935673 498 3 9 1
506 4935673 498 5 7 14
507 4935673 498 4 9 1
508 4947111 499 7 2 121
509 4958136 504 0 9 148
510 4959177 505 0 7 64
511 5037553 507 9 8 13
512 5037553 507 2 10 89
513 5037553 507 10 0 3
514 5037553 507 5 2 40
515 5037553 507 9 4 1429
516 5037553 507 7 10 178
517 5037553 507 8 2 17
518 5068746 510 6 1 5
519 5068746 510 7 1 5
520 5068746 510 6 9 1
521 5151847 513 5 6 80
522 5151847 513 0 8 6059
523 5151847 513 9 0 1
524 5151847 513 4 8 1009
525 5151847 513 2 7 5
526 5151847 513 7 1 58
527 5151847 513 0 0 5
528 5151847 513 5 2 6
529 5151847 513 9 9 40
530 5168932 516 9 3 1
531 5176186 523 8 2 3
532 5186600 527 5 0 238
533 5188171 529 4 9 374
534 5192497 533 9 4 779
535 5206410 535 3 7 31
536 5209986 537 9 10 88
537 5245360 547 4 5 7822
538 5248346 549 5 5 264
539 5282987 552 5 0 76
540 5428730 555 9 1 95
541 5428730 555 10 8 7
542 5428730 555 10 2 876
543 5428730 555 4 10 197
544 5428730 555 9 10 1
545 5428730 555 1 6 23
546 5428730 555 2 6 94
547 5428730 555 1 10 1
548 5428730 555 7 8 102
549 5428730 555 0 4 829
550 5428730 555 0 1 95
551 5428730 555 10 5 1
552 5428730 555 5 4 3318
553 5428730 555 6 1 191
554 5428730 555 6 7 3
555 5428730 555 1 0 1
556 5428730 555 5 0 1
557 5428730 555 1 7 14
558 5481200 556 3 10 335
559 5481200 556 0 8 655
560 5508161 558 1 7 123
561 5531998 562 10 4 31234
562 5545902 563 10 5 318
563 5549928 564 4 9 23
564 5556747 565 1 4 1356
565 5614253 569 7 2 26
566 5614253 569 4 5 1
567 5614253 569 4 2 52
568 5671334 576 6 1 1
569 5671334 576 10 3 30
570 5671334 576 1 6 4
571 5678940 578 6 8 233
572 5705021 582 4 4 50
573 5705021 582 4 5 179
574 5717911 583 6 7 1421
575 5717911 583 6 10 61
576 5719713 585 10 3 1425
577 5719839 586 8 1 1762
578 5730688 588 4 7 10
579 5735252 590 3 9 2305
580 5740789 591 9 1 1
581 5744963 594 0 5 74
582 5756401 599 7 1 186
583 5798994 602 8 4 906
584 5798994 602 8 0 1082
585 5798994 602 8 5 30
586 5798994 602 6 10 509
587 5800676 604 9 6 322
588 5835732 611 10 6 205
589 5835732 611 7 6 205
590 5961858 612 7 10 5
591 5961858 612 5 6 1
592 5961858 612 3 5 120
593 5961858 612 2 0 71
594 5961858 612 10 7 2539
595 5961858 612 9 9 8
596 5961858 612 10 3 19
597 5961858 612 0 1 3
598 5961858 612 10 4 133
599 5961858 612 10 5 3603
600 5961858 612 7 4 26
601 5961858 612 6 8 17
602 5961858 612 8 0 713
603 5961858 612 3 3 1
604 5961858 612 9 4 26
605 5961858 612 1 3 1
606 6091605 616 1 5 1227
607 6091605 616 8 7 200
608 6091605 616 2 4 1
609 6091605 616 9 4 1
610 6091605 616 0 10 12823
611 6091605 616 6 6 108
612 6091605 616 9 5 1227
613 6091605 616 5 8 1
614 6091605 616 5 0 494
615 6091605 616 2 5 1227
616 6091605 616 4 0 12359
617 6091605 616 2 1 1
618 6091605 616 5 7 200
619 6091605 616 6 2 1
620 6091605 616 2 6 72
621 6112158 621 6 8 18
622 6115546 624 9 5 2839
623 6149171 628 1 1 107
624 6149171 628 1 3 228
625 6149171 628 1 8 78
626 6161954 631 5 1 1
627 6161954 631 2 6 351
628 6165737 632 7 1 1214
629 6191743 633 5 1 368
630 6191743 633 5 9 17
631 6191743 633 5 5 19724
632 6197418 634 7 6 15150
633 6197418 634 7 0 1249
634 6197418 634 7 4 53
635 6204769 635 5 0 102
636 6204769 635 5 5 334
637 6204769 635 5 10 15796
638 6204769 635 5 7 192
639 6212377 637 7 10 8
640 6221041 640 1 0 113
641 6295582 644 2 8 1817
642 6295582 644 4 3 21
643 6295582 644 5 4 647
644 6295582 644 2 0 8
645 6295582 644 10 7 92
646 6295582 644 9 1 6
647 6295582 644 1 4 647
648 6295582 644 7 0 8
649 6295582 644 6 10 1
650 6295582 644 10 3 10
651 6302459 650 0 10 58
652 6302459 650 10 10 29
653 6319828 661 6 0 13
654 6320599 664 5 3 26
655 6331335 668 5 4 33132
656 6331335 668 5 7 18
657 6332344 670 5 9 92
658 6431702 671 1 3 61
659 6431702 671 10 1 238
660 6431702 671 3 1 4531
661 6431702 671 6 5 270
662 6431702 671 8 1 238
663 6431702 671 9 5 30
664 6431702 671 10 0 1
665 6431702 671 7 4 671
666 6431702 671 1 9 17
667 6431702 671 10 7 2
668 6431702 671 1 0 1
669 6431702 671 9 2 6
670 6434014 672 10 5 10
671 6434014 672 10 0 82
672 6451736 675 2 7 2702
673 6462665 680 10 8 3319
674 6473737 681 8 4 1319
675 6473737 681 10 5 12
676 6553471 683 2 4 1277
677 6553471 683 2 2 1527
678 6553471 683 6 5 1
679 6553471 683 9 8 35
680 6553471 683 8 1 50
681 6553471 683 2 5 1
682 6553471 683 5 9 15
683 6553471 683 3 6 31
684 6553471 683 2 7 548
685 6553471 683 0 9 15
686 6553471 683 7 8 11
687 6553471 683 4 6 10
688 6553471 683 0 0 1
689 6560537 687 5 8 7
690 6617910 690 0 6 14
691 6619652 691 2 2 49
692 6652883 692 2 1 48
693 6664182 693 8 7 220
694 6664182 693 8 10 1001
695 6821790 695 3 0 21
696 6821790 695 8 8 1
697 6821790 695 4 0 21
698 6821790 695 5 5 7
699 6821790 695 0 7 2
700 6821790 695 4 3 4
701 6821790 695 7 10 5
702 6821790 695 8 7 8
703 6821790 695 2 4 1
704 6821790 695 0 9 2791
705 6821790 695 6 3 4
706 6821790 695 8 2 793
707 6864170 698 5 2 25
708 6864170 698 5 10 32
709 6864170 698 2 10 32
710 6864170 698 2 7 2
711 6883211 701 7 2 15
712 6914100 702 4 6 22
713 6914100 702 3 6 22
714 6914100 702 0 9 6
715 6945275 703 2 2 4702
716 6945275 703 9 0 37
717 6945275 703 2 0 74
718 6948615 705 0 5 52
719 6971565 710 3 2 96
720 6989825 714 10 4 1126
721 6995639 717 9 7 35
722 7053521 718 5 7 5
723 7053521 718 3 0 36
724 7053521 718 6 5 175
725 7053521 718 10 10 10
726 7053521 718 8 10 2
727 7053521 718 0 1 39
728 7053521 718 1 3 15
729 7053521 718 2 8 1455
730 7053521 718 5 0 1
731 7053521 718 2 10 21
732 7081340 723 3 8 7
733 7081340 723 6 9 23
734 7081340 723 3 3 52
735 7081340 723 3 9 11
736 7081340 723 6 5 29
737 7081340 723 6 4 174
738 7091971 724 6 7 124
739 7091971 724 6 3 4789
740 7093331 726 3 9 3974
741 7148308 732 9 6 4
742 7148308 732 5 9 46
743 7148308 732 9 5 52
744 7148308 732 6 5 66
745 7148308 732 0 2 722
746 7184654 735 9 8 70
747 7184654 735 6 3 8
748 7184654 735 6 9 10
749 7184654 735 6 7 1348
750 7184654 735 9 9 40
751 7293613 741 2 5 11
752 7293613 741 2 7 2
753 7293613 741 3 0 544
754 7293613 741 3 2 9
755 7293613 741 8 10 2
756 7293613 741 8 9 44
757 7293613 741 6 5 22
758 7293613 741 3 7 2
759 7293613 741 10 4 33
760 7293613 741 6 1 989
761 7326701 749 4 9 1
762 7326701 749 10 5 24
763 7400055 751 6 4 13
764 7400055 751 5 9 15
765 7400055 751 9 7 3
766 7400055 751 9 4 27
767 7400055 751 7 6 55
768 7400055 751 8 6 55
769 7400055 751 10 3 242
770 7413371 752 8 8 21
771 7413371 752 3 0 42
772 7413371 752 0 0 717
773 7413371 752 1 0 168
774 7432208 755 9 6 4
775 7452597 757 3 0 7
776 7464057 761 5 5 45
777 7511638 766 1 5 13
778 7511638 766 6 3 1
779 7511638 766 4 3 1
780 7511638 766 2 7 7
781 7511638 766 8 5 13
782 7543944 768 8 3 102
783 7543944 768 0 1 41
784 7544170 769 5 3 363
785 7544512 770 1 5 68
786 7545005 771 0 3 264
787 7554519 773 10 10 34
788 7562630 776 6 10 137
789 7573480 778 9 9 21
790 7573480 778 6 9 7
791 7574759 779 2 1 1518
792 7583029 780 1 5 14
793 7589288 784 4 10 191
794 7593679 785 8 2 7
795 7594577 786 6 0 54
796 7620927 798 4 8 632
797 7626063 802 10 2 4521
798 7637624 804 4 4 621
799 7650374 812 1 5 1916
800 7669698 817 7 3 1577
801 7676855 821 7 9 36
802 7817623 822 6 10 1
803 7817623 822 1 2 9
804 7817623 822 2 1 1
805 7817623 822 5 8 479
806 7817623 822 1 5 26
807 7817623 822 4 4 28
808 7817623 822 5 1 1
809 7817623 822 4 6 8
810 7817623 822 1 3 3
811 7817623 822 8 7 138
812 7817623 822 1 10 1
813 7817623 822 6 8 1679
814 7817623 822 9 10 1
815 7817623 822 2 6 8
816 7817623 822 10 5 78
817 7817623 822 9 0 4
818 7817623 822 8 0 1
819 7817623 822 5 10 27
820 7817623 822 10 4 25
821 7932267 823 8 3 9
822 7932267 823 10 3 2
823 7932267 823 9 6 1414
824 7932267 823 3 10 1
825 7932267 823 9 8 1
826 7932267 823 8 2 6
827 7932267 823 3 6 282
828 7932267 823 2 4 3553
829 7932267 823 1 7 1502
830 7932267 823 10 5 599
831 7932267 823 3 8 10
832 7932267 823 1 2 6
833 7932267 823 8 6 282
834 7932267 823 5 3 6
835 7968602 825 4 5 112
836 7968602 825 7 8 63
837 7968602 825 10 4 62
838 7968602 825 0 0 3
839 7968602 825 7 1 19
840 7968602 825 6 5 16
841 7972910 827 0 9 116
842 7974078 828 6 0 60
843 7976381 829 9 6 347
844 7989207 830 3 9 16
845 7989207 830 8 5 5
846 7989207 830 2 7 448
847 8015566 833 7 4 24511
848 8032414 834 2 10 700
849 8032414 834 1 9 51
850 8043543 841 10 5 4815
851 8059203 842 1 0 94
852 8059203 842 1 7 25
853 8071608 845 4 7 9
854 8071608 845 5 7 51
855 8081434 846 5 5 11850
856 8084067 850 7 2 15
857 8091449 854 6 10 67
858 8108322 857 9 4 62
859 8108322 857 9 9 69
860 8133169 861 3 9 59
861 8133169 861 3 2 309
862 8144614 863 6 9 792
863 8144614 863 2 4 116
864 8144614 863 6 10 99
865 8222332 864 3 6 4
866 8222332 864 6 10 172
867 8222332 864 5 10 172
868 8222332 864 8 8 113
869 8222332 864 8 4 5
870 8222332 864 5 9 35
871 8222332 864 10 5 15
872 8232567 870 0 3 6
873 8263106 874 2 6 213
874 8263106 874 2 8 183
875 8270466 875 2 7 9
876 8270466 875 3 7 9
877 8347857 886 8 0 29
878 8347857 886 10 0 29
879 8347857 886 10 1 11
880 8347857 886 6 2 82
881 8347857 886 0 4 1
882 8359121 888 10 4 103
883 8359121 888 10 3 87
884 8362386 889 9 2 34
885 8422198 894 3 2 11
886 8422198 894 4 7 10
887 8422198 894 9 3 12
888 8458654 896 2 3 4760
889 8475991 899 6 6 12658
890 8542490 907 2 3 18
891 8542490 907 2 10 6
892 8554839 909 9 5 138
893 8554839 909 9 0 5739
894 8554839 909 9 8 5
895 8567282 911 5 0 682
896 8567282 911 2 0 682
897 8567282 911 8 0 1365
898 8567282 911 6 0 1365
899 8608262 919 10 1 2
900 8611220 920 6 10 8
901 8615956 923 10 7 1223
902 8646401 926 7 7 22675
903 8646401 926 7 5 9235
904 8791533 929 0 6 54
905 8791533 929 4 0 7
906 8791533 929 9 9 4
907 8791533 929 7 2 8
908 8791533 929 4 6 54
909 8791533 929 5 6 54
910 8791533 929 4 4 2635
911 8791533 929 7 5 4774
912 8791533 929 1 6 54
913 8791533 929 8 10 2
914 8791533 929 5 8 4
915 8791533 929 9 1 2
916 8791533 929 3 5 227
917 8791533 929 2 5 454
918 8791533 929 10 4 1756
919 8791533 929 4 5 227
920 8791533 929 2 4 2635
921 8791533 929 3 0 2
922 8791533 929 5 10 1
923 8791533 929 7 8 14
924 8791533 929 0 9 8
925 8875965 930 10 5 22
926 8875965 930 8 0 69778
927 8875965 930 1 9 71
928 8875965 930 4 7 10
929 8875965 930 10 10 683
930 8875965 930 9 2 7
931 8875965 930 8 2 7
932 8875965 930 1 0 2492
933 8875965 930 4 4 13007
934 8875965 930 10 0 7476
935 8952214 931 7 5 2443
936 8952214 931 5 9 4239
937 8952214 931 7 2 1607
938 8952214 931 3 4 2727
939 8952214 931 2 0 11622
940 8952214 931 5 10 225
941 8952214 931 0 8 4
942 8952214 931 1 9 2119
943 8952214 931 1 4 909
944 8952214 931 4 4 909
945 9002668 932 7 10 23
946 9002668 932 1 10 23
947 9002668 932 6 7 3
948 9002668 932 0 10 23
949 9002668 932 9 9 9
950 9011323 935 5 1 1573
951 9011323 935 0 1 1573
952 9033605 940 0 7 99809
953 9033605 940 0 1 55
954 9033605 940 0 3 11398
955 9168808 941 2 8 2
956 9168808 941 6 7 18
957 9168808 941 8 7 1
958 9168808 941 4 3 4
959 9168808 941 8 5 13
960 9168808 941 3 4 1
961 9168808 941 8 8 1
962 9168808 941 0 7 1
963 9168808 941 7 3 1
964 9168808 941 8 3 1
965 9168808 941 0 5 13
966 9168808 941 10 5 13
967 9168808 941 0 6 34
968 9168808 941 3 6 2
969 9168808 941 3 0 5
970 9168808 941 6 0 5
971 9168808 941 9 6 8
972 9187447 948 8 6 3958
973 9190995 949 10 4 3132
974 9203621 950 7 8 44
975 9203621 950 9 8 7
976 9215475 957 8 9 17
977 9234568 959 10 2 32
978 9234568 959 10 3 152
979 9234568 959 10 9 43
980 9254444 966 4 5 3957
981 9348674 967 4 9 9
982 9348674 967 6 9 2
983 9348674 967 1 0 9
984 9348674 967 7 6 3080
985 9348674 967 1 2 15
986 9348674 967 4 5 7
987 9348674 967 1 3 4
988 9348674 967 1 6 3080
989 9348674 967 4 4 14
990 9348674 967 0 2 15
991 9348674 967 1 4 29
992 9366388 971 0 8 30
993 9378675 972 10 8 28
994 9404353 973 0 0 2
995 9420832 979 0 1 41
996 9454242 993 4 4 210
997 9454242 993 4 2 94
998 9454242 993 4 5 84
999 9475153 994 4 4 38
