11 351 1000
0 15064 0 9 6 12
1 15064 0 1 3 195
2 15064 0 9 9 1
3 57496 3 9 4 3213
4 57496 3 5 5 113
5 57496 3 9 5 5552
6 57496 3 5 3 126
7 57496 3 9 6 284
8 76089 8 10 0 624
9 105098 9 1 5 35
10 105098 9 4 1 2
11 105098 9 4 3 74
12 105098 9 7 7 39
13 111518 10 5 1 870
14 111518 10 0 1 1740
15 147540 13 5 5 13
16 147540 13 8 4 340
17 147540 13 10 4 340
18 147540 13 1 9 30152
19 147540 13 5 10 495
20 148023 14 7 6 107
21 152553 16 1 4 7
22 193021 17 3 8 6
23 193021 17 10 1 44
24 193021 17 10 7 2
25 193021 17 7 4 12
26 193021 17 6 5 184
27 201393 18 1 5 253
28 226569 21 3 2 1009
29 226569 21 3 4 45
30 226569 21 4 5 18
31 226569 21 4 4 22
32 228043 22 6 5 14781
33 266676 29 10 1 11
34 266676 29 10 6 2425
35 273916 31 4 6 1
36 291999 37 6 0 25
37 291999 37 6 10 4
38 291999 37 4 0 25
39 305883 39 10 5 6
40 305883 39 0 5 34
41 318249 41 10 2 50
42 318249 41 10 3 35
43 325607 44 1 1 36
44 327027 45 6 6 1063
45 327027 45 0 6 3190
46 339927 50 7 10 526
47 339927 50 9 3 14
48 339927 50 7 8 1
49 430095 51 9 5 24
50 430095 51 3 0 10
51 437144 56 5 2 461
52 437144 56 5 0 1
53 485307 59 1 3 5
54 485307 59 1 0 2
55 485307 59 1 6 19
56 485307 59 5 2 102
57 485307 59 2 10 3
58 498975 64 2 6 218
59 514901 68 4 4 13
60 514901 68 5 4 1
61 514901 68 3 4 3
62 544691 72 6 10 83
63 601635 75 0 1 591
64 601635 75 7 10 7
65 601635 75 4 4 7
66 601635 75 8 7 3
67 601635 75 3 8 1
68 601635 75 8 5 115
69 601635 75 7 5 115
70 601635 75 8 0 63
71 601635 75 4 8 1
72 601635 75 6 10 7
73 601635 75 6 9 1
74 609011 77 6 4 52
75 609011 77 8 4 21
76 615424 81 0 6 119
77 691723 84 7 6 1
78 691723 84 3 5 4
79 691723 84 2 8 1
80 691723 84 7 3 4
81 691723 84 2 10 6
82 691723 84 2 2 231
83 691723 84 2 6 2
84 691723 84 10 1 16
85 710423 89 7 2 266
86 730322 94 10 5 756
87 734110 96 10 5 88
88 745314 97 1 9 1843
89 745314 97 0 9 1843
90 787072 99 7 9 42
91 787072 99 9 6 70
92 858645 102 2 7 1
93 858645 102 8 1 91
94 858645 102 5 6 1
95 858645 102 2 3 17
96 858645 102 7 2 483
97 865483 103 0 5 6
98 871143 104 4 2 54
99 871143 104 4 10 38979
100 873188 106 4 9 39149
101 906220 108 7 7 76
102 906220 108 4 5 90
103 906220 108 3 10 3
104 906220 108 2 0 226
105 906220 108 7 4 34
106 910589 110 3 1 64
107 923774 116 2 5 254
108 923774 116 2 4 113
109 932674 117 0 5 160
110 932674 117 0 1 35
111 943173 118 6 2 15
112 945562 121 4 1 48
113 973389 127 0 9 22699
114 973389 127 0 4 115
115 985015 132 0 1 6
116 985015 132 5 0 21
117 985015 132 0 7 7571
118 985015 132 6 7 7571
119 991957 134 0 3 7
120 992421 135 1 8 667
121 1009993 136 8 9 9
122 1009993 136 8 2 59
123 1067620 137 0 4 199
124 1067620 137 4 2 21
125 1067620 137 6 0 4
126 1067620 137 7 3 9
127 1067620 137 3 1 38
128 1073426 139 2 1 25
129 1085248 143 0 2 200
130 1085248 143 0 8 4
131 1100632 146 3 8 333
132 1104819 148 1 10 43
133 1113442 150 2 0 219
134 1113442 150 2 7 5692
135 1113442 150 2 1 14
136 1179094 154 8 4 10
137 1179094 154 4 5 69
138 1179094 154 10 5 139
139 1179094 154 3 4 10
140 1179094 154 0 0 4
141 1179094 154 9 4 10
142 1179094 154 6 5 69
143 1179094 154 1 0 2
144 1179094 154 10 8 87
145 1179094 154 7 6 115
146 1182915 156 2 8 23
147 1252865 160 2 2 210
148 1252865 160 5 9 4
149 1252865 160 1 9 48
150 1252865 160 4 10 11
151 1252865 160 9 6 2
152 1252865 160 5 8 306
153 1252865 160 5 2 210
154 1252865 160 8 6 5
155 1252865 160 6 7 1
156 1252865 160 6 10 5
157 1252865 160 1 7 1
158 1277921 162 0 1 1445
159 1277921 162 6 4 92
160 1277921 162 5 7 225
161 1293782 168 2 2 15
162 1293782 168 8 2 30
163 1303830 170 3 0 97
164 1309982 172 6 8 29
165 1310562 173 4 2 87
166 1322177 174 7 2 9
167 1322177 174 2 10 174
168 1346947 177 3 8 268
169 1346947 177 3 9 9
170 1346947 177 3 2 1
171 1346947 177 0 1 12993
172 1346947 177 3 4 23
173 1364230 187 7 2 8
174 1370698 190 8 0 72
175 1371539 191 8 6 7153
176 1382195 194 3 3 63
177 1437228 198 3 8 46
178 1437228 198 8 4 2
179 1437228 198 10 6 111
180 1437228 198 5 4 4
181 1437228 198 6 10 86
182 1437228 198 0 2 2
183 1437228 198 4 10 7
184 1437228 198 9 0 5
185 1443363 202 3 7 44
186 1443363 202 3 4 167
187 1443363 202 3 1 8
188 1458900 203 7 6 48
189 1458900 203 8 5 8684
190 1458900 203 8 3 1767
191 1458900 203 8 1 5
192 1458900 203 8 4 1511
193 1467180 208 10 7 217
194 1472768 209 3 5 39
195 1488442 210 3 3 1
196 1488442 210 1 3 1
197 1488442 210 8 3 299
198 1488442 210 4 3 1
199 1491109 211 9 6 59
200 1491188 212 2 6 14
201 1493480 216 6 5 29
202 1504825 222 0 7 28
203 1504825 222 7 7 112
204 1510349 223 2 2 68
205 1510349 223 3 9 2
206 1510349 223 2 7 68
207 1511186 224 3 5 91
208 1516221 227 4 7 1033
209 1542874 229 0 0 10
210 1574392 230 0 4 78
211 1574392 230 3 9 29
212 1574392 230 8 4 78
213 1574392 230 3 5 3
214 1574392 230 0 6 6
215 1576898 231 5 6 6
216 1635487 233 2 5 1
217 1635487 233 10 5 4
218 1635487 233 8 10 9
219 1635487 233 6 1 4
220 1635487 233 6 0 44
221 1644069 236 9 6 55
222 1662876 237 10 7 51
223 1662876 237 10 6 47
224 1736110 241 9 10 1014
225 1736110 241 6 10 8112
226 1736110 241 6 9 1226
227 1736110 241 6 1 6
228 1736110 241 7 6 1
229 1736110 241 4 8 1
230 1736110 241 6 5 1682
231 1736110 241 1 6 48
232 1736110 241 6 8 1
233 1736110 241 7 1 6
234 1736110 241 1 4 14
235 1739760 244 1 1 1
236 1751008 255 1 1 42
237 1783848 259 2 1 1783
238 1783848 259 8 0 89
239 1783848 259 7 0 14
240 1783848 259 8 8 8101
241 1783848 259 5 7 25
242 1784206 261 2 6 94
243 1853267 262 4 0 69
244 1853267 262 0 1 30
245 1853267 262 8 8 7
246 1853267 262 9 4 1
247 1853267 262 8 2 6
248 1853267 262 3 5 2
249 1853267 262 8 1 30
250 1863253 264 4 4 5132
251 1888849 278 7 6 166
252 1900616 282 8 0 16296
253 1900616 282 8 2 74
254 1900661 283 5 1 81
255 1910544 285 4 10 220
256 1910544 285 4 9 314
257 1910544 285 4 8 94
258 2020021 287 8 10 7
259 2020021 287 10 0 1
260 2020021 287 1 6 48
261 2020021 287 1 5 2
262 2020021 287 6 10 7
263 2020021 287 9 1 53
264 2020021 287 2 4 1
265 2020021 287 10 6 24
266 2020021 287 1 7 807
267 2020021 287 8 1 28
268 2020021 287 6 7 807
269 2020021 287 3 7 807
270 2020021 287 6 0 1
271 2020021 287 9 2 3
272 2020021 287 5 3 5
273 2020021 287 10 4 1
274 2020021 287 9 3 5
275 2020021 287 8 5 2
276 2020021 287 3 10 15
277 2020699 288 8 10 108
278 2021989 290 5 7 223
279 2060834 291 2 5 25
280 2060834 291 6 6 409
281 2060834 291 2 6 1228
282 2060834 291 4 1 128
283 2060834 291 9 5 25
284 2060834 291 10 0 1
285 2060834 291 1 7 111
286 2060834 291 0 8 26
287 2098246 292 3 10 3
288 2098246 292 2 10 1
289 2098246 292 4 10 1
290 2098246 292 5 0 6
291 2107451 297 1 10 64
292 2124023 298 9 0 21
293 2124023 298 1 5 75
294 2124023 298 1 3 1
295 2124023 298 1 8 2839
296 2124023 298 9 7 60
297 2124023 298 9 3 134
298 2170672 303 0 6 397
299 2170672 303 4 6 795
300 2196427 304 3 0 17
301 2196427 304 2 7 8
302 2196427 304 2 4 11
303 2196427 304 2 6 577
304 2196427 304 2 10 977
305 2201397 305 7 7 38
306 2203783 307 0 4 476
307 2203783 307 8 4 476
308 2212373 308 6 3 284
309 2212373 308 6 6 76
310 2216625 310 7 6 6
311 2285453 317 9 8 167
312 2285453 317 8 7 2009
313 2285453 317 10 7 1004
314 2285453 317 0 4 10
315 2285453 317 5 10 55
316 2285453 317 10 5 964
317 2285453 317 6 4 10
318 2285453 317 4 5 964
319 2306612 324 6 5 7
320 2313701 327 2 1 180
321 2339638 328 3 9 2
322 2349218 330 0 3 9862
323 2357073 335 1 1 17
324 2357073 335 1 10 1509
325 2357073 335 1 9 28
326 2365497 337 4 5 11902
327 2366026 338 4 5 18
328 2382823 339 6 3 215
329 2382823 339 5 5 951
330 2382823 339 4 7 15
331 2382823 339 3 2 288
332 2409093 340 6 2 7
333 2409093 340 5 2 3
334 2409093 340 0 9 15
335 2409093 340 0 4 1
336 2409093 340 9 0 40
337 2409093 340 6 1 3
338 2413828 343 6 4 129
339 2427800 349 6 6 8522
340 2432401 351 8 1 221
341 2441117 353 0 6 5
342 2441117 353 0 7 193
343 2456291 361 6 9 119
344 2467121 365 2 3 670
345 2467121 365 1 3 670
346 2487977 369 10 9 168
347 2513358 370 3 2 1
348 2513358 370 5 10 11
349 2513358 370 6 5 4
350 2513358 370 9 2 1
351 2517218 372 3 0 349
352 2518014 374 7 10 23
353 2547048 386 6 3 976
354 2550622 387 0 9 1
355 2568046 388 7 3 3122
356 2568046 388 7 6 202
357 2569858 389 6 2 16284
358 2629177 390 1 9 174
359 2629177 390 5 10 1
360 2629177 390 7 6 114
361 2629177 390 9 10 1
362 2629177 390 10 3 596
363 2629177 390 10 5 13
364 2629177 390 4 5 20
365 2650971 392 9 2 352
366 2650971 392 7 4 427
367 2650971 392 6 4 427
368 2650971 392 7 5 1283
369 2650971 392 3 9 3
370 2728798 395 9 1 1
371 2728798 395 5 4 1
372 2728798 395 5 7 3
373 2728798 395 1 10 10
374 2728798 395 2 7 1
375 2728798 395 0 9 2555
376 2728798 395 3 9 10223
377 2728798 395 9 5 532
378 2734153 396 3 1 405
379 2736091 398 9 9 103
380 2769168 402 2 1 907
381 2779053 406 7 10 612
382 2779053 406 1 10 204
383 2790024 407 2 8 611
384 2842535 409 10 3 1
385 2842535 409 6 1 1627
386 2842535 409 5 4 2
387 2842535 409 8 10 10
388 2842535 409 2 8 120
389 2842535 409 6 10 15
390 2842535 409 6 7 1
391 2842535 409 5 10 10
392 2842535 409 8 3 1
393 2871087 413 2 10 7
394 2871087 413 9 5 300
395 2871087 413 9 10 29
396 2871087 413 2 0 144
397 2871087 413 2 8 5274
398 2875568 416 8 1 2
399 2882033 420 6 10 64
400 2894020 422 2 7 9
401 2998723 428 5 5 822
402 2998723 428 3 7 97
403 2998723 428 9 9 1
404 2998723 428 10 4 1
405 2998723 428 3 8 2
406 2998723 428 8 8 2
407 2998723 428 0 2 2
408 2998723 428 0 1 668
409 2998723 428 8 7 1
410 2998723 428 7 3 3
411 2998723 428 6 2 1
412 2998723 428 0 7 1
413 2998723 428 10 0 1
414 2998723 428 1 2 17
415 3051158 430 2 10 2
416 3051158 430 9 6 190
417 3051158 430 2 8 2
418 3051158 430 8 3 8
419 3051158 430 9 1 1051
420 3051158 430 3 1 3154
421 3051158 430 7 3 21
422 3051158 430 5 5 8
423 3051158 430 5 7 17
424 3051158 430 4 8 1
425 3051158 430 4 6 190
426 3064042 435 6 0 163
427 3066895 438 8 4 10191
428 3070839 440 5 10 4
429 3076280 443 6 4 108
430 3076280 443 6 3 83
431 3085148 447 3 1 17
432 3091482 452 8 10 147
433 3137581 457 0 1 1
434 3137581 457 0 7 1
435 3137581 457 10 10 5
436 3137581 457 2 6 6
437 3197978 461 7 5 1
438 3197978 461 5 7 1
439 3197978 461 8 0 1
440 3197978 461 8 8 9
441 3197978 461 10 9 7
442 3197978 461 5 6 122
443 3197978 461 5 2 55
444 3201484 463 0 0 22
445 3330612 466 8 2 150
446 3330612 466 3 9 4
447 3330612 466 6 10 2
448 3330612 466 7 10 2
449 3330612 466 5 9 4
450 3330612 466 5 7 1
451 3330612 466 8 8 1
452 3330612 466 10 9 4
453 3330612 466 5 5 1
454 3330612 466 10 0 7
455 3330612 466 0 4 2609
456 3330612 466 4 9 8
457 3330612 466 9 4 217
458 3330612 466 0 3 1801
459 3330612 466 1 8 1
460 3362071 467 6 5 5
461 3362071 467 0 1 1
462 3362071 467 10 8 39
463 3362071 467 2 3 1
464 3362071 467 4 5 5
465 3362071 467 0 9 8
466 3362071 467 2 1 1
467 3370707 468 7 1 79
468 3379869 471 4 10 7385
469 3379869 471 6 10 923
470 3424320 473 5 9 2
471 3424320 473 0 10 1
472 3424320 473 3 7 3
473 3534667 475 3 1 3
474 3534667 475 5 7 9
475 3534667 475 6 1 13
476 3534667 475 9 8 2
477 3534667 475 7 9 5
478 3534667 475 6 5 2
479 3534667 475 7 3 1
480 3534667 475 6 2 1
481 3534667 475 1 4 1
482 3534667 475 9 3 1
483 3534667 475 7 2 1
484 3534667 475 2 1 3
485 3534667 475 0 6 1
486 3534667 475 10 9 10
487 3534667 475 8 6 4
488 3534667 475 3 0 1
489 3534667 475 4 6 6
490 3535799 476 6 10 30
491 3546559 477 2 1 282
492 3546559 477 2 7 60
493 3546559 477 2 3 89
494 3554957 479 1 9 1
495 3558905 480 5 8 224
496 3560234 482 4 2 222
497 3569876 486 6 3 91
498 3576008 487 5 2 306
499 3576008 487 5 9 2682
500 3576008 487 5 1 65
501 3576462 488 10 4 7643
502 3589939 489 2 10 7526
503 3589939 489 0 5 94
504 3589939 489 8 4 48
505 3589939 489 0 4 48
506 3589939 489 9 10 7526
507 3701754 498 4 5 175
508 3701754 498 1 10 13
509 3701754 498 3 7 7
510 3701754 498 10 0 21
511 3701754 498 5 3 1
512 3701754 498 9 9 1
513 3701754 498 5 9 1
514 3701754 498 1 8 5658
515 3701754 498 4 2 4
516 3701754 498 4 8 1028
517 3701754 498 7 0 10
518 3701754 498 6 0 10
519 3701754 498 6 2 9
520 3701754 498 0 5 1579
521 3701754 498 1 9 1
522 3701754 498 9 1 319
523 3701754 498 4 6 1
524 3701754 498 6 5 175
525 3701754 498 5 8 514
526 3701754 498 9 5 175
527 3701754 498 8 7 7
528 3701754 498 4 1 17
529 3701754 498 7 5 8250
530 3778165 507 4 0 6
531 3778165 507 10 1 1
532 3778165 507 9 3 14
533 3801560 510 7 7 2681
534 3863885 513 10 1 5
535 3863885 513 3 9 20
536 3863885 513 2 5 862
537 3863885 513 4 10 102
538 3863885 513 6 10 6
539 3863885 513 3 7 5
540 3863885 513 2 7 5
541 3863885 513 9 3 5
542 3863885 513 3 1 10
543 3863885 513 5 10 18
544 3863885 513 9 0 1
545 3863885 513 8 6 80
546 3863885 513 7 7 11
547 3876699 516 6 3 1
548 3877475 518 8 8 52
549 3877475 518 9 8 52
550 3882160 524 1 8 1009
551 3891128 529 4 9 374
552 3907490 537 10 10 11
553 3925614 546 4 7 78
554 3934020 547 4 7 18
555 3934020 547 4 3 33039
556 3934020 547 4 6 189
557 3944219 550 7 6 6
558 3944219 550 2 6 6
559 3944219 550 4 6 31
560 3958504 551 5 1 3
561 3958504 551 0 1 26
562 3963851 553 2 2 3
563 4071548 555 4 6 47
564 4071548 555 9 9 30
565 4071548 555 1 9 2
566 4071548 555 6 6 23
567 4071548 555 0 7 3
568 4071548 555 9 5 1
569 4071548 555 1 0 1
570 4071548 555 8 5 13
571 4071548 555 4 7 60
572 4071548 555 2 7 3
573 4071548 555 4 3 202
574 4071548 555 0 9 2
575 4071548 555 0 10 5
576 4071548 555 10 7 7
577 4071548 555 10 2 876
578 4071548 555 10 1 95
579 4071548 555 0 1 95
580 4071548 555 1 3 202
581 4110900 556 0 5 3164
582 4110900 556 9 0 1
583 4110900 556 8 0 1
584 4119925 557 3 8 1648
585 4119925 557 3 9 238
586 4131120 558 1 10 174
587 4131120 558 1 3 9246
588 4131120 558 1 7 123
589 4131120 558 1 6 81
590 4140140 561 7 10 28
591 4159427 563 10 7 235
592 4159427 563 10 3 653
593 4159427 563 10 1 192
594 4167560 565 1 6 430
595 4168067 567 1 5 9237
596 4210690 569 8 5 1
597 4210690 569 3 7 8
598 4210690 569 5 7 1
599 4210690 569 7 7 1
600 4210690 569 7 2 26
601 4210690 569 2 6 1
602 4210690 569 7 1 1
603 4210690 569 4 8 1
604 4210690 569 6 5 1
605 4210877 570 1 9 106
606 4215699 573 1 5 19
607 4221254 575 1 8 15
608 4253500 576 0 2 51
609 4253500 576 10 5 2438
610 4253500 576 6 5 2438
611 4253500 576 6 3 30
612 4253500 576 10 3 30
613 4259205 578 3 0 66
614 4288433 583 6 3 83
615 4288433 583 6 2 76
616 4298016 588 4 6 76
617 4298016 588 4 4 244
618 4305591 591 1 10 5
619 4308246 593 9 9 1350
620 4319477 601 6 10 6424
621 4349245 602 6 4 453
622 4349245 602 8 1 81
623 4349245 602 8 2 848
624 4363478 606 10 4 1308
625 4363478 606 10 8 31
626 4365968 609 9 8 117
627 4376799 611 3 6 410
628 4471394 612 0 4 26
629 4471394 612 4 2 448
630 4471394 612 8 0 713
631 4471394 612 5 6 1
632 4471394 612 5 4 80
633 4471394 612 5 0 214
634 4471394 612 8 5 120
635 4471394 612 6 0 71
636 4471394 612 10 3 19
637 4471394 612 2 6 40
638 4471394 612 8 3 1
639 4568704 616 3 2 3
640 4568704 616 4 4 78
641 4568704 616 0 10 12823
642 4568704 616 2 10 854
643 4568704 616 1 8 1
644 4568704 616 0 0 1977
645 4568704 616 5 0 494
646 4568704 616 10 0 494
647 4568704 616 8 4 1
648 4568704 616 2 7 200
649 4568704 616 10 1 1
650 4568704 616 8 10 854
651 4568704 616 5 4 3
652 4568704 616 6 1 2
653 4568704 616 4 0 12359
654 4576095 619 8 6 91
655 4584213 622 7 6 13081
656 4586659 624 0 5 2839
657 4586659 624 1 5 2839
658 4599215 626 2 9 226
659 4621465 631 2 3 144
660 4643807 633 5 10 15
661 4643807 633 5 0 4797
662 4653577 635 5 4 37
663 4659282 637 10 10 8
664 4665320 638 2 7 203
665 4665320 638 0 6 40
666 4665781 640 1 0 113
667 4667581 643 0 4 19
668 4721687 644 3 1 748
669 4721687 644 10 3 10
670 4721687 644 4 0 8
671 4721687 644 10 4 647
672 4721687 644 3 8 908
673 4721687 644 1 8 1817
674 4721687 644 7 10 1
675 4721687 644 4 6 1
676 4726056 649 4 1 3092
677 4726844 650 0 10 58
678 4726844 650 7 10 29
679 4739871 661 7 0 13
680 4743242 666 1 3 75
681 4748501 668 5 3 3071
682 4823776 671 7 4 671
683 4823776 671 3 1 4531
684 4823776 671 7 5 30
685 4823776 671 3 4 1342
686 4823776 671 0 0 2
687 4838802 675 2 1 64
688 4838802 675 2 6 44
689 4838802 675 2 3 19475
690 4840974 676 8 4 41
691 4846571 678 8 9 660
692 4846571 678 8 6 409
693 4855303 681 9 4 1319
694 4855303 681 1 5 12
695 4855303 681 5 4 1319
696 4915103 683 2 4 1277
697 4915103 683 2 9 30
698 4915103 683 6 5 1
699 4915103 683 3 0 1
700 4915103 683 3 8 23
701 4915103 683 7 7 548
702 4915103 683 5 9 15
703 4920403 687 7 5 2915
704 4932787 689 9 4 318
705 4963433 690 8 5 4
706 4963433 690 0 4 863
707 4963433 690 8 1 1
708 4963433 690 0 7 11086
709 4963433 690 4 5 4
710 4989662 692 10 4 19
711 4989662 692 6 7 181
712 4998137 693 8 5 224
713 5116342 695 3 8 1
714 5116342 695 2 2 793
715 5116342 695 0 8 1
716 5116342 695 8 10 1
717 5116342 695 2 1 3
718 5116342 695 10 2 1587
719 5116342 695 8 1 3
720 5116342 695 8 4 1
721 5116342 695 3 6 1
722 5116342 695 8 2 793
723 5116342 695 6 0 64
724 5116342 695 1 2 1587
725 5116342 695 9 6 1
726 5116342 695 8 0 21
727 5116342 695 9 9 214
728 5116342 695 3 3 4
729 5121163 697 4 6 1569
730 5148128 698 10 3 1526
731 5148128 698 5 2 25
732 5148128 698 2 7 2
733 5148128 698 2 3 127
734 5148128 698 5 3 7885
735 5185575 702 3 7 81
736 5208956 703 9 10 81
737 5208956 703 9 5 40
738 5228674 710 3 3 119
739 5229484 711 9 10 28
740 5237342 712 10 4 49
741 5242368 714 10 2 29274
742 5242368 714 5 4 563
743 5242368 714 2 2 9758
744 5242651 715 8 7 12
745 5290141 718 5 1 6
746 5290141 718 6 5 175
747 5290141 718 6 3 15
748 5290141 718 8 7 5
749 5290141 718 7 1 13
750 5290141 718 2 7 23
751 5290141 718 0 1 39
752 5290141 718 7 3 15
753 5290141 718 2 4 27
754 5290141 718 7 9 31
755 5290910 719 2 7 4984
756 5311005 723 6 0 79
757 5311005 723 3 9 11
758 5311005 723 6 2 3584
759 5329380 727 6 7 2
760 5333415 730 8 2 34
761 5361231 732 6 9 46
762 5361231 732 6 5 66
763 5361231 732 6 3 7
764 5361231 732 0 3 15
765 5361231 732 4 9 138
766 5388490 735 9 0 35
767 5388490 735 6 0 70
768 5388490 735 9 5 36
769 5388490 735 6 1 62
770 5397472 738 5 1 213
771 5407639 739 10 5 86
772 5407639 739 10 6 35
773 5470210 741 4 9 14
774 5470210 741 4 1 14847
775 5470210 741 1 0 1089
776 5482128 744 1 3 64
777 5495026 749 4 9 1
778 5495026 749 5 4 26
779 5550041 751 7 1 30
780 5550041 751 1 6 167
781 5550041 751 9 7 3
782 5550041 751 4 8 5
783 5550041 751 1 2 119
784 5550041 751 8 1 30
785 5550041 751 5 9 15
786 5550041 751 9 5 343
787 5550041 751 3 1 15
788 5550041 751 4 2 597
789 5550041 751 9 6 55
790 5550041 751 10 7 7
791 5550041 751 5 0 23
792 5550041 751 7 4 13
793 5561098 754 0 1 40
794 5574156 755 9 1 352
795 5589448 757 9 5 1734
796 5598043 761 6 5 45
797 5599300 762 4 1 36
798 5600880 764 3 2 84
799 5633728 766 2 6 14
800 5633728 766 1 6 172
801 5633728 766 3 3 1
802 5633728 766 8 7 39
803 5633728 766 5 5 54
804 5633728 766 2 4 48
805 5633728 766 10 7 7
806 5657958 768 0 9 352
807 5665889 773 8 10 34
808 5673607 777 10 6 150
809 5673607 777 1 6 75
810 5687271 780 9 8 6604
811 5691966 784 4 10 191
812 5701651 789 3 2 30
813 5706603 797 3 10 18
814 5715695 798 4 8 632
815 5715695 798 4 9 293
816 5715695 798 4 2 46
817 5715763 800 8 7 69
818 5719547 802 5 0 43
819 5728218 804 4 10 98
820 5732289 806 3 0 10
821 5735257 807 3 10 55
822 5738331 814 1 3 170
823 5863217 822 10 5 78
824 5863217 822 1 10 1
825 5863217 822 0 2 3
826 5863217 822 8 7 138
827 5863217 822 4 9 1
828 5863217 822 10 1 1
829 5863217 822 3 4 1
830 5863217 822 7 6 13
831 5863217 822 9 1 1
832 5863217 822 6 5 26
833 5863217 822 2 9 1
834 5863217 822 7 8 479
835 5863217 822 10 10 1
836 5949200 823 1 10 1
837 5949200 823 5 10 1
838 5949200 823 1 5 4195
839 5949200 823 9 9 1
840 5949200 823 8 8 2
841 5949200 823 8 5 1198
842 5949200 823 9 7 751
843 5949200 823 8 2 6
844 5949200 823 5 5 2996
845 5976451 825 6 5 16
846 5976451 825 5 5 16
847 5976451 825 6 1 171
848 5976451 825 1 9 18
849 5979682 827 0 9 116
850 5991905 830 8 1 24
851 5991905 830 3 5 172
852 5991905 830 0 1 24
853 6011674 833 7 5 22
854 6028923 837 8 9 19
855 6032657 841 1 0 334
856 6044402 842 1 3 757
857 6044402 842 1 2 12
858 6053706 845 4 7 9
859 6053706 845 2 7 4
860 6063050 850 7 2 15
861 6081241 857 9 2 15741
862 6082861 858 5 2 5
863 6090631 859 6 7 207
864 6090631 859 6 8 506
865 6099877 861 3 8 8
866 6099877 861 3 1 145
867 6108460 863 6 10 99
868 6108460 863 6 0 9
869 6108460 863 2 4 116
870 6108460 863 2 7 8
871 6166749 864 8 4 5
872 6166749 864 1 1 4
873 6166749 864 1 9 35
874 6166749 864 5 7 1
875 6166749 864 8 7 12
876 6174425 870 3 3 6
877 6197329 874 2 1 40
878 6202849 875 5 7 18
879 6204837 876 10 3 37
880 6260893 886 6 6 555
881 6260893 886 10 4 19
882 6260893 886 2 0 14
883 6260893 886 5 4 25
884 6260893 886 5 0 59
885 6316648 894 6 9 71
886 6316648 894 3 7 3
887 6316648 894 5 3 6
888 6316648 894 0 5 1
889 6319824 895 7 9 9
890 6343990 896 3 9 10
891 6343990 896 8 3 3173
892 6356993 899 6 8 4891
893 6356993 899 6 5 249
894 6385418 905 3 8 95
895 6385418 905 10 8 95
896 6385418 905 6 8 95
897 6385418 905 9 8 95
898 6387239 906 8 8 271
899 6406867 907 2 3 18
900 6406867 907 4 3 18
901 6406867 907 2 1 116
902 6435841 913 6 2 19
903 6435841 913 1 2 19
904 6456196 919 2 1 1
905 6458415 920 2 10 8
906 6458415 920 8 10 8
907 6459232 921 8 1 88
908 6461967 923 10 7 1223
909 6471430 924 5 6 11
910 6471430 924 6 6 3
911 6484801 926 7 7 22675
912 6484801 926 7 9 34
913 6486793 928 7 10 102
914 6593650 929 2 6 218
915 6593650 929 8 3 169
916 6593650 929 6 6 54
917 6593650 929 4 9 8
918 6593650 929 7 1 18
919 6593650 929 5 4 878
920 6593650 929 1 1 3
921 6593650 929 9 3 3
922 6593650 929 0 8 4
923 6593650 929 3 9 4
924 6593650 929 4 8 4
925 6593650 929 4 4 2635
926 6593650 929 5 1 2
927 6593650 929 10 2 4
928 6593650 929 6 8 4
929 6656973 930 8 0 69778
930 6656973 930 4 4 13007
931 6656973 930 10 3 15
932 6656973 930 0 8 309
933 6656973 930 6 8 928
934 6656973 930 1 0 2492
935 6656973 930 3 3 15
936 6656973 930 3 5 22
937 6656973 930 10 9 71
938 6656973 930 0 2 7
939 6656973 930 4 6 79
940 6656973 930 2 10 683
941 6656973 930 1 5 22
942 6656973 930 7 3 15
943 6656973 930 9 8 309
944 6714160 931 1 6 8
945 6714160 931 4 10 225
946 6714160 931 5 0 1056
947 6714160 931 5 10 225
948 6714160 931 3 3 124
949 6714160 931 10 8 16
950 6714160 931 0 7 6
951 6714160 931 7 10 225
952 6752001 932 6 0 2
953 6752001 932 8 0 2
954 6752001 932 7 9 9
955 6752001 932 10 6 4
956 6752001 932 2 10 23
957 6752001 932 8 8 6
958 6752001 932 4 8 67
959 6755868 934 3 7 45
960 6758492 935 0 1 1573
961 6775204 940 0 6 15144
962 6775204 940 0 9 5
963 6876606 941 4 7 1
964 6876606 941 7 9 1305
965 6876606 941 7 2 5
966 6876606 941 7 3 1
967 6876606 941 6 5 388
968 6876606 941 7 10 36
969 6876606 941 4 5 41
970 6876606 941 0 2 2
971 6876606 941 0 5 13
972 6878110 943 6 0 1
973 6879338 944 8 1 104
974 6890585 948 1 4 16
975 6893246 949 2 4 3132
976 6906360 954 6 9 78
977 6911606 957 4 9 17
978 6925926 959 10 9 43
979 6938426 963 0 8 229
980 6940593 965 10 8 564
981 7011505 967 0 3 4
982 7011505 967 1 3 4
983 7011505 967 1 1 369
984 7011505 967 7 7 243
985 7011505 967 5 6 3080
986 7011505 967 1 8 44
987 7011505 967 4 4 14
988 7020958 970 8 6 37
989 7053264 973 0 8 2624
990 7053264 973 0 3 3
991 7072076 985 5 10 2635
992 7080758 990 4 1 2
993 7080837 991 9 10 233
994 7090681 993 4 8 12709
995 7106364 994 8 4 38
996 7106364 994 7 0 6
997 7106364 994 4 4 38
998 7110741 996 1 5 37
999 7112767 997 0 3 22
