11 363 1000
0 15064 0 9 9 1
1 16036 2 0 10 1004
2 57496 3 5 1 14
3 57496 3 9 3 2654
4 57496 3 9 8 18952
5 57496 3 5 9 20
6 57496 3 10 9 40
7 57496 3 9 0 4792
8 66551 4 6 8 9
9 69648 6 3 9 2025
10 72518 7 1 4 57
11 105098 9 4 8 2
12 105098 9 4 0 7
13 105098 9 1 6 23
14 105098 9 4 3 74
15 105098 9 7 1 19
16 114093 12 6 2 40
17 147540 13 3 5 41
18 148023 14 7 6 107
19 193021 17 9 3 46
20 193021 17 10 2 1578
21 193021 17 1 7 17
22 193021 17 2 3 46
23 193021 17 1 8 1
24 226569 21 3 9 94
25 226569 21 4 1 31
26 226569 21 3 3 9711
27 235454 25 4 0 1977
28 244653 27 7 0 130
29 266676 29 10 10 175
30 266676 29 10 2 2926
31 266676 29 2 1 11
32 273916 31 1 6 46
33 278471 35 7 5 100
34 278471 35 7 10 74
35 291999 37 0 10 4
36 291999 37 0 9 2107
37 291999 37 4 10 4
38 291999 37 6 8 61
39 301331 38 7 1 190
40 301331 38 8 8 11723
41 308975 40 0 1 119
42 318249 41 10 2 50
43 319833 43 5 8 154
44 325607 44 1 5 455
45 325607 44 1 2 89
46 329198 48 10 8 53
47 329401 49 5 3 10203
48 339927 50 7 0 44
49 339927 50 10 8 1
50 430095 51 10 9 1
51 430095 51 9 1 15
52 430095 51 3 7 11
53 430095 51 10 10 1
54 430095 51 8 8 1
55 430095 51 8 7 5
56 430095 51 5 0 10
57 430095 51 7 9 1
58 430095 51 2 7 5
59 430095 51 8 3 15
60 430095 51 2 10 1
61 430095 51 10 8 21
62 430095 51 5 1 15
63 430095 51 0 5 33
64 430095 51 7 6 9
65 437144 56 5 6 86
66 485307 59 8 5 14
67 485307 59 8 8 1
68 485307 59 1 10 3
69 485307 59 2 1 67
70 485307 59 5 10 3
71 485307 59 1 0 2
72 496120 63 8 5 77
73 500071 65 7 7 118
74 510981 66 0 8 966
75 514901 68 3 4 3
76 531169 70 4 7 3
77 531169 70 10 6 45
78 544691 72 6 1 5
79 544691 72 6 7 60
80 544973 73 6 6 58
81 601635 75 3 3 33
82 601635 75 3 9 1
83 601635 75 5 6 14
84 601635 75 9 10 7
85 601635 75 0 5 115
86 601635 75 5 10 3
87 601635 75 6 1 591
88 601635 75 7 9 1
89 601635 75 7 10 7
90 601635 75 6 0 11
91 601635 75 6 8 68
92 613730 79 3 3 38
93 619545 83 0 2 165
94 691723 84 10 10 2
95 691723 84 4 8 3
96 691723 84 10 3 8
97 691723 84 7 6 1
98 691723 84 4 4 5
99 691723 84 2 9 84
100 691723 84 7 4 5
101 691723 84 2 5 71
102 691723 84 6 2 308
103 691927 85 8 6 404
104 692300 86 7 5 3487
105 697089 88 9 6 10
106 710423 89 7 0 56
107 718711 91 4 2 550
108 718711 91 0 2 550
109 734110 96 0 5 44
110 745314 97 3 9 3687
111 787072 99 9 10 3070
112 787072 99 9 4 28
113 787072 99 0 3 63
114 787072 99 7 8 5
115 787072 99 0 1 40
116 858645 102 3 10 21
117 858645 102 10 6 1
118 858645 102 1 5 14
119 858645 102 2 2 483
120 858645 102 4 6 1
121 871143 104 4 3 2306
122 906220 108 8 4 17
123 906220 108 0 7 4
124 906220 108 3 2 1
125 906220 108 3 6 15
126 906220 108 7 7 76
127 906220 108 8 3 27
128 910589 110 3 0 197
129 923774 116 2 6 106
130 923774 116 2 1 6
131 923774 116 2 10 8305
132 932674 117 0 5 160
133 932674 117 0 8 56
134 932674 117 0 10 1361
135 932674 117 0 4 101
136 943173 118 1 5 301
137 943305 119 5 8 2988
138 945206 120 9 7 124
139 945206 120 1 7 62
140 946545 122 6 1 49
141 946545 122 0 1 98
142 948394 123 10 10 32
143 952168 124 1 3 7
144 985015 132 0 1 6
145 985015 132 0 7 7571
146 1009993 136 1 9 1
147 1009993 136 8 10 32
148 1009993 136 1 2 59
149 1100632 146 6 3 72
150 1100632 146 10 8 333
151 1101292 147 9 6 19051
152 1104819 148 1 10 43
153 1104819 148 2 10 21
154 1113442 150 2 7 5692
155 1113442 150 2 6 229
156 1179094 154 3 3 28
157 1179094 154 9 5 69
158 1179094 154 10 5 139
159 1179094 154 0 8 196
160 1179094 154 4 6 460
161 1179094 154 9 2 6235
162 1179094 154 6 9 23
163 1179094 154 5 0 2
164 1179094 154 7 0 21
165 1185878 158 5 2 59
166 1252865 160 8 3 10
167 1252865 160 8 1 17
168 1252865 160 10 3 7
169 1252865 160 9 6 2
170 1252865 160 6 1 1
171 1252865 160 0 0 35
172 1252865 160 6 10 5
173 1252865 160 0 9 9
174 1277921 162 7 7 675
175 1277921 162 0 10 15
176 1277921 162 7 0 3799
177 1290401 166 7 4 13
178 1303830 170 3 6 163
179 1303830 170 3 7 102
180 1303830 170 3 5 103
181 1303830 170 3 1 57
182 1303830 170 3 3 61
183 1309982 172 4 2 54
184 1309982 172 4 10 18
185 1322177 174 5 6 24
186 1323428 175 8 6 39
187 1346947 177 3 2 1
188 1348063 178 7 0 104
189 1380387 192 3 7 6128
190 1380387 192 3 3 5872
191 1380387 192 3 6 110
192 1382195 194 3 3 63
193 1382226 195 5 3 168
194 1384463 196 9 4 86
195 1437228 198 1 4 4
196 1437228 198 9 4 4
197 1437228 198 5 0 5
198 1437228 198 2 10 7
199 1437228 198 0 3 2
200 1443363 202 3 2 18
201 1443363 202 3 9 290
202 1458900 203 7 2 64
203 1458900 203 8 2 64
204 1488442 210 8 3 299
205 1488442 210 5 3 7
206 1491109 211 9 6 59
207 1501938 218 1 2 17074
208 1502435 219 4 5 7677
209 1504825 222 0 7 28
210 1516788 228 9 2 15
211 1516788 228 3 2 31
212 1542874 229 2 5 133
213 1542874 229 6 3 14
214 1574392 230 8 6 13
215 1574392 230 3 1 230
216 1635487 233 0 5 1
217 1635487 233 10 10 9
218 1635487 233 2 8 5
219 1635487 233 8 10 9
220 1635487 233 6 10 47
221 1635487 233 10 8 26
222 1635487 233 10 5 4
223 1662876 237 10 5 107
224 1662876 237 4 0 72
225 1662876 237 10 3 224
226 1662876 237 10 6 47
227 1736110 241 7 9 1226
228 1736110 241 6 7 6
229 1736110 241 7 2 3905
230 1736110 241 3 0 9
231 1736110 241 9 3 1
232 1736110 241 3 8 1
233 1736110 241 1 0 9
234 1736110 241 1 8 1
235 1736110 241 6 4 14
236 1736110 241 4 6 1
237 1736110 241 9 6 1
238 1736110 241 3 6 1
239 1739760 244 4 1 1
240 1744554 248 1 4 194
241 1745721 249 5 5 21
242 1783848 259 7 8 2025
243 1783848 259 1 10 622
244 1783848 259 2 7 25
245 1783848 259 10 0 14
246 1783848 259 4 0 14
247 1853267 262 9 8 7
248 1853267 262 9 0 19
249 1853267 262 3 10 6
250 1853267 262 8 8 7
251 1853267 262 0 6 8
252 1853267 262 8 10 55
253 1853267 262 3 4 1
254 1853267 262 9 9 15
255 1853267 262 8 6 43
256 1853267 262 9 7 1
257 1853267 262 0 4 1
258 1866990 266 3 10 42
259 1884324 271 2 7 8
260 1891519 280 5 2 647
261 1900616 282 8 4 326
262 1900616 282 8 6 237
263 1900616 282 8 2 74
264 1900616 282 8 10 44
265 1910544 285 4 4 168
266 1910544 285 4 2 275
267 2020021 287 2 2 3
268 2020021 287 2 0 3
269 2020021 287 5 5 70
270 2020021 287 8 10 7
271 2020021 287 4 1 3
272 2020021 287 4 2 6
273 2020021 287 0 2 6
274 2020021 287 2 5 6
275 2020021 287 0 6 24
276 2020021 287 7 9 1
277 2020021 287 10 0 1
278 2020021 287 9 0 1
279 2020021 287 9 7 807
280 2020021 287 7 3 17
281 2020021 287 4 5 2
282 2060834 291 10 9 365
283 2060834 291 8 3 1267
284 2060834 291 6 7 333
285 2060834 291 2 0 8
286 2060834 291 8 6 409
287 2060834 291 4 9 182
288 2060834 291 7 2 3435
289 2098246 292 1 8 1090
290 2098246 292 4 8 218
291 2104152 295 5 4 1
292 2106195 296 4 7 61
293 2128331 301 2 5 59
294 2170672 303 0 6 397
295 2196427 304 3 9 58
296 2196427 304 3 1 7
297 2196427 304 2 9 58
298 2196427 304 2 5 23
299 2203783 307 4 4 476
300 2212373 308 6 0 160
301 2212373 308 6 3 284
302 2216625 310 10 6 6
303 2285453 317 5 10 55
304 2285453 317 8 7 2009
305 2285453 317 3 4 10
306 2290431 320 5 0 8093
307 2290867 321 1 5 3080
308 2306612 324 4 9 142
309 2306612 324 1 5 7
310 2306612 324 10 5 7
311 2313701 327 2 1 180
312 2313701 327 3 1 60
313 2339638 328 4 3 1
314 2339638 328 3 9 2
315 2339638 328 1 8 44
316 2349218 330 0 0 683
317 2357073 335 1 5 7886
318 2365497 337 4 9 42
319 2366026 338 1 5 37
320 2382823 339 9 5 95
321 2409093 340 0 2 3
322 2409093 340 9 1 3
323 2409093 340 6 2 7
324 2409093 340 2 3 126
325 2413581 342 7 4 33
326 2424655 347 8 7 80
327 2433167 352 9 10 104
328 2441117 353 0 0 27082
329 2441117 353 0 8 90
330 2441117 353 0 6 5
331 2441117 353 0 9 9
332 2456291 361 6 9 119
333 2462374 362 10 3 357
334 2487977 369 10 9 168
335 2487977 369 3 8 28
336 2487977 369 3 9 224
337 2513358 370 3 2 1
338 2513358 370 9 2 1
339 2513358 370 10 8 22
340 2513358 370 1 10 35
341 2513358 370 2 10 11
342 2538763 380 10 6 315
343 2541471 382 4 0 30
344 2543862 385 2 6 17811
345 2568046 388 7 3 3122
346 2568046 388 7 2 3
347 2568046 388 0 4 28
348 2568046 388 0 2 35
349 2569858 389 6 2 16284
350 2629177 390 10 8 767
351 2629177 390 10 5 13
352 2629177 390 7 0 14
353 2650971 392 9 2 352
354 2650971 392 2 2 58
355 2650971 392 7 4 427
356 2650971 392 4 4 427
357 2728798 395 9 1 1
358 2728798 395 1 3 52
359 2728798 395 9 0 440
360 2728798 395 5 5 177
361 2728798 395 10 2 2
362 2728798 395 6 0 440
363 2728798 395 2 10 10
364 2728798 395 0 0 1322
365 2728798 395 3 9 10223
366 2769168 402 9 1 1815
367 2770500 404 2 0 10
368 2774100 405 7 5 15
369 2779053 406 8 0 35
370 2790024 407 2 0 54
371 2790024 407 2 6 71
372 2842535 409 6 10 15
373 2842535 409 5 4 2
374 2842535 409 10 0 1584
375 2842535 409 5 8 13
376 2842535 409 5 2 7
377 2842535 409 1 0 528
378 2842535 409 10 9 30
379 2842535 409 8 3 1
380 2842535 409 1 9 30
381 2871087 413 9 0 144
382 2871087 413 2 5 900
383 2871087 413 9 5 300
384 2894020 422 3 2 3415
385 2894020 422 6 2 4553
386 2905208 424 7 10 493
387 2905208 424 7 9 6021
388 2998723 428 5 3 3
389 2998723 428 2 0 1
390 2998723 428 2 10 25
391 2998723 428 6 2 1
392 2998723 428 7 9 1
393 2998723 428 9 6 1
394 2998723 428 5 7 1
395 2998723 428 0 7 1
396 2998723 428 10 2 1
397 2998723 428 1 6 1
398 2998723 428 3 7 97
399 2998723 428 9 5 822
400 2998723 428 5 1 6684
401 2998723 428 4 2 1
402 2998723 428 7 0 1
403 2998723 428 10 5 822
404 2998723 428 10 10 4
405 3051158 430 7 0 2
406 3051158 430 10 5 33
407 3051158 430 0 10 2
408 3051158 430 9 1 1051
409 3051158 430 4 7 17
410 3055075 433 7 4 12730
411 3066257 437 8 1 4733
412 3067260 439 6 7 114
413 3072009 441 7 3 52
414 3072287 442 6 1 1280
415 3076280 443 6 6 1210
416 3079784 444 1 0 59
417 3082775 445 7 6 2
418 3096056 456 6 5 8547
419 3137581 457 6 0 25
420 3137581 457 1 0 25
421 3137581 457 10 7 10
422 3142007 458 3 6 11201
423 3197978 461 2 7 147
424 3197978 461 6 10 1
425 3197978 461 3 7 1
426 3197978 461 4 9 7
427 3201484 463 0 0 22
428 3202816 464 9 0 17
429 3330612 466 5 9 4
430 3330612 466 8 6 4
431 3330612 466 7 2 50
432 3330612 466 9 0 7
433 3330612 466 10 5 1
434 3330612 466 2 9 28
435 3330612 466 1 4 217
436 3330612 466 5 6 8
437 3330612 466 1 0 7
438 3330612 466 8 5 1
439 3330612 466 7 7 1
440 3330612 466 8 7 1
441 3330612 466 1 8 1
442 3330612 466 8 2 150
443 3362071 467 6 7 5
444 3362071 467 9 5 5
445 3362071 467 4 3 45
446 3362071 467 2 5 86
447 3362071 467 10 9 8
448 3362071 467 0 3 4
449 3379869 471 7 10 923
450 3379869 471 1 10 923
451 3424320 473 7 9 2
452 3424320 473 8 6 5
453 3424320 473 5 7 3
454 3534667 475 10 1 13
455 3534667 475 7 2 1
456 3534667 475 6 6 1
457 3534667 475 3 4 1
458 3534667 475 0 6 1
459 3534667 475 1 3 23
460 3534667 475 8 4 1
461 3534667 475 1 9 5
462 3534667 475 2 9 5
463 3534667 475 7 4 1
464 3534667 475 2 1 3
465 3534667 475 0 1 6
466 3534667 475 6 8 5
467 3534667 475 2 5 2
468 3534667 475 7 1 10
469 3535799 476 8 10 15
470 3546559 477 2 7 60
471 3560234 482 10 0 122
472 3576008 487 5 0 66373
473 3576008 487 5 4 344
474 3589939 489 8 9 31
475 3589939 489 3 8 69
476 3593207 491 10 10 39
477 3597940 494 7 2 10
478 3701754 498 5 9 1
479 3701754 498 8 4 50
480 3701754 498 8 2 4
481 3701754 498 9 7 44
482 3701754 498 4 7 7
483 3701754 498 6 7 7
484 3701754 498 4 0 10
485 3701754 498 8 0 10
486 3701754 498 5 7 14
487 3701754 498 0 3 1
488 3701754 498 4 10 13
489 3701754 498 0 7 7
490 3701754 498 2 0 10
491 3701754 498 3 0 10
492 3701754 498 10 2 4
493 3701754 498 6 1 35
494 3701754 498 9 3 1
495 3701754 498 3 7 7
496 3714461 502 2 6 191
497 3718602 504 1 10 30
498 3778165 507 9 4 1429
499 3778165 507 2 9 7
500 3778165 507 6 4 2858
501 3778165 507 7 9 43
502 3778165 507 8 6 3
503 3780396 508 5 8 38
504 3781067 509 2 1 115
505 3801560 510 7 9 1
506 3801560 510 7 2 20
507 3801560 510 6 3 4
508 3801560 510 7 5 3
509 3863885 513 9 3 5
510 3863885 513 2 3 5
511 3863885 513 2 7 5
512 3863885 513 7 7 11
513 3863885 513 10 3 26
514 3863885 513 5 7 35
515 3863885 513 1 1 5
516 3863885 513 10 1 5
517 3863885 513 9 10 2
518 3863885 513 10 2 6
519 3863885 513 7 1 58
520 3863885 513 6 9 20
521 3863885 513 3 7 5
522 3863885 513 0 0 5
523 3877475 518 9 8 52
524 3881221 522 4 9 174
525 3905915 536 3 6 467
526 3908355 538 0 8 23
527 3924063 542 1 0 34
528 3924063 542 1 3 210
529 3924063 542 1 7 28344
530 3944219 550 1 6 6
531 3944219 550 7 6 6
532 3958504 551 1 9 9759
533 3958504 551 6 1 7
534 4071548 555 2 5 1
535 4071548 555 1 5 1
536 4071548 555 0 4 829
537 4071548 555 0 2 876
538 4071548 555 3 2 876
539 4071548 555 6 4 829
540 4071548 555 6 9 35
541 4071548 555 1 3 202
542 4071548 555 2 10 32
543 4071548 555 2 7 3
544 4110900 556 8 8 765
545 4131120 558 1 1 97
546 4135256 560 3 2 29
547 4148999 562 10 10 8302
548 4148999 562 10 4 31234
549 4148999 562 10 1 15233
550 4148999 562 10 5 78
551 4159427 563 10 6 1067
552 4159427 563 10 2 11
553 4159427 563 10 7 235
554 4162446 564 4 9 23
555 4167560 565 1 0 14
556 4210690 569 4 2 52
557 4210690 569 0 0 52
558 4210690 569 2 6 1
559 4210690 569 4 8 1
560 4210690 569 1 2 13
561 4210690 569 1 1 16
562 4210690 569 10 7 1
563 4210690 569 7 7 1
564 4210690 569 1 8 8
565 4210690 569 10 3 1
566 4210690 569 5 7 1
567 4215699 573 2 5 6
568 4221254 575 6 8 15
569 4253500 576 6 3 30
570 4253500 576 10 0 51
571 4260275 580 0 8 233
572 4288433 583 6 9 208
573 4288433 583 6 5 15734
574 4288433 583 6 6 89
575 4289879 586 8 1 1762
576 4305591 591 7 1 1
577 4351066 605 4 6 53
578 4363478 606 10 4 1308
579 4363884 607 10 9 5247
580 4366606 610 1 3 27
581 4376799 611 1 2 8
582 4376799 611 2 2 8
583 4376799 611 5 6 4930
584 4471394 612 3 8 8
585 4471394 612 4 1 3
586 4471394 612 5 2 448
587 4471394 612 2 5 120
588 4471394 612 7 10 5
589 4471394 612 10 7 2539
590 4471394 612 3 7 5079
591 4471394 612 4 10 5
592 4471394 612 0 3 1
593 4471394 612 9 8 8
594 4471394 612 9 3 1
595 4471394 612 9 9 8
596 4471394 612 7 7 5079
597 4471394 612 4 5 120
598 4471394 612 9 5 120
599 4471394 612 1 10 55
600 4471394 612 7 9 1
601 4471394 612 4 9 1
602 4471394 612 3 3 1
603 4568704 616 10 2 2
604 4568704 616 8 7 200
605 4568704 616 1 10 3419
606 4568704 616 1 4 1
607 4568704 616 6 1 2
608 4568704 616 3 5 1227
609 4568704 616 10 5 1227
610 4568704 616 8 6 36
611 4568704 616 5 6 72
612 4568704 616 10 7 200
613 4568704 616 6 9 11
614 4568704 616 3 8 82
615 4568704 616 3 3 62
616 4568704 616 9 9 8
617 4576510 620 10 8 40
618 4586659 624 0 5 2839
619 4586659 624 4 5 2839
620 4587425 625 7 0 104
621 4587425 625 4 0 34
622 4611878 628 1 0 118
623 4611878 628 1 8 78
624 4643807 633 5 9 17
625 4643807 633 5 8 159
626 4648063 634 7 9 19581
627 4648063 634 7 1 38
628 4653577 635 5 10 15796
629 4721687 644 4 0 8
630 4721687 644 7 8 908
631 4721687 644 5 8 908
632 4721687 644 3 10 1
633 4721687 644 2 7 92
634 4721687 644 2 9 27
635 4721687 644 4 7 834
636 4721687 644 10 7 92
637 4721687 644 5 10 11
638 4721687 644 9 3 64
639 4721687 644 1 8 1817
640 4724349 646 5 9 12
641 4725455 647 1 3 1338
642 4728873 655 8 3 82
643 4739871 661 6 0 13
644 4739871 661 7 0 13
645 4740449 664 5 3 26
646 4743242 666 1 3 75
647 4748501 668 5 0 9853
648 4748501 668 5 8 15767
649 4823776 671 1 3 61
650 4823776 671 3 0 3
651 4823776 671 6 5 270
652 4823776 671 4 6 8
653 4823776 671 7 7 1
654 4823776 671 1 7 1
655 4823776 671 0 10 24
656 4825510 672 10 5 10
657 4825510 672 10 0 82
658 4827673 674 4 2 83
659 4838802 675 2 5 29
660 4838802 675 2 7 2702
661 4846571 678 7 6 409
662 4855303 681 4 4 1319
663 4915103 683 10 0 1
664 4915103 683 9 4 638
665 4915103 683 1 3 29
666 4915103 683 7 8 11
667 4920403 687 10 2 32
668 4920630 688 7 4 43
669 4963433 690 8 6 14
670 4963433 690 4 0 1925
671 4963433 690 0 8 150
672 4989662 692 7 3 3329
673 4989662 692 10 7 4345
674 4989662 692 7 7 181
675 4998137 693 8 8 33
676 5116342 695 8 9 214
677 5116342 695 2 1 3
678 5116342 695 4 9 429
679 5116342 695 5 7 8
680 5116342 695 7 9 429
681 5116342 695 4 8 1
682 5116342 695 9 0 64
683 5116342 695 2 10 1
684 5116342 695 10 10 1
685 5116342 695 1 1 3
686 5116342 695 7 4 1
687 5116342 695 5 8 1
688 5116342 695 1 4 1
689 5148128 698 10 3 1526
690 5148863 699 8 8 218
691 5162408 701 2 9 1
692 5185575 702 0 5 112
693 5185575 702 4 5 112
694 5185575 702 0 7 163
695 5185575 702 3 8 11
696 5208956 703 9 1 49
697 5208956 703 9 2 9404
698 5208956 703 2 8 52
699 5208956 703 2 1 49
700 5213295 707 6 1 13
701 5229484 711 9 10 28
702 5242368 714 10 4 1126
703 5246729 717 0 7 4
704 5290141 718 5 1 6
705 5290141 718 2 4 27
706 5290141 718 0 0 1
707 5290141 718 8 7 5
708 5290141 718 5 0 1
709 5290141 718 8 9 31
710 5290141 718 8 10 2
711 5290141 718 0 5 87
712 5290141 718 5 9 11729
713 5291850 720 10 8 8567
714 5291933 721 4 10 231
715 5294110 722 5 1 2439
716 5311005 723 6 5 29
717 5311005 723 6 3 13
718 5318978 724 6 1 111
719 5319998 726 3 9 3974
720 5329380 727 10 10 104
721 5329380 727 8 7 2
722 5361231 732 7 0 1
723 5361231 732 4 5 13
724 5388490 735 6 2 5
725 5388490 735 9 1 6
726 5388490 735 6 7 1348
727 5388490 735 9 8 70
728 5388490 735 9 3 20
729 5397157 737 0 0 44
730 5407639 739 10 6 35
731 5407639 739 10 0 372
732 5470210 741 7 2 3
733 5470210 741 5 7 2
734 5470210 741 5 2 3
735 5482128 744 6 3 1
736 5495026 749 4 7 20
737 5495026 749 10 7 20
738 5495026 749 2 9 1
739 5550041 751 0 10 17
740 5550041 751 2 2 119
741 5550041 751 1 0 23
742 5550041 751 1 2 119
743 5550041 751 7 3 970
744 5550041 751 9 9 15
745 5550041 751 7 2 477
746 5550041 751 4 5 355
747 5550041 751 3 1 15
748 5550041 751 2 0 47
749 5550041 751 10 6 950
750 5550041 751 1 10 51
751 5560028 752 7 1 168
752 5574156 755 9 8 92
753 5574156 755 9 9 56
754 5574156 755 9 2 84
755 5574156 755 9 10 2193
756 5589448 757 7 5 578
757 5589448 757 8 5 578
758 5594073 760 5 0 1472
759 5598043 761 4 5 45
760 5598043 761 2 5 45
761 5633728 766 3 4 16
762 5633728 766 8 5 13
763 5633728 766 7 10 7
764 5633728 766 0 10 30
765 5633728 766 10 3 1
766 5633728 766 3 3 1
767 5633728 766 0 5 13
768 5633728 766 1 4 16
769 5657958 768 8 5 373
770 5657958 768 8 0 103
771 5657958 768 0 6 37
772 5658127 769 5 3 363
773 5658384 770 1 5 68
774 5659735 772 1 1 94
775 5680110 778 1 1 837
776 5680110 778 9 9 21
777 5680110 778 4 9 7
778 5680110 778 5 1 279
779 5687271 780 0 5 4
780 5687271 780 1 1 117
781 5698704 787 1 4 3
782 5701651 789 3 2 30
783 5719547 802 10 5 226
784 5719547 802 4 0 8
785 5728218 804 4 6 21
786 5728218 804 4 8 8560
787 5737781 812 1 5 1916
788 5745865 815 4 7 813
789 5863217 822 0 4 1
790 5863217 822 1 5 26
791 5863217 822 4 2 9
792 5863217 822 6 2 3
793 5863217 822 8 2 3
794 5863217 822 8 5 156
795 5863217 822 5 6 4
796 5863217 822 9 5 26
797 5863217 822 8 8 239
798 5863217 822 7 9 3
799 5863217 822 8 10 3
800 5863217 822 9 1 1
801 5863217 822 6 8 1679
802 5863217 822 3 2 3
803 5863217 822 6 5 26
804 5863217 822 10 4 25
805 5863217 822 3 8 239
806 5863217 822 7 2 12
807 5863217 822 10 2 3
808 5949200 823 10 6 7637
809 5949200 823 8 5 1198
810 5949200 823 1 2 6
811 5949200 823 10 4 14215
812 5949200 823 2 7 751
813 5949200 823 3 6 282
814 5949200 823 3 8 10
815 5949200 823 8 10 1
816 5949200 823 8 3 9
817 5949200 823 3 1 969
818 5949200 823 8 8 2
819 5949200 823 10 8 30
820 5949200 823 8 7 751
821 5949200 823 9 8 1
822 5949200 823 9 0 8
823 5951378 824 6 10 142
824 5976451 825 0 0 3
825 5976659 826 9 8 28
826 5980559 828 6 0 60
827 5991905 830 2 1 24
828 5991905 830 3 5 172
829 5992361 831 1 10 1198
830 6011674 833 7 1 62
831 6011674 833 7 10 8
832 6061075 846 5 10 165
833 6061075 846 5 2 142
834 6061717 847 6 6 38995
835 6062581 849 7 10 39
836 6066816 853 9 0 60
837 6081241 857 9 2 15741
838 6081241 857 9 9 69
839 6090631 859 6 10 7
840 6099877 861 3 4 112
841 6099877 861 3 10 7689
842 6099877 861 3 5 2029
843 6101540 862 9 9 70
844 6108460 863 6 0 9
845 6108460 863 2 9 264
846 6166749 864 9 9 105
847 6166749 864 7 6 4
848 6166749 864 7 5 30
849 6166749 864 10 1 14
850 6166749 864 9 4 5
851 6166749 864 7 2 954
852 6166749 864 8 1 4
853 6174425 870 8 10 22
854 6182341 871 5 9 3
855 6197329 874 2 5 668
856 6204837 876 10 3 37
857 6213101 881 6 2 1685
858 6213101 881 5 2 2247
859 6214957 885 10 5 37
860 6260893 886 2 1 33
861 6260893 886 0 5 25
862 6260893 886 7 5 25
863 6260893 886 10 0 29
864 6260893 886 5 4 25
865 6260893 886 2 6 1111
866 6260893 886 9 5 77
867 6260893 886 9 0 14
868 6260893 886 7 7 8
869 6260893 886 5 6 555
870 6260893 886 2 7 4
871 6260893 886 5 9 751
872 6260893 886 0 1 11
873 6260893 886 6 6 555
874 6260893 886 0 0 118
875 6260893 886 9 9 1503
876 6269340 888 10 3 87
877 6269340 888 10 7 651
878 6275651 892 10 7 320
879 6276523 893 8 3 795
880 6316648 894 3 2 11
881 6316648 894 0 5 1
882 6316648 894 10 10 33
883 6316648 894 5 3 6
884 6316648 894 4 5 8
885 6316648 894 10 9 35
886 6316648 894 3 1 19
887 6316648 894 6 7 54
888 6316648 894 7 8 1
889 6316648 894 0 2 11
890 6316648 894 2 5 30
891 6319824 895 8 9 9
892 6343990 896 3 2 38
893 6343990 896 4 3 1586
894 6343990 896 9 10 16
895 6343990 896 8 3 3173
896 6343990 896 9 9 30
897 6356993 899 6 4 32
898 6356993 899 6 8 4891
899 6364413 901 1 3 1484
900 6364413 901 0 3 1484
901 6364525 902 5 10 39173
902 6378490 903 1 5 36
903 6385418 905 8 8 95
904 6406867 907 2 7 3009
905 6406867 907 2 3 18
906 6406867 907 4 7 6019
907 6416129 909 9 2 801
908 6425461 911 7 0 2047
909 6425461 911 4 0 682
910 6435841 913 7 2 19
911 6443734 916 0 3 49
912 6456196 919 4 1 1
913 6458415 920 8 9 28
914 6471430 924 10 6 1
915 6471746 925 1 0 92
916 6484801 926 7 8 20
917 6486793 928 7 10 102
918 6593650 929 1 5 227
919 6593650 929 3 7 2
920 6593650 929 3 8 4
921 6593650 929 8 8 9
922 6593650 929 10 4 1756
923 6593650 929 8 2 21
924 6593650 929 10 6 54
925 6593650 929 8 5 227
926 6593650 929 0 9 8
927 6593650 929 6 8 4
928 6593650 929 3 1 1
929 6593650 929 7 0 2
930 6593650 929 0 7 2
931 6593650 929 4 3 3
932 6593650 929 2 0 2
933 6593650 929 5 2 8
934 6593650 929 8 6 272
935 6593650 929 2 3 13
936 6593650 929 8 4 1756
937 6593650 929 7 6 54
938 6593650 929 2 1 1
939 6593650 929 5 1 2
940 6593650 929 4 5 227
941 6656973 930 3 0 2492
942 6656973 930 4 2 7
943 6656973 930 5 9 71
944 6656973 930 5 6 13
945 6656973 930 3 7 10
946 6714160 931 5 9 4239
947 6714160 931 10 0 3169
948 6714160 931 4 4 909
949 6714160 931 2 0 11622
950 6714160 931 10 8 16
951 6752001 932 7 2 3611
952 6752001 932 10 9 4
953 6752001 932 5 8 6
954 6752001 932 6 8 20
955 6752001 932 5 0 2
956 6755868 934 3 7 45
957 6755868 934 10 1 14278
958 6761081 937 4 6 76
959 6769096 939 3 8 14263
960 6775204 940 0 0 266
961 6775204 940 0 4 44
962 6775204 940 0 3 11398
963 6876606 941 0 0 5
964 6876606 941 6 7 18
965 6876606 941 1 7 1
966 6876606 941 9 2 8
967 6876606 941 4 9 3916
968 6876606 941 4 6 2
969 6876606 941 5 2 2
970 6876606 941 9 0 22
971 6876606 941 7 2 5
972 6876606 941 2 0 5
973 6876606 941 4 10 18
974 6876606 941 5 8 1
975 6876606 941 3 6 2
976 6880807 946 7 9 37
977 6907345 955 7 4 6343
978 6936430 961 0 5 343
979 6936430 961 8 5 343
980 6936539 962 1 9 174
981 6940833 966 4 5 3957
982 7011505 967 0 3 4
983 7011505 967 4 6 6161
984 7011505 967 5 2 15
985 7011505 967 5 8 44
986 7011505 967 1 8 44
987 7034006 972 10 2 558
988 7034006 972 10 10 169
989 7053264 973 2 6 19
990 7056224 975 10 8 1
991 7057541 976 2 8 113
992 7057541 976 3 10 11971
993 7065624 979 4 7 105
994 7070568 982 3 10 41
995 7076609 987 7 9 42
996 7081001 992 0 10 8980
997 7090681 993 4 8 12709
998 7106364 994 7 1 8
999 7106364 994 1 0 3
