11 350 1000
0 13391 0 9 7 46
1 13391 0 1 4 103
2 13391 0 1 0 2
3 13391 0 1 1 3
4 13391 0 9 2 76
5 14254 2 0 10 1004
6 51107 3 10 0 2396
7 51107 3 9 8 18952
8 51107 3 10 9 40
9 51107 3 10 3 252
10 51107 3 10 4 3213
11 51107 3 9 2 11041
12 59157 4 2 0 15
13 59157 4 8 0 205
14 93421 9 1 3 74
15 93421 9 1 1 4
16 93421 9 4 4 2
17 93421 9 1 2 19
18 99127 10 8 1 870
19 131147 13 3 5 41
20 131147 13 1 4 340
21 131147 13 7 8 3
22 132213 15 3 6 109
23 171575 17 3 10 26
24 171575 17 2 7 2
25 171575 17 3 8 6
26 171575 17 6 8 1
27 171575 17 10 7 2
28 179016 18 1 9 179
29 201395 21 4 0 25980
30 209292 25 4 0 1977
31 217869 28 0 8 53
32 243481 31 5 6 1
33 259554 37 4 0 25
34 259554 37 0 10 4
35 259554 37 6 10 4
36 267850 38 7 5 110
37 267850 38 8 5 55
38 274644 40 0 1 119
39 289428 44 1 7 1307
40 289428 44 1 8 59
41 289428 44 1 4 29
42 290691 45 6 6 1063
43 292801 49 5 3 10203
44 302157 50 9 3 14
45 302157 50 7 0 44
46 302157 50 2 0 44
47 382307 51 7 3 15
48 382307 51 2 4 15
49 382307 51 9 4 31
50 382307 51 7 10 1
51 382307 51 10 4 15
52 384541 54 0 10 4501
53 431384 59 8 0 4
54 431384 59 2 6 19
55 431384 59 2 2 204
56 431384 59 5 0 2
57 431384 59 8 3 10
58 431384 59 2 7 6
59 454206 66 0 6 59
60 457690 68 8 4 1
61 484170 72 6 8 12198
62 534787 75 7 9 1
63 534787 75 4 4 7
64 534787 75 7 6 14
65 534787 75 3 9 1
66 534787 75 0 0 5
67 534787 75 1 5 231
68 534787 75 1 2 778
69 534787 75 0 5 115
70 534787 75 5 1 5916
71 534787 75 2 9 1
72 534787 75 5 4 8
73 535287 76 9 3 98
74 541343 77 6 4 52
75 541343 77 0 4 105
76 614865 84 2 4 5
77 614865 84 7 3 4
78 614865 84 2 1 8
79 614865 84 4 6 1
80 614865 84 2 0 15
81 614865 84 2 5 71
82 614865 84 10 2 77
83 614865 84 2 6 2
84 614865 84 3 0 7
85 614865 84 2 7 21
86 614865 84 6 1 8
87 638855 91 1 2 10456
88 643332 93 9 7 13
89 643332 93 7 10 67
90 649175 94 10 5 756
91 649175 94 0 5 1513
92 662502 97 5 9 3687
93 662502 97 6 9 1843
94 662616 98 10 1 117
95 699619 99 7 9 42
96 699619 99 7 6 5
97 701487 101 10 8 35
98 763240 102 1 9 9
99 763240 102 8 10 21
100 763240 102 3 2 1451
101 763240 102 2 0 70
102 763240 102 3 10 21
103 763240 102 7 10 21
104 763240 102 10 5 57
105 763240 102 9 10 21
106 769318 103 3 5 87
107 774349 104 4 2 54
108 805529 108 5 3 13
109 805529 108 0 6 7
110 805529 108 0 2 1
111 805529 108 8 3 27
112 809413 110 3 3 4665
113 809584 111 4 0 2184
114 821132 116 2 10 8305
115 821132 116 2 2 161
116 821132 116 2 7 208
117 821132 116 2 4 113
118 821132 116 2 5 254
119 821132 116 2 1 6
120 829043 117 0 10 1361
121 838376 118 10 5 16
122 838376 118 2 2 2
123 838376 118 8 5 16
124 846624 125 0 2 16
125 867550 131 1 3 226
126 875569 132 6 0 21
127 875569 132 0 7 7571
128 881739 134 8 9 76
129 881739 134 6 7 32
130 882152 135 1 8 667
131 897772 136 8 10 32
132 897772 136 8 6 21
133 897772 136 1 8 15
134 948996 137 3 9 2136
135 948996 137 6 8 39
136 948996 137 1 10 222
137 948996 137 5 8 4
138 948996 137 1 7 3
139 948996 137 7 4 99
140 948996 137 9 0 4
141 954156 139 10 1 50
142 956600 142 3 3 77
143 964665 143 0 9 7
144 989726 150 2 1 14
145 997654 153 8 9 37
146 1048084 154 9 7 1284
147 1048084 154 8 1 5
148 1048084 154 0 8 196
149 1048084 154 0 7 642
150 1048084 154 5 0 2
151 1048084 154 6 4 10
152 1048084 154 3 3 28
153 1048084 154 0 6 115
154 1048084 154 5 2 498
155 1048084 154 10 8 87
156 1048603 155 1 7 3
157 1113658 160 8 4 9
158 1113658 160 5 8 306
159 1113658 160 10 5 5
160 1115892 161 10 8 1
161 1135930 162 7 6 44
162 1135930 162 3 1 1445
163 1135930 162 5 3 574
164 1135930 162 0 1 1445
165 1135930 162 3 6 14
166 1146417 165 4 4 14
167 1146417 165 2 3 372
168 1146417 165 1 5 110
169 1158960 170 3 8 83
170 1164428 172 6 10 36
171 1175269 174 7 7 14
172 1175269 174 9 10 9
173 1212649 187 4 2 24
174 1227011 192 3 2 14
175 1227413 193 5 3 108
176 1228645 195 5 3 168
177 1232114 197 1 1 1245
178 1277536 198 0 0 5
179 1277536 198 2 2 6
180 1277536 198 0 1 4
181 1277536 198 0 2 2
182 1277536 198 1 2 2
183 1277536 198 9 1 4
184 1277536 198 4 1 4
185 1277536 198 7 8 11
186 1277536 198 3 8 46
187 1282990 202 3 1 8
188 1282990 202 3 7 44
189 1282990 202 3 6 222
190 1296800 203 8 4 1511
191 1296800 203 8 5 8684
192 1309127 209 4 5 39
193 1323060 210 7 3 1
194 1343276 224 3 4 238
195 1347454 226 3 9 222
196 1371444 229 0 5 4
197 1371444 229 6 5 19
198 1371444 229 0 10 5
199 1371444 229 0 7 28
200 1371444 229 0 0 10
201 1371444 229 6 0 10
202 1371444 229 0 1 1
203 1371444 229 0 6 27
204 1371444 229 2 0 31
205 1399459 230 8 3 136
206 1399459 230 8 1 46
207 1399459 230 0 2 1
208 1401687 231 5 6 6
209 1403901 232 6 5 18
210 1403901 232 10 5 1
211 1453766 233 0 2 13
212 1453766 233 1 6 6
213 1453766 233 4 2 8
214 1453766 233 9 6 6
215 1453766 233 3 7 1
216 1453766 233 10 8 26
217 1453766 233 1 3 4
218 1453766 233 0 1 4
219 1453766 233 9 8 94
220 1453766 233 7 2 17
221 1453766 233 0 7 1
222 1453766 233 6 3 5
223 1478112 237 10 9 11
224 1478112 237 10 2 55
225 1478112 237 10 10 82
226 1478112 237 10 3 224
227 1487320 239 10 1 9
228 1543209 241 7 4 14
229 1543209 241 3 6 1
230 1543209 241 3 5 8412
231 1543209 241 3 9 1226
232 1543209 241 9 8 23
233 1543209 241 3 7 55
234 1543209 241 7 9 1226
235 1543209 241 7 1 6
236 1548864 245 10 8 40
237 1554531 253 0 6 55
238 1585642 259 8 5 600
239 1585642 259 2 10 622
240 1585642 259 0 7 51
241 1585642 259 0 8 2025
242 1585642 259 1 10 622
243 1647348 262 2 8 7
244 1647348 262 8 8 7
245 1647348 262 8 4 11
246 1647348 262 4 9 15
247 1647348 262 9 10 6
248 1647348 262 8 0 9
249 1655065 263 9 10 1524
250 1668360 269 4 9 210
251 1674954 271 7 7 34
252 1689436 282 8 2 74
253 1689436 282 8 7 200
254 1689476 283 5 1 81
255 1698261 285 4 7 350
256 1698261 285 4 1 297
257 1795574 287 8 2 9
258 1795574 287 0 8 11
259 1795574 287 1 2 3
260 1795574 287 8 0 13
261 1795574 287 7 9 1
262 1795574 287 6 4 1
263 1795574 287 10 5 4
264 1795574 287 8 10 7
265 1795574 287 10 10 61
266 1795574 287 6 3 11
267 1795574 287 0 6 24
268 1795574 287 7 4 6
269 1795574 287 6 1 15
270 1795574 287 0 4 1
271 1831852 291 3 6 409
272 1831852 291 3 2 3435
273 1831852 291 7 0 3
274 1831852 291 7 7 333
275 1865107 292 2 6 13
276 1865107 292 1 10 2
277 1888020 298 9 4 483
278 1929486 303 3 7 1
279 1929486 303 0 10 14
280 1929486 303 0 9 3069
281 1929486 303 2 7 1
282 1929486 303 1 2 1892
283 1952379 304 2 9 58
284 1957697 306 7 9 19562
285 1966554 308 6 10 9873
286 1970333 310 10 6 6
287 1976724 311 2 10 76
288 1979056 315 2 10 1706
289 1979996 316 0 4 43
290 2031513 317 5 5 5789
291 2031513 317 8 10 110
292 2031513 317 5 3 54
293 2031513 317 2 1 14
294 2031513 317 6 5 3859
295 2031513 317 6 0 4
296 2031513 317 2 9 16
297 2031513 317 5 10 55
298 2033344 318 2 7 11
299 2035157 319 7 10 78
300 2050322 324 10 5 7
301 2056623 327 3 3 686
302 2079678 328 3 0 1
303 2079678 328 3 9 2
304 2081158 329 2 7 8
305 2088193 330 0 8 10328
306 2088195 331 3 3 56
307 2095176 335 1 1 17
308 2095176 335 1 7 96
309 2095176 335 1 4 11349
310 2102664 337 4 0 12758
311 2118065 339 3 7 31
312 2118065 339 0 3 215
313 2118065 339 10 7 31
314 2118065 339 9 5 95
315 2141416 340 6 1 3
316 2141416 340 3 0 20
317 2141416 340 7 1 11
318 2176844 359 6 9 55
319 2183370 361 6 9 119
320 2188777 362 1 2 1
321 2188777 362 8 2 2
322 2192996 365 1 3 670
323 2198029 366 7 2 23
324 2211535 369 9 7 1
325 2211535 369 2 0 17
326 2211535 369 1 9 476
327 2211535 369 3 3 18
328 2234096 370 5 9 23
329 2239502 378 10 6 120
330 2240088 379 1 3 2
331 2282708 388 7 7 30
332 2282708 388 7 8 88
333 2282708 388 7 2 3
334 2282708 388 0 6 202
335 2337046 390 8 6 459
336 2337046 390 10 8 767
337 2337046 390 6 6 114
338 2337046 390 0 0 14
339 2337046 390 4 1 2
340 2337046 390 10 6 459
341 2337046 390 4 7 3
342 2337046 390 0 3 1193
343 2337046 390 3 5 6
344 2337046 390 1 6 229
345 2356418 392 2 4 427
346 2356418 392 1 5 5135
347 2359076 394 2 4 16746
348 2425598 395 2 7 1
349 2425598 395 2 4 1
350 2425598 395 0 0 1322
351 2425598 395 2 6 54
352 2425598 395 3 7 1
353 2425598 395 8 8 33
354 2425598 395 10 7 1
355 2425598 395 0 1 6
356 2430358 396 10 1 1216
357 2431157 397 3 10 99
358 2432081 398 3 9 12
359 2461483 402 9 0 2920
360 2461483 402 2 6 88
361 2461483 402 2 9 21
362 2461483 402 2 1 907
363 2480021 407 2 1 9
364 2480021 407 2 6 71
365 2480021 407 2 2 73
366 2480021 407 2 3 139
367 2526698 409 1 8 13
368 2526698 409 6 10 15
369 2526698 409 5 2 7
370 2526698 409 8 3 1
371 2526698 409 8 6 1
372 2526698 409 1 3 7
373 2526698 409 2 9 45
374 2552077 413 9 5 300
375 2552077 413 2 3 25
376 2552077 413 9 8 10548
377 2552077 413 2 6 214
378 2556812 418 6 5 259
379 2557433 419 3 8 77
380 2561807 420 5 8 36
381 2561807 420 5 1 59
382 2572754 423 3 1 4754
383 2582407 424 7 10 493
384 2665531 428 9 6 1
385 2665531 428 7 8 2
386 2665531 428 7 2 2
387 2665531 428 5 6 1
388 2665531 428 0 10 4
389 2665531 428 7 5 822
390 2665531 428 2 9 5
391 2665531 428 9 0 1
392 2665531 428 5 3 3
393 2665531 428 2 6 1
394 2665531 428 7 0 1
395 2665531 428 8 7 1
396 2665531 428 2 3 3
397 2665531 428 5 2 1
398 2665531 428 7 10 4
399 2665531 428 10 4 1
400 2665531 428 7 6 2
401 2712140 430 7 8 5
402 2712140 430 10 5 33
403 2712140 430 1 1 2103
404 2712140 430 5 3 2
405 2712140 430 2 8 2
406 2712140 430 4 8 1
407 2712140 430 4 6 190
408 2714644 431 6 0 184
409 2725562 437 8 1 4733
410 2726454 439 6 7 114
411 2734471 443 6 0 121
412 2734471 443 6 5 69
413 2737586 444 7 0 19
414 2740245 445 7 6 2
415 2742354 447 3 1 17
416 2744559 450 9 4 2471
417 2751417 455 5 0 30
418 2788961 457 2 1 1
419 2788961 457 4 4 1
420 2788961 457 8 6 12
421 2788961 457 5 1 53
422 2788961 457 7 3 1
423 2788961 457 2 6 6
424 2788961 457 0 1 1
425 2788961 457 0 7 1
426 2799428 459 0 5 651
427 2806604 460 1 8 47
428 2842647 461 2 1 11
429 2842647 461 3 2 27
430 2842647 461 9 4 42
431 2842647 461 2 2 5
432 2842647 461 6 6 122
433 2842867 462 10 3 3197
434 2845764 463 2 0 60
435 2960544 466 3 8 1
436 2960544 466 10 4 217
437 2960544 466 3 10 2
438 2960544 466 4 6 4
439 2960544 466 7 8 1
440 2960544 466 7 7 1
441 2960544 466 2 4 652
442 2960544 466 5 5 1
443 2960544 466 1 3 3602
444 2960544 466 8 0 7
445 2960544 466 8 7 1
446 2960544 466 10 2 50
447 2988508 467 10 8 39
448 2988508 467 10 9 8
449 2988508 467 2 7 5
450 2988508 467 6 7 5
451 2996184 468 7 5 422
452 2996184 468 7 4 34
453 2996184 468 7 10 33231
454 3004328 471 1 10 923
455 3012165 472 8 0 14
456 3043840 473 2 5 68
457 3043840 473 8 5 68
458 3043840 473 2 9 4
459 3043840 473 10 8 52
460 3043840 473 4 8 52
461 3043840 473 7 3 14
462 3043840 473 7 5 68
463 3141926 475 1 1 3
464 3141926 475 10 7 4
465 3141926 475 3 6 1
466 3141926 475 4 1 6
467 3141926 475 10 0 1
468 3141926 475 9 7 9
469 3141926 475 9 3 1
470 3141926 475 2 6 1
471 3141926 475 4 9 5
472 3141926 475 8 0 1
473 3141926 475 9 1 6
474 3141926 475 7 8 5
475 3141926 475 2 10 51
476 3141926 475 3 10 5
477 3141926 475 8 9 5
478 3141926 475 8 5 2
479 3141926 475 10 3 4
480 3141926 475 5 1 3
481 3152497 477 2 5 349
482 3159961 479 3 9 2
483 3166738 483 5 10 8
484 3173223 486 6 3 91
485 3178674 487 5 4 344
486 3178674 487 5 8 1304
487 3191057 489 3 8 69
488 3191057 489 0 5 94
489 3191057 489 9 0 11786
490 3196327 492 8 7 3095
491 3290448 498 2 6 1
492 3290448 498 5 3 1
493 3290448 498 6 3 1
494 3290448 498 1 3 1
495 3290448 498 8 5 175
496 3290448 498 6 5 175
497 3290448 498 2 10 13
498 3290448 498 8 2 4
499 3290448 498 7 5 8250
500 3290448 498 10 9 1
501 3290448 498 2 2 23
502 3290448 498 5 7 14
503 3290448 498 7 10 39
504 3290448 498 9 1 319
505 3290448 498 0 2 4
506 3298074 499 7 10 10
507 3301743 502 2 6 191
508 3305424 504 6 8 77
509 3358369 507 4 0 6
510 3358369 507 1 6 3
511 3358369 507 4 3 2
512 3358369 507 10 4 1429
513 3358369 507 6 4 2858
514 3358369 507 4 7 72
515 3358369 507 9 7 72
516 3358369 507 9 2 5
517 3358369 507 2 6 3
518 3358369 507 7 9 43
519 3358369 507 8 3 2
520 3358369 507 2 1 1
521 3358369 507 6 1 1
522 3379164 510 6 0 189
523 3434564 513 8 1 5
524 3434564 513 5 2 6
525 3434564 513 10 10 2
526 3434564 513 3 6 80
527 3434564 513 9 0 1
528 3445954 516 9 3 1
529 3450790 523 8 2 3
530 3470940 535 4 7 6
531 3474093 538 4 8 3
532 3496906 547 4 4 109
533 3496906 547 4 0 5771
534 3518670 551 1 9 9759
535 3518670 551 9 1 7
536 3518670 551 10 6 30
537 3518670 551 8 1 3
538 3518670 551 4 1 3
539 3523423 553 0 2 3
540 3619153 555 7 6 47
541 3619153 555 8 2 876
542 3619153 555 0 1 95
543 3619153 555 4 7 60
544 3619153 555 6 1 191
545 3619153 555 10 3 607
546 3619153 555 1 10 1
547 3619153 555 10 0 4
548 3619153 555 5 2 876
549 3619153 555 5 8 7
550 3619153 555 3 0 2
551 3619153 555 3 4 829
552 3619153 555 7 1 95
553 3619153 555 4 4 829
554 3619153 555 1 2 876
555 3619153 555 0 3 202
556 3619153 555 1 5 1
557 3619153 555 2 8 7
558 3654133 556 8 10 335
559 3654133 556 10 7 15
560 3654133 556 0 4 4
561 3654133 556 9 0 1
562 3672107 558 1 1 97
563 3675783 560 2 2 8
564 3675783 560 6 0 10
565 3687999 562 10 8 7631
566 3687999 562 10 9 2695
567 3697268 563 10 5 318
568 3697268 563 10 10 127
569 3704498 565 1 5 19648
570 3742835 569 0 10 6
571 3742835 569 1 6 1
572 3742835 569 2 1 1
573 3742835 569 2 7 8
574 3742835 569 5 6 1
575 3742835 569 6 3 21
576 3742835 569 0 7 1
577 3742835 569 0 0 52
578 3742835 569 9 0 26
579 3742835 569 7 7 1
580 3743751 571 1 7 32
581 3803347 582 4 2 114
582 3811940 583 6 7 1421
583 3811940 583 6 9 208
584 3811940 583 6 8 46
585 3811940 583 6 4 5985
586 3814618 587 5 1 31
587 3820458 588 4 5 688
588 3820458 588 4 8 19655
589 3827192 591 1 10 5
590 3832906 595 2 9 194
591 3833966 597 0 4 14
592 3837600 599 7 1 186
593 3865996 602 6 1 81
594 3865996 602 6 8 259
595 3865996 602 6 2 848
596 3878647 606 10 6 184
597 3878647 606 10 7 327
598 3878647 606 10 10 996
599 3879008 607 10 9 5247
600 3890488 611 10 6 205
601 3974572 612 5 8 8
602 3974572 612 8 5 120
603 3974572 612 8 4 26
604 3974572 612 1 2 897
605 3974572 612 4 10 5
606 3974572 612 10 4 133
607 3974572 612 8 10 5
608 3974572 612 10 10 15
609 3974572 612 3 1 6
610 3974572 612 3 5 120
611 3974572 612 5 3 1
612 3974572 612 0 5 240
613 3974572 612 5 0 214
614 3974572 612 4 4 2485
615 3974572 612 6 5 240
616 3974572 612 8 6 1
617 3974572 612 3 6 6
618 3974572 612 6 4 26
619 3981641 613 3 7 12697
620 3981641 613 3 1 10
621 4061070 616 5 9 14
622 4061070 616 7 7 200
623 4061070 616 1 1 18
624 4061070 616 6 2 1
625 4061070 616 4 2 11
626 4061070 616 8 3 20
627 4061070 616 4 10 6839
628 4061070 616 6 4 1
629 4061070 616 9 2 1
630 4061070 616 1 0 1483
631 4061070 616 3 4 1
632 4061070 616 3 6 36
633 4061070 616 0 1 1
634 4061070 616 2 0 1483
635 4061070 616 6 5 1227
636 4061070 616 8 1 1
637 4061070 616 6 6 108
638 4061070 616 0 4 1
639 4061070 616 4 1 1
640 4061070 616 7 2 1
641 4061070 616 8 9 2
642 4061070 616 4 9 2
643 4077031 624 3 5 14198
644 4077031 624 2 5 2839
645 4088191 626 2 5 2333
646 4088191 626 2 0 55
647 4099447 628 1 8 78
648 4099447 628 1 4 81
649 4099447 628 1 10 95
650 4099447 628 1 9 181
651 4136513 635 5 2 135
652 4146951 638 2 7 203
653 4146951 638 0 6 40
654 4197055 644 0 0 25
655 4197055 644 7 0 8
656 4197055 644 10 6 1
657 4197055 644 0 9 136
658 4197055 644 8 4 4530
659 4197055 644 5 10 11
660 4197055 644 10 1 6
661 4197055 644 3 8 908
662 4197055 644 0 8 908
663 4203152 654 7 5 44
664 4207608 660 7 7 16605
665 4213222 662 4 4 2
666 4220890 668 5 10 160
667 4287801 671 1 7 1
668 4287801 671 10 8 5
669 4287801 671 9 4 671
670 4287801 671 6 7 1
671 4289342 672 8 5 20
672 4301157 675 2 3 19475
673 4301157 675 2 7 2702
674 4308063 678 8 6 409
675 4315825 681 1 5 12
676 4368981 683 0 8 5
677 4368981 683 1 1 50
678 4368981 683 6 4 638
679 4368981 683 6 7 548
680 4368981 683 8 6 10
681 4368981 683 5 2 1527
682 4368981 683 9 8 35
683 4368981 683 4 0 4
684 4368981 683 3 0 1
685 4368981 683 1 4 638
686 4368981 683 7 10 16
687 4373691 687 2 7 41
688 4373691 687 5 8 7
689 4384700 689 9 10 4
690 4411940 690 0 1 12
691 4411940 690 4 5 4
692 4413101 691 10 2 74
693 4435255 692 2 6 43
694 4435255 692 10 1 48
695 4435255 692 7 10 12
696 4435255 692 6 10 51
697 4442788 693 8 6 75
698 4442788 693 8 7 220
699 4547860 695 6 4 8
700 4547860 695 7 3 4
701 4547860 695 6 10 1
702 4547860 695 0 3 8
703 4547860 695 3 1 11
704 4547860 695 4 0 21
705 4547860 695 0 7 2
706 4547860 695 10 1 3
707 4547860 695 5 6 1
708 4547860 695 4 7 1
709 4547860 695 2 1 3
710 4547860 695 0 4 1
711 4547860 695 6 5 49
712 4547860 695 2 7 1
713 4552145 697 2 1 77
714 4552145 697 4 6 1569
715 4576113 698 10 1 12
716 4576113 698 2 8 8
717 4576113 698 2 3 127
718 4576113 698 2 0 22
719 4588807 701 9 2 76
720 4588807 701 0 9 1
721 4588807 701 1 2 3
722 4609400 702 0 2 28
723 4609400 702 3 5 112
724 4609400 702 4 2 28
725 4609400 702 0 5 112
726 4630183 703 2 0 74
727 4630183 703 9 8 52
728 4647710 710 3 7 220
729 4663759 717 0 7 4
730 4702347 718 2 8 1455
731 4702347 718 1 1 6
732 4702347 718 6 3 15
733 4702347 718 0 7 5
734 4702347 718 1 9 31
735 4702347 718 7 1 13
736 4702347 718 10 1 6
737 4702347 718 0 5 87
738 4702347 718 6 5 175
739 4720893 723 3 2 3584
740 4727980 724 6 6 2
741 4727980 724 6 3 4789
742 4727980 724 6 9 286
743 4728887 726 3 9 3974
744 4738630 729 1 6 6073
745 4765539 732 0 2 722
746 4765539 732 7 6 7
747 4789769 735 9 1 6
748 4789769 735 6 9 10
749 4797753 738 5 1 213
750 4806790 739 10 6 35
751 4806790 739 10 0 372
752 4862408 741 9 7 2
753 4862408 741 8 6 2
754 4862408 741 9 4 33
755 4862408 741 0 10 110
756 4862408 741 4 1 14847
757 4862408 741 10 0 1634
758 4862408 741 2 4 66
759 4873003 744 5 0 8
760 4884467 749 5 9 2
761 4884467 749 5 4 26
762 4933370 751 8 3 485
763 4933370 751 6 9 15
764 4933370 751 5 0 23
765 4933370 751 1 8 1
766 4933370 751 4 7 10
767 4933370 751 3 6 55
768 4933370 751 3 9 108
769 4933370 751 6 10 17
770 4933370 751 8 6 55
771 4933370 751 4 8 5
772 4933370 751 9 4 27
773 4942247 752 0 0 717
774 4942247 752 8 9 5
775 4942852 753 9 4 9625
776 4954805 755 9 3 269
777 4968398 757 9 5 1734
778 4968398 757 1 5 578
779 4968398 757 3 0 7
780 4976038 761 5 5 45
781 4976038 761 6 5 45
782 4977156 762 9 1 36
783 5007758 766 7 5 41
784 5029296 768 0 4 59
785 5029296 768 0 7 2
786 5029296 768 8 6 2
787 5029674 770 1 5 68
788 5030875 772 1 1 94
789 5036346 773 9 10 52
790 5036346 773 6 10 17
791 5036346 773 3 10 17
792 5048986 778 5 1 279
793 5048986 778 8 9 7
794 5048986 778 7 9 14
795 5049839 779 4 1 18222
796 5055352 780 9 5 34
797 5056164 781 0 3 77
798 5063051 786 6 0 54
799 5065514 787 1 4 3
800 5069897 791 0 1 26
801 5072220 796 0 10 90
802 5072536 797 3 10 18
803 5080618 798 4 9 293
804 5084062 803 8 3 11335
805 5107436 815 6 9 32
806 5113132 817 7 3 1577
807 5113846 818 9 4 82
808 5211749 822 0 1 1
809 5211749 822 9 3 1
810 5211749 822 2 9 1
811 5211749 822 2 8 3838
812 5211749 822 10 10 1
813 5211749 822 6 5 26
814 5211749 822 3 4 1
815 5211749 822 0 0 1
816 5211749 822 10 8 239
817 5211749 822 1 9 5
818 5211749 822 3 1 1
819 5211749 822 4 8 239
820 5211749 822 5 0 16
821 5211749 822 8 7 138
822 5211749 822 10 6 8
823 5211749 822 4 2 9
824 5288178 823 2 3 1
825 5288178 823 9 8 1
826 5288178 823 3 1 969
827 5288178 823 8 4 3553
828 5288178 823 5 5 2996
829 5288178 823 5 3 6
830 5288178 823 3 0 8
831 5288178 823 3 10 1
832 5288178 823 1 8 1
833 5288178 823 5 2 6
834 5288178 823 10 7 751
835 5316052 828 6 0 60
836 5326138 830 2 1 24
837 5326138 830 1 1 74
838 5354942 834 2 5 908
839 5361543 840 10 1 81
840 5372802 842 1 4 6007
841 5387623 846 5 3 96
842 5387623 846 5 10 165
843 5387623 846 5 1 9
844 5391918 852 3 9 48
845 5405548 857 9 7 83
846 5405548 857 9 10 21849
847 5413895 859 6 3 63
848 5413895 859 6 9 148
849 5413895 859 6 7 207
850 5422112 861 3 9 59
851 5429742 863 6 0 9
852 5429742 863 2 9 264
853 5481555 864 4 1 14
854 5481555 864 10 8 113
855 5481555 864 1 7 4
856 5481555 864 5 8 113
857 5481555 864 2 6 4
858 5488378 870 0 3 6
859 5495414 871 10 8 8344
860 5513644 875 5 7 18
861 5523043 882 9 2 223
862 5565238 886 7 5 25
863 5565238 886 2 0 14
864 5565238 886 8 1 11
865 5565238 886 10 1 11
866 5572747 888 10 8 196
867 5572747 888 10 0 12
868 5572747 888 10 9 16
869 5614798 894 5 7 1
870 5614798 894 3 9 35
871 5614798 894 6 9 71
872 5614798 894 5 3 6
873 5614798 894 8 10 133
874 5614798 894 8 3 6
875 5614798 894 8 5 30
876 5614798 894 6 3 6
877 5614798 894 5 1 19
878 5614798 894 2 8 1
879 5614798 894 10 9 35
880 5617621 895 7 9 9
881 5639102 896 2 3 4760
882 5639102 896 3 2 38
883 5644248 898 1 1 158
884 5650661 899 6 4 32
885 5650661 899 6 1 58
886 5650661 899 6 10 114
887 5669769 903 1 1 7
888 5675927 905 6 8 95
889 5675927 905 4 8 95
890 5675927 905 9 8 95
891 5675927 905 0 8 95
892 5675927 905 10 8 95
893 5694993 907 2 1 116
894 5694993 907 4 5 207
895 5703226 909 9 8 5
896 5703226 909 9 2 801
897 5703226 909 9 0 5739
898 5703892 910 10 5 3
899 5711521 911 9 0 682
900 5711521 911 5 0 682
901 5720748 913 0 2 19
902 5738841 919 0 1 1
903 5752382 924 10 6 1
904 5752382 924 8 6 3
905 5752663 925 8 0 184
906 5764267 926 7 8 20
907 5764267 926 7 7 22675
908 5766039 928 1 10 51
909 5861022 929 4 2 4
910 5861022 929 6 8 4
911 5861022 929 3 7 2
912 5861022 929 8 9 4
913 5861022 929 1 8 4
914 5861022 929 10 3 3
915 5861022 929 4 10 1
916 5861022 929 0 8 4
917 5861022 929 0 7 2
918 5861022 929 2 0 2
919 5861022 929 6 2 42
920 5861022 929 2 8 4
921 5861022 929 9 8 14
922 5861022 929 0 1 2
923 5861022 929 0 6 54
924 5861022 929 8 8 9
925 5861022 929 8 1 1
926 5917310 930 9 0 9968
927 5917310 930 8 7 10
928 5917310 930 4 6 79
929 5917310 930 3 0 2492
930 5917310 930 9 7 31
931 5968142 931 2 2 1607
932 5968142 931 1 9 2119
933 5968142 931 4 1 10
934 5968142 931 4 10 225
935 5968142 931 8 6 8
936 5968142 931 5 5 349
937 5968142 931 2 3 24
938 5968142 931 0 2 6431
939 6001779 932 0 10 23
940 6001779 932 5 0 2
941 6001779 932 3 3 3
942 6001779 932 1 6 4
943 6001779 932 7 2 3611
944 6001779 932 1 7 3
945 6001779 932 9 9 9
946 6001779 932 8 8 6
947 6007549 935 6 1 1573
948 6016975 939 9 9 59
949 6016975 939 2 8 14263
950 6022403 940 0 6 15144
951 6022403 940 0 9 5
952 6112539 941 1 3 1
953 6112539 941 4 5 41
954 6112539 941 3 4 1
955 6112539 941 7 10 36
956 6112539 941 0 7 1
957 6112539 941 1 2 2
958 6112539 941 10 1 288
959 6112539 941 9 9 2610
960 6112539 941 10 0 5
961 6112539 941 7 0 16
962 6113876 943 2 8 4884
963 6116272 946 7 9 37
964 6124964 948 6 7 18
965 6135747 950 7 8 44
966 6156379 959 10 8 1670
967 6156379 959 10 10 18
968 6156379 959 10 2 32
969 6165715 961 1 5 343
970 6232449 967 0 9 2
971 6232449 967 0 10 13
972 6232449 967 1 0 9
973 6232449 967 0 8 44
974 6232449 967 1 6 3080
975 6232449 967 6 0 19
976 6232449 967 5 7 486
977 6240851 970 8 4 16
978 6252450 972 10 4 228
979 6252450 972 10 6 244
980 6252450 972 10 9 152
981 6269568 973 2 1 4
982 6269568 973 2 9 112
983 6269568 973 2 5 1938
984 6269568 973 0 6 19
985 6269568 973 0 9 112
986 6269568 973 2 7 85545
987 6269568 973 0 5 2131
988 6269568 973 0 3 3
989 6272199 975 6 8 1
990 6283835 980 2 10 102
991 6286289 985 5 10 2635
992 6286981 986 1 0 968
993 6291622 988 8 4 7153
994 6294007 990 4 1 2
995 6302828 993 4 7 154
996 6316768 994 3 0 6
997 6316768 994 3 1 1
998 6316768 994 5 5 16
999 6322459 997 0 3 22
