11 356 1000
0 120519 0 1 2 152
1 120519 0 9 4 103
2 120519 0 9 8 56
3 120519 0 1 1 3
4 120519 0 1 7 23
5 459971 3 9 7 63
6 459971 3 10 9 40
7 459971 3 5 8 197
8 459971 3 10 5 113
9 532415 4 7 5 43
10 557185 6 3 9 2025
11 580149 7 1 4 57
12 840790 9 4 8 2
13 840790 9 4 9 7
14 840790 9 1 10 7
15 840790 9 4 10 25
16 912750 12 3 2 8
17 1180324 13 8 1 265
18 1180324 13 7 4 3064
19 1180324 13 6 5 13
20 1180324 13 3 4 1361
21 1180324 13 3 9 2319
22 1180324 13 7 10 99
23 1544175 17 5 7 2
24 1544175 17 6 8 1
25 1544175 17 9 8 1
26 1544175 17 7 9 658
27 1544175 17 6 9 1976
28 1544175 17 3 7 19
29 1611148 18 1 5 253
30 1812558 21 4 0 25980
31 1812558 21 4 4 22
32 1957229 27 6 0 130
33 2133408 29 10 5 56
34 2133408 29 2 7 377
35 2133408 29 10 2 2926
36 2133408 29 2 0 72
37 2133408 29 2 1 11
38 2191334 31 5 6 1
39 2335994 37 8 0 25
40 2447067 39 4 5 6
41 2545999 41 10 8 44
42 2545999 41 10 5 3030
43 2604860 44 1 10 3951
44 2604860 44 1 7 1307
45 2604860 44 1 1 36
46 2719417 50 1 8 12
47 3440766 51 5 7 5
48 3440766 51 5 5 8
49 3440766 51 3 2 5
50 3440766 51 8 9 1
51 3440766 51 7 2 5
52 3440766 51 2 5 8
53 3440766 51 2 0 10
54 3440766 51 5 4 15
55 3440766 51 0 3 107
56 3440766 51 3 0 10
57 3462167 55 0 9 3923
58 3523908 58 1 2 7830
59 3523908 58 8 2 1566
60 3882463 59 1 7 13
61 3882463 59 1 0 2
62 3882463 59 8 0 4
63 3882463 59 1 3 5
64 3882463 59 5 10 3
65 3882463 59 1 6 19
66 3882463 59 5 8 15
67 3882463 59 1 1 67
68 3954449 61 2 2 24
69 3954449 61 2 1 230
70 3954449 61 10 2 24
71 3957744 62 8 5 5726
72 4087854 66 0 3 61
73 4119210 68 3 4 3
74 4357533 72 6 9 16
75 4357533 72 6 0 6120
76 4359787 73 6 6 58
77 4374733 74 10 7 17
78 4813086 75 6 9 1
79 4813086 75 5 4 8
80 4813086 75 7 8 1
81 4813086 75 1 6 163
82 4813086 75 2 8 1
83 4813086 75 2 1 591
84 4813086 75 0 5 115
85 4813086 75 9 7 1
86 4872092 77 10 4 31
87 4872092 77 8 4 21
88 5533786 84 3 6 1
89 5533786 84 7 10 95
90 5533786 84 3 8 1
91 5533786 84 2 1 8
92 5533786 84 3 4 5
93 5533786 84 6 5 4
94 5533786 84 7 8 1
95 5683389 89 7 8 6309
96 5749695 91 9 2 4953
97 5842580 94 3 5 756
98 5962518 97 3 9 3687
99 6296576 99 9 9 85
100 6296576 99 0 4 28
101 6296576 99 9 7 12
102 6296576 99 9 0 203
103 6296576 99 7 9 42
104 6296576 99 9 8 1
105 6313383 101 10 8 35
106 6869164 102 10 4 8
107 6869164 102 1 9 9
108 6869164 102 10 5 57
109 6869164 102 1 6 1
110 6869164 102 8 2 967
111 6869164 102 3 9 9
112 6869164 102 2 3 17
113 6869164 102 8 1 91
114 6923867 103 9 5 13
115 6969148 104 4 9 60
116 6969148 104 4 4 19491
117 6969148 104 4 6 5599
118 6969148 104 4 10 38979
119 7249761 108 2 5 16
120 7249761 108 8 3 27
121 7249761 108 0 6 7
122 7249761 108 0 0 226
123 7249761 108 4 10 21
124 7249761 108 0 7 4
125 7249761 108 7 7 76
126 7249761 108 8 4 17
127 7249761 108 5 7 4
128 7284718 110 3 6 59
129 7284718 110 3 8 100
130 7284718 110 3 0 197
131 7284718 110 3 10 47
132 7284718 110 3 2 330
133 7390194 116 2 7 208
134 7390194 116 2 1 6
135 7545388 118 0 2 55
136 7617349 124 1 3 7
137 7787117 127 0 10 2474
138 7787117 127 0 4 115
139 7787117 127 0 8 19017
140 7807953 131 1 3 226
141 7880122 132 5 0 21
142 7880122 132 6 7 7571
143 7935659 134 0 9 76
144 8079951 136 1 9 1
145 8079951 136 8 4 6084
146 8540966 137 1 0 4
147 8540966 137 5 1 12
148 8540966 137 2 0 4
149 8540966 137 10 4 896
150 8540966 137 1 10 222
151 8540966 137 0 4 199
152 8540966 137 2 3 9
153 8540966 137 0 7 3
154 8540966 137 1 6 2
155 8540966 137 2 2 63
156 8540966 137 7 3 9
157 8540966 137 4 1 25
158 8805059 146 6 3 72
159 8805059 146 4 8 333
160 8907536 150 2 5 126
161 8917110 151 3 9 3
162 9432758 154 6 5 69
163 9432758 154 7 3 56
164 9432758 154 6 7 3210
165 9432758 154 10 6 575
166 9432758 154 1 0 2
167 9432758 154 8 8 21
168 9432758 154 1 7 642
169 9487030 158 5 2 59
170 9491093 159 1 4 95
171 10022927 160 5 7 1
172 10022927 160 8 3 10
173 10022927 160 7 3 137
174 10317756 165 1 5 110
175 10317756 165 9 5 110
176 10317756 165 5 5 110
177 10430644 170 3 0 97
178 10430644 170 3 9 3937
179 10430644 170 3 6 163
180 10484501 173 4 2 87
181 10577421 174 2 10 174
182 10577421 174 1 3 36
183 10577421 174 9 10 9
184 10577421 174 6 6 96
185 10775582 177 3 9 9
186 10775582 177 0 7 35
187 10775582 177 3 5 42
188 10775582 177 0 9 9
189 10802698 180 5 0 216
190 10808683 181 9 0 206
191 10913843 187 4 2 24
192 10913843 187 7 1 15
193 10965591 190 10 0 36
194 10965591 190 8 10 8155
195 11089027 197 1 1 1245
196 11497828 198 0 1 4
197 11497828 198 2 2 6
198 11497828 198 9 4 4
199 11497828 198 8 4 2
200 11497828 198 5 1 9
201 11497828 198 1 0 10
202 11499960 199 7 0 72
203 11546911 202 3 0 194
204 11671207 203 8 10 2495
205 11671207 203 7 0 49
206 11671207 203 7 1 21
207 11671207 203 8 8 45
208 11696063 205 0 3 62
209 11782146 209 4 5 39
210 11782146 209 7 5 39
211 11907540 210 5 3 7
212 11907540 210 3 3 1
213 11947847 216 9 5 2
214 11991463 217 9 5 39
215 12089488 224 3 2 49443
216 12342996 229 6 4 17
217 12595136 230 8 4 78
218 12595136 230 8 3 136
219 12595136 230 3 0 48
220 12595136 230 8 8 135
221 12595136 230 3 1 230
222 12595136 230 0 9 29
223 12595136 230 0 5 11
224 12635109 232 10 5 1
225 13083901 233 1 1 8
226 13083901 233 8 2 4
227 13083901 233 6 7 1
228 13083901 233 4 8 5
229 13083901 233 1 8 5
230 13083901 233 7 4 1153
231 13303011 237 4 9 11
232 13303011 237 10 5 107
233 13303011 237 4 6 47
234 13888881 241 6 9 1226
235 13888881 241 4 4 14
236 13888881 241 9 2 5857
237 13888881 241 3 7 55
238 13888881 241 3 6 1
239 13888881 241 1 5 3364
240 13888881 241 6 1 6
241 13888881 241 1 8 1
242 13888881 241 9 5 1682
243 13888881 241 6 10 8112
244 13944420 246 7 0 7
245 13965768 249 5 5 21
246 13978184 252 1 10 17
247 13990784 253 0 6 55
248 14270784 259 5 7 25
249 14270784 259 9 3 623
250 14270784 259 1 7 25
251 14270784 259 10 7 25
252 14270784 259 9 7 25
253 14270784 259 7 0 14
254 14270784 259 9 1 891
255 14826136 262 3 10 6
256 14826136 262 0 8 21
257 14826136 262 4 4 12
258 14826136 262 4 10 18
259 14826136 262 9 4 1
260 14826136 262 0 9 30
261 14826136 262 2 5 1
262 14826136 262 3 0 9
263 14895592 263 8 10 3048
264 14906027 264 4 4 5132
265 15015241 269 4 9 210
266 15015241 269 4 7 59
267 15015241 269 4 10 438
268 15124324 279 0 10 162
269 15204931 282 8 5 23
270 15284357 285 4 8 94
271 15291317 286 10 1 210
272 16160168 287 4 8 5
273 16160168 287 4 3 11
274 16160168 287 1 1 3
275 16160168 287 8 7 1615
276 16160168 287 5 5 70
277 16160168 287 3 6 24
278 16160168 287 0 6 24
279 16160168 287 5 10 7
280 16160168 287 1 2 3
281 16160168 287 1 4 10
282 16160168 287 10 3 5
283 16160168 287 1 8 5
284 16160168 287 9 8 5
285 16160168 287 9 3 5
286 16160168 287 7 6 24
287 16160168 287 4 1 3
288 16486675 291 6 9 731
289 16486675 291 0 8 26
290 16486675 291 7 0 3
291 16486675 291 5 8 8
292 16486675 291 1 9 1096
293 16486675 291 7 1 1536
294 16785971 292 10 9 529
295 16785971 292 1 10 2
296 16859611 297 1 10 64
297 16992187 298 9 1 12
298 16992187 298 9 6 844
299 17365377 303 4 8 324
300 17365377 303 10 0 1
301 17365377 303 8 1 25
302 17365377 303 3 7 1
303 17365377 303 9 10 14
304 17571418 304 3 8 10
305 17571418 304 3 0 17
306 17571418 304 2 1 7
307 17571418 304 2 2 74
308 17571418 304 3 3 9291
309 17630269 307 0 4 476
310 17698988 308 6 4 147
311 17733005 310 7 6 6
312 17733005 310 10 6 6
313 17733005 310 7 1 442
314 17733005 310 10 7 73
315 17790519 311 3 10 57
316 18283624 317 4 7 3013
317 18283624 317 8 10 110
318 18283624 317 8 5 964
319 18283624 317 9 10 55
320 18283624 317 4 9 5
321 18283624 317 10 7 1004
322 18283624 317 10 9 27
323 18283624 317 7 1 42
324 18283624 317 1 4 32
325 18283624 317 1 3 109
326 18339967 323 5 9 187
327 18452902 324 4 9 142
328 18509612 327 2 10 1020
329 18509612 327 3 3 686
330 18509612 327 1 10 1020
331 18717105 328 4 9 2
332 18793744 330 0 4 194
333 18793744 330 0 5 91
334 18856587 335 1 0 231
335 18923976 337 4 0 12758
336 18923976 337 4 8 4762
337 18928211 338 7 5 18
338 19062589 339 10 7 31
339 19062589 339 8 5 95
340 19062589 339 6 3 215
341 19272744 340 6 9 153
342 19272744 340 7 0 20
343 19272744 340 6 2 7
344 19334436 344 4 7 106
345 19397247 347 8 7 80
346 19397247 347 8 9 74
347 19528936 353 0 1 6
348 19528936 353 0 9 9
349 19528936 353 0 0 27082
350 19531989 354 2 5 5284
351 19587663 358 1 4 2379
352 19587663 358 0 8 24
353 19698993 362 5 2 1
354 19782263 366 7 9 52
355 19903820 369 3 3 18
356 19903820 369 1 7 2
357 19903820 369 3 9 224
358 19903820 369 6 3 6
359 20106864 370 2 10 11
360 20106864 370 4 8 3
361 20106864 370 7 9 23
362 20141012 373 6 3 66
363 20144115 374 7 10 23
364 20155101 377 9 8 86
365 20160800 379 1 3 2
366 20310107 380 10 6 315
367 20310107 380 10 0 984
368 20376384 386 8 3 1952
369 20544374 388 0 2 35
370 21033420 390 9 1 110
371 21033420 390 8 10 1
372 21033420 390 3 4 27
373 21033420 390 5 0 14
374 21033420 390 4 9 174
375 21033420 390 1 4 27
376 21033420 390 10 5 13
377 21207769 392 7 5 1283
378 21207769 392 2 4 427
379 21230327 393 8 1 46
380 21830385 395 9 0 440
381 21830385 395 3 5 177
382 21830385 395 7 1 1
383 21830385 395 5 4 1
384 21830385 395 10 3 10
385 21830385 395 2 3 10
386 21830385 395 4 0 881
387 21830385 395 6 9 17890
388 21888731 398 9 9 103
389 22153347 402 9 0 2920
390 22153347 402 2 2 7
391 22192802 405 9 5 62
392 22320194 407 2 3 139
393 22740283 409 5 3 3
394 22740283 409 2 8 120
395 22740283 409 8 4 782
396 22740283 409 2 9 45
397 22740283 409 2 6 1
398 22740283 409 1 7 15
399 22740283 409 6 1 1627
400 22740283 409 5 4 2
401 22740283 409 1 8 13
402 22740283 409 2 1 542
403 22759888 410 2 3 1
404 22968701 413 9 1 56
405 22968701 413 9 3 3
406 23004544 416 8 1 2
407 23016899 419 3 8 77
408 23056270 420 7 10 64
409 23152161 422 3 2 3415
410 23152161 422 5 3 54
411 23241667 424 7 8 143
412 23989784 428 5 10 4
413 23989784 428 4 6 1
414 23989784 428 4 1 2673
415 23989784 428 9 6 1
416 23989784 428 1 2 17
417 23989784 428 9 0 1
418 23989784 428 2 8 2
419 23989784 428 10 8 2
420 23989784 428 8 1 7352
421 23989784 428 7 6 2
422 23989784 428 2 1 668
423 23989784 428 5 6 1
424 23989784 428 6 6 1
425 23989784 428 2 5 822
426 23989784 428 2 10 25
427 23989784 428 6 7 1
428 23989784 428 8 8 2
429 23989784 428 9 2 2
430 24409266 430 1 8 4
431 24409266 430 5 6 190
432 24409266 430 1 1 2103
433 24409266 430 10 5 33
434 24409266 430 9 4 67
435 24409266 430 2 3 2
436 24409266 430 10 0 9
437 24409266 430 3 1 3154
438 24409266 430 4 6 190
439 24440602 433 7 4 12730
440 24512337 435 0 6 24
441 24512337 435 7 1 108
442 24698914 449 9 6 39058
443 24731860 452 8 10 147
444 25100653 457 2 0 8
445 25100653 457 5 1 53
446 25100653 457 4 3 14
447 25100653 457 8 9 13
448 25100653 457 6 9 40
449 25100653 457 0 0 8
450 25259441 460 1 6 9
451 25259441 460 1 0 38977
452 25583830 461 0 2 5
453 25583830 461 8 7 1
454 25583830 461 4 7 1
455 25583830 461 1 0 1
456 25583830 461 7 5 1
457 25585805 462 10 3 3197
458 25628348 465 0 0 7
459 26644898 466 6 3 1801
460 26644898 466 5 9 4
461 26644898 466 9 1 2
462 26644898 466 8 5 1
463 26644898 466 10 3 1801
464 26644898 466 1 9 4
465 26644898 466 0 9 20
466 26644898 466 3 6 8
467 26644898 466 2 8 1
468 26644898 466 6 4 217
469 26644898 466 9 9 8
470 26644898 466 10 6 16
471 26644898 466 10 7 22
472 26644898 466 6 9 4
473 26644898 466 3 2 100
474 26896574 467 10 7 23
475 26896574 467 10 9 8
476 26896574 467 9 1 1
477 26896574 467 9 0 3875
478 26896574 467 0 9 8
479 26896574 467 5 9 8
480 26896574 467 6 0 430
481 26896574 467 9 5 5
482 26896574 467 2 3 1
483 26965657 468 7 10 33231
484 27038955 471 4 10 7385
485 27394563 473 10 10 1
486 27394563 473 1 2 15
487 27394563 473 9 2 7
488 27394563 473 7 10 5
489 28277340 475 8 10 5
490 28277340 475 9 7 9
491 28277340 475 7 10 5
492 28277340 475 4 3 1
493 28277340 475 3 2 1
494 28277340 475 5 9 5
495 28277340 475 1 1 3
496 28277340 475 8 3 1
497 28277340 475 0 1 6
498 28286397 476 6 10 30
499 28372749 478 8 2 76
500 28481872 482 10 0 122
501 28608066 487 5 4 344
502 28608066 487 5 0 66373
503 28608066 487 5 3 3411
504 28608066 487 5 8 1304
505 28611697 488 10 4 7643
506 28719518 489 9 0 11786
507 28719518 489 0 0 785
508 28783522 494 7 2 10
509 29614038 498 1 6 1
510 29614038 498 1 3 1
511 29614038 498 5 3 1
512 29614038 498 7 8 514
513 29614038 498 2 5 526
514 29614038 498 10 1 35
515 29614038 498 3 4 50
516 29614038 498 0 6 1
517 29614038 498 6 7 7
518 29614038 498 1 5 175
519 29614038 498 2 10 13
520 29614038 498 7 2 9
521 29614038 498 5 0 10
522 29614038 498 6 3 1
523 29748821 504 0 9 148
524 29759559 506 7 10 2637
525 30225322 507 3 3 26
526 30225322 507 2 10 89
527 30225322 507 9 4 1429
528 30225322 507 8 7 145
529 30225322 507 6 1 1
530 30225322 507 5 3 2
531 30225322 507 7 10 178
532 30225322 507 6 7 800
533 30248540 509 2 1 115
534 30412481 510 6 10 29
535 30412481 510 6 8 7
536 30412481 510 6 9 1
537 30911084 513 3 9 20
538 30911084 513 1 6 240
539 30911084 513 2 2 30
540 30911084 513 8 10 2
541 30911084 513 4 8 1009
542 30911084 513 3 2 6
543 30911084 513 8 1 5
544 30911084 513 4 4 200
545 30911084 513 4 3 5
546 30911084 513 0 3 5
547 31013592 516 1 3 1
548 31013592 516 10 3 54
549 31057287 524 1 8 1009
550 31069078 525 2 7 173
551 31079668 526 3 2 56
552 31129030 529 4 9 374
553 31146099 531 3 0 195
554 31238462 535 9 1 238
555 31238462 535 0 7 12
556 31259921 537 10 10 11
557 31392505 542 1 4 16
558 31392505 542 1 6 65
559 31553754 550 2 6 6
560 31553754 550 3 6 6
561 31668037 551 6 1 7
562 31710808 553 2 2 3
563 32572384 555 8 4 829
564 32572384 555 9 1 95
565 32572384 555 1 9 2
566 32572384 555 9 0 1
567 32572384 555 6 0 1
568 32572384 555 1 2 876
569 32572384 555 8 6 23
570 32572384 555 1 10 1
571 32572384 555 9 7 3
572 32572384 555 1 5 1
573 32572384 555 8 10 1
574 32572384 555 10 1 95
575 32572384 555 7 4 829
576 32572384 555 5 2 876
577 32572384 555 7 0 1
578 32887204 556 8 0 1
579 32887204 556 0 7 15
580 32887204 556 9 10 335
581 32887204 556 3 3 23
582 32887204 556 0 5 3164
583 33048966 558 1 5 72
584 33048966 558 1 1 97
585 33048966 558 1 9 64
586 33082052 560 6 0 10
587 33191993 562 10 10 8302
588 33275417 563 10 7 235
589 33340482 565 1 3 65
590 33340482 565 1 8 222
591 33340482 565 1 5 19648
592 33685520 569 3 9 2
593 33685520 569 10 2 78
594 33685520 569 9 10 6
595 33685520 569 2 9 2
596 33685520 569 9 9 2
597 34028004 576 1 4 37
598 34028004 576 6 3 30
599 34028004 576 1 1 1
600 34036878 577 8 0 1169
601 34230126 582 4 6 282
602 34230126 582 4 2 114
603 34230126 582 4 9 88
604 34307467 583 6 8 46
605 34384129 588 4 8 19655
606 34384129 588 4 5 688
607 34385433 589 4 5 342
608 34411516 590 3 6 136
609 34469781 594 0 5 74
610 34505696 597 3 4 14
611 34552996 600 3 8 66
612 34793966 602 6 7 74
613 34907831 606 10 1 70
614 34911074 607 10 9 5247
615 35014393 611 0 8 1981
616 35014393 611 7 6 205
617 35014393 611 8 2 17
618 35771153 612 6 3 1
619 35771153 612 5 4 80
620 35771153 612 7 10 5
621 35771153 612 8 9 1
622 35771153 612 2 0 71
623 35771153 612 2 8 8
624 35771153 612 6 10 5
625 35771153 612 0 7 2539
626 35771153 612 5 0 214
627 35771153 612 5 5 360
628 35771153 612 3 0 71
629 35771153 612 6 4 26
630 35771153 612 2 7 2539
631 35771153 612 0 3 1
632 35771153 612 7 2 448
633 35771153 612 1 9 14
634 35771153 612 9 4 26
635 35771153 612 7 9 1
636 35771153 612 8 8 8
637 35834773 613 3 2 20
638 36549632 616 3 9 11
639 36549632 616 9 9 8
640 36549632 616 1 2 1
641 36549632 616 7 7 200
642 36549632 616 6 8 1
643 36549632 616 5 1 1
644 36549632 616 10 10 1709
645 36549632 616 8 5 11051
646 36549632 616 3 3 62
647 36549632 616 4 4 78
648 36549632 616 4 3 20
649 36549632 616 3 0 988
650 36549632 616 10 7 200
651 36549632 616 9 3 20
652 36549632 616 6 3 145
653 36549632 616 2 8 1
654 36549632 616 3 10 854
655 36549632 616 0 5 1227
656 36563266 617 4 2 116
657 36672950 621 10 8 18
658 36693279 624 4 5 2839
659 36693279 624 0 5 2839
660 36793720 626 2 7 117
661 36793720 626 2 5 2333
662 36793720 626 2 9 226
663 36813518 627 1 4 258
664 36895030 628 1 9 181
665 36895030 628 1 10 95
666 36971727 631 5 1 1
667 37150463 633 5 4 225
668 37150463 633 5 0 4797
669 37184511 634 7 5 82
670 37228617 635 5 8 1373
671 37228617 635 5 5 334
672 37274263 637 2 10 16
673 37274263 637 7 10 8
674 37326250 640 1 0 113
675 37773497 644 6 10 1
676 37773497 644 4 3 21
677 37773497 644 10 7 92
678 37773497 644 0 2 152
679 37773497 644 10 3 10
680 37773497 644 9 3 64
681 37773497 644 1 4 647
682 37773497 644 8 6 1
683 37773497 644 7 6 1
684 37773497 644 7 10 1
685 37803644 647 1 3 1338
686 37923598 664 5 3 26
687 37988012 668 5 5 82
688 37994068 670 5 9 92
689 38590215 671 5 4 1342
690 38590215 671 3 6 8
691 38590215 671 10 10 4
692 38590215 671 4 3 61
693 38590215 671 5 2 6
694 38590215 671 2 9 68
695 38621390 674 4 2 83
696 38710416 675 2 10 205
697 38772571 678 6 6 409
698 38842426 681 1 5 12
699 39320831 683 10 7 1097
700 39320831 683 6 5 1
701 39320831 683 7 8 11
702 39320831 683 8 2 3054
703 39320831 683 5 1 25
704 39320831 683 0 0 1
705 39320831 683 5 3 29
706 39320831 683 3 6 31
707 39363226 687 0 8 15
708 39707464 690 4 9 17
709 39707464 690 8 1 1
710 39917303 692 7 3 3329
711 39917303 692 6 10 51
712 39917303 692 2 5 10
713 39985096 693 8 1 66
714 39985096 693 8 9 102
715 39985096 693 8 3 1542
716 40930743 695 1 6 1
717 40930743 695 4 5 71
718 40930743 695 3 6 1
719 40930743 695 2 9 1503
720 40930743 695 8 9 214
721 40930743 695 6 7 1
722 40930743 695 2 5 7
723 40930743 695 3 9 214
724 40930743 695 0 7 2
725 40930743 695 0 6 38
726 40930743 695 5 0 21
727 40930743 695 2 7 1
728 40930743 695 0 0 42
729 40930743 695 3 10 1
730 40930743 695 1 2 1587
731 40969306 697 1 6 1569
732 41185025 698 5 0 4
733 41185025 698 10 7 2
734 41185025 698 5 1 3
735 41185025 698 10 9 66
736 41299270 701 6 9 1
737 41299270 701 1 2 3
738 41484605 702 4 0 1187
739 41484605 702 4 2 28
740 41484605 702 0 2 28
741 41484605 702 0 4 649
742 41484605 702 0 5 112
743 41671654 703 2 0 74
744 41671654 703 2 8 52
745 41671654 703 9 2 9404
746 41680514 704 9 6 3990
747 41829395 710 3 7 220
748 41938950 714 2 8 105
749 42321128 718 3 3 31
750 42321128 718 0 9 31
751 42321128 718 10 3 15
752 42321128 718 6 0 1
753 42321128 718 2 10 21
754 42488041 723 6 4 174
755 42488041 723 3 2 3584
756 42551827 724 6 8 63
757 42643722 728 3 9 53
758 42889853 732 4 3 39
759 42889853 732 4 9 138
760 42889853 732 6 8 79
761 42889853 732 0 3 15
762 43107925 735 9 9 40
763 43107925 735 9 8 70
764 43107925 735 6 2 5
765 43107925 735 9 10 136
766 43107925 735 6 7 1348
767 43761680 741 2 5 11
768 43761680 741 8 5 28
769 43761680 741 10 9 44
770 43761680 741 0 8 1
771 43761680 741 6 7 14
772 43761680 741 8 6 2
773 43761680 741 4 2 9
774 43767772 742 7 10 31
775 43960209 749 5 4 26
776 44400333 751 10 6 950
777 44400333 751 6 1 15
778 44400333 751 7 1 30
779 44400333 751 3 1 15
780 44400333 751 0 10 17
781 44400333 751 7 6 55
782 44400333 751 10 8 1
783 44400333 751 0 2 119
784 44400333 751 9 2 119
785 44480231 752 1 9 1
786 44593249 755 9 3 269
787 44715584 757 8 1 38
788 44746768 759 10 3 11
789 44807041 764 3 2 84
790 45069829 766 8 7 39
791 45069829 766 0 3 1
792 45263667 768 0 5 373
793 45263667 768 8 4 59
794 45263667 768 8 8 1321
795 45267073 770 1 5 68
796 45327115 773 6 10 17
797 45352828 774 7 5 98
798 45356504 775 9 3 95
799 45440882 778 2 9 7
800 45448554 779 4 1 18222
801 45498175 780 0 2 6098
802 45498175 780 1 1 117
803 45498175 780 2 5 4
804 45528490 782 3 4 21
805 45534158 783 7 10 8
806 45562077 785 8 2 7
807 45589634 787 1 4 3
808 45589634 787 7 4 3
809 45734565 801 9 6 20
810 45756381 802 5 2 4521
811 45825747 804 4 10 98
812 45902248 812 7 5 958
813 45905618 813 10 8 83
814 45906652 814 1 3 170
815 46018190 817 7 3 1577
816 46905743 822 7 10 1
817 46905743 822 2 3 5
818 46905743 822 2 5 26
819 46905743 822 2 10 1
820 46905743 822 6 10 1
821 46905743 822 0 9 1
822 46905743 822 1 7 276
823 46905743 822 3 10 9
824 46905743 822 10 5 78
825 46905743 822 8 8 239
826 46905743 822 9 3 1
827 46905743 822 0 1 1
828 46905743 822 8 5 156
829 46905743 822 2 9 1
830 46905743 822 3 2 3
831 46905743 822 1 8 239
832 46905743 822 10 9 1
833 46905743 822 7 1 1
834 46905743 822 2 4 5
835 46905743 822 0 4 1
836 46905743 822 10 3 3
837 47593607 823 8 10 1
838 47593607 823 1 0 8
839 47593607 823 1 1 969
840 47593607 823 2 3 1
841 47593607 823 1 4 3553
842 47593607 823 5 4 3553
843 47593607 823 3 8 10
844 47811612 825 6 9 56
845 47811612 825 7 2 27
846 47811612 825 10 9 56
847 47811612 825 0 2 27
848 47811612 825 5 2 27
849 47811612 825 4 4 187
850 47813275 826 2 8 28
851 47813275 826 9 8 28
852 47844473 828 6 0 60
853 47935243 830 1 1 74
854 47935243 830 8 1 24
855 47938893 831 1 10 1198
856 47942352 832 1 1 30673
857 48093399 833 7 2 89
858 48194485 834 9 9 14
859 48355222 842 1 10 21
860 48396758 844 1 9 851
861 48504407 850 5 2 5
862 48554982 855 2 0 234
863 48649934 857 9 0 2932
864 48799016 861 3 9 59
865 48867686 863 6 9 792
866 49333997 864 6 7 2
867 49333997 864 1 4 5
868 49333997 864 5 8 113
869 49333997 864 1 1 4
870 49333997 864 6 8 339
871 49333997 864 7 4 17
872 49333997 864 10 8 113
873 49395406 870 3 3 6
874 49458730 871 10 9 7
875 49489474 872 2 6 11
876 49638703 876 1 3 18
877 49664269 880 1 7 27314
878 49704815 881 6 2 1685
879 49704815 881 0 2 561
880 49704815 881 2 2 561
881 49704815 881 5 2 2247
882 50087144 886 1 6 1111
883 50087144 886 5 6 555
884 50087144 886 2 7 4
885 50087144 886 4 7 1
886 50087144 886 5 3 48
887 50154726 888 10 0 12
888 50533190 894 8 5 30
889 50533190 894 5 9 71
890 50533190 894 10 1 194
891 50533190 894 5 2 128
892 50533190 894 0 5 1
893 50533190 894 0 2 11
894 50533190 894 0 9 35
895 50533190 894 8 3 6
896 50558594 895 7 9 9
897 50751926 896 2 2 38
898 50855950 899 6 4 32
899 50915309 901 2 3 1484
900 50915309 901 7 2 30
901 51083346 905 6 8 95
902 51083346 905 10 8 95
903 51254942 907 4 9 76
904 51254942 907 4 5 207
905 51254942 907 4 10 3
906 51254942 907 2 4 4
907 51329039 909 9 9 226
908 51329039 909 9 5 138
909 51403693 911 8 0 1365
910 51649573 919 8 1 1
911 51649573 919 0 1 1
912 51878409 926 7 9 34
913 52749200 929 9 3 3
914 52749200 929 10 6 54
915 52749200 929 0 3 6
916 52749200 929 2 8 4
917 52749200 929 5 0 2
918 52749200 929 1 8 4
919 52749200 929 8 1 1
920 52749200 929 4 1 2
921 52749200 929 4 6 54
922 52749200 929 9 4 878
923 52749200 929 8 10 2
924 52749200 929 0 9 8
925 53255791 930 7 2 7
926 53255791 930 10 9 71
927 53255791 930 8 7 10
928 53255791 930 3 2 29
929 53255791 930 4 6 79
930 53255791 930 7 6 13
931 53255791 930 9 2 7
932 53713284 931 1 9 2119
933 53713284 931 2 0 11622
934 53713284 931 0 4 909
935 53713284 931 5 1 10
936 53713284 931 7 2 1607
937 53713284 931 4 5 349
938 53713284 931 3 2 81995
939 53713284 931 2 4 909
940 53713284 931 6 6 8
941 54016013 932 3 0 2
942 54016013 932 5 4 6
943 54016013 932 4 1 2337
944 54016013 932 0 6 9
945 54016013 932 8 8 6
946 54201634 940 0 2 131
947 54201634 940 0 7 99809
948 55012853 941 9 0 22
949 55012853 941 2 10 18
950 55012853 941 9 7 1
951 55012853 941 2 1 96
952 55012853 941 8 10 18
953 55012853 941 0 10 18
954 55012853 941 5 1 192
955 55012853 941 10 3 1
956 55012853 941 6 8 1
957 55012853 941 7 3 1
958 55012853 941 2 3 1
959 55012853 941 8 1 96
960 55012853 941 1 9 2610
961 55012853 941 1 4 1
962 55012853 941 10 0 5
963 55012853 941 6 4 1
964 55034710 944 8 1 104
965 55124684 948 5 7 73
966 55145972 949 2 4 3132
967 55250881 954 6 9 78
968 55292850 957 8 9 17
969 55407412 959 10 2 32
970 55524746 965 10 8 564
971 56092044 967 7 1 1476
972 56092044 967 4 7 243
973 56092044 967 1 1 369
974 56092044 967 1 3 4
975 56092044 967 7 9 4
976 56092044 967 4 0 9
977 56092044 967 5 9 2
978 56092044 967 0 10 13
979 56118413 969 2 0 14
980 56272055 972 10 2 558
981 56272055 972 10 6 244
982 56272055 972 10 8 28
983 56426118 973 2 5 1938
984 56426118 973 0 2 17
985 56449793 975 6 8 1
986 56470848 977 7 2 1705
987 56524992 979 4 8 1268
988 56524992 979 6 1 290
989 56554515 980 10 10 306
990 56612879 987 7 9 42
991 56624601 988 8 4 7153
992 56628701 989 7 5 56
993 56646067 990 4 1 2
994 56850919 994 1 1 1
995 56850919 994 5 4 38
996 56850919 994 2 0 3
997 56850919 994 4 4 38
998 56850919 994 7 1 8
999 56873810 995 5 6 518
