11 355 1000
0 13391 0 9 1 6
1 13391 0 1 1 3
2 13391 0 9 2 76
3 51107 3 5 1 14
4 59157 4 7 5 43
5 93421 9 4 2 98
6 93421 9 1 3 74
7 93421 9 4 6 70
8 93421 9 7 6 23
9 93421 9 7 10 1
10 93421 9 4 4 2
11 131147 13 7 4 3064
12 131147 13 3 4 1361
13 131147 13 3 1 265
14 131147 13 8 4 340
15 171575 17 9 7 5
16 171575 17 2 7 2
17 171575 17 3 1 44
18 171575 17 3 10 26
19 171575 17 2 4 12
20 171575 17 0 9 5269
21 179016 18 1 4 20
22 179016 18 1 8 1476
23 201395 21 4 8 86
24 201395 21 3 9 94
25 201395 21 3 8 86
26 209292 25 3 0 5933
27 237045 29 2 4 83
28 243481 31 3 6 1
29 259554 37 4 6 62
30 259554 37 0 10 4
31 259554 37 3 9 6321
32 259554 37 6 10 4
33 267850 38 10 5 110
34 271896 39 6 5 20
35 274644 40 0 1 119
36 289428 44 1 5 455
37 289428 44 1 9 19650
38 290691 45 4 6 1063
39 302157 50 10 0 44
40 302157 50 2 3 14
41 382307 51 5 7 5
42 382307 51 7 9 1
43 382307 51 7 0 21
44 382307 51 10 6 1
45 382307 51 3 8 13
46 388573 56 5 0 1
47 431384 59 1 1 67
48 431384 59 8 10 27
49 431384 59 8 9 18
50 431384 59 5 6 19
51 431384 59 8 5 14
52 431384 59 2 4 8
53 431384 59 2 3 5
54 439383 61 10 2 24
55 454206 66 0 7 227
56 454206 66 0 10 2896
57 457690 68 4 4 13
58 472201 71 8 0 65
59 484170 72 6 2 8
60 484170 72 6 0 6120
61 484420 73 6 6 58
62 486081 74 3 7 8
63 486081 74 7 7 25
64 534787 75 10 5 1270
65 534787 75 9 9 33
66 534787 75 4 4 7
67 534787 75 1 6 163
68 534787 75 10 7 1
69 534787 75 6 10 7
70 534787 75 9 4 1
71 541343 77 9 4 42
72 541343 77 6 4 52
73 614865 84 3 8 1
74 614865 84 2 7 21
75 614865 84 6 4 5
76 631487 89 7 0 56
77 631487 89 7 1 10154
78 631487 89 7 9 100
79 638994 92 4 0 66
80 649175 94 5 5 756
81 649175 94 1 5 756
82 662502 97 9 9 1843
83 699619 99 0 8 1
84 699619 99 0 10 3070
85 699619 99 7 10 3070
86 763240 102 5 10 21
87 763240 102 9 4 16
88 763240 102 0 2 483
89 763240 102 4 4 4
90 763240 102 6 4 12
91 774349 104 4 8 216
92 774349 104 4 7 132
93 805529 108 2 3 69
94 805529 108 2 0 226
95 806000 109 6 0 101
96 809413 110 3 7 345
97 809413 110 3 0 197
98 811773 112 9 1 2
99 829043 117 0 4 101
100 829043 117 0 9 4276
101 838376 118 2 2 2
102 838376 118 5 7 55
103 838376 118 4 2 2
104 846372 124 7 3 7
105 849128 126 0 0 119
106 865235 127 0 0 130
107 865235 127 0 5 244
108 875569 132 6 7 7571
109 875569 132 5 1 6
110 881739 134 8 3 3
111 881739 134 1 9 76
112 882152 135 1 6 8481
113 897772 136 8 10 32
114 897772 136 8 8 31
115 897772 136 1 7 22
116 897772 136 1 5 496
117 897772 136 1 0 2006
118 948996 137 3 1 38
119 948996 137 4 0 56
120 948996 137 9 4 99
121 948996 137 1 7 3
122 948996 137 8 3 48
123 964665 143 0 2 200
124 964665 143 0 5 3991
125 978926 147 9 6 19051
126 982062 148 0 10 87
127 1048084 154 2 1 33
128 1048084 154 5 2 498
129 1048084 154 6 2 748
130 1048084 154 5 0 2
131 1048084 154 3 2 249
132 1048084 154 6 4 10
133 1048084 154 7 7 642
134 1048084 154 7 6 115
135 1048084 154 4 1 16
136 1113658 160 4 0 11
137 1113658 160 6 7 1
138 1113658 160 3 1 1
139 1113658 160 3 9 4
140 1113658 160 9 1 1
141 1113658 160 1 6 2
142 1113658 160 6 1 1
143 1113658 160 5 6 2
144 1115892 161 10 8 1
145 1135930 162 2 3 191
146 1135930 162 6 10 5
147 1135930 162 7 3 382
148 1135930 162 2 1 2890
149 1146417 165 6 5 220
150 1146417 165 8 3 93
151 1150028 168 8 2 30
152 1150028 168 5 2 15
153 1158960 170 3 3 61
154 1158960 170 3 6 163
155 1164428 172 7 2 54
156 1175269 174 9 10 9
157 1176380 175 2 6 13
158 1197286 177 3 5 42
159 1197286 177 3 3 2171
160 1197286 177 3 6 172
161 1197286 177 0 7 35
162 1200213 179 8 7 57
163 1227011 192 3 10 87
164 1277536 198 2 10 7
165 1277536 198 5 4 4
166 1277536 198 2 4 2
167 1277536 198 2 2 6
168 1296800 203 8 6 48
169 1296800 203 7 5 4342
170 1296800 203 7 8 150
171 1300928 206 3 6 88
172 1304160 208 10 7 217
173 1325430 211 10 6 59
174 1332384 217 6 4 13
175 1336624 220 0 5 2340
176 1342532 223 2 2 68
177 1342532 223 2 7 68
178 1342532 223 7 2 68
179 1343276 224 3 4 238
180 1345285 225 6 8 316
181 1347752 227 4 7 1033
182 1371444 229 2 3 28
183 1371444 229 6 8 118
184 1371444 229 2 8 118
185 1371444 229 2 4 52
186 1371444 229 2 7 9
187 1371444 229 0 5 4
188 1399459 230 8 6 13
189 1399459 230 3 0 48
190 1399459 230 3 4 78
191 1399459 230 0 8 16
192 1399459 230 0 9 29
193 1399459 230 3 9 29
194 1399459 230 8 2 48
195 1453766 233 1 1 8
196 1453766 233 8 10 9
197 1453766 233 8 5 9
198 1453766 233 5 7 1
199 1453766 233 5 1 8
200 1453766 233 4 0 7
201 1453766 233 1 6 6
202 1453766 233 0 2 13
203 1453766 233 2 0 22
204 1453766 233 10 10 9
205 1453766 233 1 3 4
206 1453766 233 7 5 3
207 1453766 233 0 7 1
208 1461395 236 5 6 55
209 1478112 237 10 6 47
210 1478112 237 4 3 1
211 1478112 237 4 7 51
212 1478112 237 4 1 55
213 1478112 237 4 2 27
214 1479369 238 3 7 58456
215 1479369 238 3 9 432
216 1487689 240 1 6 190
217 1543209 241 9 1 6
218 1543209 241 1 4 14
219 1543209 241 6 3 1
220 1543209 241 1 2 1952
221 1543209 241 9 9 3679
222 1543209 241 3 9 1226
223 1543209 241 1 7 12
224 1551752 249 7 5 43
225 1585642 259 0 1 891
226 1585642 259 3 1 891
227 1585642 259 10 3 623
228 1585642 259 1 7 25
229 1585642 259 5 5 85
230 1585642 259 4 1 891
231 1585642 259 3 0 14
232 1585642 259 10 7 25
233 1585757 260 0 8 471
234 1647348 262 4 9 15
235 1647348 262 2 9 15
236 1647348 262 8 10 55
237 1647348 262 4 6 17
238 1647348 262 2 8 7
239 1647348 262 4 4 12
240 1647348 262 9 2 6
241 1647348 262 4 8 7
242 1647348 262 9 8 7
243 1655065 263 0 10 3048
244 1660249 267 8 9 312
245 1661478 268 9 0 17
246 1674954 271 2 7 8
247 1677102 274 8 9 85
248 1681531 281 1 7 651
249 1689436 282 8 0 16296
250 1689436 282 8 10 44
251 1689436 282 8 6 237
252 1698261 285 4 7 350
253 1698261 285 4 3 17
254 1698261 285 4 10 220
255 1795574 287 7 9 1
256 1795574 287 5 8 5
257 1795574 287 5 3 5
258 1795574 287 8 2 9
259 1795574 287 3 4 1
260 1795574 287 6 3 11
261 1795574 287 8 8 5
262 1795574 287 6 4 1
263 1795574 287 5 4 1
264 1795574 287 2 1 3
265 1795574 287 9 5 2
266 1795574 287 2 6 24
267 1796177 288 8 10 108
268 1796823 289 10 10 47
269 1831852 291 10 0 1
270 1831852 291 8 2 34357
271 1831852 291 8 0 6
272 1831852 291 0 7 111
273 1831852 291 9 1 256
274 1831852 291 2 5 25
275 1831852 291 10 1 2688
276 1831852 291 6 0 3
277 1831852 291 10 9 365
278 1831852 291 6 6 409
279 1831852 291 5 0 3
280 1831852 291 4 9 182
281 1865107 292 1 8 1090
282 1865107 292 3 8 654
283 1865107 292 1 0 6
284 1865107 292 3 0 12
285 1872173 296 4 7 61
286 1888020 298 1 0 21
287 1888020 298 9 5 37
288 1888020 298 9 3 134
289 1891850 301 2 5 59
290 1891850 301 1 6 4864
291 1893004 302 2 8 113
292 1929486 303 1 7 3
293 1929486 303 3 2 1892
294 1929486 303 4 6 795
295 1929486 303 8 8 324
296 1929486 303 1 8 973
297 1929486 303 4 2 1892
298 1929486 303 9 10 14
299 1929486 303 1 0 1
300 1952379 304 3 6 1731
301 1956798 305 6 7 116
302 1958918 307 5 4 3332
303 1958918 307 4 4 476
304 1966554 308 6 3 284
305 1966554 308 6 5 6089
306 1966554 308 6 7 58523
307 1966867 309 3 0 37
308 1970333 310 10 7 73
309 1970333 310 7 6 6
310 2031513 317 6 5 3859
311 2031513 317 10 8 83
312 2031513 317 5 10 55
313 2031513 317 8 8 83
314 2031513 317 10 9 27
315 2031513 317 2 0 4
316 2031513 317 3 9 5
317 2031513 317 10 7 1004
318 2031513 317 3 8 167
319 2031513 317 0 5 1929
320 2031513 317 10 4 10
321 2050322 324 1 5 7
322 2050322 324 3 10 24
323 2079678 328 0 0 1
324 2079678 328 8 5 297
325 2079678 328 6 3 1
326 2079678 328 10 0 312
327 2079678 328 6 5 594
328 2079678 328 2 5 297
329 2088193 330 0 10 1364
330 2102664 337 4 8 4762
331 2118065 339 5 5 951
332 2118065 339 6 3 215
333 2118065 339 6 5 190
334 2141416 340 6 9 153
335 2141416 340 7 7 2998
336 2141416 340 3 2 3
337 2153926 346 3 5 489
338 2155249 347 8 7 80
339 2158044 349 2 6 2272
340 2169881 353 0 5 7115
341 2170221 354 2 5 5284
342 2171427 355 0 6 29
343 2172288 356 6 0 96
344 2176407 358 1 8 49
345 2176407 358 1 4 2379
346 2176407 358 0 8 24
347 2188777 362 8 2 2
348 2188777 362 0 2 1
349 2200734 368 0 7 1327
350 2211535 369 1 9 476
351 2211535 369 3 9 224
352 2234096 370 10 5 1
353 2234096 370 10 2 9
354 2234096 370 8 3 10
355 2256678 380 10 0 984
356 2259626 383 4 6 187
357 2282708 388 7 9 4765
358 2282708 388 7 5 19
359 2337046 390 6 6 114
360 2337046 390 1 4 27
361 2337046 390 4 5 20
362 2337046 390 9 10 1
363 2337046 390 10 8 767
364 2337046 390 2 6 114
365 2337046 390 4 7 3
366 2337046 390 7 9 1924
367 2337046 390 7 6 114
368 2337046 390 1 0 29
369 2337565 391 5 3 356
370 2356418 392 10 2 117
371 2356418 392 4 9 3
372 2356418 392 9 0 19
373 2356418 392 2 2 58
374 2425598 395 1 3 52
375 2425598 395 4 8 33
376 2425598 395 9 10 10
377 2425598 395 8 1 33
378 2425598 395 2 10 10
379 2425598 395 5 5 177
380 2425598 395 8 2 1
381 2425598 395 0 5 177
382 2425598 395 4 1 1
383 2425598 395 0 0 1322
384 2425598 395 3 7 1
385 2430358 396 8 1 405
386 2438212 401 10 3 1192
387 2438212 401 1 3 1192
388 2461483 402 9 9 42
389 2461483 402 2 8 69
390 2461483 402 2 2 7
391 2461483 402 9 6 88
392 2461483 402 9 7 35
393 2462383 403 4 8 15143
394 2465866 405 9 5 62
395 2526698 409 6 5 797
396 2526698 409 1 5 797
397 2526698 409 2 2 23
398 2526698 409 10 0 1584
399 2526698 409 5 7 1
400 2526698 409 10 2 3
401 2526698 409 1 7 15
402 2552077 413 9 4 9414
403 2552077 413 2 4 4707
404 2557433 419 6 1 60
405 2562338 421 5 9 27455
406 2572462 422 4 2 5692
407 2572462 422 9 7 4
408 2572462 422 7 2 569
409 2582407 424 7 3 5146
410 2584138 425 10 3 34
411 2665531 428 2 2 1
412 2665531 428 9 2 2
413 2665531 428 7 2 2
414 2665531 428 5 4 1
415 2665531 428 2 5 822
416 2665531 428 6 7 1
417 2665531 428 10 2 1
418 2665531 428 6 3 3
419 2665531 428 8 1 7352
420 2665531 428 6 8 7
421 2665531 428 3 0 1
422 2665531 428 7 4 1
423 2665531 428 3 4 28
424 2665627 429 0 6 415
425 2712140 430 1 1 2103
426 2712140 430 9 4 67
427 2712140 430 7 3 21
428 2712140 430 10 2 18
429 2712140 430 4 7 17
430 2712140 430 10 3 29
431 2712140 430 1 0 2
432 2712140 430 8 2 36
433 2714644 431 6 0 184
434 2723593 435 6 6 24
435 2725562 437 8 1 4733
436 2729634 440 6 3 60
437 2729634 440 0 3 120
438 2729634 440 5 0 14
439 2743373 448 6 1 2
440 2744559 450 9 4 2471
441 2744576 451 10 10 11840
442 2788961 457 2 1 1
443 2788961 457 2 6 6
444 2788961 457 6 6 6
445 2788961 457 0 5 64
446 2788961 457 7 1 3
447 2792895 458 4 4 1978
448 2806604 460 1 3 39
449 2842647 461 8 5 283
450 2842647 461 7 6 614
451 2842647 461 1 0 1
452 2842647 461 6 5 4
453 2842647 461 5 7 1
454 2842647 461 1 7 1
455 2845764 463 2 0 60
456 2846947 464 9 0 17
457 2847594 465 0 0 7
458 2960544 466 7 1 8
459 2960544 466 2 5 1
460 2960544 466 8 9 4
461 2960544 466 2 1 5
462 2960544 466 9 6 4
463 2960544 466 8 0 7
464 2960544 466 7 3 3602
465 2960544 466 0 9 20
466 2960544 466 4 3 1801
467 2960544 466 1 7 1
468 2960544 466 4 2 50
469 2960544 466 0 5 6
470 2960544 466 9 10 12
471 2960544 466 0 6 12
472 2960544 466 4 6 4
473 2960544 466 7 0 15
474 2960544 466 8 6 4
475 2960544 466 1 3 3602
476 2988508 467 10 8 39
477 2988508 467 10 1 1
478 2996184 468 7 6 61
479 2998050 469 6 3 3988
480 3004328 471 4 10 7385
481 3012165 472 2 0 14
482 3043840 473 10 8 52
483 3043840 473 8 8 104
484 3043840 473 8 2 15
485 3043840 473 6 9 2
486 3043840 473 2 7 26
487 3043840 473 8 6 5
488 3141926 475 3 3 1
489 3141926 475 9 2 6
490 3141926 475 8 6 4
491 3141926 475 7 8 5
492 3141926 475 9 0 1
493 3141926 475 8 10 5
494 3141926 475 5 3 1
495 3141926 475 10 10 5
496 3141926 475 10 5 2
497 3141926 475 0 4 2
498 3141926 475 7 3 1
499 3141926 475 0 2 1
500 3141926 475 0 1 6
501 3141926 475 9 7 9
502 3141926 475 8 9 5
503 3141926 475 3 1 3
504 3141926 475 1 5 13
505 3141926 475 10 9 10
506 3141926 475 6 7 85
507 3141926 475 1 0 6
508 3152497 477 2 1 282
509 3152497 477 2 5 349
510 3159961 479 3 9 2
511 3163471 480 5 8 224
512 3164652 482 10 0 122
513 3166738 483 5 10 8
514 3178674 487 5 3 3411
515 3191057 489 9 10 7526
516 3191057 489 2 0 1571
517 3191057 489 8 9 31
518 3290448 498 1 6 1
519 3290448 498 9 5 175
520 3290448 498 2 2 23
521 3290448 498 4 1 17
522 3290448 498 4 2 4
523 3290448 498 1 0 10
524 3290448 498 2 3 1
525 3290448 498 10 6 1
526 3290448 498 4 3 1
527 3290448 498 5 3 1
528 3290448 498 4 10 13
529 3290448 498 8 10 26
530 3290448 498 7 0 10
531 3290448 498 9 9 1
532 3290448 498 6 6 1
533 3290448 498 9 1 319
534 3290448 498 5 8 514
535 3298074 499 7 6 4848
536 3305424 504 6 9 296
537 3358369 507 6 3 7
538 3358369 507 8 6 3
539 3358369 507 4 7 72
540 3358369 507 6 8 26
541 3358369 507 3 6 3
542 3358369 507 9 4 1429
543 3358369 507 5 1 2
544 3358369 507 9 2 5
545 3358369 507 2 10 89
546 3358369 507 4 4 1429
547 3379620 511 8 2 14390
548 3434564 513 4 3 5
549 3434564 513 2 3 5
550 3434564 513 2 4 200
551 3434564 513 0 5 345
552 3434564 513 2 7 5
553 3434564 513 7 0 1
554 3434564 513 3 8 1009
555 3434564 513 9 5 690
556 3434564 513 9 10 2
557 3434928 514 9 9 87
558 3445954 516 8 3 12
559 3445954 516 5 3 1
560 3445954 516 2 3 1
561 3445954 516 3 3 1
562 3448227 520 0 2 1008
563 3461664 533 4 4 779
564 3463149 534 3 4 114
565 3470940 535 1 7 6
566 3475490 539 9 1 15
567 3488056 542 1 0 34
568 3488056 542 1 9 38
569 3488056 542 1 3 210
570 3496906 547 4 6 189
571 3505972 550 1 6 6
572 3619153 555 6 8 7
573 3619153 555 2 8 7
574 3619153 555 3 7 3
575 3619153 555 9 8 7
576 3619153 555 9 3 202
577 3619153 555 3 8 22
578 3619153 555 7 5 11
579 3619153 555 9 5 1
580 3619153 555 4 4 829
581 3619153 555 4 0 3
582 3619153 555 1 6 23
583 3619153 555 3 6 47
584 3619153 555 0 2 876
585 3619153 555 10 10 2
586 3619153 555 2 4 829
587 3619153 555 1 7 14
588 3654133 556 9 10 335
589 3654133 556 3 10 335
590 3654133 556 3 1 1
591 3654133 556 3 5 3164
592 3654133 556 0 7 15
593 3654133 556 5 4 4
594 3654133 556 8 0 1
595 3654133 556 3 3 23
596 3675783 560 10 2 45
597 3687999 562 10 9 2695
598 3687999 562 10 7 2
599 3704498 565 1 2 99585
600 3704498 565 1 8 222
601 3704498 565 1 10 1219
602 3704949 567 1 5 9237
603 3742835 569 0 0 52
604 3742835 569 2 8 1
605 3742835 569 1 0 52
606 3742835 569 9 10 6
607 3742835 569 3 1 1
608 3743751 571 7 7 16
609 3780889 576 10 10 989
610 3780889 576 6 6 9
611 3780889 576 0 7 9
612 3780889 576 0 6 27
613 3780889 576 6 3 30
614 3785960 578 6 0 132
615 3786181 579 3 0 57
616 3803347 582 4 10 93
617 3803347 582 4 5 179
618 3813142 585 10 3 1425
619 3827192 591 0 1 40
620 3834618 598 4 6 39008
621 3865996 602 8 7 111
622 3865996 602 8 6 12
623 3865996 602 8 4 906
624 3880615 608 8 4 11
625 3880860 609 9 8 117
626 3890488 611 2 4 117
627 3890488 611 3 6 410
628 3974572 612 0 2 897
629 3974572 612 3 6 6
630 3974572 612 6 3 1
631 3974572 612 0 7 2539
632 3974572 612 1 4 26
633 3974572 612 10 2 448
634 3974572 612 7 3 1
635 3974572 612 3 4 26
636 3974572 612 5 10 5
637 3974572 612 9 9 8
638 3974572 612 4 0 71
639 3981641 613 3 6 58
640 4061070 616 0 8 1
641 4061070 616 3 10 854
642 4061070 616 2 7 200
643 4061070 616 2 10 854
644 4061070 616 4 1 1
645 4061070 616 8 7 200
646 4061070 616 5 1 1
647 4061070 616 9 10 1709
648 4061070 616 0 1 1
649 4061070 616 9 4 1
650 4061070 616 6 7 5205
651 4061070 616 0 7 200
652 4061070 616 4 10 6839
653 4066463 618 7 8 12
654 4067640 619 8 6 91
655 4077711 625 4 0 34
656 4088191 626 2 8 103
657 4090390 627 1 7 2270
658 4100627 630 10 6 226
659 4127829 633 5 9 17
660 4131612 634 7 0 1249
661 4141584 637 7 10 8
662 4146951 638 4 6 40
663 4146951 638 2 7 203
664 4146951 638 4 1 10
665 4197055 644 4 3 21
666 4197055 644 4 7 834
667 4197055 644 5 9 27
668 4197055 644 7 8 908
669 4197055 644 9 3 64
670 4197055 644 2 9 27
671 4197055 644 7 6 1
672 4197055 644 8 7 92
673 4197055 644 2 7 92
674 4197055 644 0 9 136
675 4203152 654 7 5 44
676 4205410 657 7 3 56
677 4206148 659 9 5 5
678 4207608 660 10 7 16605
679 4213219 661 6 0 13
680 4213733 664 5 3 26
681 4214851 665 8 8 45
682 4220890 668 5 0 9853
683 4220890 668 5 9 34
684 4287801 671 2 6 8
685 4287801 671 3 2 6
686 4287801 671 2 9 68
687 4287801 671 4 2 13
688 4287801 671 7 7 1
689 4287801 671 3 4 1342
690 4287801 671 9 4 671
691 4287801 671 8 1 238
692 4287801 671 5 2 6
693 4315825 681 6 5 12
694 4315825 681 4 4 1319
695 4315825 681 9 4 1319
696 4368981 683 6 4 638
697 4368981 683 4 9 123
698 4368981 683 10 6 135
699 4368981 683 3 6 31
700 4368981 683 7 8 11
701 4368981 683 7 10 16
702 4368981 683 9 6 10
703 4368981 683 10 3 59
704 4368981 683 8 1 50
705 4368981 683 7 2 1527
706 4384700 689 6 10 48
707 4384700 689 8 4 318
708 4411940 690 4 5 4
709 4411940 690 4 7 527
710 4411940 690 8 6 14
711 4411940 690 0 6 14
712 4413101 691 8 2 24
713 4435255 692 7 4 19
714 4435255 692 6 10 51
715 4442788 693 8 9 102
716 4443949 694 4 6 1358
717 4547860 695 9 1 7
718 4547860 695 6 4 8
719 4547860 695 4 8 1
720 4547860 695 2 4 1
721 4547860 695 7 5 28
722 4547860 695 8 10 1
723 4547860 695 5 2 793
724 4547860 695 5 10 1
725 4547860 695 0 10 3
726 4547860 695 4 6 1
727 4547860 695 10 10 1
728 4547860 695 6 5 49
729 4547860 695 4 2 1587
730 4547860 695 3 3 4
731 4547860 695 1 5 7
732 4552145 697 1 10 15
733 4552145 697 6 1 154
734 4576113 698 10 2 25
735 4576113 698 5 10 32
736 4576113 698 5 9 66
737 4576113 698 10 1 12
738 4576767 699 8 8 218
739 4609400 702 4 7 81
740 4609400 702 4 6 22
741 4609400 702 4 0 1187
742 4630183 703 9 9 325
743 4630183 703 2 2 4702
744 4630183 703 2 1 49
745 4632410 705 0 5 52
746 4633647 706 2 4 2
747 4634040 707 6 1 13
748 4647710 710 3 5 9637
749 4655415 712 2 4 49
750 4659883 714 2 8 105
751 4702347 718 6 10 2
752 4702347 718 2 9 31
753 4702347 718 3 10 5
754 4702347 718 7 1 13
755 4703940 721 4 10 231
756 4720893 723 3 6 66
757 4720893 723 3 2 3584
758 4720893 723 6 5 29
759 4720893 723 6 2 3584
760 4727980 724 6 9 286
761 4727980 724 6 10 39
762 4727980 724 6 8 63
763 4727980 724 6 1 111
764 4727980 724 6 7 124
765 4737227 727 10 10 104
766 4806790 739 10 8 67
767 4862408 741 10 0 1634
768 4862408 741 3 7 2
769 4862408 741 4 9 14
770 4862408 741 6 7 14
771 4862408 741 3 5 17
772 4875256 748 5 8 56
773 4884467 749 10 7 20
774 4933370 751 3 7 14
775 4933370 751 8 3 485
776 4933370 751 3 6 55
777 4933370 751 1 0 23
778 4933370 751 5 1 15
779 4933370 751 6 9 15
780 4933370 751 9 4 27
781 4933370 751 0 9 15
782 4933370 751 7 3 970
783 4933370 751 9 5 343
784 5007758 766 2 4 48
785 5007758 766 4 4 32
786 5009823 767 6 8 67
787 5029296 768 8 0 103
788 5036346 773 4 10 87
789 5036346 773 8 10 34
790 5039203 774 7 5 98
791 5039611 775 9 3 95
792 5048986 778 2 9 7
793 5056164 781 0 3 77
794 5059350 783 7 10 8
795 5059525 784 4 10 191
796 5065514 787 2 4 78
797 5072220 796 0 10 90
798 5080618 798 4 3 11778
799 5091749 804 4 0 117
800 5091749 804 4 9 9
801 5094047 805 1 6 154
802 5100249 812 7 5 958
803 5113846 818 9 4 82
804 5115242 819 7 3 21
805 5117903 821 6 9 68
806 5211749 822 6 1 1
807 5211749 822 8 1 1
808 5211749 822 8 10 3
809 5211749 822 0 2 3
810 5211749 822 3 4 1
811 5211749 822 9 1 1
812 5211749 822 4 2 9
813 5211749 822 7 10 1
814 5211749 822 6 5 26
815 5211749 822 1 8 239
816 5211749 822 4 5 52
817 5211749 822 4 1 1
818 5211749 822 10 8 239
819 5288178 823 9 10 1
820 5288178 823 2 9 1
821 5288178 823 10 7 751
822 5288178 823 5 4 3553
823 5288178 823 10 2 12
824 5288178 823 8 8 2
825 5288178 823 5 10 1
826 5288178 823 3 7 3756
827 5288178 823 1 4 3553
828 5288178 823 8 7 751
829 5312401 825 7 8 63
830 5312401 825 10 2 54
831 5312401 825 1 8 63
832 5312586 826 9 8 28
833 5326138 830 0 9 32
834 5326138 830 3 2 42
835 5326138 830 2 1 24
836 5343711 833 7 5 22
837 5354942 834 1 5 908
838 5360383 838 5 0 8530
839 5361543 840 10 1 81
840 5372802 842 1 4 6007
841 5372802 842 1 9 9530
842 5372802 842 1 2 12
843 5387623 846 5 7 59
844 5388193 847 6 6 38995
845 5391918 852 3 9 48
846 5397033 856 3 4 30
847 5405548 857 9 10 21849
848 5405548 857 9 8 57
849 5406987 858 7 2 1
850 5413895 859 6 6 60
851 5413895 859 6 0 3051
852 5429742 863 6 10 99
853 5481555 864 10 1 14
854 5481555 864 1 9 35
855 5481555 864 4 5 15
856 5481555 864 10 8 113
857 5481555 864 5 8 113
858 5481555 864 5 6 17
859 5481555 864 0 0 7236
860 5481555 864 7 0 3618
861 5481555 864 6 6 17
862 5481555 864 8 8 113
863 5481555 864 1 8 226
864 5481555 864 6 7 2
865 5481555 864 0 5 30
866 5481555 864 5 9 35
867 5481555 864 3 10 172
868 5485724 868 10 6 201
869 5488378 870 7 3 46
870 5488378 870 8 10 22
871 5498830 872 6 6 114
872 5508737 874 2 1 40
873 5513644 875 3 7 9
874 5516550 879 1 5 24
875 5522757 881 1 2 561
876 5522757 881 6 2 1685
877 5565238 886 2 0 14
878 5565238 886 3 8 20
879 5565238 886 4 6 555
880 5565238 886 10 3 12
881 5565238 886 9 5 77
882 5565238 886 7 2 41
883 5565238 886 4 7 1
884 5572747 888 10 10 10210
885 5572747 888 10 5 109
886 5575692 890 8 10 13
887 5614798 894 8 3 6
888 5614798 894 10 8 1
889 5614798 894 5 7 1
890 5614798 894 3 3 6
891 5639102 896 1 3 1586
892 5639102 896 9 10 16
893 5639102 896 2 0 1968
894 5642071 897 0 6 1763
895 5669769 903 1 7 111
896 5675927 905 2 8 95
897 5675927 905 10 8 95
898 5694993 907 4 4 22
899 5703226 909 9 7 11407
900 5711521 911 1 0 682
901 5738841 919 9 1 16
902 5738841 919 8 1 1
903 5738841 919 1 1 1
904 5740813 920 8 9 28
905 5740813 920 6 9 28
906 5740813 920 2 10 8
907 5741540 921 3 9 79
908 5752382 924 1 6 1
909 5764267 926 7 4 65
910 5861022 929 1 3 6
911 5861022 929 2 3 13
912 5861022 929 10 7 2
913 5861022 929 1 8 4
914 5861022 929 6 2 42
915 5861022 929 7 5 4774
916 5861022 929 10 2 4
917 5861022 929 4 6 54
918 5861022 929 3 0 2
919 5861022 929 10 10 1
920 5861022 929 4 4 2635
921 5861022 929 10 0 10
922 5861022 929 3 8 4
923 5861022 929 9 4 878
924 5861022 929 2 2 8
925 5861022 929 5 9 4
926 5861022 929 9 0 5
927 5861022 929 5 0 2
928 5861022 929 5 8 4
929 5861022 929 5 5 682
930 5917310 930 3 7 10
931 5917310 930 7 7 73
932 5917310 930 5 6 13
933 5917310 930 4 7 10
934 5968142 931 6 6 8
935 5968142 931 7 8 4
936 5968142 931 4 0 3169
937 5968142 931 3 5 4188
938 5968142 931 0 0 1056
939 5968142 931 5 9 4239
940 5968142 931 8 0 1056
941 5968142 931 10 0 3169
942 6001779 932 0 6 9
943 6001779 932 4 1 2337
944 6001779 932 8 2 902
945 6001779 932 6 8 20
946 6001779 932 6 10 47
947 6001779 932 2 8 6
948 6007549 935 1 1 1573
949 6016975 939 9 9 59
950 6016975 939 8 8 28526
951 6022403 940 0 8 217
952 6022403 940 0 2 131
953 6022403 940 0 6 15144
954 6022403 940 0 3 11398
955 6112539 941 7 2 5
956 6112539 941 7 1 96
957 6112539 941 9 4 1
958 6112539 941 5 4 1
959 6112539 941 10 4 1
960 6112539 941 1 7 1
961 6112539 941 6 6 24
962 6112539 941 7 10 36
963 6112539 941 5 5 13
964 6112539 941 9 5 13
965 6112539 941 8 6 2
966 6112539 941 2 7 1
967 6112539 941 0 0 5
968 6112539 941 1 0 5
969 6116272 946 8 9 37
970 6127330 949 6 4 3132
971 6156379 959 10 9 43
972 6165715 961 9 5 1719
973 6165715 961 3 5 343
974 6165715 961 10 5 343
975 6165715 961 4 5 343
976 6232449 967 1 3 4
977 6232449 967 7 3 8
978 6232449 967 5 0 9
979 6232449 967 0 5 43
980 6232449 967 5 3 4
981 6232449 967 0 4 14
982 6232449 967 4 9 9
983 6232449 967 4 8 44
984 6232449 967 0 10 13
985 6232449 967 4 2 15
986 6252450 972 10 10 169
987 6252450 972 10 3 94
988 6269568 973 2 7 85545
989 6269568 973 2 10 26
990 6269568 973 0 7 14257
991 6283835 980 2 10 102
992 6284949 982 3 10 41
993 6294223 992 0 10 8980
994 6302828 993 4 6 32
995 6316768 994 8 4 38
996 6316768 994 2 1 1
997 6316768 994 10 5 81
998 6316768 994 3 1 1
999 6328112 998 5 3 1030
