11 358 1000
0 24103 0 1 1 3
1 24103 0 1 5 6
2 24103 0 9 10 942
3 91994 3 10 8 592
4 91994 3 5 3 126
5 91994 3 10 1 14
6 106483 4 8 0 205
7 168158 9 4 5 248
8 168158 9 7 7 39
9 168158 9 7 5 35
10 168158 9 1 3 74
11 236064 13 8 1 265
12 236064 13 7 9 48707
13 236064 13 5 1 530
14 236064 13 5 10 495
15 236064 13 3 5 41
16 236064 13 10 5 13
17 236064 13 10 4 340
18 244086 16 9 4 3
19 308835 17 9 10 1
20 308835 17 7 4 12
21 308835 17 6 5 184
22 308835 17 7 9 658
23 322229 18 1 10 164
24 322229 18 1 1 13067
25 362511 21 4 9 47
26 362511 21 3 9 94
27 362511 21 4 0 25980
28 391445 27 7 0 130
29 391445 27 10 0 130
30 426681 29 10 4 20
31 426681 29 10 6 2425
32 426681 29 10 10 175
33 426681 29 10 7 2267
34 438266 31 5 6 1
35 467198 37 6 10 4
36 509199 41 10 7 58
37 509199 41 10 1 3192
38 520972 44 1 4 29
39 543883 50 7 10 526
40 543883 50 9 0 44
41 688153 51 10 6 1
42 688153 51 0 2 10
43 688153 51 5 7 5
44 688153 51 3 10 1
45 688153 51 3 3 15
46 688153 51 0 6 1
47 688153 51 9 4 31
48 688153 51 8 2 26
49 688153 51 9 10 1
50 688153 51 2 4 15
51 692174 54 9 10 4501
52 692433 55 0 9 3923
53 776492 59 5 2 102
54 776492 59 8 2 204
55 776492 59 5 0 2
56 776492 59 5 3 63
57 800115 65 7 7 118
58 817570 66 0 2 233
59 824267 69 5 1 15911
60 849871 70 8 7 1
61 849871 70 8 8 21
62 871506 72 6 6 108
63 871957 73 6 6 58
64 874946 74 3 7 8
65 962617 75 6 9 1
66 962617 75 9 4 1
67 962617 75 1 2 778
68 962617 75 5 1 5916
69 962617 75 5 2 778
70 962617 75 5 6 14
71 962617 75 8 1 4733
72 974418 77 4 4 10
73 977440 78 6 1 47
74 984423 80 7 4 194
75 1106757 84 2 9 84
76 1106757 84 10 8 6
77 1106757 84 6 8 1
78 1106757 84 4 8 3
79 1106757 84 4 0 7
80 1106757 84 3 4 5
81 1106757 84 3 3 8
82 1106757 84 7 9 1
83 1106757 84 6 4 5
84 1106757 84 3 1 24
85 1136677 89 7 5 6
86 1138765 90 8 3 184
87 1149939 91 7 2 550
88 1149939 91 3 2 550
89 1149939 91 8 2 550
90 1174576 96 0 5 44
91 1192503 97 0 9 1843
92 1192503 97 7 9 5530
93 1192503 97 5 9 3687
94 1192503 97 9 9 1843
95 1259315 99 9 5 5
96 1259315 99 7 9 42
97 1259315 99 9 10 3070
98 1259315 99 9 0 203
99 1373832 102 4 10 21
100 1373832 102 0 8 14609
101 1373832 102 0 1 3
102 1373832 102 5 6 1
103 1373832 102 6 4 12
104 1373832 102 8 3 17
105 1373832 102 3 8 29219
106 1373832 102 7 10 21
107 1373832 102 5 1 3
108 1373832 102 6 5 14
109 1373832 102 0 2 483
110 1373832 102 0 10 21
111 1393829 104 4 1 18
112 1393829 104 4 10 38979
113 1393829 104 4 7 132
114 1393829 104 4 6 5599
115 1449952 108 5 4 34
116 1449952 108 2 3 69
117 1449952 108 0 6 7
118 1449952 108 8 10 3
119 1450801 109 6 0 101
120 1456943 110 3 2 330
121 1461192 112 3 1 5
122 1509077 118 8 5 16
123 1514472 122 6 1 49
124 1517430 123 6 3 7858
125 1523469 124 1 3 7
126 1615990 136 1 8 15
127 1615990 136 1 3 16
128 1708193 137 2 0 4
129 1708193 137 7 10 1559
130 1708193 137 4 2 21
131 1708193 137 8 10 668
132 1708193 137 3 9 2136
133 1708193 137 9 1 12
134 1736398 143 0 5 3991
135 1767711 148 0 10 87
136 1781507 150 2 8 12718
137 1886551 154 3 4 10
138 1886551 154 7 9 11
139 1886551 154 4 0 4
140 1886551 154 3 7 1284
141 1886551 154 10 0 2
142 1886551 154 6 7 3210
143 1886551 154 1 4 10
144 1886551 154 9 4 10
145 1886551 154 8 1 5
146 1886551 154 4 5 69
147 1886551 154 3 9 11
148 1886551 154 10 8 87
149 1892664 156 2 8 23
150 2004585 160 8 5 11
151 2004585 160 2 5 5
152 2004585 160 5 9 4
153 2004585 160 6 10 5
154 2004585 160 5 2 210
155 2004585 160 2 8 613
156 2004585 160 2 0 11
157 2044674 162 7 3 382
158 2044674 162 8 10 5
159 2044674 162 5 7 225
160 2044674 162 6 3 191
161 2063551 165 10 4 73
162 2063551 165 1 5 110
163 2063551 165 9 5 110
164 2063551 165 7 4 29
165 2070051 168 7 2 30
166 2086128 170 3 10 19
167 2095971 172 6 8 29
168 2095971 172 4 2 54
169 2115484 174 7 2 9
170 2115484 174 5 4 18
171 2115484 174 6 6 96
172 2115484 174 1 7 14
173 2117485 175 2 6 13
174 2155116 177 0 2 189
175 2155116 177 0 7 35
176 2155116 177 3 0 359
177 2155116 177 3 8 268
178 2182768 187 7 1 15
179 2185839 189 1 7 16203
180 2208620 192 3 9 1320
181 2299565 198 4 1 4
182 2299565 198 4 9 7
183 2299565 198 9 5 1
184 2299992 199 7 0 72
185 2309382 202 3 5 21864
186 2334241 203 7 3 353
187 2334241 203 7 0 49
188 2335636 204 9 0 97
189 2339212 205 3 2 11780
190 2347489 208 10 7 217
191 2356429 209 3 5 39
192 2381508 210 3 3 1
193 2381508 210 0 3 1
194 2381508 210 9 3 1
195 2385775 211 9 6 59
196 2416558 223 7 9 1
197 2425954 227 4 7 1033
198 2426861 228 3 2 31
199 2426861 228 9 2 15
200 2468599 229 6 10 5
201 2468599 229 0 10 5
202 2468599 229 0 1 1
203 2519027 230 0 0 2
204 2519027 230 0 8 16
205 2519027 230 8 0 12
206 2519027 230 8 9 29
207 2519027 230 0 3 136
208 2523037 231 4 6 2
209 2616780 233 6 0 44
210 2616780 233 0 6 26
211 2616780 233 8 5 9
212 2616780 233 5 5 4
213 2616780 233 5 1 8
214 2616780 233 9 1 8
215 2618781 234 1 7 11379
216 2660602 237 4 9 11
217 2660602 237 10 8 53
218 2660602 237 10 4 215
219 2660602 237 4 6 47
220 2777776 241 7 7 6
221 2777776 241 3 5 8412
222 2777776 241 6 4 14
223 2777776 241 9 7 12
224 2777776 241 1 5 3364
225 2777776 241 7 4 14
226 2777776 241 1 2 1952
227 2777776 241 3 3 1
228 2777776 241 3 9 1226
229 2777776 241 9 1 6
230 2783616 244 4 1 1
231 2795636 252 1 10 17
232 2798722 254 2 4 52
233 2801614 255 1 1 42
234 2805081 258 3 0 83
235 2854156 259 8 5 600
236 2854156 259 7 8 2025
237 2854156 259 3 0 14
238 2854156 259 6 3 623
239 2854156 259 8 8 8101
240 2854156 259 7 1 2675
241 2854156 259 10 7 25
242 2965227 262 0 9 30
243 2965227 262 9 9 15
244 2965227 262 4 1 30
245 2965227 262 9 6 8
246 2965227 262 9 7 1
247 2965227 262 8 7 1
248 2965227 262 8 10 55
249 2965227 262 8 3 1
250 2979118 263 9 10 1524
251 3003048 269 4 6 99
252 3014918 271 1 7 8
253 3040986 282 8 0 16296
254 3056871 285 4 10 220
255 3056871 285 4 8 94
256 3232033 287 9 7 807
257 3232033 287 5 4 1
258 3232033 287 1 2 3
259 3232033 287 2 1 3
260 3232033 287 2 0 3
261 3232033 287 1 6 48
262 3232033 287 1 8 5
263 3232033 287 9 0 1
264 3232033 287 9 8 5
265 3232033 287 7 7 807
266 3232033 287 7 3 17
267 3232033 287 2 7 12118
268 3232033 287 5 5 70
269 3232033 287 5 3 5
270 3232033 287 0 8 11
271 3232033 287 0 0 3
272 3232033 287 7 5 2
273 3297335 291 3 7 111
274 3297335 291 5 0 3
275 3297335 291 8 3 1267
276 3297335 291 0 1 128
277 3297335 291 7 0 3
278 3357194 292 9 8 218
279 3357194 292 6 9 1235
280 3357194 292 4 10 1
281 3357194 292 5 8 218
282 3357194 292 10 8 3054
283 3357194 292 9 1 197
284 3398437 298 1 4 9674
285 3398437 298 9 9 5
286 3473075 303 2 1 25
287 3473075 303 4 0 158
288 3473075 303 2 2 1892
289 3473075 303 1 1 75
290 3514283 304 2 5 23
291 3514283 304 3 7 25
292 3562302 315 2 10 1706
293 3656724 317 4 9 5
294 3656724 317 5 9 21
295 3656724 317 6 5 3859
296 3656724 317 2 3 54
297 3656724 317 3 1 14
298 3656724 317 10 9 27
299 3656724 317 10 8 83
300 3656724 317 9 2 565
301 3656724 317 3 7 1004
302 3663283 319 7 10 78
303 3690580 324 9 9 47
304 3743421 328 6 5 594
305 3743421 328 7 3 2
306 3743421 328 2 5 297
307 3758748 330 0 6 47
308 3758751 331 3 3 56
309 3761394 334 1 9 1536
310 3784795 337 4 5 11902
311 3784795 337 4 3 98
312 3812517 339 1 7 15
313 3812517 339 5 10 8843
314 3812517 339 9 3 1290
315 3812517 339 5 5 951
316 3854548 340 6 0 20
317 3854548 340 3 0 20
318 3854548 340 6 9 153
319 3854548 340 2 8 1806
320 3854548 340 9 4 1
321 3866887 344 4 7 106
322 3873053 345 7 3 13
323 3877067 346 3 5 489
324 3884480 349 8 6 1136
325 3889271 350 8 6 14
326 3891841 351 8 1 221
327 3905787 353 0 5 7115
328 3906397 354 2 5 5284
329 3917532 358 0 8 24
330 3939798 362 6 3 357
331 3939798 362 1 2 1
332 3980764 369 9 8 28
333 3980764 369 2 0 17
334 4021372 370 10 5 1
335 4021372 370 5 5 5
336 4021372 370 5 9 23
337 4021372 370 2 8 3
338 4021372 370 9 3 10
339 4021372 370 5 10 11
340 4031020 377 9 8 86
341 4032160 379 1 3 2
342 4062021 380 10 8 9844
343 4067461 384 6 2 220
344 4075276 386 8 3 1952
345 4108874 388 7 6 202
346 4108874 388 7 1 98
347 4108874 388 0 0 709
348 4206684 390 4 1 2
349 4206684 390 10 6 459
350 4206684 390 6 1 6
351 4241553 392 5 0 19
352 4241553 392 2 2 58
353 4241553 392 0 4 427
354 4366077 395 1 10 10
355 4366077 395 3 9 10223
356 4366077 395 2 3 10
357 4366077 395 10 2 2
358 4366077 395 8 5 177
359 4366077 395 6 5 177
360 4366077 395 4 6 13
361 4366077 395 4 9 2555
362 4366077 395 10 6 13
363 4366077 395 9 9 2555
364 4366077 395 6 8 33
365 4366077 395 9 4 1
366 4366077 395 3 7 1
367 4366077 395 7 8 33
368 4366077 395 0 1 6
369 4376084 397 3 10 99
370 4377746 398 3 9 12
371 4380925 399 5 7 15502
372 4388781 401 10 3 1192
373 4430669 402 9 4 6
374 4430669 402 2 1 907
375 4430669 402 2 0 126
376 4430669 402 9 6 88
377 4464038 407 2 3 139
378 4464038 407 2 1 9
379 4548056 409 5 2 7
380 4548056 409 10 0 1584
381 4548056 409 10 6 11
382 4548056 409 5 8 13
383 4548056 409 2 9 45
384 4548056 409 5 3 3
385 4551977 410 6 3 1
386 4593740 413 2 6 214
387 4593740 413 2 3 25
388 4593740 413 2 8 5274
389 4593740 413 9 10 29
390 4602035 417 6 2 58
391 4611254 420 9 10 64
392 4630432 422 6 2 4553
393 4630432 422 3 2 3415
394 4630432 422 4 2 5692
395 4630957 423 3 1 4754
396 4648333 424 7 8 143
397 4648333 424 7 10 493
398 4652620 426 5 10 30
399 4797956 428 5 8 2
400 4797956 428 8 2 2
401 4797956 428 2 2 1
402 4797956 428 3 10 4
403 4797956 428 6 3 3
404 4797956 428 9 1 668
405 4797956 428 0 1 668
406 4797956 428 5 6 1
407 4797956 428 9 7 1
408 4797956 428 9 2 2
409 4797956 428 9 5 822
410 4797956 428 0 8 7
411 4797956 428 0 3 3
412 4797956 428 2 4 1
413 4797956 428 0 10 4
414 4797956 428 9 8 2
415 4881853 430 9 3 8
416 4881853 430 2 3 2
417 4881853 430 4 8 1
418 4881853 430 4 1 7361
419 4881853 430 9 1 1051
420 4881853 430 2 0 2
421 4881853 430 7 4 3
422 4881853 430 3 4 7
423 4881853 430 3 5 16
424 4881853 430 2 10 2
425 4881853 430 8 3 8
426 4886360 431 6 0 184
427 4892085 434 9 2 74
428 4907617 439 6 7 114
429 4922048 443 6 0 121
430 5020130 457 10 10 5
431 5020130 457 0 5 64
432 5020130 457 8 6 12
433 5020130 457 4 5 32
434 5020130 457 1 0 25
435 5020130 457 2 1 1
436 5027211 458 2 4 1978
437 5027211 458 4 4 1978
438 5051888 460 1 1 356
439 5116766 461 8 10 1
440 5116766 461 4 6 122
441 5116766 461 9 4 42
442 5116766 461 7 6 614
443 5116766 461 5 2 55
444 5116766 461 2 7 147
445 5116766 461 7 5 1
446 5116766 461 3 0 16
447 5116766 461 6 6 122
448 5328979 466 5 4 217
449 5328979 466 9 9 8
450 5328979 466 1 10 2
451 5328979 466 0 8 1
452 5328979 466 2 8 1
453 5328979 466 4 3 1801
454 5328979 466 7 10 2
455 5328979 466 4 6 4
456 5328979 466 1 7 1
457 5328979 466 5 3 3602
458 5328979 466 4 4 434
459 5328979 466 9 4 217
460 5328979 466 0 1 14
461 5328979 466 3 7 61
462 5328979 466 6 6 16
463 5328979 466 5 6 8
464 5328979 466 2 7 10
465 5328979 466 8 5 1
466 5328979 466 4 1 2
467 5328979 466 3 10 2
468 5328979 466 6 4 217
469 5328979 466 6 5 1
470 5379314 467 1 6 6
471 5379314 467 1 1 2
472 5379314 467 0 9 8
473 5393131 468 7 2 226
474 5478912 473 5 7 3
475 5478912 473 10 3 59
476 5655468 475 8 10 5
477 5655468 475 2 0 1
478 5655468 475 1 1 3
479 5655468 475 9 9 5
480 5655468 475 8 7 4
481 5655468 475 6 5 2
482 5655468 475 8 5 2
483 5655468 475 3 8 2
484 5655468 475 10 7 4
485 5655468 475 4 5 5
486 5655468 475 1 4 1
487 5655468 475 4 6 6
488 5655468 475 0 7 4
489 5655468 475 3 1 3
490 5655468 475 5 1 3
491 5655468 475 1 7 9
492 5674549 478 8 2 76
493 5687931 479 0 9 1
494 5687931 479 2 9 1
495 5700128 483 2 10 40
496 5701229 485 2 0 117
497 5711801 486 6 3 91
498 5721613 487 5 10 202
499 5743903 489 8 4 48
500 5743903 489 8 10 15052
501 5922807 498 5 1 35
502 5922807 498 0 10 13
503 5922807 498 10 2 4
504 5922807 498 4 1 17
505 5922807 498 7 5 8250
506 5922807 498 8 6 1
507 5922807 498 4 4 100
508 5922807 498 8 10 26
509 5922807 498 2 8 514
510 5922807 498 9 0 64
511 5922807 498 0 0 43
512 5922807 498 2 1 17
513 5922807 498 7 10 39
514 5922807 498 10 3 4
515 5922807 498 6 10 13
516 5936534 499 7 4 225
517 5936534 499 7 6 4848
518 5936534 499 7 5 7680
519 5943138 502 2 6 191
520 5949764 504 10 3 26
521 6045064 507 7 10 178
522 6045064 507 10 2 11
523 6045064 507 1 7 72
524 6045064 507 4 1 1
525 6045064 507 10 6 3
526 6045064 507 0 0 12
527 6045064 507 10 4 1429
528 6045064 507 5 3 2
529 6082496 510 6 3 4
530 6082496 510 6 8 7
531 6082496 510 7 9 1
532 6082496 510 6 5 3
533 6182216 513 0 6 80
534 6182216 513 8 5 172
535 6182216 513 3 2 6
536 6182216 513 5 2 6
537 6182216 513 10 2 6
538 6182216 513 1 2 6
539 6182216 513 10 5 345
540 6182216 513 7 0 1
541 6182216 513 7 10 4
542 6182216 513 1 6 240
543 6182216 513 10 1 5
544 6202718 516 2 3 1
545 6213815 525 2 7 173
546 6215933 526 8 2 56
547 6229310 532 9 9 7164
548 6230996 533 9 4 779
549 6247692 535 10 7 6
550 6247692 535 9 1 238
551 6247692 535 1 7 6
552 6251984 537 4 10 11
553 6251984 537 7 10 11
554 6278501 542 1 10 78241
555 6278501 542 1 1 3993
556 6278501 542 1 2 138
557 6278501 542 1 4 16
558 6294432 547 4 3 33039
559 6294432 547 4 5 7822
560 6298015 549 5 5 264
561 6310750 550 7 6 6
562 6333607 551 5 1 3
563 6333607 551 3 6 60
564 6514476 555 9 6 71
565 6514476 555 4 6 47
566 6514476 555 1 6 23
567 6514476 555 2 1 191
568 6514476 555 8 2 876
569 6514476 555 10 7 7
570 6514476 555 5 1 95
571 6514476 555 0 1 95
572 6514476 555 2 4 829
573 6514476 555 5 7 7
574 6514476 555 8 0 4
575 6514476 555 7 10 4
576 6514476 555 10 10 2
577 6514476 555 3 6 47
578 6514476 555 10 2 876
579 6514476 555 9 0 1
580 6514476 555 9 3 202
581 6514476 555 2 8 7
582 6514476 555 8 9 11
583 6514476 555 0 5 3
584 6514476 555 7 2 876
585 6514476 555 1 7 14
586 6514476 555 8 3 1620
587 6514476 555 8 7 7
588 6577440 556 10 7 15
589 6577440 556 3 0 1
590 6577440 556 8 1 1
591 6591880 557 3 0 5258
592 6609793 558 1 2 194
593 6609793 558 1 10 174
594 6616410 560 6 0 10
595 6616410 560 10 2 45
596 6638398 562 10 7 2
597 6655083 563 10 8 1666
598 6668096 565 1 9 136
599 6668096 565 1 3 65
600 6668096 565 1 7 39
601 6668888 566 3 6 39
602 6737104 569 8 5 1
603 6737104 569 9 1 1
604 6737104 569 5 7 1
605 6737104 569 1 1 16
606 6754007 575 1 8 15
607 6754007 575 10 8 15
608 6805600 576 6 1 1
609 6805600 576 0 2 51
610 6816440 580 3 8 25
611 6861493 583 6 0 11861
612 6861493 583 6 8 46
613 6876825 588 4 1 168
614 6876825 588 4 8 19655
615 6877086 589 4 5 342
616 6901139 597 7 4 43
617 6901139 597 3 4 14
618 6958793 602 6 0 4869
619 6958793 602 8 5 30
620 6981566 606 10 3 161
621 6981566 606 10 5 1333
622 7002878 611 1 2 8
623 7154230 612 7 6 4
624 7154230 612 6 2 448
625 7154230 612 3 2 448
626 7154230 612 8 4 26
627 7154230 612 0 5 240
628 7154230 612 9 4 26
629 7154230 612 7 7 5079
630 7154230 612 9 8 8
631 7154230 612 0 2 897
632 7154230 612 2 4 80
633 7154230 612 5 1 6
634 7154230 612 6 5 240
635 7166954 613 3 5 22
636 7309926 616 5 6 72
637 7309926 616 1 2 1
638 7309926 616 7 2 1
639 7309926 616 4 1 1
640 7309926 616 1 9 5
641 7309926 616 2 0 1483
642 7309926 616 4 0 12359
643 7309926 616 6 3 145
644 7309926 616 7 7 200
645 7309926 616 2 1 1
646 7309926 616 9 3 20
647 7309926 616 6 5 1227
648 7309926 616 7 9 2
649 7309926 616 5 9 14
650 7334741 622 7 6 13081
651 7338655 624 3 5 14198
652 7358744 626 2 7 117
653 7394345 631 9 5 232
654 7430092 633 5 1 368
655 7430092 633 5 0 4797
656 7436902 634 7 10 105
657 7445723 635 5 4 37
658 7464513 638 0 7 406
659 7465023 639 2 3 55
660 7554699 644 8 10 22
661 7554699 644 4 0 8
662 7554699 644 7 5 10
663 7554699 644 9 3 64
664 7554699 644 0 8 908
665 7554699 644 7 10 1
666 7554699 644 1 10 1
667 7560728 647 1 3 1338
668 7561689 649 4 1 3092
669 7565673 654 7 5 44
670 7566197 655 8 3 82
671 7589188 666 4 3 2
672 7597602 668 5 2 183
673 7718043 671 6 0 1
674 7718043 671 0 4 671
675 7718043 671 9 4 671
676 7718043 671 4 6 8
677 7718043 671 5 5 30
678 7718043 671 5 9 8
679 7718043 671 0 0 2
680 7718043 671 3 2 6
681 7718043 671 5 4 1342
682 7745559 676 8 4 41
683 7746363 677 6 8 67
684 7754514 678 8 6 409
685 7864166 683 2 4 1277
686 7864166 683 1 4 638
687 7864166 683 0 7 3841
688 7864166 683 6 4 638
689 7866766 686 7 1 88
690 7872645 687 5 7 16
691 7892460 689 6 10 48
692 7892460 689 8 4 318
693 7941492 690 4 7 527
694 7941492 690 8 3 45
695 7941492 690 8 10 16
696 7941492 690 4 3 45
697 7983460 692 10 7 4345
698 7983460 692 7 10 12
699 7983460 692 6 5 222
700 7983460 692 6 7 181
701 7983460 692 10 1 48
702 7983460 692 6 4 38
703 7999108 694 4 6 1358
704 8186148 695 0 9 2791
705 8186148 695 7 9 429
706 8186148 695 1 3 4
707 8186148 695 6 10 1
708 8186148 695 5 3 4
709 8186148 695 7 3 4
710 8186148 695 1 6 1
711 8186148 695 1 5 7
712 8186148 695 3 4 1
713 8186148 695 1 4 1
714 8186148 695 5 1 3
715 8186148 695 4 0 21
716 8186148 695 6 5 49
717 8186148 695 10 6 2
718 8186148 695 1 9 214
719 8186148 695 7 0 149
720 8186148 695 2 2 793
721 8193861 697 4 6 1569
722 8237005 698 10 3 1526
723 8237005 698 2 10 32
724 8237005 698 10 2 25
725 8237005 698 5 4 89
726 8237005 698 5 5 6
727 8259854 701 7 2 15
728 8296921 702 0 3 1
729 8296921 702 4 5 112
730 8296921 702 0 6 22
731 8296921 702 0 2 28
732 8296921 702 3 6 22
733 8334330 703 9 3 37
734 8365879 710 3 2 96
735 8387790 714 5 4 563
736 8464225 718 10 10 10
737 8464225 718 0 9 31
738 8464225 718 3 10 5
739 8464225 718 6 3 15
740 8464225 718 3 8 2911
741 8464225 718 1 3 15
742 8464225 718 10 8 1455
743 8497608 723 6 4 174
744 8497608 723 3 3 52
745 8510365 724 6 10 39
746 8577970 732 9 5 52
747 8577970 732 6 9 46
748 8577970 732 6 6 2
749 8577970 732 5 3 31
750 8577970 732 0 3 15
751 8577970 732 4 5 13
752 8621585 735 6 8 280
753 8621585 735 6 7 1348
754 8621585 735 6 10 8
755 8621585 735 9 7 1348
756 8652222 739 10 5 86
757 8652222 739 10 8 67
758 8752336 741 10 4 33
759 8752336 741 6 7 14
760 8752336 741 1 9 119
761 8752336 741 0 5 147
762 8752336 741 3 0 544
763 8752336 741 5 1 40583
764 8752336 741 2 8 6
765 8752336 741 7 6 5
766 8752336 741 4 10 8
767 8771405 744 1 8 151
768 8771405 744 8 8 75
769 8792041 749 9 5 1
770 8792041 749 5 4 26
771 8880066 751 2 0 47
772 8880066 751 7 7 3
773 8880066 751 2 8 1
774 8880066 751 9 6 55
775 8880066 751 4 2 597
776 8880066 751 3 7 14
777 8880066 751 2 6 55
778 8880066 751 6 1 15
779 8880066 751 3 6 55
780 8918649 755 9 5 4130
781 8918649 755 9 9 56
782 8943116 757 9 1 38
783 8949353 759 9 3 11
784 8950517 760 5 0 1472
785 8962124 765 9 0 12661
786 9013965 766 4 10 7
787 9013965 766 1 4 16
788 9013965 766 5 5 54
789 9052733 768 0 9 352
790 9052733 768 8 10 47
791 9088176 778 6 9 7
792 9088176 778 3 1 279
793 9113493 786 6 0 54
794 9122642 789 3 2 30
795 9124836 790 7 8 37
796 9125815 791 0 1 26
797 9145221 800 8 7 69
798 9165149 804 4 10 98
799 9178302 810 3 7 472
800 9180449 812 7 5 958
801 9181330 814 1 3 170
802 9193385 815 4 9 128
803 9203638 817 7 3 1577
804 9212226 821 6 9 68
805 9381148 822 4 7 138
806 9381148 822 6 1 1
807 9381148 822 2 3 5
808 9381148 822 4 9 1
809 9381148 822 4 6 8
810 9381148 822 6 8 1679
811 9381148 822 1 10 1
812 9381148 822 2 7 1244
813 9381148 822 3 9 9
814 9381148 822 1 1 1
815 9381148 822 7 10 1
816 9381148 822 5 2 3
817 9381148 822 3 5 338
818 9518721 823 10 5 599
819 9518721 823 3 1 969
820 9518721 823 1 3 13
821 9518721 823 2 6 282
822 9518721 823 3 8 10
823 9518721 823 2 4 3553
824 9518721 823 1 10 1
825 9518721 823 2 7 751
826 9518721 823 8 7 751
827 9518721 823 1 1 969
828 9518721 823 5 6 282
829 9518721 823 3 0 8
830 9562322 825 10 4 62
831 9562322 825 5 8 63
832 9562322 825 10 0 17
833 9562322 825 0 2 27
834 9562322 825 10 9 56
835 9562322 825 5 2 27
836 9562322 825 4 5 112
837 9562322 825 4 4 187
838 9587048 830 8 5 5
839 9587778 831 1 10 1198
840 9618679 833 7 5 22
841 9618679 833 7 1 62
842 9638897 834 1 5 908
843 9638897 834 2 5 908
844 9638897 834 2 10 700
845 9646276 837 8 9 19
846 9671044 842 1 2 12
847 9671044 842 1 0 94
848 9685929 845 5 7 51
849 9697721 846 5 3 96
850 9700881 850 7 2 15
851 9709739 854 6 10 67
852 9710996 855 2 0 234
853 9714660 856 3 4 30
854 9729986 857 9 7 83
855 9759803 861 3 5 2029
856 9762464 862 9 9 70
857 9773537 863 6 0 9
858 9866799 864 3 6 4
859 9866799 864 1 7 4
860 9866799 864 5 9 35
861 9866799 864 3 8 113
862 9866799 864 6 10 172
863 9866799 864 10 5 15
864 9866799 864 6 7 2
865 9866799 864 0 0 7236
866 9871950 867 2 3 81
867 9875415 869 6 9 164
868 9897894 872 2 6 11
869 9898059 873 8 2 1986
870 9915727 874 2 5 668
871 9915727 874 2 8 183
872 9915727 874 2 10 51
873 9915727 874 2 1 40
874 9927740 876 1 3 18
875 9940963 881 5 2 2247
876 9943932 885 10 5 37
877 10017428 886 8 4 1
878 10017428 886 7 6 555
879 10017428 886 7 2 41
880 10017428 886 1 7 1
881 10018291 887 6 4 158
882 10106638 894 7 10 33
883 10106638 894 0 10 33
884 10106638 894 5 1 19
885 10106638 894 2 8 1
886 10150385 896 9 10 16
887 10150385 896 1 0 15751
888 10150385 896 2 0 1968
889 10183061 901 6 2 30
890 10205584 903 1 4 337
891 10216669 905 8 8 95
892 10250988 907 2 2 1642
893 10250988 907 2 8 156
894 10250988 907 4 10 3
895 10250988 907 4 9 76
896 10250988 907 4 3 18
897 10280738 911 5 0 682
898 10280738 911 6 0 1365
899 10281259 912 8 1 71
900 10300726 914 2 3 171
901 10304307 915 5 10 65
902 10329914 919 9 1 16
903 10333464 920 8 10 8
904 10354289 924 0 6 1
905 10354289 924 10 6 1
906 10375681 926 7 2 58
907 10377127 927 7 0 85
908 10549840 929 10 4 1756
909 10549840 929 2 5 454
910 10549840 929 8 0 25
911 10549840 929 7 7 231
912 10549840 929 5 8 4
913 10549840 929 1 3 6
914 10549840 929 10 1 1
915 10549840 929 0 6 54
916 10549840 929 4 10 1
917 10549840 929 0 5 454
918 10549840 929 5 0 2
919 10651158 930 2 0 2492
920 10651158 930 3 5 22
921 10651158 930 1 6 13
922 10651158 930 6 8 928
923 10651158 930 1 10 683
924 10742656 931 1 4 909
925 10742656 931 2 2 1607
926 10742656 931 5 10 225
927 10742656 931 6 3 24
928 10742656 931 8 8 4
929 10742656 931 0 0 1056
930 10742656 931 6 6 8
931 10742656 931 2 3 24
932 10742656 931 1 5 349
933 10742656 931 8 7 45
934 10803202 932 4 8 67
935 10803202 932 9 0 2
936 10803202 932 8 4 43
937 10803202 932 6 3 3
938 10803202 932 7 2 3611
939 10803202 932 6 8 20
940 10809389 934 3 7 45
941 10809389 934 10 1 14278
942 10817359 936 0 4 58
943 10830555 939 9 9 59
944 10840326 940 0 7 99809
945 10840326 940 0 8 217
946 11002570 941 1 2 2
947 11002570 941 10 7 2
948 11002570 941 3 1 384
949 11002570 941 7 7 2
950 11002570 941 6 7 18
951 11002570 941 2 10 18
952 11002570 941 8 9 1305
953 11002570 941 3 3 2
954 11002570 941 9 1 288
955 11002570 941 5 1 192
956 11002570 941 2 6 5
957 11002570 941 0 9 1305
958 11002570 941 1 5 13
959 11002570 941 3 0 5
960 11002570 941 7 2 5
961 11002570 941 9 9 2610
962 11002570 941 0 5 13
963 11004977 943 2 8 4884
964 11009291 946 8 9 37
965 11010298 947 10 10 71
966 11024936 948 8 4 5
967 11024936 948 0 1 107
968 11050176 954 6 9 78
969 11058570 957 4 9 17
970 11081482 959 10 1 1320
971 11081482 959 10 8 1670
972 11098288 961 7 5 2407
973 11098288 961 4 5 343
974 11098288 961 10 5 343
975 11102174 964 2 8 204
976 11218408 967 1 6 3080
977 11218408 967 7 8 44
978 11218408 967 5 9 2
979 11218408 967 0 6 9242
980 11218408 967 5 7 486
981 11218408 967 7 6 3080
982 11233533 970 8 4 16
983 11254411 972 10 2 558
984 11285223 973 2 8 1312
985 11285223 973 2 2 3
986 11285223 973 2 7 85545
987 11285223 973 0 10 26
988 11292066 976 3 10 11971
989 11294615 978 5 5 281
990 11310903 980 7 10 306
991 11310903 980 10 10 306
992 11312909 982 3 10 41
993 11314010 984 10 4 10212
994 11324920 988 8 4 7153
995 11325740 989 7 5 56
996 11329213 990 4 1 2
997 11345090 993 4 5 84
998 11370183 994 2 1 1
999 11370183 994 1 1 1
