11 353 1000
0 20086 0 1 3 195
1 20086 0 9 9 1
2 20086 0 1 4 103
3 76661 3 10 2 11041
4 76661 3 10 10 1871
5 76661 3 9 3 2654
6 76661 3 5 6 284
7 76661 3 5 3 126
8 140131 9 4 3 74
9 140131 9 4 10 25
10 140131 9 4 0 7
11 140131 9 1 1 4
12 196720 13 7 4 3064
13 196720 13 5 10 495
14 196720 13 10 9 18555
15 203405 16 9 4 3
16 203405 16 1 4 7
17 203405 16 2 4 209
18 257362 17 1 7 17
19 257362 17 9 9 658
20 257362 17 7 4 12
21 268524 18 1 5 253
22 268524 18 1 9 179
23 302093 21 3 9 94
24 308212 23 8 10 4218
25 313939 25 3 0 5933
26 326204 27 3 0 130
27 355568 29 2 1 11
28 365222 31 4 7 4140
29 407844 39 0 5 34
30 424333 41 10 4 238
31 424333 41 10 0 90
32 426389 42 8 0 5
33 438931 48 8 8 26
34 453236 50 1 4 745
35 453236 50 2 10 3160
36 573461 51 9 9 1
37 573461 51 7 7 5
38 573461 51 5 0 10
39 573461 51 3 9 1
40 573461 51 2 10 1
41 573461 51 2 8 3
42 573461 51 9 10 1
43 573461 51 9 1 15
44 573461 51 3 0 10
45 573461 51 9 2 5
46 573461 51 7 8 1
47 573461 51 0 9 5
48 582859 56 5 2 461
49 647077 59 8 5 14
50 647077 59 8 0 4
51 647077 59 5 8 15
52 647077 59 8 3 10
53 647077 59 1 5 14
54 647077 59 8 7 6
55 647077 59 1 3 5
56 661494 63 8 5 77
57 681309 66 0 7 227
58 708302 71 8 0 65
59 729122 74 3 7 8
60 802181 75 2 5 577
61 802181 75 3 3 33
62 802181 75 0 7 1
63 802181 75 4 8 1
64 802181 75 9 7 1
65 802181 75 10 9 1
66 802181 75 5 7 10
67 802181 75 1 8 1
68 802181 75 9 5 115
69 802181 75 8 5 115
70 802181 75 1 2 778
71 820353 80 7 4 194
72 922297 84 7 4 5
73 922297 84 4 0 7
74 922297 84 2 7 21
75 922297 84 3 8 1
76 922297 84 6 10 10
77 922297 84 7 9 1
78 922297 84 4 3 4
79 922297 84 6 5 4
80 922297 84 2 6 2
81 922297 84 10 3 8
82 922297 84 2 9 84
83 922297 84 7 8 1
84 922297 84 10 0 7
85 947231 89 7 8 6309
86 947231 89 7 4 298
87 964999 93 7 7 13
88 973763 94 2 5 756
89 1049429 99 9 7 12
90 1049429 99 9 1 40
91 1049429 99 9 0 203
92 1144860 102 3 2 1451
93 1144860 102 7 3 5
94 1144860 102 8 10 21
95 1144860 102 9 10 21
96 1144860 102 2 4 4
97 1144860 102 1 7 2
98 1144860 102 9 3 11
99 1144860 102 5 10 21
100 1144860 102 8 2 967
101 1153977 103 9 5 13
102 1161524 104 4 1 18
103 1164025 105 1 5 326
104 1164251 106 4 9 39149
105 1164716 107 6 2 1524
106 1208293 108 7 0 3619
107 1208293 108 2 3 69
108 1208293 108 8 0 226
109 1214119 110 3 4 18
110 1214119 110 3 7 345
111 1214119 110 3 2 330
112 1243565 117 0 6 1374
113 1257564 118 2 2 2
114 1257564 118 0 2 55
115 1257564 118 10 5 16
116 1257740 119 5 8 2988
117 1260274 120 9 7 124
118 1264525 123 10 10 32
119 1269558 124 7 3 7
120 1273693 126 0 0 119
121 1297852 127 0 5 244
122 1297852 127 0 6 358
123 1299686 129 4 10 22
124 1300796 130 7 10 226
125 1313353 132 0 7 7571
126 1313353 132 5 0 21
127 1322609 134 0 9 76
128 1346658 136 8 9 9
129 1346658 136 8 7 14
130 1346658 136 1 0 2006
131 1346658 136 1 5 496
132 1423494 137 1 0 4
133 1423494 137 0 4 199
134 1423494 137 8 3 48
135 1423494 137 10 8 34
136 1423494 137 4 1 25
137 1423494 137 4 8 4
138 1423494 137 2 3 9
139 1423494 137 9 1 12
140 1423494 137 3 9 2136
141 1424753 138 4 5 109
142 1446998 143 0 1 26
143 1449155 144 0 4 125
144 1467509 146 7 9 50
145 1496481 153 8 9 37
146 1572126 154 8 1 5
147 1572126 154 4 10 2
148 1572126 154 5 2 498
149 1572126 154 10 4 91
150 1572126 154 1 6 460
151 1572126 154 4 0 4
152 1572126 154 6 4 10
153 1572126 154 9 2 6235
154 1572126 154 10 8 87
155 1577220 156 2 8 23
156 1670487 160 8 5 11
157 1670487 160 6 3 2
158 1670487 160 6 1 1
159 1670487 160 8 10 5
160 1703895 162 5 10 5
161 1703895 162 0 4 30
162 1703895 162 3 1 1445
163 1703895 162 7 7 675
164 1719626 165 4 4 14
165 1725043 168 5 2 15
166 1725043 168 7 2 30
167 1725043 168 2 2 15
168 1738440 170 3 3 61
169 1738440 170 3 9 3937
170 1738440 170 3 6 163
171 1762903 174 9 2 9
172 1762903 174 2 2 9
173 1795930 177 0 3 10858
174 1801447 181 9 0 206
175 1818973 187 7 2 8
176 1819847 188 4 10 27
177 1916304 198 5 1 9
178 1916304 198 7 4 2
179 1916304 198 7 0 20
180 1916304 198 6 0 5
181 1916304 198 2 1 18
182 1924485 202 3 6 222
183 1924485 202 3 9 290
184 1945201 203 7 7 7494
185 1945201 203 7 6 48
186 1945201 203 8 2 64
187 1963691 209 4 5 39
188 1988145 211 10 6 59
189 2004936 220 0 5 2340
190 2005050 221 8 7 220
191 2006433 222 7 7 112
192 2013798 223 2 7 68
193 2014914 224 3 4 238
194 2022384 228 3 2 31
195 2057166 229 2 0 31
196 2057166 229 6 10 5
197 2057166 229 2 10 5
198 2099189 230 0 9 29
199 2099189 230 8 1 46
200 2102531 231 7 6 2
201 2180650 233 8 10 9
202 2180650 233 6 7 1
203 2180650 233 9 2 4
204 2180650 233 10 7 1
205 2180650 233 6 1 4
206 2180650 233 0 1 4
207 2180650 233 0 6 26
208 2180650 233 8 3 1
209 2180650 233 9 1 8
210 2192093 236 9 6 55
211 2217168 237 4 6 47
212 2217168 237 4 10 82
213 2217168 237 4 3 1
214 2219054 238 3 7 58456
215 2230980 239 7 1 18
216 2231534 240 1 6 190
217 2314813 241 1 10 1014
218 2314813 241 4 5 1682
219 2314813 241 3 9 1226
220 2314813 241 4 0 9
221 2314813 241 6 3 1
222 2319680 244 10 9 11740
223 2323296 245 0 8 20
224 2326072 248 1 4 194
225 2327628 249 5 5 21
226 2378464 259 1 0 14
227 2378464 259 5 3 1246
228 2378464 259 8 5 600
229 2471022 262 8 8 7
230 2471022 262 0 7 1
231 2471022 262 4 3 3
232 2471022 262 4 0 69
233 2482598 263 1 10 4572
234 2502540 269 4 3 93
235 2502540 269 4 7 59
236 2534155 282 8 3 286
237 2534155 282 8 8 145
238 2693361 287 8 9 1
239 2693361 287 3 3 23
240 2693361 287 0 9 1
241 2693361 287 6 5 4
242 2693361 287 1 3 5
243 2693361 287 0 7 1615
244 2693361 287 2 7 12118
245 2693361 287 4 10 7
246 2693361 287 2 9 1
247 2693361 287 1 9 3
248 2693361 287 0 6 24
249 2693361 287 8 2 9
250 2693361 287 8 6 24
251 2693361 287 7 6 24
252 2693361 287 7 0 74
253 2693361 287 2 5 6
254 2747779 291 5 0 3
255 2747779 291 2 7 111
256 2747779 291 6 0 3
257 2747779 291 2 0 8
258 2747779 291 7 7 333
259 2797661 292 3 8 654
260 2797661 292 8 1 1776
261 2797661 292 4 10 1
262 2805536 295 6 4 6
263 2832031 298 9 5 37
264 2894229 303 1 2 1892
265 2894229 303 9 6 1193
266 2894229 303 3 10 14
267 2894229 303 4 2 1892
268 2894229 303 3 9 204
269 2894229 303 4 6 795
270 2928569 304 2 9 58
271 2928569 304 3 6 1731
272 2938378 307 0 4 476
273 2938378 307 5 4 3332
274 2949831 308 6 2 3
275 2955500 310 0 1 221
276 2965086 311 2 10 76
277 2966865 314 9 1 54
278 3047270 317 10 4 10
279 3047270 317 2 0 4
280 3047270 317 6 9 10
281 3047270 317 4 2 565
282 3047270 317 2 1 14
283 3047270 317 5 3 54
284 3050017 318 2 7 11
285 3075483 324 10 5 7
286 3084935 327 2 10 1020
287 3084935 327 1 3 3434
288 3119517 328 6 3 1
289 3119517 328 8 9 2
290 3119517 328 6 9 2
291 3119517 328 8 5 297
292 3119517 328 6 5 594
293 3132290 330 0 0 683
294 3132290 330 0 5 91
295 3132292 331 3 3 56
296 3133246 333 3 5 304
297 3142764 335 1 6 179
298 3142764 335 1 7 96
299 3142764 335 1 3 1
300 3142921 336 9 4 663
301 3153996 337 4 1 95
302 3153996 337 4 3 98
303 3177098 339 4 7 15
304 3177098 339 5 10 8843
305 3212124 340 9 4 1
306 3212124 340 6 0 20
307 3212124 340 7 7 2998
308 3212124 340 6 2 7
309 3218438 343 6 4 129
310 3227544 345 7 3 13
311 3230889 346 0 5 489
312 3230889 346 1 5 1467
313 3232874 347 8 7 80
314 3237067 349 8 6 1136
315 3243201 351 8 1 221
316 3244222 352 9 10 104
317 3254822 353 0 6 5
318 3258432 356 6 0 96
319 3289495 365 9 3 670
320 3289495 365 2 3 670
321 3300812 367 6 3 60
322 3317303 369 2 7 23
323 3351144 370 8 8 3
324 3351144 370 5 5 5
325 3351144 370 2 10 11
326 3351144 370 3 5 8
327 3355940 371 1 8 116
328 3360133 379 1 3 2
329 3385017 380 10 1 100
330 3385017 380 10 3 238
331 3385017 380 10 2 57
332 3388629 382 4 0 30
333 3396064 386 9 3 488
334 3400830 387 5 9 1
335 3424062 388 0 4 28
336 3424062 388 7 2 3
337 3424062 388 0 10 199
338 3424062 388 0 7 60
339 3424062 388 7 10 17
340 3426478 389 6 2 16284
341 3505570 390 1 9 174
342 3505570 390 3 5 6
343 3505570 390 5 3 2686
344 3505570 390 10 4 27
345 3505570 390 2 3 596
346 3505570 390 3 10 26
347 3505570 390 10 8 767
348 3505570 390 0 9 349
349 3505570 390 7 6 114
350 3505570 390 4 9 174
351 3505570 390 2 4 27
352 3534628 392 10 2 117
353 3534628 392 1 5 5135
354 3534628 392 3 9 3
355 3534628 392 4 9 3
356 3638397 395 6 5 177
357 3638397 395 8 1 33
358 3638397 395 2 3 10
359 3638397 395 6 2 1
360 3638397 395 7 3 10
361 3638397 395 8 5 177
362 3638397 395 4 0 881
363 3638397 395 1 7 41
364 3638397 395 0 7 1
365 3645537 396 10 1 1216
366 3648121 398 3 9 12
367 3692224 402 2 4 6
368 3694000 404 5 0 21
369 3720032 407 2 0 54
370 3790047 409 6 2 3
371 3790047 409 10 4 4
372 3790047 409 8 10 10
373 3790047 409 1 6 1
374 3790047 409 8 2 3
375 3790047 409 5 1 542
376 3790047 409 10 9 30
377 3828116 413 2 6 214
378 3828116 413 2 5 900
379 3836149 419 6 1 60
380 3842711 420 9 10 64
381 3842711 420 7 8 9
382 3842711 420 6 1 29
383 3842711 420 6 10 64
384 3998297 428 5 4 1
385 3998297 428 8 1 7352
386 3998297 428 4 3 3
387 3998297 428 4 2 1
388 3998297 428 6 10 4
389 3998297 428 9 0 1
390 3998297 428 8 5 822
391 3998297 428 2 7 1
392 3998297 428 8 8 2
393 3998297 428 1 3 136
394 3998297 428 6 5 822
395 3998297 428 8 0 4
396 3998297 428 3 6 1
397 3998297 428 8 10 8
398 3998297 428 7 10 4
399 3998297 428 9 8 2
400 3998297 428 0 10 4
401 3998297 428 8 2 2
402 3998297 428 9 3 3
403 4068211 430 0 8 2
404 4068211 430 0 7 17
405 4068211 430 4 1 7361
406 4068211 430 7 5 16
407 4068211 430 10 0 9
408 4085496 436 0 3 109
409 4101706 443 6 5 69
410 4116485 449 9 6 39058
411 4116864 451 10 10 11840
412 4121976 452 8 10 147
413 4122164 453 8 2 53
414 4183442 457 5 9 13
415 4183442 457 0 9 13
416 4183442 457 2 6 6
417 4183442 457 4 10 25
418 4183442 457 2 10 5
419 4183442 457 5 6 6
420 4183442 457 1 0 25
421 4183442 457 1 10 5
422 4183442 457 6 0 25
423 4183442 457 0 5 64
424 4183442 457 1 5 64
425 4183442 457 5 1 53
426 4183442 457 7 0 8
427 4183442 457 8 6 12
428 4189343 458 2 4 1978
429 4263971 461 8 10 1
430 4263971 461 8 5 283
431 4263971 461 1 2 11
432 4263971 461 10 10 1
433 4263971 461 1 6 122
434 4263971 461 8 7 1
435 4263971 461 5 7 1
436 4263971 461 6 9 85
437 4270421 464 9 0 17
438 4440816 466 4 10 2
439 4440816 466 3 10 2
440 4440816 466 6 0 7
441 4440816 466 9 9 8
442 4440816 466 5 5 1
443 4440816 466 7 5 1
444 4440816 466 1 8 1
445 4440816 466 8 7 1
446 4440816 466 4 6 4
447 4440816 466 2 7 10
448 4440816 466 5 8 1
449 4440816 466 9 4 217
450 4440816 466 0 6 12
451 4482762 467 10 8 39
452 4482762 467 2 3 1
453 4482762 467 4 3 45
454 4482762 467 5 6 60
455 4482762 467 9 5 5
456 4565760 473 1 2 15
457 4565760 473 5 7 3
458 4565760 473 10 8 52
459 4565760 473 2 9 4
460 4565760 473 1 10 3
461 4565760 473 2 2 23
462 4712890 475 8 6 4
463 4712890 475 9 10 15
464 4712890 475 4 7 4
465 4712890 475 2 2 1
466 4712890 475 4 4 1
467 4712890 475 8 4 1
468 4712890 475 2 10 51
469 4712890 475 5 1 3
470 4712890 475 9 7 9
471 4712890 475 5 6 1
472 4712890 475 9 5 2
473 4712890 475 0 5 2
474 4712890 475 5 8 2
475 4712890 475 9 1 6
476 4712890 475 1 3 23
477 4712890 475 5 0 8
478 4712890 475 2 1 3
479 4728746 477 2 0 196
480 4728746 477 2 10 99647
481 4739942 479 2 9 1
482 4768011 487 5 5 33572
483 4768011 487 5 6 23
484 4768011 487 5 8 1304
485 4786586 489 2 10 7526
486 4795918 493 8 7 18
487 4799249 496 10 3 2626
488 4935673 498 3 5 526
489 4935673 498 6 6 1
490 4935673 498 6 2 9
491 4935673 498 1 7 14
492 4935673 498 4 9 1
493 4935673 498 4 8 1028
494 4935673 498 1 9 1
495 4935673 498 10 8 514
496 4935673 498 6 3 1
497 4935673 498 5 6 1
498 4935673 498 7 6 1
499 4935673 498 3 6 1
500 4935673 498 4 5 175
501 4935673 498 1 4 50
502 4935673 498 1 8 5658
503 4935673 498 0 1 53
504 4935673 498 10 9 1
505 4935673 498 0 8 1028
506 4935673 498 6 9 1
507 4947111 499 7 7 71
508 4947111 499 7 8 324
509 4947111 499 7 4 225
510 4947111 499 7 5 7680
511 4958136 504 1 10 30
512 4958136 504 6 9 296
513 4958136 504 10 9 1333
514 4958136 504 0 10 30
515 5037553 507 6 8 26
516 5037553 507 1 10 178
517 5037553 507 0 2 17
518 5037553 507 0 3 2
519 5037553 507 1 3 2
520 5037553 507 4 0 6
521 5037553 507 6 10 89
522 5037553 507 7 2 5
523 5037553 507 8 3 2
524 5037553 507 8 9 7
525 5068746 510 7 9 1
526 5068746 510 7 2 20
527 5068746 510 6 3 4
528 5068746 510 6 10 29
529 5068746 510 7 3 4
530 5069430 511 8 2 14390
531 5151847 513 3 8 1009
532 5151847 513 7 0 1
533 5151847 513 1 2 6
534 5151847 513 9 3 5
535 5151847 513 0 4 200
536 5151847 513 5 2 6
537 5151847 513 4 10 102
538 5168932 516 6 3 1
539 5169967 518 8 8 52
540 5171687 519 5 10 44
541 5186600 527 5 0 238
542 5191016 531 3 0 195
543 5206410 535 3 7 31
544 5207887 536 3 6 467
545 5209986 537 5 10 11
546 5211140 538 4 8 3
547 5211140 538 0 8 23
548 5213235 539 10 1 6
549 5232084 542 1 2 138
550 5232084 542 1 3 210
551 5245360 547 4 5 7822
552 5258959 550 7 6 6
553 5278006 551 10 6 30
554 5278006 551 2 9 4879
555 5278006 551 9 1 7
556 5278006 551 0 1 26
557 5428730 555 0 9 2
558 5428730 555 8 5 13
559 5428730 555 0 4 829
560 5428730 555 6 10 1
561 5428730 555 5 7 7
562 5428730 555 1 3 202
563 5428730 555 8 8 7
564 5428730 555 6 5 1
565 5428730 555 6 6 23
566 5481200 556 5 1 2
567 5508161 558 1 8 329
568 5510198 559 1 0 608
569 5513675 560 3 2 29
570 5513675 560 7 0 10
571 5531998 562 10 4 31234
572 5531998 562 10 7 2
573 5614253 569 5 6 1
574 5614253 569 10 2 78
575 5614253 569 6 5 1
576 5614253 569 7 2 26
577 5614253 569 3 1 1
578 5614253 569 4 8 1
579 5614253 569 5 5 1
580 5614253 569 3 6 1
581 5614253 569 0 6 5
582 5628339 575 1 8 15
583 5671334 576 6 9 146
584 5671334 576 6 6 9
585 5671334 576 0 4 74
586 5705021 582 4 6 282
587 5730688 588 4 3 51
588 5730688 588 4 4 244
589 5730688 588 4 9 111
590 5741386 592 10 1 40
591 5744963 594 0 5 74
592 5749359 595 0 9 1
593 5750263 596 9 1 190
594 5751928 598 4 6 39008
595 5758832 600 3 8 66
596 5798994 602 8 3 56
597 5798994 602 6 0 4869
598 5798994 602 6 7 74
599 5798994 602 8 8 3636
600 5798994 602 8 0 1082
601 5817971 606 10 10 996
602 5835732 611 7 6 205
603 5835732 611 7 2 147
604 5961858 612 1 8 17
605 5961858 612 8 6 1
606 5961858 612 7 2 448
607 5961858 612 0 7 2539
608 5961858 612 5 10 5
609 5961858 612 10 2 448
610 5961858 612 9 5 120
611 5961858 612 2 7 2539
612 5961858 612 2 0 71
613 5961858 612 4 2 448
614 5961858 612 6 9 3
615 5961858 612 4 4 2485
616 5961858 612 2 2 448
617 5961858 612 10 6 3
618 5961858 612 3 6 6
619 5961858 612 9 8 8
620 5961858 612 3 0 71
621 5961858 612 9 9 8
622 5961858 612 10 8 26
623 5972462 613 3 8 94
624 5972462 613 3 0 119
625 6091605 616 1 2 1
626 6091605 616 10 1 1
627 6091605 616 1 1 18
628 6091605 616 0 4 1
629 6091605 616 1 4 1
630 6091605 616 5 7 200
631 6091605 616 5 6 72
632 6091605 616 7 9 2
633 6091605 616 8 6 36
634 6091605 616 3 4 1
635 6091605 616 6 9 11
636 6091605 616 3 9 11
637 6091605 616 4 5 1227
638 6091605 616 4 9 2
639 6091605 616 7 4 1
640 6099695 618 7 8 12
641 6112284 622 7 6 13081
642 6116567 625 7 0 104
643 6161954 631 7 6 351
644 6161954 631 5 1 1
645 6191743 633 5 9 17
646 6197418 634 7 8 2395
647 6204769 635 5 0 102
648 6204769 635 5 10 15796
649 6295582 644 2 1 20
650 6295582 644 5 0 8
651 6295582 644 9 8 3635
652 6295582 644 7 3 21
653 6295582 644 7 5 10
654 6295582 644 6 7 370
655 6295582 644 7 0 8
656 6295582 644 5 4 647
657 6295582 644 9 10 2
658 6295582 644 1 6 1
659 6300607 647 1 3 1338
660 6302547 651 5 8 25
661 6308115 657 7 3 56
662 6309222 659 10 5 113
663 6311412 660 7 7 16605
664 6319929 663 1 1 14315
665 6331335 668 5 0 9853
666 6331335 668 5 2 183
667 6431702 671 10 5 30
668 6431702 671 4 7 1
669 6431702 671 10 0 1
670 6431702 671 8 9 8
671 6431702 671 5 2 6
672 6431702 671 2 7 1
673 6431702 671 2 6 8
674 6431702 671 8 7 1
675 6431702 671 9 7 1
676 6462665 680 10 8 3319
677 6473737 681 2 4 1319
678 6553471 683 6 1 50
679 6553471 683 3 10 16
680 6553471 683 1 5 4
681 6553471 683 3 6 31
682 6553471 683 0 7 3841
683 6553471 683 8 0 57
684 6553471 683 10 6 135
685 6553471 683 6 4 638
686 6553471 683 5 3 29
687 6554758 684 9 2 1039
688 6560537 687 7 5 2915
689 6577050 689 5 4 1591
690 6577050 689 6 10 48
691 6617910 690 0 8 150
692 6617910 690 4 6 73
693 6617910 690 4 1 1
694 6617910 690 4 10 4
695 6617910 690 4 2 11
696 6617910 690 4 4 863
697 6652883 692 2 5 10
698 6652883 692 7 10 12
699 6652883 692 2 10 12
700 6664182 693 8 1 66
701 6664182 693 8 5 224
702 6664182 693 8 9 102
703 6664182 693 8 0 109
704 6664182 693 8 4 80
705 6664182 693 8 7 220
706 6665923 694 4 6 1358
707 6821790 695 1 5 7
708 6821790 695 10 4 1
709 6821790 695 3 0 21
710 6821790 695 6 0 64
711 6821790 695 2 9 1503
712 6821790 695 9 9 214
713 6821790 695 7 0 149
714 6821790 695 8 10 1
715 6821790 695 0 8 1
716 6821790 695 0 7 2
717 6821790 695 3 4 1
718 6821790 695 3 10 1
719 6821790 695 4 7 1
720 6821790 695 7 1 3
721 6864170 698 5 0 4
722 6864170 698 2 9 33
723 6864170 698 5 6 48
724 6883211 701 8 9 1
725 6883211 701 4 2 3
726 6914100 702 0 0 2375
727 6914100 702 3 4 649
728 6914100 702 3 7 81
729 6914100 702 0 6 22
730 6914100 702 0 2 28
731 6914100 702 0 1 25
732 6914100 702 4 6 22
733 6945275 703 9 9 325
734 6945275 703 2 1 49
735 6946752 704 5 6 1995
736 6971565 710 3 1 44
737 6983123 712 10 4 49
738 6990201 715 8 7 12
739 7053521 718 5 9 11729
740 7053521 718 7 5 3430
741 7053521 718 1 1 6
742 7081340 723 3 2 3584
743 7081340 723 3 4 523
744 7081340 723 6 5 29
745 7081340 723 3 7 32
746 7081340 723 3 1 113
747 7081340 723 6 8 7
748 7112832 731 3 10 2
749 7148308 732 6 9 46
750 7149211 734 2 0 38
751 7184654 735 6 7 1348
752 7184654 735 6 3 8
753 7293613 741 2 7 2
754 7293613 741 10 2 3
755 7293613 741 1 10 2
756 7293613 741 5 2 3
757 7293613 741 10 4 33
758 7309811 745 3 10 118
759 7326701 749 2 7 20
760 7326701 749 2 0 33
761 7326701 749 10 0 33
762 7400055 751 1 0 23
763 7400055 751 9 4 27
764 7400055 751 0 7 3
765 7400055 751 7 6 55
766 7400055 751 2 5 25
767 7400055 751 1 6 167
768 7400055 751 1 2 119
769 7400055 751 0 9 15
770 7400055 751 6 4 13
771 7400055 751 8 9 15
772 7413371 752 8 8 21
773 7432208 755 9 4 137
774 7452597 757 3 0 7
775 7464057 761 5 5 45
776 7511638 766 4 4 32
777 7511638 766 6 3 1
778 7511638 766 10 7 7
779 7511638 766 1 4 16
780 7514735 767 10 8 62
781 7543944 768 0 7 2
782 7543944 768 0 10 47
783 7564810 777 1 6 75
784 7583029 780 3 5 4
785 7583029 780 1 1 117
786 7588081 782 3 4 21
787 7598272 787 1 4 3
788 7598272 787 7 4 3
789 7604846 791 7 1 1
790 7605325 793 4 7 6073
791 7608805 797 3 10 18
792 7620927 798 4 9 293
793 7620927 798 4 3 11778
794 7641070 805 1 6 154
795 7650936 813 10 8 83
796 7651108 814 1 3 170
797 7661154 815 6 9 32
798 7661154 815 4 7 813
799 7669698 817 9 3 1577
800 7817623 822 0 9 1
801 7817623 822 1 0 1
802 7817623 822 1 6 4
803 7817623 822 2 5 26
804 7817623 822 6 7 8297
805 7817623 822 3 7 414
806 7817623 822 5 5 26
807 7817623 822 3 9 9
808 7817623 822 8 5 156
809 7817623 822 8 0 1
810 7817623 822 9 1 1
811 7817623 822 7 1 1
812 7817623 822 8 1 1
813 7817623 822 6 5 26
814 7817623 822 10 9 1
815 7817623 822 5 6 4
816 7932267 823 10 7 751
817 7932267 823 1 2 6
818 7932267 823 10 5 599
819 7932267 823 9 2 6
820 7932267 823 9 0 8
821 7932267 823 2 2 12
822 7932267 823 2 0 8
823 7932267 823 3 10 1
824 7932267 823 3 3 4
825 7932267 823 8 7 751
826 7932267 823 5 10 1
827 7935171 824 0 10 47
828 7968602 825 1 9 18
829 7968602 825 7 1 19
830 7968602 825 10 2 54
831 7968602 825 0 0 3
832 7968602 825 10 4 62
833 8032414 834 2 5 908
834 8032414 834 7 4 4
835 8032414 834 2 10 700
836 8059203 842 1 5 143
837 8059203 842 1 6 11325
838 8081434 846 5 4 14
839 8081434 846 5 10 165
840 8081434 846 5 2 142
841 8081434 846 5 6 89
842 8084067 850 5 2 5
843 8086875 851 0 6 15
844 8089088 853 9 0 60
845 8108322 857 9 10 21849
846 8108322 857 9 0 2932
847 8110481 858 4 2 1
848 8110481 858 7 2 1
849 8120906 860 9 6 11
850 8144614 863 2 7 8
851 8222332 864 8 1 4
852 8222332 864 4 4 5
853 8222332 864 5 9 35
854 8222332 864 9 6 8
855 8222332 864 6 10 172
856 8222332 864 1 7 4
857 8222332 864 10 1 14
858 8222332 864 3 8 113
859 8222332 864 2 7 1
860 8222332 864 8 7 12
861 8222548 865 4 2 165
862 8232567 870 2 3 6
863 8248245 872 1 4 73
864 8248245 872 2 6 11
865 8263106 874 2 9 31
866 8270466 875 5 7 18
867 8273117 876 1 3 18
868 8273624 877 10 6 24
869 8277378 880 1 7 27314
870 8347857 886 4 1 5
871 8347857 886 9 7 4
872 8347857 886 7 6 555
873 8347857 886 4 7 1
874 8359121 888 10 3 87
875 8422198 894 4 2 5
876 8422198 894 10 1 194
877 8422198 894 3 3 6
878 8422198 894 8 9 35
879 8422198 894 8 3 6
880 8422198 894 7 8 1
881 8422198 894 9 3 12
882 8422198 894 6 9 71
883 8485884 901 7 2 30
884 8485884 901 4 2 30
885 8504653 903 1 2 22
886 8513891 905 6 8 95
887 8542490 907 2 7 3009
888 8554839 909 9 3 21
889 8567282 911 8 0 1365
890 8567282 911 1 0 682
891 8567282 911 4 0 682
892 8581122 913 1 2 19
893 8581122 913 4 2 19
894 8583938 914 4 3 171
895 8586922 915 5 10 65
896 8608262 919 0 1 1
897 8628574 924 5 6 11
898 8646401 926 7 10 8973
899 8646401 926 7 4 65
900 8646401 926 7 0 37
901 8791533 929 9 0 5
902 8791533 929 2 9 4
903 8791533 929 9 3 3
904 8791533 929 4 8 4
905 8791533 929 0 9 8
906 8791533 929 5 7 18
907 8791533 929 7 0 2
908 8791533 929 9 2 12
909 8791533 929 4 7 2
910 8791533 929 8 6 272
911 8791533 929 6 3 3
912 8791533 929 7 9 4
913 8791533 929 6 4 878
914 8791533 929 0 0 5
915 8791533 929 8 1 1
916 8791533 929 1 8 4
917 8875965 930 1 6 13
918 8875965 930 4 4 13007
919 8875965 930 3 7 10
920 8875965 930 2 10 683
921 8875965 930 7 7 73
922 8875965 930 1 10 683
923 8875965 930 6 8 928
924 8875965 930 5 6 13
925 8875965 930 3 2 29
926 8875965 930 5 7 10
927 8952214 931 0 2 6431
928 8952214 931 10 0 3169
929 8952214 931 6 3 24
930 8952214 931 4 4 909
931 8952214 931 1 1 10
932 8952214 931 2 0 11622
933 8952214 931 8 8 4
934 8952214 931 4 5 349
935 8952214 931 6 2 1607
936 8952214 931 3 5 4188
937 9002668 932 7 9 9
938 9002668 932 4 2 902
939 9002668 932 3 3 3
940 9002668 932 0 6 9
941 9002668 932 6 0 2
942 9002668 932 5 8 6
943 9002668 932 9 9 9
944 9002668 932 7 10 23
945 9002668 932 9 0 2
946 9007824 934 10 1 14278
947 9025462 939 8 8 28526
948 9025462 939 2 8 14263
949 9033605 940 0 8 217
950 9168808 941 7 6 5
951 9168808 941 4 10 18
952 9168808 941 6 7 18
953 9168808 941 0 10 18
954 9168808 941 3 5 13
955 9168808 941 8 8 1
956 9168808 941 5 5 13
957 9168808 941 8 9 1305
958 9168808 941 1 10 36
959 9168808 941 7 4 3
960 9168808 941 10 7 2
961 9168808 941 0 2 2
962 9168808 941 1 2 2
963 9168808 941 4 7 1
964 9168808 941 10 10 36
965 9168808 941 5 2 2
966 9168808 941 1 4 1
967 9168808 941 0 9 1305
968 9168808 941 9 2 8
969 9168808 941 7 10 36
970 9170814 943 2 8 4884
971 9207914 952 4 4 55
972 9208307 953 1 3 14
973 9234568 959 10 1 1320
974 9248573 961 4 5 343
975 9348674 967 1 4 29
976 9348674 967 1 8 44
977 9348674 967 0 4 14
978 9348674 967 6 0 19
979 9348674 967 6 2 15
980 9348674 967 6 7 243
981 9348674 967 1 6 3080
982 9348674 967 5 10 13
983 9361277 970 10 6 74
984 9366388 971 1 8 30
985 9378675 972 10 7 53
986 9404353 973 0 6 19
987 9404353 973 0 4 10
988 9404353 973 0 8 2624
989 9405699 974 2 10 4704
990 9411808 977 2 2 5970
991 9412179 978 5 5 281
992 9425752 980 1 10 102
993 9425752 980 2 10 102
994 9425795 981 1 6 406
995 9454242 993 4 9 48
996 9475153 994 10 5 81
997 9475153 994 3 0 6
998 9475153 994 2 0 3
999 9475153 994 0 5 16
