11 356 1000
0 20086 0 9 4 103
1 20086 0 1 3 195
2 20086 0 9 10 942
3 20086 0 1 1 3
4 76661 3 10 3 252
5 76661 3 9 5 5552
6 76661 3 5 10 935
7 88735 4 5 8 14
8 140131 9 1 6 23
9 140131 9 1 7 39
10 140131 9 4 5 248
11 140131 9 7 8 2
12 196720 13 5 4 340
13 196720 13 3 9 2319
14 196720 13 3 1 265
15 257362 17 1 7 17
16 257362 17 3 1 44
17 257362 17 0 8 1
18 257362 17 5 7 2
19 257362 17 1 2 526
20 257362 17 7 9 658
21 268524 18 1 6 36
22 268524 18 1 5 253
23 271543 19 1 0 84
24 302093 21 4 0 25980
25 308212 23 8 10 4218
26 308212 23 5 10 4218
27 326204 27 7 0 130
28 355568 29 2 9 94
29 389332 37 3 0 25
30 389332 37 8 9 4214
31 401775 38 2 5 55
32 436036 45 4 6 1063
33 436620 46 5 10 186
34 438931 48 8 8 26
35 438931 48 10 8 53
36 453236 50 1 3 14
37 453236 50 1 8 12
38 453236 50 10 4 2237
39 453236 50 7 0 44
40 573461 51 0 1 15
41 573461 51 5 4 15
42 573461 51 9 1 15
43 573461 51 9 2 5
44 573461 51 7 8 1
45 573461 51 0 2 10
46 573461 51 0 8 6
47 573461 51 8 2 26
48 573461 51 10 0 64
49 573461 51 5 3 15
50 577027 55 0 9 3923
51 647077 59 2 4 8
52 647077 59 2 8 1
53 647077 59 1 2 204
54 647077 59 8 10 27
55 647077 59 1 3 5
56 647077 59 8 8 1
57 659074 61 2 1 230
58 681309 66 0 6 59
59 708226 70 10 8 21
60 802181 75 0 8 1
61 802181 75 0 9 1
62 802181 75 6 10 7
63 802181 75 3 9 1
64 802181 75 5 1 5916
65 802181 75 10 5 1270
66 802181 75 3 5 115
67 802181 75 4 7 4
68 812015 77 7 4 21
69 812015 77 9 4 42
70 818307 79 10 3 38
71 826061 83 0 2 165
72 922297 84 6 8 1
73 922297 84 3 8 1
74 922297 84 7 5 716
75 922297 84 2 8 1
76 922297 84 2 10 6
77 922297 84 6 9 6
78 922297 84 2 5 71
79 922297 84 4 6 1
80 924146 87 5 7 210
81 958282 91 0 2 550
82 973763 94 2 5 756
83 973763 94 7 5 2270
84 973763 94 4 5 1513
85 1049429 99 7 10 3070
86 1049429 99 9 8 1
87 1049429 99 0 5 5
88 1049429 99 7 2 19
89 1049429 99 0 7 38
90 1049429 99 9 3 63
91 1144860 102 5 7 2
92 1144860 102 10 1 3
93 1144860 102 2 10 21
94 1144860 102 3 6 1
95 1144860 102 6 2 483
96 1144860 102 6 8 14609
97 1144860 102 9 10 21
98 1144860 102 3 2 1451
99 1144860 102 10 4 8
100 1144860 102 2 3 17
101 1144860 102 10 5 57
102 1153977 103 0 5 6
103 1161524 104 4 7 132
104 1208293 108 6 6 7
105 1208293 108 2 0 226
106 1208293 108 2 2 1
107 1208293 108 5 10 3
108 1217660 112 3 1 5
109 1220991 115 3 6 95
110 1231699 116 2 1 6
111 1231699 116 2 4 113
112 1243565 117 0 6 1374
113 1269558 124 1 3 7
114 1297852 127 0 7 4651
115 1301325 131 1 3 226
116 1313353 132 6 0 21
117 1322609 134 1 9 76
118 1322609 134 8 3 3
119 1323228 135 1 8 667
120 1346658 136 8 3 215
121 1346658 136 1 7 22
122 1346658 136 8 4 6084
123 1346658 136 8 0 2006
124 1423494 137 2 0 4
125 1423494 137 9 4 99
126 1423494 137 8 6 2
127 1431234 139 7 1 25
128 1431234 139 8 1 504
129 1446998 143 0 8 4
130 1446998 143 0 1 26
131 1446998 143 0 4 78
132 1468389 147 6 2 182
133 1484589 150 2 0 219
134 1572126 154 4 10 2
135 1572126 154 10 0 2
136 1572126 154 10 8 87
137 1572126 154 0 7 642
138 1572126 154 0 8 196
139 1572126 154 7 3 56
140 1572126 154 3 2 249
141 1572126 154 5 0 2
142 1572126 154 6 5 69
143 1572126 154 5 10 2
144 1572126 154 2 0 2
145 1572126 154 1 10 17
146 1572126 154 8 1 5
147 1572126 154 4 6 460
148 1581848 159 1 4 95
149 1670487 160 8 1 17
150 1670487 160 4 0 11
151 1670487 160 5 1 1
152 1670487 160 4 6 5
153 1670487 160 9 6 2
154 1670487 160 8 6 5
155 1670487 160 0 5 35
156 1670487 160 3 9 4
157 1670487 160 9 3 10
158 1703895 162 0 7 1351
159 1719626 165 5 5 110
160 1721455 167 2 5 23577
161 1738440 170 3 1 57
162 1738440 170 3 7 102
163 1738721 171 4 8 604
164 1746642 172 7 2 54
165 1762903 174 7 6 24
166 1762903 174 2 3 36
167 1762903 174 6 6 96
168 1764571 175 5 6 13
169 1764571 175 2 6 13
170 1795930 177 3 5 42
171 1795930 177 0 3 10858
172 1795930 177 3 9 9
173 1795930 177 0 10 393
174 1797418 178 7 0 104
175 1840517 192 3 0 139
176 1916304 198 4 9 7
177 1916304 198 6 10 86
178 1916304 198 9 1 4
179 1916304 198 10 0 5
180 1916304 198 4 5 9
181 1916304 198 5 5 1
182 1924485 202 3 2 18
183 1924485 202 3 5 21864
184 1945201 203 8 4 1511
185 1945201 203 7 10 2495
186 1945201 203 8 7 7494
187 1951392 206 3 6 88
188 1984590 210 1 3 1
189 1984590 210 3 3 1
190 1991307 216 6 5 29
191 1998577 217 4 4 150
192 2003247 219 4 5 7677
193 2014914 224 3 4 238
194 2057166 229 0 2 616
195 2057166 229 6 9 74
196 2057166 229 6 1 1
197 2057166 229 6 8 118
198 2057166 229 2 8 118
199 2057166 229 2 0 31
200 2057166 229 6 7 9
201 2057166 229 2 4 52
202 2057166 229 6 5 19
203 2057166 229 2 5 133
204 2099189 230 8 9 29
205 2099189 230 8 5 3
206 2099189 230 0 3 136
207 2099189 230 8 8 135
208 2105851 232 10 5 1
209 2180650 233 5 1 8
210 2180650 233 7 4 1153
211 2180650 233 5 4 5766
212 2180650 233 4 1 39
213 2180650 233 1 2 4
214 2180650 233 0 5 1
215 2217168 237 4 10 82
216 2217168 237 10 6 47
217 2230980 239 10 1 9
218 2314813 241 4 0 9
219 2314813 241 3 9 1226
220 2314813 241 7 2 3905
221 2314813 241 9 6 1
222 2314813 241 7 8 1
223 2314813 241 1 9 1226
224 2314813 241 3 8 1
225 2314813 241 1 10 1014
226 2314813 241 4 4 14
227 2319680 244 1 1 1
228 2323296 245 10 8 40
229 2334678 255 1 1 42
230 2335820 256 4 0 18
231 2378464 259 6 1 1783
232 2378942 261 2 6 94
233 2471022 262 0 1 30
234 2471022 262 8 10 55
235 2471022 262 8 7 1
236 2471022 262 8 6 43
237 2471022 262 9 7 1
238 2471022 262 3 10 6
239 2471022 262 3 7 1
240 2490374 267 8 9 312
241 2512432 271 7 7 34
242 2517524 276 8 5 169
243 2520720 279 0 10 162
244 2534155 282 8 7 200
245 2534155 282 8 5 23
246 2534155 282 8 6 237
247 2547392 285 4 5 15527
248 2547392 285 4 8 94
249 2693361 287 7 2 3
250 2693361 287 3 10 15
251 2693361 287 8 0 13
252 2693361 287 2 9 1
253 2693361 287 4 10 7
254 2693361 287 3 6 24
255 2693361 287 6 5 4
256 2693361 287 6 10 7
257 2693361 287 2 4 1
258 2693361 287 7 7 807
259 2693361 287 3 0 5
260 2693361 287 3 2 3
261 2693361 287 6 1 15
262 2693361 287 5 0 3
263 2694266 288 8 10 108
264 2695985 290 5 7 223
265 2747779 291 6 8 8
266 2747779 291 7 7 333
267 2747779 291 5 7 111
268 2747779 291 5 0 3
269 2747779 291 0 8 26
270 2747779 291 9 9 548
271 2747779 291 3 2 3435
272 2797661 292 1 0 6
273 2797661 292 10 6 39
274 2797661 292 6 8 218
275 2797661 292 4 8 218
276 2805536 295 5 4 1
277 2832031 298 1 0 21
278 2832031 298 9 5 37
279 2832031 298 9 3 134
280 2894229 303 10 9 613
281 2894229 303 2 9 204
282 2894229 303 10 2 1892
283 2894229 303 9 8 649
284 2894229 303 1 0 1
285 2928569 304 3 2 24
286 2928569 304 3 10 1954
287 2928569 304 2 4 11
288 2949831 308 6 9 224
289 2965086 311 9 4 3
290 3047270 317 7 0 4
291 3047270 317 1 9 27
292 3047270 317 4 7 3013
293 3047270 317 2 9 16
294 3047270 317 5 3 54
295 3053908 320 5 0 8093
296 3054490 321 1 5 3080
297 3075483 324 9 9 47
298 3075483 324 0 10 24
299 3075483 324 6 5 7
300 3084935 327 1 10 1020
301 3119517 328 1 5 297
302 3119517 328 10 0 312
303 3119517 328 5 0 1
304 3119517 328 7 3 2
305 3119517 328 2 5 297
306 3119517 328 9 5 4162
307 3132290 330 0 9 26
308 3142764 335 1 4 11349
309 3153996 337 4 0 12758
310 3177098 339 4 10 8843
311 3177098 339 3 7 31
312 3212124 340 9 7 2998
313 3212124 340 7 9 15
314 3212124 340 8 3 126
315 3212124 340 5 8 451
316 3212124 340 6 1 3
317 3215565 341 10 2 91
318 3218108 342 9 4 133
319 3237067 349 2 6 2272
320 3254822 353 0 9 9
321 3257140 355 6 6 29
322 3260819 357 2 8 157
323 3275055 361 6 9 119
324 3283165 362 0 2 1
325 3283165 362 8 2 2
326 3283165 362 5 2 1
327 3283165 362 3 2 2
328 3283165 362 10 3 357
329 3300812 367 6 10 6
330 3317303 369 9 0 34
331 3317303 369 3 9 224
332 3317303 369 10 9 168
333 3317303 369 6 5 186
334 3317303 369 6 0 34
335 3351144 370 8 3 10
336 3351144 370 1 10 35
337 3351144 370 1 3 30
338 3351144 370 6 9 23
339 3351144 370 8 8 3
340 3356835 373 6 3 66
341 3357352 374 7 10 23
342 3359253 378 10 6 120
343 3385017 380 10 4 157
344 3386906 381 9 6 9029
345 3391816 385 2 6 17811
346 3396064 386 10 3 976
347 3396064 386 8 3 1952
348 3424062 388 7 3 3122
349 3505570 390 5 3 2686
350 3505570 390 1 9 174
351 3505570 390 8 6 459
352 3505570 390 2 3 596
353 3505570 390 2 6 114
354 3505570 390 3 10 26
355 3505570 390 6 8 767
356 3534628 392 2 2 58
357 3534628 392 0 5 3851
358 3534628 392 10 2 117
359 3538387 393 2 1 46
360 3638397 395 10 3 10
361 3638397 395 3 3 21
362 3638397 395 8 10 31
363 3638397 395 2 10 10
364 3638397 395 6 8 33
365 3638397 395 9 10 10
366 3638397 395 9 1 1
367 3638397 395 4 0 881
368 3638397 395 1 7 41
369 3657318 401 0 3 1192
370 3692224 402 9 4 6
371 3693575 403 4 8 15143
372 3720032 407 2 10 6135
373 3720032 407 2 2 73
374 3720032 407 2 4 49
375 3720271 408 2 8 119
376 3790047 409 5 6 1
377 3790047 409 6 3 65
378 3790047 409 1 5 797
379 3790047 409 2 10 15
380 3790047 409 1 9 30
381 3790047 409 10 1 542
382 3790047 409 6 4 2
383 3790047 409 6 2 3
384 3790047 409 2 0 528
385 3790047 409 6 6 1
386 3842711 420 5 1 59
387 3858693 422 8 7 4
388 3858693 422 6 2 4553
389 3858693 422 0 7 62
390 3873611 424 7 7 63
391 3998297 428 7 5 822
392 3998297 428 5 0 1
393 3998297 428 5 6 1
394 3998297 428 4 9 3
395 3998297 428 7 4 1
396 3998297 428 6 6 1
397 3998297 428 0 7 1
398 3998297 428 1 9 1
399 3998297 428 1 7 1
400 3998297 428 8 0 4
401 3998297 428 6 4 1
402 3998297 428 3 9 1
403 4068211 430 1 1 2103
404 4068211 430 0 2 18
405 4068211 430 1 5 16
406 4068211 430 7 3 21
407 4068211 430 10 1 1051
408 4068211 430 7 4 3
409 4068211 430 0 1 1051
410 4068211 430 7 6 381
411 4068211 430 3 4 7
412 4085496 436 0 3 109
413 4094452 440 0 3 120
414 4116839 450 9 4 2471
415 4127126 455 5 0 30
416 4183442 457 8 9 13
417 4183442 457 7 3 1
418 4183442 457 10 7 10
419 4183442 457 0 9 13
420 4183442 457 6 0 25
421 4183442 457 4 4 1
422 4183442 457 2 1 1
423 4189343 458 2 4 1978
424 4209906 460 1 9 91
425 4263971 461 4 7 1
426 4263971 461 5 1 22
427 4263971 461 8 10 1
428 4263971 461 3 7 1
429 4263971 461 5 2 55
430 4263971 461 6 5 4
431 4263971 461 3 6 614
432 4271391 465 0 0 7
433 4440816 466 1 10 2
434 4440816 466 4 3 1801
435 4440816 466 4 9 8
436 4440816 466 5 6 8
437 4440816 466 8 10 2
438 4440816 466 2 9 28
439 4440816 466 1 2 804
440 4440816 466 10 9 4
441 4440816 466 8 9 4
442 4440816 466 5 2 50
443 4440816 466 3 1 11
444 4440816 466 4 4 434
445 4440816 466 2 7 10
446 4440816 466 8 6 4
447 4494276 468 7 10 33231
448 4494276 468 7 9 22
449 4494276 468 7 1 79
450 4565760 473 2 7 26
451 4565760 473 8 2 15
452 4565760 473 5 7 3
453 4565760 473 2 5 68
454 4565760 473 2 2 23
455 4565760 473 6 2 15
456 4712890 475 10 6 1
457 4712890 475 7 6 37
458 4712890 475 3 8 2
459 4712890 475 8 2 3
460 4712890 475 7 2 1
461 4712890 475 2 9 5
462 4712890 475 2 0 1
463 4712890 475 2 7 4
464 4712890 475 3 5 5
465 4712890 475 8 9 5
466 4712890 475 1 8 2
467 4712890 475 4 5 5
468 4712890 475 3 3 1
469 4712890 475 7 1 10
470 4712890 475 1 6 11
471 4712890 475 10 5 2
472 4712890 475 2 8 2
473 4712890 475 9 5 2
474 4712890 475 6 1 13
475 4728746 477 2 1 282
476 4728746 477 2 6 69
477 4739942 479 8 9 1
478 4739942 479 10 9 1
479 4739942 479 6 9 1
480 4786586 489 8 8 98
481 4935673 498 10 6 1
482 4935673 498 0 6 1
483 4935673 498 6 6 1
484 4935673 498 4 4 100
485 4935673 498 0 1 53
486 4935673 498 7 7 29
487 4935673 498 0 3 1
488 4935673 498 10 2 4
489 4935673 498 0 10 13
490 4935673 498 0 2 4
491 4935673 498 1 2 56
492 4935673 498 8 9 1
493 4935673 498 1 3 1
494 4935673 498 8 1 17
495 4935673 498 0 0 43
496 4935673 498 9 0 64
497 4935673 498 10 7 7
498 4947111 499 7 10 10
499 4952615 502 2 6 191
500 4958136 504 10 9 1333
501 5037553 507 7 9 43
502 5037553 507 3 9 21
503 5037553 507 8 9 7
504 5037553 507 0 10 4631
505 5037553 507 10 0 3
506 5037553 507 8 7 145
507 5037553 507 10 1 1
508 5037553 507 7 6 7
509 5037553 507 3 3 26
510 5040528 508 5 8 38
511 5068746 510 6 1 5
512 5068746 510 6 5 3
513 5151847 513 9 5 690
514 5151847 513 9 0 1
515 5151847 513 8 6 80
516 5151847 513 10 3 26
517 5151847 513 2 3 5
518 5151847 513 0 6 80
519 5151847 513 1 4 300
520 5151847 513 3 8 1009
521 5151847 513 7 1 58
522 5152393 514 9 9 87
523 5168932 516 5 3 1
524 5168932 516 7 3 1
525 5168932 516 10 3 54
526 5172341 520 0 2 1008
527 5174172 521 1 4 152
528 5174961 522 5 9 21
529 5176214 524 1 8 1009
530 5188171 529 4 9 374
531 5189099 530 3 10 50
532 5191092 532 9 9 7164
533 5206410 535 3 7 31
534 5207887 536 3 6 467
535 5209986 537 9 10 88
536 5213235 539 10 1 6
537 5213235 539 9 1 15
538 5214836 540 7 7 98
539 5232084 542 1 1 3993
540 5232084 542 1 3 210
541 5232309 543 7 4 113
542 5258959 550 4 6 31
543 5278006 551 6 1 7
544 5278006 551 0 1 26
545 5428730 555 10 5 1
546 5428730 555 4 2 4380
547 5428730 555 6 3 202
548 5428730 555 0 9 2
549 5428730 555 9 9 30
550 5428730 555 1 5 1
551 5428730 555 1 10 1
552 5428730 555 10 0 4
553 5428730 555 2 6 94
554 5428730 555 10 7 7
555 5428730 555 2 7 3
556 5428730 555 0 6 47
557 5428730 555 10 3 607
558 5481200 556 9 10 335
559 5493233 557 3 5 64
560 5493233 557 3 4 51
561 5493233 557 3 6 36
562 5513675 560 5 0 81
563 5545902 563 10 3 653
564 5545902 563 10 1 192
565 5614253 569 4 8 1
566 5614253 569 9 10 6
567 5614253 569 0 7 1
568 5614253 569 9 0 26
569 5614253 569 7 6 1
570 5614253 569 0 1 65
571 5620933 573 10 5 50
572 5622644 574 8 5 178
573 5628339 575 6 8 15
574 5671334 576 0 6 27
575 5671334 576 1 6 4
576 5671334 576 0 3 30
577 5672813 577 8 0 1169
578 5679272 579 3 0 57
579 5682803 581 6 9 62
580 5717911 583 6 2 76
581 5717911 583 6 1 2272
582 5730688 588 4 1 168
583 5740789 591 7 1 1
584 5741386 592 10 1 40
585 5744963 594 0 5 74
586 5750949 597 7 4 43
587 5758832 600 3 8 66
588 5798994 602 6 4 453
589 5817971 606 10 8 31
590 5817971 606 10 1 70
591 5817971 606 10 3 161
592 5817971 606 10 5 1333
593 5817971 606 10 7 327
594 5835732 611 7 6 205
595 5961858 612 3 3 1
596 5961858 612 3 10 5
597 5961858 612 7 8 8
598 5961858 612 10 2 448
599 5961858 612 5 1 6
600 5961858 612 6 7 2539
601 5961858 612 9 4 26
602 5961858 612 9 2 1346
603 5961858 612 9 7 2539
604 5961858 612 7 5 120
605 5961858 612 2 9 14
606 5961858 612 7 0 71
607 5972462 613 3 7 12697
608 5972462 613 3 5 22
609 5972462 613 3 3 19596
610 5972462 613 3 2 20
611 5974876 615 2 7 39103
612 6091605 616 4 10 6839
613 6091605 616 8 0 6921
614 6091605 616 0 2 11
615 6091605 616 1 3 20
616 6091605 616 1 2 1
617 6091605 616 3 8 82
618 6091605 616 9 4 1
619 6091605 616 1 4 1
620 6091605 616 4 0 12359
621 6091605 616 5 6 72
622 6091605 616 5 9 14
623 6091605 616 5 5 8595
624 6091605 616 9 10 1709
625 6112158 621 10 8 18
626 6112158 621 2 8 37
627 6132286 626 2 10 96
628 6132286 626 2 4 100
629 6132286 626 2 5 2333
630 6132286 626 2 3 6058
631 6149171 628 1 8 78
632 6149171 628 1 9 181
633 6149171 628 1 1 107
634 6161954 631 2 3 144
635 6161954 631 7 6 351
636 6191743 633 5 1 368
637 6191743 633 5 3 85
638 6191743 633 5 4 225
639 6212377 637 7 10 8
640 6212377 637 4 10 24
641 6220427 638 0 6 40
642 6295582 644 2 9 27
643 6295582 644 8 6 1
644 6295582 644 10 7 92
645 6295582 644 4 6 1
646 6295582 644 3 1 748
647 6295582 644 10 6 1
648 6295582 644 7 6 1
649 6319828 661 6 0 13
650 6319828 661 9 0 13
651 6324323 666 1 3 75
652 6324323 666 9 3 2
653 6331335 668 5 4 33132
654 6431702 671 0 0 2
655 6431702 671 8 1 238
656 6431702 671 1 6 16
657 6434014 672 10 0 82
658 6434014 672 8 2 85
659 6451736 675 2 3 19475
660 6455303 677 6 8 67
661 6462095 678 8 6 409
662 6462095 678 7 6 409
663 6462095 678 6 4 18
664 6462095 678 8 9 660
665 6553471 683 7 9 15
666 6553471 683 1 5 4
667 6553471 683 10 3 59
668 6553471 683 4 3 29
669 6553471 683 4 0 4
670 6553471 683 3 0 1
671 6553471 683 7 2 1527
672 6553471 683 8 1 50
673 6553471 683 10 0 1
674 6560537 687 10 7 98
675 6560537 687 2 7 41
676 6577050 689 9 10 4
677 6617910 690 8 8 600
678 6617910 690 4 5 4
679 6617910 690 4 10 4
680 6617910 690 4 8 300
681 6617910 690 8 9 17
682 6617910 690 0 6 14
683 6617910 690 4 9 17
684 6617910 690 0 10 48
685 6652883 692 6 1 96
686 6664182 693 8 0 109
687 6664182 693 8 10 1001
688 6665923 694 4 6 1358
689 6821790 695 7 7 1
690 6821790 695 4 5 71
691 6821790 695 10 5 7
692 6821790 695 10 7 1
693 6821790 695 6 1 3
694 6821790 695 8 4 1
695 6821790 695 0 1 3
696 6821790 695 1 5 7
697 6821790 695 3 4 1
698 6821790 695 3 2 793
699 6821790 695 7 2 793
700 6821790 695 1 0 42
701 6821790 695 6 8 1
702 6828217 697 1 6 1569
703 6828217 697 4 6 1569
704 6828217 697 6 6 3138
705 6864170 698 10 9 66
706 6866002 700 9 4 4666
707 6883211 701 3 9 1
708 6883211 701 1 2 3
709 6883211 701 10 2 7
710 6914100 702 3 4 649
711 6914100 702 4 7 81
712 6914100 702 3 10 17
713 6914100 702 4 0 1187
714 6914100 702 0 1 25
715 6945275 703 9 0 37
716 6945275 703 2 3 37
717 6945275 703 9 1 49
718 6950471 706 5 7 40
719 6971565 710 3 8 105
720 6971565 710 3 5 9637
721 6971565 710 3 4 1221
722 6983123 712 2 4 49
723 6983123 712 10 4 49
724 6989825 714 2 2 9758
725 6990201 715 8 7 12
726 6994319 716 3 10 175
727 7053521 718 5 0 1
728 7053521 718 3 1 85
729 7053521 718 10 10 10
730 7053521 718 8 10 2
731 7053521 718 0 9 31
732 7053521 718 7 9 31
733 7053521 718 0 0 1
734 7055800 720 10 8 8567
735 7081340 723 3 10 11
736 7091971 724 6 3 4789
737 7148308 732 0 2 722
738 7148308 732 4 9 138
739 7148308 732 5 9 46
740 7148308 732 6 8 79
741 7148308 732 9 0 2
742 7148308 732 5 3 31
743 7148308 732 4 3 39
744 7184654 735 9 4 153
745 7184654 735 9 10 136
746 7184654 735 9 8 70
747 7196209 737 10 0 88
748 7210185 739 10 9 6031
749 7293613 741 1 1 989
750 7293613 741 10 9 44
751 7293613 741 5 1 40583
752 7293613 741 9 7 2
753 7293613 741 6 1 989
754 7296130 743 2 8 31
755 7309504 744 6 8 1133
756 7326701 749 2 9 1
757 7326701 749 5 4 26
758 7327678 750 9 3 49
759 7400055 751 0 7 3
760 7400055 751 7 7 3
761 7400055 751 7 3 970
762 7400055 751 6 4 13
763 7400055 751 7 2 477
764 7400055 751 8 9 15
765 7400055 751 1 6 167
766 7400055 751 0 2 119
767 7413371 752 8 9 5
768 7432208 755 9 9 56
769 7452597 757 9 5 1734
770 7452597 757 8 5 578
771 7468436 765 9 0 12661
772 7511638 766 10 6 14
773 7511638 766 0 3 1
774 7511638 766 10 7 7
775 7511638 766 3 5 13
776 7511638 766 1 5 13
777 7543944 768 8 0 103
778 7543944 768 0 6 37
779 7543944 768 8 7 6
780 7543944 768 0 9 352
781 7573480 778 5 1 279
782 7573480 778 4 9 7
783 7573480 778 10 1 279
784 7589288 784 4 10 191
785 7598272 787 2 4 78
786 7598272 787 1 4 3
787 7598272 787 8 4 6
788 7598272 787 7 4 3
789 7620927 798 4 9 293
790 7622427 801 9 6 20
791 7626063 802 4 0 8
792 7637624 804 4 0 117
793 7669698 817 9 3 1577
794 7672863 819 4 3 21
795 7817623 822 1 10 1
796 7817623 822 7 5 52
797 7817623 822 3 10 9
798 7817623 822 0 9 1
799 7817623 822 7 6 13
800 7817623 822 8 8 239
801 7817623 822 10 4 25
802 7817623 822 6 5 26
803 7817623 822 0 6 4
804 7817623 822 1 9 5
805 7817623 822 10 9 1
806 7817623 822 1 7 276
807 7817623 822 1 1 1
808 7817623 822 2 7 1244
809 7817623 822 1 5 26
810 7817623 822 7 10 1
811 7817623 822 5 8 479
812 7817623 822 9 1 1
813 7817623 822 5 0 16
814 7932267 823 3 5 599
815 7932267 823 5 10 1
816 7932267 823 9 9 1
817 7932267 823 3 4 3553
818 7932267 823 8 2 6
819 7932267 823 10 6 7637
820 7932267 823 1 3 13
821 7932267 823 8 1 969
822 7932267 823 1 10 1
823 7932267 823 2 4 3553
824 7968602 825 5 0 3
825 7968602 825 1 8 63
826 7968602 825 5 2 27
827 7968602 825 4 9 18
828 7972910 827 5 9 116
829 7976381 829 9 6 347
830 7989207 830 2 7 448
831 7989207 830 8 5 5
832 7989207 830 8 2 21
833 7989207 830 1 5 5
834 8015566 833 7 8 800
835 8015566 833 7 3 83
836 8032414 834 2 0 15
837 8032414 834 1 9 51
838 8032414 834 2 10 700
839 8038564 837 6 9 79
840 8042315 840 10 1 81
841 8059203 842 1 7 25
842 8059203 842 1 5 143
843 8071608 845 10 7 4
844 8081434 846 5 8 80
845 8081434 846 5 6 89
846 8087877 852 2 9 48
847 8089088 853 9 0 60
848 8092497 855 2 0 234
849 8108322 857 9 1 1575
850 8108322 857 9 9 69
851 8110481 858 4 2 1
852 8110481 858 5 2 5
853 8133169 861 3 4 112
854 8133169 861 3 5 2029
855 8133169 861 3 9 59
856 8222332 864 10 1 14
857 8222332 864 9 1 4
858 8222332 864 3 6 4
859 8222332 864 6 9 70
860 8222332 864 1 4 5
861 8222332 864 4 4 5
862 8223806 866 10 3 552
863 8229513 869 6 9 164
864 8232567 870 8 10 22
865 8232567 870 0 3 6
866 8284135 881 4 2 561
867 8284135 881 1 2 561
868 8284135 881 6 2 1685
869 8285356 883 1 6 102
870 8347857 886 0 5 25
871 8347857 886 10 7 1
872 8347857 886 7 7 8
873 8347857 886 10 4 19
874 8347857 886 4 1 5
875 8347857 886 2 6 1111
876 8347857 886 1 9 2254
877 8359121 888 10 3 87
878 8359121 888 10 5 109
879 8359121 888 10 8 196
880 8368697 893 8 3 795
881 8422198 894 8 9 35
882 8422198 894 3 7 3
883 8422198 894 0 8 1
884 8422198 894 5 2 128
885 8422198 894 6 2 5
886 8422198 894 4 5 8
887 8422198 894 2 5 30
888 8422198 894 2 3 6
889 8458654 896 10 10 16
890 8458654 896 1 10 33
891 8458654 896 3 0 1968
892 8485884 901 0 3 1484
893 8485884 901 1 3 1484
894 8485884 901 9 2 30
895 8485884 901 10 3 7420
896 8485884 901 3 2 517
897 8504653 903 1 9 9
898 8513891 905 6 8 95
899 8542490 907 2 0 36
900 8542490 907 2 1 116
901 8554839 909 9 9 226
902 8567282 911 9 0 682
903 8586922 915 5 10 65
904 8591645 916 0 3 49
905 8591645 916 7 3 49
906 8595988 917 6 9 3
907 8608262 919 3 1 1
908 8608262 919 6 1 1
909 8608262 919 1 1 1
910 8628995 925 1 0 92
911 8646401 926 7 4 65
912 8791533 929 9 1 2
913 8791533 929 0 2 4
914 8791533 929 5 3 3
915 8791533 929 8 8 9
916 8791533 929 4 5 227
917 8791533 929 1 3 6
918 8791533 929 4 6 54
919 8791533 929 10 7 2
920 8791533 929 1 4 878
921 8875965 930 3 7 10
922 8875965 930 9 6 172
923 8875965 930 5 8 309
924 8875965 930 0 5 22
925 8952214 931 3 5 4188
926 8952214 931 10 9 2119
927 8952214 931 7 10 225
928 8952214 931 2 6 8
929 8952214 931 7 6 8
930 8952214 931 4 10 225
931 8952214 931 4 1 10
932 8952214 931 4 4 909
933 8952214 931 2 3 24
934 9002668 932 6 3 3
935 9002668 932 3 1 779
936 9002668 932 10 9 4
937 9002668 932 5 0 2
938 9002668 932 2 3 3
939 9002668 932 6 10 47
940 9002668 932 9 2 902
941 9002668 932 8 8 6
942 9002668 932 10 2 1805
943 9002668 932 0 4 6
944 9002668 932 2 2 2708
945 9002668 932 6 7 3
946 9011323 935 5 1 1573
947 9014775 937 4 6 76
948 9016282 938 9 5 48
949 9025462 939 9 9 59
950 9025462 939 2 8 14263
951 9168808 941 4 0 22
952 9168808 941 4 5 41
953 9168808 941 7 3 1
954 9168808 941 2 10 18
955 9168808 941 7 9 1305
956 9168808 941 1 6 5
957 9168808 941 9 10 18
958 9168808 941 7 4 3
959 9168808 941 2 5 27
960 9168808 941 5 0 5
961 9168808 941 10 4 1
962 9168808 941 10 0 5
963 9170814 943 2 8 4884
964 9170814 943 6 0 1
965 9170814 943 4 0 2
966 9187447 948 5 4 5
967 9190995 949 6 4 3132
968 9234568 959 10 6 11
969 9234568 959 10 8 1670
970 9248573 961 7 5 2407
971 9254124 965 9 8 9024
972 9254124 965 10 8 564
973 9348674 967 1 0 9
974 9348674 967 7 10 40
975 9348674 967 5 6 3080
976 9348674 967 5 0 9
977 9348674 967 5 4 14
978 9348674 967 7 6 3080
979 9348674 967 0 7 243
980 9348674 967 0 8 44
981 9348674 967 4 7 243
982 9378675 972 10 2 558
983 9404353 973 0 5 2131
984 9404353 973 2 2 3
985 9404353 973 2 8 1312
986 9404353 973 0 1 24
987 9408298 975 8 8 3
988 9428109 983 0 10 188
989 9428341 984 10 4 10212
990 9435479 987 7 9 42
991 9437433 988 8 4 7153
992 9438116 989 7 5 56
993 9441334 992 0 10 8980
994 9454242 993 4 0 4812
995 9454242 993 4 2 94
996 9475153 994 3 0 6
997 9475153 994 1 0 3
998 9475153 994 6 5 97
999 9480988 996 1 5 37
