11 339 1000
0 40173 0 9 4 103
1 40173 0 9 9 1
2 40173 0 1 2 152
3 40173 0 9 7 46
4 153323 3 10 4 3213
5 153323 3 5 3 126
6 153323 3 9 4 3213
7 153323 3 5 0 2396
8 280263 9 4 0 7
9 280263 9 7 9 45
10 280263 9 1 3 74
11 297382 10 4 1 8702
12 297382 10 8 1 870
13 297382 10 0 1 1740
14 297382 10 5 1 870
15 393441 13 6 5 13
16 393441 13 3 5 41
17 393441 13 10 4 340
18 393441 13 8 8 1
19 393441 13 7 4 3064
20 393441 13 1 1 265
21 514725 17 3 1 44
22 514725 17 5 7 2
23 514725 17 7 1 44
24 514725 17 7 8 1
25 514725 17 9 7 5
26 514725 17 0 8 1
27 514725 17 6 1 88
28 514725 17 5 10 1
29 537049 18 1 1 13067
30 537049 18 1 4 20
31 604186 21 4 0 25980
32 604186 21 3 10 68
33 604186 21 3 3 9711
34 616424 23 8 10 4218
35 627878 25 4 0 1977
36 627997 26 0 8 2366
37 711136 29 2 0 72
38 711136 29 10 5 56
39 711136 29 2 6 2425
40 711136 29 2 8 170
41 716611 30 2 6 11
42 730444 31 4 7 4140
43 742589 35 7 10 74
44 778664 37 8 10 4
45 803551 38 10 5 110
46 848666 41 10 7 58
47 848666 41 10 2 50
48 848666 41 10 4 238
49 852888 43 5 8 154
50 868286 44 1 9 19650
51 877862 48 8 8 26
52 878405 49 5 3 10203
53 906472 50 2 3 14
54 906472 50 1 4 745
55 1146922 51 2 5 8
56 1146922 51 3 7 11
57 1146922 51 0 2 10
58 1146922 51 10 4 15
59 1146922 51 0 3 107
60 1146922 51 9 10 1
61 1146922 51 10 7 5
62 1146922 51 7 0 21
63 1150138 53 4 10 10
64 1153623 54 9 10 4501
65 1294154 59 2 1 67
66 1294154 59 2 7 6
67 1294154 59 8 5 14
68 1294154 59 5 5 28
69 1294154 59 1 9 128
70 1318149 61 10 4 63
71 1362618 66 0 3 61
72 1362618 66 0 6 59
73 1373070 68 5 4 1
74 1373070 68 3 4 3
75 1452511 72 6 6 108
76 1604362 75 6 8 68
77 1604362 75 2 5 577
78 1604362 75 1 10 3
79 1604362 75 5 10 3
80 1604362 75 10 5 1270
81 1604362 75 5 7 10
82 1604362 75 9 9 33
83 1844595 84 2 6 2
84 1844595 84 7 1 8
85 1844595 84 6 0 15
86 1844595 84 10 7 43
87 1844595 84 2 0 15
88 1844595 84 4 9 6
89 1894463 89 7 4 298
90 1947526 94 5 5 756
91 1947526 94 0 5 1513
92 1953462 95 3 1 49
93 1957628 96 0 5 44
94 2098858 99 0 6 10
95 2098858 99 7 9 42
96 2098858 99 0 4 28
97 2289721 102 2 7 1
98 2289721 102 1 3 5
99 2289721 102 8 7 78
100 2289721 102 8 10 21
101 2289721 102 10 1 3
102 2289721 102 4 10 21
103 2289721 102 10 6 1
104 2289721 102 7 9 9
105 2289721 102 4 5 14
106 2289721 102 9 6 7
107 2323049 104 4 2 54
108 2323049 104 4 5 74
109 2323049 104 4 10 38979
110 2323049 104 4 9 60
111 2416587 108 7 0 3619
112 2416587 108 5 4 34
113 2416587 108 0 0 226
114 2416587 108 4 0 226
115 2416587 108 3 10 3
116 2416587 108 6 4 68
117 2416587 108 3 2 1
118 2418002 109 6 0 101
119 2418002 109 3 0 33
120 2463398 116 2 9 68
121 2463398 116 2 7 208
122 2463398 116 2 8 217
123 2463398 116 2 1 6
124 2487130 117 0 1 35
125 2515129 118 6 2 15
126 2520549 120 0 7 124
127 2595705 127 0 0 130
128 2626707 132 5 0 21
129 2626707 132 8 1 6
130 2645219 134 0 3 7
131 2693317 136 1 4 6084
132 2693317 136 1 6 153
133 2846988 137 9 0 4
134 2846988 137 4 8 4
135 2846988 137 3 0 8
136 2846988 137 3 9 2136
137 2846988 137 5 0 8
138 2846988 137 4 0 56
139 2846988 137 2 0 4
140 2846988 137 5 6 2
141 2846988 137 3 1 38
142 2862469 139 7 1 25
143 2893997 143 0 10 7810
144 2935019 146 7 9 50
145 2935019 146 8 8 999
146 2946186 148 9 10 21
147 2969178 150 2 10 10
148 3144252 154 5 8 21
149 3144252 154 5 0 2
150 3144252 154 2 7 642
151 3144252 154 5 1 33
152 3144252 154 0 8 196
153 3144252 154 9 5 69
154 3144252 154 1 7 642
155 3144252 154 5 2 498
156 3163697 159 1 4 95
157 3340975 160 10 1 1
158 3340975 160 3 10 17
159 3340975 160 6 7 1
160 3340975 160 0 9 9
161 3340975 160 1 3 2
162 3340975 160 0 3 5
163 3407790 162 6 3 191
164 3407790 162 2 3 191
165 3439252 165 2 3 372
166 3439252 165 8 3 93
167 3439252 165 10 4 73
168 3450086 168 8 2 30
169 3450086 168 2 2 15
170 3452356 169 3 4 102
171 3476881 170 3 8 83
172 3476881 170 3 0 97
173 3493285 172 7 2 54
174 3525807 174 9 7 14
175 3591860 177 0 3 10858
176 3591860 177 0 9 9
177 3591860 177 3 3 2171
178 3591860 177 0 1 12993
179 3594836 178 7 0 104
180 3602894 181 9 0 206
181 3609224 183 4 0 35
182 3621814 185 10 10 36
183 3637947 187 4 9 35
184 3637947 187 7 1 15
185 3639694 188 4 10 27
186 3643066 189 1 7 16203
187 3655197 190 8 10 8155
188 3681034 192 3 0 139
189 3685853 194 3 3 63
190 3832609 198 0 1 4
191 3832609 198 0 0 5
192 3832609 198 4 1 4
193 3832609 198 7 2 6
194 3832609 198 9 5 1
195 3832609 198 10 6 111
196 3832609 198 1 1 4
197 3832609 198 3 5 1
198 3832609 198 9 1 4
199 3848970 202 3 0 194
200 3848970 202 3 3 146
201 3890402 203 8 1 5
202 3890402 203 8 7 7494
203 3890402 203 7 5 4342
204 3927382 209 1 5 39
205 3927382 209 3 5 39
206 3969180 210 8 3 299
207 3969180 210 6 3 1
208 3979221 214 0 7 47
209 4009872 220 0 5 2340
210 4027597 223 2 2 68
211 4027597 223 7 9 1
212 4027597 223 3 2 68
213 4043256 227 4 7 1033
214 4114332 229 0 10 5
215 4114332 229 2 2 616
216 4114332 229 6 10 5
217 4114332 229 0 1 1
218 4114332 229 0 8 118
219 4114332 229 2 0 31
220 4114332 229 0 7 28
221 4114332 229 6 3 14
222 4114332 229 2 9 74
223 4114332 229 6 5 19
224 4198378 230 3 8 33
225 4198378 230 3 3 136
226 4198378 230 8 5 3
227 4198378 230 0 7 226
228 4198378 230 8 2 48
229 4198378 230 3 7 226
230 4198378 230 3 1 230
231 4198378 230 3 5 3
232 4205062 231 7 6 2
233 4205062 231 4 6 2
234 4361300 233 8 5 9
235 4361300 233 3 4 11532
236 4361300 233 1 6 6
237 4361300 233 5 0 7
238 4361300 233 6 10 47
239 4434337 237 10 9 11
240 4434337 237 4 10 82
241 4434337 237 4 9 11
242 4434337 237 10 0 18
243 4434337 237 4 0 72
244 4461961 239 5 1 9
245 4629627 241 6 7 6
246 4629627 241 1 8 1
247 4629627 241 6 6 1
248 4629627 241 3 10 4056
249 4629627 241 6 10 8112
250 4629627 241 6 3 1
251 4629627 241 4 6 1
252 4629627 241 6 2 3905
253 4629627 241 6 1 6
254 4629627 241 9 6 1
255 4629627 241 3 1 18
256 4629627 241 3 2 1952
257 4629627 241 6 9 1226
258 4629627 241 7 0 9
259 4629627 241 7 7 6
260 4630906 243 10 1 22
261 4663594 253 2 6 83
262 4669356 255 1 1 42
263 4671640 256 4 0 18
264 4675072 257 6 9 7792
265 4675136 258 3 0 83
266 4756928 259 1 0 14
267 4756928 259 9 7 25
268 4756928 259 0 8 2025
269 4942045 262 2 4 9
270 4942045 262 3 10 6
271 4942045 262 0 7 1
272 4942045 262 9 5 7
273 4942045 262 3 9 15
274 4942045 262 3 8 14
275 4942045 262 4 8 7
276 4942045 262 8 6 43
277 4942045 262 4 3 3
278 4942045 262 2 3 1
279 4942045 262 9 10 6
280 4965197 263 4 10 1524
281 4965197 263 8 10 3048
282 4978642 266 3 10 42
283 4980748 267 8 9 312
284 5005080 269 4 7 59
285 5068310 282 8 9 41
286 5094785 285 4 7 350
287 5386722 287 8 0 13
288 5386722 287 10 9 1
289 5386722 287 0 5 17
290 5386722 287 8 10 7
291 5386722 287 8 6 24
292 5386722 287 3 10 15
293 5386722 287 7 4 6
294 5386722 287 3 3 23
295 5386722 287 4 0 1
296 5386722 287 8 7 1615
297 5386722 287 1 7 807
298 5386722 287 5 4 1
299 5386722 287 5 1 6
300 5386722 287 8 2 9
301 5386722 287 3 2 3
302 5386722 287 6 9 1
303 5386722 287 3 7 807
304 5386722 287 6 2 3
305 5495558 291 6 7 333
306 5495558 291 1 2 3435
307 5495558 291 9 1 256
308 5495558 291 10 6 1228
309 5495558 291 4 9 182
310 5495558 291 0 7 111
311 5495558 291 6 0 3
312 5595323 292 8 6 13
313 5595323 292 10 6 39
314 5664062 298 9 4 483
315 5664062 298 9 7 60
316 5788459 303 2 0 2
317 5788459 303 4 8 324
318 5788459 303 9 0 1
319 5788459 303 10 2 1892
320 5788459 303 10 6 397
321 5857139 304 3 7 25
322 5876756 307 4 4 476
323 5933534 313 3 2 18
324 5933730 314 9 1 54
325 6094541 317 5 2 565
326 6094541 317 3 4 10
327 6094541 317 10 7 1004
328 6094541 317 7 2 1697
329 6094541 317 10 8 83
330 6105472 319 7 10 78
331 6169870 327 1 3 3434
332 6239035 328 0 0 1
333 6239035 328 4 3 1
334 6239035 328 10 9 14
335 6239035 328 6 9 2
336 6239035 328 4 9 2
337 6239035 328 2 5 297
338 6239035 328 0 8 44
339 6243474 329 2 7 8
340 6264581 330 0 3 9862
341 6285529 335 1 3 1
342 6307992 337 4 2 67
343 6307992 337 4 4 1536
344 6309403 338 1 5 37
345 6354196 339 8 5 95
346 6354196 339 10 2 2880
347 6424248 340 9 1 3
348 6424248 340 0 9 15
349 6424248 340 3 1 3
350 6424248 340 8 9 15
351 6424248 340 2 3 126
352 6424248 340 6 9 153
353 6424248 340 0 2 3
354 6474134 349 8 6 1136
355 6474134 349 1 6 568
356 6509645 353 0 6 5
357 6509645 353 0 10 3133
358 6530533 359 6 9 55
359 6566331 362 1 2 1
360 6601624 367 6 3 60
361 6634606 369 2 0 17
362 6634606 369 3 9 224
363 6634606 369 6 3 6
364 6702288 370 5 10 11
365 6702288 370 7 2 9
366 6702288 370 8 8 3
367 6715788 375 9 0 228
368 6773812 381 9 6 9029
369 6777258 382 1 0 15
370 6779101 384 6 2 220
371 6848124 388 0 3 9366
372 6848124 388 0 6 202
373 6848124 388 0 0 709
374 6848124 388 0 7 60
375 7011140 390 8 6 459
376 7011140 390 9 0 14
377 7011140 390 10 4 27
378 7011140 390 0 3 1193
379 7069256 392 2 4 427
380 7069256 392 5 0 19
381 7069256 392 6 4 427
382 7076775 393 8 1 46
383 7276795 395 5 9 2555
384 7276795 395 5 8 66
385 7276795 395 4 0 881
386 7276795 395 2 10 10
387 7276795 395 4 9 2555
388 7276795 395 9 1 1
389 7276795 395 2 3 10
390 7276795 395 6 2 1
391 7276795 395 3 5 177
392 7276795 395 10 3 10
393 7276795 395 0 4 1
394 7276795 395 8 3 10
395 7314636 401 0 3 1192
396 7384449 402 9 1 1815
397 7397600 405 7 5 15
398 7397600 405 8 5 15
399 7440064 407 2 10 6135
400 7440064 407 2 0 54
401 7440064 407 2 5 310
402 7440543 408 2 8 119
403 7580094 409 5 7 1
404 7580094 409 10 0 1584
405 7580094 409 5 5 797
406 7580094 409 5 8 13
407 7580094 409 8 4 782
408 7580094 409 10 10 10
409 7668181 416 8 1 2
410 7717387 422 3 2 3415
411 7747222 424 7 4 84
412 7747222 424 7 6 113
413 7747222 424 7 10 493
414 7996594 428 9 9 1
415 7996594 428 6 10 4
416 7996594 428 5 4 1
417 7996594 428 8 9 1
418 7996594 428 6 9 1
419 7996594 428 4 5 822
420 7996594 428 10 3 14
421 7996594 428 7 1 110959
422 7996594 428 8 5 822
423 7996594 428 8 3 7
424 7996594 428 7 3 3
425 7996594 428 8 0 4
426 7996594 428 5 0 1
427 7996594 428 10 0 1
428 7996594 428 1 7 1
429 7996594 428 1 0 2
430 7996594 428 1 4 1
431 7996594 428 5 6 1
432 7996594 428 4 7 1
433 8136422 430 8 0 40
434 8136422 430 8 4 3
435 8136422 430 5 7 17
436 8136422 430 9 4 67
437 8136422 430 8 2 36
438 8136422 430 3 4 7
439 8136422 430 5 5 8
440 8136422 430 9 8 1
441 8143934 431 6 0 184
442 8146832 432 7 7 22
443 8153475 434 3 2 37
444 8170779 435 0 1 108
445 8188904 440 0 3 120
446 8203413 443 6 3 83
447 8233679 450 9 4 2471
448 8366884 457 4 1 1
449 8366884 457 8 4 1
450 8366884 457 10 7 10
451 8366884 457 8 9 13
452 8366884 457 5 6 6
453 8366884 457 2 4 1
454 8419813 460 1 3 39
455 8527943 461 3 7 1
456 8527943 461 7 6 614
457 8527943 461 10 4 5
458 8540842 464 9 0 17
459 8881632 466 10 8 1
460 8881632 466 9 10 12
461 8881632 466 6 1 2
462 8881632 466 4 1 2
463 8881632 466 3 5 1
464 8881632 466 2 0 7
465 8881632 466 2 9 28
466 8881632 466 10 2 50
467 8881632 466 3 9 4
468 8881632 466 7 8 1
469 8881632 466 5 9 4
470 8881632 466 6 10 2
471 8881632 466 5 0 7
472 8881632 466 3 3 7204
473 8881632 466 2 5 1
474 8965524 467 4 3 45
475 8965524 467 6 7 5
476 8965524 467 0 6 6
477 8988552 468 7 8 13074
478 8988552 468 7 9 22
479 8994152 469 6 4 541
480 9036497 472 4 0 7
481 9131521 473 2 9 4
482 9131521 473 9 3 14
483 9131521 473 2 7 26
484 9131521 473 3 5 204
485 9131521 473 4 9 2
486 9131521 473 10 3 59
487 9131521 473 6 2 15
488 9425780 475 3 0 1
489 9425780 475 7 10 5
490 9425780 475 8 8 60
491 9425780 475 3 5 5
492 9425780 475 6 9 5
493 9425780 475 0 8 7
494 9425780 475 3 8 2
495 9425780 475 9 0 1
496 9425780 475 2 0 1
497 9425780 475 10 3 4
498 9425780 475 7 5 2
499 9425780 475 3 7 4
500 9425780 475 1 8 2
501 9425780 475 5 10 25
502 9425780 475 6 4 1
503 9457492 477 2 5 349
504 9457492 477 2 10 99647
505 9479885 479 8 9 1
506 9479885 479 4 9 1
507 9500214 483 7 10 8
508 9500214 483 10 10 8
509 9519669 486 6 3 91
510 9519669 486 6 8 21916
511 9536022 487 5 8 1304
512 9536022 487 5 4 344
513 9537232 488 10 4 7643
514 9598939 497 9 7 51
515 9871346 498 3 8 514
516 9871346 498 7 5 8250
517 9871346 498 2 0 10
518 9871346 498 9 4 50
519 9871346 498 1 9 1
520 9871346 498 8 1 17
521 9871346 498 3 1 35
522 9871346 498 3 0 10
523 9871346 498 6 6 1
524 9894223 499 7 7 71
525 9916273 504 6 9 296
526 10075107 507 5 6 3
527 10075107 507 10 6 3
528 10075107 507 2 2 28
529 10075107 507 8 6 3
530 10075107 507 8 2 17
531 10075107 507 6 1 1
532 10075107 507 6 7 800
533 10075107 507 9 1 1
534 10075107 507 3 3 26
535 10075107 507 10 2 11
536 10075107 507 10 7 72
537 10303694 513 5 4 300
538 10303694 513 2 5 862
539 10303694 513 1 2 6
540 10303694 513 9 10 2
541 10303694 513 4 4 200
542 10303694 513 0 6 80
543 10303694 513 10 5 345
544 10303694 513 9 9 40
545 10337864 516 7 3 1
546 10337864 516 3 3 1
547 10349922 522 4 9 174
548 10376343 529 3 9 374
549 10419973 537 10 10 11
550 10419973 537 4 10 11
551 10422280 538 0 8 23
552 10464168 542 1 7 28344
553 10464168 542 1 10 78241
554 10464168 542 1 8 84
555 10490720 547 4 0 5771
556 10517918 550 6 6 6
557 10517918 550 1 6 6
558 10857461 555 4 4 829
559 10857461 555 5 10 1
560 10857461 555 7 9 2
561 10857461 555 5 8 7
562 10857461 555 2 2 2628
563 10857461 555 1 6 23
564 10857461 555 0 1 95
565 10857461 555 8 9 11
566 10857461 555 4 1 191
567 10857461 555 7 3 202
568 10857461 555 2 1 191
569 10857461 555 3 2 876
570 10857461 555 9 1 95
571 10962401 556 10 7 15
572 10962401 556 9 1 1
573 10962401 556 0 7 15
574 10962401 556 8 10 335
575 10962401 556 0 0 1
576 10962401 556 0 5 3164
577 10962401 556 5 7 31
578 10986467 557 3 1 215
579 10986467 557 3 9 238
580 10986467 557 3 8 1648
581 11016322 558 1 9 64
582 11027350 560 5 0 81
583 11040375 561 2 10 28
584 11228506 569 5 5 1
585 11228506 569 4 8 1
586 11228506 569 6 2 170
587 11228506 569 7 0 26
588 11228506 569 3 9 2
589 11228506 569 3 7 8
590 11228506 569 10 10 49
591 11228506 569 2 6 1
592 11241866 573 10 5 50
593 11241866 573 2 5 6
594 11256678 575 6 8 15
595 11342668 576 0 6 27
596 11342668 576 1 4 37
597 11342668 576 1 2 102
598 11345626 577 0 0 2339
599 11357880 578 6 0 132
600 11357880 578 3 0 66
601 11410042 582 4 6 282
602 11435822 583 6 2 76
603 11461376 588 4 9 111
604 11461376 588 4 7 10
605 11461376 588 4 10 9
606 11461376 588 4 1 168
607 11481578 591 5 10 34
608 11481578 591 8 10 2
609 11517665 600 3 8 66
610 11518605 601 6 10 6424
611 11597988 602 6 7 74
612 11597988 602 8 1 81
613 11635943 606 10 3 161
614 11644283 610 2 3 27
615 11671464 611 1 2 8
616 11923717 612 3 5 120
617 11923717 612 3 10 5
618 11923717 612 10 7 2539
619 11923717 612 0 9 1
620 11923717 612 1 9 14
621 11923717 612 10 4 133
622 11923717 612 4 2 448
623 11923717 612 7 5 120
624 11923717 612 9 10 5
625 11923717 612 9 1 13
626 11923717 612 7 0 71
627 11923717 612 0 0 142
628 11923717 612 10 0 142
629 11923717 612 10 3 19
630 11923717 612 0 3 1
631 11944924 613 3 2 20
632 11944924 613 3 0 119
633 12183210 616 6 6 108
634 12183210 616 9 8 1
635 12183210 616 3 8 82
636 12183210 616 9 2 1
637 12183210 616 5 3 20
638 12183210 616 8 3 20
639 12183210 616 9 5 1227
640 12183210 616 7 1 1
641 12183210 616 3 5 1227
642 12183210 616 6 0 494
643 12183210 616 10 8 6
644 12183210 616 7 8 3
645 12183210 616 5 8 1
646 12183210 616 0 1 1
647 12183210 616 0 4 1
648 12183210 616 3 0 988
649 12183210 616 6 4 1
650 12183210 616 10 7 200
651 12183210 616 5 0 494
652 12199391 618 7 8 12
653 12264573 626 2 1 8
654 12271172 627 1 7 2270
655 12298343 628 1 7 2415
656 12298343 628 1 5 389
657 12301882 630 10 6 226
658 12323909 631 7 5 232
659 12323909 631 7 6 351
660 12331475 632 7 1 1214
661 12383487 633 5 6 85
662 12383487 633 5 9 17
663 12394837 634 7 6 15150
664 12440855 638 4 1 10
665 12591165 644 2 7 92
666 12591165 644 10 9 27
667 12591165 644 3 3 21
668 12591165 644 7 0 8
669 12591165 644 6 6 1
670 12591165 644 6 10 1
671 12591165 644 0 3 10
672 12591165 644 5 4 647
673 12591165 644 5 3 10
674 12591165 644 7 5 10
675 12591165 644 2 0 8
676 12591165 644 10 6 1
677 12591165 644 10 3 10
678 12591165 644 4 7 834
679 12598266 646 5 9 12
680 12648647 666 1 3 75
681 12863405 671 0 10 24
682 12863405 671 1 0 1
683 12863405 671 4 1 238
684 12863405 671 3 9 8
685 12863405 671 3 6 8
686 12863405 671 9 5 30
687 12863405 671 4 8 5
688 12863405 671 8 0 7
689 12868028 672 10 5 10
690 12903472 675 2 5 29
691 12924190 678 7 6 409
692 13106943 683 6 4 638
693 13106943 683 8 2 3054
694 13106943 683 9 6 10
695 13106943 683 2 7 548
696 13106943 683 2 9 30
697 13106943 683 1 1 50
698 13106943 683 4 3 29
699 13106943 683 5 1 25
700 13106943 683 7 9 15
701 13106943 683 2 5 1
702 13121075 687 5 7 16
703 13154100 689 8 4 318
704 13154100 689 6 10 48
705 13154100 689 5 10 2
706 13235821 690 0 7 11086
707 13235821 690 8 1 1
708 13235821 690 0 6 14
709 13235821 690 8 5 4
710 13239305 691 10 2 74
711 13239305 691 2 2 49
712 13305767 692 7 10 12
713 13305767 692 2 0 75
714 13305767 692 7 7 181
715 13305767 692 2 10 12
716 13328365 693 8 0 109
717 13643581 695 1 10 1
718 13643581 695 9 0 64
719 13643581 695 8 8 1
720 13643581 695 1 3 4
721 13643581 695 4 10 1
722 13643581 695 3 6 1
723 13643581 695 5 8 1
724 13643581 695 7 8 1
725 13643581 695 8 10 1
726 13643581 695 8 0 21
727 13643581 695 2 1 3
728 13643581 695 5 9 214
729 13643581 695 1 1 3
730 13643581 695 9 2 793
731 13643581 695 8 9 214
732 13656435 697 6 1 154
733 13728341 698 2 8 8
734 13728341 698 5 5 6
735 13728341 698 10 5 51
736 13728341 698 10 8 312
737 13728341 698 5 3 7885
738 13728341 698 2 2 153
739 13730302 699 8 8 218
740 13766423 701 10 2 7
741 13828201 702 0 8 88
742 13828201 702 3 7 81
743 13828201 702 4 9 6
744 13828201 702 4 3 13
745 13828201 702 3 10 17
746 13890551 703 9 7 548
747 13890551 703 2 0 74
748 13897231 705 0 5 52
749 13902120 707 6 1 13
750 13915134 709 2 9 9272
751 13966246 712 4 4 99
752 13979650 714 10 4 1126
753 13979650 714 10 2 29274
754 14107042 718 2 8 1455
755 14107042 718 0 0 1
756 14107042 718 8 5 263
757 14107042 718 7 3 15
758 14107042 718 5 0 1
759 14107042 718 0 5 87
760 14107042 718 3 10 5
761 14107042 718 3 0 36
762 14107042 718 2 9 31
763 14107042 718 5 1 6
764 14109094 719 2 7 4984
765 14162680 723 3 6 66
766 14183942 724 6 6 2
767 14211682 727 2 7 5
768 14211682 727 8 0 769
769 14214574 728 3 9 53
770 14296617 732 9 0 2
771 14296617 732 9 3 7
772 14369308 735 6 1 62
773 14587226 741 9 5 11
774 14587226 741 10 4 33
775 14587226 741 0 4 33
776 14587226 741 4 10 8
777 14587226 741 0 10 110
778 14587226 741 8 6 2
779 14587226 741 10 7 2
780 14587226 741 8 10 2
781 14587226 741 7 2 3
782 14619009 744 1 8 151
783 14653403 749 5 4 26
784 14653403 749 9 5 1
785 14800111 751 3 6 55
786 14800111 751 10 6 950
787 14800111 751 8 3 485
788 14800111 751 2 8 1
789 14800111 751 4 1 46
790 14826743 752 1 9 1
791 14905194 757 5 5 578
792 14905194 757 9 1 38
793 15023276 766 10 3 1
794 15023276 766 1 5 13
795 15023276 766 2 4 48
796 15023276 766 6 7 3
797 15087889 768 0 8 21
798 15129620 777 1 6 75
799 15129620 777 10 6 150
800 15146960 778 7 9 14
801 15146960 778 5 1 279
802 15178052 783 7 10 8
803 15196544 787 7 4 3
804 15198942 788 10 8 200
805 15204404 789 3 2 30
806 15213534 795 3 7 39
807 15275249 804 4 6 21
808 15286104 806 5 0 104
809 15294020 807 2 10 55
810 15635247 822 10 5 78
811 15635247 822 7 5 52
812 15635247 822 2 5 26
813 15635247 822 0 10 3
814 15635247 822 0 7 414
815 15635247 822 7 3 5
816 15635247 822 10 9 1
817 15635247 822 9 5 26
818 15635247 822 8 1 1
819 15635247 822 2 4 5
820 15635247 822 3 9 9
821 15635247 822 8 8 239
822 15635247 822 7 2 12
823 15635247 822 1 5 26
824 15635247 822 0 9 1
825 15635247 822 0 0 1
826 15635247 822 2 8 3838
827 15864535 823 2 5 1797
828 15864535 823 3 1 969
829 15864535 823 1 3 13
830 15864535 823 1 7 1502
831 15864535 823 8 9 3
832 15864535 823 1 10 1
833 15937204 825 1 2 27
834 15937204 825 1 8 63
835 15937204 825 0 1 19
836 15945820 827 5 9 116
837 15978414 830 2 1 24
838 15978414 830 8 2 21
839 16031133 833 7 9 12629
840 16031133 833 7 7 1338
841 16031133 833 7 6 12731
842 16064828 834 2 0 15
843 16082149 839 8 3 4
844 16132252 844 2 9 283
845 16162869 846 5 7 59
846 16162869 846 5 3 96
847 16216644 857 9 7 83
848 16216644 857 9 6 9641
849 16216644 857 9 0 2932
850 16241685 859 6 8 506
851 16241685 859 6 2 342
852 16266338 861 3 10 7689
853 16266338 861 3 7 1201
854 16266338 861 3 2 309
855 16444665 864 0 10 517
856 16444665 864 5 6 17
857 16444665 864 0 0 7236
858 16444665 864 3 8 113
859 16444665 864 3 10 172
860 16444665 864 4 4 5
861 16444665 864 2 6 4
862 16444665 864 8 7 12
863 16453250 867 2 3 81
864 16486243 871 1 3 1534
865 16486243 871 10 8 8344
866 16496491 872 1 6 11
867 16496491 872 6 6 114
868 16526212 874 2 8 183
869 16546234 876 4 3 37
870 16546234 876 1 3 18
871 16695714 886 5 0 59
872 16695714 886 8 0 29
873 16695714 886 3 1 5
874 16695714 886 10 4 19
875 16695714 886 8 9 751
876 16695714 886 4 5 25
877 16695714 886 5 3 48
878 16695714 886 6 2 82
879 16718242 888 10 10 10210
880 16718242 888 10 2 136
881 16718242 888 10 9 16
882 16724773 889 9 2 34
883 16844396 894 8 5 30
884 16844396 894 0 2 11
885 16844396 894 2 3 6
886 16917308 896 9 3 1586
887 16932745 898 1 1 158
888 16971769 901 8 2 30
889 17027782 905 0 8 95
890 17084980 907 2 4 4
891 17084980 907 4 2 821
892 17084980 907 2 5 23
893 17109679 909 9 6 8913
894 17109679 909 9 4 1528
895 17109679 909 9 5 138
896 17111677 910 10 5 3
897 17134564 911 8 0 1365
898 17162244 913 7 2 19
899 17162244 913 0 2 19
900 17222441 920 2 8 655
901 17257148 924 10 6 1
902 17292803 926 7 3 71
903 17292803 926 7 0 37
904 17292803 926 7 1 61
905 17295211 927 7 0 85
906 17583066 929 6 10 1
907 17583066 929 9 1 2
908 17583066 929 0 8 4
909 17583066 929 10 6 54
910 17583066 929 10 7 2
911 17583066 929 10 10 1
912 17583066 929 2 0 2
913 17583066 929 2 9 4
914 17583066 929 3 4 878
915 17583066 929 4 0 7
916 17583066 929 1 6 54
917 17583066 929 2 5 454
918 17583066 929 3 7 2
919 17583066 929 7 3 3
920 17751930 930 10 5 22
921 17751930 930 7 10 683
922 17751930 930 5 9 71
923 17751930 930 4 4 13007
924 17751930 930 2 7 21
925 17751930 930 0 5 22
926 17904428 931 7 8 4
927 17904428 931 7 5 2443
928 17904428 931 0 0 1056
929 17904428 931 1 4 909
930 17904428 931 6 2 1607
931 17904428 931 7 1 10
932 17904428 931 8 6 8
933 17904428 931 6 3 24
934 17904428 931 7 10 225
935 17904428 931 3 3 124
936 17904428 931 1 6 8
937 18005337 932 0 6 9
938 18005337 932 2 8 6
939 18005337 932 10 2 1805
940 18005337 932 1 10 23
941 18005337 932 9 0 2
942 18005337 932 5 8 6
943 18005337 932 4 8 67
944 18015649 934 10 1 14278
945 18050925 939 9 9 59
946 18067211 940 0 8 217
947 18067211 940 0 10 1313
948 18067211 940 0 3 11398
949 18337617 941 6 1 96
950 18337617 941 8 4 11
951 18337617 941 4 2 10
952 18337617 941 4 4 32
953 18337617 941 10 7 2
954 18337617 941 1 0 5
955 18337617 941 2 2 5
956 18337617 941 1 4 1
957 18337617 941 10 8 1
958 18337617 941 4 5 41
959 18337617 941 8 7 1
960 18337617 941 4 0 22
961 18337617 941 5 3 8
962 18337617 941 1 7 1
963 18337617 941 0 9 1305
964 18337617 941 2 9 1305
965 18337617 941 9 0 22
966 18348818 946 8 9 37
967 18348818 946 1 9 112
968 18374894 948 8 6 3958
969 18469137 959 10 8 1670
970 18469137 959 10 0 127
971 18469137 959 10 9 43
972 18469137 959 10 10 18
973 18497147 961 4 5 343
974 18497147 961 5 5 343
975 18697348 967 5 6 3080
976 18697348 967 5 8 44
977 18697348 967 5 7 486
978 18697348 967 4 3 16
979 18697348 967 7 0 29
980 18697348 967 4 4 14
981 18722555 970 10 4 16
982 18722555 970 4 4 50
983 18732776 971 10 8 30
984 18757351 972 10 2 558
985 18757351 972 10 4 228
986 18757351 972 10 5 263
987 18808706 973 0 7 14257
988 18808706 973 2 9 112
989 18820110 976 2 8 113
990 18823616 977 7 2 1705
991 18841664 979 0 1 41
992 18876233 989 8 5 56
993 18882669 992 0 10 8980
994 18908484 993 4 2 94
995 18908484 993 4 10 91
996 18908484 993 4 3 13014
997 18950306 994 7 0 6
998 18950306 994 5 5 16
999 18950306 994 8 0 3
