11 349 1000
0 13391 0 9 1 6
1 13391 0 1 3 195
2 13391 0 9 9 1
3 13391 0 9 3 1560
4 51107 3 10 5 113
5 51107 3 10 0 2396
6 51107 3 10 2 11041
7 51107 3 9 3 2654
8 51107 3 5 9 20
9 59157 4 9 8 4
10 93421 9 4 5 248
11 93421 9 1 5 35
12 93421 9 7 7 39
13 93421 9 4 10 25
14 93421 9 7 1 19
15 93421 9 4 6 70
16 93421 9 4 0 7
17 93421 9 1 6 23
18 99127 10 0 1 1740
19 99127 10 4 1 8702
20 101416 12 3 2 8
21 171575 17 3 10 26
22 171575 17 10 3 93
23 171575 17 2 4 12
24 171575 17 5 8 30
25 171575 17 1 10 1
26 179016 18 1 10 164
27 179016 18 1 1 13067
28 184033 20 4 8 333
29 201395 21 3 1 17
30 237045 29 2 3 99
31 237045 29 2 9 94
32 237045 29 2 8 170
33 243481 31 3 3 475
34 247529 35 7 10 74
35 259554 37 0 8 6
36 259554 37 0 10 4
37 259554 37 4 10 4
38 259554 37 6 10 4
39 267850 38 8 5 55
40 271896 39 3 5 6
41 282888 41 10 7 58
42 282888 41 10 5 3030
43 282888 41 10 8 44
44 290691 45 1 6 1063
45 291444 47 8 1 42
46 302157 50 2 0 44
47 302157 50 7 0 44
48 302157 50 1 8 12
49 302157 50 7 10 526
50 382307 51 0 10 1
51 382307 51 3 6 1
52 382307 51 10 1 30
53 382307 51 8 3 15
54 382307 51 7 4 15
55 382307 51 9 8 1
56 382307 51 10 7 5
57 382307 51 9 4 31
58 384541 54 9 10 4501
59 431384 59 8 1 22
60 431384 59 2 2 204
61 431384 59 1 1 67
62 431384 59 5 7 26
63 431384 59 8 4 6
64 431384 59 1 3 5
65 431384 59 5 8 15
66 431384 59 1 8 1
67 439383 61 2 1 230
68 439749 62 8 5 5726
69 454206 66 0 5 116
70 472150 70 8 7 1
71 472150 70 3 7 1
72 534787 75 9 9 33
73 534787 75 8 1 4733
74 534787 75 4 5 115
75 534787 75 8 5 115
76 541343 77 10 4 31
77 545538 79 10 3 38
78 614865 84 2 9 84
79 614865 84 2 2 231
80 614865 84 7 1 8
81 614865 84 10 8 6
82 614865 84 6 5 4
83 614865 84 7 8 1
84 614865 84 4 10 2
85 614865 84 3 3 8
86 614865 84 2 5 71
87 614865 84 3 0 7
88 614865 84 4 7 21
89 619635 88 1 6 30
90 638855 91 8 2 550
91 638855 91 1 2 10456
92 649175 94 2 5 756
93 652542 96 0 5 44
94 662502 97 9 9 1843
95 662502 97 1 9 1843
96 699619 99 7 2 19
97 763240 102 1 6 1
98 763240 102 4 5 14
99 763240 102 7 2 483
100 763240 102 4 10 21
101 763240 102 8 6 31
102 763240 102 10 6 1
103 763240 102 5 7 2
104 763240 102 9 1 7
105 763240 102 1 4 4
106 763240 102 0 2 483
107 805529 108 0 0 226
108 805529 108 7 4 34
109 805529 108 3 0 226
110 809413 110 3 7 345
111 809413 110 3 8 100
112 843017 123 10 10 32
113 846372 124 9 3 28
114 865235 127 0 1 237
115 866180 128 2 0 5
116 875569 132 8 1 6
117 875569 132 8 0 21
118 875572 133 5 1 154
119 897772 136 8 4 6084
120 897772 136 8 5 496
121 897772 136 8 1 94
122 948996 137 5 8 4
123 948996 137 3 9 2136
124 948996 137 6 8 39
125 948996 137 10 8 34
126 948996 137 3 4 99
127 948996 137 0 7 3
128 948996 137 5 0 8
129 949835 138 4 5 109
130 954156 139 2 1 25
131 978339 146 4 8 333
132 978339 146 7 8 1332
133 982062 148 1 10 43
134 989726 150 2 3 66
135 989726 150 2 1 14
136 1048084 154 7 1 33
137 1048084 154 8 6 230
138 1048084 154 9 5 69
139 1048084 154 10 5 139
140 1048084 154 5 0 2
141 1054565 159 1 4 95
142 1113658 160 4 8 306
143 1113658 160 2 3 2
144 1113658 160 6 7 1
145 1113658 160 6 10 5
146 1113658 160 2 0 11
147 1113658 160 4 0 11
148 1113658 160 3 10 17
149 1113658 160 7 3 137
150 1113658 160 0 10 5
151 1135930 162 2 10 75
152 1135930 162 6 3 191
153 1135930 162 3 1 1445
154 1135930 162 5 7 225
155 1135930 162 5 0 1899
156 1135930 162 5 10 5
157 1147637 167 2 5 23577
158 1158960 170 3 3 61
159 1158960 170 3 10 19
160 1164428 172 7 8 29
161 1164428 172 7 2 54
162 1176380 175 5 6 13
163 1197286 177 3 0 359
164 1197286 177 3 1 25986
165 1197286 177 0 5 42
166 1197286 177 0 8 1073
167 1197286 177 3 7 17
168 1198278 178 9 0 104
169 1203074 183 4 0 35
170 1227011 192 3 8 53
171 1227011 192 3 7 6128
172 1277536 198 1 4 4
173 1277536 198 5 0 5
174 1277536 198 6 0 5
175 1277536 198 9 4 4
176 1282990 202 3 3 146
177 1282990 202 3 1 8
178 1296800 203 7 9 14
179 1296800 203 7 0 49
180 1300928 206 3 6 88
181 1303952 207 7 0 68
182 1323060 210 9 3 1
183 1327538 216 6 5 29
184 1332384 217 6 4 13
185 1335056 218 1 2 17074
186 1345285 225 6 8 316
187 1371444 229 0 8 118
188 1371444 229 6 4 17
189 1371444 229 0 0 10
190 1399459 230 3 3 136
191 1399459 230 0 6 6
192 1399459 230 3 8 33
193 1453766 233 3 1 141
194 1453766 233 5 4 5766
195 1453766 233 9 8 94
196 1453766 233 10 10 9
197 1453766 233 7 5 3
198 1453766 233 0 5 1
199 1453766 233 0 6 26
200 1456854 235 2 7 17
201 1461395 236 9 6 55
202 1478112 237 10 6 47
203 1478112 237 4 3 1
204 1478112 237 4 2 27
205 1543209 241 7 6 1
206 1543209 241 4 10 1014
207 1543209 241 1 5 3364
208 1543209 241 3 6 1
209 1543209 241 3 0 9
210 1543209 241 6 7 6
211 1543209 241 1 9 1226
212 1543209 241 7 5 5047
213 1543355 242 8 3 104
214 1551752 249 5 5 21
215 1551752 249 7 5 43
216 1585642 259 2 10 622
217 1585642 259 6 3 623
218 1585642 259 7 8 2025
219 1585642 259 3 1 891
220 1647348 262 3 9 15
221 1647348 262 3 7 1
222 1647348 262 8 5 8
223 1647348 262 9 0 19
224 1647348 262 4 4 12
225 1647348 262 2 3 1
226 1647348 262 4 9 15
227 1647348 262 2 0 9
228 1647348 262 2 5 1
229 1647348 262 3 10 6
230 1647348 262 9 10 6
231 1647348 262 4 2 13
232 1647348 262 8 7 1
233 1647348 262 9 4 1
234 1655065 263 1 10 4572
235 1659547 266 3 10 42
236 1668360 269 4 8 138
237 1689436 282 8 1 106
238 1689436 282 8 10 44
239 1689476 283 5 1 81
240 1698261 285 4 7 350
241 1698261 285 4 5 15527
242 1795574 287 10 4 1
243 1795574 287 7 3 17
244 1795574 287 2 7 12118
245 1795574 287 0 2 6
246 1795574 287 3 0 5
247 1795574 287 4 6 24
248 1795574 287 5 2 28
249 1795574 287 0 1 6
250 1795574 287 1 3 5
251 1795574 287 1 2 3
252 1795574 287 1 0 5
253 1795574 287 9 9 1
254 1795574 287 9 6 24
255 1795574 287 0 5 17
256 1795574 287 5 1 6
257 1831852 291 4 8 8
258 1831852 291 9 3 211
259 1831852 291 2 5 25
260 1831852 291 3 0 6
261 1831852 291 2 0 8
262 1831852 291 0 7 111
263 1831852 291 5 8 8
264 1865107 292 3 8 654
265 1865107 292 4 8 218
266 1865107 292 3 10 3
267 1865107 292 5 6 13
268 1865107 292 10 6 39
269 1867632 293 8 1 87
270 1867786 294 0 5 99583
271 1888020 298 9 5 37
272 1888020 298 1 10 121
273 1888020 298 1 6 844
274 1889378 299 9 6 1644
275 1929486 303 4 7 3
276 1929486 303 2 0 2
277 1929486 303 4 8 324
278 1952379 304 2 6 577
279 1952379 304 2 1 7
280 1952379 304 3 7 25
281 1952379 304 3 5 23
282 1966554 308 6 7 58523
283 1970333 310 10 7 73
284 1970333 310 10 6 6
285 2031513 317 0 5 1929
286 2031513 317 5 5 5789
287 2031513 317 0 7 3013
288 2031513 317 8 8 83
289 2031513 317 7 0 4
290 2031513 317 4 9 5
291 2050322 324 8 5 7
292 2056623 327 2 1 180
293 2079678 328 2 9 2
294 2079678 328 9 0 4
295 2079678 328 8 9 2
296 2088373 332 2 8 19
297 2095176 335 1 1 17
298 2095176 335 1 4 11349
299 2102664 337 4 4 1536
300 2118065 339 8 3 215
301 2118065 339 6 5 190
302 2118065 339 9 5 95
303 2141416 340 5 8 451
304 2141416 340 3 4 5
305 2141416 340 5 3 126
306 2141416 340 0 4 1
307 2141416 340 8 1 3
308 2153926 346 3 5 489
309 2160706 350 9 6 38
310 2169881 353 0 4 219
311 2176407 358 1 4 2379
312 2198029 366 0 5 1952
313 2200734 368 0 7 1327
314 2211535 369 9 0 34
315 2211535 369 2 9 869
316 2234096 370 10 8 22
317 2234096 370 3 5 8
318 2234096 370 10 2 9
319 2234096 370 4 2 1
320 2234096 370 6 8 3
321 2234096 370 2 10 11
322 2256678 380 10 2 57
323 2256678 380 10 5 64
324 2259626 383 4 6 187
325 2264042 386 9 3 488
326 2267220 387 9 9 1
327 2282708 388 0 8 3
328 2337046 390 0 3 1193
329 2337046 390 1 3 298
330 2337046 390 2 3 596
331 2337046 390 5 7 3
332 2337046 390 3 5 6
333 2337046 390 10 3 596
334 2337046 390 3 4 27
335 2337046 390 7 5 20
336 2356418 392 0 5 3851
337 2356418 392 10 2 117
338 2356418 392 7 4 427
339 2356418 392 4 9 3
340 2356418 392 3 9 3
341 2425598 395 2 10 10
342 2425598 395 6 2 1
343 2425598 395 10 4 1
344 2425598 395 1 3 52
345 2425598 395 7 1 1
346 2425598 395 3 5 177
347 2431157 397 3 10 99
348 2432081 398 9 9 103
349 2461483 402 2 4 6
350 2461483 402 2 7 17
351 2461483 402 9 2 1
352 2461483 402 9 5 65
353 2462666 404 2 0 10
354 2465866 405 8 5 15
355 2465866 405 2 5 15
356 2470269 406 8 0 35
357 2480021 407 2 10 6135
358 2480021 407 2 4 49
359 2480021 407 2 6 71
360 2480021 407 2 2 73
361 2526698 409 5 2 7
362 2526698 409 1 6 1
363 2526698 409 1 0 528
364 2526698 409 2 1 542
365 2526698 409 5 10 10
366 2526698 409 5 4 2
367 2526698 409 6 0 528
368 2526698 409 5 3 3
369 2526698 409 6 7 1
370 2528876 410 2 3 1
371 2531248 411 9 4 206
372 2552077 413 9 0 144
373 2552077 413 9 6 10095
374 2552077 413 9 5 300
375 2552077 413 9 9 16
376 2557433 419 6 1 60
377 2561807 420 5 8 36
378 2561807 420 6 10 64
379 2561807 420 9 1 29
380 2562338 421 5 9 27455
381 2572462 422 2 7 9
382 2572462 422 4 2 5692
383 2572462 422 0 7 62
384 2582407 424 7 5 282
385 2582407 424 7 0 119
386 2582407 424 7 8 143
387 2582407 424 7 9 6021
388 2665531 428 4 9 3
389 2665531 428 10 4 1
390 2665531 428 4 1 2673
391 2665531 428 5 0 1
392 2665531 428 4 7 1
393 2665531 428 7 4 1
394 2665531 428 1 8 2
395 2665531 428 3 7 97
396 2665531 428 8 2 2
397 2665531 428 0 3 3
398 2712140 430 3 1 3154
399 2712140 430 5 4 3
400 2712140 430 2 3 2
401 2712140 430 8 0 40
402 2712140 430 4 4 3
403 2712140 430 3 6 190
404 2712140 430 10 2 18
405 2712140 430 7 6 381
406 2712140 430 0 1 1051
407 2712140 430 1 8 4
408 2712140 430 5 3 2
409 2723593 435 6 6 24
410 2734471 443 6 1 15
411 2734471 443 6 10 95
412 2740245 445 7 0 52
413 2747984 452 5 10 36
414 2748109 453 8 2 53
415 2806604 460 1 10 64
416 2842647 461 8 8 9
417 2842647 461 1 2 11
418 2842647 461 5 6 122
419 2845764 463 0 0 22
420 2960544 466 1 0 7
421 2960544 466 1 6 4
422 2960544 466 4 9 8
423 2960544 466 5 3 3602
424 2960544 466 9 5 1
425 2960544 466 6 10 2
426 2960544 466 3 9 4
427 2960544 466 3 4 2174
428 2960544 466 2 8 1
429 2960544 466 8 0 7
430 2960544 466 2 10 2
431 2960544 466 7 6 28
432 2960544 466 10 0 7
433 2960544 466 4 1 2
434 2960544 466 3 1 11
435 2960544 466 7 7 1
436 2960544 466 8 10 2
437 2988508 467 0 6 6
438 2988508 467 0 1 1
439 2988508 467 6 5 5
440 2988508 467 4 6 6
441 2988508 467 9 5 5
442 2988508 467 5 8 7
443 2996184 468 7 5 422
444 2996184 468 7 6 61
445 2996184 468 7 7 38
446 2998050 469 6 3 3988
447 3004328 471 1 10 923
448 3004328 471 6 10 923
449 3012165 472 3 0 7
450 3043840 473 7 10 5
451 3043840 473 4 9 2
452 3043840 473 0 3 14
453 3043840 473 10 8 52
454 3043840 473 1 7 66
455 3043840 473 8 2 15
456 3044196 474 4 9 211
457 3141926 475 0 6 1
458 3141926 475 2 1 3
459 3141926 475 9 7 9
460 3141926 475 10 1 13
461 3141926 475 8 5 2
462 3141926 475 0 1 6
463 3141926 475 1 9 5
464 3141926 475 10 2 3
465 3141926 475 10 0 1
466 3141926 475 4 4 1
467 3141926 475 0 7 4
468 3141926 475 3 7 4
469 3141926 475 3 10 5
470 3141926 475 10 7 4
471 3159961 479 10 9 1
472 3159961 479 6 9 1
473 3159961 479 4 9 1
474 3164652 482 4 2 222
475 3178674 487 5 9 2682
476 3178674 487 5 7 808
477 3191057 489 9 8 8
478 3191057 489 3 7 5
479 3191057 489 9 0 11786
480 3199646 497 9 7 51
481 3290448 498 8 1 17
482 3290448 498 1 3 1
483 3290448 498 3 8 514
484 3290448 498 5 2 9
485 3290448 498 0 2 4
486 3290448 498 4 9 1
487 3290448 498 6 6 1
488 3290448 498 2 3 1
489 3290448 498 10 3 4
490 3290448 498 5 7 14
491 3290448 498 9 2 4
492 3290448 498 3 2 28
493 3290448 498 0 8 1028
494 3290448 498 0 6 1
495 3290448 498 0 1 53
496 3290448 498 1 4 50
497 3298074 499 7 4 225
498 3298074 499 7 7 71
499 3298074 499 7 8 324
500 3298074 499 7 9 100
501 3298074 499 7 2 121
502 3298999 501 4 8 5123
503 3301743 502 2 6 191
504 3305424 504 6 9 296
505 3305424 504 10 9 1333
506 3305424 504 3 10 30
507 3358369 507 4 7 72
508 3358369 507 7 2 5
509 3358369 507 4 3 2
510 3358369 507 8 3 2
511 3358369 507 4 4 1429
512 3358369 507 9 1 1
513 3358369 507 0 2 17
514 3358369 507 0 10 4631
515 3358369 507 1 6 3
516 3360352 508 5 8 38
517 3379164 510 7 7 2681
518 3379164 510 7 2 20
519 3379164 510 7 9 1
520 3434564 513 2 2 30
521 3434564 513 2 3 5
522 3434564 513 9 10 2
523 3434564 513 1 2 6
524 3434564 513 7 1 58
525 3434564 513 0 6 80
526 3434564 513 0 3 5
527 3445954 516 2 3 1
528 3445954 516 3 3 1
529 3445954 516 5 3 1
530 3446061 517 3 10 33396
531 3450809 524 1 8 1009
532 3458781 529 4 9 374
533 3461664 533 4 4 779
534 3474093 538 0 8 23
535 3475490 539 10 1 6
536 3488056 542 1 10 78241
537 3496906 547 4 7 18
538 3496906 547 4 6 189
539 3518670 551 2 9 4879
540 3518670 551 5 1 3
541 3518670 551 4 1 3
542 3518670 551 10 6 30
543 3619153 555 1 6 23
544 3619153 555 7 7 3
545 3619153 555 0 3 202
546 3619153 555 4 9 2
547 3619153 555 9 5 1
548 3619153 555 6 9 35
549 3619153 555 1 2 876
550 3619153 555 4 8 7
551 3619153 555 6 5 1
552 3619153 555 0 0 1
553 3619153 555 0 6 47
554 3619153 555 7 8 102
555 3619153 555 10 3 607
556 3619153 555 1 5 1
557 3619153 555 6 1 191
558 3619153 555 0 9 2
559 3619153 555 7 0 1
560 3654133 556 3 10 335
561 3654133 556 0 5 3164
562 3662155 557 3 2 52
563 3662155 557 3 6 36
564 3675783 560 2 2 8
565 3680125 561 2 10 28
566 3697268 563 10 1 192
567 3705158 568 8 2 137
568 3742835 569 5 7 1
569 3742835 569 10 2 78
570 3742835 569 5 6 1
571 3742835 569 9 1 1
572 3742835 569 8 7 1
573 3743751 571 7 7 16
574 3747288 573 1 5 19
575 3752226 575 10 8 15
576 3780889 576 0 3 30
577 3781875 577 0 0 2339
578 3785960 578 3 9 11
579 3788535 581 6 9 62
580 3803347 582 4 0 2716
581 3811940 583 6 4 5985
582 3811940 583 6 6 89
583 3814618 587 4 1 12
584 3820458 588 4 6 76
585 3827192 591 0 1 40
586 3832906 595 2 9 194
587 3833508 596 9 1 190
588 3837600 599 7 1 186
589 3865996 602 6 6 1
590 3866683 603 2 10 133
591 3878647 606 10 1 70
592 3878647 606 10 5 1333
593 3881427 610 1 3 27
594 3890488 611 7 2 147
595 3890488 611 5 8 990
596 3974572 612 3 8 8
597 3974572 612 0 0 142
598 3974572 612 1 3 1
599 3974572 612 10 2 448
600 3974572 612 5 0 214
601 3974572 612 6 4 26
602 3974572 612 10 5 3603
603 3974572 612 9 4 26
604 3974572 612 9 0 1427
605 3974572 612 0 1 3
606 3974572 612 2 9 14
607 3974572 612 10 10 15
608 3974572 612 7 9 1
609 3974572 612 7 7 5079
610 3974572 612 8 2 897
611 3974572 612 9 2 1346
612 3981641 613 3 9 4062
613 4061070 616 5 4 3
614 4061070 616 4 3 20
615 4061070 616 1 1 18
616 4061070 616 5 2 1
617 4061070 616 3 3 62
618 4061070 616 5 6 72
619 4061070 616 9 6 36
620 4061070 616 4 1 1
621 4061070 616 1 5 1227
622 4061070 616 7 6 36
623 4061070 616 10 10 1709
624 4061070 616 10 0 494
625 4061070 616 3 1 1
626 4061070 616 9 0 494
627 4062585 617 4 2 116
628 4062585 617 3 9 85
629 4074772 621 6 8 18
630 4077711 625 7 0 104
631 4099447 628 1 6 127
632 4107969 631 2 3 144
633 4127829 633 5 7 3
634 4131612 634 7 10 105
635 4131612 634 7 8 2395
636 4136513 635 5 6 96
637 4136513 635 5 7 192
638 4136513 635 5 10 15796
639 4136513 635 5 0 102
640 4136513 635 5 4 37
641 4141584 637 2 10 16
642 4197055 644 2 6 1
643 4197055 644 10 9 27
644 4197055 644 2 0 8
645 4197055 644 7 0 8
646 4197055 644 8 9 27
647 4197055 644 4 3 21
648 4197055 644 0 3 10
649 4197055 644 3 1 748
650 4197055 644 7 8 908
651 4197055 644 6 8 1817
652 4197055 644 5 10 11
653 4200938 649 4 1 3092
654 4201639 650 7 10 29
655 4201639 650 0 10 58
656 4201698 651 5 8 25
657 4207608 660 7 7 16605
658 4214851 665 8 8 45
659 4216215 666 4 3 2
660 4216533 667 2 7 77
661 4287801 671 2 6 8
662 4287801 671 3 4 1342
663 4287801 671 6 7 1
664 4287801 671 9 7 1
665 4287801 671 10 1 238
666 4287801 671 3 6 8
667 4287801 671 5 7 2
668 4287801 671 9 5 30
669 4287801 671 4 7 1
670 4287801 671 1 6 16
671 4287801 671 1 7 1
672 4287801 671 9 6 8
673 4287801 671 10 10 4
674 4287801 671 4 8 5
675 4287801 671 8 7 1
676 4289342 672 10 5 10
677 4301157 675 2 4 30
678 4303088 676 8 4 41
679 4303535 677 6 8 67
680 4315825 681 8 4 1319
681 4368981 683 7 7 548
682 4368981 683 5 9 15
683 4368981 683 3 2 4582
684 4368981 683 2 5 1
685 4368981 683 0 0 1
686 4370425 686 7 1 88
687 4373691 687 5 8 7
688 4384700 689 5 10 2
689 4411940 690 4 9 17
690 4411940 690 0 7 11086
691 4411940 690 8 6 14
692 4411940 690 0 2 81
693 4413101 691 8 2 24
694 4442788 693 8 7 220
695 4442788 693 8 0 109
696 4443949 694 4 6 1358
697 4547860 695 6 1 3
698 4547860 695 9 8 1
699 4547860 695 3 8 1
700 4547860 695 2 7 1
701 4547860 695 10 2 1587
702 4547860 695 8 9 214
703 4547860 695 0 4 1
704 4547860 695 6 2 1587
705 4547860 695 8 10 1
706 4547860 695 1 10 1
707 4547860 695 1 4 1
708 4576113 698 10 0 4
709 4576113 698 5 3 7885
710 4576113 698 2 6 13
711 4576113 698 2 4 268
712 4576113 698 10 5 51
713 4588807 701 4 2 3
714 4588807 701 10 2 7
715 4609400 702 0 8 88
716 4609400 702 3 3 1
717 4609400 702 0 7 163
718 4609400 702 3 1 61
719 4630183 703 9 5 40
720 4630183 703 9 6 38
721 4632410 705 0 5 52
722 4647710 710 3 5 9637
723 4647710 710 3 0 36
724 4655415 712 10 4 49
725 4655415 712 2 4 49
726 4659883 714 2 8 105
727 4660134 715 8 7 12
728 4702347 718 2 9 31
729 4702347 718 10 1 6
730 4702347 718 5 7 5
731 4720893 723 6 9 23
732 4720893 723 6 6 66
733 4720893 723 3 1 113
734 4720893 723 3 2 3584
735 4727980 724 6 0 16260
736 4727980 724 6 7 124
737 4727980 724 6 9 286
738 4727980 724 6 1 111
739 4737227 727 2 5 14
740 4738630 729 1 6 6073
741 4765539 732 7 0 1
742 4765539 732 5 9 46
743 4789769 735 9 5 36
744 4789769 735 9 4 153
745 4789769 735 9 6 47
746 4789769 735 6 9 10
747 4789769 735 9 2 1
748 4797473 737 0 0 44
749 4806790 739 10 5 86
750 4862408 741 10 9 44
751 4862408 741 8 10 2
752 4862408 741 8 5 28
753 4862408 741 7 2 3
754 4862408 741 0 4 33
755 4862408 741 10 2 3
756 4884467 749 10 5 24
757 4884467 749 10 0 33
758 4884467 749 4 7 20
759 4933370 751 1 10 51
760 4933370 751 0 7 3
761 4933370 751 10 10 17
762 4933370 751 5 9 15
763 4933370 751 6 7 3
764 4933370 751 3 1 15
765 4933370 751 7 2 477
766 4933370 751 5 6 111
767 4933370 751 1 2 119
768 4933370 751 8 4 13
769 4933370 751 9 5 343
770 4933370 751 10 8 1
771 4933370 751 8 1 30
772 4942247 752 3 8 42
773 4954805 755 9 0 195
774 4968398 757 9 5 1734
775 4971863 759 10 3 11
776 4976038 761 8 5 91
777 4978560 764 3 2 84
778 4978957 765 9 0 12661
779 5007758 766 7 10 7
780 5007758 766 1 5 13
781 5007758 766 7 7 3
782 5007758 766 3 5 13
783 5007758 766 10 3 1
784 5007758 766 4 3 1
785 5007758 766 0 3 1
786 5007758 766 10 6 14
787 5036346 773 8 10 34
788 5036346 773 3 10 17
789 5055352 780 1 5 14
790 5059350 783 7 10 8
791 5065514 787 7 4 3
792 5070217 793 4 7 6073
793 5091749 804 4 6 21
794 5091749 804 4 10 98
795 5095368 806 3 0 10
796 5098853 809 0 8 54
797 5099056 810 3 7 472
798 5211749 822 2 5 26
799 5211749 822 8 10 3
800 5211749 822 5 1 1
801 5211749 822 9 5 26
802 5211749 822 6 5 26
803 5211749 822 10 5 78
804 5211749 822 2 6 8
805 5211749 822 1 9 5
806 5211749 822 9 4 1
807 5211749 822 0 3 1
808 5288178 823 3 6 282
809 5288178 823 8 3 9
810 5288178 823 2 3 1
811 5288178 823 3 1 969
812 5288178 823 5 3 6
813 5288178 823 2 0 8
814 5288178 823 9 1 1938
815 5288178 823 3 0 8
816 5312401 825 1 2 27
817 5312401 825 5 8 63
818 5312401 825 5 5 16
819 5312401 825 5 0 3
820 5326138 830 1 2 42
821 5326138 830 8 2 21
822 5326138 830 2 1 24
823 5343711 833 7 5 22
824 5354942 834 8 10 1400
825 5354942 834 2 0 15
826 5354942 834 9 9 14
827 5354942 834 7 0 177
828 5359042 837 6 9 79
829 5361543 840 10 1 81
830 5374405 843 9 3 39
831 5377417 844 2 9 283
832 5381072 845 10 7 4
833 5387623 846 5 1 9
834 5387623 846 5 2 142
835 5388261 848 8 4 118
836 5388961 849 7 10 39
837 5397033 856 3 4 30
838 5405548 857 9 10 21849
839 5413895 859 6 4 66
840 5413895 859 6 0 3051
841 5413895 859 6 2 342
842 5413895 859 6 9 148
843 5413937 860 9 6 11
844 5422112 861 3 2 309
845 5422112 861 3 9 59
846 5429742 863 2 9 264
847 5481555 864 9 5 15
848 5481555 864 8 4 5
849 5481555 864 1 8 226
850 5481555 864 1 1 4
851 5481555 864 2 7 1
852 5481555 864 6 8 339
853 5481555 864 0 4 17
854 5481555 864 9 1 4
855 5481555 864 0 0 7236
856 5481555 864 10 5 15
857 5481699 865 4 2 165
858 5495414 871 5 9 3
859 5498830 872 6 10 5
860 5498830 872 1 6 11
861 5513644 875 3 7 9
862 5522757 881 1 2 561
863 5565238 886 4 6 555
864 5565238 886 5 6 555
865 5565238 886 4 1 5
866 5565238 886 9 7 4
867 5565238 886 10 0 29
868 5565238 886 7 0 14
869 5565238 886 2 6 1111
870 5565238 886 8 8 20
871 5565238 886 4 8 20
872 5565238 886 1 4 1
873 5565238 886 10 3 12
874 5565238 886 6 2 82
875 5572747 888 10 9 16
876 5614798 894 2 5 30
877 5614798 894 2 8 1
878 5614798 894 4 3 12
879 5614798 894 8 4 18
880 5614798 894 0 5 1
881 5614798 894 3 3 6
882 5639102 896 4 2 38
883 5639102 896 10 10 16
884 5639102 896 1 3 1586
885 5644248 898 1 1 158
886 5657256 901 8 2 30
887 5669769 903 1 10 49
888 5675927 905 8 8 95
889 5694993 907 2 3 18
890 5694993 907 4 8 14
891 5703226 909 9 2 801
892 5711521 911 0 0 682
893 5738841 919 0 1 1
894 5764267 926 7 9 34
895 5764267 926 7 0 37
896 5764267 926 7 6 104
897 5861022 929 6 10 1
898 5861022 929 5 7 18
899 5861022 929 6 9 28
900 5861022 929 7 1 18
901 5861022 929 4 0 7
902 5861022 929 6 5 227
903 5861022 929 5 6 54
904 5861022 929 0 8 4
905 5861022 929 10 5 227
906 5861022 929 0 6 54
907 5861022 929 4 6 54
908 5861022 929 10 9 4
909 5861022 929 3 0 2
910 5861022 929 6 1 3
911 5861022 929 5 9 4
912 5861022 929 1 1 3
913 5861022 929 9 1 2
914 5861022 929 9 6 381
915 5861022 929 8 5 227
916 5861022 929 7 9 4
917 5861022 929 1 5 227
918 5861022 929 0 1 2
919 5917310 930 7 2 7
920 5917310 930 3 2 29
921 5917310 930 8 6 13
922 5917310 930 6 0 4984
923 5917310 930 4 7 10
924 5917310 930 4 4 13007
925 5917310 930 3 3 15
926 5917310 930 4 8 309
927 5917310 930 0 6 26
928 5917310 930 1 0 2492
929 5917310 930 10 0 7476
930 5917310 930 8 3 15
931 5917310 930 5 9 71
932 5917310 930 6 7 10
933 5968142 931 6 6 8
934 5968142 931 2 8 4
935 5968142 931 3 9 2119
936 5968142 931 4 3 49
937 6001779 932 2 3 3
938 6001779 932 8 2 902
939 6001779 932 5 3 13
940 6001779 932 2 8 6
941 6001779 932 1 6 4
942 6001779 932 1 7 3
943 6001779 932 2 2 2708
944 6001779 932 1 1 779
945 6005216 934 8 7 122
946 6022403 940 0 5 111
947 6112539 941 9 9 2610
948 6112539 941 5 10 18
949 6112539 941 8 8 1
950 6112539 941 7 7 2
951 6112539 941 4 5 41
952 6112539 941 4 9 3916
953 6112539 941 10 1 288
954 6112539 941 4 1 192
955 6112539 941 10 10 36
956 6112539 941 2 5 27
957 6112539 941 0 5 13
958 6112539 941 4 3 4
959 6112539 941 9 1 288
960 6112539 941 3 4 1
961 6112539 941 5 1 192
962 6112539 941 2 1 96
963 6112539 941 8 7 1
964 6112539 941 8 6 2
965 6124964 948 8 6 3958
966 6138871 953 1 3 14
967 6138986 954 10 1 315
968 6156379 959 10 2 32
969 6156379 959 10 10 18
970 6156379 959 10 1 1320
971 6165715 961 9 5 1719
972 6165715 961 4 5 343
973 6232449 967 0 5 43
974 6232449 967 4 9 9
975 6232449 967 4 8 44
976 6232449 967 6 10 27
977 6232449 967 5 2 15
978 6232449 967 1 1 369
979 6232449 967 0 6 9242
980 6232449 967 1 3 4
981 6232449 967 5 4 14
982 6232449 967 6 7 243
983 6232449 967 5 3 4
984 6240851 970 10 6 74
985 6244258 971 9 8 90
986 6269568 973 0 5 2131
987 6274538 977 2 2 5970
988 6274538 977 7 2 1705
989 6286289 985 5 10 2635
990 6290319 987 7 9 42
991 6302828 993 4 9 48
992 6302828 993 4 10 91
993 6316768 994 3 0 6
994 6316768 994 8 0 3
995 6316768 994 4 5 64
996 6316768 994 4 4 38
997 6316768 994 0 5 16
998 6316768 994 10 5 81
999 6319312 995 0 10 199
