11 333 1000
0 30129 0 1 4 103
1 30129 0 9 9 1
2 114992 3 9 4 3213
3 133103 4 2 0 15
4 210197 9 4 0 7
5 210197 9 7 2 19
6 223036 10 4 1 8702
7 223036 10 2 1 870
8 226243 11 0 9 88
9 295081 13 8 10 297
10 295081 13 6 2 70
11 295081 13 7 8 3
12 295081 13 5 1 530
13 295081 13 6 10 99
14 386043 17 9 9 658
15 386043 17 2 2 8942
16 386043 17 1 5 16
17 386043 17 3 7 19
18 402787 18 1 2 19
19 453139 21 4 6 290
20 453139 21 3 10 68
21 453139 21 4 8 86
22 453139 21 3 1 17
23 470908 25 4 0 1977
24 533352 29 2 6 2425
25 533352 29 2 5 28
26 533352 29 10 1 11
27 547833 31 3 6 1
28 547833 31 1 6 46
29 583998 37 8 10 4
30 602663 38 2 5 55
31 611766 39 6 5 20
32 611766 39 4 5 6
33 611766 39 0 5 34
34 636499 41 10 9 75
35 639584 42 8 0 5
36 651215 44 1 2 89
37 651215 44 1 10 3951
38 679854 50 1 8 12
39 679854 50 9 3 14
40 679854 50 2 10 3160
41 860191 51 7 8 1
42 860191 51 7 7 5
43 860191 51 3 9 1
44 860191 51 8 0 21
45 860191 51 3 6 1
46 860191 51 9 6 5
47 860191 51 7 0 21
48 860191 51 2 10 1
49 860191 51 10 1 30
50 880977 58 1 2 7830
51 970615 59 8 7 6
52 970615 59 5 0 2
53 972704 60 6 6 322
54 988612 61 7 2 24
55 988612 61 7 4 126
56 1021963 66 0 10 2896
57 1021963 66 0 8 966
58 1029802 68 2 4 1
59 1029802 68 10 4 23
60 1062339 70 10 6 45
61 1062339 70 8 8 21
62 1089946 73 6 6 58
63 1093683 74 10 7 17
64 1203271 75 6 0 11
65 1203271 75 9 6 14
66 1203271 75 2 8 1
67 1203271 75 2 4 1
68 1203271 75 2 5 577
69 1203271 75 2 9 1
70 1203271 75 8 5 115
71 1203271 75 6 10 7
72 1218023 77 10 4 31
73 1383446 84 6 9 6
74 1383446 84 10 9 1
75 1383446 84 6 1 8
76 1383446 84 7 9 1
77 1383446 84 4 3 4
78 1383446 84 7 1 8
79 1383446 84 7 5 716
80 1383446 84 6 7 65
81 1383446 84 7 8 1
82 1420847 89 7 8 6309
83 1420847 89 7 0 56
84 1437423 91 9 2 4953
85 1437423 91 8 2 550
86 1447498 93 7 7 13
87 1490629 97 6 9 1843
88 1574144 99 9 3 63
89 1574144 99 9 5 5
90 1574144 99 7 0 1829
91 1574144 99 0 7 38
92 1574144 99 7 4 28
93 1717291 102 9 6 7
94 1717291 102 3 7 1
95 1717291 102 3 10 21
96 1717291 102 5 5 14
97 1717291 102 9 3 11
98 1717291 102 8 1 91
99 1730966 103 8 5 6
100 1812440 108 0 0 226
101 1812440 108 7 7 76
102 1812440 108 6 4 68
103 1821179 110 3 1 64
104 1821179 110 3 6 59
105 1847548 116 2 10 8305
106 1847548 116 2 8 217
107 1865348 117 0 6 1374
108 1865348 117 0 5 160
109 1865348 117 0 3 30
110 1865348 117 0 10 1361
111 1865348 117 0 7 29
112 1904337 124 2 3 7
113 1910539 126 0 0 119
114 1970030 132 0 7 7571
115 1983914 134 6 7 32
116 1983914 134 6 3 3
117 2019987 136 8 3 215
118 2019987 136 1 3 16
119 2019987 136 1 8 15
120 2019987 136 1 6 153
121 2135241 137 3 0 8
122 2135241 137 7 9 2136
123 2135241 137 2 8 4
124 2135241 137 1 7 3
125 2135241 137 2 3 9
126 2135241 137 2 10 890
127 2146852 139 8 1 504
128 2148144 141 5 8 67
129 2170497 143 0 9 7
130 2170497 143 0 2 200
131 2170497 143 0 8 4
132 2201264 146 7 8 1332
133 2201264 146 7 9 50
134 2201264 146 3 4 5
135 2226884 150 2 0 219
136 2229277 151 5 9 3
137 2244722 153 4 9 185
138 2358189 154 8 8 21
139 2358189 154 10 8 87
140 2358189 154 3 9 11
141 2358189 154 1 10 17
142 2358189 154 8 6 230
143 2358189 154 4 5 69
144 2358189 154 7 1 33
145 2358189 154 4 8 43
146 2358189 154 2 10 2
147 2358189 154 0 9 11
148 2505731 160 2 8 613
149 2505731 160 0 10 5
150 2505731 160 0 4 19
151 2505731 160 0 5 35
152 2505731 160 10 8 306
153 2505731 160 5 6 2
154 2510757 161 0 8 17
155 2555843 162 0 4 30
156 2555843 162 8 7 225
157 2555843 162 2 1 2890
158 2555843 162 3 4 15
159 2555843 162 5 7 225
160 2580803 166 7 4 13
161 2582183 167 2 5 23577
162 2587564 168 6 2 30
163 2607661 170 3 7 102
164 2607661 170 3 6 163
165 2619964 172 7 2 54
166 2644355 174 0 4 18
167 2644355 174 9 10 9
168 2644355 174 7 2 9
169 2693895 177 3 6 172
170 2693895 177 3 1 25986
171 2693895 177 0 7 35
172 2693895 177 0 9 9
173 2693895 177 3 10 393
174 2693895 177 0 1 12993
175 2713151 184 3 5 54
176 2728460 187 9 9 71
177 2741397 190 10 10 8155
178 2760775 192 3 7 6128
179 2760775 192 3 3 5872
180 2760775 192 3 4 9
181 2772256 197 1 1 1245
182 2874457 198 9 5 1
183 2874457 198 4 3 10
184 2874457 198 5 1 9
185 2874457 198 7 8 11
186 2874457 198 8 5 1
187 2874457 198 0 2 2
188 2886727 202 3 4 167
189 2917801 203 7 8 150
190 2917801 203 8 7 7494
191 2917801 203 7 3 353
192 2917801 203 7 9 14
193 2982397 213 8 4 106
194 2997865 217 6 4 13
195 2997865 217 4 4 150
196 2997865 217 7 4 13
197 3007404 220 0 5 2340
198 3020698 223 2 7 68
199 3033577 228 9 2 15
200 3085749 229 0 10 5
201 3085749 229 2 4 52
202 3085749 229 2 7 9
203 3148784 230 0 7 226
204 3270975 233 6 3 5
205 3270975 233 1 3 4
206 3270975 233 4 0 7
207 3270975 233 6 0 44
208 3270975 233 7 7 85
209 3270975 233 10 7 1
210 3270975 233 1 6 6
211 3270975 233 0 2 13
212 3270975 233 7 4 1153
213 3270975 233 4 2 8
214 3277923 235 2 7 17
215 3328581 238 3 8 83
216 3472220 241 3 8 1
217 3472220 241 4 3 1
218 3472220 241 9 0 9
219 3472220 241 6 9 1226
220 3472220 241 7 2 3905
221 3472220 241 6 10 8112
222 3472220 241 1 0 9
223 3472220 241 3 5 8412
224 3491442 249 7 5 43
225 3498403 254 2 4 52
226 3567696 259 6 0 14
227 3567696 259 1 0 14
228 3567696 259 4 0 14
229 3567696 259 4 1 891
230 3567696 259 2 1 1783
231 3567696 259 3 1 891
232 3706534 262 8 9 15
233 3706534 262 3 5 2
234 3706534 262 2 0 9
235 3706534 262 0 10 12
236 3706534 262 9 6 8
237 3706534 262 8 6 43
238 3706534 262 9 5 7
239 3706534 262 3 8 14
240 3753810 269 4 9 210
241 3753810 269 4 7 59
242 3801232 282 8 3 286
243 3821089 285 4 2 275
244 3821089 285 4 1 297
245 4040042 287 8 6 24
246 4040042 287 1 2 3
247 4040042 287 6 3 11
248 4040042 287 1 4 10
249 4040042 287 1 6 48
250 4040042 287 4 5 2
251 4040042 287 9 10 7
252 4040042 287 2 0 3
253 4040042 287 7 3 17
254 4040042 287 1 8 5
255 4040042 287 4 7 807
256 4040042 287 9 8 5
257 4040042 287 4 6 24
258 4040042 287 3 5 2
259 4040042 287 6 0 1
260 4040042 287 10 5 4
261 4121668 291 9 4 89
262 4121668 291 2 2 6871
263 4121668 291 5 8 8
264 4121668 291 7 0 3
265 4121668 291 1 0 1
266 4121668 291 0 0 33
267 4196492 292 9 8 218
268 4196492 292 3 8 654
269 4196492 292 3 10 3
270 4196492 292 9 1 197
271 4196492 292 1 0 6
272 4248046 298 9 6 844
273 4248046 298 9 9 5
274 4256662 301 2 5 59
275 4341344 303 8 8 324
276 4341344 303 1 1 75
277 4341344 303 3 6 5173
278 4392854 304 3 1 7
279 4392854 304 3 2 24
280 4392854 304 2 4 11
281 4407567 307 5 4 3332
282 4424747 308 6 7 58523
283 4433251 310 0 7 73
284 4447629 311 2 10 76
285 4454991 316 0 4 43
286 4570906 317 0 5 1929
287 4570906 317 4 1 14
288 4570906 317 5 5 5789
289 4570906 317 0 4 10
290 4570906 317 9 2 565
291 4570906 317 5 10 55
292 4575025 318 2 7 11
293 4581735 321 1 5 3080
294 4613225 324 8 5 7
295 4627403 327 1 10 1020
296 4679276 328 0 8 44
297 4698436 330 0 10 1364
298 4714146 335 1 1 17
299 4714146 335 1 3 1
300 4730994 337 4 8 4762
301 4730994 337 4 9 42
302 4730994 337 4 3 98
303 4730994 337 4 10 50
304 4765647 339 9 5 95
305 4765647 339 7 5 95
306 4765647 339 3 7 31
307 4818186 340 2 3 126
308 4818186 340 3 0 20
309 4818186 340 7 7 2998
310 4849311 347 8 7 80
311 4855600 349 6 6 8522
312 4861588 350 9 6 38
313 4882234 353 0 5 7115
314 4882234 353 0 1 6
315 4882234 353 0 3 163
316 4882234 353 0 9 9
317 4896915 358 0 8 24
318 4945565 366 0 5 1952
319 4975955 369 9 8 28
320 5026716 370 4 2 1
321 5026716 370 3 5 8
322 5026716 370 10 8 22
323 5077526 380 10 6 315
324 5077526 380 10 5 64
325 5082943 382 1 0 15
326 5094096 386 7 3 976
327 5094096 386 6 3 976
328 5136093 388 7 6 202
329 5136093 388 7 9 4765
330 5258355 390 8 10 1
331 5258355 390 8 8 767
332 5258355 390 6 8 767
333 5258355 390 9 0 14
334 5258355 390 5 3 2686
335 5258355 390 5 10 1
336 5258355 390 5 7 3
337 5301942 392 5 0 19
338 5301942 392 4 9 3
339 5301942 392 6 4 427
340 5457596 395 1 8 33
341 5457596 395 3 0 440
342 5457596 395 0 1 6
343 5457596 395 7 3 10
344 5457596 395 2 6 54
345 5457596 395 3 9 10223
346 5457596 395 0 4 1
347 5457596 395 10 1 3
348 5457596 395 9 5 532
349 5538336 402 2 0 126
350 5538336 402 2 9 21
351 5538336 402 2 1 907
352 5538336 402 2 3 65
353 5558106 406 1 10 204
354 5580048 407 2 2 73
355 5580048 407 2 6 71
356 5580048 407 2 8 611
357 5685070 409 1 0 528
358 5685070 409 10 8 13
359 5685070 409 8 8 26
360 5685070 409 1 7 15
361 5685070 409 10 6 11
362 5685070 409 8 10 10
363 5685070 409 10 0 1584
364 5685070 409 6 5 797
365 5685070 409 5 10 10
366 5685070 409 8 1 542
367 5685070 409 2 1 542
368 5685070 409 2 9 45
369 5685070 409 8 6 1
370 5685070 409 1 1 1084
371 5700607 412 7 1 86
372 5742175 413 2 8 5274
373 5752544 417 6 2 58
374 5764067 420 5 1 59
375 5810416 424 7 8 143
376 5997446 428 6 0 2
377 5997446 428 2 8 2
378 5997446 428 7 7 1
379 5997446 428 2 4 1
380 5997446 428 8 1 7352
381 5997446 428 10 5 822
382 5997446 428 4 10 38
383 5997446 428 9 10 4
384 5997446 428 6 9 1
385 5997446 428 6 7 1
386 5997446 428 7 9 1
387 5997446 428 3 1 1336
388 5997446 428 3 7 97
389 5997446 428 8 7 1
390 5997446 428 9 6 1
391 5997446 428 4 2 1
392 5997446 428 3 0 1
393 5997446 428 9 0 1
394 5997446 428 7 4 1
395 6102316 430 2 5 8
396 6102316 430 10 5 33
397 6102316 430 0 10 2
398 6102316 430 3 4 7
399 6102316 430 9 1 1051
400 6102316 430 5 8 4
401 6128084 435 0 6 24
402 6134521 439 6 7 114
403 6141678 440 4 2 100
404 6141678 440 0 3 120
405 6152560 443 6 7 3945
406 6275163 457 10 0 8
407 6275163 457 4 3 14
408 6275163 457 7 3 1
409 6275163 457 10 1 3
410 6275163 457 7 9 27
411 6275163 457 5 10 5
412 6275163 457 2 1 1
413 6275163 457 7 1 3
414 6275163 457 1 10 5
415 6275163 457 6 9 40
416 6395957 461 3 4 10
417 6395957 461 5 7 1
418 6395957 461 8 0 1
419 6395957 461 5 1 22
420 6395957 461 6 10 1
421 6395957 461 10 4 5
422 6661224 466 1 9 4
423 6661224 466 5 5 1
424 6661224 466 7 9 12
425 6661224 466 2 10 2
426 6661224 466 4 3 1801
427 6661224 466 10 2 50
428 6661224 466 4 9 8
429 6661224 466 5 1 2
430 6661224 466 5 2 50
431 6661224 466 10 7 22
432 6661224 466 10 9 4
433 6661224 466 3 1 11
434 6661224 466 7 8 1
435 6661224 466 7 3 3602
436 6661224 466 7 1 8
437 6724143 467 5 9 8
438 6724143 467 9 9 8
439 6724143 467 0 3 4
440 6724143 467 2 7 5
441 6724143 467 4 5 5
442 6724143 467 5 6 60
443 6741414 468 7 6 61
444 6741414 468 7 10 33231
445 6741414 468 7 9 22
446 6759738 471 5 10 923
447 6759738 471 1 10 923
448 6848640 473 7 3 14
449 6848640 473 0 2 7
450 6848640 473 9 3 14
451 6848640 473 0 10 1
452 6848640 473 4 7 3
453 6848640 473 2 9 4
454 6848640 473 6 6 5
455 6848640 473 8 2 15
456 7069335 475 10 4 2
457 7069335 475 8 6 4
458 7069335 475 7 4 1
459 7069335 475 10 7 4
460 7069335 475 8 9 5
461 7069335 475 10 5 2
462 7069335 475 3 5 5
463 7069335 475 1 9 5
464 7069335 475 4 0 1
465 7069335 475 10 10 5
466 7069335 475 9 5 2
467 7069335 475 0 10 10
468 7069335 475 3 9 5
469 7069335 475 10 2 3
470 7069335 475 1 1 3
471 7069335 475 2 6 1
472 7069335 475 6 0 2
473 7069335 475 3 7 4
474 7069335 475 7 3 1
475 7093119 477 2 10 99647
476 7093119 477 2 9 103
477 7125160 483 5 10 8
478 7152016 487 5 9 2682
479 7179879 489 9 8 8
480 7179879 489 2 5 94
481 7179879 489 8 10 15052
482 7182702 490 10 2 27
483 7191737 492 8 7 3095
484 7403509 498 1 9 1
485 7403509 498 7 7 29
486 7403509 498 4 8 1028
487 7403509 498 4 0 10
488 7403509 498 8 5 175
489 7403509 498 9 5 175
490 7403509 498 10 10 13
491 7403509 498 3 7 7
492 7403509 498 6 5 175
493 7403509 498 8 4 50
494 7403509 498 7 2 9
495 7403509 498 10 9 1
496 7403509 498 4 1 17
497 7403509 498 5 3 1
498 7428923 502 2 6 191
499 7437205 504 10 3 26
500 7556330 507 1 0 6
501 7556330 507 8 2 17
502 7556330 507 4 2 120
503 7556330 507 10 2 11
504 7556330 507 2 10 89
505 7556330 507 7 4 4287
506 7556330 507 8 6 3
507 7556330 507 5 0 12
508 7556330 507 5 3 2
509 7603120 510 6 5 3
510 7603120 510 6 3 4
511 7603120 510 6 2 40
512 7727771 513 6 10 6
513 7727771 513 8 8 1009
514 7727771 513 3 6 80
515 7727771 513 8 10 2
516 7727771 513 1 4 300
517 7728589 514 9 9 87
518 7753398 516 7 3 1
519 7753398 516 9 3 1
520 7753398 516 6 3 1
521 7753398 516 2 3 1
522 7758511 520 0 2 1008
523 7761258 521 1 4 152
524 7788746 533 4 4 779
525 7809615 535 7 1 59
526 7848126 542 1 9 38
527 7848126 542 1 6 65
528 7872519 549 5 5 264
529 7888438 550 4 6 31
530 7917009 551 8 1 3
531 7917009 551 5 1 3
532 8143096 555 9 5 1
533 8143096 555 3 7 3
534 8143096 555 1 9 2
535 8143096 555 9 3 202
536 8143096 555 9 8 7
537 8143096 555 8 0 4
538 8143096 555 6 8 7
539 8143096 555 7 4 829
540 8143096 555 4 7 60
541 8143096 555 10 0 4
542 8143096 555 1 3 202
543 8143096 555 7 6 47
544 8143096 555 1 0 1
545 8143096 555 3 4 829
546 8143096 555 2 9 2
547 8221801 556 10 3 92
548 8221801 556 3 3 23
549 8221801 556 5 7 31
550 8221801 556 8 10 335
551 8221801 556 9 5 3164
552 8221801 556 0 7 15
553 8221801 556 5 5 3164
554 8221801 556 9 1 1
555 8221801 556 5 1 2
556 8239850 557 3 1 215
557 8262241 558 1 6 81
558 8280281 561 2 10 28
559 8297998 562 10 0 17
560 8297998 562 10 1 15233
561 8297998 562 10 10 8302
562 8318854 563 10 10 127
563 8318854 563 10 9 33
564 8318854 563 10 2 11
565 8318854 563 10 0 26
566 8421380 569 9 9 2
567 8421380 569 7 2 26
568 8421380 569 4 10 73
569 8421380 569 8 0 26
570 8421380 569 1 8 8
571 8421380 569 2 6 1
572 8421380 569 4 5 1
573 8433967 574 8 5 178
574 8507001 576 1 6 4
575 8507001 576 1 2 102
576 8507001 576 1 1 1
577 8507001 576 0 1 1
578 8518909 579 3 0 57
579 8520551 580 0 8 233
580 8557531 582 4 9 88
581 8557531 582 4 3 49
582 8611183 591 1 10 5
583 8638954 601 6 10 6424
584 8698491 602 8 10 2547
585 8726957 606 10 8 31
586 8733212 610 2 3 27
587 8753598 611 2 2 8
588 8942788 612 0 4 26
589 8942788 612 6 1 13
590 8942788 612 10 9 31
591 8942788 612 2 2 448
592 8942788 612 1 1 3
593 8942788 612 6 10 5
594 8942788 612 7 6 4
595 8942788 612 9 2 1346
596 8942788 612 2 7 2539
597 8942788 612 4 0 71
598 8942788 612 3 8 8
599 8942788 612 6 4 26
600 8942788 612 10 8 26
601 8942788 612 7 5 120
602 8962315 615 2 7 39103
603 9137408 616 8 8 1
604 9137408 616 8 4 1
605 9137408 616 7 9 2
606 9137408 616 0 8 1
607 9137408 616 9 0 494
608 9137408 616 2 4 1
609 9137408 616 2 5 1227
610 9137408 616 10 2 2
611 9137408 616 4 8 1
612 9137408 616 6 0 494
613 9137408 616 1 7 1201
614 9137408 616 9 6 36
615 9137408 616 1 5 1227
616 9137408 616 8 7 200
617 9137408 616 5 6 72
618 9137408 616 1 8 1
619 9137408 616 6 5 1227
620 9174850 625 9 0 34
621 9198430 626 2 1 8
622 9242931 631 7 6 351
623 9287615 633 5 3 85
624 9296127 634 7 2 95
625 9296127 634 7 10 105
626 9296127 634 7 8 2395
627 9307154 635 5 6 96
628 9307154 635 5 0 102
629 9318565 637 6 10 40
630 9330641 638 4 6 40
631 9443374 644 10 9 27
632 9443374 644 3 7 648
633 9443374 644 4 7 834
634 9443374 644 10 1 6
635 9443374 644 1 3 10
636 9443374 644 9 9 54
637 9462173 657 7 3 56
638 9462434 658 0 3 6037
639 9486485 666 9 3 2
640 9497003 668 5 9 34
641 9647553 671 0 0 2
642 9647553 671 3 1 4531
643 9647553 671 5 2 6
644 9647553 671 10 5 30
645 9647553 671 8 1 238
646 9647553 671 4 3 61
647 9647553 671 3 4 1342
648 9647553 671 10 7 2
649 9647553 671 10 8 5
650 9647553 671 9 4 671
651 9677604 675 2 2 222
652 9710606 681 5 4 1319
653 9830207 683 6 5 1
654 9830207 683 9 4 638
655 9830207 683 2 7 548
656 9830207 683 10 0 1
657 9830207 683 5 3 29
658 9830207 683 5 2 1527
659 9830207 683 3 8 23
660 9830207 683 2 2 1527
661 9830207 683 1 3 29
662 9830207 683 10 3 59
663 9840806 687 10 2 32
664 9865575 689 5 10 2
665 9926866 690 0 8 150
666 9926866 690 4 2 11
667 9926866 690 4 1 1
668 9926866 690 4 10 4
669 9926866 690 0 0 5775
670 9926866 690 4 3 45
671 9979325 692 7 10 12
672 9979325 692 7 3 3329
673 9979325 692 7 4 19
674 9979325 692 10 10 12
675 9979325 692 6 10 51
676 9996274 693 8 3 1542
677 9998885 694 4 6 1358
678 10232685 695 10 8 1
679 10232685 695 4 10 1
680 10232685 695 1 0 42
681 10232685 695 4 2 1587
682 10232685 695 3 4 1
683 10232685 695 6 0 64
684 10232685 695 5 4 1
685 10232685 695 7 6 2
686 10232685 695 1 10 1
687 10232685 695 3 1 11
688 10232685 695 5 1 3
689 10232685 695 7 2 793
690 10232685 695 3 9 214
691 10232685 695 8 9 214
692 10232685 695 9 9 214
693 10232685 695 10 1 3
694 10232685 695 5 5 7
695 10232685 695 3 5 7
696 10232685 695 2 8 1
697 10232685 695 3 2 793
698 10296256 698 5 7 21
699 10296256 698 10 1 12
700 10296256 698 2 6 13
701 10296256 698 10 0 4
702 10324817 701 9 2 76
703 10324817 701 8 9 1
704 10371151 702 0 10 1
705 10371151 702 3 5 112
706 10371151 702 3 3 1
707 10371151 702 0 8 88
708 10417913 703 9 4 57
709 10417913 703 2 5 40
710 10417913 703 9 2 9404
711 10474685 712 10 4 49
712 10484737 714 10 4 1126
713 10484737 714 10 2 29274
714 10580282 718 10 3 15
715 10580282 718 2 7 23
716 10580282 718 1 3 15
717 10580282 718 10 10 10
718 10580282 718 5 9 11729
719 10580282 718 7 3 15
720 10580282 718 1 7 17
721 10580282 718 1 1 6
722 10580282 718 2 9 31
723 10583866 721 4 10 231
724 10622010 723 3 0 39
725 10622010 723 6 8 7
726 10622010 723 6 6 66
727 10622010 723 6 0 79
728 10622010 723 3 9 11
729 10637956 724 6 7 124
730 10637956 724 6 4 24
731 10637956 724 6 6 2
732 10637956 724 6 0 16260
733 10658761 727 10 10 104
734 10666831 730 8 2 34
735 10722463 732 4 2 240
736 10722463 732 5 6 2
737 10722463 732 0 1 103
738 10722463 732 4 3 39
739 10722463 732 5 5 26
740 10776981 735 9 9 40
741 10776981 735 6 5 36
742 10776981 735 9 8 70
743 10776981 735 9 4 153
744 10776981 735 6 9 10
745 10815278 739 10 9 6031
746 10940420 741 6 5 22
747 10940420 741 7 4 33
748 10940420 741 3 2 9
749 10940420 741 2 7 2
750 10940420 741 5 6 5
751 10940420 741 1 10 2
752 10964717 745 3 10 118
753 10990052 749 5 4 26
754 10990052 749 10 7 20
755 10991518 750 9 3 49
756 11100083 751 9 6 55
757 11100083 751 6 1 15
758 11100083 751 0 7 3
759 11100083 751 8 6 55
760 11100083 751 9 9 15
761 11100083 751 7 2 477
762 11100083 751 0 5 12
763 11100083 751 0 10 17
764 11100083 751 10 7 7
765 11100083 751 0 9 15
766 11100083 751 1 8 1
767 11120057 752 8 8 21
768 11120057 752 3 8 42
769 11148312 755 9 0 195
770 11178896 757 8 1 38
771 11178896 757 7 0 7
772 11196086 761 6 5 45
773 11196086 761 5 5 45
774 11198601 762 9 1 36
775 11201760 764 3 2 84
776 11267457 766 2 7 7
777 11267457 766 6 7 3
778 11267457 766 6 10 15
779 11315916 768 0 9 352
780 11315916 768 8 10 47
781 11315916 768 0 1 41
782 11315916 768 0 7 2
783 11315916 768 8 0 103
784 11319470 772 1 1 94
785 11338207 774 7 5 98
786 11339126 775 9 3 95
787 11360220 778 1 1 837
788 11360220 778 9 9 21
789 11374543 780 1 5 14
790 11382122 782 8 4 1
791 11397408 787 7 4 3
792 11431391 798 4 5 6106
793 11431391 798 4 8 632
794 11431391 798 4 0 65
795 11431527 800 8 7 69
796 11433641 801 9 6 20
797 11439095 802 5 2 4521
798 11456436 804 4 8 8560
799 11476663 814 1 3 170
800 11491731 815 4 7 813
801 11491731 815 4 9 128
802 11726435 822 4 0 3
803 11726435 822 5 5 26
804 11726435 822 6 3 1
805 11726435 822 10 0 1
806 11726435 822 5 8 479
807 11726435 822 7 2 12
808 11726435 822 10 6 8
809 11726435 822 2 2 3
810 11726435 822 4 4 28
811 11726435 822 7 9 3
812 11726435 822 0 8 1679
813 11726435 822 5 7 138
814 11726435 822 3 9 9
815 11726435 822 0 5 26
816 11726435 822 1 5 26
817 11726435 822 10 2 3
818 11726435 822 6 0 4
819 11726435 822 2 9 1
820 11898401 823 9 7 751
821 11898401 823 1 1 969
822 11898401 823 10 10 1
823 11898401 823 2 10 1
824 11898401 823 3 0 8
825 11898401 823 10 9 1
826 11898401 823 2 9 1
827 11898401 823 5 4 3553
828 11952903 825 7 1 19
829 11952903 825 5 0 3
830 11952903 825 6 9 56
831 11952903 825 4 5 112
832 11952903 825 6 0 115
833 11952903 825 1 1 19
834 11983810 830 2 7 448
835 12023349 833 7 10 8
836 12023349 833 7 5 22
837 12048621 834 1 9 51
838 12048621 834 8 5 908
839 12088805 842 1 5 143
840 12099189 844 2 9 283
841 12107412 845 4 7 9
842 12107412 845 5 7 51
843 12107412 845 10 7 4
844 12122151 846 5 0 54
845 12122151 846 5 9 17114
846 12122151 846 5 2 142
847 12122151 846 5 1 9
848 12137173 854 3 10 1
849 12137173 854 6 10 67
850 12181263 859 6 10 7
851 12181263 859 6 3 63
852 12333499 864 4 5 15
853 12333499 864 3 8 113
854 12333499 864 8 4 5
855 12333499 864 7 6 4
856 12333499 864 9 4 5
857 12333499 864 9 5 15
858 12333499 864 4 6 26
859 12333499 864 6 8 339
860 12335710 866 10 3 552
861 12342879 868 10 6 201
862 12364682 871 1 9 3
863 12364682 871 6 8 758
864 12364682 871 10 9 7
865 12372368 872 6 6 114
866 12405699 875 3 7 9
867 12409675 876 9 3 18
868 12412239 879 1 5 24
869 12426203 881 5 2 2247
870 12426203 881 2 2 561
871 12426203 881 1 2 561
872 12429915 885 10 5 37
873 12521786 886 3 0 14
874 12521786 886 4 7 1
875 12521786 886 6 4 1
876 12521786 886 1 6 1111
877 12521786 886 3 6 8888
878 12521786 886 10 1 11
879 12521786 886 6 6 555
880 12521786 886 7 2 41
881 12538681 888 10 7 651
882 12543580 889 9 2 34
883 12633297 894 8 3 6
884 12633297 894 2 3 6
885 12633297 894 10 9 35
886 12687981 896 8 9 10
887 12687981 896 9 10 16
888 12687981 896 4 2 38
889 12687981 896 8 3 3173
890 12713987 899 6 8 4891
891 12713987 899 6 6 12658
892 12713987 899 6 2 250
893 12728827 901 6 2 30
894 12756980 903 1 1 7
895 12774479 906 8 8 271
896 12813735 907 2 10 6
897 12832259 909 9 4 1528
898 12832259 909 9 6 8913
899 12850923 911 10 0 682
900 12850923 911 5 0 682
901 12871683 913 2 2 19
902 12912393 919 3 1 1
903 12912393 919 1 1 1
904 12942861 924 1 6 1
905 12943493 925 1 0 92
906 12943493 925 8 0 184
907 12969602 926 7 5 9235
908 12969602 926 7 2 58
909 13187300 929 5 4 878
910 13187300 929 6 4 878
911 13187300 929 2 3 13
912 13187300 929 3 5 227
913 13187300 929 6 8 4
914 13187300 929 1 1 3
915 13187300 929 1 6 54
916 13187300 929 4 10 1
917 13187300 929 7 2 8
918 13187300 929 9 0 5
919 13187300 929 9 9 4
920 13187300 929 10 4 1756
921 13187300 929 1 4 878
922 13187300 929 0 10 1
923 13187300 929 4 1 2
924 13313947 930 9 2 7
925 13313947 930 3 5 22
926 13313947 930 8 0 69778
927 13313947 930 9 6 172
928 13313947 930 9 3 15
929 13313947 930 3 2 29
930 13313947 930 5 8 309
931 13313947 930 10 2 14
932 13428321 931 2 4 909
933 13428321 931 2 8 4
934 13428321 931 4 3 49
935 13428321 931 6 3 24
936 13428321 931 8 8 4
937 13428321 931 5 10 225
938 13428321 931 7 1 10
939 13428321 931 0 2 6431
940 13428321 931 1 10 901
941 13428321 931 0 0 1056
942 13428321 931 3 2 81995
943 13428321 931 10 8 16
944 13428321 931 1 4 909
945 13428321 931 10 1 10
946 13504003 932 6 3 3
947 13504003 932 1 10 23
948 13504003 932 10 9 4
949 13504003 932 7 3 16
950 13504003 932 4 1 2337
951 13511736 934 1 7 15
952 13516985 935 3 1 1573
953 13550408 940 0 0 266
954 13550408 940 0 8 217
955 13753213 941 5 6 2
956 13753213 941 2 4 1
957 13753213 941 1 5 13
958 13753213 941 10 5 13
959 13753213 941 4 0 22
960 13753213 941 7 7 2
961 13753213 941 2 3 1
962 13753213 941 9 5 13
963 13760686 945 9 1 9558
964 13761614 946 8 9 37
965 13781171 948 8 6 3958
966 13781171 948 8 4 5
967 13805431 950 3 8 7
968 13851853 959 10 10 18
969 13851853 959 10 1 1320
970 13872860 961 0 5 343
971 13872860 961 1 5 343
972 13872860 961 10 5 343
973 14023011 967 1 2 15
974 14023011 967 0 9 2
975 14023011 967 1 6 3080
976 14023011 967 6 7 243
977 14023011 967 7 4 14
978 14023011 967 5 4 14
979 14023011 967 7 5 7
980 14028700 968 1 3 51
981 14029603 969 2 0 14
982 14041916 970 10 6 74
983 14068013 972 10 0 323
984 14068013 972 10 10 169
985 14106529 973 2 4 10
986 14106529 973 2 7 85545
987 14106529 973 2 5 1938
988 14108549 974 2 10 4704
989 14112448 975 10 8 1
990 14112448 975 8 8 3
991 14115083 976 2 8 113
992 14117712 977 2 2 5970
993 14131248 979 0 1 41
994 14157175 989 7 5 56
995 14212729 994 8 4 38
996 14212729 994 3 1 1
997 14212729 994 7 1 8
998 14225534 997 0 3 22
999 14244881 999 8 2 26
