11 365 1000
0 13391 0 9 7 46
1 13391 0 1 2 152
2 13391 0 9 8 56
3 13391 0 9 6 12
4 13391 0 9 4 103
5 51107 3 5 7 31
6 51107 3 10 4 3213
7 51107 3 9 5 5552
8 59157 4 2 0 15
9 67634 8 10 0 624
10 93421 9 1 5 35
11 93421 9 1 2 19
12 93421 9 4 9 7
13 93421 9 1 1 4
14 93421 9 1 4 2
15 93421 9 4 0 7
16 93421 9 7 10 1
17 99127 10 0 1 1740
18 100552 11 0 9 88
19 131147 13 3 4 1361
20 135603 16 4 4 11
21 171575 17 0 10 1
22 171575 17 10 9 1317
23 171575 17 2 2 8942
24 171575 17 1 10 1
25 179016 18 1 0 61
26 201395 21 3 0 51960
27 205608 24 7 4 6073
28 217469 27 6 0 130
29 237045 29 2 3 99
30 237045 29 10 0 33
31 237045 29 10 2 2926
32 247529 35 7 5 100
33 259554 37 4 0 25
34 259554 37 0 10 4
35 271896 39 3 5 6
36 282888 41 10 3 35
37 289428 44 1 1 36
38 290691 45 1 6 1063
39 382307 51 9 8 1
40 382307 51 3 0 10
41 382307 51 7 8 1
42 382307 51 0 8 6
43 382307 51 9 2 5
44 382307 51 2 9 1
45 382307 51 0 6 1
46 382307 51 8 6 51
47 384541 54 0 10 4501
48 391545 58 8 2 1566
49 431384 59 1 2 204
50 431384 59 2 10 3
51 431384 59 8 6 19
52 431384 59 1 7 13
53 431384 59 1 10 3
54 431384 59 2 3 5
55 431384 59 1 0 2
56 432313 60 6 6 322
57 439383 61 7 2 24
58 439383 61 2 1 230
59 439749 62 8 5 5726
60 440996 63 8 5 77
61 457690 68 8 4 1
62 472150 70 10 8 21
63 472201 71 8 0 65
64 484170 72 6 1 5
65 534787 75 4 4 7
66 534787 75 1 7 1
67 534787 75 8 7 3
68 534787 75 3 8 1
69 534787 75 0 8 1
70 534787 75 1 10 3
71 534787 75 6 5 231
72 534787 75 7 5 115
73 534787 75 7 9 1
74 534787 75 9 9 33
75 534787 75 7 10 7
76 534787 75 0 5 115
77 534787 75 5 2 778
78 534787 75 4 7 4
79 550707 83 0 2 165
80 614865 84 4 0 7
81 614865 84 2 1 8
82 614865 84 3 8 1
83 614865 84 3 3 8
84 614865 84 3 5 4
85 614865 84 2 4 5
86 614865 84 10 2 77
87 614865 84 7 5 716
88 614865 84 2 10 6
89 614865 84 7 0 7
90 614865 84 3 6 1
91 614865 84 7 8 1
92 616097 87 5 7 210
93 631487 89 7 8 6309
94 631487 89 7 0 56
95 638855 91 3 2 550
96 638994 92 4 0 66
97 662502 97 10 9 5530
98 699619 99 0 1 40
99 699619 99 9 10 3070
100 699619 99 0 10 3070
101 699619 99 9 3 63
102 699619 99 7 1 40
103 763240 102 7 2 483
104 763240 102 8 1 91
105 763240 102 3 9 9
106 763240 102 9 3 11
107 763240 102 2 10 21
108 763240 102 7 7 1
109 763240 102 5 7 2
110 763240 102 0 10 21
111 763240 102 3 6 1
112 763240 102 9 2 967
113 805529 108 4 0 226
114 805529 108 0 2 1
115 809413 110 3 3 4665
116 809584 111 4 0 2184
117 821132 116 2 8 217
118 821132 116 2 3 15961
119 840183 120 1 7 62
120 840183 120 0 7 124
121 841373 122 6 1 49
122 846372 124 2 3 7
123 865235 127 0 5 244
124 865235 127 0 1 237
125 866180 128 2 0 5
126 867197 130 7 10 226
127 875569 132 5 0 21
128 881739 134 8 9 76
129 897772 136 1 10 32
130 897772 136 8 10 32
131 897772 136 1 4 6084
132 897772 136 8 1 94
133 948996 137 7 3 9
134 948996 137 3 8 9
135 948996 137 10 7 3
136 948996 137 8 6 2
137 948996 137 10 4 896
138 956600 142 3 3 77
139 964665 143 0 8 4
140 964665 143 0 10 7810
141 964665 143 0 0 349
142 978339 146 8 4 11
143 978926 147 6 2 182
144 982062 148 1 10 43
145 989726 150 2 1 14
146 989726 150 2 2 69
147 1048084 154 9 2 6235
148 1048084 154 4 1 16
149 1048084 154 0 7 642
150 1048084 154 10 0 2
151 1051760 157 4 4 87
152 1113658 160 2 3 2
153 1113658 160 10 7 293
154 1113658 160 1 0 23
155 1113658 160 6 3 2
156 1113658 160 5 2 210
157 1113658 160 8 5 11
158 1113658 160 7 5 5
159 1113658 160 9 6 2
160 1113658 160 1 3 2
161 1113658 160 6 5 11
162 1113658 160 0 0 35
163 1113658 160 5 1 1
164 1113658 160 1 2 210
165 1135930 162 6 0 1899
166 1135930 162 5 10 5
167 1135930 162 3 4 15
168 1138204 164 6 8 11399
169 1146417 165 1 5 110
170 1150028 168 1 2 15
171 1150028 168 6 2 30
172 1150785 169 3 4 102
173 1164428 172 6 8 29
174 1175269 174 5 2 9
175 1175269 174 1 2 9
176 1175269 174 1 3 36
177 1197286 177 0 9 9
178 1197286 177 3 5 42
179 1197286 177 3 9 9
180 1208317 186 8 0 11839
181 1227011 192 3 6 110
182 1277536 198 9 2 2
183 1277536 198 7 9 7
184 1277536 198 0 2 2
185 1282990 202 3 1 8
186 1282990 202 3 0 194
187 1323060 210 1 3 1
188 1323060 210 5 3 7
189 1327538 216 6 5 29
190 1327538 216 9 5 2
191 1332384 217 4 4 150
192 1332384 217 7 4 13
193 1343276 224 3 4 238
194 1348256 228 9 2 15
195 1371444 229 0 8 118
196 1371444 229 0 6 27
197 1371444 229 2 5 133
198 1371444 229 2 1 1
199 1399459 230 3 10 5
200 1399459 230 3 9 29
201 1453766 233 7 7 85
202 1453766 233 8 5 9
203 1453766 233 1 2 4
204 1453766 233 0 6 26
205 1453766 233 9 8 94
206 1453766 233 10 3 12
207 1453766 233 1 8 5
208 1478112 237 10 8 53
209 1478112 237 10 6 47
210 1479369 238 3 7 58456
211 1487320 239 9 1 9
212 1487320 239 2 1 9
213 1487320 239 8 1 9
214 1487320 239 5 1 9
215 1543209 241 4 0 9
216 1543209 241 6 6 1
217 1543209 241 4 2 1952
218 1543209 241 9 0 9
219 1543209 241 3 8 1
220 1543209 241 7 8 1
221 1543209 241 7 5 5047
222 1546453 244 2 1 1
223 1548864 245 10 8 40
224 1585642 259 8 0 89
225 1585642 259 2 1 1783
226 1585642 259 3 8 4050
227 1585642 259 4 7 25
228 1585642 259 7 1 2675
229 1647348 262 3 1 30
230 1647348 262 9 5 7
231 1647348 262 2 6 8
232 1647348 262 4 2 13
233 1647348 262 8 4 11
234 1647348 262 2 9 15
235 1647348 262 9 4 1
236 1647348 262 2 10 12
237 1647348 262 4 9 15
238 1647348 262 3 2 6
239 1647348 262 8 0 9
240 1647348 262 4 8 7
241 1647348 262 3 3 1
242 1655065 263 10 10 1524
243 1659547 266 5 10 10
244 1661478 268 5 0 210
245 1668360 269 4 0 22
246 1669822 270 8 3 19537
247 1678977 278 7 6 166
248 1689436 282 8 9 41
249 1698261 285 4 10 220
250 1698261 285 4 3 17
251 1698261 285 4 0 5994
252 1795574 287 2 1 3
253 1795574 287 8 3 11
254 1795574 287 10 6 24
255 1795574 287 0 7 1615
256 1795574 287 10 5 4
257 1795574 287 5 1 6
258 1795574 287 2 9 1
259 1795574 287 4 7 807
260 1795574 287 8 2 9
261 1795574 287 8 10 7
262 1795574 287 8 4 1
263 1795574 287 3 7 807
264 1795574 287 6 7 807
265 1795574 287 3 6 24
266 1795574 287 0 1 6
267 1795574 287 10 9 1
268 1831852 291 10 1 2688
269 1831852 291 3 0 6
270 1831852 291 1 0 1
271 1831852 291 0 1 128
272 1831852 291 2 5 25
273 1831852 291 2 0 8
274 1831852 291 3 3 844
275 1831852 291 7 3 211
276 1831852 291 10 6 1228
277 1831852 291 3 6 409
278 1865107 292 10 6 39
279 1865107 292 7 8 218
280 1865107 292 6 9 1235
281 1865107 292 10 8 3054
282 1865107 292 4 10 1
283 1865107 292 8 6 13
284 1865107 292 1 0 6
285 1865107 292 2 1 197
286 1865107 292 9 8 218
287 1867632 293 8 1 87
288 1888020 298 9 9 5
289 1888020 298 9 0 21
290 1888020 298 1 4 9674
291 1929486 303 8 0 1
292 1929486 303 9 8 649
293 1929486 303 2 2 1892
294 1952379 304 3 0 17
295 1956798 305 7 7 38
296 1956798 305 6 7 116
297 1966554 308 6 7 58523
298 1966554 308 6 5 6089
299 1966554 308 6 3 284
300 1970333 310 0 7 73
301 1976724 311 0 10 19
302 1979056 315 2 10 1706
303 2031513 317 1 9 27
304 2031513 317 6 2 565
305 2031513 317 7 1 42
306 2031513 317 0 10 55
307 2031513 317 2 1 14
308 2031513 317 9 1 14
309 2050322 324 2 5 510
310 2052211 326 7 7 118
311 2056623 327 1 3 3434
312 2079678 328 2 0 3
313 2079678 328 9 0 4
314 2079678 328 9 9 2
315 2079678 328 7 0 11
316 2088193 330 0 2 201
317 2088373 332 2 8 19
318 2095176 335 1 10 1509
319 2095281 336 9 4 663
320 2102664 337 4 0 12758
321 2103134 338 7 5 18
322 2118065 339 6 3 215
323 2143710 341 10 2 91
324 2153926 346 3 5 489
325 2155249 347 8 9 74
326 2155279 348 4 1 2240
327 2162134 351 8 1 221
328 2169881 353 0 5 7115
329 2176844 359 6 9 55
330 2183370 361 6 9 119
331 2188777 362 10 3 357
332 2198029 366 7 9 52
333 2200541 367 6 10 6
334 2211535 369 10 7 1
335 2234096 370 4 8 3
336 2234096 370 6 5 4
337 2234096 370 1 3 30
338 2234096 370 5 9 23
339 2234096 370 4 9 46
340 2256678 380 10 7 110
341 2256678 380 10 10 14
342 2256678 380 10 5 64
343 2259086 382 1 0 15
344 2259626 383 4 6 187
345 2261210 385 2 6 17811
346 2267220 387 0 9 1
347 2282708 388 0 4 28
348 2337046 390 8 10 1
349 2337046 390 8 8 767
350 2337046 390 0 3 1193
351 2337046 390 1 4 27
352 2337046 390 1 3 298
353 2337046 390 9 5 6
354 2337046 390 6 10 1
355 2356418 392 6 5 3851
356 2356418 392 10 2 117
357 2358925 393 2 1 46
358 2425598 395 7 1 1
359 2425598 395 1 10 10
360 2425598 395 9 0 440
361 2425598 395 9 10 10
362 2425598 395 10 4 1
363 2425598 395 7 8 33
364 2425598 395 5 4 1
365 2461483 402 2 6 88
366 2461483 402 9 1 1815
367 2461483 402 2 5 49
368 2461483 402 9 9 42
369 2461483 402 2 10 13
370 2461483 402 2 4 6
371 2461483 402 2 7 17
372 2465866 405 2 5 15
373 2480021 407 2 4 49
374 2480021 407 2 1 9
375 2526698 409 8 4 782
376 2526698 409 10 9 30
377 2526698 409 2 4 2
378 2526698 409 2 6 1
379 2526698 409 8 1 542
380 2528876 410 2 3 1
381 2552077 413 9 4 9414
382 2552077 413 9 1 56
383 2552077 413 2 2 3014
384 2556060 416 8 1 2
385 2556812 418 6 5 259
386 2557433 419 10 1 7
387 2561807 420 9 10 64
388 2561807 420 7 10 64
389 2572462 422 1 7 4
390 2572462 422 3 2 3415
391 2582407 424 7 3 5146
392 2582407 424 7 6 113
393 2665531 428 6 2 1
394 2665531 428 1 2 17
395 2665531 428 9 9 1
396 2665531 428 3 1 1336
397 2665531 428 9 7 1
398 2665531 428 5 4 1
399 2665531 428 5 0 1
400 2665531 428 9 1 668
401 2665531 428 3 9 1
402 2665531 428 10 8 2
403 2665531 428 7 10 4
404 2665531 428 9 10 4
405 2665531 428 7 6 2
406 2665531 428 5 3 3
407 2665531 428 5 7 1
408 2712140 430 10 0 9
409 2712140 430 1 1 2103
410 2712140 430 3 8 1
411 2712140 430 5 6 190
412 2712140 430 5 4 3
413 2712140 430 9 3 8
414 2712140 430 2 8 2
415 2712140 430 3 5 16
416 2712140 430 0 1 1051
417 2717825 434 3 2 37
418 2717825 434 9 2 74
419 2723664 436 0 3 109
420 2726129 438 8 4 10191
421 2729634 440 5 10 4
422 2734471 443 6 2 42
423 2744576 451 10 10 11840
424 2747984 452 5 10 36
425 2751417 455 5 0 30
426 2788961 457 8 10 5
427 2788961 457 5 9 13
428 2788961 457 6 5 32
429 2788961 457 7 0 8
430 2788961 457 0 5 64
431 2788961 457 2 10 5
432 2792895 458 4 4 1978
433 2806604 460 1 4 4695
434 2806604 460 1 0 38977
435 2842647 461 7 8 9
436 2842647 461 8 10 1
437 2842647 461 10 8 9
438 2842647 461 0 2 5
439 2842647 461 3 2 27
440 2842647 461 9 4 42
441 2960544 466 1 5 2
442 2960544 466 7 10 2
443 2960544 466 3 8 1
444 2960544 466 2 6 20
445 2960544 466 4 6 4
446 2960544 466 4 8 1
447 2960544 466 5 10 4
448 2960544 466 10 1 2
449 2960544 466 3 4 2174
450 2960544 466 9 0 7
451 2960544 466 5 9 4
452 2988508 467 2 3 1
453 2988508 467 10 8 39
454 2988508 467 9 0 3875
455 2988508 467 2 1 1
456 2988508 467 6 0 430
457 2988508 467 10 9 8
458 2996184 468 7 3 165
459 2996184 468 7 8 13074
460 2998050 469 6 1 4673
461 3004328 471 10 10 2769
462 3012165 472 3 0 7
463 3043840 473 5 9 2
464 3043840 473 5 3 14
465 3043840 473 5 2 23
466 3043840 473 1 2 15
467 3043840 473 3 8 52
468 3043840 473 10 10 1
469 3141926 475 4 7 4
470 3141926 475 2 3 1
471 3141926 475 1 2 13
472 3141926 475 9 10 15
473 3141926 475 1 6 11
474 3141926 475 7 5 2
475 3141926 475 8 5 2
476 3141926 475 6 3 1
477 3141926 475 3 10 5
478 3141926 475 1 8 2
479 3141926 475 6 6 1
480 3141926 475 1 5 13
481 3141926 475 2 6 1
482 3152497 477 2 4 41
483 3152497 477 2 6 69
484 3152497 477 2 2 17757
485 3159961 479 3 9 2
486 3159961 479 5 9 1
487 3164180 481 5 10 87
488 3164652 482 4 2 222
489 3173223 486 6 1 461
490 3178674 487 5 2 306
491 3178674 487 5 1 65
492 3178674 487 5 8 1304
493 3178674 487 5 9 2682
494 3191057 489 0 4 48
495 3191057 489 2 4 48
496 3191057 489 0 5 94
497 3196327 492 8 7 3095
498 3290448 498 1 3 1
499 3290448 498 6 2 9
500 3290448 498 0 10 13
501 3290448 498 3 10 13
502 3290448 498 10 4 50
503 3290448 498 7 0 10
504 3290448 498 4 8 1028
505 3290448 498 10 10 13
506 3290448 498 8 4 50
507 3290448 498 6 6 1
508 3290448 498 7 4 50
509 3290448 498 1 5 175
510 3290448 498 3 8 514
511 3290448 498 9 2 4
512 3290448 498 2 1 17
513 3290448 498 9 4 50
514 3298074 499 7 9 100
515 3298074 499 7 8 324
516 3305424 504 6 8 77
517 3358369 507 10 7 72
518 3358369 507 5 5 49
519 3358369 507 2 2 28
520 3358369 507 0 3 2
521 3358369 507 8 9 7
522 3358369 507 4 1 1
523 3358369 507 10 6 3
524 3358369 507 5 6 3
525 3358369 507 5 0 12
526 3358369 507 9 1 1
527 3358369 507 1 6 3
528 3358369 507 8 7 145
529 3358369 507 6 10 89
530 3379164 510 6 6 71
531 3379164 510 6 7 383
532 3379164 510 7 8 7
533 3434564 513 4 4 200
534 3434564 513 7 10 4
535 3434564 513 2 7 5
536 3434564 513 7 1 58
537 3434564 513 10 3 26
538 3434564 513 8 3 5
539 3434564 513 4 8 1009
540 3434564 513 6 3 21
541 3434564 513 8 1 5
542 3434564 513 5 4 300
543 3446644 518 8 8 52
544 3452119 525 2 7 173
545 3458781 529 9 9 374
546 3460728 532 9 9 7164
547 3470940 535 8 7 12
548 3470940 535 0 7 12
549 3488206 543 7 4 113
550 3496906 547 4 4 109
551 3496906 547 4 9 79
552 3505972 550 3 6 6
553 3518670 551 4 1 3
554 3518670 551 7 9 4879
555 3518670 551 10 6 30
556 3518670 551 8 1 3
557 3521991 552 10 0 76
558 3619153 555 10 1 95
559 3619153 555 3 4 829
560 3619153 555 3 10 1
561 3619153 555 4 0 3
562 3619153 555 9 9 30
563 3619153 555 7 7 3
564 3619153 555 5 0 1
565 3619153 555 2 10 32
566 3619153 555 4 8 7
567 3619153 555 3 7 3
568 3619153 555 2 9 2
569 3619153 555 3 1 95
570 3619153 555 6 8 7
571 3619153 555 4 5 3
572 3619153 555 4 7 60
573 3619153 555 6 7 3
574 3619153 555 0 8 7
575 3654133 556 8 0 1
576 3654133 556 5 4 4
577 3662155 557 3 10 162
578 3672107 558 1 0 204
579 3672107 558 1 3 9246
580 3672107 558 1 4 2269
581 3675783 560 2 2 8
582 3687999 562 10 3 1378
583 3697268 563 10 3 653
584 3697268 563 10 5 318
585 3697268 563 10 1 192
586 3704498 565 1 3 65
587 3704498 565 1 6 430
588 3704949 567 1 5 9237
589 3742835 569 6 3 21
590 3742835 569 2 9 2
591 3742835 569 10 5 1
592 3742835 569 6 7 1
593 3742835 569 2 8 1
594 3742835 569 2 6 1
595 3752226 575 10 8 15
596 3780889 576 6 3 30
597 3780889 576 6 7 65
598 3786181 579 3 0 57
599 3788535 581 6 9 62
600 3803347 582 4 8 66
601 3811940 583 6 3 83
602 3811940 583 6 2 76
603 3811940 583 6 5 15734
604 3820458 588 4 0 70
605 3827192 591 6 10 2
606 3827192 591 4 1 2
607 3827192 591 7 1 1
608 3827192 591 10 1 1
609 3827591 592 10 1 40
610 3829975 594 0 5 74
611 3833966 597 3 4 14
612 3837600 599 7 1 186
613 3865996 602 8 8 3636
614 3867614 605 4 6 53
615 3890488 611 3 4 39
616 3974572 612 1 1 3
617 3974572 612 2 4 80
618 3974572 612 1 2 897
619 3974572 612 10 0 142
620 3974572 612 10 1 6
621 3974572 612 5 3 1
622 3974572 612 9 8 8
623 3974572 612 2 9 14
624 3974572 612 4 6 1
625 3974572 612 10 10 15
626 3974572 612 10 9 31
627 3974572 612 5 6 1
628 3974572 612 4 9 1
629 3974572 612 3 5 120
630 3974572 612 10 3 19
631 3974572 612 5 0 214
632 3974572 612 0 4 26
633 3974572 612 3 4 26
634 3974572 612 3 3 1
635 4061070 616 2 9 5
636 4061070 616 7 8 3
637 4061070 616 10 4 1
638 4061070 616 3 6 36
639 4061070 616 2 3 83
640 4061070 616 1 9 5
641 4061070 616 9 8 1
642 4061070 616 6 1 2
643 4061070 616 6 7 5205
644 4061070 616 1 7 1201
645 4061070 616 9 6 36
646 4061070 616 10 7 200
647 4061070 616 1 4 1
648 4061070 616 5 6 72
649 4061070 616 5 9 14
650 4061070 616 6 8 1
651 4061070 616 4 9 2
652 4061070 616 7 2 1
653 4061070 616 3 9 11
654 4062585 617 3 9 85
655 4067640 619 8 6 91
656 4074772 621 10 8 18
657 4088191 626 2 3 6058
658 4099447 628 1 5 389
659 4099447 628 1 2 47
660 4131612 634 7 9 19581
661 4131612 634 7 3 109
662 4136513 635 5 10 15796
663 4136513 635 5 4 37
664 4197055 644 8 6 1
665 4197055 644 10 4 647
666 4197055 644 8 9 27
667 4197055 644 4 4 647
668 4197055 644 2 1 20
669 4197055 644 2 6 1
670 4197055 644 6 8 1817
671 4200760 648 9 2 178
672 4200938 649 4 1 3092
673 4202721 652 3 8 767
674 4206148 659 10 5 113
675 4213219 661 9 0 13
676 4213733 664 5 3 26
677 4216215 666 4 3 2
678 4220890 668 5 5 82
679 4287801 671 6 4 3355
680 4287801 671 1 9 17
681 4287801 671 2 3 123
682 4287801 671 7 7 1
683 4287801 671 8 8 5
684 4287801 671 4 2 13
685 4287801 671 2 0 3
686 4287801 671 5 4 1342
687 4287801 671 10 1 238
688 4287801 671 10 8 5
689 4287801 671 9 5 30
690 4287801 671 4 7 1
691 4287801 671 3 4 1342
692 4287801 671 0 7 1
693 4315825 681 0 4 2639
694 4368981 683 6 4 638
695 4368981 683 3 2 4582
696 4373691 687 10 7 98
697 4373691 687 7 5 2915
698 4411940 690 0 10 48
699 4411940 690 8 2 3
700 4411940 690 4 3 45
701 4411940 690 4 9 17
702 4411940 690 4 5 4
703 4435255 692 2 6 43
704 4435255 692 6 4 38
705 4435255 692 6 5 222
706 4435255 692 6 7 181
707 4435255 692 7 7 181
708 4442788 693 8 10 1001
709 4547860 695 6 6 1
710 4547860 695 1 6 1
711 4547860 695 4 8 1
712 4547860 695 5 5 7
713 4547860 695 1 10 1
714 4547860 695 3 4 1
715 4547860 695 7 6 2
716 4547860 695 10 10 1
717 4547860 695 3 10 1
718 4547860 695 6 3 4
719 4547860 695 5 8 1
720 4547860 695 7 7 1
721 4547860 695 2 4 1
722 4547860 695 8 2 793
723 4549079 696 4 9 362
724 4552145 697 1 10 15
725 4552145 697 6 6 3138
726 4576113 698 10 2 25
727 4576113 698 5 9 66
728 4576113 698 10 4 89
729 4576113 698 5 1 3
730 4577334 700 9 4 4666
731 4609400 702 0 1 25
732 4609400 702 3 6 22
733 4609400 702 0 10 1
734 4609400 702 4 3 13
735 4609400 702 4 6 22
736 4632410 705 5 5 263
737 4638378 709 2 9 9272
738 4647710 710 3 5 9637
739 4647710 710 3 2 96
740 4702347 718 0 0 1
741 4702347 718 7 3 15
742 4702347 718 6 3 15
743 4702347 718 1 9 31
744 4702347 718 5 7 5
745 4702347 718 2 10 21
746 4702347 718 10 3 15
747 4703031 719 2 7 4984
748 4705876 722 5 1 2439
749 4720893 723 6 8 7
750 4720893 723 3 1 113
751 4720893 723 3 9 11
752 4720893 723 3 3 52
753 4720893 723 6 0 79
754 4720893 723 3 8 7
755 4727980 724 6 9 286
756 4727980 724 6 7 124
757 4737227 727 10 0 769
758 4737227 727 2 5 14
759 4741888 731 2 10 8
760 4765539 732 7 2 240
761 4765539 732 6 6 2
762 4765539 732 9 6 4
763 4766141 734 2 0 38
764 4789769 735 9 5 36
765 4789769 735 9 8 70
766 4789769 735 9 6 47
767 4806790 739 10 8 67
768 4806790 739 10 10 132
769 4806790 739 10 2 39026
770 4808287 740 2 2 25990
771 4862408 741 3 2 9
772 4862408 741 9 7 2
773 4862408 741 5 1 40583
774 4862408 741 5 7 2
775 4862408 741 8 10 2
776 4862408 741 10 2 3
777 4862408 741 9 5 11
778 4873003 744 6 8 1133
779 4873003 744 7 8 75
780 4873003 744 1 3 64
781 4873003 744 6 3 1
782 4873003 744 7 0 8
783 4884467 749 4 7 20
784 4884467 749 10 0 33
785 4885119 750 0 3 82
786 4933370 751 3 10 17
787 4933370 751 10 7 7
788 4933370 751 6 7 3
789 4942247 752 7 1 168
790 4943198 754 0 1 40
791 4968398 757 3 1 38
792 4968398 757 3 0 7
793 4968398 757 7 0 7
794 4977156 762 9 1 36
795 5007758 766 5 3 1
796 5007758 766 1 4 16
797 5029296 768 0 6 37
798 5029296 768 0 2 36
799 5029296 768 8 3 102
800 5029296 768 8 2 620
801 5029296 768 0 1 41
802 5029296 768 8 10 47
803 5036346 773 6 10 17
804 5048986 778 4 9 7
805 5055352 780 9 5 34
806 5062453 785 8 2 7
807 5065514 787 1 4 3
808 5065514 787 6 4 33
809 5071178 795 3 7 39
810 5091749 804 4 10 98
811 5098006 807 2 10 55
812 5107436 815 4 7 813
813 5113132 817 7 3 1577
814 5211749 822 4 3 1
815 5211749 822 9 10 1
816 5211749 822 1 9 5
817 5211749 822 1 7 276
818 5211749 822 10 0 1
819 5211749 822 6 6 4
820 5211749 822 1 1 1
821 5211749 822 2 4 5
822 5211749 822 5 3 1
823 5211749 822 3 7 414
824 5211749 822 2 5 26
825 5211749 822 8 6 4
826 5211749 822 4 4 28
827 5211749 822 2 6 8
828 5288178 823 5 1 969
829 5288178 823 10 4 14215
830 5288178 823 2 2 12
831 5288178 823 9 8 1
832 5288178 823 2 8 5
833 5288178 823 10 6 7637
834 5288178 823 2 7 751
835 5288178 823 10 3 2
836 5288178 823 5 5 2996
837 5288178 823 1 5 4195
838 5312401 825 5 8 63
839 5312401 825 1 8 63
840 5312401 825 6 5 16
841 5316052 828 6 0 60
842 5326138 830 3 5 172
843 5326928 832 1 1 30673
844 5343711 833 7 2 89
845 5343711 833 7 3 83
846 5343711 833 7 5 22
847 5354942 834 8 5 908
848 5354942 834 9 9 14
849 5372802 842 1 3 757
850 5372802 842 1 2 12
851 5374405 843 9 3 39
852 5377417 844 1 9 851
853 5377417 844 7 9 283
854 5381072 845 3 7 4
855 5381072 845 10 7 4
856 5405548 857 9 9 69
857 5406987 858 10 2 1
858 5413895 859 6 5 14093
859 5413895 859 6 6 60
860 5413895 859 6 7 207
861 5422112 861 3 3 2378
862 5422112 861 3 5 2029
863 5429742 863 6 9 792
864 5429742 863 2 9 264
865 5481555 864 6 6 17
866 5481555 864 4 4 5
867 5481555 864 4 1 14
868 5481555 864 8 1 4
869 5481555 864 0 0 7236
870 5495414 871 5 9 3
871 5508737 874 2 3 32
872 5516550 879 1 5 24
873 5522757 881 4 2 561
874 5522757 881 5 2 2247
875 5565238 886 6 5 25
876 5565238 886 6 6 555
877 5565238 886 5 0 59
878 5565238 886 0 4 1
879 5572747 888 10 9 16
880 5572747 888 10 8 196
881 5579131 893 8 3 795
882 5614798 894 5 9 71
883 5614798 894 8 9 35
884 5614798 894 0 2 11
885 5614798 894 7 8 1
886 5614798 894 7 5 4
887 5614798 894 4 8 1
888 5614798 894 4 7 10
889 5614798 894 10 9 35
890 5614798 894 2 5 30
891 5617621 895 3 9 18
892 5639102 896 10 2 38
893 5639102 896 4 9 10
894 5639102 896 2 0 1968
895 5639102 896 4 2 38
896 5650661 899 6 9 33179
897 5650661 899 6 6 12658
898 5650661 899 6 10 114
899 5657256 901 9 2 30
900 5657256 901 6 2 30
901 5657355 902 5 10 39173
902 5669769 903 1 1 7
903 5669803 904 5 6 59
904 5675927 905 3 8 95
905 5720748 913 10 2 38
906 5720748 913 1 2 19
907 5740813 920 2 10 8
908 5741540 921 3 9 79
909 5752382 924 10 6 1
910 5752382 924 1 6 1
911 5764267 926 7 5 9235
912 5766039 928 0 10 51
913 5861022 929 6 8 4
914 5861022 929 3 10 1
915 5861022 929 10 9 4
916 5861022 929 7 1 18
917 5861022 929 6 6 54
918 5861022 929 5 9 4
919 5861022 929 4 1 2
920 5861022 929 2 6 218
921 5861022 929 5 10 1
922 5861022 929 8 9 4
923 5861022 929 6 1 3
924 5861022 929 0 7 2
925 5861022 929 2 5 454
926 5861022 929 2 1 1
927 5917310 930 3 0 2492
928 5917310 930 0 6 26
929 5917310 930 6 0 4984
930 5917310 930 9 6 172
931 5917310 930 8 8 309
932 5917310 930 10 2 14
933 5917310 930 4 2 7
934 5917310 930 0 8 309
935 5917310 930 8 6 13
936 5917310 930 5 1 43
937 5968142 931 10 2 1607
938 5968142 931 3 2 81995
939 5968142 931 0 0 1056
940 5968142 931 5 10 225
941 5968142 931 5 2 4823
942 5968142 931 6 10 225
943 5968142 931 10 1 10
944 5968142 931 3 10 2703
945 5968142 931 1 1 10
946 5968142 931 0 8 4
947 5968142 931 10 0 3169
948 6001779 932 9 10 23
949 6001779 932 4 6 4
950 6001779 932 10 7 10
951 6001779 932 6 8 20
952 6001779 932 6 10 47
953 6001779 932 8 2 902
954 6001779 932 1 0 4
955 6001779 932 9 9 9
956 6005216 934 1 7 15
957 6007549 935 3 1 1573
958 6007549 935 6 1 1573
959 6009644 936 3 4 58
960 6022403 940 0 7 99809
961 6112539 941 1 10 36
962 6112539 941 0 6 34
963 6112539 941 6 4 1
964 6112539 941 5 5 13
965 6112539 941 10 2 2
966 6112539 941 4 10 18
967 6112539 941 8 9 1305
968 6112539 941 3 8 2
969 6124964 948 8 4 5
970 6127330 949 6 4 3132
971 6135747 950 9 8 7
972 6135747 950 3 8 7
973 6135747 950 2 8 14
974 6138986 954 10 1 315
975 6143650 957 8 9 17
976 6143650 957 4 9 17
977 6156379 959 10 7 35
978 6156379 959 10 4 73
979 6165715 961 2 5 687
980 6165715 961 10 5 343
981 6169416 965 10 8 564
982 6232449 967 6 4 14
983 6232449 967 1 8 44
984 6232449 967 0 6 9242
985 6232449 967 5 9 2
986 6232449 967 0 5 43
987 6232449 967 6 10 27
988 6232449 967 5 3 4
989 6240851 970 4 4 50
990 6252450 972 10 10 169
991 6269568 973 0 10 26
992 6269568 973 0 2 17
993 6269568 973 2 5 1938
994 6269568 973 0 8 2624
995 6272199 975 2 8 3
996 6283835 980 10 10 306
997 6286289 985 5 10 2635
998 6294077 991 9 10 233
999 6319312 995 0 10 199
