11 349 1000
0 15064 0 1 7 23
1 57496 3 9 0 4792
2 57496 3 10 4 3213
3 66551 4 2 0 15
4 105098 9 1 0 14
5 105098 9 1 3 74
6 105098 9 4 3 74
7 147540 13 1 9 30152
8 147540 13 1 8 1
9 147540 13 10 1 1591
10 148739 15 3 6 109
11 152553 16 1 4 7
12 152553 16 4 4 11
13 193021 17 3 5 16
14 193021 17 2 4 12
15 193021 17 7 8 1
16 193021 17 3 8 6
17 193021 17 0 7 2
18 193021 17 0 2 526
19 193021 17 3 7 19
20 193021 17 9 9 658
21 226569 21 4 4 22
22 226569 21 3 9 94
23 226569 21 3 3 9711
24 231159 23 8 10 4218
25 235498 26 0 8 2366
26 244653 27 2 0 1300
27 244653 27 1 0 130
28 244653 27 7 0 130
29 266676 29 2 6 2425
30 266676 29 2 9 94
31 277623 34 3 5 1261
32 278471 35 7 5 100
33 301331 38 7 5 110
34 305883 39 0 5 34
35 305883 39 3 5 6
36 325607 44 1 1 36
37 325607 44 1 10 3951
38 327027 45 5 6 2127
39 327027 45 0 6 3190
40 329198 48 10 8 53
41 339927 50 10 0 44
42 339927 50 10 8 1
43 430095 51 0 1 15
44 430095 51 0 5 33
45 430095 51 3 9 1
46 430095 51 9 0 10
47 430095 51 0 3 107
48 430095 51 8 7 5
49 430095 51 0 2 10
50 430095 51 5 0 10
51 485307 59 2 4 8
52 485307 59 1 3 5
53 485307 59 1 5 14
54 485307 59 5 4 3
55 485307 59 8 4 6
56 485307 59 8 7 6
57 485307 59 8 10 27
58 510981 66 0 3 61
59 514901 68 4 4 13
60 514901 68 8 4 1
61 531169 70 10 8 21
62 531169 70 8 7 1
63 544691 72 6 5 28
64 544691 72 6 1 5
65 601635 75 10 7 1
66 601635 75 2 3 33
67 601635 75 8 0 63
68 601635 75 9 5 115
69 601635 75 9 4 1
70 601635 75 0 8 1
71 601635 75 6 0 11
72 601635 75 7 5 115
73 601635 75 2 4 1
74 601635 75 4 2 7002
75 609011 77 0 4 105
76 609011 77 6 4 52
77 613730 79 10 3 38
78 691723 84 7 0 7
79 691723 84 6 0 15
80 691723 84 7 3 4
81 691723 84 4 0 7
82 691723 84 3 2 308
83 691723 84 4 2 694
84 691723 84 10 9 1
85 697089 88 9 6 10
86 710423 89 7 4 298
87 711728 90 8 3 184
88 718711 91 6 2 2201
89 718711 91 0 2 550
90 723749 93 9 7 13
91 730322 94 7 5 2270
92 732548 95 3 1 49
93 745314 97 9 9 1843
94 745443 98 10 1 117
95 787072 99 0 10 3070
96 787072 99 0 7 38
97 858645 102 8 7 78
98 858645 102 5 2 483
99 858645 102 6 8 14609
100 858645 102 9 2 967
101 858645 102 5 5 14
102 858645 102 1 4 4
103 858645 102 5 7 2
104 858645 102 7 9 9
105 906220 108 2 3 69
106 906220 108 0 0 226
107 906220 108 4 10 21
108 910589 110 3 6 59
109 923774 116 2 9 68
110 943173 118 2 2 2
111 943173 118 9 7 55
112 946545 122 6 1 49
113 955269 126 0 0 119
114 973389 127 0 5 244
115 985015 132 6 0 21
116 985019 133 5 1 154
117 992421 135 1 6 8481
118 1009993 136 8 8 31
119 1009993 136 1 8 15
120 1009993 136 1 4 6084
121 1067620 137 6 8 39
122 1067620 137 7 3 9
123 1067620 137 8 9 6410
124 1067620 137 5 2 21
125 1067620 137 8 10 668
126 1067620 137 8 6 2
127 1067620 137 2 0 4
128 1067620 137 4 2 21
129 1073426 139 10 1 50
130 1074072 141 5 8 67
131 1076175 142 3 3 77
132 1085248 143 0 8 4
133 1085248 143 0 9 7
134 1101292 147 6 2 182
135 1113442 150 2 2 69
136 1113442 150 2 9 28
137 1113442 150 2 6 229
138 1179094 154 6 4 10
139 1179094 154 2 2 249
140 1179094 154 9 5 69
141 1179094 154 8 1 5
142 1179094 154 4 10 2
143 1179094 154 4 8 43
144 1179094 154 4 6 460
145 1252865 160 1 0 23
146 1252865 160 0 9 9
147 1252865 160 5 6 2
148 1252865 160 9 10 57
149 1252865 160 8 1 17
150 1252865 160 7 3 137
151 1252865 160 2 3 2
152 1252865 160 10 1 1
153 1252865 160 7 5 5
154 1252865 160 10 7 293
155 1277921 162 0 10 15
156 1277921 162 8 0 1899
157 1277921 162 6 0 1899
158 1277921 162 7 6 44
159 1289719 165 3 3 93
160 1291091 167 2 5 23577
161 1293782 168 2 2 15
162 1303830 170 3 10 19
163 1303830 170 3 0 97
164 1303830 170 3 8 83
165 1323718 176 6 9 8
166 1346947 177 3 6 172
167 1346947 177 0 0 89
168 1348063 178 9 0 104
169 1370698 190 8 10 8155
170 1380387 192 3 4 9
171 1380387 192 3 0 139
172 1380387 192 3 7 6128
173 1384463 196 9 4 86
174 1437228 198 7 8 11
175 1437228 198 9 5 1
176 1437228 198 3 5 1
177 1437495 199 7 0 72
178 1443363 202 3 1 8
179 1443363 202 3 9 290
180 1458900 203 7 4 4534
181 1458900 203 7 0 49
182 1458900 203 7 5 4342
183 1466946 207 7 0 68
184 1472768 209 7 5 39
185 1488442 210 4 3 1
186 1488442 210 10 3 1
187 1491109 211 9 6 59
188 1492520 215 7 4 8130
189 1502435 219 4 5 7677
190 1511186 224 3 4 238
191 1516788 228 3 2 31
192 1542874 229 0 3 28
193 1542874 229 6 6 27
194 1542874 229 2 2 616
195 1574392 230 3 0 48
196 1574392 230 8 3 136
197 1574392 230 8 8 135
198 1574392 230 0 4 78
199 1635487 233 1 8 5
200 1635487 233 8 5 9
201 1635487 233 9 5 1
202 1635487 233 1 6 6
203 1662876 237 4 1 55
204 1662876 237 4 9 11
205 1673650 240 1 6 190
206 1736110 241 4 3 1
207 1736110 241 7 0 9
208 1736110 241 3 2 1952
209 1736110 241 1 7 12
210 1736110 241 1 8 1
211 1736110 241 4 1 6
212 1736110 241 3 9 1226
213 1736110 241 6 5 1682
214 1742472 245 0 8 20
215 1753176 258 3 0 83
216 1783848 259 3 1 891
217 1783848 259 9 7 25
218 1783848 259 5 5 85
219 1853267 262 3 1 30
220 1853267 262 9 9 15
221 1853267 262 8 2 6
222 1853267 262 8 10 55
223 1853267 262 8 4 11
224 1853267 262 3 3 1
225 1853267 262 3 9 15
226 1853267 262 3 5 2
227 1861949 263 0 10 3048
228 1861949 263 1 10 4572
229 1876905 269 4 7 59
230 1878550 270 8 3 19537
231 1886740 274 8 9 85
232 1900616 282 8 3 286
233 1900616 282 8 2 74
234 1910544 285 4 9 314
235 1910544 285 4 0 5994
236 2020021 287 4 3 11
237 2020021 287 10 0 1
238 2020021 287 9 9 1
239 2020021 287 6 4 1
240 2020021 287 5 6 170
241 2020021 287 4 6 24
242 2020021 287 7 0 74
243 2020021 287 9 8 5
244 2020021 287 1 10 7
245 2020021 287 0 4 1
246 2020021 287 10 9 1
247 2020021 287 4 9 1
248 2020021 287 10 8 35
249 2020021 287 4 1 3
250 2020021 287 3 1 3
251 2060834 291 8 5 103
252 2060834 291 8 3 1267
253 2060834 291 8 6 409
254 2060834 291 7 1 1536
255 2060834 291 4 1 128
256 2060834 291 10 3 211
257 2060834 291 7 0 3
258 2098246 292 7 6 106
259 2098246 292 5 8 218
260 2098246 292 0 8 218
261 2124023 298 9 2 37
262 2124023 298 1 9 8
263 2124023 298 9 4 483
264 2124023 298 1 0 21
265 2124023 298 9 3 134
266 2128331 301 2 5 59
267 2170672 303 10 7 33
268 2170672 303 0 9 3069
269 2170672 303 4 7 3
270 2170672 303 0 6 397
271 2196427 304 2 5 23
272 2196427 304 3 4 11
273 2196427 304 2 3 929
274 2196427 304 2 2 74
275 2212373 308 6 1 147
276 2212373 308 6 0 160
277 2216625 310 0 7 73
278 2216625 310 10 7 73
279 2225075 313 3 2 18
280 2227495 316 0 4 43
281 2285453 317 2 9 16
282 2285453 317 5 3 54
283 2285453 317 1 4 32
284 2285453 317 5 10 55
285 2285453 317 2 3 54
286 2285453 317 7 5 964
287 2285453 317 9 2 565
288 2285453 317 9 8 167
289 2285453 317 6 0 4
290 2285453 317 7 2 1697
291 2287512 318 2 7 11
292 2289552 319 6 10 78
293 2306612 324 4 9 142
294 2339638 328 7 0 11
295 2339638 328 5 8 267
296 2339638 328 7 8 44
297 2339638 328 6 9 2
298 2349218 330 0 5 91
299 2365497 337 4 8 4762
300 2366026 338 1 5 37
301 2366026 338 7 5 18
302 2382823 339 2 3 645
303 2382823 339 8 5 95
304 2382823 339 7 5 95
305 2382823 339 3 7 31
306 2409093 340 2 2 3
307 2409093 340 7 1 11
308 2423167 346 3 5 489
309 2448457 358 1 4 2379
310 2462374 362 3 2 2
311 2466330 363 4 4 31
312 2467121 365 2 3 670
313 2472782 366 9 5 2928
314 2487977 369 9 8 28
315 2487977 369 9 7 1
316 2513358 370 0 10 11
317 2513358 370 8 3 10
318 2513358 370 1 3 30
319 2513358 370 6 5 4
320 2513358 370 10 8 22
321 2513358 370 8 8 3
322 2513358 370 5 9 23
323 2513358 370 8 2 1
324 2513358 370 3 5 8
325 2518014 374 7 10 23
326 2518420 375 9 0 228
327 2538763 380 10 5 64
328 2538763 380 10 9 703
329 2568046 388 7 0 709
330 2568046 388 0 6 202
331 2568046 388 7 4 84
332 2568046 388 7 9 4765
333 2568046 388 0 10 199
334 2569858 389 6 2 16284
335 2629177 390 9 10 1
336 2629177 390 0 5 6
337 2629177 390 4 3 596
338 2629177 390 2 9 6824
339 2629177 390 1 9 174
340 2629177 390 1 6 229
341 2629177 390 6 8 767
342 2650971 392 10 2 117
343 2650971 392 5 5 1283
344 2650971 392 1 4 854
345 2728798 395 7 8 33
346 2728798 395 10 3 10
347 2728798 395 10 4 1
348 2728798 395 0 9 2555
349 2728798 395 9 0 440
350 2734153 396 8 1 405
351 2734153 396 10 1 1216
352 2742988 401 0 3 1192
353 2769168 402 9 1 1815
354 2769168 402 9 2 1
355 2769168 402 9 6 88
356 2769168 402 9 3 65
357 2779053 406 4 0 35
358 2790024 407 2 5 310
359 2842535 409 8 9 15
360 2842535 409 2 9 45
361 2842535 409 1 7 15
362 2842535 409 2 1 542
363 2842535 409 8 10 10
364 2842535 409 2 3 3
365 2842535 409 8 0 1056
366 2842535 409 2 8 120
367 2842535 409 10 0 1584
368 2842535 409 6 5 797
369 2844986 410 2 3 1
370 2871087 413 9 5 300
371 2871087 413 2 4 4707
372 2905208 424 7 4 84
373 2905208 424 7 0 119
374 2998723 428 5 6 1
375 2998723 428 7 4 1
376 2998723 428 6 9 1
377 2998723 428 7 6 2
378 2998723 428 10 6 1
379 2998723 428 4 7 1
380 2998723 428 2 9 5
381 2998723 428 6 8 7
382 2998723 428 0 3 3
383 2998723 428 6 1 668
384 2998723 428 5 10 4
385 2998723 428 7 9 1
386 2998723 428 8 1 7352
387 2998723 428 2 5 822
388 2998723 428 6 3 3
389 2998723 428 9 0 1
390 2998723 428 9 2 2
391 2998723 428 5 4 1
392 2998723 428 10 10 4
393 2998723 428 4 10 38
394 2998723 428 3 3 3
395 3051158 430 4 4 3
396 3051158 430 2 5 8
397 3051158 430 0 2 18
398 3051158 430 10 2 18
399 3051158 430 5 4 3
400 3051158 430 4 8 1
401 3053975 431 6 0 184
402 3055075 433 7 4 12730
403 3057553 434 3 2 37
404 3057553 434 9 2 74
405 3064042 435 2 6 24
406 3070839 440 0 3 120
407 3070839 440 6 10 20
408 3076280 443 6 1 15
409 3076280 443 6 0 121
410 3137581 457 10 0 8
411 3137581 457 0 9 13
412 3137581 457 10 3 44
413 3137581 457 2 10 5
414 3142007 458 3 6 11201
415 3142007 458 4 4 1978
416 3157430 460 1 5 102
417 3197978 461 6 6 122
418 3197978 461 0 7 1
419 3197978 461 6 1 34
420 3197978 461 3 0 16
421 3197978 461 0 6 245
422 3197978 461 9 4 42
423 3330612 466 5 9 4
424 3330612 466 3 7 61
425 3330612 466 6 8 1
426 3330612 466 3 0 7
427 3330612 466 9 4 217
428 3330612 466 1 4 217
429 3330612 466 3 5 1
430 3330612 466 10 0 7
431 3330612 466 0 2 50
432 3330612 466 4 1 2
433 3330612 466 8 3 1801
434 3330612 466 7 7 1
435 3330612 466 3 6 8
436 3330612 466 2 4 652
437 3330612 466 3 9 4
438 3330612 466 10 4 217
439 3362071 467 6 7 5
440 3362071 467 4 0 1291
441 3370707 468 7 5 422
442 3370707 468 7 2 226
443 3372807 469 6 3 3988
444 3424320 473 7 10 5
445 3424320 473 2 7 26
446 3424320 473 5 9 2
447 3424320 473 0 10 1
448 3424320 473 4 7 3
449 3424320 473 9 8 52
450 3424320 473 3 5 204
451 3534667 475 7 2 1
452 3534667 475 1 4 1
453 3534667 475 2 10 51
454 3534667 475 0 3 1
455 3534667 475 4 2 3
456 3534667 475 9 2 6
457 3534667 475 6 2 1
458 3534667 475 5 10 25
459 3534667 475 5 6 1
460 3534667 475 7 1 10
461 3534667 475 9 6 1
462 3534667 475 2 4 8
463 3534667 475 5 7 9
464 3534667 475 10 0 1
465 3534667 475 4 4 1
466 3534667 475 8 5 2
467 3534667 475 2 1 3
468 3534667 475 6 8 5
469 3534667 475 0 1 6
470 3534667 475 9 10 15
471 3534667 475 9 4 1
472 3546559 477 2 3 89
473 3558905 480 5 8 224
474 3558905 480 4 8 89
475 3569876 486 6 8 21916
476 3589939 489 0 5 94
477 3589939 489 3 5 94
478 3589939 489 9 0 11786
479 3701754 498 0 7 7
480 3701754 498 8 8 514
481 3701754 498 6 10 13
482 3701754 498 5 3 1
483 3701754 498 0 4 50
484 3701754 498 3 3 1
485 3701754 498 10 0 21
486 3701754 498 5 4 50
487 3701754 498 6 0 10
488 3701754 498 2 0 10
489 3701754 498 4 9 1
490 3701754 498 4 2 4
491 3701754 498 1 4 50
492 3701754 498 0 1 53
493 3710333 499 7 3 51
494 3710333 499 7 9 100
495 3710333 499 7 5 7680
496 3778165 507 10 6 3
497 3778165 507 5 6 3
498 3778165 507 0 0 12
499 3778165 507 6 8 26
500 3778165 507 7 9 43
501 3778165 507 5 5 49
502 3778165 507 6 7 800
503 3778165 507 4 7 72
504 3778165 507 6 4 2858
505 3778165 507 9 8 13
506 3778165 507 0 2 17
507 3778165 507 2 1 1
508 3801560 510 7 0 47
509 3801560 510 6 1 5
510 3863885 513 7 2 42
511 3863885 513 0 4 200
512 3863885 513 9 5 690
513 3863885 513 3 6 80
514 3863885 513 3 8 1009
515 3863885 513 8 3 5
516 3863885 513 4 3 5
517 3863885 513 2 4 200
518 3863885 513 7 1 58
519 3863885 513 8 5 172
520 3863885 513 8 10 2
521 3863885 513 8 6 80
522 3863885 513 1 4 300
523 3880629 521 1 4 152
524 3883634 525 2 7 173
525 3891128 529 2 9 374
526 3904807 535 2 1 59
527 3904807 535 6 7 6
528 3904807 535 0 7 12
529 3905915 536 3 6 467
530 3907490 537 2 10 22
531 3907490 537 7 10 11
532 3911919 541 4 3 230
533 3924063 542 1 10 78241
534 3924063 542 1 7 28344
535 3924063 542 1 3 210
536 3925469 545 0 6 7157
537 3934020 547 4 6 189
538 3944219 550 4 6 31
539 3958504 551 2 9 4879
540 3958504 551 4 1 3
541 4071548 555 3 8 22
542 4071548 555 4 4 829
543 4071548 555 10 6 47
544 4071548 555 7 5 11
545 4071548 555 6 9 35
546 4071548 555 7 3 202
547 4071548 555 1 10 1
548 4071548 555 4 0 3
549 4071548 555 5 1 95
550 4071548 555 8 9 11
551 4071548 555 2 3 202
552 4071548 555 10 8 7
553 4071548 555 1 9 2
554 4071548 555 4 6 47
555 4071548 555 9 0 1
556 4071548 555 9 6 71
557 4071548 555 9 3 202
558 4071548 555 2 7 3
559 4071548 555 6 0 1
560 4071548 555 10 10 2
561 4071548 555 8 8 7
562 4071548 555 0 9 2
563 4110900 556 0 5 3164
564 4119925 557 3 9 238
565 4131120 558 1 3 9246
566 4148999 562 10 10 8302
567 4148999 562 10 0 17
568 4159427 563 10 3 653
569 4159427 563 10 1 192
570 4167560 565 1 1 233
571 4167560 565 1 3 65
572 4167560 565 1 7 39
573 4210690 569 10 10 49
574 4210690 569 9 0 26
575 4210690 569 0 10 6
576 4210690 569 1 2 13
577 4210690 569 8 6 1
578 4215699 573 10 5 50
579 4253500 576 10 5 2438
580 4253500 576 1 4 37
581 4253500 576 6 9 146
582 4259205 578 7 8 467
583 4260275 580 0 8 233
584 4278765 582 4 7 3007
585 4278765 582 4 10 93
586 4288433 583 6 0 11861
587 4288433 583 6 4 5985
588 4288433 583 6 6 89
589 4298016 588 4 2 98
590 4298016 588 4 3 51
591 4305591 591 4 1 2
592 4305591 591 9 1 1
593 4312697 596 9 1 190
594 4313212 597 0 4 14
595 4313946 598 4 6 39008
596 4349245 602 8 4 906
597 4349245 602 8 10 2547
598 4349245 602 6 1 81
599 4349245 602 6 9 19
600 4363478 606 10 9 101
601 4363478 606 10 7 327
602 4366606 610 2 3 27
603 4376799 611 7 2 147
604 4471394 612 3 10 5
605 4471394 612 10 0 142
606 4471394 612 10 2 448
607 4471394 612 9 9 8
608 4471394 612 9 1 13
609 4471394 612 8 3 1
610 4471394 612 7 6 4
611 4471394 612 8 5 120
612 4471394 612 5 10 5
613 4471394 612 5 0 214
614 4471394 612 3 9 1
615 4471394 612 5 8 8
616 4471394 612 0 1 3
617 4471394 612 10 1 6
618 4471394 612 3 6 6
619 4471394 612 9 3 1
620 4471394 612 2 10 5
621 4471394 612 4 2 448
622 4471394 612 5 4 80
623 4479346 613 3 6 58
624 4479346 613 3 2 20
625 4479581 614 6 5 252
626 4568704 616 9 7 200
627 4568704 616 5 6 72
628 4568704 616 0 6 72
629 4568704 616 1 2 1
630 4568704 616 0 4 1
631 4568704 616 6 2 1
632 4568704 616 9 6 36
633 4568704 616 1 7 1201
634 4568704 616 6 0 494
635 4568704 616 4 1 1
636 4568704 616 4 10 6839
637 4568704 616 5 8 1
638 4568704 616 7 9 2
639 4568704 616 9 2 1
640 4570408 617 4 2 116
641 4576510 620 10 8 40
642 4584118 621 6 8 18
643 4587425 625 7 0 104
644 4601689 627 1 4 258
645 4601689 627 1 7 2270
646 4621465 631 9 6 70
647 4621465 631 5 1 1
648 4643807 633 5 10 15
649 4643807 633 5 2 6
650 4648063 634 7 5 82
651 4659282 637 10 10 8
652 4666714 641 5 6 2
653 4721687 644 7 0 8
654 4721687 644 3 0 8
655 4721687 644 10 9 27
656 4721687 644 6 10 1
657 4721687 644 1 4 647
658 4721687 644 8 4 4530
659 4721687 644 1 3 10
660 4721687 644 5 10 11
661 4721687 644 0 2 152
662 4721687 644 4 6 1
663 4721687 644 3 7 648
664 4721687 644 7 5 10
665 4724349 646 2 9 12
666 4726910 651 5 8 25
667 4728145 653 7 10 4838
668 4728873 655 8 3 82
669 4731086 657 7 3 56
670 4733559 660 10 7 16605
671 4823776 671 0 0 2
672 4823776 671 3 0 3
673 4823776 671 3 2 6
674 4823776 671 3 9 8
675 4823776 671 6 5 270
676 4823776 671 7 7 1
677 4823776 671 9 6 8
678 4823776 671 2 6 8
679 4846731 679 10 7 6010
680 4855303 681 7 5 12
681 4855303 681 0 4 2639
682 4855303 681 8 4 1319
683 4855303 681 10 5 12
684 4915103 683 0 9 15
685 4915103 683 8 7 548
686 4915103 683 8 6 10
687 4915103 683 7 10 16
688 4915103 683 6 1 50
689 4915103 683 6 8 5
690 4915103 683 10 7 1097
691 4915103 683 7 8 11
692 4920630 688 7 4 43
693 4963433 690 4 5 4
694 4963433 690 8 5 4
695 4963433 690 4 1 1
696 4963433 690 8 10 16
697 4963433 690 0 9 34
698 4989662 692 6 1 96
699 4989662 692 7 10 12
700 4998137 693 8 8 33
701 4998137 693 8 2 61
702 5116342 695 7 10 5
703 5116342 695 3 0 21
704 5116342 695 9 1 7
705 5116342 695 1 8 1
706 5116342 695 0 7 2
707 5116342 695 5 5 7
708 5116342 695 2 7 1
709 5116342 695 1 9 214
710 5116342 695 5 4 1
711 5116342 695 10 5 7
712 5116342 695 10 8 1
713 5116342 695 5 0 21
714 5116342 695 5 8 1
715 5116342 695 3 1 11
716 5116342 695 7 4 1
717 5116342 695 2 5 7
718 5116342 695 0 0 42
719 5148128 698 10 7 2
720 5148128 698 5 4 89
721 5148128 698 2 8 8
722 5148128 698 5 6 48
723 5162408 701 2 9 1
724 5162408 701 4 2 3
725 5185575 702 0 6 22
726 5185575 702 3 10 17
727 5185575 702 3 7 81
728 5185575 702 3 9 43
729 5185575 702 0 9 6
730 5185575 702 4 7 81
731 5185575 702 0 8 88
732 5208956 703 9 10 81
733 5213295 707 6 1 13
734 5290141 718 7 3 15
735 5290141 718 1 7 17
736 5290141 718 7 4 27
737 5294110 722 5 1 2439
738 5311005 723 6 10 11
739 5318978 724 6 5 1502
740 5329380 727 10 0 769
741 5329380 727 6 5 7
742 5361231 732 9 8 39
743 5361231 732 0 1 103
744 5361231 732 9 5 52
745 5361231 732 5 3 31
746 5361231 732 0 5 132
747 5361231 732 7 0 1
748 5361231 732 4 6 4
749 5388490 735 6 4 76
750 5388490 735 9 10 136
751 5397157 737 5 0 44
752 5397157 737 10 0 88
753 5397157 737 0 0 44
754 5409323 740 2 2 25990
755 5470210 741 6 8 1
756 5470210 741 6 7 14
757 5470210 741 3 5 17
758 5470210 741 3 7 2
759 5470210 741 3 0 544
760 5470210 741 6 5 22
761 5470210 741 7 4 33
762 5482128 744 6 3 1
763 5482128 744 1 3 64
764 5482128 744 7 8 75
765 5495026 749 9 4 6
766 5495026 749 2 7 20
767 5495026 749 4 7 20
768 5495026 749 10 0 33
769 5495026 749 10 5 24
770 5550041 751 10 2 15409
771 5550041 751 7 1 30
772 5550041 751 10 6 950
773 5550041 751 10 8 1
774 5550041 751 9 2 119
775 5550041 751 9 7 3
776 5550041 751 0 9 15
777 5560028 752 0 1 8
778 5560708 753 9 4 9625
779 5574156 755 9 1 352
780 5574156 755 9 8 92
781 5574156 755 9 10 2193
782 5589448 757 3 1 38
783 5589448 757 5 5 578
784 5589448 757 7 0 7
785 5593346 759 10 3 11
786 5594073 760 5 0 1472
787 5633728 766 4 3 1
788 5633728 766 1 5 13
789 5657958 768 0 8 21
790 5657958 768 8 0 103
791 5658384 770 1 5 68
792 5665889 773 8 10 34
793 5673607 777 1 6 75
794 5673607 777 10 6 150
795 5680110 778 8 9 7
796 5680110 778 2 9 7
797 5687271 780 2 1 117
798 5687271 780 3 5 4
799 5687271 780 9 5 34
800 5691061 782 0 4 1
801 5691769 783 7 10 8
802 5698704 787 1 4 3
803 5703634 791 7 1 1
804 5705075 795 3 7 39
805 5715695 798 4 4 100
806 5715695 798 4 7 28
807 5719547 802 4 5 18
808 5728218 804 4 3 23
809 5730803 805 1 6 154
810 5732289 806 3 0 10
811 5736634 811 6 2 58
812 5745865 815 4 7 813
813 5863217 822 1 9 5
814 5863217 822 6 0 4
815 5863217 822 6 10 1
816 5863217 822 10 5 78
817 5863217 822 3 7 414
818 5863217 822 2 10 1
819 5863217 822 5 7 138
820 5863217 822 0 7 414
821 5863217 822 8 8 239
822 5863217 822 8 7 138
823 5863217 822 7 0 1
824 5863217 822 5 0 16
825 5863217 822 9 5 26
826 5863217 822 2 9 1
827 5863217 822 10 3 3
828 5949200 823 10 3 2
829 5949200 823 2 10 1
830 5949200 823 8 9 3
831 5949200 823 2 3 1
832 5949200 823 10 1 969
833 5949200 823 3 7 3756
834 5949200 823 5 7 751
835 5949200 823 1 8 1
836 5949200 823 8 7 751
837 5976451 825 10 2 54
838 5976451 825 4 5 112
839 5979682 827 5 9 116
840 5991905 830 2 2 63
841 6011674 833 7 1 62
842 6024310 834 9 4 61
843 6024310 834 7 0 177
844 6024310 834 1 5 908
845 6028923 837 6 9 79
846 6049594 844 7 9 283
847 6061794 848 8 4 118
848 6063050 850 9 6 662
849 6065907 852 3 9 48
850 6081241 857 9 5 4
851 6081241 857 9 0 2932
852 6082861 858 7 2 1
853 6090631 859 6 10 7
854 6090631 859 6 1 2
855 6090631 859 6 7 207
856 6090631 859 6 0 3051
857 6099877 861 3 4 112
858 6099877 861 3 8 8
859 6166749 864 10 5 15
860 6166749 864 3 6 4
861 6166749 864 6 10 172
862 6166749 864 2 7 1
863 6166749 864 6 9 70
864 6166749 864 6 6 17
865 6166749 864 1 7 4
866 6166749 864 8 7 12
867 6171439 868 10 6 201
868 6174425 870 0 3 6
869 6182341 871 10 9 7
870 6182341 871 6 8 758
871 6204837 876 9 3 18
872 6213101 881 10 2 1685
873 6213101 881 0 2 561
874 6213101 881 4 2 561
875 6260893 886 9 9 1503
876 6260893 886 1 9 2254
877 6260893 886 9 6 555
878 6260893 886 0 0 118
879 6260893 886 7 0 14
880 6260893 886 8 4 1
881 6269340 888 10 4 103
882 6316648 894 10 3 6
883 6316648 894 9 3 12
884 6316648 894 2 4 56
885 6316648 894 4 8 1
886 6316648 894 2 5 30
887 6316648 894 0 9 35
888 6316648 894 0 8 1
889 6316648 894 0 2 11
890 6319824 895 8 9 9
891 6343990 896 3 9 10
892 6343990 896 8 9 10
893 6343990 896 2 2 38
894 6347330 897 0 6 1763
895 6364413 901 6 2 30
896 6364413 901 2 3 1484
897 6385418 905 9 8 95
898 6406867 907 2 8 156
899 6406867 907 4 9 76
900 6407413 908 1 0 165
901 6425461 911 6 0 1365
902 6437953 914 4 3 171
903 6447526 918 0 1 124
904 6461967 923 10 7 1223
905 6471430 924 8 6 3
906 6471746 925 8 0 184
907 6486793 928 0 10 51
908 6593650 929 10 8 4
909 6593650 929 0 4 878
910 6593650 929 0 0 5
911 6593650 929 5 2 8
912 6593650 929 2 2 8
913 6593650 929 3 10 1
914 6593650 929 10 7 2
915 6593650 929 9 1 2
916 6593650 929 8 4 1756
917 6593650 929 9 4 878
918 6593650 929 10 6 54
919 6593650 929 3 6 109
920 6593650 929 9 8 14
921 6593650 929 3 9 4
922 6593650 929 3 3 3
923 6593650 929 10 10 1
924 6593650 929 1 9 8
925 6593650 929 5 8 4
926 6593650 929 9 7 4
927 6656973 930 0 6 26
928 6656973 930 6 10 1367
929 6656973 930 3 0 2492
930 6656973 930 10 10 683
931 6656973 930 1 2 43
932 6656973 930 9 8 309
933 6656973 930 0 8 309
934 6714160 931 6 7 6
935 6714160 931 0 2 6431
936 6714160 931 8 0 1056
937 6714160 931 10 5 349
938 6714160 931 10 2 1607
939 6714160 931 2 0 11622
940 6714160 931 3 4 2727
941 6714160 931 0 0 1056
942 6714160 931 4 5 349
943 6752001 932 1 0 4
944 6752001 932 4 6 4
945 6752001 932 10 7 10
946 6752001 932 6 7 3
947 6752001 932 0 6 9
948 6752001 932 7 10 23
949 6755868 934 10 1 14278
950 6769096 939 3 8 14263
951 6769096 939 9 9 59
952 6769096 939 4 8 42789
953 6775204 940 0 7 99809
954 6775204 940 0 5 111
955 6876606 941 5 4 1
956 6876606 941 9 7 1
957 6876606 941 6 9 2610
958 6876606 941 0 4 3
959 6876606 941 4 9 3916
960 6876606 941 4 0 22
961 6876606 941 7 1 96
962 6876606 941 10 3 1
963 6876606 941 9 6 8
964 6876606 941 10 5 13
965 6876606 941 9 5 13
966 6876606 941 3 8 2
967 6878110 943 2 8 4884
968 6880807 946 8 9 37
969 6881436 947 10 10 71
970 6893246 949 10 4 3132
971 6893246 949 2 4 3132
972 6902715 950 9 8 7
973 6911680 958 3 3 2
974 6925926 959 10 1 1320
975 7011505 967 7 9 4
976 7011505 967 4 6 6161
977 7011505 967 4 10 13
978 7011505 967 5 10 13
979 7011505 967 0 4 14
980 7011505 967 5 8 44
981 7011505 967 7 4 14
982 7011505 967 4 7 243
983 7014350 968 1 3 51
984 7020958 970 4 3 16276
985 7034006 972 10 8 28
986 7034006 972 10 4 228
987 7053264 973 2 9 112
988 7065624 979 4 7 105
989 7069314 980 6 10 204
990 7069314 980 7 10 306
991 7072854 986 1 0 968
992 7078587 989 7 5 56
993 7081001 992 0 10 8980
994 7090681 993 4 8 12709
995 7106364 994 8 0 3
996 7106364 994 7 1 8
997 7106364 994 4 5 64
998 7106364 994 9 0 3
999 7109226 995 0 10 199
