11 356 1000
0 120519 0 9 2 76
1 459971 3 10 10 1871
2 459971 3 5 7 31
3 459971 3 10 3 252
4 459971 3 9 3 2654
5 459971 3 5 8 197
6 459971 3 10 9 40
7 532415 4 7 5 43
8 532415 4 5 8 14
9 532415 4 8 0 205
10 840790 9 7 5 35
11 840790 9 7 3 74
12 840790 9 4 3 74
13 840790 9 7 7 39
14 912750 12 3 2 8
15 1180324 13 7 10 99
16 1180324 13 6 5 13
17 1180324 13 5 4 340
18 1180324 13 3 4 1361
19 1180324 13 3 9 2319
20 1180324 13 6 10 99
21 1544175 17 3 7 19
22 1544175 17 6 9 1976
23 1611148 18 1 4 20
24 1611148 18 1 7 209
25 1611148 18 1 8 1476
26 1812558 21 3 4 45
27 1812558 21 4 1 31
28 1812558 21 3 0 51960
29 1812558 21 4 3 9711
30 1849274 23 10 10 4218
31 1883634 25 3 0 5933
32 1957229 27 2 0 1300
33 1957229 27 10 0 130
34 1960826 28 0 8 53
35 2133408 29 2 2 8778
36 2133408 29 10 9 5
37 2133408 29 2 0 72
38 2133408 29 2 7 377
39 2133408 29 10 4 20
40 2133408 29 10 10 175
41 2191334 31 3 3 475
42 2335994 37 6 8 61
43 2335994 37 6 0 25
44 2335994 37 3 9 6321
45 2410654 38 2 1 190
46 2545999 41 10 7 58
47 2604860 44 1 5 455
48 2616219 45 8 6 1063
49 2719417 50 9 3 14
50 3440766 51 3 10 1
51 3440766 51 8 2 26
52 3440766 51 7 8 1
53 3440766 51 9 10 1
54 3440766 51 8 8 1
55 3440766 51 7 9 1
56 3440766 51 5 7 5
57 3440766 51 2 9 1
58 3440766 51 7 3 15
59 3440766 51 5 5 8
60 3440766 51 8 6 51
61 3440766 51 9 1 15
62 3440766 51 5 9 1
63 3446210 52 9 4 249
64 3460870 54 9 10 4501
65 3523908 58 1 2 7830
66 3882463 59 2 2 204
67 3882463 59 8 1 22
68 3882463 59 5 2 102
69 3882463 59 2 6 19
70 3882463 59 5 8 15
71 3882463 59 5 0 2
72 3882463 59 2 3 5
73 3882463 59 1 9 128
74 3882463 59 5 9 36
75 4087854 66 0 6 59
76 4087854 66 0 2 233
77 4087912 67 1 7 10
78 4357533 72 6 0 6120
79 4357533 72 6 10 83
80 4813086 75 6 0 11
81 4813086 75 1 5 231
82 4813086 75 10 5 1270
83 4813086 75 4 5 115
84 4813086 75 0 7 1
85 4813086 75 2 1 591
86 4813086 75 4 8 1
87 4813086 75 4 4 7
88 4817586 76 9 3 98
89 4872092 77 8 4 21
90 4872092 77 6 4 52
91 4909844 79 10 3 38
92 4956367 83 0 2 165
93 5533786 84 6 5 4
94 5533786 84 7 7 21
95 5533786 84 6 2 308
96 5533786 84 7 2 154
97 5533786 84 10 9 1
98 5533786 84 4 5 4
99 5533786 84 3 2 308
100 5533786 84 6 9 6
101 5683389 89 7 3 43
102 5683389 89 7 4 298
103 5749695 91 0 2 550
104 5749695 91 7 2 550
105 5749695 91 8 2 550
106 5872884 96 0 5 44
107 6296576 99 9 10 3070
108 6296576 99 7 10 3070
109 6296576 99 0 7 38
110 6869164 102 2 3 17
111 6869164 102 5 6 1
112 6869164 102 6 5 14
113 6869164 102 2 10 21
114 6869164 102 5 5 14
115 6869164 102 9 3 11
116 6869164 102 6 0 35
117 6869164 102 4 4 4
118 6869164 102 5 7 2
119 6869164 102 1 5 14
120 6869164 102 10 10 21
121 6969148 104 4 5 74
122 6969148 104 4 3 2306
123 7249761 108 2 3 69
124 7249761 108 5 10 3
125 7249761 108 3 0 226
126 7254007 109 6 0 101
127 7284718 110 3 3 4665
128 7390194 116 2 6 106
129 7390194 116 2 9 68
130 7390194 116 2 8 217
131 7461392 117 0 1 35
132 7587153 123 10 10 32
133 7787117 127 0 6 358
134 7787117 127 0 8 19017
135 7795622 128 2 0 5
136 7880122 132 0 7 7571
137 7935659 134 1 9 76
138 7939372 135 1 8 667
139 7939372 135 1 6 8481
140 8079951 136 8 9 9
141 8540966 137 9 7 3
142 8540966 137 2 0 4
143 8540966 137 3 8 9
144 8540966 137 8 10 668
145 8540966 137 6 0 4
146 8805059 146 10 4 11
147 8907536 150 2 3 66
148 8907536 150 2 5 126
149 8907536 150 2 10 10
150 8907536 150 2 8 12718
151 8926617 152 4 1 1312
152 9432758 154 9 7 1284
153 9432758 154 6 5 69
154 9432758 154 7 7 642
155 9432758 154 4 10 2
156 9432758 154 2 4 10
157 9432758 154 10 5 139
158 9437428 155 1 7 3
159 10022927 160 4 6 5
160 10022927 160 8 1 17
161 10022927 160 3 9 4
162 10022927 160 6 3 2
163 10022927 160 10 1 1
164 10022927 160 0 3 5
165 10022927 160 1 6 2
166 10022927 160 7 0 11
167 10022927 160 10 2 843
168 10043031 161 0 8 17
169 10043031 161 10 8 1
170 10223372 162 10 3 382
171 10223372 162 3 4 15
172 10223372 162 10 6 14
173 10223372 162 3 1 1445
174 10317756 165 5 5 110
175 10323212 166 7 4 13
176 10350258 168 1 2 15
177 10350258 168 5 2 15
178 10350258 168 6 2 30
179 10350258 168 8 2 30
180 10479857 172 4 10 18
181 10577421 174 6 6 96
182 10775582 177 3 7 17
183 10784509 178 9 0 104
184 10802698 180 5 0 216
185 10808683 181 9 0 206
186 10827672 183 4 0 35
187 10852604 184 1 6 21
188 10852604 184 3 5 54
189 11043103 192 3 3 5872
190 11043103 192 3 6 110
191 11057560 194 5 3 4
192 11057560 194 3 3 63
193 11497828 198 8 4 2
194 11497828 198 9 4 4
195 11497828 198 5 0 5
196 11497828 198 7 2 6
197 11497828 198 5 5 1
198 11497828 198 4 10 7
199 11497828 198 2 4 2
200 11497828 198 10 6 111
201 11504448 200 5 5 18
202 11671207 203 7 4 4534
203 11671207 203 8 3 1767
204 11671207 203 8 8 45
205 11671207 203 8 6 48
206 11671207 203 7 6 48
207 11671207 203 7 7 7494
208 11671207 203 8 1 5
209 11696063 205 3 2 11780
210 11782146 209 4 5 39
211 11907540 210 2 3 1
212 11937664 214 0 7 47
213 11991463 217 7 4 13
214 12029618 220 0 5 2340
215 12127093 226 3 9 222
216 12342996 229 0 6 27
217 12342996 229 0 1 1
218 12342996 229 0 8 118
219 12342996 229 2 2 616
220 12595136 230 3 7 226
221 12595136 230 3 8 33
222 12595136 230 3 6 6
223 12595136 230 8 7 2487
224 12595136 230 0 8 16
225 12595136 230 3 10 5
226 13083901 233 1 1 8
227 13083901 233 5 1 8
228 13083901 233 8 0 7
229 13083901 233 7 7 85
230 13083901 233 9 6 6
231 13083901 233 4 2 8
232 13083901 233 9 8 94
233 13083901 233 6 7 1
234 13303011 237 4 4 4
235 13303011 237 10 10 82
236 13888881 241 3 1 18
237 13888881 241 7 3 1
238 13888881 241 1 2 1952
239 13888881 241 7 5 5047
240 13888881 241 1 4 14
241 13888881 241 9 5 1682
242 13888881 241 6 10 8112
243 13888881 241 6 6 1
244 13918083 244 10 9 11740
245 13918083 244 1 1 1
246 13970394 250 2 9 38
247 13990784 253 2 6 83
248 14025408 258 3 0 83
249 14270784 259 10 3 623
250 14826136 262 2 9 15
251 14826136 262 2 8 7
252 14826136 262 2 0 9
253 14895592 263 6 10 1524
254 15015241 269 4 2 8281
255 15108771 277 2 7 3263
256 15133780 281 1 7 651
257 15204931 282 8 5 23
258 15284357 285 4 1 297
259 15284357 285 4 9 314
260 15284357 285 4 6 319
261 16160168 287 6 8 5
262 16160168 287 4 8 5
263 16160168 287 7 1 47
264 16160168 287 3 10 15
265 16160168 287 10 9 1
266 16160168 287 9 3 5
267 16160168 287 1 6 48
268 16160168 287 2 1 3
269 16160168 287 4 3 11
270 16160168 287 3 7 807
271 16160168 287 3 9 1
272 16160168 287 5 10 7
273 16160168 287 4 5 2
274 16160168 287 3 1 3
275 16160168 287 8 8 5
276 16160168 287 9 2 3
277 16486675 291 2 7 111
278 16486675 291 1 9 1096
279 16486675 291 0 7 111
280 16486675 291 5 7 111
281 16486675 291 7 1 1536
282 16486675 291 1 2 3435
283 16486675 291 6 6 409
284 16785971 292 7 0 6
285 16785971 292 2 1 197
286 16785971 292 7 6 106
287 16785971 292 6 10 1
288 16808690 293 8 1 87
289 16992187 298 1 5 75
290 16992187 298 1 7 60
291 17365377 303 10 9 613
292 17365377 303 4 8 324
293 17365377 303 8 10 14
294 17365377 303 0 2 1892
295 17365377 303 1 0 1
296 17365377 303 2 1 25
297 17571418 304 2 2 74
298 17571418 304 3 0 17
299 17571418 304 3 9 58
300 17611183 305 4 7 38
301 17619274 306 7 9 19562
302 17698988 308 6 4 147
303 17698988 308 6 3 284
304 17733005 310 7 1 442
305 17800083 312 6 10 391
306 18283624 317 1 3 109
307 18283624 317 2 3 54
308 18283624 317 10 7 1004
309 18283624 317 5 3 54
310 18283624 317 1 2 3961
311 18283624 317 4 7 3013
312 18283624 317 4 2 565
313 18452902 324 6 5 7
314 18452902 324 8 5 7
315 18469899 326 7 7 118
316 18717105 328 7 8 44
317 18717105 328 5 5 297
318 18717105 328 2 0 3
319 18717105 328 4 3 1
320 18717105 328 0 8 44
321 18730424 329 0 7 2
322 18730424 329 2 7 8
323 18856587 335 1 6 179
324 19062589 339 4 7 15
325 19062589 339 5 10 8843
326 19272744 340 0 2 3
327 19272744 340 8 3 126
328 19272744 340 3 4 5
329 19385336 346 1 5 1467
330 19587663 358 0 4 7138
331 19698993 362 10 3 357
332 19698993 362 8 2 2
333 19698993 362 0 2 1
334 19806606 368 0 7 1327
335 19903820 369 3 9 224
336 19903820 369 2 0 17
337 20106864 370 0 8 6
338 20106864 370 5 10 11
339 20106864 370 6 9 23
340 20141012 373 6 3 66
341 20376384 386 8 3 1952
342 20404980 387 3 9 1
343 20544374 388 0 1 16
344 20544374 388 0 2 35
345 20544374 388 7 7 30
346 20544374 388 7 0 709
347 20544374 388 0 8 3
348 21033420 390 5 10 1
349 21033420 390 10 8 767
350 21033420 390 9 10 1
351 21033420 390 5 6 10335
352 21033420 390 7 9 1924
353 21033420 390 9 0 14
354 21033420 390 0 3 1193
355 21207769 392 9 0 19
356 21207769 392 5 0 19
357 21207769 392 0 5 3851
358 21207769 392 6 5 3851
359 21830385 395 8 10 31
360 21830385 395 6 0 440
361 21830385 395 1 7 41
362 21830385 395 9 4 1
363 21830385 395 1 3 52
364 21830385 395 1 8 33
365 21830385 395 10 3 10
366 21830385 395 3 3 21
367 21830385 395 6 8 33
368 21873225 396 9 1 405
369 21873225 396 3 1 405
370 21888731 398 9 9 103
371 22153347 402 2 0 126
372 22153347 402 9 5 65
373 22153347 402 2 4 6
374 22232426 406 1 10 204
375 22320194 407 2 4 49
376 22740283 409 2 8 120
377 22740283 409 1 5 797
378 22740283 409 1 6 1
379 22740283 409 6 9 60
380 22740283 409 6 8 40
381 22740283 409 6 4 2
382 22740283 409 6 5 797
383 22968701 413 9 0 144
384 22968701 413 9 6 10095
385 23056270 420 7 8 9
386 23154787 423 3 1 4754
387 23241667 424 7 9 6021
388 23275113 427 10 2 48
389 23989784 428 4 4 4
390 23989784 428 0 7 1
391 23989784 428 7 3 3
392 23989784 428 4 6 1
393 23989784 428 6 6 1
394 23989784 428 3 0 1
395 23989784 428 5 5 822
396 23989784 428 9 10 4
397 23989784 428 3 2 2
398 23989784 428 9 3 3
399 23989784 428 3 1 1336
400 23989784 428 0 4 1
401 24409266 430 2 10 2
402 24409266 430 5 5 8
403 24409266 430 2 3 2
404 24409266 430 1 4 24
405 24409266 430 7 6 381
406 24409266 430 0 10 2
407 24460425 434 9 2 74
408 24512337 435 6 6 24
409 24566714 440 5 0 14
410 24610241 443 6 10 95
411 24610241 443 6 5 69
412 24662207 445 7 6 2
413 24662207 445 7 0 52
414 24768451 456 6 5 8547
415 25100653 457 0 5 64
416 25100653 457 4 10 25
417 25100653 457 8 10 5
418 25259441 460 1 8 47
419 25259441 460 1 10 64
420 25259441 460 1 7 335
421 25259441 460 1 5 102
422 25259441 460 1 1 356
423 25583830 461 7 1 11
424 25583830 461 2 2 5
425 25583830 461 0 4 5
426 25583830 461 1 8 9
427 25583830 461 2 7 147
428 25583830 461 0 7 1
429 25583830 461 2 1 11
430 25611879 463 2 0 60
431 26644898 466 9 0 7
432 26644898 466 4 6 4
433 26644898 466 8 2 150
434 26644898 466 0 6 12
435 26644898 466 9 3 1801
436 26644898 466 1 1 2
437 26644898 466 10 5 1
438 26644898 466 3 7 61
439 26644898 466 2 1 5
440 26644898 466 5 1 2
441 26644898 466 2 7 10
442 26644898 466 2 4 652
443 26644898 466 5 9 4
444 26644898 466 10 8 1
445 26644898 466 3 8 1
446 26644898 466 7 1 8
447 26644898 466 5 5 1
448 26644898 466 6 9 4
449 26644898 466 5 2 50
450 26644898 466 5 3 3602
451 26644898 466 6 10 2
452 26644898 466 0 10 6
453 26644898 466 1 8 1
454 26644898 466 10 6 16
455 26644898 466 4 7 1
456 26896574 467 4 0 1291
457 26896574 467 10 8 39
458 26896574 467 2 7 5
459 26896574 467 5 0 430
460 26982458 469 6 3 3988
461 26994127 470 9 2 75
462 27038955 471 10 10 2769
463 27109492 472 3 0 7
464 27394563 473 2 7 26
465 27394563 473 10 2 7
466 27394563 473 3 7 3
467 27394563 473 9 10 1
468 27394563 473 7 3 14
469 28277340 475 7 8 5
470 28277340 475 5 8 2
471 28277340 475 8 2 3
472 28277340 475 1 10 5
473 28277340 475 4 8 2
474 28277340 475 4 3 1
475 28277340 475 10 10 5
476 28277340 475 10 2 3
477 28277340 475 2 4 8
478 28277340 475 9 6 1
479 28277340 475 8 7 4
480 28277340 475 6 0 2
481 28277340 475 5 10 25
482 28277340 475 7 0 1
483 28277340 475 4 1 6
484 28277340 475 2 7 4
485 28372478 477 2 6 69
486 28372478 477 2 3 89
487 28477620 481 5 10 87
488 28481872 482 4 2 222
489 28481872 482 10 0 122
490 28608066 487 5 1 65
491 28719518 489 2 5 94
492 28719518 489 8 4 48
493 28766951 492 8 7 3095
494 29614038 498 6 8 514
495 29614038 498 7 6 1
496 29614038 498 9 10 261
497 29614038 498 5 8 514
498 29614038 498 4 1 17
499 29614038 498 3 9 1
500 29614038 498 9 7 44
501 29614038 498 5 5 702
502 29614038 498 8 10 26
503 29614038 498 7 0 10
504 29614038 498 5 1 35
505 29614038 498 0 5 1579
506 29614038 498 4 6 1
507 29682670 499 7 10 10
508 29715694 502 2 6 191
509 30225322 507 8 9 7
510 30225322 507 5 5 49
511 30225322 507 1 7 72
512 30225322 507 1 8 52
513 30225322 507 1 10 178
514 30225322 507 2 6 3
515 30225322 507 7 7 72
516 30225322 507 2 2 28
517 30225322 507 8 3 2
518 30243172 508 5 8 38
519 30412481 510 6 8 7
520 30412481 510 7 7 2681
521 30412481 510 7 3 4
522 30911084 513 1 1 5
523 30911084 513 9 5 690
524 30911084 513 4 10 102
525 30911084 513 9 3 5
526 31019804 518 9 8 52
527 31034046 520 0 2 1008
528 31134597 530 3 10 50
529 31238462 535 2 1 59
530 31259921 537 9 10 88
531 31259921 537 4 10 11
532 31472160 547 4 7 18
533 31472160 547 4 5 7822
534 31472160 547 4 9 79
535 31472160 547 4 1 2357
536 31553754 550 3 6 6
537 31668037 551 10 6 30
538 31736090 554 10 7 2037
539 32572384 555 3 8 22
540 32572384 555 6 5 1
541 32572384 555 7 8 102
542 32572384 555 8 5 13
543 32572384 555 0 8 7
544 32572384 555 6 9 35
545 32572384 555 7 5 11
546 32572384 555 10 5 1
547 32572384 555 7 1 95
548 32572384 555 3 4 829
549 32572384 555 8 6 23
550 32572384 555 4 4 829
551 32572384 555 6 3 202
552 32572384 555 10 6 47
553 32887204 556 0 0 1
554 32887204 556 3 1 1
555 32887204 556 5 8 109
556 32887204 556 10 0 11
557 32959402 557 3 8 1648
558 33048966 558 1 8 329
559 33048966 558 1 10 174
560 33061191 559 1 0 608
561 33191993 562 10 6 12990
562 33191993 562 10 10 8302
563 33275417 563 10 9 33
564 33275417 563 10 10 127
565 33344442 566 3 6 39
566 33685520 569 5 3 1
567 33770036 575 0 8 15
568 34028004 576 10 5 2438
569 34075637 579 3 0 57
570 34230126 582 4 0 2716
571 34307467 583 6 2 76
572 34315640 584 10 5 3971
573 34331565 587 5 1 31
574 34331565 587 2 1 6
575 34384129 588 4 6 76
576 34384129 588 4 10 9
577 34444734 591 7 1 1
578 34444734 591 4 1 2
579 34469781 594 0 5 74
580 34511568 598 4 6 39008
581 34793966 602 8 8 3636
582 34800155 603 2 10 133
583 34804060 604 9 6 322
584 34907831 606 10 8 31
585 34907831 606 10 7 327
586 34925535 608 8 4 11
587 35014393 611 3 4 39
588 35014393 611 2 4 117
589 35771153 612 9 1 13
590 35771153 612 3 6 6
591 35771153 612 10 3 19
592 35771153 612 6 5 240
593 35771153 612 8 0 713
594 35771153 612 8 7 2539
595 35771153 612 9 0 1427
596 35771153 612 10 8 26
597 35771153 612 5 9 1
598 35771153 612 0 9 1
599 35771153 612 10 0 142
600 35771153 612 7 8 8
601 35771153 612 2 8 8
602 35771153 612 6 10 5
603 35771153 612 2 10 5
604 35771153 612 4 9 1
605 35771153 612 9 9 8
606 35834773 613 3 2 20
607 35834773 613 3 10 14831
608 35834773 613 3 5 22
609 36549632 616 7 6 36
610 36549632 616 3 8 82
611 36549632 616 1 3 20
612 36549632 616 1 8 1
613 36549632 616 6 7 5205
614 36549632 616 4 2 11
615 36549632 616 0 9 5
616 36549632 616 5 7 200
617 36549632 616 2 3 83
618 36549632 616 2 7 200
619 36549632 616 6 9 11
620 36549632 616 4 10 6839
621 36549632 616 10 2 2
622 36549632 616 1 0 1483
623 36549632 616 9 1 1
624 36549632 616 7 8 3
625 36608766 619 8 6 91
626 36672950 621 6 8 18
627 36672950 621 2 8 37
628 36693279 624 4 5 2839
629 36693279 624 2 5 2839
630 36693279 624 3 5 14198
631 36699402 625 9 0 34
632 36793720 626 2 5 2333
633 36793720 626 2 10 96
634 36905648 630 10 6 226
635 36971727 631 2 6 351
636 37150463 633 5 4 225
637 37150463 633 5 1 368
638 37184511 634 7 1 38
639 37228617 635 5 8 1373
640 37228617 635 5 9 102
641 37274263 637 4 10 24
642 37322566 638 4 1 10
643 37325115 639 2 3 55
644 37326250 640 1 0 113
645 37333713 641 5 6 2
646 37773497 644 5 4 647
647 37773497 644 6 6 1
648 37773497 644 5 3 10
649 37773497 644 0 8 908
650 37773497 644 2 8 1817
651 37773497 644 7 5 10
652 37773497 644 1 8 1817
653 37773497 644 4 6 1
654 37773497 644 5 8 908
655 37773497 644 10 4 647
656 37773497 644 0 3 10
657 37814756 650 7 10 29
658 37918973 661 7 0 13
659 38590215 671 3 9 8
660 38590215 671 6 7 1
661 38590215 671 10 5 30
662 38590215 671 6 4 3355
663 38590215 671 4 6 8
664 38590215 671 3 4 1342
665 38590215 671 0 6 8
666 38590215 671 9 8 34
667 38590215 671 0 7 1
668 38590215 671 0 8 5
669 38710416 675 2 1 64
670 39320831 683 5 2 1527
671 39320831 683 9 3 29
672 39320831 683 8 2 3054
673 39320831 683 3 10 16
674 39320831 683 9 4 638
675 39363226 687 2 7 41
676 39462300 689 5 4 1591
677 39707464 690 8 4 1727
678 39707464 690 4 6 73
679 39707464 690 0 10 48
680 39717917 691 10 2 74
681 39917303 692 6 5 222
682 39917303 692 6 1 96
683 39917303 692 10 0 2
684 39985096 693 8 3 1542
685 39985096 693 8 0 109
686 39985096 693 8 8 33
687 40930743 695 2 7 1
688 40930743 695 3 8 1
689 40930743 695 2 8 1
690 40930743 695 1 7 1
691 40930743 695 10 1 3
692 40930743 695 1 3 4
693 40930743 695 8 10 1
694 40930743 695 10 2 1587
695 40930743 695 1 2 1587
696 40930743 695 6 10 1
697 40930743 695 0 2 793
698 40930743 695 8 1 3
699 40969306 697 4 6 1569
700 41185025 698 5 6 48
701 41185025 698 5 2 25
702 41299270 701 1 2 3
703 41484605 702 4 2 28
704 41484605 702 4 10 74
705 41484605 702 3 7 81
706 41484605 702 3 3 1
707 41484605 702 0 2 28
708 41484605 702 3 2 56
709 41671654 703 2 5 40
710 41671654 703 9 8 52
711 41671654 703 9 1 49
712 41680514 704 9 6 3990
713 41938950 714 2 8 105
714 42321128 718 7 1 13
715 42321128 718 8 10 2
716 42321128 718 3 8 2911
717 42321128 718 6 1 6
718 42321128 718 1 5 87
719 42321128 718 1 3 15
720 42321128 718 5 1 6
721 42321128 718 10 1 6
722 42321128 718 6 0 1
723 42327284 719 2 7 4984
724 42488041 723 6 3 13
725 42488041 723 3 8 7
726 42551827 724 6 7 124
727 42635047 727 10 10 104
728 42667326 730 8 2 34
729 42889853 732 5 9 46
730 42889853 732 0 1 103
731 42889853 732 4 5 13
732 42889853 732 6 6 2
733 42889853 732 4 2 240
734 42894082 733 10 8 12
735 43107925 735 6 8 280
736 43261114 739 10 2 39026
737 43261114 739 10 3 809
738 43261114 739 10 10 132
739 43761680 741 6 1 989
740 43761680 741 3 0 544
741 43761680 741 6 0 544
742 43761680 741 0 10 110
743 43761680 741 0 4 33
744 43761680 741 7 2 3
745 43761680 741 8 5 28
746 43761680 741 5 2 3
747 43761680 741 10 4 33
748 43761680 741 3 6 2
749 43761680 741 0 5 147
750 43776785 743 2 8 31
751 43857029 744 1 3 64
752 43866238 746 6 9 88
753 43868140 747 8 5 26
754 43960209 749 9 7 41
755 43960209 749 5 9 2
756 43966072 750 0 3 82
757 44400333 751 7 1 30
758 44400333 751 10 6 950
759 44400333 751 3 8 1
760 44400333 751 5 9 15
761 44400333 751 8 4 13
762 44400333 751 7 2 477
763 44400333 751 4 8 5
764 44400333 751 5 1 15
765 44593249 755 9 5 4130
766 44715584 757 9 1 38
767 44715584 757 7 5 578
768 45069829 766 6 3 1
769 45069829 766 0 10 30
770 45069829 766 10 6 14
771 45088412 767 6 8 67
772 45263667 768 0 0 103
773 45263667 768 0 5 373
774 45263667 768 8 1 41
775 45327115 773 8 10 34
776 45498175 780 9 8 6604
777 45498175 780 1 1 117
778 45562077 785 8 2 7
779 45567466 786 6 0 54
780 45589634 787 1 4 3
781 45629077 791 0 1 26
782 45631953 793 4 7 6073
783 45725564 798 4 5 6106
784 45725713 799 2 10 54
785 45734565 801 9 6 20
786 45756381 802 4 5 18
787 45825747 804 4 6 21
788 45886974 808 1 3 14
789 45902248 812 7 5 958
790 45966925 815 4 9 128
791 46018190 817 8 3 1577
792 46905743 822 6 4 1
793 46905743 822 9 4 1
794 46905743 822 10 6 8
795 46905743 822 8 4 1
796 46905743 822 10 5 78
797 46905743 822 6 7 8297
798 46905743 822 9 1 1
799 46905743 822 0 4 1
800 46905743 822 5 2 3
801 46905743 822 1 7 276
802 46905743 822 5 0 16
803 46905743 822 2 6 8
804 47593607 823 10 8 30
805 47593607 823 9 1 1938
806 47593607 823 2 2 12
807 47593607 823 8 2 6
808 47593607 823 9 9 1
809 47593607 823 9 6 1414
810 47593607 823 8 0 26
811 47811612 825 0 2 27
812 47811612 825 0 8 63
813 47935243 830 3 9 16
814 48093399 833 7 7 1338
815 48093399 833 7 8 800
816 48194485 834 1 5 908
817 48194485 834 8 10 1400
818 48194485 834 8 4 9
819 48201868 836 1 3 86
820 48231384 837 6 9 79
821 48246447 839 8 3 4
822 48261261 841 1 0 334
823 48261261 841 10 5 4815
824 48488607 846 5 8 80
825 48488607 846 5 9 17114
826 48488607 846 5 3 96
827 48649934 857 9 6 9641
828 48649934 857 9 8 57
829 48662891 858 10 2 1
830 48725055 859 6 7 207
831 48725055 859 6 4 66
832 48725055 859 6 9 148
833 48725055 859 6 2 342
834 48799016 861 3 1 145
835 48812320 862 9 9 70
836 48867686 863 6 9 792
837 49333997 864 8 4 5
838 49333997 864 3 10 172
839 49333997 864 3 2 954
840 49333997 864 2 7 1
841 49333997 864 8 9 141
842 49333997 864 4 1 14
843 49333997 864 5 8 113
844 49333997 864 9 6 8
845 49333997 864 1 9 35
846 49458730 871 10 8 8344
847 49458730 871 6 8 758
848 49578636 874 2 2 46
849 49578636 874 2 5 668
850 49638703 876 9 3 18
851 49641744 877 10 6 24
852 49704815 881 1 2 561
853 49704815 881 10 2 1685
854 49704815 881 4 2 561
855 50087144 886 9 7 4
856 50087144 886 7 6 555
857 50087144 886 8 0 29
858 50087144 886 1 3 48
859 50087144 886 10 7 1
860 50154726 888 10 10 10210
861 50154726 888 10 2 136
862 50533190 894 3 9 35
863 50533190 894 3 1 19
864 50533190 894 6 5 2
865 50533190 894 0 9 35
866 50533190 894 0 8 1
867 50533190 894 6 3 6
868 50533190 894 4 3 12
869 50533190 894 0 2 11
870 50533190 894 4 2 5
871 50751926 896 1 0 15751
872 50751926 896 3 0 1968
873 50855950 899 6 2 250
874 50915309 901 9 2 30
875 50916201 902 5 10 39173
876 51083346 905 1 8 95
877 51083346 905 6 8 95
878 51254942 907 4 2 821
879 51254942 907 2 5 23
880 51254942 907 2 3 18
881 51254942 907 2 8 156
882 51329039 909 9 3 21
883 51403693 911 5 0 682
884 51486732 913 4 2 19
885 51649573 919 5 1 1
886 51649573 919 7 1 9
887 51649573 919 0 1 1
888 51649573 919 4 1 1
889 51667323 920 2 10 8
890 51667323 920 6 9 28
891 51673863 921 3 9 79
892 51878409 926 7 1 61
893 51878409 926 7 2 58
894 51894351 928 7 10 102
895 52749200 929 7 10 1
896 52749200 929 0 9 8
897 52749200 929 8 3 169
898 52749200 929 6 0 655
899 52749200 929 5 6 54
900 52749200 929 3 0 2
901 52749200 929 8 2 21
902 52749200 929 4 10 1
903 52749200 929 8 8 9
904 52749200 929 0 6 54
905 52749200 929 3 7 2
906 52749200 929 6 2 42
907 52749200 929 4 1 2
908 52749200 929 3 2 21
909 52749200 929 9 3 3
910 52749200 929 7 0 2
911 52749200 929 7 9 4
912 53255791 930 5 4 2601
913 53255791 930 0 5 22
914 53255791 930 2 6 13
915 53255791 930 9 2 7
916 53255791 930 6 4 15609
917 53255791 930 3 0 2492
918 53255791 930 10 9 71
919 53255791 930 2 1 28
920 53255791 930 0 2 7
921 53255791 930 6 0 4984
922 53255791 930 8 3 15
923 53255791 930 6 8 928
924 53255791 930 1 2 43
925 53713284 931 0 2 6431
926 53713284 931 0 4 909
927 53713284 931 5 1 10
928 53713284 931 3 5 4188
929 53713284 931 7 5 2443
930 53713284 931 2 3 24
931 54016013 932 2 2 2708
932 54016013 932 9 2 902
933 54016013 932 9 10 23
934 54016013 932 4 1 2337
935 54016013 932 9 4 6
936 54016013 932 7 1 6232
937 54016013 932 5 8 6
938 54046947 934 8 7 122
939 54201634 940 0 2 131
940 54201634 940 0 0 266
941 54201634 940 0 7 99809
942 54201634 940 0 3 11398
943 55012853 941 6 10 18
944 55012853 941 10 6 10
945 55012853 941 3 2 2
946 55012853 941 0 9 1305
947 55012853 941 5 7 1
948 55012853 941 4 3 4
949 55012853 941 2 3 1
950 55012853 941 3 7 2
951 55012853 941 5 10 18
952 55012853 941 10 5 13
953 55012853 941 1 2 2
954 55012853 941 7 0 16
955 55012853 941 8 10 18
956 55012853 941 2 2 5
957 55012853 941 9 3 1
958 55012853 941 6 3 1
959 55012853 941 2 8 2
960 55012853 941 0 7 1
961 55012853 941 8 6 2
962 55012853 941 4 9 3916
963 55012853 941 10 3 1
964 55024885 943 2 8 4884
965 55046456 946 7 9 37
966 55046456 946 1 9 112
967 55124684 948 6 7 18
968 55124684 948 5 7 73
969 55124684 948 0 1 107
970 55145972 949 10 4 3132
971 55221727 950 9 8 7
972 55221727 950 0 8 29
973 55292850 957 1 9 17
974 55407412 959 10 0 127
975 55491441 961 4 5 343
976 56092044 967 5 1 1846
977 56092044 967 4 8 44
978 56092044 967 1 2 15
979 56092044 967 7 9 4
980 56092044 967 6 5 7
981 56092044 967 0 9 2
982 56092044 967 5 7 486
983 56092044 967 6 4 14
984 56092044 967 7 6 3080
985 56092044 967 7 2 30
986 56092044 967 0 5 43
987 56092044 967 0 0 9
988 56167665 970 8 6 37
989 56198328 971 10 8 30
990 56426118 973 2 1 4
991 56426118 973 2 0 8
992 56426118 973 2 8 1312
993 56524992 979 6 1 290
994 56524992 979 6 8 3805
995 56570051 984 10 4 10212
996 56628701 989 7 5 56
997 56648009 992 0 10 8980
998 56725452 993 4 4 210
999 56850919 994 2 0 3
