11 361 1000
0 20086 0 9 0 1
1 20086 0 1 6 24
2 20086 0 9 2 76
3 20086 0 1 8 28
4 76661 3 5 5 113
5 76661 3 5 9 20
6 76661 3 10 2 11041
7 76661 3 5 2 11041
8 76661 3 9 5 5552
9 140131 9 7 3 74
10 140131 9 1 4 2
11 140131 9 4 0 7
12 140131 9 4 2 98
13 140131 9 4 8 2
14 196720 13 6 10 99
15 196720 13 10 4 340
16 196720 13 1 9 30152
17 196720 13 1 8 1
18 196720 13 5 10 495
19 196720 13 3 4 1361
20 203405 16 2 4 209
21 257362 17 10 9 1317
22 257362 17 5 4 12
23 257362 17 10 1 44
24 257362 17 7 7 2
25 257362 17 9 3 46
26 257362 17 7 4 12
27 257362 17 1 8 1
28 257362 17 7 1 44
29 302093 21 3 8 86
30 302093 21 3 3 9711
31 302093 21 4 4 22
32 326204 27 6 0 130
33 326204 27 1 0 130
34 355568 29 10 3 99
35 355568 29 2 9 94
36 355568 29 10 7 2267
37 365222 31 5 7 2070
38 365222 31 1 6 46
39 369188 32 0 4 14
40 371512 36 3 4 53
41 389332 37 4 6 62
42 401775 38 8 5 55
43 401775 38 8 8 11723
44 401775 38 2 5 55
45 407844 39 3 5 6
46 424333 41 10 7 58
47 434143 44 1 3 43
48 434143 44 1 4 29
49 434143 44 1 5 455
50 434143 44 1 10 3951
51 436036 45 8 6 1063
52 437166 47 8 1 42
53 453236 50 9 10 5268
54 453236 50 7 10 526
55 453236 50 7 8 1
56 573461 51 2 10 1
57 573461 51 10 4 15
58 573461 51 9 9 1
59 573461 51 5 3 15
60 573461 51 9 10 1
61 574368 52 9 4 249
62 647077 59 8 9 18
63 647077 59 2 7 6
64 647077 59 5 0 2
65 647077 59 2 3 5
66 647077 59 5 4 3
67 647077 59 5 8 15
68 647077 59 2 0 6
69 647077 59 1 2 204
70 659074 61 7 4 126
71 681309 66 0 7 227
72 681309 66 0 6 59
73 686535 68 4 4 13
74 708226 70 3 10 99
75 708302 71 8 0 65
76 726255 72 6 8 12198
77 802181 75 1 5 231
78 802181 75 4 2 7002
79 802181 75 5 6 14
80 802181 75 7 9 1
81 802181 75 0 1 591
82 802181 75 6 5 231
83 802181 75 2 1 591
84 802181 75 4 1 1183
85 812015 77 6 4 52
86 812015 77 10 4 31
87 812015 77 7 4 21
88 820565 81 0 6 119
89 824453 82 1 8 76
90 922297 84 6 9 6
91 922297 84 10 6 1
92 922297 84 4 9 6
93 922297 84 4 0 7
94 922297 84 7 4 5
95 922297 84 4 7 21
96 929452 88 1 6 30
97 947231 89 7 10 53
98 947231 89 7 0 56
99 947231 89 7 9 100
100 958282 91 4 2 550
101 958282 91 7 2 550
102 973763 94 1 5 756
103 1049429 99 7 5 5
104 1049429 99 0 6 10
105 1049429 99 9 8 1
106 1049429 99 0 2 19
107 1049429 99 9 3 63
108 1144860 102 0 7 3
109 1144860 102 5 2 483
110 1144860 102 1 7 2
111 1144860 102 4 10 21
112 1144860 102 4 7 1
113 1144860 102 0 10 21
114 1153977 103 0 5 6
115 1208293 108 2 3 69
116 1208293 108 5 10 3
117 1214119 110 3 10 47
118 1220991 115 3 6 95
119 1231699 116 2 1 6
120 1231699 116 2 7 208
121 1243565 117 0 7 29
122 1257564 118 10 5 16
123 1262060 122 0 1 98
124 1264525 123 10 10 32
125 1269558 124 1 3 7
126 1297852 127 0 0 130
127 1297852 127 0 6 358
128 1299270 128 2 0 5
129 1300796 130 7 10 226
130 1301325 131 1 3 226
131 1346658 136 8 6 21
132 1346658 136 1 7 22
133 1423494 137 0 7 3
134 1423494 137 6 7 198
135 1423494 137 6 6 2
136 1423494 137 9 1 12
137 1423494 137 8 6 2
138 1423494 137 8 3 48
139 1423494 137 2 0 4
140 1423494 137 4 1 25
141 1431234 139 10 1 50
142 1467509 146 8 4 11
143 1484589 150 2 10 10
144 1572126 154 6 4 10
145 1572126 154 4 1 16
146 1572126 154 8 6 230
147 1572126 154 1 9 11
148 1572126 154 1 4 10
149 1572126 154 0 7 642
150 1572126 154 2 10 2
151 1577640 157 4 4 87
152 1670487 160 3 5 46
153 1670487 160 7 2 421
154 1670487 160 6 3 2
155 1670487 160 0 5 35
156 1670487 160 3 2 843
157 1670487 160 5 1 1
158 1670487 160 8 10 5
159 1670487 160 4 6 5
160 1670487 160 10 7 293
161 1670487 160 5 8 306
162 1670487 160 1 0 23
163 1670487 160 7 3 137
164 1703895 162 8 6 14
165 1703895 162 10 6 14
166 1707306 164 6 8 11399
167 1719626 165 1 5 110
168 1721455 167 2 5 23577
169 1725043 168 7 2 30
170 1725043 168 6 2 30
171 1738440 170 3 9 3937
172 1738440 170 3 4 341
173 1762903 174 6 6 96
174 1762903 174 1 2 9
175 1764571 175 5 6 13
176 1795930 177 3 3 2171
177 1795930 177 0 6 344
178 1795930 177 3 6 172
179 1795930 177 3 10 393
180 1795930 177 0 0 89
181 1808767 184 1 6 21
182 1818973 187 4 2 24
183 1818973 187 7 2 8
184 1818973 187 7 1 15
185 1840517 192 3 3 5872
186 1840517 192 3 8 53
187 1848171 197 1 1 1245
188 1916304 198 10 10 7
189 1916304 198 5 5 1
190 1916304 198 8 4 2
191 1916304 198 9 5 1
192 1916304 198 2 2 6
193 1916304 198 7 8 11
194 1916304 198 0 2 2
195 1916304 198 0 0 5
196 1916304 198 7 2 6
197 1924485 202 3 10 415
198 1945201 203 8 0 228
199 1945201 203 8 9 59
200 1946363 204 9 0 97
201 1984590 210 6 3 1
202 1984590 210 1 3 1
203 2002584 218 1 2 17074
204 2005050 221 8 7 220
205 2013798 223 2 2 68
206 2017928 225 6 8 316
207 2021628 227 5 7 1033
208 2057166 229 0 7 28
209 2057166 229 6 9 74
210 2057166 229 2 9 74
211 2057166 229 2 6 55
212 2099189 230 3 4 78
213 2099189 230 3 8 33
214 2099189 230 0 8 16
215 2099189 230 0 3 136
216 2099189 230 8 4 78
217 2102531 231 4 6 2
218 2102531 231 5 6 6
219 2180650 233 7 5 3
220 2180650 233 7 4 1153
221 2180650 233 1 3 4
222 2217168 237 4 9 11
223 2217168 237 4 3 1
224 2219054 238 3 9 432
225 2230980 239 7 1 18
226 2230980 239 0 1 9
227 2314813 241 3 3 1
228 2314813 241 7 7 6
229 2314813 241 9 6 1
230 2314813 241 6 4 14
231 2314813 241 7 9 1226
232 2314813 241 1 8 1
233 2314813 241 3 0 9
234 2314813 241 6 1 6
235 2314813 241 1 3 1
236 2315033 242 8 3 104
237 2335820 256 4 0 18
238 2378464 259 8 5 600
239 2378464 259 5 7 25
240 2378464 259 9 1 891
241 2378464 259 0 1 891
242 2471022 262 2 1 30
243 2471022 262 3 3 1
244 2471022 262 2 8 7
245 2471022 262 3 0 9
246 2471022 262 9 4 1
247 2471022 262 3 4 1
248 2471022 262 4 4 12
249 2471022 262 9 1 30
250 2489321 266 3 10 42
251 2514306 272 1 5 106
252 2514996 273 6 9 4
253 2515659 275 0 3 2062
254 2534155 282 8 1 106
255 2547392 285 4 3 17
256 2693361 287 8 10 7
257 2693361 287 4 6 24
258 2693361 287 5 9 1
259 2693361 287 6 7 807
260 2693361 287 2 9 1
261 2693361 287 3 6 24
262 2693361 287 3 9 1
263 2693361 287 1 0 5
264 2693361 287 0 8 11
265 2693361 287 1 3 5
266 2693361 287 6 8 5
267 2747779 291 8 0 6
268 2747779 291 5 3 9080
269 2747779 291 10 1 2688
270 2747779 291 10 6 1228
271 2747779 291 7 0 3
272 2747779 291 1 9 1096
273 2747779 291 2 6 1228
274 2747779 291 9 5 25
275 2797661 292 0 1 197
276 2797661 292 0 0 6
277 2797661 292 7 6 106
278 2797661 292 9 8 218
279 2797661 292 3 8 654
280 2801448 293 8 1 87
281 2805536 295 6 4 6
282 2832031 298 9 1 12
283 2832031 298 9 7 60
284 2832031 298 1 5 75
285 2832031 298 1 3 1
286 2832031 298 9 5 37
287 2894229 303 8 10 14
288 2938378 307 5 4 3332
289 2949831 308 6 4 147
290 2949831 308 6 1 147
291 2955500 310 10 6 6
292 2955500 310 7 6 6
293 3047270 317 4 1 14
294 3047270 317 2 3 54
295 3047270 317 8 8 83
296 3047270 317 5 9 21
297 3047270 317 3 8 167
298 3047270 317 1 9 27
299 3047270 317 1 4 32
300 3047270 317 7 3 54
301 3047270 317 2 9 16
302 3047270 317 6 9 10
303 3047270 317 9 2 565
304 3047270 317 0 5 1929
305 3047270 317 7 0 4
306 3050017 318 2 7 11
307 3053908 320 5 0 8093
308 3054490 321 1 5 3080
309 3075483 324 2 5 510
310 3075483 324 6 5 7
311 3078316 326 7 7 118
312 3084935 327 3 3 686
313 3119517 328 7 8 44
314 3119517 328 0 8 44
315 3119517 328 2 9 2
316 3119517 328 1 3 1
317 3132290 330 0 6 47
318 3132290 330 0 4 194
319 3132292 331 3 3 56
320 3154701 338 1 5 37
321 3177098 339 9 3 1290
322 3177098 339 1 5 856
323 3177098 339 10 2 2880
324 3212124 340 7 1 11
325 3212124 340 6 0 20
326 3212124 340 0 9 15
327 3212124 340 0 4 1
328 3212124 340 6 1 3
329 3212124 340 2 3 126
330 3212124 340 2 8 1806
331 3212124 340 6 2 7
332 3230889 346 0 5 489
333 3237067 349 1 6 568
334 3241059 350 9 6 38
335 3243201 351 8 1 221
336 3254822 353 0 5 7115
337 3264610 358 1 8 49
338 3265266 359 6 9 55
339 3317303 369 10 9 168
340 3351144 370 10 2 9
341 3351144 370 4 2 1
342 3351144 370 6 5 4
343 3351144 370 1 10 35
344 3351144 370 0 8 6
345 3351144 370 0 5 1
346 3357352 374 7 10 23
347 3385017 380 10 0 984
348 3385017 380 10 2 57
349 3424062 388 7 2 3
350 3424062 388 0 7 60
351 3424062 388 0 8 3
352 3424062 388 7 10 17
353 3424062 388 0 9 4765
354 3505570 390 10 8 767
355 3505570 390 6 6 114
356 3505570 390 6 8 767
357 3505570 390 1 0 29
358 3534628 392 0 4 427
359 3534628 392 10 4 1281
360 3538615 394 2 4 16746
361 3638397 395 7 0 440
362 3638397 395 4 9 2555
363 3638397 395 10 2 2
364 3638397 395 1 6 27
365 3638397 395 7 1 1
366 3638397 395 7 3 10
367 3638397 395 4 8 33
368 3638397 395 3 9 10223
369 3638397 395 9 4 1
370 3638397 395 5 8 66
371 3692224 402 2 2 7
372 3692224 402 9 5 65
373 3698800 405 2 5 15
374 3720032 407 2 2 73
375 3790047 409 2 5 3188
376 3790047 409 1 7 15
377 3790047 409 6 4 2
378 3790047 409 6 3 65
379 3790047 409 10 1 542
380 3790047 409 1 10 10
381 3790047 409 6 7 1
382 3790047 409 8 5 797
383 3790047 409 10 8 13
384 3793314 410 2 3 1
385 3793314 410 6 3 1
386 3828116 413 2 1 168
387 3828116 413 2 9 66
388 3828116 413 9 9 16
389 3836149 419 6 1 60
390 3842711 420 6 10 64
391 3873611 424 7 9 6021
392 3998297 428 8 7 1
393 3998297 428 0 10 4
394 3998297 428 3 10 4
395 3998297 428 1 8 2
396 3998297 428 7 6 2
397 3998297 428 0 9 1
398 3998297 428 2 6 1
399 3998297 428 6 2 1
400 3998297 428 5 10 4
401 3998297 428 3 5 822
402 3998297 428 8 1 7352
403 3998297 428 1 2 17
404 3998297 428 10 5 822
405 3998297 428 7 1 110959
406 3998297 428 7 9 1
407 3998441 429 0 6 415
408 4068211 430 7 6 381
409 4068211 430 9 4 67
410 4073416 432 7 7 22
411 4076737 434 9 2 74
412 4085389 435 6 0 163
413 4094452 440 0 3 120
414 4094452 440 4 10 4
415 4094452 440 6 3 60
416 4101706 443 6 10 95
417 4101706 443 6 7 3945
418 4110367 445 10 6 2
419 4111024 446 8 4 28
420 4113531 447 3 1 17
421 4115059 448 10 1 2
422 4128075 456 6 5 8547
423 4183442 457 6 6 6
424 4183442 457 1 0 25
425 4183442 457 6 0 25
426 4189343 458 2 4 1978
427 4209906 460 1 1 356
428 4263971 461 0 8 9
429 4263971 461 4 7 1
430 4263971 461 7 10 1
431 4263971 461 4 6 122
432 4263971 461 8 7 1
433 4263971 461 0 2 5
434 4268646 463 2 0 60
435 4271391 465 0 0 7
436 4440816 466 8 9 4
437 4440816 466 3 6 8
438 4440816 466 0 1 14
439 4440816 466 2 8 1
440 4440816 466 4 2 50
441 4440816 466 5 3 3602
442 4440816 466 8 8 1
443 4440816 466 4 3 1801
444 4440816 466 4 7 1
445 4440816 466 0 3 1801
446 4440816 466 5 10 4
447 4440816 466 6 3 1801
448 4440816 466 5 4 217
449 4440816 466 9 10 12
450 4440816 466 6 8 1
451 4440816 466 8 5 1
452 4482762 467 10 1 1
453 4482762 467 6 0 430
454 4482762 467 5 0 430
455 4494276 468 7 0 6237
456 4494276 468 7 8 13074
457 4506492 471 6 10 923
458 4506492 471 4 10 7385
459 4565760 473 7 3 14
460 4565760 473 2 5 68
461 4565760 473 8 6 5
462 4565760 473 6 8 52
463 4565760 473 0 2 7
464 4712890 475 10 10 5
465 4712890 475 1 6 11
466 4712890 475 1 0 6
467 4712890 475 6 3 1
468 4712890 475 2 2 1
469 4712890 475 4 0 1
470 4712890 475 8 7 4
471 4712890 475 6 7 85
472 4712890 475 2 0 1
473 4712890 475 8 4 1
474 4712890 475 8 2 3
475 4712890 475 6 0 2
476 4712890 475 2 6 1
477 4712890 475 8 9 5
478 4712890 475 4 4 1
479 4712890 475 9 5 2
480 4712890 475 3 1 3
481 4712890 475 2 10 51
482 4728746 477 2 2 17757
483 4728746 477 2 7 60
484 4768011 487 5 5 33572
485 4768011 487 5 6 23
486 4786586 489 8 10 15052
487 4790943 491 10 10 39
488 4794491 492 8 7 3095
489 4935673 498 3 6 1
490 4935673 498 4 4 100
491 4935673 498 8 8 514
492 4935673 498 4 0 10
493 4935673 498 2 8 514
494 4935673 498 6 8 514
495 4935673 498 9 6 1
496 4935673 498 2 1 17
497 4935673 498 7 4 50
498 4935673 498 5 4 50
499 4935673 498 7 0 10
500 4935673 498 0 6 1
501 4947111 499 7 7 71
502 4947111 499 7 4 225
503 4947415 500 3 0 227
504 4958136 504 3 9 1629
505 5037553 507 3 0 15
506 5037553 507 0 9 7
507 5037553 507 4 2 120
508 5037553 507 9 1 1
509 5037553 507 10 4 1429
510 5037553 507 7 10 178
511 5037553 507 2 9 7
512 5037553 507 2 10 89
513 5068746 510 7 5 3
514 5068746 510 7 0 47
515 5068746 510 6 9 1
516 5068746 510 6 7 383
517 5068746 510 7 1 5
518 5069835 512 2 3 5300
519 5151847 513 10 9 20
520 5151847 513 3 2 6
521 5151847 513 4 0 1
522 5151847 513 4 7 11
523 5151847 513 1 8 5049
524 5151847 513 2 7 5
525 5151847 513 4 8 1009
526 5151847 513 5 7 35
527 5151847 513 9 0 1
528 5168932 516 3 3 1
529 5168932 516 5 3 1
530 5176186 523 8 2 3
531 5186600 527 5 0 238
532 5187341 528 3 7 128
533 5188171 529 9 9 374
534 5209986 537 9 10 88
535 5209986 537 2 10 22
536 5211140 538 4 8 3
537 5232084 542 1 1 3993
538 5245360 547 4 1 2357
539 5245360 547 4 7 18
540 5248346 549 8 5 792
541 5258959 550 4 6 31
542 5258959 550 1 6 6
543 5278006 551 4 1 3
544 5278006 551 7 9 4879
545 5282987 552 10 0 76
546 5428730 555 6 6 23
547 5428730 555 0 9 2
548 5428730 555 2 0 2
549 5428730 555 5 5 1
550 5428730 555 7 0 1
551 5428730 555 5 3 202
552 5428730 555 8 10 1
553 5428730 555 0 3 202
554 5428730 555 7 9 2
555 5428730 555 1 1 95
556 5428730 555 10 3 607
557 5428730 555 0 5 3
558 5428730 555 10 5 1
559 5428730 555 1 8 7
560 5428730 555 5 1 95
561 5428730 555 6 9 35
562 5481200 556 9 0 1
563 5481200 556 8 8 765
564 5481200 556 8 10 335
565 5493233 557 3 9 238
566 5493233 557 3 6 36
567 5493233 557 3 2 52
568 5531998 562 10 2 37
569 5545902 563 10 7 235
570 5549928 564 4 9 23
571 5556747 565 1 10 1219
572 5557407 566 3 6 39
573 5557423 567 1 5 9237
574 5614253 569 0 6 5
575 5614253 569 9 6 87
576 5614253 569 8 2 26
577 5614253 569 5 3 1
578 5614253 569 6 3 21
579 5614253 569 2 6 1
580 5628339 575 1 8 15
581 5671334 576 6 9 146
582 5671334 576 0 2 51
583 5671334 576 6 1 1
584 5671334 576 10 0 51
585 5671334 576 0 3 30
586 5671334 576 10 1 1
587 5671334 576 6 3 30
588 5717911 583 6 1 2272
589 5730688 588 4 5 688
590 5740789 591 5 10 34
591 5740789 591 9 1 1
592 5750263 596 9 1 190
593 5750949 597 7 4 43
594 5798994 602 6 2 848
595 5798994 602 8 2 848
596 5798994 602 6 1 81
597 5817971 606 10 1 70
598 5835732 611 8 8 990
599 5835732 611 1 2 8
600 5961858 612 8 5 120
601 5961858 612 9 1 13
602 5961858 612 3 5 120
603 5961858 612 9 2 1346
604 5961858 612 3 4 26
605 5961858 612 3 9 1
606 5961858 612 7 9 1
607 5961858 612 1 2 897
608 5961858 612 7 4 26
609 5961858 612 10 0 142
610 5961858 612 4 9 1
611 5961858 612 2 9 14
612 5961858 612 9 0 1427
613 5961858 612 4 7 2539
614 5961858 612 0 7 2539
615 5972462 613 3 9 4062
616 5972774 614 6 5 252
617 6091605 616 6 4 1
618 6091605 616 1 10 3419
619 6091605 616 9 2 1
620 6091605 616 10 6 36
621 6091605 616 8 8 1
622 6091605 616 1 9 5
623 6091605 616 4 2 11
624 6091605 616 3 6 36
625 6091605 616 2 1 1
626 6091605 616 4 4 78
627 6091605 616 9 1 1
628 6091605 616 4 3 20
629 6091605 616 1 8 1
630 6091605 616 2 6 72
631 6099695 618 7 8 12
632 6099695 618 2 8 38
633 6112158 621 2 8 37
634 6115546 624 3 5 14198
635 6115546 624 8 5 2839
636 6115546 624 0 5 2839
637 6132286 626 2 7 117
638 6135586 627 1 4 258
639 6149171 628 1 6 127
640 6149171 628 1 1 107
641 6149171 628 1 2 47
642 6165737 632 7 1 1214
643 6191743 633 5 2 6
644 6191743 633 5 5 19724
645 6191743 633 5 0 4797
646 6197418 634 7 2 95
647 6197418 634 7 3 109
648 6204769 635 5 7 192
649 6204769 635 5 5 334
650 6220427 638 2 7 203
651 6220427 638 4 1 10
652 6222430 642 9 1 5170
653 6295582 644 6 8 1817
654 6295582 644 2 6 1
655 6295582 644 8 6 1
656 6295582 644 2 9 27
657 6295582 644 1 3 10
658 6295582 644 3 1 748
659 6295582 644 1 4 647
660 6295582 644 8 10 22
661 6295582 644 4 10 1
662 6295582 644 7 3 21
663 6295582 644 3 0 8
664 6295582 644 1 6 1
665 6295582 644 5 4 647
666 6295582 644 0 2 152
667 6295582 644 9 3 64
668 6304728 654 7 5 44
669 6308289 658 0 3 6037
670 6319834 662 4 4 2
671 6431702 671 0 4 671
672 6431702 671 4 6 8
673 6431702 671 0 8 5
674 6431702 671 10 8 5
675 6431702 671 10 1 238
676 6431702 671 8 7 1
677 6435252 673 9 1 956
678 6451736 675 2 7 2702
679 6553471 683 4 0 4
680 6553471 683 6 1 50
681 6553471 683 5 1 25
682 6553471 683 2 9 30
683 6553471 683 1 10 32
684 6553471 683 6 4 638
685 6553471 683 8 8 5
686 6553471 683 8 7 548
687 6553471 683 1 5 4
688 6560537 687 2 8 23
689 6560537 687 0 2 16
690 6560537 687 0 8 15
691 6560537 687 10 7 98
692 6560537 687 7 2 16
693 6577050 689 8 4 318
694 6617910 690 4 2 11
695 6617910 690 8 2 3
696 6617910 690 4 6 73
697 6617910 690 8 0 3850
698 6619652 691 2 2 49
699 6652883 692 2 10 12
700 6652883 692 2 6 43
701 6652883 692 10 7 4345
702 6821790 695 10 2 1587
703 6821790 695 1 5 7
704 6821790 695 5 3 4
705 6821790 695 6 1 3
706 6821790 695 0 1 3
707 6821790 695 4 9 429
708 6821790 695 5 1 3
709 6821790 695 10 3 35
710 6821790 695 8 10 1
711 6821790 695 6 0 64
712 6821790 695 0 5 14
713 6821790 695 1 2 1587
714 6821790 695 8 3 26
715 6821790 695 3 2 793
716 6821790 695 4 10 1
717 6821790 695 8 6 145
718 6821790 695 9 1 7
719 6864170 698 10 9 66
720 6864170 698 5 1 3
721 6864170 698 5 10 32
722 6864170 698 2 1 3
723 6864170 698 10 10 32
724 6864170 698 2 0 22
725 6883211 701 2 9 1
726 6883211 701 9 2 76
727 6914100 702 3 2 56
728 6945275 703 2 5 40
729 6945275 703 9 0 37
730 6945275 703 2 9 325
731 6945275 703 9 4 57
732 6971565 710 3 0 36
733 6971565 710 3 1 44
734 6983813 713 0 6 9483
735 6989825 714 10 2 29274
736 6989825 714 5 4 563
737 6995639 717 9 7 35
738 7053521 718 0 9 31
739 7053521 718 1 7 17
740 7053521 718 7 1 13
741 7053521 718 2 4 27
742 7053521 718 7 3 15
743 7053521 718 6 5 175
744 7053521 718 8 9 31
745 7053521 718 0 5 87
746 7081340 723 3 0 39
747 7081340 723 3 2 3584
748 7081340 723 3 4 523
749 7091971 724 6 1 111
750 7091971 724 6 8 63
751 7091971 724 6 7 124
752 7091971 724 6 5 1502
753 7105841 727 10 0 769
754 7105841 727 6 7 2
755 7107945 729 1 6 6073
756 7112832 731 2 10 8
757 7148308 732 7 8 39
758 7184654 735 6 9 10
759 7184654 735 9 7 1348
760 7184654 735 9 10 136
761 7184654 735 6 3 8
762 7293613 741 1 9 119
763 7293613 741 0 0 15797
764 7293613 741 10 9 44
765 7293613 741 4 2 9
766 7293613 741 3 7 2
767 7293613 741 9 2 3
768 7293613 741 1 10 2
769 7293613 741 8 5 28
770 7293613 741 8 10 2
771 7293613 741 5 2 3
772 7309504 744 6 3 1
773 7311356 747 8 5 26
774 7312884 748 5 8 56
775 7326701 749 4 9 1
776 7400055 751 3 7 14
777 7400055 751 2 0 47
778 7400055 751 6 10 17
779 7400055 751 7 1 30
780 7400055 751 0 2 119
781 7400055 751 3 9 108
782 7400055 751 8 6 55
783 7413371 752 1 0 168
784 7414797 754 0 1 40
785 7432208 755 9 0 195
786 7432208 755 9 8 92
787 7432208 755 9 2 84
788 7433774 756 7 0 152
789 7511638 766 0 3 1
790 7511638 766 1 4 16
791 7511638 766 1 6 172
792 7543944 768 0 3 102
793 7543944 768 0 2 36
794 7543944 768 8 2 620
795 7543944 768 8 8 1321
796 7545005 771 0 3 264
797 7554519 773 4 10 87
798 7554519 773 3 10 17
799 7562630 776 6 10 137
800 7573480 778 6 9 7
801 7583029 780 9 8 6604
802 7583029 780 1 5 14
803 7588081 782 0 4 1
804 7589288 784 4 10 191
805 7604030 790 7 8 37
806 7606059 794 4 6 74
807 7606767 795 3 7 39
808 7620927 798 4 0 65
809 7620927 798 4 5 6106
810 7620927 798 4 6 33
811 7626094 803 8 3 11335
812 7637624 804 4 10 98
813 7637624 804 4 0 117
814 7641070 805 1 6 154
815 7648585 810 3 7 472
816 7651108 814 1 3 170
817 7669698 817 7 3 1577
818 7670769 818 9 4 82
819 7672863 819 7 3 21
820 7672863 819 4 3 21
821 7817623 822 5 7 138
822 7817623 822 3 9 9
823 7817623 822 10 0 1
824 7817623 822 8 3 13
825 7817623 822 10 8 239
826 7817623 822 4 8 239
827 7817623 822 9 8 239
828 7817623 822 0 1 1
829 7817623 822 3 10 9
830 7817623 822 7 4 1
831 7817623 822 2 3 5
832 7817623 822 7 8 479
833 7817623 822 4 2 9
834 7817623 822 4 4 28
835 7932267 823 3 5 599
836 7932267 823 3 8 10
837 7932267 823 8 2 6
838 7932267 823 2 7 751
839 7932267 823 10 5 599
840 7932267 823 8 8 2
841 7932267 823 5 3 6
842 7932267 823 1 10 1
843 7932267 823 10 7 751
844 7932267 823 2 5 1797
845 7968602 825 6 5 16
846 7968602 825 1 8 63
847 7989207 830 2 1 24
848 7989207 830 2 7 448
849 8015566 833 7 3 83
850 8015566 833 7 1 62
851 8015566 833 7 10 8
852 8015566 833 7 7 1338
853 8032414 834 8 4 9
854 8032414 834 9 4 61
855 8038564 837 6 9 79
856 8042315 840 10 1 81
857 8043543 841 10 5 4815
858 8059203 842 1 3 757
859 8066126 844 2 9 283
860 8071608 845 10 7 4
861 8082392 848 8 4 118
862 8120842 859 6 9 148
863 8120842 859 6 6 60
864 8120842 859 6 4 66
865 8222332 864 3 4 5
866 8222332 864 10 9 35
867 8222332 864 2 8 113
868 8222332 864 5 6 17
869 8222332 864 10 5 15
870 8222332 864 0 6 8
871 8226625 867 7 3 60
872 8226625 867 2 3 81
873 8232567 870 8 10 22
874 8243121 871 1 9 3
875 8263106 874 2 1 40
876 8284135 881 4 2 561
877 8284135 881 1 2 561
878 8285356 883 1 6 102
879 8347857 886 3 8 20
880 8347857 886 8 0 29
881 8347857 886 8 8 20
882 8347857 886 9 5 77
883 8347857 886 1 9 2254
884 8347857 886 0 1 11
885 8347857 886 4 6 555
886 8347857 886 8 4 1
887 8347857 886 3 0 14
888 8359121 888 10 6 3020
889 8367535 892 10 7 320
890 8368697 893 8 3 795
891 8422198 894 0 9 35
892 8422198 894 8 5 30
893 8422198 894 2 8 1
894 8422198 894 6 7 54
895 8422198 894 8 10 133
896 8458654 896 9 10 16
897 8458654 896 4 2 38
898 8475991 899 6 6 12658
899 8485884 901 4 2 30
900 8504653 903 1 2 22
901 8504653 903 1 7 111
902 8542490 907 4 0 36
903 8542490 907 2 3 18
904 8543217 908 1 0 165
905 8567282 911 6 0 1365
906 8567282 911 5 0 682
907 8591645 916 0 3 49
908 8608262 919 1 1 1
909 8611220 920 2 10 8
910 8647605 927 7 0 85
911 8649058 928 0 10 51
912 8791533 929 6 5 227
913 8791533 929 0 4 878
914 8791533 929 10 1 1
915 8791533 929 4 1 2
916 8791533 929 5 10 1
917 8791533 929 10 2 4
918 8791533 929 6 2 42
919 8791533 929 3 4 878
920 8791533 929 1 2 12
921 8791533 929 2 1 1
922 8791533 929 4 7 2
923 8791533 929 2 2 8
924 8791533 929 8 0 25
925 8791533 929 7 2 8
926 8875965 930 7 1 14
927 8875965 930 7 7 73
928 8875965 930 5 6 13
929 8875965 930 0 8 309
930 8875965 930 1 2 43
931 8875965 930 0 2 7
932 8952214 931 4 1 10
933 8952214 931 1 4 909
934 8952214 931 5 1 10
935 8952214 931 7 1 10
936 8952214 931 3 9 2119
937 9002668 932 10 9 4
938 9002668 932 6 3 3
939 9002668 932 10 6 4
940 9002668 932 7 1 6232
941 9002668 932 6 8 20
942 9011323 935 5 1 1573
943 9011323 935 3 1 1573
944 9025462 939 8 8 28526
945 9033605 940 0 5 111
946 9033605 940 0 8 217
947 9033605 940 0 3 11398
948 9033605 940 0 6 15144
949 9168808 941 0 8 5
950 9168808 941 3 3 2
951 9168808 941 4 6 2
952 9168808 941 6 4 1
953 9168808 941 5 1 192
954 9168808 941 9 7 1
955 9168808 941 9 5 13
956 9168808 941 2 10 18
957 9168808 941 7 7 2
958 9168808 941 0 5 13
959 9168808 941 4 5 41
960 9168808 941 3 10 18
961 9168808 941 8 0 5
962 9168808 941 2 8 2
963 9168808 941 10 3 1
964 9168808 941 3 1 384
965 9168808 941 10 2 2
966 9174409 946 1 9 112
967 9187447 948 1 6 11083
968 9215475 957 8 9 17
969 9234568 959 10 1 1320
970 9234568 959 10 3 152
971 9234568 959 10 6 11
972 9248573 961 0 5 343
973 9248573 961 4 5 343
974 9248573 961 8 5 343
975 9348674 967 7 7 243
976 9348674 967 6 4 14
977 9348674 967 7 10 40
978 9348674 967 5 7 486
979 9348674 967 0 0 9
980 9348674 967 0 8 44
981 9348674 967 1 1 369
982 9361277 970 8 4 16
983 9366388 971 0 8 30
984 9378675 972 10 4 228
985 9378675 972 10 7 53
986 9404353 973 2 8 1312
987 9404353 973 0 5 2131
988 9404353 973 2 7 85545
989 9408298 975 8 8 3
990 9411808 977 2 2 5970
991 9412179 978 5 5 281
992 9454242 993 4 5 84
993 9454242 993 4 0 4812
994 9475153 994 2 1 1
995 9475153 994 0 1 28
996 9475153 994 6 5 97
997 9475153 994 10 0 3
998 9475153 994 5 4 38
999 9496587 999 8 2 26
