11 344 1000
0 17217 0 9 1 6
1 17217 0 1 1 3
2 17217 0 1 10 471
3 17527 1 9 1 33309
4 65710 3 9 4 3213
5 65710 3 5 8 197
6 65710 3 9 10 1871
7 77233 5 9 8 2075
8 86959 8 10 0 624
9 120112 9 7 9 45
10 120112 9 4 6 70
11 120112 9 7 6 23
12 130392 12 6 2 40
13 130392 12 3 2 8
14 168617 13 3 9 2319
15 168617 13 10 5 13
16 168617 13 1 8 1
17 168617 13 10 4 340
18 168617 13 5 10 495
19 168617 13 7 9 48707
20 220596 17 2 7 2
21 220596 17 5 7 2
22 220596 17 9 3 46
23 220596 17 7 7 2
24 230164 18 1 0 61
25 230164 18 1 5 253
26 258936 21 4 8 86
27 258936 21 4 9 47
28 264353 24 7 4 6073
29 269090 25 3 0 5933
30 279604 27 1 0 130
31 279604 27 0 0 1040
32 304772 29 10 10 175
33 304772 29 2 5 28
34 316906 33 8 7 56
35 333713 37 8 0 25
36 333713 37 4 0 25
37 333713 37 8 10 4
38 344379 38 10 1 381
39 344379 38 2 1 190
40 353114 40 0 1 119
41 363714 41 10 6 244
42 363714 41 10 0 90
43 376226 48 8 8 26
44 388488 50 1 3 14
45 388488 50 2 10 3160
46 388488 50 2 0 44
47 491538 51 9 8 1
48 491538 51 7 4 15
49 491538 51 9 9 1
50 491538 51 8 9 1
51 491538 51 9 4 31
52 491538 51 0 6 1
53 491538 51 3 3 15
54 491538 51 3 0 10
55 491538 51 8 10 1
56 491538 51 0 5 33
57 491538 51 8 6 51
58 500223 57 7 9 705
59 554637 59 2 5 14
60 554637 59 5 3 63
61 554637 59 5 7 26
62 554637 59 8 4 6
63 554637 59 5 0 2
64 554637 59 5 9 36
65 565392 62 8 5 5726
66 571510 65 7 7 118
67 583979 66 0 10 2896
68 588762 69 5 1 15911
69 622504 72 6 0 6120
70 622826 73 6 6 58
71 687583 75 2 9 1
72 687583 75 7 9 1
73 687583 75 2 4 1
74 687583 75 5 7 10
75 687583 75 6 1 591
76 687583 75 6 9 1
77 687583 75 9 9 33
78 687583 75 1 6 163
79 687583 75 4 8 1
80 687583 75 9 7 1
81 687583 75 10 7 1
82 701406 79 3 3 38
83 703342 81 0 6 119
84 790540 84 3 0 7
85 790540 84 7 8 1
86 790540 84 6 1 8
87 790540 84 7 4 5
88 790540 84 10 7 43
89 790540 84 3 1 24
90 790540 84 10 5 4
91 790540 84 2 10 6
92 790540 84 3 2 308
93 790540 84 4 5 4
94 790540 84 6 8 1
95 790540 84 3 8 1
96 792125 87 5 7 210
97 821385 91 6 2 2201
98 821564 92 9 0 133
99 827142 93 9 10 67
100 834654 94 8 5 756
101 851788 97 4 9 1843
102 851788 97 2 9 3687
103 851788 97 9 9 1843
104 899510 99 0 2 19
105 899510 99 7 1 40
106 899510 99 7 0 1829
107 899510 99 9 7 12
108 899510 99 0 6 10
109 981309 102 1 3 5
110 981309 102 3 9 9
111 981309 102 3 10 21
112 981309 102 10 5 57
113 981309 102 10 3 5
114 981309 102 8 3 17
115 981309 102 6 5 14
116 981309 102 9 4 16
117 981309 102 4 0 35
118 981309 102 10 1 3
119 989123 103 9 5 13
120 995592 104 4 10 38979
121 1035680 108 6 4 68
122 1035680 108 2 2 1
123 1035680 108 3 0 226
124 1035680 108 0 7 4
125 1035680 108 2 0 226
126 1035680 108 4 0 226
127 1040674 110 3 9 116
128 1065913 117 0 2 132816
129 1065913 117 0 4 101
130 1065913 117 0 1 35
131 1077912 118 5 7 55
132 1080235 120 1 7 62
133 1125731 132 8 1 6
134 1154278 136 1 8 15
135 1154278 136 8 9 9
136 1154278 136 8 1 94
137 1220138 137 1 7 3
138 1220138 137 6 0 4
139 1220138 137 0 4 199
140 1220138 137 9 7 3
141 1220138 137 5 1 12
142 1220138 137 8 9 6410
143 1220138 137 9 4 99
144 1226772 139 10 1 50
145 1229915 142 3 3 77
146 1242133 144 0 4 125
147 1257865 146 3 8 333
148 1257865 146 7 9 50
149 1258619 147 9 6 19051
150 1262651 148 2 10 21
151 1272505 150 2 3 66
152 1347536 154 3 8 261
153 1347536 154 4 5 69
154 1347536 154 1 10 17
155 1347536 154 4 8 43
156 1347536 154 4 1 16
157 1347536 154 10 4 91
158 1348204 155 1 7 3
159 1431846 160 6 9 4
160 1431846 160 3 2 843
161 1431846 160 4 10 11
162 1431846 160 4 0 11
163 1460481 162 2 10 75
164 1460481 162 8 10 5
165 1460481 162 7 7 675
166 1460481 162 6 0 1899
167 1460481 162 10 6 14
168 1460481 162 0 7 1351
169 1460481 162 10 4 15
170 1460481 162 5 7 225
171 1460481 162 6 4 92
172 1460481 162 2 4 15
173 1463405 164 6 8 11399
174 1473965 165 9 5 110
175 1473965 165 7 4 29
176 1473965 165 8 3 93
177 1473965 165 6 5 220
178 1478608 168 6 2 30
179 1478608 168 7 2 30
180 1478608 168 1 2 15
181 1511060 174 7 2 9
182 1511060 174 2 3 36
183 1511060 174 1 3 36
184 1539368 177 3 4 23
185 1539368 177 0 5 42
186 1539368 177 0 3 10858
187 1559120 187 7 1 15
188 1559120 187 9 9 71
189 1561314 189 1 7 16203
190 1566513 190 10 10 8155
191 1577586 192 3 8 53
192 1577586 192 3 0 139
193 1579651 194 5 3 4
194 1642546 198 4 5 9
195 1642546 198 9 2 2
196 1642546 198 1 2 2
197 1642546 198 9 4 4
198 1642851 199 7 0 72
199 1644313 201 5 5 64
200 1667315 203 8 6 48
201 1667315 203 7 5 4342
202 1683163 209 7 5 39
203 1701077 210 5 3 7
204 1713066 217 6 4 13
205 1733472 228 9 2 15
206 1763285 229 0 5 4
207 1763285 229 6 4 17
208 1763285 229 2 0 31
209 1763285 229 6 10 5
210 1763285 229 6 1 1
211 1763285 229 2 7 9
212 1799305 230 8 8 135
213 1799305 230 0 0 2
214 1799305 230 3 0 48
215 1799305 230 0 9 29
216 1799305 230 0 5 11
217 1802169 231 7 6 2
218 1869128 233 9 5 1
219 1869128 233 10 5 4
220 1869128 233 2 8 5
221 1869128 233 9 2 4
222 1869128 233 3 5 1
223 1869128 233 3 4 11532
224 1869128 233 5 5 4
225 1869128 233 9 6 6
226 1869128 233 10 10 9
227 1900430 237 10 10 82
228 1900430 237 10 1 11
229 1912269 239 5 1 9
230 1912269 239 7 1 18
231 1912269 239 0 1 9
232 1984125 241 7 9 1226
233 1984125 241 6 5 1682
234 1984125 241 3 0 9
235 1984125 241 7 3 1
236 1984125 241 7 10 1014
237 1984125 241 4 9 1226
238 1984125 241 3 4 28
239 1984125 241 7 7 6
240 1984125 241 9 8 23
241 1998683 253 0 6 55
242 2038683 259 9 3 623
243 2038683 259 4 7 25
244 2038683 259 7 1 2675
245 2038683 259 8 0 89
246 2118019 262 0 2 13
247 2118019 262 0 3 1
248 2118019 262 2 3 1
249 2118019 262 8 7 1
250 2118019 262 9 0 19
251 2118019 262 4 10 18
252 2118019 262 3 3 1
253 2118019 262 8 3 1
254 2118019 262 3 7 1
255 2129432 264 4 4 5132
256 2145034 269 4 8 138
257 2145034 269 4 9 210
258 2153513 271 1 7 8
259 2155119 272 1 5 106
260 2155711 273 6 9 4
261 2183479 285 4 10 220
262 2183479 285 4 9 314
263 2308595 287 3 0 5
264 2308595 287 4 5 2
265 2308595 287 6 5 4
266 2308595 287 10 7 807
267 2308595 287 10 3 5
268 2308595 287 1 6 48
269 2308595 287 3 3 23
270 2308595 287 10 10 61
271 2308595 287 0 7 1615
272 2308595 287 8 6 24
273 2308595 287 5 7 807
274 2308595 287 7 0 74
275 2308595 287 2 5 6
276 2308595 287 8 7 1615
277 2308595 287 9 0 1
278 2355239 291 8 2 34357
279 2355239 291 0 2 3435
280 2355239 291 10 1 2688
281 2355239 291 5 3 9080
282 2355239 291 5 8 8
283 2397995 292 7 0 6
284 2397995 292 2 10 1
285 2397995 292 1 0 6
286 2397995 292 7 8 218
287 2397995 292 5 8 218
288 2397995 292 8 0 6
289 2404745 295 5 4 1
290 2427455 298 9 3 134
291 2427455 298 1 0 21
292 2427455 298 9 6 844
293 2427455 298 9 7 60
294 2429200 299 9 6 1644
295 2431307 300 10 1 1505
296 2433862 302 2 8 113
297 2480768 303 1 8 973
298 2480768 303 2 0 2
299 2480768 303 8 9 204
300 2480768 303 8 0 1
301 2480768 303 0 10 14
302 2480768 303 2 2 1892
303 2510202 304 2 4 11
304 2510202 304 3 6 1731
305 2510202 304 3 3 9291
306 2517039 306 7 9 19562
307 2528426 308 6 2 3
308 2541502 311 2 10 76
309 2544501 315 2 10 1706
310 2611946 317 5 5 5789
311 2611946 317 5 3 54
312 2611946 317 8 3 382
313 2611946 317 3 9 5
314 2611946 317 6 4 10
315 2611946 317 0 1 14
316 2611946 317 6 5 3859
317 2636128 324 6 5 7
318 2636128 324 2 5 510
319 2636128 324 10 5 7
320 2673872 328 8 9 2
321 2673872 328 0 8 44
322 2673872 328 3 0 1
323 2673872 328 8 5 297
324 2675774 329 2 7 8
325 2675774 329 0 7 2
326 2675774 329 4 7 6
327 2684820 330 0 1 1349
328 2693798 335 1 7 96
329 2693798 335 1 0 231
330 2703425 337 4 4 1536
331 2703425 337 4 5 11902
332 2723227 339 0 3 215
333 2753249 340 5 2 3
334 2753249 340 5 3 126
335 2753249 340 3 4 5
336 2753249 340 9 1 3
337 2769333 346 1 5 1467
338 2774628 349 2 6 2272
339 2779886 351 8 1 221
340 2791835 355 0 6 29
341 2798237 358 0 4 7138
342 2814141 362 1 2 1
343 2814141 362 5 2 1
344 2818662 363 8 4 62
345 2818662 363 4 4 31
346 2819567 365 1 3 670
347 2826037 366 7 9 52
348 2843402 369 1 8 28
349 2843402 369 6 5 186
350 2843402 369 3 3 18
351 2843402 369 2 9 869
352 2843402 369 9 7 1
353 2872409 370 2 10 11
354 2872409 370 5 10 11
355 2872409 370 8 8 3
356 2914997 387 5 9 1
357 2934910 388 7 2 3
358 2934910 388 7 3 3122
359 2934910 388 7 0 709
360 2934910 388 7 5 19
361 2934910 388 0 2 35
362 3004774 390 9 5 6
363 3004774 390 4 3 596
364 3004774 390 8 8 767
365 3004774 390 1 3 298
366 3004774 390 4 5 20
367 3004774 390 2 9 6824
368 3004774 390 9 8 2301
369 3004774 390 3 1 10
370 3029681 392 4 4 427
371 3029681 392 8 4 427
372 3118626 395 8 8 33
373 3118626 395 7 2 1
374 3118626 395 3 3 21
375 3118626 395 8 10 31
376 3118626 395 7 0 440
377 3118626 395 9 9 2555
378 3118626 395 0 1 6
379 3118626 395 2 6 54
380 3118626 395 2 3 10
381 3124746 396 10 1 1216
382 3129232 399 5 7 15502
383 3134844 401 1 3 1192
384 3164763 402 2 1 907
385 3164763 402 2 5 49
386 3170400 405 9 5 62
387 3176060 406 4 0 35
388 3188599 407 2 9 3032
389 3188599 407 2 6 71
390 3248611 409 10 8 13
391 3248611 409 2 6 1
392 3248611 409 6 7 1
393 3248611 409 8 6 1
394 3248611 409 6 5 797
395 3248611 409 2 3 3
396 3248611 409 2 5 3188
397 3281243 413 9 8 10548
398 3288128 419 3 8 77
399 3288128 419 6 1 60
400 3293752 420 5 8 36
401 3294435 421 5 9 27455
402 3307451 422 2 7 9
403 3307451 422 5 3 54
404 3323300 426 5 10 30
405 3427112 428 8 8 2
406 3427112 428 4 0 1
407 3427112 428 7 2 2
408 3427112 428 2 9 5
409 3427112 428 2 6 1
410 3427112 428 9 10 4
411 3427112 428 0 9 1
412 3427112 428 2 1 668
413 3427112 428 10 10 4
414 3427112 428 5 0 1
415 3427112 428 8 10 8
416 3427112 428 8 9 1
417 3427112 428 5 9 3
418 3427112 428 7 3 3
419 3427112 428 8 3 7
420 3427112 428 5 8 2
421 3427112 428 8 2 2
422 3487038 430 1 8 4
423 3487038 430 3 8 1
424 3487038 430 3 1 3154
425 3487038 430 2 3 2
426 3487038 430 8 0 40
427 3501854 436 0 3 109
428 3505023 438 8 4 10191
429 3509530 440 4 2 100
430 3510867 441 7 3 52
431 3515748 443 6 0 121
432 3515748 443 6 9 43
433 3523172 445 10 6 2
434 3533122 452 1 10 36
435 3585807 457 2 6 6
436 3585807 457 2 1 1
437 3585807 457 7 1 3
438 3585807 457 4 4 1
439 3585807 457 2 10 5
440 3585807 457 1 0 25
441 3585807 457 6 6 6
442 3585807 457 2 4 1
443 3585807 457 10 1 3
444 3585807 457 6 5 32
445 3585807 457 0 5 64
446 3590865 458 4 4 1978
447 3654832 461 4 0 1
448 3654832 461 3 4 10
449 3654832 461 0 2 5
450 3654832 461 10 8 9
451 3654832 461 6 6 122
452 3654832 461 0 8 9
453 3654832 461 7 6 614
454 3658839 463 0 0 22
455 3806414 466 1 5 2
456 3806414 466 6 10 2
457 3806414 466 7 2 50
458 3806414 466 6 1 2
459 3806414 466 1 0 7
460 3806414 466 10 2 50
461 3806414 466 0 5 6
462 3806414 466 8 3 1801
463 3806414 466 7 7 1
464 3806414 466 6 5 1
465 3806414 466 9 3 1801
466 3806414 466 7 1 8
467 3806414 466 8 1 5
468 3842367 467 10 8 39
469 3842367 467 9 9 8
470 3842367 467 4 0 1291
471 3842367 467 5 8 7
472 3842367 467 1 8 7
473 3852236 468 7 9 22
474 3852236 468 7 5 422
475 3872784 472 8 0 14
476 3872784 472 6 0 14
477 3913509 473 1 7 66
478 3913509 473 1 2 15
479 3913509 473 6 6 5
480 3913509 473 5 2 23
481 3913509 473 10 8 52
482 3913509 473 2 7 26
483 3913509 473 2 9 4
484 3913509 473 8 6 5
485 4039620 475 10 2 3
486 4039620 475 2 5 2
487 4039620 475 8 1 3
488 4039620 475 0 9 5
489 4039620 475 5 5 15
490 4039620 475 4 3 1
491 4039620 475 4 2 3
492 4039620 475 2 10 51
493 4039620 475 4 1 6
494 4039620 475 9 5 2
495 4039620 475 4 9 5
496 4039620 475 3 10 5
497 4039620 475 9 6 1
498 4039620 475 1 6 11
499 4039620 475 8 2 3
500 4039620 475 3 2 1
501 4039620 475 2 4 8
502 4039620 475 9 10 15
503 4039620 475 7 1 10
504 4039620 475 9 2 6
505 4039620 475 6 7 85
506 4040913 476 8 10 15
507 4053211 477 2 9 103
508 4062808 479 0 9 1
509 4062808 479 1 9 1
510 4068838 482 4 2 222
511 4072024 484 3 10 209
512 4086866 487 5 1 65
513 4102788 489 0 4 48
514 4102788 489 0 1 222
515 4102788 489 9 8 8
516 4106522 491 2 10 39
517 4109564 492 8 7 3095
518 4111931 494 7 2 10
519 4113642 496 10 3 2626
520 4230576 498 5 5 702
521 4230576 498 4 1 17
522 4230576 498 4 7 7
523 4230576 498 6 7 7
524 4230576 498 7 10 39
525 4230576 498 3 8 514
526 4230576 498 8 7 7
527 4230576 498 4 5 175
528 4230576 498 8 4 50
529 4230576 498 7 2 9
530 4230576 498 10 7 7
531 4230576 498 7 3 9
532 4230576 498 5 10 13
533 4230576 498 9 4 50
534 4240381 499 7 9 100
535 4245099 502 2 6 191
536 4249831 504 10 3 26
537 4317903 507 8 2 17
538 4317903 507 2 5 199
539 4317903 507 5 3 2
540 4317903 507 9 2 5
541 4344640 510 7 8 7
542 4344640 510 6 4 1991
543 4344640 510 7 9 1
544 4344640 510 7 7 2681
545 4415869 513 3 8 1009
546 4415869 513 0 0 5
547 4415869 513 6 7 11
548 4415869 513 4 0 1
549 4415869 513 7 4 200
550 4415869 513 1 4 300
551 4415869 513 9 9 40
552 4415869 513 7 2 42
553 4415869 513 8 6 80
554 4430513 516 9 3 1
555 4430650 517 3 10 33396
556 4432874 519 5 10 44
557 4445657 527 5 0 238
558 4450712 533 9 4 779
559 4450712 533 4 4 779
560 4462637 535 9 1 238
561 4462637 535 2 1 59
562 4470765 541 4 3 230
563 4484643 542 1 3 210
564 4484643 542 1 8 84
565 4484643 542 1 2 138
566 4484643 542 1 5 33196
567 4484643 542 1 6 65
568 4496489 548 5 7 298
569 4498582 549 5 5 264
570 4498582 549 8 5 792
571 4507679 550 4 6 31
572 4507679 550 3 6 6
573 4507679 550 6 6 6
574 4524005 551 10 6 30
575 4524005 551 0 1 26
576 4653197 555 2 6 94
577 4653197 555 9 9 30
578 4653197 555 4 0 3
579 4653197 555 3 5 1
580 4653197 555 10 7 7
581 4653197 555 10 3 607
582 4653197 555 2 1 191
583 4653197 555 0 10 5
584 4653197 555 5 1 95
585 4653197 555 0 0 1
586 4653197 555 4 2 4380
587 4698172 556 5 1 2
588 4698172 556 10 1 1
589 4708486 557 3 3 26
590 4708486 557 3 4 51
591 4721280 558 1 7 123
592 4726007 560 2 2 8
593 4726007 560 6 0 10
594 4731589 561 7 10 28
595 4741713 562 10 8 7631
596 4753631 563 10 10 127
597 4762926 565 1 6 430
598 4762926 565 1 7 39
599 4762926 565 1 2 99585
600 4812217 569 0 7 1
601 4812217 569 8 6 1
602 4812217 569 4 10 73
603 4812217 569 3 0 26
604 4812217 569 4 8 1
605 4817942 573 1 5 19
606 4861143 576 0 6 27
607 4861143 576 0 4 74
608 4861143 576 6 7 65
609 4861143 576 1 2 102
610 4862411 577 8 0 1169
611 4890018 582 4 9 88
612 4890018 582 4 3 49
613 4890018 582 4 5 179
614 4901066 583 6 1 2272
615 4901066 583 6 5 15734
616 4902234 584 10 5 3971
617 4912018 588 4 2 98
618 4970566 602 8 5 30
619 4986833 606 10 6 184
620 4989362 608 8 4 11
621 4990407 610 1 3 27
622 5002056 611 10 2 8
623 5002056 611 8 8 990
624 5110164 612 7 4 26
625 5110164 612 3 2 448
626 5110164 612 1 8 17
627 5110164 612 1 1 3
628 5110164 612 6 5 240
629 5110164 612 1 2 897
630 5110164 612 1 9 14
631 5110164 612 6 3 1
632 5110164 612 10 6 3
633 5110164 612 0 1 3
634 5110164 612 10 9 31
635 5110164 612 3 5 120
636 5110164 612 4 3 1
637 5110164 612 5 6 1
638 5110164 612 2 6 40
639 5110164 612 5 2 448
640 5110164 612 4 9 1
641 5110164 612 8 10 5
642 5110164 612 10 2 448
643 5110164 612 10 1 6
644 5110164 612 7 2 448
645 5110164 612 2 5 120
646 5119253 613 3 2 20
647 5221376 616 10 0 494
648 5221376 616 4 1 1
649 5221376 616 8 5 11051
650 5221376 616 1 8 1
651 5221376 616 4 7 25228
652 5221376 616 8 4 1
653 5221376 616 2 4 1
654 5221376 616 6 0 494
655 5221376 616 3 0 988
656 5221376 616 1 6 36
657 5221376 616 9 8 1
658 5221376 616 7 8 3
659 5221376 616 6 7 5205
660 5221376 616 5 9 14
661 5221376 616 5 4 3
662 5221376 616 10 9 2
663 5221376 616 1 7 1201
664 5221376 616 10 2 2
665 5221376 616 9 6 36
666 5221376 616 10 8 6
667 5221376 616 8 8 1
668 5241897 624 1 5 2839
669 5256245 626 2 7 117
670 5256245 626 2 2 106
671 5270718 628 1 9 181
672 5307209 633 5 8 159
673 5307209 633 5 4 225
674 5331795 638 2 6 40
675 5396213 644 1 3 10
676 5396213 644 6 6 1
677 5396213 644 9 8 3635
678 5396213 644 0 9 136
679 5396213 644 9 3 64
680 5396213 644 4 4 647
681 5396213 644 4 0 8
682 5396213 644 7 0 8
683 5400977 648 9 2 178
684 5406956 657 7 3 56
685 5407105 658 0 3 6037
686 5407904 659 10 5 113
687 5512887 671 4 7 1
688 5512887 671 0 7 1
689 5512887 671 2 1 476
690 5512887 671 0 8 5
691 5512887 671 5 5 30
692 5514869 672 10 5 10
693 5515931 673 9 1 956
694 5530059 675 2 6 44
695 5530059 675 2 1 64
696 5530059 675 2 3 19475
697 5530059 675 2 7 2702
698 5533117 677 6 8 67
699 5538938 678 7 6 409
700 5548918 681 4 4 1319
701 5617261 683 5 5 82
702 5617261 683 4 9 123
703 5617261 683 0 8 5
704 5617261 683 7 8 11
705 5623318 687 5 7 16
706 5672494 690 4 1 1
707 5672494 690 0 10 48
708 5672494 690 4 8 300
709 5672494 690 8 0 3850
710 5712156 693 8 1 66
711 5712156 693 8 9 102
712 5847249 695 4 9 429
713 5847249 695 6 7 1
714 5847249 695 7 9 429
715 5847249 695 3 3 4
716 5847249 695 4 8 1
717 5847249 695 2 0 128
718 5847249 695 8 10 1
719 5847249 695 6 8 1
720 5847249 695 9 7 1
721 5847249 695 3 4 1
722 5847249 695 1 5 7
723 5847249 695 6 2 1587
724 5847249 695 1 3 4
725 5847249 695 7 7 1
726 5847249 695 3 2 793
727 5883575 698 2 2 153
728 5883575 698 2 6 13
729 5883575 698 2 8 8
730 5883575 698 10 7 2
731 5883575 698 5 8 43
732 5883575 698 5 4 89
733 5883575 698 10 2 25
734 5926372 702 0 6 22
735 5926372 702 0 7 163
736 5926372 702 3 2 56
737 5926372 702 4 10 74
738 5953093 703 2 6 38
739 5953093 703 9 0 37
740 5953093 703 9 8 52
741 5953093 703 2 2 4702
742 5985534 712 10 4 49
743 5986125 713 0 6 9483
744 5991278 714 2 8 105
745 5996262 717 9 7 35
746 6045875 718 2 9 31
747 6045875 718 6 3 15
748 6045875 718 0 1 39
749 6069720 723 6 6 66
750 6069720 723 6 1 1
751 6069720 723 6 5 29
752 6078832 724 6 8 63
753 6078832 724 6 0 16260
754 6095332 730 8 2 34
755 6127121 732 0 3 15
756 6127121 732 9 5 52
757 6127121 732 5 3 31
758 6158275 735 6 3 8
759 6158275 735 6 4 76
760 6158275 735 9 2 1
761 6158275 735 9 9 40
762 6168540 738 5 1 213
763 6180159 739 10 10 132
764 6180159 739 10 9 6031
765 6251668 741 9 5 11
766 6251668 741 4 9 14
767 6251668 741 9 2 3
768 6251668 741 10 9 44
769 6251668 741 10 4 33
770 6251668 741 3 7 2
771 6251668 741 10 7 2
772 6251668 741 8 2 3
773 6251668 741 5 9 14
774 6251668 741 7 4 33
775 6251668 741 10 0 1634
776 6251668 741 0 0 15797
777 6251668 741 8 9 44
778 6252538 742 7 10 31
779 6253826 743 2 8 31
780 6265289 744 6 8 1133
781 6265289 744 5 8 302
782 6280029 749 9 4 6
783 6280867 750 0 3 82
784 6342904 751 9 5 343
785 6342904 751 10 8 1
786 6342904 751 6 7 3
787 6342904 751 4 1 46
788 6342904 751 5 9 15
789 6342904 751 6 9 15
790 6354318 752 3 0 42
791 6355540 754 0 1 40
792 6387940 757 5 5 578
793 6387940 757 9 5 1734
794 6387940 757 3 0 7
795 6392395 759 10 3 11
796 6438547 766 1 6 172
797 6438547 766 2 7 7
798 6438547 766 4 4 32
799 6438547 766 4 10 7
800 6466238 768 8 1 41
801 6466238 768 8 10 47
802 6466238 768 8 8 1321
803 6475302 773 4 10 87
804 6478975 774 7 5 98
805 6484122 777 1 6 75
806 6491554 778 2 9 7
807 6491554 778 8 9 7
808 6516173 789 3 2 30
809 6521832 797 3 10 18
810 6532223 798 4 4 100
811 6532223 798 4 2 46
812 6533509 801 9 6 20
813 6536625 802 4 0 8
814 6536625 802 4 5 18
815 6566703 815 4 9 128
816 6576740 819 4 3 21
817 6700820 822 9 3 1
818 6700820 822 0 8 1679
819 6700820 822 7 2 12
820 6700820 822 0 5 26
821 6700820 822 4 7 138
822 6700820 822 7 4 1
823 6700820 822 10 1 1
824 6700820 822 10 9 1
825 6700820 822 6 5 26
826 6700820 822 3 2 3
827 6700820 822 3 6 4
828 6700820 822 6 7 8297
829 6700820 822 4 0 3
830 6700820 822 6 1 1
831 6700820 822 3 10 9
832 6700820 822 8 7 138
833 6700820 822 0 6 4
834 6799086 823 1 0 8
835 6799086 823 5 1 969
836 6799086 823 10 9 1
837 6799086 823 8 9 3
838 6799086 823 3 5 599
839 6799086 823 8 2 6
840 6799086 823 1 9 1
841 6799086 823 2 10 1
842 6830230 825 7 1 19
843 6830230 825 6 0 115
844 6830230 825 0 2 27
845 6830230 825 0 0 3
846 6830230 825 10 4 62
847 6830230 825 6 5 16
848 6870485 833 7 1 62
849 6884926 834 8 5 908
850 6884926 834 2 10 700
851 6907888 842 1 2 12
852 6907888 842 1 9 9530
853 6907888 842 1 3 757
854 6913822 844 1 9 851
855 6918521 845 2 7 4
856 6926943 846 5 3 96
857 6928665 849 9 10 39
858 6960722 859 6 4 66
859 6971288 861 3 7 1201
860 6981098 863 6 7 8
861 7047713 864 8 7 12
862 7047713 864 1 8 226
863 7047713 864 7 6 4
864 7047713 864 3 2 954
865 7047713 864 3 6 4
866 7047713 864 6 6 17
867 7047898 865 4 2 165
868 7065532 871 10 8 8344
869 7065532 871 5 8 758
870 7065532 871 5 9 3
871 7082662 874 2 10 51
872 7082662 874 2 8 183
873 7092494 878 9 6 46
874 7100687 881 6 2 1685
875 7102809 885 10 5 37
876 7155306 886 10 3 12
877 7155306 886 1 4 1
878 7155306 886 5 4 25
879 7155306 886 0 5 25
880 7164960 888 10 6 3020
881 7219027 894 0 10 33
882 7219027 894 8 10 133
883 7219027 894 8 4 18
884 7219027 894 6 9 71
885 7219027 894 2 4 56
886 7219027 894 0 8 1
887 7222656 895 3 9 18
888 7250275 896 10 3 3173
889 7250275 896 8 9 10
890 7250275 896 8 3 3173
891 7250275 896 1 3 1586
892 7273615 901 7 2 30
893 7273615 901 10 3 7420
894 7297620 905 8 8 95
895 7297620 905 2 8 95
896 7322134 907 2 7 3009
897 7322134 907 2 0 36
898 7332719 909 9 1 6168
899 7332719 909 9 4 1528
900 7355247 913 10 2 38
901 7378510 919 0 1 1
902 7381046 920 6 10 8
903 7385105 923 10 7 1223
904 7395920 924 0 6 1
905 7395920 924 6 6 3
906 7395920 924 10 6 1
907 7412233 927 7 0 85
908 7535600 929 9 3 3
909 7535600 929 0 10 1
910 7535600 929 10 0 10
911 7535600 929 0 8 4
912 7535600 929 0 9 8
913 7535600 929 2 3 13
914 7535600 929 3 1 1
915 7535600 929 6 4 878
916 7535600 929 1 9 8
917 7535600 929 7 3 3
918 7535600 929 0 2 4
919 7535600 929 8 9 4
920 7535600 929 6 3 3
921 7535600 929 2 10 30
922 7535600 929 3 3 3
923 7535600 929 5 9 4
924 7535600 929 4 8 4
925 7535600 929 4 0 7
926 7607970 930 10 3 15
927 7607970 930 3 7 10
928 7607970 930 0 5 22
929 7607970 930 3 0 2492
930 7607970 930 3 2 29
931 7607970 930 5 6 13
932 7607970 930 9 3 15
933 7607970 930 10 0 7476
934 7607970 930 1 0 2492
935 7673326 931 7 8 4
936 7673326 931 6 7 6
937 7673326 931 4 0 3169
938 7673326 931 4 1 10
939 7673326 931 5 5 349
940 7673326 931 4 4 909
941 7673326 931 7 1 10
942 7673326 931 1 9 2119
943 7716573 932 3 3 3
944 7716573 932 3 0 2
945 7716573 932 2 10 23
946 7716573 932 9 10 23
947 7716573 932 4 2 902
948 7716573 932 10 8 6
949 7723991 935 0 1 1573
950 7723991 935 3 1 1573
951 7726685 936 3 4 58
952 7736110 939 2 8 14263
953 7743090 940 0 8 217
954 7743090 940 0 1 55
955 7858979 941 10 6 10
956 7858979 941 2 0 5
957 7858979 941 3 3 2
958 7858979 941 4 5 41
959 7858979 941 0 5 13
960 7858979 941 7 9 1305
961 7858979 941 6 8 1
962 7858979 941 5 3 8
963 7858979 941 2 6 5
964 7858979 941 9 0 22
965 7858979 941 2 4 1
966 7858979 941 10 2 2
967 7858979 941 10 3 1
968 7858979 941 3 0 5
969 7858979 941 1 7 1
970 7858979 941 9 8 1
971 7859381 942 10 5 700
972 7860697 943 2 8 4884
973 7862101 944 8 1 104
974 7874954 948 8 6 3958
975 7915344 959 10 2 32
976 7915344 959 10 3 152
977 7927348 961 3 5 343
978 7927348 961 8 5 343
979 7927348 961 2 5 687
980 7927348 961 4 5 343
981 7927348 961 0 5 343
982 7932381 966 4 5 3957
983 8013149 967 1 0 9
984 8013149 967 5 4 14
985 8013149 967 4 3 16
986 8013149 967 7 0 29
987 8013149 967 5 1 1846
988 8013149 967 5 0 9
989 8013149 967 6 8 44
990 8023952 970 10 4 16
991 8038865 972 10 9 152
992 8038865 972 10 5 263
993 8038865 972 10 1 225
994 8067264 977 7 2 1705
995 8092572 992 0 10 8980
996 8121559 994 0 1 28
997 8121559 994 2 0 3
998 8121559 994 9 1 1
999 8136145 998 5 3 1030
