11 340 1000
0 40173 0 1 10 471
1 40173 0 9 6 12
2 153323 3 9 1 84
3 153323 3 5 10 935
4 153323 3 5 3 126
5 153323 3 5 5 113
6 153323 3 5 6 284
7 153323 3 9 10 1871
8 193383 7 1 4 57
9 280263 9 1 5 35
10 304250 12 3 2 8
11 393441 13 3 9 2319
12 393441 13 1 9 30152
13 393441 13 5 10 495
14 393441 13 8 1 265
15 393441 13 1 1 265
16 393441 13 7 9 48707
17 514725 17 9 8 1
18 514725 17 7 4 12
19 514725 17 5 10 1
20 514725 17 10 3 93
21 514725 17 2 3 46
22 514725 17 1 7 17
23 514725 17 6 9 1976
24 514725 17 2 7 2
25 514725 17 9 10 1
26 537049 18 1 8 1476
27 537049 18 1 6 36
28 543086 19 1 0 84
29 604186 21 3 3 9711
30 604186 21 4 7 86
31 604186 21 3 2 1009
32 616424 23 10 10 4218
33 711136 29 10 4 20
34 716611 30 2 6 11
35 730444 31 3 6 1
36 738376 32 6 4 72
37 738376 32 0 4 14
38 778664 37 0 8 6
39 803551 38 8 8 11723
40 848666 41 10 2 50
41 868286 44 1 2 89
42 868286 44 1 3 43
43 877862 48 10 8 53
44 906472 50 10 8 1
45 906472 50 2 0 44
46 906472 50 10 0 44
47 1146922 51 5 1 15
48 1146922 51 10 3 15
49 1146922 51 2 10 1
50 1146922 51 2 8 3
51 1146922 51 2 9 1
52 1146922 51 0 6 1
53 1146922 51 10 7 5
54 1146922 51 7 3 15
55 1154055 55 0 9 3923
56 1174636 58 8 2 1566
57 1294154 59 8 9 18
58 1294154 59 1 7 13
59 1294154 59 8 3 10
60 1294154 59 2 2 204
61 1318149 61 7 4 126
62 1318149 61 2 1 230
63 1330602 64 2 6 218
64 1362618 66 0 2 233
65 1373070 68 2 4 1
66 1373070 68 3 4 3
67 1416452 70 3 10 99
68 1452511 72 6 1 5
69 1604362 75 5 6 14
70 1604362 75 0 9 1
71 1604362 75 10 9 1
72 1604362 75 8 8 1
73 1604362 75 8 9 1
74 1604362 75 6 5 231
75 1604362 75 1 7 1
76 1604362 75 9 9 33
77 1604362 75 9 5 115
78 1604362 75 9 7 1
79 1624030 77 7 4 21
80 1648907 82 1 8 76
81 1844595 84 10 9 1
82 1844595 84 3 4 5
83 1844595 84 10 6 1
84 1844595 84 3 3 8
85 1844595 84 2 9 84
86 1844595 84 3 7 21
87 1844595 84 2 0 15
88 1844595 84 10 4 10
89 1845141 85 8 6 404
90 1894463 89 7 5 6
91 1894463 89 7 6 1461
92 1894463 89 7 3 43
93 1916565 91 4 2 550
94 1916565 91 6 2 2201
95 1957628 96 0 5 44
96 2098858 99 9 9 85
97 2098858 99 0 8 1
98 2098858 99 7 4 28
99 2098858 99 0 6 10
100 2289721 102 3 6 1
101 2289721 102 5 5 14
102 2289721 102 9 10 21
103 2289721 102 0 7 3
104 2289721 102 1 5 14
105 2289721 102 9 1 7
106 2289721 102 5 7 2
107 2289721 102 2 7 1
108 2289721 102 4 10 21
109 2323049 104 4 6 5599
110 2328502 106 4 9 39149
111 2416587 108 3 10 3
112 2416587 108 7 0 3619
113 2416587 108 8 10 3
114 2418002 109 6 0 101
115 2428239 110 3 10 47
116 2428239 110 3 9 116
117 2515129 118 8 5 16
118 2515129 118 1 5 301
119 2520549 120 9 7 124
120 2598540 128 2 0 5
121 2626707 132 0 7 7571
122 2645219 134 1 6 1980
123 2645219 134 0 3 7
124 2645219 134 6 3 3
125 2693317 136 8 9 9
126 2693317 136 8 0 2006
127 2693317 136 8 1 94
128 2846988 137 8 3 48
129 2846988 137 1 9 2136
130 2846988 137 3 9 2136
131 2846988 137 5 8 4
132 2846988 137 10 8 34
133 2846988 137 3 4 99
134 2846988 137 1 7 3
135 2846988 137 2 8 4
136 2862469 139 2 1 25
137 2893997 143 0 2 200
138 2893997 143 0 8 4
139 2893997 143 0 5 3991
140 2893997 143 0 6 85
141 2935019 146 3 8 333
142 2935019 146 8 8 999
143 2935019 146 10 4 11
144 2935019 146 7 8 1332
145 2969178 150 2 9 28
146 3144252 154 8 9 11
147 3144252 154 8 6 230
148 3144252 154 10 5 139
149 3144252 154 8 4 10
150 3144252 154 10 0 2
151 3144252 154 5 7 642
152 3144252 154 6 6 690
153 3144252 154 0 9 11
154 3144252 154 6 9 23
155 3144252 154 2 7 642
156 3340975 160 9 2 210
157 3340975 160 3 1 1
158 3340975 160 2 4 4
159 3340975 160 8 1 17
160 3340975 160 4 7 1
161 3340975 160 10 3 7
162 3407790 162 0 4 30
163 3407790 162 3 0 1899
164 3407790 162 8 10 5
165 3407790 162 0 7 1351
166 3476881 170 3 9 3937
167 3476881 170 3 10 19
168 3477442 171 4 8 604
169 3493285 172 7 8 29
170 3525807 174 2 2 9
171 3525807 174 1 7 14
172 3525807 174 2 10 174
173 3591860 177 0 2 189
174 3594836 178 9 0 104
175 3655197 190 8 10 8155
176 3681034 192 3 5 27522
177 3691902 196 9 4 86
178 3832609 198 8 9 31
179 3832609 198 1 8 11
180 3832609 198 3 10 14
181 3832609 198 8 4 2
182 3832609 198 7 4 2
183 3832609 198 1 2 2
184 3832609 198 3 5 1
185 3832609 198 10 0 5
186 3832609 198 3 6 1002
187 3832609 198 7 2 6
188 3848970 202 3 5 21864
189 3890402 203 8 4 1511
190 3890402 203 7 6 48
191 3890402 203 8 1 5
192 3890402 203 7 7 7494
193 3890402 203 8 6 48
194 3890402 203 7 1 21
195 3890402 203 8 10 2495
196 3890402 203 8 5 8684
197 3902785 206 3 6 88
198 3969180 210 10 3 1
199 3969180 210 9 3 1
200 3976291 211 9 6 59
201 3997154 217 4 4 150
202 4005168 218 1 2 17074
203 4027597 223 7 2 68
204 4035856 225 6 8 316
205 4114332 229 2 7 9
206 4114332 229 6 9 74
207 4114332 229 0 9 74
208 4114332 229 2 8 118
209 4114332 229 0 1 1
210 4114332 229 2 0 31
211 4114332 229 6 6 27
212 4198378 230 0 2 1
213 4198378 230 8 9 29
214 4198378 230 3 2 1
215 4198378 230 3 10 5
216 4198378 230 8 4 78
217 4198378 230 3 3 136
218 4361300 233 9 5 1
219 4361300 233 7 4 1153
220 4361300 233 5 4 5766
221 4361300 233 4 1 39
222 4361300 233 10 5 4
223 4361300 233 0 7 1
224 4361300 233 5 7 1
225 4434337 237 10 2 55
226 4434337 237 10 10 82
227 4434337 237 4 3 1
228 4434337 237 4 8 53
229 4434337 237 4 4 4
230 4434337 237 10 5 107
231 4438108 238 3 9 432
232 4461961 239 7 1 18
233 4629627 241 4 7 12
234 4629627 241 6 4 14
235 4629627 241 6 0 9
236 4629627 241 7 3 1
237 4629627 241 9 3 1
238 4629627 241 9 0 9
239 4629627 241 9 7 12
240 4629627 241 3 2 1952
241 4629627 241 9 4 28
242 4629627 241 1 5 3364
243 4656798 250 3 9 15
244 4664537 254 2 4 52
245 4756928 259 3 8 4050
246 4756928 259 0 1 891
247 4756928 259 7 1 2675
248 4756928 259 7 0 14
249 4942045 262 8 1 30
250 4942045 262 8 4 11
251 4942045 262 9 2 6
252 4942045 262 3 5 2
253 4942045 262 4 1 30
254 4942045 262 4 6 17
255 4942045 262 0 10 12
256 4942045 262 3 1 30
257 4942045 262 8 3 1
258 4942045 262 2 6 8
259 4942045 262 3 2 6
260 4984434 268 9 0 17
261 4984434 268 5 0 210
262 5005080 269 4 2 8281
263 5005080 269 4 3 93
264 5029993 273 6 9 4
265 5041441 279 0 10 162
266 5068310 282 8 3 286
267 5068310 282 8 8 145
268 5068310 282 8 7 200
269 5068310 282 8 9 41
270 5068310 282 8 6 237
271 5068310 282 8 1 106
272 5094785 285 4 1 297
273 5094785 285 4 7 350
274 5094785 285 4 5 15527
275 5386722 287 3 2 3
276 5386722 287 4 10 7
277 5386722 287 4 8 5
278 5386722 287 1 4 10
279 5386722 287 5 0 3
280 5386722 287 7 2 3
281 5386722 287 8 2 9
282 5386722 287 3 4 1
283 5386722 287 0 1 6
284 5386722 287 8 0 13
285 5386722 287 6 7 807
286 5386722 287 4 4 2
287 5386722 287 6 4 1
288 5386722 287 2 8 5
289 5386722 287 9 1 53
290 5386722 287 7 5 2
291 5386722 287 2 0 3
292 5386722 287 8 10 7
293 5390470 289 10 10 47
294 5391971 290 5 7 223
295 5495558 291 0 1 128
296 5495558 291 7 7 333
297 5495558 291 6 9 731
298 5495558 291 4 9 182
299 5495558 291 7 1 1536
300 5495558 291 1 7 111
301 5595323 292 3 0 12
302 5595323 292 9 0 6
303 5595323 292 0 1 197
304 5595323 292 8 6 13
305 5595323 292 1 0 6
306 5595323 292 8 0 6
307 5611072 295 5 4 1
308 5664062 298 9 10 40
309 5664062 298 1 2 37
310 5664062 298 9 1 12
311 5664062 298 9 5 37
312 5664062 298 9 3 134
313 5788459 303 9 8 649
314 5788459 303 9 0 1
315 5788459 303 10 2 1892
316 5788459 303 10 0 1
317 5788459 303 3 10 14
318 5788459 303 1 7 3
319 5788459 303 8 8 324
320 5788459 303 0 10 14
321 5857139 304 2 0 206
322 5857139 304 3 8 10
323 5911001 310 7 1 442
324 5930173 311 6 4 133
325 5930173 311 2 10 76
326 6094541 317 10 4 10
327 6094541 317 9 8 167
328 6094541 317 10 8 83
329 6094541 317 7 1 42
330 6094541 317 2 3 54
331 6094541 317 5 9 21
332 6094541 317 0 7 3013
333 6094541 317 6 2 565
334 6094541 317 8 7 2009
335 6094541 317 8 10 110
336 6094541 317 4 5 964
337 6150967 324 10 5 7
338 6150967 324 7 9 95
339 6150967 324 4 9 142
340 6156633 326 7 7 118
341 6239035 328 2 0 3
342 6239035 328 9 5 4162
343 6264581 330 0 5 91
344 6268990 334 6 9 105
345 6285529 335 1 5 7886
346 6285529 335 1 4 11349
347 6307992 337 4 1 95
348 6354196 339 2 7 15
349 6354196 339 10 7 31
350 6354196 339 2 3 645
351 6424248 340 6 2 7
352 6424248 340 5 2 3
353 6424248 340 5 4 1
354 6461778 346 0 5 489
355 6488445 352 9 10 104
356 6509645 353 0 4 219
357 6509645 353 0 7 193
358 6509645 353 0 1 6
359 6566331 362 1 2 1
360 6566331 362 0 2 1
361 6578990 365 1 3 670
362 6594087 366 9 2 11
363 6634606 369 10 7 1
364 6634606 369 9 7 1
365 6702288 370 6 9 23
366 6702288 370 3 2 1
367 6711880 371 1 8 116
368 6770035 380 10 5 64
369 6770035 380 10 3 238
370 6777258 382 4 0 30
371 6792128 386 0 3 488
372 7011140 390 5 7 3
373 7011140 390 4 3 596
374 7011140 390 7 0 14
375 7011140 390 9 1 110
376 7011140 390 3 5 6
377 7011140 390 0 9 349
378 7011140 390 5 10 1
379 7011140 390 3 1 10
380 7011140 390 2 8 767
381 7069256 392 4 4 427
382 7069256 392 6 5 3851
383 7276795 395 0 0 1322
384 7276795 395 2 6 54
385 7276795 395 0 9 2555
386 7293473 397 3 10 99
387 7296243 398 3 9 12
388 7314636 401 5 3 2385
389 7384449 402 9 0 2920
390 7384449 402 2 1 907
391 7384449 402 2 5 49
392 7384449 402 9 6 88
393 7384449 402 9 8 34
394 7387150 403 4 8 15143
395 7388000 404 5 0 21
396 7397600 405 7 5 15
397 7440064 407 2 0 54
398 7440064 407 2 5 310
399 7580094 409 5 1 542
400 7580094 409 10 7 1
401 7580094 409 8 6 1
402 7580094 409 6 7 1
403 7580094 409 5 4 2
404 7580094 409 10 2 3
405 7580094 409 8 7 1
406 7580094 409 5 3 3
407 7656233 413 2 10 7
408 7656233 413 9 9 16
409 7668181 416 8 1 2
410 7672299 419 6 1 60
411 7685423 420 9 10 64
412 7717387 422 7 2 569
413 7717387 422 4 2 5692
414 7717387 422 10 3 54
415 7996594 428 3 5 822
416 7996594 428 4 5 822
417 7996594 428 1 5 822
418 7996594 428 1 0 2
419 7996594 428 6 3 3
420 7996594 428 10 4 1
421 7996594 428 2 9 5
422 7996594 428 8 3 7
423 7996594 428 6 0 2
424 7996594 428 10 7 1
425 7996594 428 0 8 7
426 7996594 428 10 6 1
427 7996594 428 2 6 1
428 7996594 428 3 7 97
429 7996594 428 2 10 25
430 7996594 428 9 6 1
431 7996594 428 1 7 1
432 8136422 430 5 6 190
433 8136422 430 4 7 17
434 8136422 430 1 4 24
435 8136422 430 2 8 2
436 8136422 430 7 0 2
437 8136422 430 3 6 190
438 8136422 430 10 2 18
439 8136422 430 8 3 8
440 8136422 430 9 8 1
441 8143934 431 6 0 184
442 8176687 437 8 1 4733
443 8188904 440 6 3 60
444 8188904 440 4 10 4
445 8192024 441 7 3 52
446 8222049 446 8 4 28
447 8232971 449 9 6 39058
448 8253840 454 8 8 35
449 8254253 455 5 0 30
450 8366884 457 8 7 1
451 8366884 457 4 10 25
452 8366884 457 5 1 53
453 8366884 457 6 9 40
454 8366884 457 8 4 1
455 8366884 457 0 7 1
456 8419813 460 1 6 9
457 8527943 461 6 6 122
458 8527943 461 0 8 9
459 8527943 461 2 1 11
460 8527943 461 3 4 10
461 8527943 461 9 5 1
462 8881632 466 9 1 2
463 8881632 466 6 4 217
464 8881632 466 2 3 1801
465 8881632 466 2 5 1
466 8881632 466 7 0 15
467 8881632 466 5 5 1
468 8881632 466 4 8 1
469 8881632 466 1 3 3602
470 8881632 466 7 10 2
471 8881632 466 9 3 1801
472 8881632 466 2 9 28
473 8881632 466 8 10 2
474 8881632 466 2 2 50
475 8881632 466 4 2 50
476 8881632 466 0 6 12
477 8881632 466 4 0 15
478 8881632 466 4 6 4
479 8881632 466 8 3 1801
480 8965524 467 10 8 39
481 8965524 467 1 7 5
482 8965524 467 2 7 5
483 8965524 467 0 3 4
484 8965524 467 0 9 8
485 8988552 468 7 4 34
486 8988552 468 7 5 422
487 9036497 472 0 0 7
488 9131521 473 3 8 52
489 9131521 473 4 9 2
490 9131521 473 10 8 52
491 9131521 473 9 8 52
492 9131521 473 0 2 7
493 9131521 473 6 2 15
494 9425780 475 0 5 2
495 9425780 475 6 4 1
496 9425780 475 8 4 1
497 9425780 475 10 7 4
498 9425780 475 1 5 13
499 9425780 475 4 6 6
500 9425780 475 7 9 5
501 9425780 475 4 9 5
502 9425780 475 6 3 1
503 9425780 475 10 0 1
504 9425780 475 9 6 1
505 9425780 475 6 10 10
506 9425780 475 8 5 2
507 9425780 475 0 8 7
508 9425780 475 4 10 5
509 9425780 475 3 8 2
510 9425780 475 0 2 1
511 9425780 475 1 4 1
512 9425780 475 2 10 51
513 9425780 475 7 0 1
514 9425780 475 10 1 13
515 9457492 477 2 1 282
516 9457492 477 2 4 41
517 9479885 479 1 9 1
518 9490414 480 8 5 25
519 9493957 482 4 2 222
520 9500214 483 10 10 8
521 9501389 484 3 10 209
522 9536022 487 5 9 2682
523 9536022 487 5 10 202
524 9573172 489 3 7 5
525 9573172 489 3 0 785
526 9576936 490 10 2 27
527 9581886 491 10 10 39
528 9598499 496 10 3 2626
529 9871346 498 6 10 13
530 9871346 498 10 4 50
531 9871346 498 10 6 1
532 9871346 498 2 4 50
533 9871346 498 10 7 7
534 9871346 498 3 10 13
535 9871346 498 1 4 50
536 9871346 498 7 10 39
537 9871346 498 7 7 29
538 9871346 498 6 1 35
539 9871346 498 10 3 4
540 9871346 498 8 10 26
541 9871346 498 1 3 1
542 9871346 498 10 10 13
543 9871346 498 10 2 4
544 9871346 498 9 4 50
545 9871346 498 0 6 1
546 9871346 498 5 5 702
547 9894223 499 7 4 225
548 9894830 500 3 0 227
549 9896999 501 4 8 5123
550 9906663 503 1 1 6017
551 9919853 506 7 10 2637
552 10075107 507 4 2 120
553 10075107 507 0 10 4631
554 10075107 507 7 10 178
555 10075107 507 1 8 52
556 10075107 507 10 1 1
557 10075107 507 8 4 1429
558 10137493 510 6 5 3
559 10137493 510 6 10 29
560 10137493 510 7 3 4
561 10138860 511 8 2 14390
562 10303694 513 7 1 58
563 10303694 513 1 8 5049
564 10303694 513 10 2 6
565 10303694 513 3 6 80
566 10303694 513 1 4 300
567 10303694 513 3 8 1009
568 10303694 513 7 0 1
569 10303694 513 8 1 5
570 10303694 513 2 3 5
571 10303694 513 2 9 20
572 10337864 516 0 3 1
573 10337864 516 4 3 1
574 10339934 518 8 8 52
575 10373201 527 5 0 238
576 10376343 529 9 9 374
577 10376343 529 2 9 374
578 10376343 529 4 9 374
579 10382184 532 9 9 7164
580 10412820 535 7 1 59
581 10419973 537 5 10 11
582 10467918 545 0 6 7157
583 10490720 547 4 7 18
584 10490720 547 4 9 79
585 10490720 547 4 3 33039
586 10556012 551 8 1 3
587 10556012 551 7 9 4879
588 10857461 555 3 10 1
589 10857461 555 5 8 7
590 10857461 555 10 5 1
591 10857461 555 8 5 13
592 10857461 555 0 3 202
593 10857461 555 8 0 4
594 10857461 555 7 10 4
595 10857461 555 2 10 32
596 10857461 555 8 4 829
597 10857461 555 9 8 7
598 10857461 555 8 9 11
599 10857461 555 2 1 191
600 10857461 555 6 7 3
601 10857461 555 1 8 7
602 10857461 555 1 9 2
603 10857461 555 0 2 876
604 10857461 555 10 3 607
605 10857461 555 10 8 7
606 10857461 555 9 10 1
607 10857461 555 3 0 2
608 10962401 556 10 4 26
609 11016322 558 1 1 97
610 11063997 562 10 3 1378
611 11063997 562 10 0 17
612 11113494 565 1 4 1356
613 11115476 568 8 2 137
614 11228506 569 0 7 1
615 11228506 569 7 7 1
616 11228506 569 4 10 73
617 11228506 569 5 10 6
618 11228506 569 10 5 1
619 11256678 575 1 8 15
620 11342668 576 10 6 4
621 11345626 577 8 0 1169
622 11357880 578 3 0 66
623 11439678 586 8 1 1762
624 11443855 587 2 1 6
625 11443855 587 4 1 12
626 11461376 588 4 1 168
627 11461376 588 4 2 98
628 11481578 591 0 1 40
629 11501898 597 7 4 43
630 11503856 598 4 6 39008
631 11597988 602 6 6 1
632 11597988 602 6 10 509
633 11597988 602 6 9 19
634 11597988 602 8 10 2547
635 11602843 605 4 6 53
636 11671464 611 0 8 1981
637 11923717 612 2 5 120
638 11923717 612 10 5 3603
639 11923717 612 1 1 3
640 11923717 612 3 7 5079
641 11923717 612 3 5 120
642 11923717 612 10 10 15
643 11923717 612 5 8 8
644 11923717 612 0 0 142
645 11923717 612 7 7 5079
646 11923717 612 8 0 713
647 11923717 612 4 3 1
648 11923717 612 9 4 26
649 11923717 612 10 0 142
650 11923717 612 1 0 71
651 11923717 612 6 2 448
652 11923717 612 1 6 1
653 11923717 612 0 8 8
654 11923717 612 2 4 80
655 11923717 612 9 6 3
656 11923717 612 6 5 240
657 11923717 612 0 6 1
658 11923717 612 5 1 6
659 11923717 612 3 3 1
660 11944924 613 3 6 58
661 11945549 614 6 5 252
662 12183210 616 3 1 1
663 12183210 616 3 8 82
664 12183210 616 4 1 1
665 12183210 616 7 7 200
666 12183210 616 4 9 2
667 12183210 616 0 2 11
668 12183210 616 8 9 2
669 12183210 616 4 2 11
670 12183210 616 8 6 36
671 12183210 616 5 6 72
672 12183210 616 9 2 1
673 12183210 616 3 9 11
674 12183210 616 4 7 25228
675 12183210 616 3 0 988
676 12183210 616 10 2 2
677 12183210 616 4 0 12359
678 12202922 619 8 6 91
679 12204026 620 10 8 40
680 12233134 625 2 0 34
681 12323909 631 2 3 144
682 12323909 631 2 6 351
683 12323909 631 7 6 351
684 12394837 634 7 8 2395
685 12394837 634 7 3 109
686 12394837 634 7 7 20
687 12424754 637 7 10 8
688 12424754 637 2 10 16
689 12440855 638 0 6 40
690 12444861 642 9 1 5170
691 12591165 644 1 4 647
692 12591165 644 2 8 1817
693 12591165 644 5 9 27
694 12591165 644 5 8 908
695 12591165 644 4 6 1
696 12591165 644 0 0 25
697 12591165 644 7 10 1
698 12591165 644 4 10 1
699 12591165 644 8 7 92
700 12608165 652 3 8 767
701 12610328 655 8 3 82
702 12648647 666 1 3 75
703 12662670 668 5 4 33132
704 12863405 671 0 8 5
705 12863405 671 0 7 1
706 12863405 671 4 6 8
707 12863405 671 8 7 1
708 12863405 671 7 5 30
709 12868028 672 10 5 10
710 12873796 674 4 2 83
711 12924190 678 6 6 409
712 12947475 681 8 4 1319
713 13106943 683 2 1 25
714 13106943 683 9 1 25
715 13106943 683 7 8 11
716 13106943 683 5 3 29
717 13106943 683 0 9 15
718 13106943 683 3 2 4582
719 13235821 690 0 4 863
720 13235821 690 8 3 45
721 13235821 690 4 3 45
722 13235821 690 4 8 300
723 13305767 692 10 10 12
724 13305767 692 7 10 12
725 13643581 695 8 4 1
726 13643581 695 8 6 145
727 13643581 695 0 1 3
728 13643581 695 2 9 1503
729 13643581 695 10 7 1
730 13643581 695 8 2 793
731 13643581 695 4 2 1587
732 13643581 695 0 3 8
733 13643581 695 5 10 1
734 13643581 695 9 3 4
735 13643581 695 0 2 793
736 13643581 695 0 4 1
737 13643581 695 1 7 1
738 13643581 695 4 4 1
739 13643581 695 3 3 4
740 13728341 698 5 8 43
741 13728341 698 2 6 13
742 13728341 698 10 1 12
743 13732004 700 9 4 4666
744 13828201 702 0 2 28
745 13828201 702 3 3 1
746 13890551 703 9 8 52
747 13890551 703 2 10 81
748 13890551 703 9 0 37
749 13890551 703 2 0 74
750 13897231 705 0 5 52
751 13943131 710 3 6 32
752 13943131 710 3 3 119
753 13979650 714 10 4 1126
754 14107042 718 1 3 15
755 14107042 718 10 4 275
756 14107042 718 10 8 1455
757 14107042 718 1 7 17
758 14107042 718 3 8 2911
759 14107042 718 2 10 21
760 14107042 718 0 9 31
761 14111601 720 10 8 8567
762 14162680 723 3 6 66
763 14162680 723 6 9 23
764 14183942 724 6 4 24
765 14183942 724 6 7 124
766 14225664 731 3 10 2
767 14296617 732 4 2 240
768 14296617 732 5 5 26
769 14298027 733 10 8 12
770 14369308 735 6 5 36
771 14369308 735 9 7 1348
772 14369308 735 9 3 20
773 14587226 741 4 8 1
774 14587226 741 1 9 119
775 14587226 741 8 5 28
776 14587226 741 1 1 989
777 14587226 741 2 5 11
778 14619009 744 7 0 8
779 14619009 744 1 8 151
780 14619009 744 7 8 75
781 14653403 749 4 4 130
782 14653403 749 10 5 24
783 14800111 751 1 0 23
784 14800111 751 6 1 15
785 14800111 751 0 9 15
786 14800111 751 2 9 31
787 14800111 751 6 9 15
788 14800111 751 10 10 17
789 14800111 751 2 8 1
790 14800111 751 3 9 108
791 14864416 755 9 1 352
792 14867549 756 7 0 152
793 14905194 757 3 1 38
794 14905194 757 9 5 1734
795 14928115 761 8 5 91
796 14931468 762 4 1 36
797 14935680 764 3 2 84
798 15023276 766 5 7 7
799 15023276 766 6 7 3
800 15023276 766 4 4 32
801 15023276 766 10 6 14
802 15023276 766 10 3 1
803 15087889 768 0 1 41
804 15087889 768 8 2 620
805 15089024 770 1 5 68
806 15109038 773 3 10 17
807 15146960 778 10 1 279
808 15146960 778 1 1 837
809 15166058 780 9 5 34
810 15217610 797 3 10 18
811 15241854 798 4 1 2953
812 15241854 798 4 5 6106
813 15241854 798 4 9 293
814 15241854 798 4 7 28
815 15241854 798 4 3 11778
816 15252127 802 4 5 18
817 15252188 803 8 3 11335
818 15275249 804 4 6 21
819 15275249 804 4 9 9
820 15275249 804 4 0 117
821 15286104 806 3 0 10
822 15296561 809 0 8 54
823 15300749 812 7 5 958
824 15349090 820 2 2 104
825 15635247 822 3 6 4
826 15635247 822 2 10 1
827 15635247 822 2 3 5
828 15635247 822 10 7 138
829 15635247 822 10 0 1
830 15635247 822 1 7 276
831 15635247 822 6 9 5
832 15635247 822 7 10 1
833 15635247 822 10 9 1
834 15635247 822 2 0 1
835 15635247 822 0 3 1
836 15635247 822 10 6 8
837 15635247 822 4 4 28
838 15635247 822 0 8 1679
839 15635247 822 5 7 138
840 15635247 822 6 8 1679
841 15635247 822 6 4 1
842 15635247 822 3 4 1
843 15864535 823 9 0 8
844 15864535 823 2 9 1
845 15864535 823 9 9 1
846 15864535 823 10 5 599
847 15864535 823 8 1 969
848 15864535 823 1 7 1502
849 15864535 823 8 9 3
850 15864535 823 1 6 1980
851 15864535 823 8 4 3553
852 15864535 823 9 1 1938
853 15864535 823 10 3 2
854 15864535 823 3 8 10
855 15937204 825 7 1 19
856 15937204 825 5 5 16
857 15937204 825 1 8 63
858 15978414 830 3 2 42
859 16031133 833 7 2 89
860 16143216 845 5 7 51
861 16162869 846 5 5 11850
862 16162869 846 5 3 96
863 16166885 849 7 10 39
864 16175754 852 2 9 48
865 16178176 853 9 0 60
866 16216644 857 9 4 62
867 16220963 858 5 2 5
868 16241685 859 6 5 14093
869 16241685 859 6 6 60
870 16241812 860 9 6 11
871 16266338 861 3 2 309
872 16266338 861 3 0 984
873 16266338 861 3 10 7689
874 16444665 864 8 9 141
875 16444665 864 5 8 113
876 16444665 864 6 8 339
877 16444665 864 9 6 8
878 16444665 864 7 5 30
879 16496491 872 2 6 11
880 16496491 872 1 4 73
881 16540933 875 2 7 9
882 16540933 875 3 7 9
883 16568271 881 5 2 2247
884 16695714 886 6 2 82
885 16695714 886 4 6 555
886 16695714 886 0 1 11
887 16695714 886 0 4 1
888 16695714 886 0 0 118
889 16695714 886 9 5 77
890 16695714 886 2 6 1111
891 16695714 886 0 2 82
892 16695714 886 1 9 2254
893 16844396 894 7 2 5
894 16844396 894 6 5 2
895 16917308 896 2 3 4760
896 16917308 896 1 0 15751
897 16917308 896 2 2 38
898 16951983 899 6 2 250
899 16972067 902 5 10 39173
900 17027782 905 8 8 95
901 17084980 907 2 5 23
902 17084980 907 4 4 22
903 17084980 907 4 6 136
904 17109679 909 9 9 226
905 17111677 910 10 5 3
906 17162244 913 1 2 19
907 17162244 913 6 2 19
908 17193402 918 1 8 100
909 17193402 918 0 1 124
910 17257990 925 8 0 184
911 17583066 929 1 5 227
912 17583066 929 8 0 25
913 17583066 929 9 7 4
914 17583066 929 1 1 3
915 17583066 929 1 0 2
916 17583066 929 9 2 12
917 17583066 929 4 6 54
918 17583066 929 8 10 2
919 17583066 929 4 4 2635
920 17583066 929 1 4 878
921 17583066 929 9 6 381
922 17583066 929 7 10 1
923 17583066 929 9 0 5
924 17583066 929 5 6 54
925 17583066 929 10 1 1
926 17583066 929 6 7 4
927 17751930 930 2 8 1548
928 17751930 930 6 2 7
929 17751930 930 5 1 43
930 17751930 930 10 2 14
931 17751930 930 9 7 31
932 17751930 930 7 2 7
933 17904428 931 2 0 11622
934 17904428 931 5 1 10
935 17904428 931 10 0 3169
936 17904428 931 1 9 2119
937 17904428 931 10 5 349
938 17904428 931 3 3 124
939 17904428 931 1 1 10
940 17904428 931 5 0 1056
941 17904428 931 1 5 349
942 17904428 931 4 3 49
943 18005337 932 3 3 3
944 18005337 932 10 7 10
945 18005337 932 4 1 2337
946 18005337 932 4 6 4
947 18005337 932 0 2 1805
948 18005337 932 7 10 23
949 18005337 932 0 10 23
950 18005337 932 3 1 779
951 18005337 932 6 10 47
952 18005337 932 2 10 23
953 18022647 935 6 1 1573
954 18028933 936 3 4 58
955 18050925 939 4 8 42789
956 18067211 940 0 9 5
957 18067211 940 0 1 55
958 18337617 941 9 9 2610
959 18337617 941 1 7 1
960 18337617 941 5 2 2
961 18337617 941 5 8 1
962 18337617 941 3 8 2
963 18337617 941 5 3 8
964 18337617 941 2 6 5
965 18337617 941 4 10 18
966 18337617 941 9 6 8
967 18337617 941 10 2 2
968 18337617 941 2 1 96
969 18337617 941 7 9 1305
970 18337617 941 0 5 13
971 18341628 943 2 8 4884
972 18374894 948 8 6 3958
973 18430950 957 4 9 17
974 18469137 959 10 10 18
975 18697348 967 4 4 14
976 18697348 967 7 10 40
977 18697348 967 4 1 369
978 18697348 967 1 5 7
979 18697348 967 7 7 243
980 18697348 967 0 7 243
981 18697348 967 6 10 27
982 18732776 971 0 8 30
983 18757351 972 10 3 94
984 18757351 972 10 4 228
985 18808706 973 2 5 1938
986 18808706 973 2 0 8
987 18811398 974 2 10 4704
988 18816597 975 6 8 1
989 18841664 979 0 1 41
990 18841664 979 0 8 1268
991 18841664 979 4 7 105
992 18851590 981 1 6 406
993 18860945 986 1 0 968
994 18874867 988 8 4 7153
995 18876233 989 8 5 56
996 18882233 991 9 10 233
997 18950306 994 10 0 3
998 18950306 994 0 5 16
999 18984338 998 5 3 1030
