11 358 1000
0 13391 0 1 1 3
1 13391 0 9 2 76
2 51107 3 9 1 84
3 51107 3 9 3 2654
4 51107 3 10 7 31
5 51107 3 10 10 1871
6 51107 3 9 4 3213
7 51107 3 10 6 2558
8 60070 5 9 8 2075
9 67634 8 10 0 624
10 93421 9 1 2 19
11 93421 9 7 4 2
12 93421 9 1 3 74
13 131147 13 5 10 495
14 131147 13 8 10 297
15 131147 13 7 4 3064
16 131147 13 10 4 340
17 131147 13 6 4 340
18 171575 17 6 8 1
19 171575 17 9 8 1
20 171575 17 5 10 1
21 171575 17 10 7 2
22 171575 17 7 9 658
23 171575 17 1 10 1
24 171575 17 2 4 12
25 179016 18 1 6 36
26 201395 21 3 9 94
27 201395 21 4 8 86
28 201395 21 3 7 129
29 201395 21 3 4 45
30 202705 22 6 5 14781
31 205474 23 10 10 4218
32 205474 23 5 10 4218
33 217469 27 10 0 130
34 217469 27 0 0 1040
35 217469 27 1 0 130
36 217469 27 2 0 1300
37 237045 29 2 5 28
38 237045 29 10 8 170
39 237045 29 10 2 2926
40 237045 29 10 7 2267
41 238870 30 0 6 11
42 243481 31 5 7 2070
43 246125 32 6 4 72
44 259554 37 4 6 62
45 267850 38 2 1 190
46 274644 40 0 1 119
47 289428 44 1 10 3951
48 289428 44 1 8 59
49 302157 50 7 0 44
50 302157 50 1 3 14
51 302157 50 10 0 44
52 382307 51 7 9 1
53 382307 51 3 8 13
54 382307 51 0 5 33
55 382307 51 9 4 31
56 382307 51 5 9 1
57 382307 51 5 6 1
58 382307 51 8 9 1
59 382307 51 8 10 1
60 382307 51 2 4 15
61 382307 51 5 3 15
62 389062 57 7 9 705
63 431384 59 8 8 1
64 431384 59 8 6 19
65 431384 59 8 4 6
66 431384 59 8 7 6
67 431384 59 1 4 1
68 431384 59 8 5 14
69 431384 59 2 8 1
70 431384 59 5 2 102
71 439383 61 10 4 63
72 457690 68 2 4 1
73 457690 68 5 4 1
74 457690 68 8 4 1
75 457926 69 5 1 15911
76 472150 70 3 10 99
77 486081 74 7 7 25
78 534787 75 1 7 1
79 534787 75 1 10 3
80 534787 75 9 7 1
81 534787 75 2 1 591
82 534787 75 7 10 7
83 534787 75 2 5 577
84 534787 75 0 0 5
85 534787 75 5 7 10
86 534787 75 10 9 1
87 614865 84 3 5 4
88 614865 84 6 2 308
89 614865 84 6 1 8
90 614865 84 10 10 2
91 614865 84 2 9 84
92 614865 84 4 10 2
93 614865 84 10 3 8
94 614865 84 10 1 16
95 614865 84 3 9 1
96 614865 84 4 6 1
97 631487 89 7 3 43
98 631487 89 7 4 298
99 631487 89 7 5 6
100 662502 97 6 9 1843
101 699619 99 0 6 10
102 699619 99 9 10 3070
103 763240 102 10 10 21
104 763240 102 1 7 2
105 763240 102 4 7 1
106 763240 102 3 2 1451
107 763240 102 4 10 21
108 763240 102 3 10 21
109 763240 102 6 8 14609
110 774349 104 4 5 74
111 774349 104 4 9 60
112 805529 108 2 5 16
113 805529 108 3 10 3
114 809413 110 3 1 64
115 809413 110 3 7 345
116 812788 114 6 9 34
117 813994 115 10 6 95
118 829043 117 0 0 125
119 829043 117 0 3 30
120 838376 118 1 5 301
121 838376 118 10 5 16
122 840183 120 0 7 124
123 841373 122 0 1 98
124 846372 124 9 3 28
125 865235 127 0 8 19017
126 866180 128 2 0 5
127 867550 131 1 3 226
128 875569 132 5 0 21
129 948996 137 7 9 2136
130 948996 137 4 2 21
131 948996 137 6 6 2
132 948996 137 2 8 4
133 948996 137 0 6 9
134 966543 145 5 4 231
135 978339 146 3 4 5
136 978339 146 4 3 36
137 978339 146 8 8 999
138 978926 147 6 2 182
139 982062 148 2 10 21
140 1048084 154 0 8 196
141 1048084 154 9 8 21
142 1048084 154 3 7 1284
143 1048084 154 2 0 2
144 1048084 154 8 9 11
145 1048084 154 8 0 6
146 1048084 154 9 7 1284
147 1048084 154 2 4 10
148 1113658 160 8 3 10
149 1113658 160 6 5 11
150 1113658 160 2 8 613
151 1113658 160 10 2 843
152 1113658 160 3 10 17
153 1113658 160 0 10 5
154 1113658 160 9 1 1
155 1113658 160 0 4 19
156 1113658 160 6 7 1
157 1113658 160 5 7 1
158 1115892 161 10 8 1
159 1135930 162 7 6 44
160 1135930 162 0 1 1445
161 1135930 162 0 7 1351
162 1146417 165 10 4 73
163 1147637 167 2 5 23577
164 1150028 168 5 2 15
165 1150028 168 7 2 30
166 1150028 168 8 2 30
167 1158960 170 3 3 61
168 1164428 172 7 2 54
169 1175269 174 5 4 18
170 1175269 174 6 10 9
171 1197286 177 0 7 35
172 1197286 177 0 5 42
173 1197286 177 0 2 189
174 1197286 177 3 6 172
175 1205844 184 0 5 54
176 1212649 187 9 9 71
177 1227011 192 3 4 9
178 1227011 192 3 7 6128
179 1227011 192 3 0 139
180 1277536 198 10 8 11
181 1277536 198 0 0 5
182 1277536 198 5 5 1
183 1277536 198 3 8 46
184 1277536 198 7 8 11
185 1277536 198 0 1 4
186 1277773 199 7 0 72
187 1278910 201 5 5 64
188 1282990 202 3 10 415
189 1282990 202 3 4 167
190 1296800 203 8 10 2495
191 1309127 209 4 5 39
192 1309127 209 3 5 39
193 1323060 210 6 3 1
194 1323060 210 3 3 1
195 1325430 211 9 6 59
196 1326407 214 0 7 47
197 1332384 217 8 5 78
198 1348256 228 3 2 31
199 1371444 229 0 3 28
200 1371444 229 6 8 118
201 1371444 229 2 6 55
202 1371444 229 2 3 28
203 1371444 229 0 5 4
204 1399459 230 3 0 48
205 1399459 230 0 7 226
206 1401687 231 8 6 2
207 1401687 231 0 6 2
208 1401687 231 7 6 2
209 1403901 232 10 5 1
210 1403901 232 6 5 18
211 1453766 233 9 2 4
212 1453766 233 1 6 6
213 1453766 233 6 3 5
214 1453766 233 0 7 1
215 1456854 235 2 7 17
216 1478112 237 4 10 82
217 1543209 241 7 2 3905
218 1543209 241 7 3 1
219 1543209 241 6 9 1226
220 1543209 241 7 6 1
221 1543209 241 3 4 28
222 1543209 241 9 8 23
223 1543209 241 9 9 3679
224 1548864 245 0 8 20
225 1551752 249 7 5 43
226 1554531 253 0 6 55
227 1558357 257 6 9 7792
228 1585642 259 4 7 25
229 1585642 259 8 0 89
230 1585642 259 6 3 623
231 1585642 259 2 1 1783
232 1585642 259 9 3 623
233 1647348 262 4 0 69
234 1647348 262 8 7 1
235 1647348 262 4 8 7
236 1647348 262 9 5 7
237 1647348 262 8 2 6
238 1647348 262 0 6 8
239 1647348 262 8 5 8
240 1647348 262 0 3 1
241 1647348 262 9 4 1
242 1655065 263 9 10 1524
243 1655065 263 1 10 4572
244 1655065 263 0 10 3048
245 1668360 269 4 9 210
246 1668360 269 4 4 68
247 1674954 271 1 7 8
248 1677106 275 0 3 2062
249 1689436 282 8 0 16296
250 1689603 284 7 1 30
251 1698261 285 4 10 220
252 1698261 285 4 7 350
253 1699035 286 10 1 210
254 1795574 287 1 10 7
255 1795574 287 7 3 17
256 1795574 287 2 3 5
257 1795574 287 5 8 5
258 1795574 287 10 0 1
259 1795574 287 8 0 13
260 1795574 287 4 1 3
261 1795574 287 4 6 24
262 1795574 287 6 4 1
263 1795574 287 3 5 2
264 1795574 287 3 9 1
265 1795574 287 3 4 1
266 1795574 287 10 10 61
267 1795574 287 7 4 6
268 1795574 287 9 9 1
269 1795574 287 5 4 1
270 1795574 287 9 7 807
271 1795574 287 4 4 2
272 1795574 287 9 3 5
273 1795574 287 1 0 5
274 1795574 287 8 4 1
275 1795574 287 10 7 807
276 1795574 287 0 10 7
277 1831852 291 9 4 89
278 1831852 291 8 0 6
279 1831852 291 0 8 26
280 1831852 291 0 1 128
281 1831852 291 0 7 111
282 1831852 291 10 9 365
283 1831852 291 3 0 6
284 1831852 291 3 6 409
285 1831852 291 8 2 34357
286 1831852 291 6 6 409
287 1865107 292 9 8 218
288 1865107 292 10 6 39
289 1865107 292 5 8 218
290 1865107 292 0 1 197
291 1865107 292 2 1 197
292 1888020 298 9 3 134
293 1888020 298 9 9 5
294 1888020 298 9 10 40
295 1893004 302 2 8 113
296 1929486 303 4 6 795
297 1929486 303 8 8 324
298 1929486 303 0 0 3
299 1929486 303 0 2 1892
300 1952379 304 3 5 23
301 1952379 304 2 7 8
302 1952379 304 2 3 929
303 1952379 304 3 0 17
304 1952379 304 2 4 11
305 1956798 305 6 7 116
306 1966554 308 6 10 9873
307 1966554 308 6 4 147
308 1966867 309 3 0 37
309 1976724 311 9 4 3
310 1977844 313 3 2 18
311 2031513 317 9 2 565
312 2031513 317 2 1 14
313 2031513 317 0 4 10
314 2031513 317 7 5 964
315 2031513 317 5 9 21
316 2031513 317 8 10 110
317 2031513 317 2 5 964
318 2031513 317 0 5 1929
319 2050322 324 0 10 24
320 2050322 324 8 5 7
321 2051715 325 9 9 165
322 2052211 326 7 7 118
323 2056623 327 1 3 3434
324 2079678 328 0 0 1
325 2079678 328 7 3 2
326 2088193 330 0 2 201
327 2088193 330 0 9 26
328 2088373 332 2 8 19
329 2102664 337 4 3 98
330 2102664 337 4 9 42
331 2118065 339 9 5 95
332 2118065 339 2 3 645
333 2118065 339 6 5 190
334 2141416 340 8 9 15
335 2141416 340 7 9 15
336 2141416 340 9 4 1
337 2141416 340 3 2 3
338 2141416 340 2 4 1
339 2141416 340 3 0 20
340 2141416 340 8 7 2998
341 2141416 340 0 9 15
342 2158044 349 2 6 2272
343 2160706 350 9 6 38
344 2162134 351 8 1 221
345 2169881 353 0 7 193
346 2171427 355 0 6 29
347 2171427 355 6 6 29
348 2176407 358 0 4 7138
349 2176407 358 1 8 49
350 2211535 369 6 5 186
351 2211535 369 6 3 6
352 2211535 369 3 9 224
353 2234096 370 2 5 1
354 2234096 370 7 2 9
355 2237527 372 3 0 349
356 2238596 375 9 0 228
357 2239455 377 9 8 86
358 2256678 380 10 8 9844
359 2256678 380 10 5 64
360 2261210 385 2 6 17811
361 2264042 386 0 3 488
362 2264042 386 8 3 1952
363 2282708 388 7 1 98
364 2282708 388 0 10 199
365 2282708 388 7 0 709
366 2282708 388 0 7 60
367 2282708 388 7 2 3
368 2337046 390 9 1 110
369 2337046 390 4 7 3
370 2337046 390 10 4 27
371 2337046 390 7 6 114
372 2337046 390 8 8 767
373 2356418 392 0 5 3851
374 2356418 392 0 4 427
375 2356418 392 6 5 3851
376 2356418 392 1 5 5135
377 2356418 392 5 5 1283
378 2425598 395 7 1 1
379 2425598 395 6 4 94
380 2425598 395 3 5 177
381 2425598 395 4 9 2555
382 2425598 395 6 8 33
383 2425598 395 8 3 10
384 2430358 396 10 1 1216
385 2430358 396 8 1 405
386 2433847 399 5 7 15502
387 2461483 402 9 0 2920
388 2461483 402 9 1 1815
389 2461483 402 2 8 69
390 2462383 403 4 8 15143
391 2480021 407 2 0 54
392 2526698 409 10 4 4
393 2526698 409 5 1 542
394 2526698 409 6 5 797
395 2526698 409 1 9 30
396 2526698 409 2 5 3188
397 2526698 409 10 6 11
398 2526698 409 5 0 528
399 2526698 409 8 8 26
400 2526698 409 2 7 2
401 2552077 413 9 0 144
402 2556060 416 8 1 2
403 2556686 417 6 2 58
404 2561807 420 6 1 29
405 2572462 422 10 3 54
406 2572754 423 3 1 4754
407 2582407 424 7 5 282
408 2582407 424 7 1 86
409 2665531 428 3 5 822
410 2665531 428 6 10 4
411 2665531 428 8 6 1
412 2665531 428 2 10 25
413 2665531 428 2 5 822
414 2665531 428 5 9 3
415 2665531 428 9 8 2
416 2665531 428 5 10 4
417 2665531 428 4 4 4
418 2665531 428 6 1 668
419 2665531 428 2 0 1
420 2665531 428 6 2 1
421 2665531 428 2 6 1
422 2665531 428 8 1 7352
423 2665531 428 5 0 1
424 2665531 428 6 4 1
425 2712140 430 1 1 2103
426 2712140 430 1 4 24
427 2712140 430 4 10 5
428 2712140 430 8 6 190
429 2712140 430 0 8 2
430 2712140 430 10 2 18
431 2712140 430 9 8 1
432 2712140 430 2 5 8
433 2712140 430 0 2 18
434 2712140 430 0 7 17
435 2712140 430 5 8 4
436 2712140 430 0 3 2
437 2729634 440 5 10 4
438 2730674 441 7 3 52
439 2734471 443 6 3 83
440 2734471 443 6 0 121
441 2737586 444 1 0 59
442 2748109 453 8 2 53
443 2788961 457 8 6 12
444 2788961 457 5 9 13
445 2788961 457 1 4 1
446 2788961 457 10 7 10
447 2788961 457 8 10 5
448 2788961 457 4 4 1
449 2806604 460 1 9 91
450 2842647 461 3 7 1
451 2842647 461 6 10 1
452 2842647 461 4 9 7
453 2847594 465 3 0 20
454 2960544 466 4 1 2
455 2960544 466 9 8 1
456 2960544 466 3 8 1
457 2960544 466 4 8 1
458 2960544 466 6 6 16
459 2960544 466 0 8 1
460 2960544 466 5 0 7
461 2960544 466 5 10 4
462 2960544 466 8 8 1
463 2960544 466 2 6 20
464 2960544 466 8 2 150
465 2960544 466 9 7 1
466 2960544 466 7 4 652
467 2988508 467 10 9 8
468 2988508 467 1 7 5
469 2988508 467 6 5 5
470 2988508 467 4 5 5
471 2988508 467 6 0 430
472 2988508 467 10 7 23
473 2988508 467 1 6 6
474 2988508 467 10 1 1
475 2996184 468 7 2 226
476 2998050 469 6 1 4673
477 3012165 472 9 0 7
478 3043840 473 4 7 3
479 3043840 473 2 2 23
480 3043840 473 8 5 68
481 3141926 475 8 1 3
482 3141926 475 5 8 2
483 3141926 475 8 0 1
484 3141926 475 1 0 6
485 3141926 475 0 6 1
486 3141926 475 6 4 1
487 3141926 475 6 1 13
488 3141926 475 4 10 5
489 3141926 475 2 1 3
490 3141926 475 5 3 1
491 3141926 475 7 0 1
492 3141926 475 8 4 1
493 3141926 475 0 9 5
494 3141926 475 0 2 1
495 3159961 479 5 9 1
496 3163471 480 8 5 25
497 3164652 482 4 2 222
498 3166738 483 7 10 8
499 3178674 487 5 8 1304
500 3191057 489 8 10 15052
501 3193962 491 2 10 39
502 3198169 494 7 2 10
503 3290448 498 3 3 1
504 3290448 498 5 3 1
505 3290448 498 3 4 50
506 3290448 498 1 9 1
507 3290448 498 0 7 7
508 3290448 498 0 1 53
509 3290448 498 1 4 50
510 3290448 498 4 7 7
511 3290448 498 2 10 13
512 3290448 498 6 1 35
513 3290448 498 0 9 1
514 3290448 498 3 8 514
515 3298999 501 4 8 5123
516 3305424 504 0 10 30
517 3305424 504 6 8 77
518 3358369 507 7 7 72
519 3358369 507 8 2 17
520 3358369 507 3 9 21
521 3358369 507 5 6 3
522 3358369 507 4 4 1429
523 3358369 507 1 0 6
524 3358369 507 1 3 2
525 3358369 507 9 3 14
526 3379164 510 7 8 7
527 3379164 510 6 6 71
528 3434564 513 9 9 40
529 3434564 513 4 4 200
530 3434564 513 0 5 345
531 3434564 513 7 7 11
532 3434564 513 4 7 11
533 3434564 513 4 0 1
534 3434564 513 4 10 102
535 3434564 513 2 2 30
536 3434564 513 1 6 240
537 3450809 524 1 8 1009
538 3458781 529 9 9 374
539 3470940 535 6 7 6
540 3470940 535 1 7 6
541 3470940 535 2 1 59
542 3470940 535 4 7 6
543 3474093 538 4 8 3
544 3475490 539 9 1 15
545 3475490 539 10 1 6
546 3477262 541 4 3 230
547 3488056 542 1 1 3993
548 3488206 543 7 4 113
549 3488422 544 7 5 54
550 3489306 545 0 6 7157
551 3496906 547 4 6 189
552 3496906 547 4 3 33039
553 3505972 550 7 6 6
554 3505972 550 3 6 6
555 3619153 555 1 0 1
556 3619153 555 9 7 3
557 3619153 555 2 8 7
558 3619153 555 8 3 1620
559 3619153 555 9 2 1752
560 3619153 555 4 0 3
561 3619153 555 2 2 2628
562 3619153 555 0 8 7
563 3619153 555 3 9 4
564 3619153 555 9 4 829
565 3619153 555 0 0 1
566 3619153 555 4 7 60
567 3619153 555 3 2 876
568 3654133 556 5 8 109
569 3654133 556 8 0 1
570 3654133 556 5 7 31
571 3654133 556 10 7 15
572 3654133 556 3 10 335
573 3662155 557 3 9 238
574 3672107 558 1 8 329
575 3672107 558 1 4 2269
576 3675783 560 6 0 10
577 3687999 562 10 0 17
578 3687999 562 10 8 7631
579 3687999 562 10 9 2695
580 3697268 563 10 2 11
581 3704949 567 1 5 9237
582 3742835 569 10 3 1
583 3742835 569 6 5 1
584 3742835 569 7 1 1
585 3742835 569 7 2 26
586 3742835 569 10 7 1
587 3742835 569 2 1 1
588 3742835 569 1 2 13
589 3742835 569 5 5 1
590 3742835 569 1 1 16
591 3747288 573 2 5 6
592 3780889 576 10 6 4
593 3780889 576 10 1 1
594 3780889 576 1 1 1
595 3780889 576 1 4 37
596 3780889 576 10 0 51
597 3780889 576 1 9 73
598 3780889 576 6 5 2438
599 3785960 578 7 8 467
600 3786911 580 0 8 233
601 3803347 582 4 3 49
602 3811940 583 6 4 5985
603 3814618 587 5 1 31
604 3814618 587 4 1 12
605 3823501 590 3 9 2305
606 3827192 591 8 10 2
607 3827192 591 7 1 1
608 3829975 594 0 5 74
609 3832906 595 0 9 1
610 3832906 595 5 9 1
611 3865996 602 8 1 81
612 3865996 602 8 3 56
613 3865996 602 6 5 30
614 3865996 602 6 9 19
615 3878647 606 10 1 70
616 3879008 607 10 9 5247
617 3890488 611 2 4 117
618 3974572 612 7 10 5
619 3974572 612 2 5 120
620 3974572 612 1 0 71
621 3974572 612 3 9 1
622 3974572 612 1 9 14
623 3974572 612 6 3 1
624 3974572 612 9 4 26
625 3974572 612 6 6 1
626 3974572 612 0 4 26
627 3974572 612 9 9 8
628 3974572 612 7 8 8
629 3974572 612 3 0 71
630 3974572 612 4 5 120
631 3981641 613 3 2 20
632 4061070 616 8 9 2
633 4061070 616 3 10 854
634 4061070 616 0 0 1977
635 4061070 616 5 6 72
636 4061070 616 6 1 2
637 4061070 616 6 3 145
638 4061070 616 2 6 72
639 4061070 616 0 3 20
640 4061070 616 4 9 2
641 4061070 616 3 9 11
642 4061070 616 5 9 14
643 4061070 616 5 4 3
644 4074772 621 6 8 18
645 4088191 626 2 9 226
646 4099447 628 1 7 2415
647 4107969 631 7 5 232
648 4136513 635 5 9 102
649 4137562 636 6 5 1003
650 4146951 638 0 6 40
651 4197055 644 9 2 101
652 4197055 644 1 3 10
653 4197055 644 6 8 1817
654 4197055 644 2 9 27
655 4197055 644 5 8 908
656 4197055 644 9 1 6
657 4197055 644 2 6 1
658 4197055 644 0 8 908
659 4200404 647 3 3 1338
660 4200938 649 4 1 3092
661 4201698 651 5 8 25
662 4205410 657 7 3 56
663 4206148 659 10 5 113
664 4207608 660 10 7 16605
665 4220890 668 5 3 3071
666 4220890 668 5 7 18
667 4221563 670 5 9 92
668 4287801 671 1 7 1
669 4287801 671 0 6 8
670 4287801 671 5 4 1342
671 4287801 671 7 2 19
672 4287801 671 10 1 238
673 4287801 671 3 4 1342
674 4287801 671 9 4 671
675 4287801 671 1 5 30
676 4287801 671 10 8 5
677 4287801 671 3 0 3
678 4287801 671 4 1 238
679 4287801 671 4 7 1
680 4287801 671 6 6 41
681 4287801 671 0 4 671
682 4287801 671 0 8 5
683 4287801 671 2 0 3
684 4290168 673 9 1 956
685 4301157 675 2 7 2702
686 4301157 675 2 6 44
687 4303535 677 6 8 67
688 4308063 678 7 4 9
689 4308063 678 8 9 660
690 4368981 683 10 0 1
691 4368981 683 2 9 30
692 4368981 683 9 1 25
693 4368981 683 8 6 10
694 4368981 683 1 1 50
695 4368981 683 10 6 135
696 4368981 683 6 4 638
697 4373691 687 5 7 16
698 4373691 687 5 8 7
699 4373691 687 2 8 23
700 4384700 689 9 4 318
701 4411940 690 4 5 4
702 4411940 690 8 4 1727
703 4435255 692 10 0 2
704 4547860 695 6 8 1
705 4547860 695 2 0 128
706 4547860 695 7 7 1
707 4547860 695 2 1 3
708 4547860 695 4 8 1
709 4547860 695 8 10 1
710 4547860 695 8 4 1
711 4547860 695 9 0 64
712 4547860 695 3 2 793
713 4547860 695 5 2 793
714 4547860 695 2 6 1
715 4547860 695 1 4 1
716 4547860 695 5 7 8
717 4547860 695 1 9 214
718 4547860 695 10 1 3
719 4547860 695 3 3 4
720 4552145 697 1 6 1569
721 4576113 698 10 3 1526
722 4576113 698 2 3 127
723 4576113 698 10 6 20
724 4576113 698 2 5 3
725 4576113 698 5 0 4
726 4576113 698 2 2 153
727 4576767 699 8 8 218
728 4577334 700 9 4 4666
729 4588807 701 2 9 1
730 4609400 702 4 7 81
731 4609400 702 3 8 11
732 4609400 702 4 5 112
733 4609400 702 4 10 74
734 4630183 703 9 10 81
735 4630183 703 2 5 40
736 4630183 703 2 2 4702
737 4630183 703 9 3 37
738 4631168 704 5 6 1995
739 4631168 704 9 6 3990
740 4635080 708 7 4 12039
741 4647710 710 3 8 105
742 4702347 718 10 8 1455
743 4702347 718 0 0 1
744 4702347 718 0 1 39
745 4702347 718 10 4 275
746 4702347 718 5 8 4366
747 4702347 718 5 0 1
748 4702347 718 8 1 39
749 4720893 723 3 8 7
750 4720893 723 6 9 23
751 4737227 727 2 7 5
752 4765539 732 0 3 15
753 4765539 732 7 5 26
754 4789769 735 9 7 1348
755 4789769 735 6 5 36
756 4789769 735 6 2 5
757 4789769 735 6 7 1348
758 4789769 735 9 1 6
759 4791431 736 2 6 1770
760 4797473 737 10 0 88
761 4806790 739 10 0 372
762 4806790 739 10 4 84
763 4862408 741 3 2 9
764 4862408 741 8 2 3
765 4862408 741 3 6 2
766 4862408 741 1 1 989
767 4862408 741 4 10 8
768 4862408 741 6 5 22
769 4862408 741 3 0 544
770 4862408 741 7 1 989
771 4862408 741 9 6 5
772 4862408 741 5 2 3
773 4864087 743 2 8 31
774 4873003 744 5 8 302
775 4873003 744 5 0 8
776 4874026 746 6 9 88
777 4874237 747 8 5 26
778 4884467 749 5 0 33
779 4884467 749 10 7 20
780 4885119 750 9 3 49
781 4933370 751 1 6 167
782 4933370 751 3 8 1
783 4933370 751 5 1 15
784 4933370 751 7 4 13
785 4933370 751 8 1 30
786 4933370 751 3 10 17
787 4933370 751 7 3 970
788 4933370 751 5 9 15
789 4933370 751 0 2 119
790 4933370 751 3 7 14
791 4933370 751 10 3 242
792 4942247 752 7 9 1
793 4954805 755 9 5 4130
794 4954805 755 9 6 4
795 4954805 755 9 8 92
796 4954805 755 9 7 346
797 4968398 757 7 0 7
798 4968398 757 5 5 578
799 4977156 762 4 1 36
800 5007758 766 2 4 48
801 5029296 768 8 5 373
802 5029296 768 8 1 41
803 5029296 768 0 5 373
804 5029296 768 0 0 103
805 5036346 773 6 10 17
806 5036346 773 8 10 34
807 5055352 780 9 5 34
808 5056164 781 0 3 77
809 5069897 791 8 1 1
810 5070706 794 4 6 74
811 5072536 797 3 10 18
812 5084042 802 5 0 43
813 5084042 802 10 2 4521
814 5084042 802 4 5 18
815 5091749 804 4 8 8560
816 5091749 804 4 0 117
817 5094047 805 1 6 154
818 5107436 815 4 7 813
819 5117903 821 6 9 68
820 5211749 822 4 9 1
821 5211749 822 10 6 8
822 5211749 822 9 9 1
823 5211749 822 5 6 4
824 5211749 822 2 5 26
825 5211749 822 4 2 9
826 5211749 822 1 0 1
827 5211749 822 6 0 4
828 5211749 822 8 6 4
829 5211749 822 5 0 16
830 5211749 822 10 8 239
831 5288178 823 1 5 4195
832 5288178 823 2 9 1
833 5288178 823 1 4 3553
834 5288178 823 3 5 599
835 5288178 823 8 9 3
836 5288178 823 3 6 282
837 5288178 823 5 10 1
838 5288178 823 9 4 7107
839 5288178 823 8 4 3553
840 5288178 823 9 6 1414
841 5288178 823 9 8 1
842 5288178 823 2 0 8
843 5288178 823 10 2 12
844 5312401 825 6 0 115
845 5312401 825 7 9 18
846 5312401 825 7 2 27
847 5312401 825 7 8 63
848 5312586 826 9 8 28
849 5343711 833 7 0 119
850 5372802 842 1 7 25
851 5377417 844 7 9 283
852 5387623 846 5 10 165
853 5387623 846 5 9 17114
854 5391918 852 3 9 48
855 5392725 853 9 0 60
856 5405548 857 9 2 15741
857 5413895 859 6 6 60
858 5422112 861 3 2 309
859 5422112 861 3 0 984
860 5429742 863 6 10 99
861 5429742 863 2 9 264
862 5481555 864 0 5 30
863 5481555 864 2 7 1
864 5481555 864 6 10 172
865 5481555 864 3 8 113
866 5481555 864 6 7 2
867 5495414 871 6 8 758
868 5498830 872 2 6 11
869 5508737 874 2 5 668
870 5515411 876 1 3 18
871 5516550 879 1 5 24
872 5522757 881 6 2 1685
873 5524407 885 10 5 37
874 5565238 886 3 4 1
875 5565238 886 9 9 1503
876 5565238 886 0 5 25
877 5565238 886 10 4 19
878 5565238 886 8 8 20
879 5572747 888 10 9 16
880 5579131 893 8 3 795
881 5614798 894 3 7 3
882 5614798 894 7 5 4
883 5614798 894 9 8 1
884 5614798 894 10 9 35
885 5617621 895 3 9 18
886 5650661 899 6 2 250
887 5657256 901 0 3 1484
888 5669769 903 1 10 49
889 5675927 905 8 8 95
890 5694993 907 4 6 136
891 5694993 907 4 1 233
892 5694993 907 4 2 821
893 5694993 907 4 0 36
894 5694993 907 4 7 6019
895 5694993 907 4 10 3
896 5694993 907 4 9 76
897 5694993 907 2 1 116
898 5703226 909 9 4 1528
899 5703226 909 9 10 26
900 5703892 910 10 5 3
901 5720748 913 10 2 38
902 5720748 913 4 2 19
903 5730659 917 9 9 199
904 5731134 918 1 8 100
905 5740813 920 8 10 8
906 5752663 925 8 0 184
907 5764267 926 7 4 65
908 5861022 929 0 7 2
909 5861022 929 7 6 54
910 5861022 929 10 5 227
911 5861022 929 4 8 4
912 5861022 929 2 2 8
913 5861022 929 1 1 3
914 5861022 929 8 0 25
915 5861022 929 6 10 1
916 5861022 929 10 6 54
917 5861022 929 0 0 5
918 5861022 929 0 1 2
919 5861022 929 6 6 54
920 5917310 930 0 5 22
921 5917310 930 5 9 71
922 5917310 930 8 6 13
923 5917310 930 8 0 69778
924 5917310 930 10 2 14
925 5917310 930 4 7 10
926 5917310 930 9 3 15
927 5917310 930 7 1 14
928 5917310 930 7 7 73
929 5917310 930 7 3 15
930 5917310 930 9 2 7
931 5968142 931 10 1 10
932 5968142 931 1 1 10
933 5968142 931 8 1 84
934 5968142 931 5 0 1056
935 5968142 931 4 1 10
936 5968142 931 0 4 909
937 5968142 931 0 6 17
938 5968142 931 4 3 49
939 6001779 932 8 4 43
940 6001779 932 3 1 779
941 6001779 932 7 3 16
942 6001779 932 5 8 6
943 6001779 932 7 10 23
944 6001779 932 5 4 6
945 6001779 932 0 10 23
946 6001779 932 3 9 4
947 6001779 932 7 2 3611
948 6001779 932 3 0 2
949 6001779 932 8 8 6
950 6005216 934 10 1 14278
951 6009850 937 4 6 76
952 6022403 940 0 7 99809
953 6112539 941 9 2 8
954 6112539 941 2 1 96
955 6112539 941 6 8 1
956 6112539 941 7 0 16
957 6112539 941 9 0 22
958 6112539 941 3 7 2
959 6112539 941 8 10 18
960 6112539 941 3 4 1
961 6112539 941 0 1 96
962 6112539 941 1 0 5
963 6112539 941 0 9 1305
964 6112539 941 4 2 10
965 6112539 941 0 0 5
966 6112539 941 7 5 55
967 6112539 941 3 8 2
968 6116272 946 1 9 112
969 6116272 946 7 9 37
970 6138986 954 6 9 78
971 6156379 959 10 3 152
972 6165715 961 10 5 343
973 6165715 961 5 5 343
974 6165715 961 6 5 2407
975 6169416 965 9 8 9024
976 6169416 965 10 8 564
977 6232449 967 5 9 2
978 6232449 967 7 0 29
979 6232449 967 4 7 243
980 6232449 967 6 4 14
981 6232449 967 6 3 8
982 6232449 967 6 6 3080
983 6232449 967 7 10 40
984 6232449 967 4 1 369
985 6232449 967 6 2 15
986 6234978 968 1 3 51
987 6235379 969 2 0 14
988 6269568 973 0 9 112
989 6269568 973 0 5 2131
990 6269568 973 2 7 85545
991 6269568 973 0 8 2624
992 6280554 979 4 7 105
993 6285406 983 0 10 188
994 6286289 985 5 10 2635
995 6291622 988 8 4 7153
996 6316768 994 6 5 97
997 6316768 994 2 1 1
998 6316768 994 6 1 1
999 6316768 994 8 0 3
