11 340 1000
0 20086 0 9 6 12
1 76661 3 10 9 40
2 76661 3 10 5 113
3 76661 3 9 10 1871
4 76661 3 10 1 14
5 76661 3 5 1 14
6 88735 4 8 0 205
7 140131 9 1 0 14
8 140131 9 7 9 45
9 140131 9 4 4 2
10 140131 9 7 4 2
11 140131 9 4 3 74
12 140131 9 1 5 35
13 140131 9 7 6 23
14 148691 10 4 1 8702
15 196720 13 10 9 18555
16 196720 13 1 4 340
17 196720 13 6 2 70
18 197364 14 7 6 107
19 203405 16 1 4 7
20 257362 17 1 10 1
21 257362 17 9 8 1
22 257362 17 6 9 1976
23 268524 18 1 8 1476
24 268524 18 1 10 164
25 302093 21 3 3 9711
26 302093 21 4 8 86
27 302093 21 3 10 68
28 302093 21 4 4 22
29 355568 29 2 3 99
30 355568 29 2 2 8778
31 358305 30 0 6 11
32 369188 32 6 4 72
33 389332 37 8 9 4214
34 389332 37 0 9 2107
35 389332 37 8 0 25
36 407844 39 10 5 6
37 411967 40 0 1 119
38 424333 41 10 10 49
39 436036 45 4 6 1063
40 436036 45 5 6 2127
41 436036 45 1 6 1063
42 453236 50 10 4 2237
43 573461 51 2 4 15
44 573461 51 9 10 1
45 573461 51 3 10 1
46 573461 51 2 2 5
47 582859 56 5 2 461
48 582859 56 5 6 86
49 647077 59 5 3 63
50 647077 59 2 1 67
51 647077 59 8 8 1
52 647077 59 1 10 3
53 647077 59 2 0 6
54 659624 62 8 5 5726
55 681309 66 0 7 227
56 681309 66 0 8 966
57 681309 66 0 1 84
58 681309 66 0 3 61
59 686535 68 5 4 1
60 726255 72 6 6 108
61 726255 72 6 7 60
62 802181 75 4 8 1
63 802181 75 10 5 1270
64 802181 75 0 8 1
65 802181 75 2 3 33
66 812015 77 0 4 105
67 814533 78 6 1 47
68 922297 84 3 1 24
69 922297 84 10 2 77
70 922297 84 4 6 1
71 922297 84 7 3 4
72 922297 84 2 0 15
73 922297 84 6 5 4
74 922297 84 10 5 4
75 922297 84 2 7 21
76 922297 84 2 2 231
77 922297 84 2 3 4
78 922297 84 6 9 6
79 922297 84 7 1 8
80 922297 84 4 3 4
81 922570 85 8 6 404
82 924146 87 5 7 210
83 958282 91 9 2 4953
84 958492 92 4 0 66
85 958492 92 9 0 133
86 973763 94 10 5 756
87 973763 94 9 5 756
88 973763 94 3 5 756
89 978814 96 0 5 44
90 993753 97 8 9 1843
91 993753 97 2 9 3687
92 1049429 99 0 4 28
93 1049429 99 0 3 63
94 1049429 99 7 5 5
95 1049429 99 0 5 5
96 1049429 99 9 9 85
97 1144860 102 9 6 7
98 1144860 102 9 10 21
99 1144860 102 2 4 4
100 1144860 102 1 5 14
101 1144860 102 6 8 14609
102 1144860 102 0 8 14609
103 1144860 102 7 10 21
104 1144860 102 8 3 17
105 1144860 102 5 6 1
106 1144860 102 4 4 4
107 1153977 103 3 5 87
108 1208293 108 5 3 13
109 1208293 108 8 0 226
110 1208293 108 7 0 3619
111 1208293 108 8 10 3
112 1214119 110 3 4 18
113 1214119 110 3 5 196
114 1231699 116 2 10 8305
115 1257564 118 8 5 16
116 1257564 118 0 2 55
117 1257564 118 7 5 16
118 1262060 122 6 1 49
119 1273693 126 0 0 119
120 1297852 127 0 1 237
121 1313353 132 6 0 21
122 1322609 134 0 3 7
123 1346658 136 8 6 21
124 1423494 137 6 7 198
125 1423494 137 0 7 3
126 1423494 137 10 9 2136
127 1423494 137 1 7 3
128 1423494 137 9 0 4
129 1431234 139 8 1 504
130 1446998 143 0 10 7810
131 1449155 144 0 4 125
132 1484589 150 2 1 14
133 1487769 152 4 1 1312
134 1572126 154 1 7 642
135 1572126 154 9 8 21
136 1572126 154 3 3 28
137 1572126 154 1 0 2
138 1572126 154 6 6 690
139 1572126 154 8 9 11
140 1670487 160 6 3 2
141 1670487 160 8 10 5
142 1670487 160 8 4 9
143 1670487 160 5 2 210
144 1670487 160 10 3 7
145 1670487 160 3 9 4
146 1703895 162 7 7 675
147 1703895 162 5 3 574
148 1703895 162 8 0 1899
149 1703895 162 10 3 382
150 1719626 165 6 5 220
151 1719626 165 2 3 372
152 1719626 165 3 3 93
153 1725043 168 2 2 15
154 1738440 170 3 7 102
155 1738440 170 3 10 19
156 1738440 170 3 5 103
157 1746642 172 7 8 29
158 1746642 172 7 2 54
159 1762903 174 5 6 24
160 1762903 174 5 4 18
161 1762903 174 7 7 14
162 1795930 177 3 5 42
163 1795930 177 0 7 35
164 1801447 181 9 0 206
165 1812476 186 8 0 11839
166 1818973 187 9 1 15
167 1827598 190 10 0 36
168 1827598 190 10 10 8155
169 1840517 192 3 6 110
170 1848171 197 1 1 1245
171 1916304 198 0 2 2
172 1916304 198 6 0 5
173 1916304 198 7 9 7
174 1916304 198 9 2 2
175 1916304 198 3 5 1
176 1916304 198 2 6 334
177 1916304 198 3 10 14
178 1916304 198 9 0 5
179 1916304 198 6 10 86
180 1916304 198 0 6 222
181 1916304 198 4 3 10
182 1916304 198 10 5 1
183 1916304 198 3 4 2
184 1924485 202 3 0 194
185 1945201 203 8 7 7494
186 1945201 203 7 8 150
187 1945201 203 8 1 5
188 1951392 206 3 6 88
189 1989610 214 0 7 47
190 1991307 216 6 5 29
191 1998577 217 9 5 39
192 1998577 217 6 4 13
193 2003247 219 4 5 7677
194 2004936 220 0 5 2340
195 2013798 223 7 2 68
196 2013798 223 3 2 68
197 2057166 229 2 1 1
198 2057166 229 0 3 28
199 2057166 229 0 0 10
200 2057166 229 2 8 118
201 2057166 229 0 10 5
202 2099189 230 0 8 16
203 2099189 230 8 0 12
204 2099189 230 8 7 2487
205 2099189 230 8 3 136
206 2180650 233 0 2 13
207 2180650 233 8 3 1
208 2180650 233 3 1 141
209 2180650 233 7 10 160
210 2180650 233 10 5 4
211 2180650 233 1 6 6
212 2180650 233 4 1 39
213 2217168 237 4 1 55
214 2217168 237 4 10 82
215 2217168 237 4 7 51
216 2217168 237 10 8 53
217 2217168 237 10 2 55
218 2219054 238 3 9 432
219 2314813 241 6 2 3905
220 2314813 241 4 2 1952
221 2314813 241 6 7 6
222 2314813 241 9 2 5857
223 2314813 241 1 4 14
224 2314813 241 7 10 1014
225 2319680 244 1 1 1
226 2324070 246 10 0 30
227 2324255 247 9 7 2966
228 2329541 251 2 5 87
229 2378464 259 5 3 1246
230 2378464 259 9 7 25
231 2378464 259 10 7 25
232 2378464 259 7 0 14
233 2378464 259 2 10 622
234 2378464 259 5 7 25
235 2378635 260 0 8 471
236 2471022 262 3 4 1
237 2471022 262 0 0 19
238 2471022 262 2 5 1
239 2471022 262 9 1 30
240 2471022 262 2 9 15
241 2471022 262 4 0 69
242 2471022 262 9 7 1
243 2471022 262 3 7 1
244 2484337 264 4 4 5132
245 2489321 266 3 10 42
246 2492217 268 9 0 17
247 2502540 269 4 0 22
248 2502540 269 4 1 4881
249 2520720 279 6 1 37
250 2534155 282 8 7 200
251 2534155 282 8 1 106
252 2547392 285 4 7 350
253 2547392 285 4 3 17
254 2693361 287 10 9 1
255 2693361 287 5 6 170
256 2693361 287 9 2 3
257 2693361 287 4 0 1
258 2693361 287 7 9 1
259 2693361 287 1 3 5
260 2693361 287 8 7 1615
261 2693361 287 3 9 1
262 2693361 287 7 7 807
263 2693361 287 0 9 1
264 2693361 287 6 5 4
265 2693361 287 10 5 4
266 2747779 291 4 9 182
267 2747779 291 8 2 34357
268 2747779 291 7 7 333
269 2747779 291 5 8 8
270 2747779 291 3 2 3435
271 2747779 291 1 2 3435
272 2747779 291 6 6 409
273 2747779 291 1 9 1096
274 2797661 292 7 0 6
275 2797661 292 8 0 6
276 2797661 292 6 10 1
277 2797661 292 6 9 1235
278 2797661 292 5 6 13
279 2797661 292 10 8 3054
280 2832031 298 1 2 37
281 2832031 298 9 1 12
282 2894229 303 8 1 25
283 2894229 303 10 0 1
284 2894229 303 2 7 1
285 2894229 303 0 2 1892
286 2928569 304 2 9 58
287 2928569 304 3 6 1731
288 2928569 304 2 7 8
289 2928569 304 2 5 23
290 2938378 307 5 4 3332
291 2955500 310 10 6 6
292 2965086 311 2 10 76
293 2965086 311 0 10 19
294 2969994 316 0 4 43
295 3047270 317 8 7 2009
296 3047270 317 4 9 5
297 3047270 317 10 7 1004
298 3047270 317 9 8 167
299 3047270 317 1 7 2009
300 3047270 317 6 5 3859
301 3047270 317 0 10 55
302 3047270 317 3 7 1004
303 3047270 317 3 4 10
304 3053908 320 5 0 8093
305 3075483 324 0 10 24
306 3075483 324 8 5 7
307 3119517 328 1 8 44
308 3119517 328 2 5 297
309 3119517 328 2 0 3
310 3132290 330 0 1 1349
311 3142764 335 1 3 1
312 3153996 337 4 6 86
313 3153996 337 4 8 4762
314 3153996 337 4 7 86
315 3177098 339 8 5 95
316 3177098 339 9 5 95
317 3177098 339 3 7 31
318 3212124 340 3 4 5
319 3212124 340 0 2 3
320 3218438 343 6 4 129
321 3237067 349 8 6 1136
322 3237067 349 6 6 8522
323 3254822 353 0 5 7115
324 3254822 353 0 8 90
325 3301101 368 0 7 1327
326 3317303 369 6 3 6
327 3317303 369 2 9 869
328 3351144 370 7 3 10
329 3351144 370 3 2 1
330 3351144 370 8 2 1
331 3396064 386 9 3 488
332 3400830 387 3 9 1
333 3424062 388 0 0 709
334 3424062 388 0 1 16
335 3424062 388 7 4 84
336 3424062 388 7 0 709
337 3424062 388 7 9 4765
338 3505570 390 9 5 6
339 3505570 390 5 3 2686
340 3505570 390 7 8 767
341 3505570 390 5 7 3
342 3505570 390 4 9 174
343 3505570 390 6 6 114
344 3505570 390 0 0 14
345 3505570 390 10 6 459
346 3505570 390 1 9 174
347 3505570 390 8 7 38
348 3534628 392 5 0 19
349 3534628 392 7 4 427
350 3534628 392 3 0 19
351 3534628 392 1 5 5135
352 3534628 392 4 9 3
353 3638397 395 3 7 1
354 3638397 395 10 2 2
355 3638397 395 3 6 54
356 3638397 395 1 3 52
357 3638397 395 8 8 33
358 3638397 395 5 0 2203
359 3638397 395 1 6 27
360 3638397 395 6 0 440
361 3638397 395 0 0 1322
362 3638397 395 1 8 33
363 3638397 395 9 1 1
364 3645537 396 8 1 405
365 3692224 402 2 3 65
366 3692224 402 9 10 117
367 3692224 402 2 0 126
368 3698800 405 7 5 15
369 3720032 407 2 10 6135
370 3720032 407 2 5 310
371 3790047 409 10 9 30
372 3790047 409 1 2 11
373 3790047 409 6 6 1
374 3790047 409 8 1 542
375 3790047 409 8 3 1
376 3790047 409 6 3 65
377 3790047 409 2 0 528
378 3790047 409 5 4 2
379 3790047 409 2 7 2
380 3790047 409 10 3 1
381 3828116 413 9 2 3014
382 3828116 413 9 10 29
383 3828116 413 2 3 25
384 3828116 413 9 0 144
385 3828116 413 9 3 3
386 3842711 420 9 1 29
387 3842711 420 9 10 64
388 3858693 422 0 7 62
389 3858693 422 9 7 4
390 3998297 428 6 5 822
391 3998297 428 5 10 4
392 3998297 428 8 10 8
393 3998297 428 0 3 3
394 3998297 428 3 2 2
395 3998297 428 10 10 4
396 3998297 428 1 8 2
397 3998297 428 6 2 1
398 3998297 428 4 2 1
399 3998297 428 8 1 7352
400 3998297 428 10 4 1
401 3998297 428 6 9 1
402 3998297 428 0 8 7
403 3998297 428 10 7 1
404 3998297 428 6 8 7
405 3998297 428 2 0 1
406 3998297 428 0 5 822
407 3998297 428 0 9 1
408 3998297 428 9 8 2
409 4068211 430 5 7 17
410 4068211 430 0 7 17
411 4068211 430 10 4 3
412 4068211 430 2 10 2
413 4068211 430 2 5 8
414 4068211 430 3 6 190
415 4068211 430 9 10 15
416 4073433 433 7 4 12730
417 4076737 434 3 2 37
418 4085389 435 0 6 24
419 4094452 440 5 0 14
420 4096012 441 7 3 52
421 4101706 443 6 8 4
422 4115059 448 10 1 2
423 4116485 449 9 6 39058
424 4116839 450 10 4 617
425 4183442 457 6 9 40
426 4183442 457 6 6 6
427 4183442 457 2 1 1
428 4183442 457 10 0 8
429 4183442 457 2 6 6
430 4183442 457 8 9 13
431 4189343 458 4 4 1978
432 4209906 460 1 5 102
433 4209906 460 1 4 4695
434 4209906 460 1 10 64
435 4263971 461 3 7 1
436 4263971 461 9 6 122
437 4263971 461 10 7 1
438 4263971 461 0 8 9
439 4263971 461 2 2 5
440 4263971 461 10 4 5
441 4263971 461 9 4 42
442 4263971 461 10 10 1
443 4268646 463 0 0 22
444 4440816 466 0 0 7
445 4440816 466 0 9 20
446 4440816 466 5 5 1
447 4440816 466 6 3 1801
448 4440816 466 10 0 7
449 4440816 466 6 6 16
450 4440816 466 4 8 1
451 4440816 466 8 0 7
452 4440816 466 5 3 3602
453 4440816 466 10 8 1
454 4440816 466 2 9 28
455 4440816 466 9 4 217
456 4440816 466 0 6 12
457 4440816 466 1 5 2
458 4440816 466 5 0 7
459 4440816 466 4 3 1801
460 4440816 466 9 8 1
461 4440816 466 2 7 10
462 4440816 466 8 4 217
463 4440816 466 5 10 4
464 4440816 466 10 6 16
465 4440816 466 3 4 2174
466 4440816 466 4 9 8
467 4440816 466 4 7 1
468 4482762 467 2 7 5
469 4482762 467 5 9 8
470 4482762 467 9 9 8
471 4482762 467 2 1 1
472 4482762 467 6 8 7
473 4506492 471 4 10 7385
474 4518248 472 4 0 7
475 4518248 472 8 0 14
476 4565760 473 8 8 104
477 4565760 473 0 2 7
478 4712890 475 5 8 2
479 4712890 475 10 0 1
480 4712890 475 0 0 2
481 4712890 475 6 1 13
482 4712890 475 7 1 10
483 4712890 475 2 5 2
484 4712890 475 4 2 3
485 4712890 475 10 10 5
486 4712890 475 0 2 1
487 4712890 475 6 8 5
488 4712890 475 8 6 4
489 4712890 475 4 7 4
490 4712890 475 0 9 5
491 4712890 475 8 2 3
492 4712890 475 2 4 8
493 4712890 475 4 8 2
494 4728746 477 2 1 282
495 4728746 477 2 3 89
496 4745207 480 4 8 89
497 4750107 483 5 10 8
498 4768011 487 5 2 306
499 4786586 489 8 10 15052
500 4935673 498 1 2 56
501 4935673 498 3 2 28
502 4935673 498 1 0 10
503 4935673 498 10 1 35
504 4935673 498 0 1 53
505 4935673 498 8 4 50
506 4935673 498 9 4 50
507 4935673 498 3 3 1
508 4935673 498 1 1 17
509 4935673 498 7 6 1
510 5037553 507 10 2 11
511 5037553 507 1 6 3
512 5037553 507 2 2 28
513 5037553 507 4 2 120
514 5037553 507 7 9 43
515 5037553 507 10 0 3
516 5037553 507 8 6 3
517 5037553 507 10 4 1429
518 5037553 507 2 6 3
519 5151847 513 2 9 20
520 5151847 513 8 10 2
521 5151847 513 1 4 300
522 5151847 513 1 0 1
523 5151847 513 8 6 80
524 5151847 513 4 8 1009
525 5151847 513 0 4 200
526 5151847 513 6 3 21
527 5151847 513 2 5 862
528 5151847 513 10 1 5
529 5168932 516 1 3 1
530 5168932 516 10 3 54
531 5169967 518 9 8 52
532 5178179 525 2 7 173
533 5192497 533 9 4 779
534 5206410 535 8 7 12
535 5209986 537 9 10 88
536 5209986 537 4 10 11
537 5209986 537 10 10 11
538 5213235 539 10 1 6
539 5232084 542 1 9 38
540 5232084 542 1 7 28344
541 5232084 542 1 5 33196
542 5258959 550 0 6 31
543 5278006 551 10 6 30
544 5282987 552 5 0 76
545 5428730 555 10 9 2
546 5428730 555 8 8 7
547 5428730 555 3 8 22
548 5428730 555 2 2 2628
549 5428730 555 6 7 3
550 5428730 555 9 1 95
551 5428730 555 4 3 202
552 5428730 555 0 7 3
553 5428730 555 10 6 47
554 5481200 556 8 1 1
555 5481200 556 3 1 1
556 5493233 557 3 4 51
557 5493233 557 3 0 5258
558 5508161 558 1 8 329
559 5508161 558 1 9 64
560 5508161 558 1 7 123
561 5510198 559 1 0 608
562 5513675 560 2 2 8
563 5531998 562 10 2 37
564 5545902 563 10 7 235
565 5545902 563 10 8 1666
566 5556747 565 1 2 99585
567 5557423 567 1 5 9237
568 5614253 569 2 8 1
569 5614253 569 7 2 26
570 5614253 569 4 2 52
571 5614253 569 10 3 1
572 5614253 569 9 9 2
573 5614253 569 6 2 170
574 5628339 575 6 8 15
575 5671334 576 10 10 989
576 5671334 576 0 1 1
577 5671334 576 10 1 1
578 5671334 576 1 6 4
579 5678940 578 6 8 233
580 5705021 582 4 4 50
581 5705021 582 4 5 179
582 5705021 582 4 1 20340
583 5705021 582 4 10 93
584 5721927 587 2 1 6
585 5730688 588 4 8 19655
586 5730688 588 4 3 51
587 5744329 593 9 9 1350
588 5750263 596 9 1 190
589 5798994 602 6 6 1
590 5798994 602 8 1 81
591 5798994 602 8 4 906
592 5798994 602 8 3 56
593 5798994 602 6 3 169
594 5800025 603 2 10 133
595 5801421 605 4 6 53
596 5817971 606 10 6 184
597 5822141 610 1 3 27
598 5835732 611 1 4 39
599 5835732 611 0 8 1981
600 5835732 611 8 2 17
601 5961858 612 1 5 120
602 5961858 612 4 5 120
603 5961858 612 0 3 1
604 5961858 612 10 7 2539
605 5961858 612 1 2 897
606 5961858 612 5 9 1
607 5961858 612 6 7 2539
608 5961858 612 9 2 1346
609 5961858 612 8 4 26
610 5961858 612 2 1 16
611 5961858 612 4 6 1
612 5961858 612 4 2 448
613 5961858 612 10 6 3
614 5961858 612 2 2 448
615 5961858 612 9 6 3
616 5961858 612 8 10 5
617 5961858 612 8 6 1
618 5972462 613 3 10 14831
619 5972462 613 3 4 36562
620 5972462 613 3 0 119
621 5972462 613 3 5 22
622 5972462 613 3 2 20
623 6091605 616 0 10 12823
624 6091605 616 2 8 1
625 6091605 616 4 2 11
626 6091605 616 5 8 1
627 6091605 616 9 5 1227
628 6091605 616 6 5 1227
629 6091605 616 1 8 1
630 6091605 616 10 9 2
631 6091605 616 1 1 18
632 6091605 616 7 5 3683
633 6091605 616 1 0 1483
634 6091605 616 8 7 200
635 6091605 616 6 2 1
636 6091605 616 3 1 1
637 6091605 616 3 6 36
638 6091605 616 2 10 854
639 6115546 624 2 5 2839
640 6115546 624 8 5 2839
641 6132286 626 2 0 55
642 6132286 626 2 6 1690
643 6149171 628 1 7 2415
644 6149171 628 1 10 95
645 6149171 628 1 2 47
646 6150941 630 10 6 226
647 6161954 631 9 6 70
648 6161954 631 2 6 351
649 6191743 633 5 1 368
650 6191743 633 5 5 19724
651 6191743 633 5 9 17
652 6197418 634 7 7 20
653 6204769 635 5 1 1250
654 6204769 635 5 8 1373
655 6206343 636 6 5 1003
656 6212377 637 4 10 24
657 6220852 639 2 3 55
658 6295582 644 5 8 908
659 6295582 644 6 6 1
660 6295582 644 5 0 8
661 6295582 644 1 3 10
662 6299133 646 5 9 12
663 6304193 653 7 10 4838
664 6319929 663 1 1 14315
665 6331335 668 5 4 33132
666 6331335 668 5 7 18
667 6431702 671 10 10 4
668 6431702 671 8 8 5
669 6431702 671 4 2 13
670 6431702 671 6 6 41
671 6431702 671 2 1 476
672 6431702 671 5 2 6
673 6431702 671 0 6 8
674 6431702 671 5 9 8
675 6431702 671 9 6 8
676 6431702 671 6 2 6
677 6431702 671 4 7 1
678 6435252 673 0 1 956
679 6451736 675 2 9 21
680 6451736 675 2 8 300
681 6462095 678 8 9 660
682 6473737 681 7 5 12
683 6553471 683 3 6 31
684 6553471 683 0 5 12
685 6553471 683 10 6 135
686 6553471 683 5 1 25
687 6553471 683 5 8 11
688 6553471 683 7 7 548
689 6553471 683 2 2 1527
690 6553471 683 0 8 5
691 6555153 685 1 4 41
692 6560537 687 0 2 16
693 6560537 687 2 8 23
694 6560537 687 5 8 7
695 6577050 689 9 10 4
696 6617910 690 0 6 14
697 6617910 690 0 7 11086
698 6617910 690 0 9 34
699 6617910 690 4 10 4
700 6619652 691 8 2 24
701 6652883 692 7 4 19
702 6652883 692 10 7 4345
703 6652883 692 6 10 51
704 6652883 692 6 7 181
705 6664182 693 8 4 80
706 6821790 695 10 4 1
707 6821790 695 7 3 4
708 6821790 695 4 6 1
709 6821790 695 6 2 1587
710 6821790 695 10 3 35
711 6821790 695 6 4 8
712 6821790 695 2 1 3
713 6821790 695 9 5 7
714 6821790 695 4 7 1
715 6821790 695 2 9 1503
716 6821790 695 9 0 64
717 6821790 695 4 0 21
718 6821790 695 5 0 21
719 6821790 695 3 3 4
720 6821790 695 2 2 793
721 6821790 695 0 7 2
722 6821790 695 7 1 3
723 6828217 697 2 1 77
724 6864170 698 2 10 32
725 6865151 699 8 8 218
726 6883211 701 8 9 1
727 6883211 701 6 9 1
728 6883211 701 4 2 3
729 6914100 702 4 9 6
730 6914100 702 3 1 61
731 6945275 703 9 8 52
732 6945275 703 9 5 40
733 6945275 703 2 3 37
734 6945275 703 2 0 74
735 6946752 704 5 6 1995
736 6971565 710 3 4 1221
737 6971565 710 3 1 44
738 6972646 711 9 10 28
739 6989825 714 2 2 9758
740 6989825 714 10 2 29274
741 7053521 718 8 9 31
742 7053521 718 2 10 21
743 7053521 718 5 9 11729
744 7053521 718 6 10 2
745 7053521 718 2 4 27
746 7053521 718 8 5 263
747 7053521 718 7 4 27
748 7081340 723 6 1 1
749 7081340 723 3 8 7
750 7081340 723 6 5 29
751 7081340 723 6 6 66
752 7107287 728 3 9 53
753 7148308 732 7 2 240
754 7149013 733 9 8 3956
755 7184654 735 6 5 36
756 7184654 735 9 6 47
757 7196209 737 10 0 88
758 7293613 741 10 7 2
759 7293613 741 6 7 14
760 7293613 741 9 5 11
761 7293613 741 6 8 1
762 7294628 742 7 10 31
763 7309504 744 5 8 302
764 7326701 749 5 4 26
765 7326701 749 10 5 24
766 7326701 749 2 7 20
767 7400055 751 7 4 13
768 7400055 751 9 2 119
769 7400055 751 1 0 23
770 7400055 751 9 5 343
771 7400055 751 10 10 17
772 7400055 751 8 4 13
773 7432208 755 9 9 56
774 7452597 757 7 5 578
775 7452597 757 1 5 578
776 7452597 757 7 0 7
777 7465734 762 9 1 36
778 7511638 766 2 7 7
779 7511638 766 5 3 1
780 7543944 768 0 5 373
781 7543944 768 8 2 620
782 7573480 778 0 1 279
783 7573480 778 6 9 7
784 7583029 780 0 2 6098
785 7588081 782 0 4 1
786 7598272 787 4 4 18
787 7598272 787 1 4 3
788 7605325 793 4 7 6073
789 7622427 801 9 6 20
790 7626063 802 4 5 18
791 7626063 802 5 2 4521
792 7661154 815 4 7 813
793 7817623 822 3 8 239
794 7817623 822 4 10 1
795 7817623 822 6 7 8297
796 7817623 822 2 9 1
797 7817623 822 4 2 9
798 7817623 822 6 2 3
799 7817623 822 2 7 1244
800 7817623 822 6 3 1
801 7817623 822 3 4 1
802 7817623 822 9 4 1
803 7817623 822 6 6 4
804 7817623 822 5 7 138
805 7817623 822 1 9 5
806 7817623 822 1 6 4
807 7932267 823 8 5 1198
808 7932267 823 10 0 8
809 7932267 823 9 4 7107
810 7932267 823 1 4 3553
811 7932267 823 10 9 1
812 7932267 823 5 9 1
813 7932267 823 8 10 1
814 7932267 823 3 6 282
815 7932267 823 3 4 3553
816 7932267 823 2 4 3553
817 7932267 823 2 1 969
818 7932267 823 1 2 6
819 7932267 823 1 9 1
820 7968602 825 4 2 27
821 7968602 825 0 1 19
822 7968602 825 0 8 63
823 7989207 830 1 5 5
824 7989207 830 0 1 24
825 8015566 833 7 8 800
826 8032414 834 9 10 1400
827 8041074 839 8 3 4
828 8059203 842 1 3 757
829 8059203 842 1 8 2391
830 8059203 842 1 5 143
831 8108322 857 9 8 57
832 8120842 859 6 10 7
833 8133169 861 3 4 112
834 8133169 861 3 0 984
835 8144614 863 6 10 99
836 8222332 864 9 1 4
837 8222332 864 3 4 5
838 8222332 864 10 7 1
839 8222332 864 10 5 15
840 8222332 864 10 1 14
841 8222332 864 3 8 113
842 8248245 872 2 4 147
843 8248245 872 6 6 114
844 8248245 872 2 6 11
845 8263106 874 2 5 668
846 8270466 875 5 7 18
847 8273117 876 1 3 18
848 8274826 879 1 5 24
849 8284135 881 5 2 2247
850 8285383 884 0 6 33
851 8347857 886 5 9 751
852 8347857 886 8 4 1
853 8347857 886 3 0 14
854 8347857 886 5 6 555
855 8347857 886 2 2 1476
856 8347857 886 7 5 25
857 8359121 888 10 0 12
858 8359121 888 10 6 3020
859 8359121 888 10 1 119
860 8359121 888 10 7 651
861 8367535 892 10 7 320
862 8422198 894 4 5 8
863 8422198 894 7 7 1
864 8422198 894 5 1 19
865 8422198 894 2 8 1
866 8422198 894 5 3 6
867 8422198 894 4 8 1
868 8422198 894 8 5 30
869 8458654 896 1 10 33
870 8458654 896 8 9 10
871 8475991 899 6 9 33179
872 8475991 899 6 10 114
873 8485884 901 5 2 30
874 8485884 901 9 2 30
875 8485884 901 10 3 7420
876 8504653 903 1 10 49
877 8513891 905 8 8 95
878 8513891 905 3 8 95
879 8516319 906 8 8 271
880 8542490 907 2 5 23
881 8542490 907 4 4 22
882 8542490 907 4 10 3
883 8542490 907 2 8 156
884 8542490 907 4 8 14
885 8554839 909 9 6 8913
886 8555838 910 10 5 3
887 8581122 913 2 2 19
888 8586922 915 5 10 65
889 8595988 917 9 9 199
890 8608262 919 5 1 1
891 8608262 919 7 1 9
892 8612310 921 3 9 79
893 8612931 922 1 4 99
894 8628574 924 5 6 11
895 8646401 926 7 1 61
896 8646401 926 7 2 58
897 8646401 926 7 3 71
898 8646401 926 7 0 37
899 8647605 927 7 0 85
900 8649058 928 1 10 51
901 8791533 929 7 9 4
902 8791533 929 7 1 18
903 8791533 929 5 3 3
904 8791533 929 5 8 4
905 8791533 929 2 4 2635
906 8791533 929 2 8 4
907 8791533 929 10 10 1
908 8791533 929 0 10 1
909 8791533 929 10 2 4
910 8791533 929 1 3 6
911 8791533 929 0 1 2
912 8791533 929 1 5 227
913 8791533 929 3 7 2
914 8791533 929 4 7 2
915 8791533 929 7 4 878
916 8875965 930 6 10 1367
917 8875965 930 0 2 7
918 8875965 930 2 8 1548
919 8875965 930 1 10 683
920 8875965 930 9 0 9968
921 8875965 930 10 10 683
922 8875965 930 10 0 7476
923 8875965 930 9 3 15
924 8875965 930 6 7 10
925 8875965 930 5 9 71
926 8875965 930 5 7 10
927 8875965 930 0 5 22
928 8875965 930 1 6 13
929 8952214 931 5 10 225
930 8952214 931 8 10 225
931 8952214 931 7 5 2443
932 8952214 931 4 4 909
933 8952214 931 8 8 4
934 8952214 931 4 3 49
935 8952214 931 3 9 2119
936 8952214 931 10 8 16
937 9002668 932 7 2 3611
938 9002668 932 4 2 902
939 9002668 932 0 10 23
940 9002668 932 7 3 16
941 9002668 932 6 10 47
942 9002668 932 7 1 6232
943 9002668 932 5 6 69
944 9002668 932 4 8 67
945 9002668 932 2 2 2708
946 9002668 932 3 3 3
947 9002668 932 10 6 4
948 9002668 932 9 4 6
949 9016282 938 9 5 48
950 9033605 940 0 2 131
951 9033605 940 0 4 44
952 9033605 940 0 0 266
953 9168808 941 7 9 1305
954 9168808 941 0 0 5
955 9168808 941 3 9 1305
956 9168808 941 9 8 1
957 9168808 941 4 4 32
958 9168808 941 7 10 36
959 9168808 941 6 8 1
960 9168808 941 1 3 1
961 9168808 941 0 5 13
962 9168808 941 10 3 1
963 9168808 941 6 10 18
964 9168808 941 5 6 2
965 9168808 941 2 5 27
966 9168808 941 10 10 36
967 9168808 941 0 7 1
968 9187447 948 0 7 18
969 9187447 948 6 7 18
970 9203621 950 2 8 14
971 9203621 950 9 8 7
972 9215475 957 8 9 17
973 9234568 959 10 0 127
974 9248573 961 3 5 343
975 9248573 961 4 5 343
976 9348674 967 0 2 15
977 9348674 967 7 10 40
978 9348674 967 5 5 7
979 9348674 967 1 8 44
980 9348674 967 0 0 9
981 9348674 967 5 7 486
982 9348674 967 6 3 8
983 9348674 967 0 7 243
984 9348674 967 0 10 13
985 9348674 967 6 5 7
986 9348674 967 6 8 44
987 9378675 972 10 9 152
988 9404353 973 0 9 112
989 9404353 973 0 8 2624
990 9404353 973 0 6 19
991 9411808 977 7 2 1705
992 9411808 977 2 2 5970
993 9420832 979 0 8 1268
994 9428109 983 0 10 188
995 9430472 986 1 0 968
996 9438116 989 8 5 56
997 9475153 994 6 5 97
998 9475153 994 8 4 38
999 9492169 998 5 3 1030
