11 345 1000
0 15064 0 1 1 3
1 15064 0 9 3 1560
2 15064 0 1 2 152
3 15064 0 9 2 76
4 15064 0 1 0 2
5 15336 1 9 1 33309
6 57496 3 5 2 11041
7 57496 3 9 6 284
8 57496 3 9 1 84
9 105098 9 4 10 25
10 105098 9 1 9 7
11 105098 9 1 4 2
12 147540 13 10 4 340
13 147540 13 3 4 1361
14 152553 16 1 4 7
15 193021 17 7 1 44
16 193021 17 10 3 93
17 193021 17 6 1 88
18 193021 17 10 9 1317
19 193021 17 2 4 12
20 193021 17 2 5 100
21 193021 17 9 7 5
22 193021 17 1 8 1
23 201393 18 1 2 19
24 226569 21 4 10 27
25 228043 22 6 5 14781
26 231159 23 8 10 4218
27 231159 23 5 10 4218
28 244653 27 6 0 130
29 244653 27 1 0 130
30 266676 29 10 9 5
31 273916 31 5 6 1
32 273916 31 4 7 4140
33 273916 31 3 3 475
34 278634 36 3 4 53
35 291999 37 3 9 6321
36 291999 37 6 0 25
37 291999 37 4 10 4
38 301331 38 10 5 110
39 318249 41 10 7 58
40 325607 44 1 2 89
41 327027 45 4 6 1063
42 329198 48 8 8 26
43 339927 50 7 8 1
44 430095 51 0 3 107
45 430095 51 7 3 15
46 430095 51 5 3 15
47 430095 51 2 8 3
48 430095 51 0 5 33
49 430095 51 9 2 5
50 437144 56 5 2 461
51 485307 59 2 1 67
52 485307 59 8 4 6
53 485307 59 2 5 14
54 494306 61 7 4 126
55 510981 66 0 2 233
56 510981 66 0 6 59
57 510981 66 0 7 227
58 510981 66 0 10 2896
59 510981 66 0 8 966
60 510981 66 0 0 2
61 514901 68 4 4 13
62 531169 70 3 7 1
63 544691 72 6 0 6120
64 601635 75 0 9 1
65 601635 75 1 10 3
66 601635 75 1 6 163
67 601635 75 4 2 7002
68 601635 75 8 9 1
69 601635 75 2 1 591
70 601635 75 2 3 33
71 609011 77 0 4 105
72 619545 83 0 2 165
73 691723 84 6 2 308
74 691723 84 7 1 8
75 691723 84 6 5 4
76 691723 84 4 3 4
77 691723 84 6 8 1
78 691723 84 2 0 15
79 691723 84 2 9 84
80 691723 84 4 8 3
81 693110 87 5 7 210
82 710423 89 7 4 298
83 718711 91 3 2 550
84 730322 94 5 5 756
85 734110 96 10 5 88
86 745314 97 8 9 1843
87 787072 99 0 5 5
88 787072 99 7 4 28
89 787072 99 7 6 5
90 787072 99 7 7 12
91 788194 100 7 2 57
92 858645 102 8 1 91
93 858645 102 5 7 2
94 858645 102 8 3 17
95 858645 102 0 8 14609
96 858645 102 9 4 16
97 858645 102 4 4 4
98 865483 103 8 5 6
99 871143 104 4 6 5599
100 871143 104 4 10 38979
101 906220 108 8 0 226
102 906220 108 2 0 226
103 906220 108 3 2 1
104 910589 110 3 1 64
105 910782 111 4 0 2184
106 914386 114 6 9 34
107 915743 115 10 6 95
108 923774 116 2 4 113
109 932674 117 0 0 125
110 943173 118 1 5 301
111 946545 122 0 1 98
112 973389 127 0 6 358
113 1009993 136 1 4 6084
114 1009993 136 1 6 153
115 1009993 136 1 3 16
116 1067620 137 1 10 222
117 1067620 137 2 8 4
118 1067620 137 0 8 14
119 1067620 137 9 4 99
120 1067620 137 4 1 25
121 1073443 140 7 4 142
122 1100632 146 7 8 1332
123 1100632 146 4 3 36
124 1101292 147 9 6 19051
125 1104819 148 0 10 87
126 1105030 149 7 7 229
127 1113442 150 2 9 28
128 1113442 150 2 1 14
129 1179094 154 8 8 21
130 1179094 154 1 6 460
131 1179094 154 1 10 17
132 1179094 154 3 7 1284
133 1179094 154 6 7 3210
134 1179094 154 0 7 642
135 1179094 154 8 1 5
136 1179094 154 5 1 33
137 1179094 154 2 2 249
138 1179094 154 3 2 249
139 1252865 160 7 6 19
140 1252865 160 4 10 11
141 1252865 160 9 1 1
142 1252865 160 5 6 2
143 1252865 160 10 3 7
144 1252865 160 6 3 2
145 1252865 160 6 9 4
146 1252865 160 7 9 4
147 1252865 160 5 8 306
148 1252865 160 3 7 1
149 1277921 162 10 3 382
150 1277921 162 8 6 14
151 1289719 165 9 5 110
152 1291091 167 2 5 23577
153 1293782 168 5 2 15
154 1303830 170 3 5 103
155 1303830 170 3 6 163
156 1304040 171 4 8 604
157 1322177 174 1 2 9
158 1322177 174 1 3 36
159 1322177 174 6 10 9
160 1322177 174 7 2 9
161 1322177 174 2 3 36
162 1323428 175 2 6 13
163 1323428 175 5 6 13
164 1346947 177 3 0 359
165 1346947 177 3 1 25986
166 1346947 177 0 9 9
167 1351491 182 5 6 2663
168 1356575 184 3 5 54
169 1364230 187 9 9 71
170 1437228 198 2 10 7
171 1437228 198 4 5 9
172 1437228 198 0 6 222
173 1437228 198 4 9 7
174 1437228 198 7 4 2
175 1437228 198 6 3 20
176 1437228 198 9 1 4
177 1437228 198 7 9 7
178 1437495 199 7 0 72
179 1443363 202 3 10 415
180 1443363 202 3 0 194
181 1458900 203 7 10 2495
182 1458900 203 7 6 48
183 1462007 205 0 3 62
184 1462007 205 3 2 11780
185 1466946 207 7 0 68
186 1467180 208 10 7 217
187 1472768 209 4 5 39
188 1472768 209 7 5 39
189 1488442 210 5 3 7
190 1488442 210 2 3 1
191 1488442 210 4 3 1
192 1491109 211 9 6 59
193 1491198 213 8 4 106
194 1498932 217 4 4 150
195 1501938 218 1 2 17074
196 1542874 229 0 9 74
197 1542874 229 6 0 10
198 1542874 229 0 7 28
199 1542874 229 2 10 5
200 1542874 229 2 0 31
201 1542874 229 2 6 55
202 1542874 229 0 6 27
203 1542874 229 2 1 1
204 1574392 230 3 10 5
205 1574392 230 0 10 8
206 1574392 230 3 7 226
207 1576898 231 8 6 2
208 1576898 231 4 6 2
209 1635487 233 10 10 9
210 1635487 233 0 1 4
211 1635487 233 8 10 9
212 1635487 233 2 7 1
213 1635487 233 3 5 1
214 1636738 234 1 7 11379
215 1662876 237 10 5 107
216 1662876 237 10 4 215
217 1662876 237 4 1 55
218 1664290 238 3 7 58456
219 1673235 239 5 1 9
220 1673235 239 10 1 9
221 1736110 241 1 3 1
222 1736110 241 6 1 6
223 1736110 241 4 7 12
224 1736110 241 3 5 8412
225 1739760 244 2 1 1
226 1745721 249 5 5 21
227 1746299 250 3 9 15
228 1783848 259 5 7 25
229 1783848 259 5 3 1246
230 1783848 259 3 8 4050
231 1783848 259 2 1 1783
232 1783848 259 4 7 25
233 1853267 262 0 4 1
234 1853267 262 3 5 2
235 1853267 262 0 3 1
236 1853267 262 0 6 8
237 1853267 262 3 0 9
238 1853267 262 8 4 11
239 1861949 263 2 10 1524
240 1876905 269 4 1 4881
241 1900616 282 8 1 106
242 1900616 282 8 6 237
243 1910544 285 4 5 15527
244 2020021 287 4 0 1
245 2020021 287 4 1 3
246 2020021 287 9 7 807
247 2020021 287 4 5 2
248 2020021 287 10 0 1
249 2020021 287 8 5 2
250 2020021 287 6 4 1
251 2020021 287 9 0 1
252 2020021 287 3 4 1
253 2060834 291 0 1 128
254 2060834 291 10 1 2688
255 2060834 291 0 8 26
256 2060834 291 5 7 111
257 2060834 291 2 0 8
258 2060834 291 1 2 3435
259 2060834 291 1 0 1
260 2098246 292 5 6 13
261 2098246 292 7 8 218
262 2098246 292 8 0 6
263 2098246 292 1 8 1090
264 2098246 292 3 0 12
265 2101260 294 0 5 99583
266 2104152 295 6 4 6
267 2124023 298 9 9 5
268 2124023 298 1 6 844
269 2124023 298 1 10 121
270 2124023 298 1 3 1
271 2124023 298 1 2 37
272 2124023 298 9 7 60
273 2170672 303 10 2 1892
274 2170672 303 9 6 1193
275 2170672 303 1 7 3
276 2170672 303 0 2 1892
277 2170672 303 8 10 14
278 2170672 303 3 10 14
279 2170672 303 4 0 158
280 2196427 304 3 7 25
281 2196427 304 2 0 206
282 2196427 304 3 1 7
283 2196427 304 2 1 7
284 2196427 304 2 3 929
285 2196427 304 2 7 8
286 2202409 306 7 9 19562
287 2212373 308 6 5 6089
288 2223814 311 6 4 133
289 2285453 317 6 9 10
290 2285453 317 3 7 1004
291 2285453 317 10 7 1004
292 2285453 317 10 5 964
293 2285453 317 0 10 55
294 2285453 317 8 10 110
295 2285453 317 2 3 54
296 2285453 317 1 7 2009
297 2313701 327 2 1 180
298 2339638 328 6 9 2
299 2339638 328 6 3 1
300 2349218 330 0 2 201
301 2349218 330 0 6 47
302 2357073 335 1 9 28
303 2357073 335 1 3 1
304 2382823 339 7 3 430
305 2382823 339 8 3 215
306 2409093 340 9 1 3
307 2409093 340 7 9 15
308 2413581 342 7 4 33
309 2441117 353 0 1 6
310 2448950 359 6 9 55
311 2462374 362 8 2 2
312 2462374 362 5 2 1
313 2466330 363 4 4 31
314 2487977 369 6 3 6
315 2487977 369 3 3 18
316 2513358 370 2 8 3
317 2513358 370 6 9 23
318 2513358 370 0 10 11
319 2513358 370 6 5 4
320 2513358 370 7 9 23
321 2513358 370 3 2 1
322 2520100 379 3 3 2
323 2538763 380 10 2 57
324 2541471 382 1 0 15
325 2547048 386 8 3 1952
326 2568046 388 7 0 709
327 2568046 388 7 1 98
328 2568046 388 7 8 88
329 2629177 390 0 0 14
330 2629177 390 3 4 27
331 2629177 390 0 9 349
332 2629177 390 2 4 27
333 2629177 390 0 10 1
334 2629177 390 8 10 1
335 2629177 390 3 10 26
336 2629177 390 9 10 1
337 2629177 390 1 3 298
338 2650971 392 3 9 3
339 2650971 392 3 0 19
340 2650971 392 7 5 1283
341 2650971 392 6 5 3851
342 2728798 395 3 5 177
343 2728798 395 6 9 17890
344 2728798 395 4 9 2555
345 2728798 395 8 2 1
346 2728798 395 5 5 177
347 2728798 395 6 0 440
348 2728798 395 6 8 33
349 2728798 395 1 3 52
350 2728798 395 2 4 1
351 2734153 396 3 1 405
352 2770500 404 2 0 10
353 2790024 407 2 3 139
354 2842535 409 8 0 1056
355 2842535 409 10 4 4
356 2842535 409 2 1 542
357 2842535 409 2 8 120
358 2842535 409 1 1 1084
359 2850303 412 7 1 86
360 2871087 413 2 5 900
361 2871087 413 2 7 32
362 2871087 413 2 4 4707
363 2871087 413 9 8 10548
364 2876413 418 6 5 259
365 2882033 420 9 1 29
366 2894020 422 10 3 54
367 2907155 425 10 3 34
368 2998723 428 5 10 4
369 2998723 428 2 7 1
370 2998723 428 3 2 2
371 2998723 428 0 3 3
372 2998723 428 3 8 2
373 2998723 428 10 8 2
374 2998723 428 2 3 3
375 2998723 428 5 7 1
376 2998723 428 9 4 1
377 2998723 428 5 0 1
378 2998723 428 4 5 822
379 2998723 428 10 6 1
380 2998723 428 2 8 2
381 2998723 428 10 0 1
382 2998723 428 9 9 1
383 2998723 428 5 8 2
384 2998723 428 10 10 4
385 2998723 428 1 1 668
386 2998723 428 7 0 1
387 2998723 428 0 8 7
388 2998723 428 0 9 1
389 3051158 430 2 0 2
390 3051158 430 0 8 2
391 3051158 430 1 4 24
392 3051158 430 5 3 2
393 3051158 430 8 6 190
394 3051158 430 4 10 5
395 3051158 430 10 3 29
396 3051158 430 8 2 36
397 3051158 430 7 3 21
398 3053975 431 6 0 184
399 3064042 435 0 1 108
400 3064042 435 2 0 163
401 3064042 435 2 6 24
402 3086294 448 10 1 2
403 3095344 455 5 0 30
404 3137581 457 0 9 13
405 3137581 457 10 10 5
406 3157430 460 1 7 335
407 3197978 461 8 5 283
408 3197978 461 3 2 27
409 3197978 461 6 9 85
410 3197978 461 8 0 1
411 3197978 461 6 5 4
412 3197978 461 4 6 122
413 3197978 461 5 5 163
414 3197978 461 3 6 614
415 3197978 461 7 5 1
416 3197978 461 2 8 9
417 3197978 461 6 1 34
418 3197978 461 7 10 1
419 3197978 461 1 2 11
420 3197978 461 10 10 1
421 3197978 461 0 8 9
422 3201484 463 2 0 60
423 3330612 466 1 7 1
424 3330612 466 2 5 1
425 3330612 466 0 3 1801
426 3330612 466 1 6 4
427 3330612 466 6 1 2
428 3330612 466 2 6 20
429 3330612 466 6 0 7
430 3330612 466 6 7 1
431 3330612 466 1 8 1
432 3330612 466 5 10 4
433 3330612 466 3 10 2
434 3330612 466 9 5 1
435 3330612 466 7 7 1
436 3330612 466 7 10 2
437 3330612 466 1 1 2
438 3330612 466 3 9 4
439 3330612 466 6 9 4
440 3330612 466 0 0 7
441 3330612 466 5 3 3602
442 3362071 467 0 1 1
443 3362071 467 9 5 5
444 3362071 467 4 3 45
445 3362071 467 9 1 1
446 3362071 467 2 1 1
447 3370707 468 7 5 422
448 3370707 468 7 9 22
449 3370707 468 7 6 61
450 3372807 469 6 4 541
451 3379869 471 5 10 923
452 3388686 472 6 0 14
453 3388686 472 3 0 7
454 3388686 472 0 0 7
455 3424320 473 5 3 14
456 3424320 473 3 6 5
457 3424320 473 1 9 12
458 3424320 473 10 8 52
459 3424320 473 4 7 3
460 3424320 473 6 9 2
461 3424320 473 3 7 3
462 3534667 475 2 9 5
463 3534667 475 1 8 2
464 3534667 475 10 2 3
465 3534667 475 2 7 4
466 3534667 475 4 8 2
467 3534667 475 8 5 2
468 3534667 475 9 5 2
469 3534667 475 10 9 10
470 3534667 475 6 1 13
471 3534667 475 3 0 1
472 3534667 475 7 9 5
473 3534667 475 6 2 1
474 3534667 475 2 10 51
475 3534667 475 8 10 5
476 3534667 475 7 0 1
477 3534667 475 5 3 1
478 3534667 475 5 7 9
479 3534667 475 2 1 3
480 3546559 477 2 0 196
481 3546559 477 2 5 349
482 3562580 483 5 10 8
483 3569876 486 6 1 461
484 3576008 487 5 3 3411
485 3576462 488 10 4 7643
486 3589939 489 3 8 69
487 3589939 489 9 8 8
488 3589939 489 8 10 15052
489 3589939 489 0 0 785
490 3593207 491 2 10 39
491 3701754 498 5 2 9
492 3701754 498 10 3 4
493 3701754 498 1 2 56
494 3701754 498 6 8 514
495 3701754 498 0 7 7
496 3701754 498 6 4 50
497 3701754 498 2 2 23
498 3701754 498 2 8 514
499 3701754 498 1 1 17
500 3701754 498 9 6 1
501 3701754 498 2 5 526
502 3701754 498 4 7 7
503 3701754 498 8 2 4
504 3701754 498 5 9 1
505 3701754 498 0 4 50
506 3701754 498 7 3 9
507 3701754 498 4 5 175
508 3701754 498 7 4 50
509 3701754 498 10 8 514
510 3701754 498 5 0 10
511 3701754 498 10 1 35
512 3710333 499 7 5 7680
513 3718602 504 10 9 1333
514 3718602 504 3 10 30
515 3778165 507 8 9 7
516 3778165 507 3 3 26
517 3778165 507 7 2 5
518 3778165 507 3 7 72
519 3778165 507 5 3 2
520 3778165 507 7 10 178
521 3778165 507 5 2 40
522 3778165 507 10 6 3
523 3778165 507 4 1 1
524 3778165 507 10 0 3
525 3778165 507 9 2 5
526 3778165 507 7 7 72
527 3801560 510 6 2 40
528 3801560 510 6 8 7
529 3863885 513 2 5 862
530 3863885 513 8 8 1009
531 3863885 513 4 4 200
532 3863885 513 5 10 18
533 3863885 513 8 10 2
534 3863885 513 1 8 5049
535 3863885 513 0 6 80
536 3863885 513 7 0 1
537 3863885 513 2 7 5
538 3863885 513 8 6 80
539 3863885 513 5 6 80
540 3876699 516 0 3 1
541 3876699 516 7 3 1
542 3882160 524 1 8 1009
543 3891128 529 4 9 374
544 3904807 535 9 1 238
545 3907490 537 2 10 22
546 3924063 542 1 7 28344
547 3925614 546 4 7 78
548 3934020 547 4 9 79
549 3958504 551 10 6 30
550 4071548 555 2 4 829
551 4071548 555 4 0 3
552 4071548 555 7 8 102
553 4071548 555 6 4 829
554 4071548 555 8 5 13
555 4071548 555 7 5 11
556 4071548 555 4 2 4380
557 4071548 555 1 7 14
558 4071548 555 5 10 1
559 4071548 555 10 5 1
560 4071548 555 8 3 1620
561 4071548 555 2 0 2
562 4071548 555 7 2 876
563 4071548 555 5 9 2
564 4071548 555 8 2 876
565 4071548 555 2 5 1
566 4071548 555 5 7 7
567 4110900 556 8 8 765
568 4110900 556 10 3 92
569 4110900 556 5 4 4
570 4110900 556 10 4 26
571 4110900 556 9 5 3164
572 4119925 557 3 7 70
573 4119925 557 3 4 51
574 4119925 557 3 0 5258
575 4131120 558 1 6 81
576 4131120 558 1 5 72
577 4131120 558 1 8 329
578 4140140 561 8 10 28
579 4148999 562 10 0 17
580 4159427 563 10 3 653
581 4159427 563 10 7 235
582 4167560 565 1 6 430
583 4167560 565 1 8 222
584 4210690 569 8 0 26
585 4210690 569 0 6 5
586 4210690 569 3 6 1
587 4210690 569 1 2 13
588 4210690 569 9 6 87
589 4210690 569 9 0 26
590 4210690 569 6 10 12
591 4210690 569 3 0 26
592 4215699 573 10 5 50
593 4215699 573 2 5 6
594 4216983 574 8 5 178
595 4253500 576 0 2 51
596 4253500 576 10 5 2438
597 4253500 576 0 4 74
598 4253500 576 10 6 4
599 4253500 576 6 1 1
600 4253500 576 1 1 1
601 4254609 577 8 0 1169
602 4254609 577 0 0 2339
603 4259205 578 3 0 66
604 4259205 578 7 8 467
605 4278765 582 4 9 88
606 4298016 588 4 3 51
607 4298179 589 4 5 342
608 4305591 591 6 10 2
609 4305591 591 2 1 1
610 4305591 591 7 1 1
611 4349245 602 8 7 111
612 4349245 602 8 3 56
613 4349245 602 8 8 3636
614 4350507 604 9 6 322
615 4376799 611 2 4 117
616 4376799 611 5 6 4930
617 4376799 611 1 2 8
618 4376799 611 2 2 8
619 4471394 612 3 4 26
620 4471394 612 2 10 5
621 4471394 612 2 7 2539
622 4471394 612 0 1 3
623 4471394 612 1 0 71
624 4471394 612 3 8 8
625 4471394 612 5 6 1
626 4471394 612 7 7 5079
627 4471394 612 0 4 26
628 4471394 612 6 10 5
629 4471394 612 5 0 214
630 4471394 612 7 8 8
631 4471394 612 5 10 5
632 4479346 613 3 5 22
633 4479346 613 3 1 10
634 4479581 614 6 5 252
635 4568704 616 4 5 1227
636 4568704 616 3 3 62
637 4568704 616 2 6 72
638 4568704 616 0 7 200
639 4568704 616 8 10 854
640 4568704 616 1 3 20
641 4568704 616 5 6 72
642 4568704 616 7 1 1
643 4568704 616 6 3 145
644 4568704 616 3 7 200
645 4568704 616 4 7 25228
646 4568704 616 1 4 1
647 4568704 616 5 1 1
648 4576095 619 8 6 91
649 4611878 628 1 1 107
650 4643807 633 5 6 85
651 4648063 634 7 4 53
652 4648063 634 7 9 19581
653 4648063 634 7 5 82
654 4653577 635 5 8 1373
655 4653577 635 5 5 334
656 4653577 635 5 2 135
657 4659282 637 2 10 16
658 4665320 638 0 7 406
659 4665781 640 1 0 113
660 4721687 644 2 6 1
661 4721687 644 6 8 1817
662 4721687 644 2 0 8
663 4721687 644 5 9 27
664 4721687 644 9 10 2
665 4721687 644 5 4 647
666 4721687 644 8 9 27
667 4731217 658 0 3 6037
668 4739875 662 4 4 2
669 4823776 671 1 3 61
670 4823776 671 9 5 30
671 4823776 671 6 6 41
672 4823776 671 10 1 238
673 4823776 671 7 5 30
674 4838802 675 2 3 19475
675 4855303 681 8 4 1319
676 4855303 681 6 5 12
677 4915103 683 6 10 16
678 4915103 683 1 4 638
679 4915103 683 4 6 10
680 4915103 683 10 5 1
681 4915103 683 9 8 35
682 4915103 683 5 8 11
683 4915103 683 3 8 23
684 4915103 683 7 9 15
685 4915103 683 0 8 5
686 4915103 683 2 7 548
687 4916728 686 7 1 88
688 4932787 689 9 10 4
689 4932787 689 8 10 1
690 4963433 690 0 9 34
691 4963433 690 0 4 863
692 4963433 690 4 6 73
693 4963433 690 4 3 45
694 4963433 690 4 4 863
695 4963433 690 8 2 3
696 4963433 690 8 10 16
697 4963433 690 0 6 14
698 4963433 690 4 7 527
699 4964739 691 2 2 49
700 4998137 693 8 9 102
701 5116342 695 5 10 1
702 5116342 695 6 7 1
703 5116342 695 8 4 1
704 5116342 695 0 1 3
705 5116342 695 1 4 1
706 5116342 695 9 7 1
707 5116342 695 4 2 1587
708 5116342 695 9 2 793
709 5116342 695 2 5 7
710 5116342 695 6 10 1
711 5116342 695 6 9 1503
712 5116342 695 10 7 1
713 5116342 695 1 0 42
714 5116342 695 1 3 4
715 5116342 695 9 8 1
716 5116342 695 8 3 26
717 5148128 698 10 6 20
718 5162408 701 10 2 7
719 5162408 701 0 9 1
720 5185575 702 4 3 13
721 5185575 702 0 4 649
722 5185575 702 3 0 1187
723 5208956 703 2 9 325
724 5208956 703 2 8 52
725 5228674 710 3 1 44
726 5228674 710 3 7 220
727 5229484 711 9 10 28
728 5245739 716 3 10 175
729 5290141 718 10 1 6
730 5290141 718 1 5 87
731 5290141 718 1 9 31
732 5290141 718 0 7 5
733 5290141 718 10 10 10
734 5291850 720 10 8 8567
735 5291933 721 4 10 231
736 5311005 723 6 6 66
737 5318978 724 6 4 24
738 5329380 727 6 7 2
739 5329380 727 6 5 7
740 5330959 729 1 6 6073
741 5361231 732 0 5 132
742 5361231 732 9 5 52
743 5361231 732 7 2 240
744 5361231 732 5 9 46
745 5361760 733 10 8 12
746 5388490 735 6 2 5
747 5388490 735 9 6 47
748 5388490 735 9 7 1348
749 5388490 735 9 1 6
750 5409323 740 2 2 25990
751 5470210 741 6 7 14
752 5470210 741 5 7 2
753 5470210 741 6 8 1
754 5470210 741 3 7 2
755 5470210 741 4 10 8
756 5470210 741 3 2 9
757 5470210 741 2 8 6
758 5470971 742 9 10 31
759 5482128 744 6 3 1
760 5495026 749 2 0 33
761 5495026 749 10 7 20
762 5550041 751 10 3 242
763 5550041 751 9 7 3
764 5550041 751 0 5 12
765 5550041 751 1 10 51
766 5550041 751 3 10 17
767 5550041 751 9 4 27
768 5550041 751 1 1 15
769 5550041 751 6 9 15
770 5550041 751 3 7 14
771 5550041 751 9 5 343
772 5598043 761 5 5 45
773 5598043 761 6 5 45
774 5633728 766 4 3 1
775 5633728 766 8 5 13
776 5633728 766 3 5 13
777 5633728 766 6 3 1
778 5633728 766 6 7 3
779 5633728 766 6 10 15
780 5636051 767 6 8 67
781 5657958 768 8 7 6
782 5657958 768 0 8 21
783 5657958 768 0 5 373
784 5665889 773 9 10 52
785 5680110 778 8 9 7
786 5680110 778 10 1 279
787 5680110 778 9 9 21
788 5681069 779 4 1 18222
789 5691769 783 7 10 8
790 5695933 786 6 0 54
791 5698704 787 4 4 18
792 5703634 791 0 1 26
793 5703994 793 4 7 6073
794 5715695 798 4 2 46
795 5719547 802 4 0 8
796 5728218 804 4 0 117
797 5752273 817 8 3 1577
798 5863217 822 4 0 3
799 5863217 822 3 6 4
800 5863217 822 3 3 1
801 5863217 822 0 2 3
802 5863217 822 10 7 138
803 5863217 822 0 1 1
804 5863217 822 2 8 3838
805 5863217 822 10 8 239
806 5863217 822 5 7 138
807 5863217 822 0 9 1
808 5863217 822 2 7 1244
809 5863217 822 10 4 25
810 5863217 822 10 5 78
811 5863217 822 0 4 1
812 5863217 822 6 10 1
813 5863217 822 0 0 1
814 5863217 822 7 8 479
815 5863217 822 5 5 26
816 5863217 822 6 9 5
817 5949200 823 8 8 2
818 5949200 823 1 7 1502
819 5949200 823 8 5 1198
820 5949200 823 2 6 282
821 5949200 823 5 1 969
822 5949200 823 9 3 13
823 5949200 823 5 4 3553
824 5949200 823 8 3 9
825 5949200 823 8 7 751
826 5949200 823 3 3 4
827 5949200 823 3 1 969
828 5949200 823 10 9 1
829 5951378 824 6 10 142
830 5976451 825 6 0 115
831 5976451 825 5 8 63
832 5991905 830 8 2 21
833 5991905 830 1 1 74
834 5991905 830 1 5 5
835 5991905 830 2 7 448
836 5991905 830 8 5 5
837 5992794 832 1 1 30673
838 6030431 838 5 0 8530
839 6032657 841 1 0 334
840 6053706 845 4 7 9
841 6053706 845 2 7 4
842 6061075 846 5 7 59
843 6063050 850 7 2 15
844 6068586 854 6 10 67
845 6081241 857 9 6 9641
846 6081241 857 9 7 83
847 6090631 859 6 8 506
848 6090631 859 6 9 148
849 6099877 861 3 2 309
850 6099877 861 3 3 2378
851 6108460 863 2 7 8
852 6166749 864 4 8 113
853 6166749 864 0 5 30
854 6166749 864 6 9 70
855 6166749 864 6 8 339
856 6166749 864 4 1 14
857 6166749 864 7 6 4
858 6186184 872 6 6 114
859 6186286 873 8 2 1986
860 6197329 874 2 5 668
861 6197329 874 2 10 51
862 6202849 875 3 7 9
863 6208033 880 1 7 27314
864 6213101 881 6 2 1685
865 6213101 881 1 2 561
866 6260893 886 7 0 14
867 6260893 886 1 4 1
868 6260893 886 1 9 2254
869 6260893 886 0 2 82
870 6260893 886 2 1 33
871 6260893 886 10 3 12
872 6269340 888 10 8 196
873 6269340 888 10 7 651
874 6269340 888 10 1 119
875 6271790 889 9 2 34
876 6271790 889 6 2 173
877 6316648 894 6 5 2
878 6316648 894 4 3 12
879 6316648 894 8 5 30
880 6316648 894 6 3 6
881 6316648 894 10 8 1
882 6316648 894 6 2 5
883 6316648 894 9 2 35
884 6316648 894 2 8 1
885 6319824 895 8 9 9
886 6343990 896 1 3 1586
887 6343990 896 10 10 16
888 6356993 899 6 8 4891
889 6356994 900 0 7 201
890 6364413 901 10 3 7420
891 6378490 903 1 1 7
892 6385418 905 5 8 95
893 6416129 909 9 6 8913
894 6416879 910 10 5 3
895 6425461 911 8 0 1365
896 6437953 914 4 3 171
897 6443734 916 7 3 49
898 6456196 919 1 1 1
899 6484801 926 7 8 20
900 6485704 927 7 0 85
901 6593650 929 9 9 4
902 6593650 929 1 1 3
903 6593650 929 7 10 1
904 6593650 929 4 0 7
905 6593650 929 1 5 227
906 6593650 929 4 6 54
907 6593650 929 10 3 3
908 6593650 929 3 7 2
909 6593650 929 5 1 2
910 6593650 929 2 10 30
911 6593650 929 6 6 54
912 6593650 929 3 4 878
913 6593650 929 10 0 10
914 6593650 929 10 6 54
915 6593650 929 8 0 25
916 6656973 930 1 6 13
917 6656973 930 3 7 10
918 6656973 930 9 8 309
919 6656973 930 0 2 7
920 6656973 930 5 7 10
921 6656973 930 9 0 9968
922 6656973 930 1 5 22
923 6714160 931 5 2 4823
924 6714160 931 7 1 10
925 6714160 931 7 8 4
926 6714160 931 8 8 4
927 6714160 931 4 10 225
928 6714160 931 0 4 909
929 6752001 932 9 0 2
930 6752001 932 7 1 6232
931 6752001 932 5 4 6
932 6752001 932 0 4 6
933 6752934 933 9 6 7857
934 6755868 934 3 7 45
935 6758492 935 3 1 1573
936 6876606 941 5 2 2
937 6876606 941 2 10 18
938 6876606 941 2 7 1
939 6876606 941 3 1 384
940 6876606 941 0 3 1
941 6876606 941 4 6 2
942 6876606 941 6 0 5
943 6876606 941 7 8 6
944 6876606 941 8 10 18
945 6876606 941 2 6 5
946 6876606 941 10 2 2
947 6876606 941 8 5 13
948 6876606 941 0 9 1305
949 6876606 941 7 7 2
950 6876606 941 0 5 13
951 6876606 941 6 6 24
952 6876606 941 10 4 1
953 6876606 941 10 8 1
954 6876606 941 0 7 1
955 6876606 941 8 6 2
956 6876606 941 5 1 192
957 6876606 941 7 3 1
958 6876606 941 9 0 22
959 6876606 941 4 7 1
960 6876606 941 4 2 10
961 6878110 943 4 0 2
962 6890585 948 8 4 5
963 6902715 950 9 8 7
964 6905935 952 4 4 55
965 6911606 957 8 9 17
966 6925926 959 10 4 73
967 6936430 961 4 5 343
968 6936430 961 9 5 1719
969 7011505 967 6 8 44
970 7011505 967 6 4 14
971 7011505 967 1 9 9
972 7011505 967 1 0 9
973 7011505 967 5 10 13
974 7011505 967 5 3 4
975 7011505 967 7 1 1476
976 7011505 967 5 6 3080
977 7011505 967 0 1 369
978 7011505 967 4 7 243
979 7014350 968 1 3 51
980 7014801 969 2 0 14
981 7020958 970 4 3 16276
982 7020958 970 10 4 16
983 7024791 971 9 8 90
984 7034006 972 10 0 323
985 7053264 973 0 8 2624
986 7053264 973 0 6 19
987 7065624 979 0 1 41
988 7069314 980 1 10 102
989 7069314 980 7 10 306
990 7070568 982 3 10 41
991 7106364 994 5 5 16
992 7106364 994 7 1 8
993 7106364 994 9 1 1
994 7106364 994 10 0 3
995 7106364 994 3 1 1
996 7106364 994 1 0 3
997 7106364 994 8 4 38
998 7106364 994 6 5 97
999 7119127 998 5 3 1030
