11 363 1000
0 13391 0 1 8 28
1 13391 0 1 6 24
2 13391 0 9 1 6
3 51107 3 10 4 3213
4 51107 3 10 7 31
5 51107 3 10 6 2558
6 51107 3 5 8 197
7 51107 3 9 2 11041
8 64461 7 1 4 57
9 93421 9 4 2 98
10 93421 9 7 0 7
11 93421 9 7 2 19
12 93421 9 4 1 2
13 131147 13 3 1 265
14 131147 13 10 1 1591
15 171575 17 9 9 658
16 171575 17 3 5 16
17 171575 17 5 10 1
18 171575 17 5 7 2
19 171575 17 0 8 1
20 171575 17 2 2 8942
21 179016 18 1 4 20
22 201395 21 3 7 129
23 217469 27 2 0 1300
24 238870 30 0 6 11
25 238870 30 2 6 11
26 238870 30 6 6 11
27 243481 31 1 7 4140
28 246125 32 6 4 72
29 259554 37 3 8 6
30 259554 37 6 8 61
31 267850 38 8 8 11723
32 271896 39 6 5 20
33 274644 40 0 1 119
34 282888 41 10 5 3030
35 284259 42 8 0 5
36 289428 44 1 6 217
37 289428 44 1 3 43
38 289428 44 1 5 455
39 290691 45 5 6 2127
40 291444 47 8 1 42
41 302157 50 9 10 5268
42 302157 50 7 0 44
43 302157 50 9 0 44
44 382307 51 5 1 15
45 382307 51 0 3 107
46 382307 51 3 10 1
47 382307 51 0 1 15
48 382307 51 0 8 6
49 382307 51 10 10 1
50 382307 51 9 9 1
51 382307 51 10 7 5
52 382307 51 2 4 15
53 382307 51 8 9 1
54 382307 51 0 9 5
55 382307 51 8 0 21
56 382307 51 10 6 1
57 382912 52 9 4 249
58 388573 56 5 0 1
59 391545 58 8 2 1566
60 431384 59 5 3 63
61 431384 59 8 9 18
62 431384 59 8 6 19
63 431384 59 2 8 1
64 431384 59 2 6 19
65 439383 61 7 2 24
66 439383 61 2 2 24
67 439383 61 7 4 126
68 454206 66 0 10 2896
69 457690 68 4 4 13
70 472150 70 3 7 1
71 472150 70 4 7 3
72 484170 72 6 4 12101
73 484170 72 6 2 8
74 484170 72 6 1 5
75 486081 74 3 7 8
76 534787 75 4 7 4
77 534787 75 1 8 1
78 534787 75 0 1 591
79 534787 75 0 0 5
80 534787 75 2 3 33
81 534787 75 7 3 168
82 534787 75 2 1 591
83 614865 84 4 1 120
84 614865 84 7 4 5
85 614865 84 3 1 24
86 614865 84 6 0 15
87 614865 84 7 5 716
88 614865 84 2 0 15
89 614865 84 10 7 43
90 614865 84 10 9 1
91 614865 84 4 5 4
92 614865 84 3 0 7
93 615047 85 8 6 404
94 619635 88 1 6 30
95 631487 89 7 9 100
96 631487 89 7 7 1448
97 638855 91 9 2 4953
98 649175 94 6 5 756
99 662502 97 7 9 5530
100 699619 99 0 10 3070
101 699619 99 0 5 5
102 763240 102 7 3 5
103 763240 102 5 1 3
104 763240 102 8 2 967
105 763240 102 8 1 91
106 763240 102 3 9 9
107 763240 102 2 4 4
108 763240 102 5 7 2
109 774349 104 4 3 2306
110 774349 104 4 2 54
111 805529 108 5 4 34
112 805529 108 0 0 226
113 805529 108 2 5 16
114 805529 108 5 3 13
115 805529 108 5 7 4
116 805529 108 4 5 90
117 806000 109 3 0 33
118 811773 112 9 1 2
119 811773 112 3 1 5
120 821132 116 2 4 113
121 821132 116 2 5 254
122 821132 116 2 9 68
123 838376 118 2 2 2
124 838376 118 6 2 15
125 838376 118 4 2 2
126 843017 123 10 10 32
127 846372 124 1 3 7
128 846624 125 0 2 16
129 865235 127 0 3 27
130 867197 130 7 10 226
131 875569 132 5 0 21
132 897772 136 8 9 9
133 897772 136 8 1 94
134 897772 136 8 4 6084
135 948996 137 2 10 890
136 948996 137 9 8 4
137 948996 137 10 4 896
138 948996 137 3 0 8
139 948996 137 4 10 222
140 954730 141 5 8 67
141 964665 143 0 1 26
142 966543 145 5 4 231
143 978339 146 6 3 72
144 1048084 154 7 6 115
145 1048084 154 8 0 6
146 1048084 154 2 2 249
147 1048084 154 3 4 10
148 1048084 154 10 0 2
149 1048084 154 5 10 2
150 1048084 154 0 8 196
151 1051480 156 2 8 23
152 1113658 160 4 6 5
153 1113658 160 2 8 613
154 1113658 160 8 4 9
155 1113658 160 4 7 1
156 1113658 160 9 10 57
157 1113658 160 7 3 137
158 1113658 160 5 6 2
159 1113658 160 1 7 1
160 1113658 160 0 4 19
161 1115892 161 10 8 1
162 1135930 162 0 4 30
163 1135930 162 6 3 191
164 1135930 162 10 3 382
165 1146417 165 1 5 110
166 1146417 165 9 5 110
167 1150028 168 6 2 30
168 1158960 170 3 10 19
169 1175269 174 6 2 19
170 1175269 174 2 2 9
171 1176638 176 6 9 8
172 1197286 177 0 10 393
173 1197286 177 3 6 172
174 1197286 177 3 9 9
175 1198278 178 9 0 104
176 1198278 178 7 0 104
177 1212649 187 4 2 24
178 1218399 190 8 0 72
179 1219146 191 8 6 7153
180 1227011 192 3 3 5872
181 1227011 192 3 6 110
182 1228617 194 5 3 4
183 1228617 194 3 3 63
184 1228645 195 5 3 168
185 1277536 198 10 5 1
186 1277536 198 6 0 5
187 1277536 198 2 6 334
188 1277536 198 10 8 11
189 1277536 198 9 1 4
190 1277536 198 2 1 18
191 1277536 198 7 4 2
192 1277536 198 0 2 2
193 1282990 202 3 4 167
194 1296800 203 7 7 7494
195 1309127 209 7 5 39
196 1327538 216 9 5 2
197 1332384 217 1 4 27
198 1335498 219 4 5 7677
199 1342532 223 7 9 1
200 1343276 224 3 5 91
201 1343276 224 3 2 49443
202 1345285 225 6 8 316
203 1371444 229 6 5 19
204 1371444 229 6 8 118
205 1399459 230 0 4 78
206 1399459 230 3 5 3
207 1399459 230 0 9 29
208 1399459 230 0 1 46
209 1453766 233 9 1 8
210 1453766 233 3 5 1
211 1453766 233 4 1 39
212 1453766 233 6 7 1
213 1453766 233 4 2 8
214 1453766 233 5 4 5766
215 1453766 233 10 3 12
216 1453766 233 8 5 9
217 1453766 233 10 8 26
218 1453766 233 2 2 4
219 1456854 235 2 7 17
220 1461395 236 5 6 55
221 1478112 237 10 4 215
222 1478112 237 4 4 4
223 1478112 237 4 0 72
224 1478112 237 4 2 27
225 1479369 238 3 8 83
226 1487320 239 5 1 9
227 1543209 241 6 7 6
228 1543209 241 9 3 1
229 1543209 241 3 9 1226
230 1543209 241 3 7 55
231 1546453 244 10 9 11740
232 1585642 259 9 1 891
233 1585642 259 3 8 4050
234 1585642 259 5 7 25
235 1585642 259 2 1 1783
236 1585642 259 0 8 2025
237 1585961 261 2 6 94
238 1647348 262 9 5 7
239 1647348 262 0 5 2
240 1647348 262 2 4 9
241 1647348 262 9 3 1
242 1647348 262 3 9 15
243 1647348 262 4 3 3
244 1647348 262 2 7 5
245 1647348 262 2 5 1
246 1656225 264 4 4 5132
247 1656644 265 1 3 69
248 1659547 266 3 10 42
249 1668360 269 4 6 99
250 1676664 273 6 9 4
251 1677106 275 0 3 2062
252 1678349 276 8 5 169
253 1681351 280 5 2 647
254 1689436 282 8 2 74
255 1689436 282 8 5 23
256 1698261 285 4 10 220
257 1795574 287 1 3 5
258 1795574 287 5 3 5
259 1795574 287 8 2 9
260 1795574 287 4 0 1
261 1795574 287 9 7 807
262 1795574 287 10 4 1
263 1795574 287 3 8 11
264 1795574 287 6 3 11
265 1795574 287 0 1 6
266 1795574 287 1 2 3
267 1795574 287 0 6 24
268 1795574 287 1 5 2
269 1795574 287 5 4 1
270 1795574 287 7 8 5
271 1795574 287 8 10 7
272 1795574 287 7 4 6
273 1795574 287 5 0 3
274 1795574 287 3 0 5
275 1795574 287 10 5 4
276 1831852 291 7 3 211
277 1831852 291 2 6 1228
278 1831852 291 3 7 111
279 1831852 291 10 9 365
280 1831852 291 5 0 3
281 1831852 291 7 2 3435
282 1865107 292 2 10 1
283 1865107 292 4 8 218
284 1865107 292 0 8 218
285 1888020 298 9 4 483
286 1888020 298 1 0 21
287 1888020 298 1 5 75
288 1929486 303 4 7 3
289 1929486 303 3 6 5173
290 1929486 303 3 10 14
291 1929486 303 10 0 1
292 1929486 303 1 1 75
293 1929486 303 0 2 1892
294 1929486 303 0 6 397
295 1929486 303 4 6 795
296 1952379 304 3 1 7
297 1952379 304 2 2 74
298 1952379 304 2 7 8
299 1952379 304 3 8 10
300 1958918 307 4 4 476
301 1966867 309 3 0 37
302 1977844 313 3 2 18
303 2031513 317 2 9 16
304 2031513 317 10 4 10
305 2031513 317 7 3 54
306 2031513 317 6 5 3859
307 2031513 317 0 1 14
308 2031513 317 1 9 27
309 2050322 324 9 9 47
310 2079678 328 3 0 1
311 2079678 328 9 9 2
312 2095176 335 1 7 96
313 2095176 335 1 4 11349
314 2095176 335 1 3 1
315 2095176 335 1 10 1509
316 2102664 337 4 1 95
317 2118065 339 9 5 95
318 2118065 339 5 5 951
319 2141416 340 3 0 20
320 2141416 340 5 4 1
321 2145625 343 6 4 129
322 2153926 346 3 5 489
323 2160706 350 8 6 14
324 2160706 350 9 6 38
325 2162815 352 9 10 104
326 2169881 353 0 1 6
327 2172288 356 6 0 96
328 2188777 362 1 2 1
329 2192293 363 4 4 31
330 2198029 366 9 5 2928
331 2200541 367 6 10 6
332 2200541 367 6 3 60
333 2234096 370 10 8 22
334 2234096 370 6 5 4
335 2234096 370 8 8 3
336 2234096 370 1 9 162
337 2237890 373 6 3 66
338 2240088 379 1 3 2
339 2264042 386 0 3 488
340 2267220 387 7 9 1
341 2282708 388 0 3 9366
342 2282708 388 7 7 30
343 2282708 388 0 1 16
344 2284318 389 6 2 16284
345 2337046 390 0 10 1
346 2337046 390 9 10 1
347 2337046 390 10 8 767
348 2356418 392 4 9 3
349 2356418 392 2 4 427
350 2356418 392 6 5 3851
351 2356418 392 8 4 427
352 2425598 395 1 3 52
353 2425598 395 2 6 54
354 2425598 395 3 7 1
355 2425598 395 10 3 10
356 2425598 395 9 10 10
357 2425598 395 4 6 13
358 2425598 395 6 2 1
359 2425598 395 9 1 1
360 2425598 395 0 4 1
361 2425598 395 0 0 1322
362 2430358 396 9 1 405
363 2432081 398 3 9 12
364 2461483 402 9 10 117
365 2461483 402 2 2 7
366 2461483 402 9 9 42
367 2470269 406 1 10 204
368 2526698 409 1 10 10
369 2526698 409 10 5 797
370 2526698 409 8 8 26
371 2526698 409 6 2 3
372 2526698 409 2 10 15
373 2526698 409 5 9 15
374 2526698 409 2 2 23
375 2526698 409 1 9 30
376 2552077 413 9 1 56
377 2552077 413 2 10 7
378 2552077 413 9 5 300
379 2552077 413 9 10 29
380 2552077 413 9 3 3
381 2552077 413 9 0 144
382 2561807 420 6 10 64
383 2561807 420 7 8 9
384 2582407 424 7 9 6021
385 2582407 424 7 6 113
386 2665531 428 1 5 822
387 2665531 428 3 0 1
388 2665531 428 0 8 7
389 2665531 428 4 5 822
390 2665531 428 8 7 1
391 2665531 428 0 0 9
392 2665531 428 9 2 2
393 2665531 428 10 8 2
394 2665531 428 5 4 1
395 2665531 428 10 4 1
396 2665531 428 2 7 1
397 2665531 428 1 4 1
398 2712140 430 7 5 16
399 2712140 430 8 2 36
400 2712140 430 3 2 18
401 2712140 430 10 4 3
402 2712140 430 10 2 18
403 2712140 430 0 3 2
404 2712140 430 3 6 190
405 2712140 430 4 10 5
406 2714644 431 6 0 184
407 2717825 434 8 2 37
408 2723593 435 2 0 163
409 2723664 436 0 3 109
410 2729634 440 5 0 14
411 2734471 443 6 1 15
412 2737586 444 7 0 19
413 2740245 445 7 6 2
414 2744323 449 9 6 39058
415 2748109 453 8 2 53
416 2788961 457 5 1 53
417 2788961 457 7 9 27
418 2788961 457 0 7 1
419 2806604 460 1 6 9
420 2806604 460 1 3 39
421 2842647 461 7 1 11
422 2842647 461 1 8 9
423 2842647 461 4 9 7
424 2842867 462 10 3 3197
425 2960544 466 2 1 5
426 2960544 466 0 0 7
427 2960544 466 7 8 1
428 2960544 466 1 2 804
429 2960544 466 5 10 4
430 2960544 466 4 9 8
431 2960544 466 10 1 2
432 2960544 466 6 4 217
433 2960544 466 0 6 12
434 2960544 466 7 2 50
435 2960544 466 2 3 1801
436 2960544 466 0 9 20
437 2960544 466 5 8 1
438 2960544 466 2 9 28
439 2960544 466 7 3 3602
440 2960544 466 1 8 1
441 2960544 466 1 0 7
442 2960544 466 1 4 217
443 2960544 466 2 7 10
444 2960544 466 6 9 4
445 2960544 466 0 7 1
446 2960544 466 4 4 434
447 2988508 467 0 9 8
448 2988508 467 6 0 430
449 2988508 467 5 0 430
450 2988508 467 9 9 8
451 2996184 468 7 0 6237
452 3012165 472 5 0 7
453 3043840 473 6 9 2
454 3043840 473 0 2 7
455 3043840 473 9 8 52
456 3043840 473 2 9 4
457 3141926 475 3 7 4
458 3141926 475 4 0 1
459 3141926 475 10 0 1
460 3141926 475 9 2 6
461 3141926 475 2 10 51
462 3141926 475 2 7 4
463 3141926 475 1 2 13
464 3141926 475 2 8 2
465 3141926 475 0 4 2
466 3141926 475 3 3 1
467 3141926 475 5 2 1
468 3141926 475 3 2 1
469 3141926 475 10 6 1
470 3141926 475 8 3 1
471 3141926 475 9 4 1
472 3141926 475 1 5 13
473 3141926 475 7 1 10
474 3141926 475 8 1 3
475 3159961 479 9 9 1
476 3159961 479 6 9 1
477 3163471 480 4 8 89
478 3164652 482 10 0 122
479 3178674 487 5 8 1304
480 3178674 487 5 2 306
481 3191057 489 0 1 222
482 3191057 489 3 8 69
483 3290448 498 10 9 1
484 3290448 498 8 2 4
485 3290448 498 0 0 43
486 3290448 498 3 3 1
487 3290448 498 10 3 4
488 3290448 498 3 6 1
489 3290448 498 9 4 50
490 3290448 498 1 4 50
491 3290448 498 9 0 64
492 3290448 498 0 3 1
493 3290448 498 3 1 35
494 3290448 498 0 2 4
495 3290448 498 8 1 17
496 3290448 498 6 2 9
497 3290448 498 9 3 1
498 3290448 498 10 8 514
499 3290448 498 0 1 53
500 3290448 498 3 10 13
501 3298074 499 7 4 225
502 3298074 499 7 9 100
503 3298074 499 7 2 121
504 3298276 500 3 0 227
505 3306617 506 7 10 2637
506 3358369 507 2 9 7
507 3358369 507 7 7 72
508 3358369 507 6 4 2858
509 3358369 507 4 0 6
510 3358369 507 2 2 28
511 3358369 507 7 9 43
512 3358369 507 3 3 26
513 3358369 507 6 8 26
514 3379164 510 6 4 1991
515 3379164 510 7 10 87
516 3379164 510 6 0 189
517 3434564 513 5 7 35
518 3434564 513 6 7 11
519 3434564 513 9 7 5
520 3434564 513 9 9 40
521 3434564 513 0 8 6059
522 3434564 513 8 5 172
523 3434564 513 1 6 240
524 3446644 518 9 8 52
525 3446644 518 8 8 52
526 3447791 519 5 10 44
527 3448227 520 0 2 1008
528 3449974 522 5 9 21
529 3453296 526 8 2 56
530 3461664 533 9 4 779
531 3470940 535 3 7 31
532 3475490 539 10 1 6
533 3496906 547 4 1 2357
534 3505972 550 2 6 6
535 3505972 550 7 6 6
536 3505972 550 4 6 31
537 3518670 551 6 1 7
538 3518670 551 5 1 3
539 3619153 555 9 8 7
540 3619153 555 5 8 7
541 3619153 555 8 0 4
542 3619153 555 6 2 876
543 3619153 555 9 7 3
544 3619153 555 3 0 2
545 3619153 555 0 2 876
546 3619153 555 0 10 5
547 3619153 555 7 2 876
548 3619153 555 9 1 95
549 3619153 555 7 3 202
550 3619153 555 1 3 202
551 3619153 555 7 1 95
552 3619153 555 1 6 23
553 3619153 555 8 10 1
554 3654133 556 10 3 92
555 3654133 556 8 0 1
556 3654133 556 8 7 15
557 3654133 556 10 1 1
558 3662155 557 3 5 64
559 3662155 557 3 6 36
560 3672107 558 1 10 174
561 3675783 560 7 0 10
562 3697268 563 10 8 1666
563 3697268 563 10 7 235
564 3704498 565 1 2 99585
565 3742835 569 2 1 1
566 3742835 569 1 1 16
567 3742835 569 1 6 1
568 3742835 569 10 2 78
569 3742835 569 4 2 52
570 3742835 569 7 7 1
571 3742835 569 0 0 52
572 3752226 575 0 8 15
573 3780889 576 6 6 9
574 3780889 576 10 1 1
575 3780889 576 0 4 74
576 3780889 576 10 0 51
577 3780889 576 0 1 1
578 3780889 576 1 4 37
579 3780889 576 6 5 2438
580 3785960 578 6 8 233
581 3786911 580 3 8 25
582 3803347 582 4 1 20340
583 3811940 583 6 9 208
584 3814618 587 5 1 31
585 3820458 588 4 0 70
586 3820603 589 4 5 342
587 3827192 591 6 10 2
588 3827192 591 3 10 5
589 3827192 591 0 1 40
590 3827192 591 7 1 1
591 3832906 595 5 9 1
592 3865996 602 8 6 12
593 3866683 603 2 10 133
594 3867117 604 9 6 322
595 3878647 606 10 1 70
596 3878647 606 10 8 31
597 3880860 609 9 8 117
598 3890488 611 0 2 43
599 3974572 612 5 4 80
600 3974572 612 8 6 1
601 3974572 612 10 7 2539
602 3974572 612 4 6 1
603 3974572 612 7 7 5079
604 3974572 612 3 1 6
605 3974572 612 8 5 120
606 3974572 612 7 4 26
607 3974572 612 3 5 120
608 3974572 612 4 8 17
609 3974572 612 2 10 5
610 3974572 612 2 4 80
611 3974572 612 3 9 1
612 3974572 612 1 1 3
613 3974572 612 10 0 142
614 3974572 612 1 4 26
615 4061070 616 9 3 20
616 4061070 616 3 8 82
617 4061070 616 8 3 20
618 4061070 616 7 7 200
619 4061070 616 3 3 62
620 4061070 616 4 10 6839
621 4061070 616 9 8 1
622 4061070 616 8 6 36
623 4061070 616 0 2 11
624 4061070 616 7 4 1
625 4061070 616 8 10 854
626 4061070 616 3 2 3
627 4061070 616 8 8 1
628 4061070 616 2 9 5
629 4061070 616 9 6 36
630 4061070 616 5 2 1
631 4061070 616 10 3 20
632 4061070 616 7 5 3683
633 4061070 616 10 8 6
634 4066463 618 2 8 38
635 4077031 624 2 5 2839
636 4077711 625 4 0 34
637 4088191 626 2 0 55
638 4107969 631 5 1 1
639 4136513 635 5 0 102
640 4136513 635 5 10 15796
641 4136513 635 5 3 16
642 4136513 635 5 6 96
643 4141584 637 6 10 40
644 4146951 638 2 6 40
645 4146951 638 4 6 40
646 4148961 643 0 4 19
647 4197055 644 0 2 152
648 4197055 644 5 8 908
649 4197055 644 0 0 25
650 4197055 644 1 10 1
651 4197055 644 3 3 21
652 4197055 644 8 9 27
653 4197055 644 5 10 11
654 4197055 644 6 8 1817
655 4197055 644 4 10 1
656 4197055 644 7 0 8
657 4197055 644 2 7 92
658 4197055 644 3 10 1
659 4200938 649 4 1 3092
660 4203152 654 7 5 44
661 4203442 655 8 3 82
662 4206148 659 9 5 5
663 4207608 660 7 7 16605
664 4207608 660 10 7 16605
665 4220890 668 5 2 183
666 4221123 669 1 5 24
667 4287801 671 7 2 19
668 4287801 671 9 6 8
669 4287801 671 5 1 715
670 4287801 671 9 8 34
671 4287801 671 8 1 238
672 4289342 672 10 0 82
673 4301157 675 2 9 21
674 4303535 677 6 8 67
675 4308063 678 6 4 18
676 4368981 683 7 8 11
677 4368981 683 2 1 25
678 4368981 683 8 1 50
679 4368981 683 9 8 35
680 4368981 683 0 7 3841
681 4368981 683 5 9 15
682 4368981 683 8 7 548
683 4368981 683 6 10 16
684 4373691 687 7 2 16
685 4384700 689 5 4 1591
686 4411940 690 0 3 90
687 4411940 690 8 7 6335
688 4411940 690 8 2 3
689 4435255 692 2 5 10
690 4435255 692 7 6 43
691 4442788 693 8 10 1001
692 4547860 695 1 3 4
693 4547860 695 9 2 793
694 4547860 695 5 1 3
695 4547860 695 7 6 2
696 4547860 695 10 3 35
697 4547860 695 4 6 1
698 4547860 695 9 8 1
699 4547860 695 3 4 1
700 4547860 695 10 5 7
701 4547860 695 3 9 214
702 4547860 695 8 4 1
703 4547860 695 2 1 3
704 4547860 695 3 5 7
705 4547860 695 5 9 214
706 4547860 695 7 10 5
707 4547860 695 10 1 3
708 4547860 695 1 4 1
709 4576113 698 10 9 66
710 4576113 698 10 6 20
711 4576113 698 2 7 2
712 4576113 698 5 1 3
713 4576113 698 10 8 312
714 4576113 698 2 0 22
715 4576113 698 2 4 268
716 4576113 698 2 9 33
717 4588807 701 9 2 76
718 4609400 702 3 9 43
719 4609400 702 3 2 56
720 4609400 702 0 4 649
721 4609400 702 3 10 17
722 4609400 702 0 9 6
723 4609400 702 4 0 1187
724 4660134 715 8 7 12
725 4702347 718 6 5 175
726 4702347 718 0 7 5
727 4702347 718 1 7 17
728 4702347 718 7 3 15
729 4720893 723 3 2 3584
730 4720893 723 6 8 7
731 4720893 723 3 8 7
732 4727980 724 6 2 205
733 4737227 727 6 5 7
734 4737227 727 8 0 769
735 4737227 727 10 0 769
736 4738191 728 3 9 53
737 4740814 730 0 2 68
738 4765539 732 6 6 2
739 4765539 732 0 3 15
740 4765539 732 5 6 2
741 4765539 732 0 1 103
742 4765539 732 7 8 39
743 4765539 732 5 5 26
744 4765539 732 6 5 66
745 4765539 732 7 0 1
746 4765539 732 4 2 240
747 4789769 735 6 8 280
748 4789769 735 6 3 8
749 4789769 735 9 5 36
750 4789769 735 9 7 1348
751 4789769 735 9 8 70
752 4789769 735 6 6 3
753 4797473 737 9 0 44
754 4806790 739 10 5 86
755 4808287 740 2 2 25990
756 4862408 741 3 0 544
757 4862408 741 10 0 1634
758 4862408 741 9 2 3
759 4863085 742 9 10 31
760 4863085 742 7 10 31
761 4873003 744 6 8 1133
762 4873003 744 8 8 75
763 4875256 748 5 8 56
764 4884467 749 10 7 20
765 4884467 749 4 7 20
766 4933370 751 1 0 23
767 4933370 751 0 10 17
768 4933370 751 2 8 1
769 4933370 751 9 9 15
770 4933370 751 2 0 47
771 4933370 751 1 6 167
772 4933370 751 8 4 13
773 4933370 751 1 8 1
774 4933370 751 8 3 485
775 4933370 751 5 9 15
776 4942247 752 8 8 21
777 4954805 755 9 7 346
778 4954805 755 9 10 2193
779 4954805 755 9 3 269
780 4955849 756 7 0 152
781 4968398 757 1 0 7
782 4972509 760 5 0 1472
783 4976038 761 5 5 45
784 4976038 761 8 5 91
785 4976038 761 2 5 45
786 5007758 766 5 3 1
787 5007758 766 6 10 15
788 5007758 766 7 7 3
789 5007758 766 5 7 7
790 5009823 767 10 8 62
791 5029296 768 8 5 373
792 5029296 768 8 10 47
793 5029296 768 8 7 6
794 5048986 778 10 1 279
795 5048986 778 5 1 279
796 5048986 778 6 9 7
797 5056164 781 0 3 77
798 5059350 783 7 10 8
799 5059525 784 4 10 191
800 5062453 785 8 2 7
801 5072536 797 3 10 18
802 5080634 799 2 10 54
803 5084042 802 4 0 8
804 5100739 814 1 3 170
805 5115242 819 4 3 21
806 5116363 820 2 2 104
807 5211749 822 8 0 1
808 5211749 822 8 4 1
809 5211749 822 9 9 1
810 5211749 822 0 3 1
811 5211749 822 1 3 3
812 5211749 822 1 1 1
813 5211749 822 7 1 1
814 5211749 822 0 9 1
815 5211749 822 2 8 3838
816 5211749 822 7 4 1
817 5211749 822 7 8 479
818 5211749 822 9 2 3
819 5211749 822 3 9 9
820 5211749 822 6 3 1
821 5288178 823 3 5 599
822 5288178 823 3 2 6
823 5288178 823 1 9 1
824 5288178 823 9 6 1414
825 5288178 823 9 1 1938
826 5288178 823 2 5 1797
827 5288178 823 8 5 1198
828 5288178 823 9 10 1
829 5288178 823 10 5 599
830 5312401 825 6 0 115
831 5312401 825 5 8 63
832 5312401 825 6 9 56
833 5312401 825 7 8 63
834 5312401 825 5 5 16
835 5315273 827 5 9 116
836 5316052 828 6 0 60
837 5326138 830 3 5 172
838 5326138 830 2 1 24
839 5343711 833 7 10 8
840 5354942 834 1 0 15
841 5354942 834 7 9 2
842 5377417 844 2 9 283
843 5381072 845 4 7 9
844 5387623 846 5 7 59
845 5391918 852 3 9 48
846 5392725 853 9 0 60
847 5394299 854 3 10 1
848 5397033 856 3 4 30
849 5405548 857 9 5 4
850 5405548 857 9 4 62
851 5406987 858 4 2 1
852 5406987 858 10 2 1
853 5413895 859 6 0 3051
854 5413895 859 6 8 506
855 5413895 859 6 6 60
856 5422112 861 3 4 112
857 5422112 861 3 7 1201
858 5422112 861 3 9 59
859 5423591 862 9 9 70
860 5481555 864 9 1 4
861 5481555 864 9 5 15
862 5481555 864 6 8 339
863 5481555 864 7 0 3618
864 5481555 864 6 7 2
865 5481555 864 3 4 5
866 5481555 864 6 6 17
867 5481555 864 5 7 1
868 5481699 865 4 2 165
869 5495414 871 5 9 3
870 5498921 873 8 2 1986
871 5508737 874 2 0 171
872 5513644 875 3 7 9
873 5516550 879 1 5 24
874 5522757 881 5 2 2247
875 5565238 886 4 8 20
876 5565238 886 5 0 59
877 5565238 886 10 0 29
878 5565238 886 6 2 82
879 5565238 886 3 6 8888
880 5572747 888 10 6 3020
881 5572747 888 10 4 103
882 5614798 894 2 8 1
883 5614798 894 5 2 128
884 5614798 894 9 2 35
885 5614798 894 6 7 54
886 5614798 894 3 3 6
887 5614798 894 8 5 30
888 5614798 894 0 5 1
889 5617621 895 5 9 36
890 5639102 896 8 2 38
891 5639102 896 2 0 1968
892 5639102 896 8 9 10
893 5639102 896 8 3 3173
894 5650661 899 6 1 58
895 5650661 899 6 10 114
896 5650661 900 0 7 201
897 5657355 902 5 10 39173
898 5669769 903 1 7 111
899 5669769 903 1 5 36
900 5669769 903 1 2 22
901 5675927 905 3 8 95
902 5694993 907 4 8 14
903 5694993 907 4 6 136
904 5694993 907 2 10 6
905 5703226 909 9 5 138
906 5711521 911 0 0 682
907 5722625 914 4 3 171
908 5727763 916 0 3 49
909 5740813 920 2 10 8
910 5740813 920 8 10 8
911 5740813 920 6 10 8
912 5752382 924 8 6 3
913 5764267 926 7 6 104
914 5764267 926 7 0 37
915 5764267 926 7 3 71
916 5764267 926 7 1 61
917 5861022 929 8 1 1
918 5861022 929 2 2 8
919 5861022 929 9 3 3
920 5861022 929 1 2 12
921 5861022 929 7 9 4
922 5861022 929 6 8 4
923 5861022 929 8 0 25
924 5861022 929 0 0 5
925 5861022 929 0 9 8
926 5861022 929 10 2 4
927 5861022 929 10 8 4
928 5861022 929 8 10 2
929 5861022 929 3 5 227
930 5861022 929 3 2 21
931 5917310 930 1 9 71
932 5917310 930 7 7 73
933 5917310 930 7 6 13
934 5917310 930 10 5 22
935 5917310 930 3 4 7804
936 5968142 931 2 6 8
937 5968142 931 6 6 8
938 5968142 931 8 7 45
939 5968142 931 2 3 24
940 5968142 931 7 10 225
941 5968142 931 10 0 3169
942 5968142 931 8 6 8
943 5968142 931 5 0 1056
944 5968142 931 3 4 2727
945 5968142 931 4 1 10
946 6001779 932 7 1 6232
947 6001779 932 7 2 3611
948 6001779 932 0 10 23
949 6001779 932 6 3 3
950 6001779 932 8 0 2
951 6001779 932 0 6 9
952 6001779 932 2 8 6
953 6005216 934 1 7 15
954 6007549 935 6 1 1573
955 6016975 939 2 8 14263
956 6022403 940 0 10 1313
957 6022403 940 0 1 55
958 6112539 941 4 8 1
959 6112539 941 3 9 1305
960 6112539 941 10 0 5
961 6112539 941 8 6 2
962 6112539 941 7 9 1305
963 6112539 941 1 4 1
964 6112539 941 6 4 1
965 6112539 941 0 2 2
966 6112539 941 10 3 1
967 6112539 941 0 4 3
968 6112539 941 1 0 5
969 6112539 941 1 2 2
970 6112539 941 8 10 18
971 6112539 941 6 3 1
972 6112539 941 3 8 2
973 6112539 941 9 9 2610
974 6112539 941 6 6 24
975 6112539 941 1 9 2610
976 6113876 943 6 0 1
977 6116272 946 8 9 37
978 6116272 946 1 9 112
979 6124964 948 0 1 107
980 6156379 959 10 10 18
981 6156379 959 10 6 11
982 6165715 961 1 5 343
983 6232449 967 0 6 9242
984 6232449 967 5 3 4
985 6232449 967 4 6 6161
986 6232449 967 4 8 44
987 6232449 967 5 5 7
988 6232449 967 5 4 14
989 6232449 967 7 10 40
990 6232449 967 0 10 13
991 6232449 967 4 3 16
992 6232449 967 1 3 4
993 6232449 967 7 2 30
994 6252450 972 10 2 558
995 6252450 972 10 9 152
996 6269568 973 2 1 4
997 6280554 979 0 1 41
998 6280554 979 0 8 1268
999 6316768 994 10 0 3
