11 339 1000
0 40173 0 1 6 24
1 40173 0 1 2 152
2 40173 0 1 9 151
3 40173 0 9 0 1
4 153323 3 9 0 4792
5 153323 3 5 6 284
6 153323 3 5 2 11041
7 153323 3 9 1 84
8 153323 3 10 5 113
9 153323 3 9 8 18952
10 177471 4 6 8 9
11 180210 5 9 8 2075
12 280263 9 4 10 25
13 280263 9 1 9 7
14 280263 9 7 7 39
15 280263 9 1 8 2
16 280263 9 7 4 2
17 297382 10 5 1 870
18 393441 13 1 1 265
19 514725 17 6 9 1976
20 514725 17 1 5 16
21 514725 17 6 1 88
22 514725 17 1 2 526
23 514725 17 2 3 46
24 537049 18 1 9 179
25 604186 21 3 5 18
26 604186 21 3 2 1009
27 608116 22 6 5 14781
28 652409 27 0 0 1040
29 711136 29 10 2 2926
30 711136 29 2 6 2425
31 711136 29 10 4 20
32 711136 29 2 10 58
33 711136 29 10 1 11
34 716611 30 2 6 11
35 778664 37 0 9 2107
36 778664 37 6 0 25
37 803551 38 8 8 11723
38 803551 38 8 5 55
39 803551 38 7 5 110
40 848666 41 10 5 3030
41 852778 42 8 0 5
42 872073 45 8 6 1063
43 872073 45 1 6 1063
44 874333 47 8 1 42
45 906472 50 2 3 14
46 1146922 51 10 3 15
47 1146922 51 5 8 1
48 1146922 51 7 2 5
49 1146922 51 5 6 1
50 1146922 51 8 8 1
51 1146922 51 5 1 15
52 1146922 51 7 0 21
53 1146922 51 10 0 64
54 1165719 56 5 0 1
55 1294154 59 8 7 6
56 1294154 59 2 1 67
57 1294154 59 2 7 6
58 1294154 59 5 5 28
59 1294154 59 5 4 3
60 1294154 59 1 6 19
61 1294154 59 2 4 8
62 1294154 59 2 3 5
63 1294154 59 1 4 1
64 1322989 63 8 5 77
65 1373070 68 3 4 3
66 1373070 68 4 4 13
67 1416452 70 3 7 1
68 1452511 72 6 8 12198
69 1452511 72 6 5 28
70 1453262 73 6 6 58
71 1604362 75 3 1 591
72 1604362 75 4 2 7002
73 1604362 75 8 8 1
74 1604362 75 8 5 115
75 1604362 75 7 3 168
76 1604362 75 1 10 3
77 1604362 75 7 6 14
78 1604362 75 2 8 1
79 1624030 77 8 4 21
80 1624030 77 7 4 21
81 1636614 79 10 3 38
82 1648907 82 1 8 76
83 1844595 84 2 9 84
84 1844595 84 6 2 308
85 1844595 84 4 2 694
86 1844595 84 4 9 6
87 1844595 84 7 1 8
88 1844595 84 4 3 4
89 1844595 84 2 6 2
90 1844595 84 2 2 231
91 1894463 89 7 7 1448
92 1894463 89 7 3 43
93 1897941 90 8 3 184
94 1916984 92 4 0 66
95 1929998 93 7 7 13
96 1929998 93 9 10 67
97 1929998 93 7 10 67
98 1957628 96 0 5 44
99 1987506 97 9 9 1843
100 2098858 99 7 6 5
101 2098858 99 9 7 12
102 2098858 99 0 9 42
103 2098858 99 9 1 40
104 2098858 99 7 10 3070
105 2289721 102 0 10 21
106 2289721 102 0 7 3
107 2289721 102 8 1 91
108 2289721 102 0 2 483
109 2289721 102 1 9 9
110 2289721 102 4 10 21
111 2289721 102 4 6 1
112 2289721 102 0 0 35
113 2289721 102 2 4 4
114 2289721 102 9 3 11
115 2307955 103 0 5 6
116 2323049 104 4 5 74
117 2323049 104 4 4 19491
118 2416587 108 0 0 226
119 2416587 108 7 7 76
120 2416587 108 4 5 90
121 2428239 110 3 0 197
122 2428239 110 3 2 330
123 2428752 111 4 0 2184
124 2435320 112 9 1 2
125 2463398 116 2 9 68
126 2463398 116 2 7 208
127 2487130 117 0 5 160
128 2515129 118 10 5 16
129 2515129 118 6 2 15
130 2515129 118 0 2 55
131 2520549 120 0 7 124
132 2529051 123 6 3 7858
133 2595705 127 0 5 244
134 2595705 127 0 3 27
135 2595705 127 0 1 237
136 2626707 132 8 0 21
137 2626718 133 5 1 154
138 2645219 134 6 3 3
139 2693317 136 1 9 1
140 2693317 136 1 8 15
141 2693317 136 8 0 2006
142 2846988 137 9 7 3
143 2846988 137 2 3 9
144 2846988 137 2 0 4
145 2846988 137 3 0 8
146 2846988 137 0 10 222
147 2846988 137 5 0 8
148 2846988 137 6 3 9
149 2846988 137 10 8 34
150 2862469 139 2 1 25
151 2869801 142 3 3 77
152 2893997 143 0 4 78
153 2935019 146 4 8 333
154 2935019 146 7 8 1332
155 2935019 146 3 4 5
156 2936779 147 9 6 19051
157 2969178 150 2 3 66
158 3144252 154 4 6 460
159 3144252 154 3 3 28
160 3144252 154 6 6 690
161 3144252 154 8 0 6
162 3144252 154 2 2 249
163 3340975 160 4 8 306
164 3340975 160 9 6 2
165 3340975 160 8 10 5
166 3340975 160 3 10 17
167 3340975 160 2 3 2
168 3340975 160 6 7 1
169 3340975 160 7 6 19
170 3347677 161 0 8 17
171 3407790 162 8 10 5
172 3407790 162 6 3 191
173 3439252 165 0 5 110
174 3450086 168 8 2 30
175 3476881 170 3 4 341
176 3525807 174 1 7 14
177 3525807 174 0 7 14
178 3525807 174 7 7 14
179 3529142 175 5 6 13
180 3591860 177 0 7 35
181 3591860 177 0 3 10858
182 3591860 177 0 6 344
183 3600639 179 8 7 57
184 3637947 187 7 2 8
185 3681034 192 3 3 5872
186 3832609 198 3 8 46
187 3832609 198 2 10 7
188 3832609 198 8 9 31
189 3832609 198 4 3 10
190 3832609 198 10 8 11
191 3832609 198 5 4 4
192 3832609 198 0 1 4
193 3832609 198 7 2 6
194 3832609 198 4 5 9
195 3836732 201 5 5 64
196 3848970 202 3 2 18
197 3848970 202 3 1 8
198 3848970 202 3 6 222
199 3890402 203 7 5 4342
200 3890402 203 7 6 48
201 3969180 210 9 3 1
202 4005168 218 1 2 17074
203 4027597 223 7 2 68
204 4027597 223 2 7 68
205 4029829 224 3 5 91
206 4044769 228 9 2 15
207 4114332 229 0 5 4
208 4114332 229 0 8 118
209 4114332 229 0 10 5
210 4114332 229 2 4 52
211 4198378 230 3 8 33
212 4198378 230 0 10 8
213 4205062 231 5 6 6
214 4361300 233 2 8 5
215 4361300 233 1 3 4
216 4361300 233 8 0 7
217 4361300 233 3 5 1
218 4361300 233 7 5 3
219 4361300 233 2 0 22
220 4361300 233 2 7 1
221 4434337 237 10 4 215
222 4434337 237 10 0 18
223 4434337 237 10 10 82
224 4461961 239 9 1 9
225 4461961 239 5 1 9
226 4629627 241 3 6 1
227 4629627 241 9 0 9
228 4629627 241 3 10 4056
229 4629627 241 7 7 6
230 4629627 241 7 5 5047
231 4629627 241 4 2 1952
232 4629627 241 6 1 6
233 4629627 241 6 3 1
234 4629627 241 9 1 6
235 4629627 241 6 6 1
236 4629627 241 7 9 1226
237 4629627 241 9 6 1
238 4629627 241 1 4 14
239 4639361 244 10 9 11740
240 4639361 244 2 1 1
241 4639361 244 4 1 1
242 4659083 251 2 5 87
243 4756928 259 1 7 25
244 4756928 259 2 7 25
245 4756928 259 6 3 623
246 4756928 259 10 0 14
247 4756928 259 8 8 8101
248 4756928 259 7 8 2025
249 4942045 262 4 2 13
250 4942045 262 9 2 6
251 4942045 262 0 10 12
252 4942045 262 0 2 13
253 4942045 262 2 9 15
254 4942045 262 2 2 6
255 4942045 262 8 10 55
256 4942045 262 0 5 2
257 4942045 262 9 6 8
258 4942045 262 3 8 14
259 4965197 263 4 10 1524
260 5005080 269 4 1 4881
261 5005080 269 4 0 22
262 5005080 269 4 3 93
263 5041441 279 6 1 37
264 5068310 282 8 6 237
265 5094785 285 4 0 5994
266 5386722 287 1 7 807
267 5386722 287 5 1 6
268 5386722 287 0 2 6
269 5386722 287 2 8 5
270 5386722 287 7 8 5
271 5386722 287 1 1 3
272 5386722 287 10 0 1
273 5386722 287 7 4 6
274 5386722 287 5 7 807
275 5386722 287 5 3 5
276 5495558 291 2 0 8
277 5495558 291 2 5 25
278 5495558 291 5 2 3435
279 5495558 291 8 2 34357
280 5495558 291 5 0 3
281 5495558 291 7 2 3435
282 5495558 291 3 2 3435
283 5495558 291 10 9 365
284 5595323 292 2 10 1
285 5595323 292 5 6 13
286 5595323 292 5 0 6
287 5595323 292 8 6 13
288 5595323 292 6 9 1235
289 5664062 298 9 6 844
290 5664062 298 9 2 37
291 5668134 299 9 6 1644
292 5788459 303 0 10 14
293 5788459 303 2 7 1
294 5788459 303 3 2 1892
295 5788459 303 4 6 795
296 5788459 303 9 9 409
297 5788459 303 1 1 75
298 5857139 304 3 0 17
299 5876756 307 4 4 476
300 5876756 307 8 4 476
301 5876756 307 0 4 476
302 5899662 308 6 6 76
303 5899662 308 6 7 58523
304 5930173 311 2 10 76
305 5933361 312 6 10 391
306 5933730 314 9 1 54
307 6094541 317 7 2 1697
308 6094541 317 1 7 2009
309 6094541 317 5 10 55
310 6094541 317 3 7 1004
311 6094541 317 3 8 167
312 6094541 317 4 1 14
313 6094541 317 6 9 10
314 6094541 317 1 9 27
315 6094541 317 1 2 3961
316 6094541 317 10 4 10
317 6105472 319 7 10 78
318 6150967 324 0 10 24
319 6150967 324 8 5 7
320 6239035 328 6 3 1
321 6239035 328 2 0 3
322 6239035 328 5 8 267
323 6239035 328 3 3 1
324 6239035 328 7 3 2
325 6239035 328 2 9 2
326 6264581 330 0 0 683
327 6264581 330 0 10 1364
328 6264581 330 0 3 9862
329 6307992 337 4 5 11902
330 6309403 338 7 5 18
331 6354196 339 1 5 856
332 6354196 339 9 3 1290
333 6424248 340 7 7 2998
334 6424248 340 9 7 2998
335 6424248 340 2 4 1
336 6436877 343 6 4 129
337 6509645 353 0 5 7115
338 6566331 362 6 3 357
339 6634606 369 2 7 23
340 6702288 370 6 8 3
341 6702288 370 2 10 11
342 6702288 370 7 3 10
343 6702288 370 1 3 30
344 6702288 370 9 3 10
345 6718506 378 10 6 120
346 6770035 380 10 8 9844
347 6770035 380 10 9 703
348 6792128 386 6 3 976
349 6792128 386 10 3 976
350 6801660 387 9 9 1
351 6848124 388 0 9 4765
352 6848124 388 7 9 4765
353 7011140 390 9 10 1
354 7011140 390 0 9 349
355 7011140 390 5 10 1
356 7011140 390 3 4 27
357 7011140 390 2 8 767
358 7011140 390 5 3 2686
359 7011140 390 3 9 174
360 7011140 390 6 8 767
361 7011140 390 1 4 27
362 7069256 392 8 4 427
363 7069256 392 3 0 19
364 7076775 393 8 1 46
365 7077230 394 2 4 16746
366 7276795 395 7 1 1
367 7276795 395 7 0 440
368 7276795 395 2 3 10
369 7276795 395 3 0 440
370 7276795 395 1 6 27
371 7276795 395 7 3 10
372 7276795 395 8 5 177
373 7276795 395 4 8 33
374 7276795 395 7 5 177
375 7276795 395 2 4 1
376 7291075 396 9 1 405
377 7314636 401 10 3 1192
378 7384449 402 9 1 1815
379 7384449 402 2 7 17
380 7410808 406 8 0 35
381 7440064 407 2 9 3032
382 7440064 407 2 3 139
383 7580094 409 10 5 797
384 7580094 409 5 6 1
385 7580094 409 6 6 1
386 7580094 409 2 1 542
387 7580094 409 10 7 1
388 7580094 409 2 9 45
389 7580094 409 1 0 528
390 7580094 409 2 0 528
391 7580094 409 6 2 3
392 7600810 412 7 1 86
393 7656233 413 9 5 300
394 7656233 413 9 7 32
395 7656233 413 2 6 214
396 7670058 417 6 2 58
397 7717387 422 5 3 54
398 7717387 422 6 2 4553
399 7747222 424 7 3 5146
400 7996594 428 5 1 6684
401 7996594 428 1 5 822
402 7996594 428 4 9 3
403 7996594 428 3 3 3
404 7996594 428 4 8 2
405 7996594 428 3 9 1
406 7996594 428 8 2 2
407 7996594 428 4 4 4
408 7996594 428 4 7 1
409 7996594 428 1 3 136
410 7996594 428 8 0 4
411 7996594 428 8 7 1
412 7996594 428 3 10 4
413 7996594 428 9 5 822
414 7996594 428 9 10 4
415 7996594 428 10 1 668
416 8136422 430 2 0 2
417 8136422 430 8 0 40
418 8136422 430 3 5 16
419 8188904 440 6 3 60
420 8203413 443 6 2 42
421 8203413 443 6 5 69
422 8203413 443 6 7 3945
423 8232971 449 9 6 39058
424 8244328 453 8 2 53
425 8366884 457 8 6 12
426 8366884 457 2 4 1
427 8366884 457 2 0 8
428 8366884 457 2 6 6
429 8366884 457 4 5 32
430 8366884 457 6 4 33
431 8366884 457 7 7 1
432 8527943 461 10 7 1
433 8527943 461 4 0 1
434 8527943 461 5 5 163
435 8527943 461 9 5 1
436 8527943 461 8 0 1
437 8527943 461 5 7 1
438 8527943 461 2 1 11
439 8527943 461 7 6 614
440 8527943 461 0 2 5
441 8527943 461 8 5 283
442 8881632 466 9 9 8
443 8881632 466 10 8 1
444 8881632 466 9 8 1
445 8881632 466 1 7 1
446 8881632 466 9 7 1
447 8881632 466 3 10 2
448 8881632 466 8 5 1
449 8881632 466 5 9 4
450 8881632 466 4 1 2
451 8881632 466 1 10 2
452 8881632 466 2 8 1
453 8881632 466 1 4 217
454 8881632 466 1 6 4
455 8881632 466 3 4 2174
456 8965524 467 5 8 7
457 8965524 467 2 3 1
458 8965524 467 4 0 1291
459 8965524 467 4 3 45
460 8988552 468 7 3 165
461 8988552 468 7 6 61
462 8988552 468 7 7 38
463 8988552 468 7 5 422
464 9012985 471 6 10 923
465 9036497 472 6 0 14
466 9131521 473 8 5 68
467 9131521 473 0 3 14
468 9131521 473 7 3 14
469 9131521 473 7 10 5
470 9131521 473 6 8 52
471 9131521 473 6 6 5
472 9131521 473 0 10 1
473 9131521 473 5 2 23
474 9131521 473 9 8 52
475 9131521 473 8 8 104
476 9131521 473 4 7 3
477 9132589 474 4 9 211
478 9425780 475 4 9 5
479 9425780 475 9 3 1
480 9425780 475 5 3 1
481 9425780 475 10 1 13
482 9425780 475 2 5 2
483 9425780 475 2 7 4
484 9425780 475 6 3 1
485 9425780 475 3 3 1
486 9425780 475 4 8 2
487 9425780 475 8 10 5
488 9425780 475 1 5 13
489 9425780 475 10 7 4
490 9425780 475 0 6 1
491 9425780 475 6 9 5
492 9425780 475 9 4 1
493 9425780 475 5 10 25
494 9457492 477 2 0 196
495 9479885 479 6 9 1
496 9479885 479 10 9 1
497 9493957 482 10 0 122
498 9500214 483 2 10 40
499 9573172 489 9 8 8
500 9573172 489 3 0 785
501 9581886 491 2 10 39
502 9871346 498 9 8 514
503 9871346 498 6 5 175
504 9871346 498 3 0 10
505 9871346 498 8 6 1
506 9871346 498 1 10 13
507 9871346 498 8 4 50
508 9871346 498 4 1 17
509 9871346 498 10 3 4
510 9871346 498 2 1 17
511 9871346 498 3 7 7
512 9871346 498 3 10 13
513 9871346 498 4 8 1028
514 9871346 498 6 0 10
515 9871346 498 7 6 1
516 9871346 498 4 6 1
517 9871346 498 9 5 175
518 9871346 498 7 3 9
519 9871346 498 2 6 1
520 9916273 504 3 10 30
521 9916273 504 0 9 148
522 9916273 504 3 9 1629
523 9916273 504 1 3 52
524 9918355 505 0 7 64
525 10075107 507 3 6 3
526 10075107 507 10 1 1
527 10075107 507 3 0 15
528 10075107 507 2 6 3
529 10075107 507 5 5 49
530 10075107 507 2 1 1
531 10137493 510 7 10 87
532 10137493 510 7 5 3
533 10137493 510 6 5 3
534 10303694 513 4 10 102
535 10303694 513 5 4 300
536 10303694 513 3 9 20
537 10303694 513 5 6 80
538 10303694 513 6 3 21
539 10303694 513 0 6 80
540 10303694 513 8 8 1009
541 10303694 513 10 1 5
542 10303694 513 4 0 1
543 10309441 515 10 1 15
544 10337864 516 2 3 1
545 10376343 529 2 9 374
546 10389449 534 3 4 114
547 10412820 535 4 7 6
548 10412820 535 0 7 12
549 10422280 538 0 8 23
550 10464168 542 1 6 65
551 10464168 542 1 2 138
552 10464168 542 1 0 34
553 10490720 547 4 10 15
554 10490720 547 4 9 79
555 10556012 551 10 6 30
556 10556012 551 1 9 9759
557 10556012 551 3 6 60
558 10857461 555 8 4 829
559 10857461 555 6 7 3
560 10857461 555 0 5 3
561 10857461 555 9 1 95
562 10857461 555 2 0 2
563 10857461 555 10 2 876
564 10857461 555 3 3 202
565 10857461 555 7 5 11
566 10857461 555 3 9 4
567 10857461 555 6 5 1
568 10857461 555 1 3 202
569 10857461 555 5 1 95
570 10857461 555 9 8 7
571 10857461 555 10 1 95
572 10857461 555 3 4 829
573 10962401 556 10 4 26
574 10962401 556 8 0 1
575 10962401 556 5 7 31
576 10986467 557 3 0 5258
577 10986467 557 3 7 70
578 11027350 560 5 0 81
579 11040375 561 7 10 28
580 11063997 562 10 7 2
581 11091805 563 10 8 1666
582 11091805 563 10 6 1067
583 11114814 566 3 6 39
584 11228506 569 7 6 1
585 11228506 569 9 10 6
586 11228506 569 3 9 2
587 11228506 569 10 5 1
588 11228506 569 2 8 1
589 11228506 569 9 0 26
590 11342668 576 6 9 146
591 11342668 576 1 0 51
592 11360734 580 0 8 233
593 11410042 582 4 5 179
594 11410042 582 4 9 88
595 11438546 584 10 5 3971
596 11439427 585 10 3 1425
597 11443855 587 2 1 6
598 11443855 587 5 1 31
599 11461376 588 4 1 168
600 11470505 590 3 9 2305
601 11481578 591 8 10 2
602 11498718 595 2 9 194
603 11597988 602 6 7 74
604 11635943 606 10 7 327
605 11635943 606 10 4 1308
606 11641845 608 8 4 11
607 11644283 610 2 3 27
608 11671464 611 2 2 8
609 11923717 612 5 5 360
610 11923717 612 1 3 1
611 11923717 612 1 9 14
612 11923717 612 10 5 3603
613 11923717 612 4 1 3
614 11923717 612 1 8 17
615 11923717 612 2 5 120
616 11923717 612 2 7 2539
617 11923717 612 9 3 1
618 11923717 612 8 0 713
619 11923717 612 4 4 2485
620 11923717 612 6 9 3
621 11923717 612 7 9 1
622 11923717 612 4 7 2539
623 11923717 612 0 1 3
624 11923717 612 9 8 8
625 11923717 612 9 2 1346
626 11923717 612 0 10 5
627 12183210 616 5 8 1
628 12183210 616 1 1 18
629 12183210 616 1 9 5
630 12183210 616 6 1 2
631 12183210 616 10 2 2
632 12183210 616 7 4 1
633 12183210 616 2 8 1
634 12183210 616 7 8 3
635 12183210 616 1 4 1
636 12183210 616 5 0 494
637 12226177 623 5 1 96
638 12231093 624 8 5 2839
639 12264573 626 2 7 117
640 12298343 628 1 4 81
641 12301882 630 10 6 226
642 12331475 632 7 1 1214
643 12394837 634 7 5 82
644 12394837 634 7 0 1249
645 12394837 634 7 2 95
646 12394837 634 7 7 20
647 12409539 635 5 4 37
648 12409539 635 5 3 16
649 12409539 635 5 2 135
650 12424754 637 10 10 8
651 12591165 644 5 0 8
652 12591165 644 9 1 6
653 12591165 644 7 6 1
654 12591165 644 10 7 92
655 12613730 656 0 0 126
656 12639657 661 9 0 13
657 12639859 663 1 1 14315
658 12641199 664 5 3 26
659 12648647 666 4 3 2
660 12648647 666 1 3 75
661 12863405 671 4 8 5
662 12863405 671 9 4 671
663 12863405 671 1 5 30
664 12863405 671 9 8 34
665 12863405 671 5 7 2
666 12863405 671 9 2 6
667 12863405 671 7 7 1
668 12863405 671 3 9 8
669 12903472 675 2 6 44
670 12903472 675 2 7 2702
671 12924190 678 6 4 18
672 12924190 678 6 6 409
673 12947475 681 9 4 1319
674 13106943 683 10 7 1097
675 13106943 683 3 0 1
676 13106943 683 7 7 548
677 13106943 683 1 10 32
678 13106943 683 5 9 15
679 13106943 683 9 6 10
680 13106943 683 9 1 25
681 13106943 683 0 5 12
682 13106943 683 2 5 1
683 13106943 683 8 8 5
684 13106943 683 5 2 1527
685 13106943 683 3 10 16
686 13235821 690 4 6 73
687 13235821 690 0 3 90
688 13235821 690 8 8 600
689 13305767 692 7 10 12
690 13305767 692 2 5 10
691 13305767 692 10 10 12
692 13305767 692 6 4 38
693 13328365 693 8 3 1542
694 13643581 695 5 5 7
695 13643581 695 9 3 4
696 13643581 695 9 2 793
697 13643581 695 3 0 21
698 13643581 695 5 1 3
699 13643581 695 2 6 1
700 13643581 695 10 1 3
701 13643581 695 5 9 214
702 13643581 695 1 5 7
703 13643581 695 9 6 1
704 13643581 695 9 4 2
705 13643581 695 7 10 5
706 13643581 695 7 9 429
707 13643581 695 4 4 1
708 13643581 695 2 3 13
709 13643581 695 1 4 1
710 13643581 695 3 10 1
711 13643581 695 9 10 1
712 13643581 695 2 9 1503
713 13643581 695 0 9 2791
714 13643581 695 1 10 1
715 13643581 695 9 0 64
716 13728341 698 2 5 3
717 13728341 698 10 7 2
718 13728341 698 2 6 13
719 13728341 698 5 7 21
720 13728341 698 2 3 127
721 13730302 699 8 8 218
722 13766423 701 6 9 1
723 13890551 703 9 7 548
724 13897231 705 5 5 263
725 13902120 707 6 1 13
726 13943131 710 3 10 1
727 13979650 714 10 2 29274
728 13979650 714 5 2 19516
729 14107042 718 1 1 6
730 14107042 718 6 5 175
731 14107042 718 2 10 21
732 14107042 718 10 1 6
733 14107042 718 2 7 23
734 14107042 718 5 8 4366
735 14162680 723 3 9 11
736 14162680 723 6 1 1
737 14162680 723 6 6 66
738 14162680 723 3 8 7
739 14296617 732 0 1 103
740 14296617 732 5 9 46
741 14296617 732 4 3 39
742 14296617 732 4 9 138
743 14296617 732 4 6 4
744 14296617 732 6 6 2
745 14369308 735 6 5 36
746 14369308 735 9 9 40
747 14369308 735 6 10 8
748 14393260 738 5 1 213
749 14420371 739 10 9 6031
750 14587226 741 3 5 17
751 14587226 741 8 10 2
752 14587226 741 3 0 544
753 14587226 741 4 10 8
754 14587226 741 1 9 119
755 14589257 742 7 10 31
756 14653403 749 10 7 20
757 14800111 751 8 3 485
758 14800111 751 7 3 970
759 14800111 751 6 3 242
760 14800111 751 10 2 15409
761 14800111 751 5 0 23
762 14800111 751 8 1 30
763 14800111 751 2 9 31
764 14800111 751 0 5 12
765 14800111 751 3 7 14
766 14826743 752 0 0 717
767 14828557 753 9 4 9625
768 14864416 755 9 1 352
769 14864416 755 9 7 346
770 14905194 757 1 0 7
771 14905194 757 1 5 578
772 14906714 758 6 1 123
773 15023276 766 0 5 13
774 15023276 766 4 10 7
775 15023276 766 5 3 1
776 15023276 766 0 3 1
777 15023276 766 8 5 13
778 15023276 766 2 7 7
779 15023276 766 0 10 30
780 15087889 768 8 3 102
781 15087889 768 8 4 59
782 15087889 768 0 5 373
783 15109038 773 6 10 17
784 15109038 773 9 10 52
785 15166058 780 1 1 117
786 15166058 780 2 5 4
787 15187359 785 8 2 7
788 15196544 787 7 4 3
789 15204404 789 3 2 30
790 15209692 791 0 1 26
791 15241854 798 4 9 293
792 15252127 802 10 2 4521
793 15275249 804 4 8 8560
794 15275249 804 4 6 21
795 15275249 804 4 9 9
796 15339396 817 9 3 1577
797 15345727 819 4 3 21
798 15635247 822 10 2 3
799 15635247 822 1 10 1
800 15635247 822 7 9 3
801 15635247 822 7 4 1
802 15635247 822 0 1 1
803 15635247 822 2 4 5
804 15635247 822 8 8 239
805 15635247 822 2 7 1244
806 15635247 822 9 9 1
807 15635247 822 10 0 1
808 15635247 822 10 10 1
809 15635247 822 0 9 1
810 15635247 822 8 6 4
811 15635247 822 3 3 1
812 15635247 822 8 1 1
813 15864535 823 10 8 30
814 15864535 823 10 5 599
815 15864535 823 10 1 969
816 15864535 823 9 6 1414
817 15864535 823 5 5 2996
818 15864535 823 2 7 751
819 15864535 823 1 4 3553
820 15864535 823 3 2 6
821 15864535 823 3 8 10
822 15864535 823 2 0 8
823 15864535 823 2 4 3553
824 15937204 825 1 2 27
825 15937204 825 5 8 63
826 15937204 825 10 0 17
827 15937204 825 4 4 187
828 15978414 830 8 5 5
829 15978414 830 2 7 448
830 15978414 830 0 5 5
831 16064828 834 7 4 4
832 16064828 834 9 10 1400
833 16064828 834 1 5 908
834 16064828 834 2 5 908
835 16064828 834 8 4 9
836 16118407 842 1 8 2391
837 16162869 846 5 5 11850
838 16162869 846 5 1 9
839 16166885 849 7 10 39
840 16173750 851 0 6 15
841 16191101 856 3 4 30
842 16216644 857 9 1 1575
843 16216644 857 9 5 4
844 16241685 859 6 9 148
845 16241685 859 6 0 3051
846 16241685 859 6 2 342
847 16266338 861 3 1 145
848 16266338 861 3 9 59
849 16266338 861 3 3 2378
850 16444665 864 1 8 226
851 16444665 864 6 7 2
852 16444665 864 5 7 1
853 16444665 864 8 9 141
854 16444665 864 7 6 4
855 16444665 864 9 6 8
856 16444665 864 4 5 15
857 16453250 867 7 3 60
858 16465135 870 0 3 6
859 16486243 871 6 3 767
860 16486243 871 6 8 758
861 16526212 874 2 5 668
862 16526212 874 2 4 61
863 16526212 874 2 3 32
864 16540933 875 3 7 9
865 16546234 876 9 3 18
866 16547248 877 10 6 24
867 16568271 881 6 2 1685
868 16695714 886 2 7 4
869 16695714 886 1 3 48
870 16695714 886 7 6 555
871 16695714 886 2 6 1111
872 16695714 886 8 1 11
873 16695714 886 7 2 41
874 16695714 886 0 2 82
875 16695714 886 7 0 14
876 16695714 886 10 3 12
877 16695714 886 8 9 751
878 16718242 888 10 10 10210
879 16844396 894 4 5 8
880 16844396 894 9 3 12
881 16844396 894 2 8 1
882 16844396 894 0 10 33
883 16844396 894 10 3 6
884 16852864 895 8 9 9
885 16917308 896 1 3 1586
886 16951983 899 6 0 1733
887 17027782 905 10 8 95
888 17027782 905 5 8 95
889 17027782 905 1 8 95
890 17084980 907 4 1 233
891 17084980 907 4 6 136
892 17084980 907 4 3 18
893 17084980 907 2 1 116
894 17086434 908 1 0 165
895 17109679 909 9 6 8913
896 17109679 909 9 4 1528
897 17109679 909 9 0 5739
898 17134564 911 8 0 1365
899 17134564 911 10 0 682
900 17162244 913 0 2 19
901 17183291 916 7 3 49
902 17191977 917 9 9 199
903 17193402 918 1 8 100
904 17216524 919 6 1 1
905 17225862 922 1 4 99
906 17292803 926 7 9 34
907 17298117 928 7 10 102
908 17583066 929 8 1 1
909 17583066 929 3 9 4
910 17583066 929 8 6 272
911 17583066 929 5 1 2
912 17583066 929 2 8 4
913 17583066 929 8 10 2
914 17583066 929 6 2 42
915 17583066 929 7 4 878
916 17583066 929 7 3 3
917 17583066 929 9 5 227
918 17583066 929 4 6 54
919 17583066 929 7 6 54
920 17583066 929 0 10 1
921 17583066 929 10 3 3
922 17583066 929 7 1 18
923 17751930 930 9 7 31
924 17751930 930 10 3 15
925 17751930 930 6 8 928
926 17751930 930 10 10 683
927 17751930 930 1 5 22
928 17751930 930 5 4 2601
929 17904428 931 7 2 1607
930 17904428 931 4 3 49
931 17904428 931 6 10 225
932 17904428 931 6 2 1607
933 17904428 931 5 5 349
934 17904428 931 7 10 225
935 17904428 931 7 1 10
936 17904428 931 4 1 10
937 17904428 931 2 3 24
938 17904428 931 1 5 349
939 18005337 932 8 4 43
940 18005337 932 3 0 2
941 18005337 932 0 3 59
942 18005337 932 8 0 2
943 18005337 932 8 3 9
944 18005337 932 4 2 902
945 18005337 932 9 2 902
946 18005337 932 5 0 2
947 18005337 932 6 8 20
948 18005337 932 1 0 4
949 18005337 932 1 1 779
950 18005337 932 5 6 69
951 18015649 934 3 7 45
952 18028933 936 3 4 58
953 18029550 937 4 6 76
954 18050925 939 4 8 42789
955 18067211 940 0 7 99809
956 18337617 941 7 1 96
957 18337617 941 1 2 2
958 18337617 941 3 10 18
959 18337617 941 6 6 24
960 18337617 941 2 7 1
961 18337617 941 0 9 1305
962 18337617 941 5 9 2610
963 18337617 941 4 8 1
964 18337617 941 7 10 36
965 18337617 941 1 8 1
966 18337617 941 8 9 1305
967 18337617 941 8 6 2
968 18337617 941 9 3 1
969 18337617 941 2 8 2
970 18337617 941 9 10 18
971 18374894 948 8 4 5
972 18381990 949 2 4 3132
973 18410207 951 2 8 158
974 18416960 954 6 9 78
975 18469137 959 10 3 152
976 18469137 959 10 8 1670
977 18497147 961 4 5 343
978 18497147 961 2 5 687
979 18697348 967 4 3 16
980 18697348 967 1 5 7
981 18697348 967 4 7 243
982 18697348 967 6 8 44
983 18697348 967 0 9 2
984 18697348 967 4 2 15
985 18732776 971 0 8 30
986 18757351 972 10 7 53
987 18757351 972 10 9 152
988 18808706 973 2 4 10
989 18808706 973 0 1 24
990 18808706 973 2 9 112
991 18808706 973 0 6 19
992 18808706 973 2 3 1
993 18823616 977 2 2 5970
994 18841664 979 4 7 105
995 18874867 988 8 4 7153
996 18950306 994 8 4 38
997 18950306 994 1 1 1
998 18950306 994 8 0 3
999 18993175 999 8 2 26
