11 342 1000
0 17217 0 9 6 12
1 17217 0 1 0 2
2 65710 3 9 7 63
3 65710 3 9 4 3213
4 65710 3 5 4 3213
5 65710 3 10 1 14
6 65710 3 10 7 31
7 65710 3 5 1 14
8 76059 4 6 8 9
9 82878 7 1 4 57
10 120112 9 7 6 23
11 120112 9 4 1 2
12 120112 9 1 3 74
13 120112 9 1 4 2
14 168617 13 5 5 13
15 168617 13 5 1 530
16 168617 13 8 10 297
17 168617 13 5 4 340
18 169988 15 3 6 109
19 174347 16 4 4 11
20 220596 17 6 8 1
21 220596 17 7 7 2
22 220596 17 6 2 526
23 220596 17 9 9 658
24 220596 17 0 9 5269
25 258936 21 4 8 86
26 258936 21 3 4 45
27 258936 21 3 3 9711
28 258936 21 4 6 290
29 264182 23 5 10 4218
30 304772 29 10 9 5
31 304772 29 2 7 377
32 304772 29 2 4 83
33 304772 29 10 8 170
34 307119 30 0 6 11
35 317283 34 3 5 1261
36 318252 35 7 5 100
37 333713 37 3 8 6
38 349581 39 10 5 6
39 372122 44 1 7 1307
40 373745 45 5 6 2127
41 388488 50 1 4 745
42 491538 51 5 3 15
43 491538 51 5 6 1
44 491538 51 3 2 5
45 491538 51 10 6 1
46 491538 51 3 9 1
47 491538 51 5 5 8
48 491538 51 5 4 15
49 494410 54 9 10 4501
50 494595 55 0 9 3923
51 554637 59 2 1 67
52 554637 59 5 1 22
53 554637 59 5 2 102
54 564921 61 2 1 230
55 564921 61 10 4 63
56 583979 66 0 0 2
57 583979 66 0 10 2896
58 583979 66 0 6 59
59 588458 68 3 4 3
60 588458 68 5 4 1
61 607051 70 4 7 3
62 622504 72 6 10 83
63 622504 72 6 8 12198
64 622504 72 6 0 6120
65 622826 73 6 6 58
66 687583 75 10 4 3
67 687583 75 9 9 33
68 687583 75 0 9 1
69 687583 75 7 6 14
70 687583 75 8 1 4733
71 687583 75 3 9 1
72 687583 75 7 9 1
73 687583 75 8 8 1
74 696013 77 9 4 42
75 696013 77 6 4 52
76 701406 79 3 3 38
77 708052 83 0 2 165
78 790540 84 7 5 716
79 790540 84 4 5 4
80 790540 84 6 0 15
81 790540 84 7 0 7
82 790540 84 4 1 120
83 790540 84 2 6 2
84 790540 84 2 2 231
85 811912 89 7 3 43
86 821564 92 4 0 66
87 827142 93 9 7 13
88 834654 94 0 5 1513
89 838983 96 10 5 88
90 851788 97 0 9 1843
91 851788 97 9 9 1843
92 851788 97 2 9 3687
93 899510 99 7 4 28
94 899510 99 7 3 63
95 899510 99 9 3 63
96 899510 99 0 7 38
97 899510 99 7 9 42
98 899510 99 0 3 63
99 981309 102 7 9 9
100 981309 102 4 5 14
101 981309 102 6 4 12
102 981309 102 2 3 17
103 981309 102 8 6 31
104 981309 102 7 2 483
105 981309 102 7 7 1
106 995592 104 4 9 60
107 1035680 108 8 4 17
108 1035680 108 6 5 8
109 1035680 108 5 3 13
110 1035680 108 8 0 226
111 1040674 110 3 5 196
112 1077912 118 0 2 55
113 1077912 118 5 7 55
114 1077912 118 10 5 16
115 1077912 118 9 7 55
116 1083879 123 6 3 7858
117 1112445 127 0 8 19017
118 1114017 129 4 10 22
119 1133665 134 8 9 76
120 1154278 136 8 9 9
121 1220138 137 8 9 6410
122 1220138 137 1 6 2
123 1220138 137 10 8 34
124 1220138 137 4 2 21
125 1220138 137 3 4 99
126 1220138 137 6 3 9
127 1220138 137 2 3 9
128 1226793 140 7 4 142
129 1240284 143 0 6 85
130 1257865 146 6 4 5
131 1258619 147 9 6 19051
132 1273872 151 5 9 3
133 1282698 153 8 9 37
134 1347536 154 1 6 460
135 1347536 154 10 8 87
136 1347536 154 7 0 21
137 1347536 154 3 3 28
138 1347536 154 0 6 115
139 1347536 154 1 10 17
140 1348204 155 1 7 3
141 1431846 160 8 1 17
142 1431846 160 10 5 5
143 1431846 160 0 4 19
144 1431846 160 5 7 1
145 1431846 160 8 5 11
146 1431846 160 4 10 11
147 1431846 160 4 3 2
148 1460481 162 0 10 15
149 1460481 162 10 3 382
150 1460481 162 6 0 1899
151 1460481 162 2 1 2890
152 1460481 162 7 3 382
153 1460481 162 7 0 3799
154 1478608 168 6 2 30
155 1490092 170 3 5 103
156 1490092 170 3 10 19
157 1490092 170 3 4 341
158 1497122 172 6 10 36
159 1497122 172 7 2 54
160 1511060 174 5 4 18
161 1511060 174 1 3 36
162 1511060 174 0 7 14
163 1539368 177 3 1 25986
164 1539368 177 0 4 47
165 1539368 177 3 9 9
166 1539368 177 3 0 359
167 1577586 192 3 3 5872
168 1642546 198 6 6 111
169 1642546 198 4 9 7
170 1642546 198 5 0 5
171 1642546 198 10 0 5
172 1642546 198 7 4 2
173 1642546 198 6 4 2
174 1642546 198 0 1 4
175 1642546 198 2 6 334
176 1642546 198 8 0 5
177 1642546 198 7 9 7
178 1649558 202 3 1 8
179 1667315 203 8 8 45
180 1667315 203 8 4 1511
181 1667315 203 8 0 228
182 1670866 205 0 3 62
183 1701077 210 3 3 1
184 1701077 210 1 3 1
185 1705380 214 0 7 47
186 1713066 217 4 4 150
187 1763285 229 2 5 133
188 1763285 229 0 0 10
189 1763285 229 0 2 616
190 1763285 229 6 1 1
191 1763285 229 2 2 616
192 1799305 230 0 10 8
193 1799305 230 8 10 2
194 1799305 230 8 5 3
195 1802169 231 5 6 6
196 1869128 233 2 2 4
197 1869128 233 7 7 85
198 1869128 233 9 6 6
199 1869128 233 2 7 1
200 1869128 233 3 1 141
201 1869128 233 8 10 9
202 1869128 233 3 4 11532
203 1900430 237 4 8 53
204 1900430 237 10 8 53
205 1912269 239 8 1 9
206 1984125 241 4 0 9
207 1984125 241 3 2 1952
208 1984125 241 7 5 5047
209 1984125 241 6 0 9
210 1984125 241 3 8 1
211 1984125 241 7 6 1
212 1984125 241 7 0 9
213 1984125 241 6 1 6
214 1984125 241 7 10 1014
215 1984125 241 4 1 6
216 1984125 241 1 6 48
217 1993776 248 1 4 194
218 2003602 257 6 9 7792
219 2038683 259 4 1 891
220 2038683 259 8 5 600
221 2038683 259 5 5 85
222 2038683 259 5 7 25
223 2038683 259 0 8 2025
224 2118019 262 9 3 1
225 2118019 262 9 1 30
226 2118019 262 2 5 1
227 2118019 262 4 6 17
228 2118019 262 4 8 7
229 2118019 262 2 10 12
230 2118019 262 8 2 6
231 2118019 262 3 2 6
232 2118019 262 0 7 1
233 2129432 264 4 4 5132
234 2133703 266 5 10 10
235 2145034 269 4 0 22
236 2145034 269 4 4 68
237 2153513 271 7 7 34
238 2153513 271 2 7 8
239 2158395 277 2 7 3263
240 2172133 282 8 1 106
241 2308595 287 1 3 5
242 2308595 287 6 2 3
243 2308595 287 7 2 3
244 2308595 287 4 0 1
245 2308595 287 0 7 1615
246 2308595 287 10 8 35
247 2308595 287 8 3 11
248 2308595 287 2 2 3
249 2308595 287 2 4 1
250 2308595 287 6 3 11
251 2308595 287 0 0 3
252 2355239 291 10 0 1
253 2355239 291 9 1 256
254 2355239 291 10 3 211
255 2355239 291 3 0 6
256 2355239 291 0 1 128
257 2355239 291 6 6 409
258 2355239 291 8 5 103
259 2397995 292 10 6 39
260 2397995 292 10 9 529
261 2397995 292 9 8 218
262 2397995 292 9 1 197
263 2427455 298 1 8 2839
264 2427455 298 1 2 37
265 2429200 299 9 6 1644
266 2480768 303 1 8 973
267 2480768 303 8 10 14
268 2480768 303 10 9 613
269 2480768 303 8 1 25
270 2480768 303 2 1 25
271 2480768 303 10 0 1
272 2480768 303 0 9 3069
273 2510202 304 2 4 11
274 2510202 304 2 2 74
275 2510202 304 3 2 24
276 2528426 308 6 8 78
277 2528426 308 6 10 9873
278 2528426 308 6 7 58523
279 2533286 310 10 6 6
280 2533286 310 7 1 442
281 2541502 311 0 10 19
282 2541502 311 2 10 76
283 2611946 317 9 8 167
284 2611946 317 7 0 4
285 2611946 317 7 5 964
286 2611946 317 7 2 1697
287 2611946 317 1 4 32
288 2611946 317 9 2 565
289 2611946 317 3 9 5
290 2611946 317 2 3 54
291 2636128 324 3 10 24
292 2636128 324 10 5 7
293 2636128 324 5 10 48
294 2644230 327 1 10 1020
295 2644230 327 1 3 3434
296 2684820 330 0 2 201
297 2684820 330 0 9 26
298 2685051 332 2 8 19
299 2703425 337 4 6 86
300 2703425 337 4 7 86
301 2723227 339 3 2 288
302 2723227 339 2 7 15
303 2723227 339 7 5 95
304 2753249 340 8 7 2998
305 2753249 340 6 1 3
306 2758378 342 9 4 133
307 2789848 353 0 6 5
308 2789848 353 0 4 219
309 2789848 353 0 9 9
310 2798237 358 1 4 2379
311 2798800 359 6 9 55
312 2818662 363 8 4 62
313 2819567 365 9 3 670
314 2826037 366 0 5 1952
315 2843402 369 10 7 1
316 2872409 370 3 8 3
317 2904539 382 4 0 30
318 2910912 386 9 3 488
319 2914997 387 7 9 1
320 2914997 387 5 9 1
321 2914997 387 9 9 1
322 2934910 388 0 8 3
323 2934910 388 7 3 3122
324 2934910 388 0 6 202
325 2934910 388 0 5 38
326 2934910 388 0 7 60
327 3004774 390 6 1 6
328 3004774 390 2 4 27
329 3004774 390 8 10 1
330 3004774 390 8 7 38
331 3029681 392 10 2 117
332 3118626 395 8 2 1
333 3118626 395 8 10 31
334 3118626 395 10 1 3
335 3118626 395 1 3 52
336 3118626 395 0 5 177
337 3118626 395 9 5 532
338 3118626 395 5 4 1
339 3118626 395 10 4 1
340 3118626 395 4 8 33
341 3124746 396 10 1 1216
342 3131579 400 2 6 38920
343 3164763 402 9 4 6
344 3164763 402 2 10 13
345 3164763 402 9 7 35
346 3164763 402 9 1 1815
347 3170400 405 9 5 62
348 3170400 405 2 5 15
349 3188599 407 2 0 54
350 3188599 407 2 8 611
351 3248611 409 8 8 26
352 3248611 409 10 5 797
353 3248611 409 1 9 30
354 3248611 409 5 2 7
355 3248611 409 1 2 11
356 3248611 409 2 1 542
357 3248611 409 6 1 1627
358 3248611 409 8 5 797
359 3248611 409 6 10 15
360 3248611 409 2 5 3188
361 3248611 409 10 3 1
362 3281243 413 9 4 9414
363 3281243 413 2 1 168
364 3281243 413 9 8 10548
365 3281243 413 9 1 56
366 3281243 413 9 9 16
367 3293752 420 5 8 36
368 3293752 420 5 1 59
369 3307451 422 2 7 9
370 3307826 423 3 1 4754
371 3320238 424 7 2 215
372 3427112 428 3 4 28
373 3427112 428 6 2 1
374 3427112 428 4 6 1
375 3427112 428 8 1 7352
376 3427112 428 1 10 12
377 3427112 428 2 1 668
378 3427112 428 9 7 1
379 3427112 428 7 6 2
380 3427112 428 8 4 21
381 3427112 428 7 10 4
382 3427112 428 2 0 1
383 3427112 428 4 4 4
384 3427112 428 10 4 1
385 3427112 428 2 10 25
386 3487038 430 4 10 5
387 3487038 430 1 3 4
388 3487038 430 10 1 1051
389 3487038 430 1 4 24
390 3487038 430 8 6 190
391 3487038 430 10 5 33
392 3487038 430 8 4 3
393 3487038 430 7 0 2
394 3487038 430 2 0 2
395 3487038 430 1 0 2
396 3487038 430 4 7 17
397 3494346 434 8 2 37
398 3501762 435 7 1 108
399 3501854 436 0 3 109
400 3505440 439 6 7 114
401 3509530 440 4 10 4
402 3533283 453 8 2 53
403 3537537 455 5 0 30
404 3585807 457 4 4 1
405 3585807 457 2 6 6
406 3585807 457 8 4 1
407 3585807 457 5 9 13
408 3585807 457 5 10 5
409 3585807 457 7 3 1
410 3585807 457 1 6 12
411 3585807 457 10 3 44
412 3585807 457 10 10 5
413 3585807 457 1 10 5
414 3585807 457 7 7 1
415 3608491 460 1 6 9
416 3654832 461 7 8 9
417 3654832 461 1 0 1
418 3654832 461 7 6 614
419 3654832 461 1 6 122
420 3654832 461 6 10 1
421 3654832 461 3 7 1
422 3654832 461 5 5 163
423 3654832 461 0 7 1
424 3654832 461 1 2 11
425 3654832 461 6 9 85
426 3806414 466 8 2 150
427 3806414 466 7 6 28
428 3806414 466 0 3 1801
429 3806414 466 5 2 50
430 3806414 466 3 2 100
431 3806414 466 7 5 1
432 3806414 466 4 8 1
433 3806414 466 1 4 217
434 3806414 466 3 3 7204
435 3806414 466 1 0 7
436 3806414 466 6 4 217
437 3806414 466 0 9 20
438 3806414 466 9 3 1801
439 3806414 466 2 2 50
440 3806414 466 9 4 217
441 3806414 466 3 7 61
442 3842367 467 0 9 8
443 3842367 467 1 7 5
444 3842367 467 10 8 39
445 3842367 467 5 8 7
446 3852236 468 7 6 61
447 3852236 468 7 8 13074
448 3862707 471 5 10 923
449 3872784 472 6 0 14
450 3913509 473 0 3 14
451 3913509 473 4 5 68
452 3913509 473 8 8 104
453 3913509 473 6 6 5
454 3913509 473 8 2 15
455 4039620 475 2 1 3
456 4039620 475 10 7 4
457 4039620 475 2 5 2
458 4039620 475 9 0 1
459 4039620 475 5 8 2
460 4039620 475 6 7 85
461 4039620 475 8 7 4
462 4039620 475 0 9 5
463 4039620 475 8 1 3
464 4039620 475 7 1 10
465 4039620 475 7 0 1
466 4039620 475 3 10 5
467 4039620 475 8 2 3
468 4039620 475 10 4 2
469 4039620 475 2 4 8
470 4039620 475 8 5 2
471 4039620 475 4 2 3
472 4039620 475 3 2 1
473 4039620 475 4 1 6
474 4039620 475 6 10 10
475 4040913 476 6 10 30
476 4053211 477 2 3 89
477 4053211 477 2 4 41
478 4053211 477 2 6 69
479 4053249 478 8 2 76
480 4062808 479 3 9 2
481 4062808 479 2 9 1
482 4071520 483 2 10 40
483 4079858 486 6 8 21916
484 4086866 487 5 10 202
485 4102788 489 9 0 11786
486 4102788 489 2 4 48
487 4102788 489 3 7 5
488 4106522 491 10 10 39
489 4113831 497 9 7 51
490 4230576 498 6 3 1
491 4230576 498 2 6 1
492 4230576 498 0 9 1
493 4230576 498 1 7 14
494 4230576 498 8 5 175
495 4230576 498 7 1 17
496 4230576 498 3 6 1
497 4230576 498 0 3 1
498 4230576 498 3 10 13
499 4230576 498 9 9 1
500 4230576 498 0 4 50
501 4230576 498 7 8 514
502 4230576 498 1 5 175
503 4230576 498 3 4 50
504 4230576 498 7 9 18
505 4230576 498 2 4 50
506 4240381 499 7 5 7680
507 4245712 503 1 1 6017
508 4249831 504 1 3 52
509 4249831 504 6 9 296
510 4249831 504 6 8 77
511 4250723 505 0 7 64
512 4251365 506 7 10 2637
513 4317903 507 2 10 89
514 4317903 507 1 8 52
515 4317903 507 9 7 72
516 4317903 507 3 0 15
517 4317903 507 5 5 49
518 4317903 507 2 1 1
519 4317903 507 6 3 7
520 4317903 507 10 2 11
521 4317903 507 2 6 3
522 4317903 507 2 9 7
523 4317903 507 7 2 5
524 4320453 508 1 8 38
525 4415869 513 0 5 345
526 4415869 513 9 10 2
527 4415869 513 0 4 200
528 4415869 513 5 7 35
529 4415869 513 10 10 2
530 4415869 513 7 4 200
531 4415869 513 1 1 5
532 4415869 513 5 2 6
533 4415869 513 4 8 1009
534 4415869 513 9 3 5
535 4415869 513 7 10 4
536 4415869 513 0 0 5
537 4415869 513 3 2 6
538 4415869 513 0 8 6059
539 4415869 513 5 1 21
540 4415869 513 9 7 5
541 4430513 516 5 3 1
542 4430513 516 6 3 1
543 4430513 516 2 3 1
544 4430513 516 3 3 1
545 4446292 528 3 7 128
546 4447004 529 4 9 374
547 4462637 535 7 1 59
548 4462637 535 4 7 6
549 4463903 536 3 6 467
550 4484643 542 1 5 33196
551 4496022 547 4 5 7822
552 4496022 547 4 1 2357
553 4496022 547 4 6 189
554 4496022 547 4 7 18
555 4496022 547 4 2 327
556 4507679 550 6 6 6
557 4524005 551 3 6 60
558 4528274 552 10 0 76
559 4653197 555 4 2 4380
560 4653197 555 4 8 7
561 4653197 555 8 8 7
562 4653197 555 5 10 1
563 4653197 555 9 4 829
564 4653197 555 5 9 2
565 4653197 555 4 4 829
566 4653197 555 7 7 3
567 4653197 555 8 5 13
568 4653197 555 8 4 829
569 4653197 555 7 9 2
570 4653197 555 1 3 202
571 4653197 555 1 0 1
572 4698172 556 10 1 1
573 4698172 556 5 4 4
574 4698172 556 0 5 3164
575 4708486 557 3 8 1648
576 4708486 557 3 9 238
577 4708486 557 3 2 52
578 4721280 558 1 4 2269
579 4726007 560 6 0 10
580 4726007 560 3 2 29
581 4741713 562 10 10 8302
582 4741713 562 10 9 2695
583 4753631 563 10 3 653
584 4753631 563 10 8 1666
585 4753631 563 10 9 33
586 4762926 565 1 8 222
587 4763506 567 1 5 9237
588 4812217 569 9 0 26
589 4812217 569 4 6 1
590 4812217 569 8 5 1
591 4812217 569 3 7 8
592 4812217 569 6 2 170
593 4812217 569 4 8 1
594 4812217 569 8 0 26
595 4812217 569 10 10 49
596 4812217 569 2 7 8
597 4813395 571 1 7 32
598 4813412 572 8 0 9018
599 4817942 573 2 5 6
600 4861143 576 1 1 1
601 4890018 582 4 8 66
602 4901066 583 6 7 1421
603 4901066 583 6 1 2272
604 4901066 583 6 2 76
605 4904509 587 2 1 6
606 4912018 588 4 8 19655
607 4912018 588 4 9 111
608 4920676 591 4 1 2
609 4920676 591 7 1 1
610 4920676 591 5 10 34
611 4920676 591 9 1 1
612 4921188 592 10 1 40
613 4970566 602 6 10 509
614 4970566 602 6 2 848
615 4970566 602 6 1 81
616 4989362 608 8 4 11
617 5002056 611 7 2 147
618 5002056 611 2 4 117
619 5002056 611 1 4 39
620 5110164 612 0 4 26
621 5110164 612 7 5 120
622 5110164 612 4 3 1
623 5110164 612 0 6 1
624 5110164 612 4 1 3
625 5110164 612 8 10 5
626 5110164 612 7 7 5079
627 5110164 612 4 4 2485
628 5110164 612 5 6 1
629 5110164 612 1 9 14
630 5110164 612 8 1 13
631 5110164 612 8 5 120
632 5221376 616 3 9 11
633 5221376 616 0 4 1
634 5221376 616 0 6 72
635 5221376 616 8 4 1
636 5221376 616 10 10 1709
637 5221376 616 6 3 145
638 5221376 616 8 1 1
639 5221376 616 2 3 83
640 5221376 616 3 0 988
641 5221376 616 2 0 1483
642 5221376 616 7 8 3
643 5221376 616 9 5 1227
644 5221376 616 1 7 1201
645 5221376 616 9 3 20
646 5221376 616 2 5 1227
647 5228310 618 7 8 12
648 5228310 618 2 8 38
649 5239101 622 7 6 13081
650 5241897 624 1 5 2839
651 5241897 624 8 5 2839
652 5242771 625 2 0 34
653 5256245 626 2 0 55
654 5270718 628 1 9 181
655 5281675 631 7 5 232
656 5281675 631 2 3 144
657 5307209 633 5 2 6
658 5312073 634 7 10 105
659 5312073 634 7 0 1249
660 5318373 635 5 8 1373
661 5331795 638 2 7 203
662 5332159 639 2 3 55
663 5334379 643 1 4 19
664 5396213 644 9 9 54
665 5396213 644 6 5 15
666 5396213 644 8 7 92
667 5396213 644 3 0 8
668 5396213 644 3 3 21
669 5396213 644 3 10 1
670 5396213 644 2 0 8
671 5396213 644 10 6 1
672 5396213 644 4 6 1
673 5396213 644 7 8 908
674 5396213 644 10 4 647
675 5397046 645 4 8 20
676 5403499 652 3 8 767
677 5405884 656 0 0 126
678 5407105 658 0 3 6037
679 5426858 668 5 1 200
680 5512887 671 4 2 13
681 5512887 671 7 2 19
682 5512887 671 9 8 34
683 5512887 671 9 5 30
684 5512887 671 3 2 6
685 5512887 671 0 0 2
686 5512887 671 8 8 5
687 5512887 671 5 9 8
688 5512887 671 6 4 3355
689 5512887 671 5 2 6
690 5530059 675 2 5 29
691 5617261 683 2 2 1527
692 5617261 683 10 5 1
693 5617261 683 2 4 1277
694 5617261 683 5 9 15
695 5617261 683 0 8 5
696 5617261 683 10 3 59
697 5617261 683 7 10 16
698 5617261 683 8 2 3054
699 5618364 684 9 2 1039
700 5623318 687 2 8 23
701 5623578 688 7 4 43
702 5637471 689 8 10 1
703 5672494 690 4 10 4
704 5672494 690 4 2 11
705 5702471 692 6 4 38
706 5702471 692 2 10 12
707 5702471 692 6 1 96
708 5702471 692 10 4 19
709 5712156 693 8 2 61
710 5712156 693 8 9 102
711 5847249 695 6 0 64
712 5847249 695 7 8 1
713 5847249 695 1 7 1
714 5847249 695 7 10 5
715 5847249 695 4 7 1
716 5847249 695 6 1 3
717 5847249 695 4 5 71
718 5847249 695 3 3 4
719 5847249 695 1 5 7
720 5847249 695 9 1 7
721 5847249 695 9 10 1
722 5847249 695 9 7 1
723 5847249 695 0 2 793
724 5847249 695 8 3 26
725 5847249 695 3 10 1
726 5883575 698 5 5 6
727 5883575 698 5 9 66
728 5883575 698 10 7 2
729 5883575 698 2 10 32
730 5883575 698 2 3 127
731 5883575 698 2 6 13
732 5883575 698 10 5 51
733 5899895 701 7 2 15
734 5899895 701 9 2 76
735 5926372 702 3 3 1
736 5926372 702 0 1 25
737 5926372 702 0 9 6
738 5926372 702 3 2 56
739 5926372 702 4 10 74
740 5926372 702 4 1 5
741 5926372 702 4 0 1187
742 5953093 703 2 10 81
743 5953093 703 9 10 81
744 5953093 703 9 6 38
745 5959388 708 7 4 12039
746 5975627 710 3 3 119
747 5975627 710 3 9 22919
748 5991278 714 2 2 9758
749 5996262 717 9 7 35
750 6045875 718 3 8 2911
751 6045875 718 3 0 36
752 6045875 718 7 3 15
753 6045875 718 2 8 1455
754 6045875 718 2 7 23
755 6045875 718 1 9 31
756 6069720 723 3 6 66
757 6069720 723 3 0 39
758 6069720 723 3 1 113
759 6069720 723 3 8 7
760 6069720 723 6 1 1
761 6090721 727 2 5 14
762 6127121 732 5 9 46
763 6127121 732 0 3 15
764 6127726 733 10 8 12
765 6158275 735 9 8 70
766 6168179 737 0 0 44
767 6182084 740 2 2 25990
768 6251668 741 6 5 22
769 6251668 741 3 2 9
770 6251668 741 5 1 40583
771 6251668 741 4 2 9
772 6251668 741 7 2 3
773 6265289 744 7 8 75
774 6265289 744 1 8 151
775 6265553 745 3 10 118
776 6266605 746 6 9 88
777 6280029 749 10 0 33
778 6280029 749 9 7 41
779 6342904 751 7 4 13
780 6342904 751 8 3 485
781 6342904 751 9 6 55
782 6342904 751 6 9 15
783 6342904 751 5 5 12
784 6342904 751 9 4 27
785 6342904 751 1 2 119
786 6342904 751 8 2 2628
787 6342904 751 6 10 17
788 6342904 751 4 8 5
789 6370464 755 9 8 92
790 6370464 755 9 6 4
791 6370464 755 9 5 4130
792 6370464 755 9 0 195
793 6392395 759 10 3 11
794 6397763 761 2 5 45
795 6438547 766 1 6 172
796 6438547 766 10 7 7
797 6438547 766 3 3 1
798 6438547 766 5 3 1
799 6466238 768 8 8 1321
800 6466238 768 8 10 47
801 6466238 768 8 7 6
802 6468269 772 1 1 94
803 6478975 774 7 5 98
804 6482254 776 6 10 137
805 6491554 778 6 9 7
806 6492650 779 4 1 18222
807 6504070 782 8 4 1
808 6504070 782 3 4 21
809 6504070 782 0 4 1
810 6517740 790 7 8 37
811 6532223 798 4 1 2953
812 6532223 798 4 4 100
813 6532223 798 4 0 65
814 6536625 802 5 0 43
815 6578181 820 2 2 104
816 6700820 822 4 8 239
817 6700820 822 0 0 1
818 6700820 822 3 7 414
819 6700820 822 5 2 3
820 6700820 822 10 5 78
821 6700820 822 9 5 26
822 6700820 822 8 9 9
823 6700820 822 3 0 7
824 6700820 822 10 3 3
825 6700820 822 7 9 3
826 6700820 822 4 3 1
827 6700820 822 0 6 4
828 6700820 822 10 4 25
829 6700820 822 0 3 1
830 6799086 823 9 5 599
831 6799086 823 5 4 3553
832 6799086 823 3 10 1
833 6799086 823 2 3 1
834 6799086 823 9 7 751
835 6799086 823 1 4 3553
836 6799086 823 2 7 751
837 6799086 823 2 9 1
838 6799086 823 5 10 1
839 6799086 823 2 5 1797
840 6830230 825 5 5 16
841 6830230 825 4 5 112
842 6830230 825 4 9 18
843 6830230 825 4 2 27
844 6830230 825 7 9 18
845 6830230 825 1 1 19
846 6830230 825 10 2 54
847 6830230 825 0 2 27
848 6833923 827 0 9 116
849 6847891 830 1 1 74
850 6847891 830 2 7 448
851 6848907 832 1 1 30673
852 6870485 833 7 6 12731
853 6870485 833 7 0 119
854 6870485 833 7 7 1338
855 6884926 834 2 10 700
856 6890197 837 6 9 79
857 6891921 838 5 0 8530
858 6894465 841 10 5 4815
859 6894465 841 1 0 334
860 6913822 844 1 9 851
861 6918521 845 3 7 4
862 6918521 845 5 7 51
863 6918521 845 4 7 9
864 6929201 850 9 6 662
865 6929201 850 7 2 15
866 6949990 857 9 10 21849
867 6960722 859 6 4 66
868 6960776 860 9 6 11
869 6981098 863 6 0 9
870 7047713 864 3 10 172
871 7047713 864 5 8 113
872 7047713 864 7 2 954
873 7069924 872 6 6 114
874 7069924 872 2 4 147
875 7082662 874 2 10 51
876 7082662 874 2 0 171
877 7092494 878 9 6 46
878 7101056 882 9 2 223
879 7155306 886 1 6 1111
880 7155306 886 2 2 1476
881 7155306 886 4 5 25
882 7155306 886 2 0 14
883 7155306 886 7 2 41
884 7155306 886 6 0 14
885 7155306 886 8 4 1
886 7164960 888 10 4 103
887 7219027 894 0 9 35
888 7219027 894 6 9 71
889 7219027 894 5 3 6
890 7219027 894 9 10 33
891 7219027 894 2 4 56
892 7222656 895 7 9 9
893 7222656 895 5 9 36
894 7250275 896 10 3 3173
895 7250275 896 9 3 1586
896 7265135 899 6 4 32
897 7265135 899 6 8 4891
898 7273615 901 3 2 517
899 7273615 901 10 3 7420
900 7273615 901 7 2 30
901 7273615 901 4 2 30
902 7289703 903 1 7 111
903 7297620 905 2 8 95
904 7322134 907 2 9 153
905 7322134 907 2 10 6
906 7322134 907 4 7 6019
907 7322134 907 4 4 22
908 7322134 907 2 1 116
909 7332719 909 9 1 6168
910 7333576 910 10 5 3
911 7355247 913 6 2 19
912 7364267 916 10 3 99
913 7367990 917 6 9 3
914 7368601 918 0 1 124
915 7378510 919 9 1 16
916 7378510 919 0 1 1
917 7378510 919 7 1 9
918 7381046 920 8 10 8
919 7381046 920 6 9 28
920 7395920 924 0 6 1
921 7395920 924 5 6 11
922 7411201 926 7 1 61
923 7411201 926 7 8 20
924 7535600 929 3 5 227
925 7535600 929 7 7 231
926 7535600 929 1 2 12
927 7535600 929 10 2 4
928 7535600 929 6 7 4
929 7535600 929 3 0 2
930 7535600 929 8 2 21
931 7535600 929 5 8 4
932 7535600 929 10 1 1
933 7535600 929 7 4 878
934 7535600 929 7 3 3
935 7535600 929 6 6 54
936 7535600 929 8 4 1756
937 7607970 930 1 6 13
938 7607970 930 1 0 2492
939 7607970 930 0 8 309
940 7607970 930 10 3 15
941 7607970 930 6 7 10
942 7607970 930 7 3 15
943 7607970 930 1 5 22
944 7607970 930 9 7 31
945 7607970 930 7 1 14
946 7607970 930 2 10 683
947 7673326 931 10 9 2119
948 7673326 931 0 4 909
949 7673326 931 6 2 1607
950 7716573 932 2 0 4
951 7716573 932 6 0 2
952 7720992 934 10 1 14278
953 7736110 939 4 8 42789
954 7743090 940 0 7 99809
955 7743090 940 0 0 266
956 7858979 941 0 3 1
957 7858979 941 8 5 13
958 7858979 941 7 8 6
959 7858979 941 0 9 1305
960 7858979 941 4 1 192
961 7858979 941 0 1 96
962 7858979 941 9 4 1
963 7858979 941 5 6 2
964 7858979 941 5 3 8
965 7858979 941 9 6 8
966 7858979 941 7 3 1
967 7858979 941 10 7 2
968 7858979 941 4 6 2
969 7858979 941 0 4 3
970 7858979 941 5 10 18
971 7858979 941 10 5 13
972 7863779 946 8 9 37
973 7888818 950 9 8 7
974 7915344 959 10 5 196
975 7915344 959 10 3 152
976 8013149 967 4 7 243
977 8013149 967 5 8 44
978 8013149 967 6 4 14
979 8013149 967 0 8 44
980 8013149 967 6 9 2
981 8013149 967 1 6 3080
982 8013149 967 1 9 9
983 8013149 967 5 1 1846
984 8028332 971 0 8 30
985 8060874 973 0 9 112
986 8060874 973 0 6 19
987 8060874 973 2 5 1938
988 8064256 975 8 8 3
989 8065761 976 3 10 11971
990 8067582 978 5 5 281
991 8103636 993 4 3 13014
992 8103636 993 4 1 115
993 8121559 994 2 0 3
994 8121559 994 10 5 81
995 8121559 994 6 5 97
996 8121559 994 8 0 3
997 8121559 994 4 5 64
998 8124830 995 5 6 518
999 8128876 997 0 3 22
