11 357 1000
0 120519 0 9 5 6
1 459971 3 5 9 20
2 459971 3 5 3 126
3 459971 3 10 9 40
4 459971 3 10 7 31
5 557185 6 3 9 2025
6 840790 9 4 5 248
7 840790 9 1 7 39
8 892147 10 0 1 1740
9 1180324 13 3 5 41
10 1180324 13 1 9 30152
11 1180324 13 7 9 48707
12 1180324 13 5 4 340
13 1180324 13 6 2 70
14 1220430 16 2 4 209
15 1544175 17 1 2 526
16 1544175 17 6 2 526
17 1544175 17 10 9 1317
18 1544175 17 5 10 1
19 1544175 17 3 5 16
20 1544175 17 2 3 46
21 1544175 17 1 8 1
22 1544175 17 10 3 93
23 1611148 18 1 2 19
24 1812558 21 4 1 31
25 1812558 21 3 9 94
26 1850473 24 7 4 6073
27 2133408 29 2 0 72
28 2133408 29 10 2 2926
29 2133408 29 10 5 56
30 2220984 34 3 5 1261
31 2227769 35 7 5 100
32 2335994 37 3 9 6321
33 2335994 37 8 10 4
34 2335994 37 4 10 4
35 2410654 38 10 5 110
36 2410654 38 10 1 381
37 2447067 39 4 5 6
38 2604860 44 1 2 89
39 2604860 44 1 6 217
40 3440766 51 0 2 10
41 3440766 51 2 10 1
42 3440766 51 0 5 33
43 3440766 51 10 3 15
44 3440766 51 7 3 15
45 3440766 51 8 8 1
46 3440766 51 10 8 21
47 3440766 51 3 10 1
48 3440766 51 10 4 15
49 3440766 51 7 4 15
50 3440766 51 2 2 5
51 3440766 51 5 5 8
52 3440766 51 3 3 15
53 3440766 51 8 0 21
54 3440766 51 8 4 15
55 3497157 56 5 0 1
56 3523908 58 8 2 1566
57 3882463 59 2 4 8
58 3882463 59 5 5 28
59 3882463 59 2 5 14
60 3882463 59 5 4 3
61 3882463 59 2 0 6
62 3954449 61 2 2 24
63 3954449 61 10 2 24
64 4119210 68 3 4 3
65 4249357 70 3 7 1
66 4357533 72 6 8 12198
67 4357533 72 6 0 6120
68 4357533 72 6 10 83
69 4813086 75 1 2 778
70 4813086 75 7 6 14
71 4813086 75 9 9 33
72 4813086 75 3 3 33
73 4813086 75 3 4 1
74 4813086 75 2 8 1
75 4813086 75 10 6 14
76 4813086 75 10 4 3
77 4813086 75 7 10 7
78 4813086 75 7 3 168
79 4817586 76 9 3 98
80 5533786 84 4 6 1
81 5533786 84 6 1 8
82 5533786 84 10 9 1
83 5533786 84 4 0 7
84 5533786 84 6 4 5
85 5533786 84 7 10 95
86 5533786 84 2 2 231
87 5533786 84 2 6 2
88 5533786 84 3 7 21
89 5533786 84 2 4 5
90 5533786 84 3 5 4
91 5533786 84 2 7 21
92 5533786 84 3 9 1
93 5533786 84 2 9 84
94 5533786 84 10 10 2
95 5683389 89 7 5 6
96 5693825 90 8 3 184
97 5749695 91 1 2 10456
98 5749695 91 0 2 550
99 5789994 93 9 10 67
100 5842580 94 5 5 756
101 5962518 97 3 9 3687
102 6296576 99 0 10 3070
103 6296576 99 0 8 1
104 6296576 99 9 8 1
105 6869164 102 1 7 2
106 6869164 102 3 9 9
107 6869164 102 1 5 14
108 6869164 102 4 6 1
109 6869164 102 3 7 1
110 6869164 102 8 3 17
111 6869164 102 5 1 3
112 6869164 102 8 10 21
113 6869164 102 10 3 5
114 6869164 102 0 1 3
115 6869164 102 10 5 57
116 6923867 103 0 5 6
117 6969148 104 4 8 216
118 6969148 104 4 5 74
119 6984153 105 1 5 326
120 6985507 106 4 9 39149
121 7249761 108 3 2 1
122 7249761 108 8 0 226
123 7249761 108 7 7 76
124 7254007 109 6 0 101
125 7315094 114 6 9 34
126 7390194 116 2 3 15961
127 7461392 117 0 3 30
128 7545388 118 7 5 16
129 7561649 120 0 7 124
130 7787117 127 0 3 27
131 7787117 127 0 8 19017
132 7880122 132 8 0 21
133 7935659 134 8 9 76
134 8079951 136 8 10 32
135 8079951 136 8 8 31
136 8540966 137 1 0 4
137 8540966 137 7 3 9
138 8540966 137 5 1 12
139 8540966 137 5 0 8
140 8540966 137 7 10 1559
141 8540966 137 10 8 34
142 8540966 137 4 8 4
143 8540966 137 2 3 9
144 8587408 139 7 1 25
145 8805059 146 7 9 50
146 8810338 147 9 6 19051
147 8907536 150 2 0 219
148 8907536 150 2 2 69
149 8978889 153 8 9 37
150 9432758 154 2 4 10
151 9432758 154 10 8 87
152 9432758 154 1 10 17
153 9432758 154 8 6 230
154 9432758 154 4 10 2
155 9432758 154 3 7 1284
156 9432758 154 2 2 249
157 9432758 154 9 8 21
158 9432758 154 6 9 23
159 9437428 155 1 7 3
160 9463324 156 1 8 23
161 10022927 160 8 10 5
162 10022927 160 2 8 613
163 10022927 160 6 3 2
164 10223372 162 7 0 3799
165 10357069 169 3 4 102
166 10430644 170 3 7 102
167 10479857 172 7 2 54
168 10577421 174 1 7 14
169 10577421 174 1 3 36
170 10587427 175 2 6 13
171 10775582 177 0 1 12993
172 10775582 177 3 10 393
173 10775582 177 3 6 172
174 10775582 177 0 2 189
175 10775582 177 0 3 10858
176 10775582 177 0 0 89
177 10913843 187 7 2 8
178 10913843 187 4 9 35
179 11057560 194 3 3 63
180 11497828 198 0 6 222
181 11497828 198 2 6 334
182 11497828 198 7 2 6
183 11497828 198 10 5 1
184 11497828 198 2 1 18
185 11497828 198 2 2 6
186 11546911 202 3 2 18
187 11671207 203 8 1 5
188 11671207 203 8 4 1511
189 11671207 203 8 7 7494
190 11782146 209 3 5 39
191 11907540 210 7 3 1
192 11907540 210 6 3 1
193 12082792 223 7 2 68
194 12129770 227 4 7 1033
195 12342996 229 0 10 5
196 12342996 229 6 9 74
197 12595136 230 8 4 78
198 12595136 230 0 7 226
199 12615187 231 5 6 6
200 12635109 232 10 5 1
201 13083901 233 6 10 47
202 13083901 233 5 0 7
203 13083901 233 3 1 141
204 13083901 233 6 3 5
205 13083901 233 0 6 26
206 13083901 233 10 3 12
207 13083901 233 8 5 9
208 13083901 233 1 2 4
209 13083901 233 4 1 39
210 13303011 237 10 2 55
211 13888881 241 9 0 9
212 13888881 241 6 0 9
213 13888881 241 6 3 1
214 13888881 241 7 6 1
215 13888881 241 1 1 18
216 13888881 241 9 8 23
217 13888881 241 3 4 28
218 13888881 241 3 3 1
219 13918083 244 1 1 1
220 13965768 249 5 5 21
221 14008070 255 1 1 42
222 14025408 258 3 0 83
223 14270784 259 2 10 622
224 14270784 259 0 8 2025
225 14270784 259 3 1 891
226 14270784 259 0 7 51
227 14273653 261 2 6 94
228 14826136 262 4 7 1
229 14826136 262 8 7 1
230 14826136 262 4 5 1
231 14826136 262 4 1 30
232 14826136 262 9 8 7
233 14826136 262 9 4 1
234 14826136 262 0 2 13
235 14826136 262 4 0 69
236 14826136 262 3 7 1
237 14895592 263 10 10 1524
238 14895592 263 8 10 3048
239 14895592 263 4 10 1524
240 14935926 266 5 10 10
241 14942246 267 8 9 312
242 15015241 269 4 3 93
243 15015241 269 4 9 210
244 15015241 269 4 6 99
245 15204931 282 8 3 286
246 15204931 282 8 9 41
247 15291317 286 10 1 210
248 16160168 287 1 1 3
249 16160168 287 4 4 2
250 16160168 287 4 0 1
251 16160168 287 0 3 11
252 16160168 287 2 9 1
253 16160168 287 2 7 12118
254 16160168 287 5 4 1
255 16160168 287 6 3 11
256 16160168 287 4 9 1
257 16160168 287 2 6 24
258 16160168 287 0 2 6
259 16160168 287 0 7 1615
260 16160168 287 1 4 10
261 16160168 287 1 0 5
262 16160168 287 10 6 24
263 16160168 287 3 3 23
264 16165596 288 8 10 108
265 16486675 291 5 2 3435
266 16486675 291 7 1 1536
267 16486675 291 9 5 25
268 16486675 291 8 6 409
269 16486675 291 4 8 8
270 16486675 291 10 9 365
271 16486675 291 7 0 3
272 16785971 292 2 1 197
273 16785971 292 0 8 218
274 16785971 292 7 6 106
275 16785971 292 1 0 6
276 16849564 296 4 7 61
277 16992187 298 1 1 12
278 16992187 298 1 3 1
279 16992187 298 1 6 844
280 17037036 302 2 8 113
281 17365377 303 3 7 1
282 17365377 303 9 0 1
283 17571418 304 2 2 74
284 17571418 304 3 1 7
285 17630269 307 0 4 476
286 17698988 308 6 5 6089
287 17698988 308 6 8 78
288 17733005 310 7 6 6
289 17819964 316 0 4 43
290 18283624 317 4 7 3013
291 18283624 317 5 9 21
292 18283624 317 5 10 55
293 18283624 317 0 4 10
294 18283624 317 0 7 3013
295 18283624 317 10 4 10
296 18283624 317 2 3 54
297 18283624 317 0 10 55
298 18283624 317 2 5 964
299 18452902 324 0 10 24
300 18717105 328 1 8 44
301 18717105 328 10 9 14
302 18717105 328 5 8 267
303 18717105 328 6 5 594
304 18717105 328 4 3 1
305 18717105 328 10 0 312
306 18793744 330 0 0 683
307 18793744 330 0 3 9862
308 18793744 330 0 4 194
309 18793744 330 0 7 67
310 18799477 333 3 5 304
311 18856587 335 1 0 231
312 18923976 337 4 7 86
313 18923976 337 4 3 98
314 19062589 339 8 5 95
315 19062589 339 3 7 31
316 19272744 340 5 4 1
317 19272744 340 2 4 1
318 19272744 340 7 7 2998
319 19293391 341 10 2 91
320 19397247 347 8 7 80
321 19446355 350 8 6 14
322 19528936 353 0 2 34
323 19528936 353 0 6 5
324 19528936 353 0 4 219
325 19550597 356 6 0 96
326 19587663 358 1 8 49
327 19698993 362 0 2 1
328 19782263 366 9 2 11
329 19782263 366 9 5 2928
330 19903820 369 9 7 1
331 20106864 370 6 8 3
332 20106864 370 8 3 10
333 20106864 370 4 8 3
334 20106864 370 7 2 9
335 20106864 370 8 8 3
336 20310107 380 10 0 984
337 20376384 386 6 3 976
338 20376384 386 10 3 976
339 20544374 388 7 7 30
340 20544374 388 0 1 16
341 20544374 388 7 10 17
342 20544374 388 7 9 4765
343 20558868 389 6 2 16284
344 21033420 390 6 8 767
345 21033420 390 1 6 229
346 21033420 390 2 8 767
347 21033420 390 2 3 596
348 21033420 390 7 0 14
349 21033420 390 10 5 13
350 21033420 390 3 10 26
351 21033420 390 8 1 2
352 21207769 392 8 5 2567
353 21207769 392 9 0 19
354 21207769 392 10 4 1281
355 21830385 395 5 9 2555
356 21830385 395 1 3 52
357 21830385 395 10 2 2
358 21830385 395 1 7 41
359 21830385 395 8 8 33
360 21830385 395 9 10 10
361 21830385 395 1 8 33
362 22153347 402 9 10 117
363 22153347 402 2 1 907
364 22153347 402 9 5 65
365 22153347 402 9 4 6
366 22153347 402 9 7 35
367 22232426 406 7 10 612
368 22232426 406 8 0 35
369 22320194 407 2 4 49
370 22320194 407 2 2 73
371 22321629 408 2 8 119
372 22740283 409 1 7 15
373 22740283 409 2 2 23
374 22740283 409 6 3 65
375 22740283 409 6 8 40
376 22740283 409 5 3 3
377 22740283 409 2 4 2
378 22759888 410 2 3 1
379 22968701 413 2 1 168
380 22968701 413 2 3 25
381 22986565 415 6 1 12637
382 23056270 420 6 10 64
383 23152161 422 5 3 54
384 23241667 424 7 5 282
385 23263100 426 5 10 30
386 23989784 428 6 7 1
387 23989784 428 5 7 1
388 23989784 428 0 1 668
389 23989784 428 3 6 1
390 23989784 428 2 5 822
391 23989784 428 6 1 668
392 23989784 428 3 7 97
393 23989784 428 5 3 3
394 23989784 428 10 8 2
395 23989784 428 8 2 2
396 23989784 428 10 5 822
397 23989784 428 10 1 668
398 23989784 428 7 5 822
399 23989784 428 3 0 1
400 23989784 428 10 3 14
401 23989784 428 2 10 25
402 23989784 428 10 7 1
403 23989784 428 1 3 136
404 24409266 430 0 2 18
405 24409266 430 10 4 3
406 24409266 430 4 8 1
407 24409266 430 0 8 2
408 24409266 430 1 0 2
409 24409266 430 8 3 8
410 24431802 431 6 0 184
411 24440602 433 7 4 12730
412 24512337 435 7 1 108
413 24512337 435 7 6 24
414 24610241 443 6 9 43
415 24610241 443 6 10 95
416 24610241 443 6 5 69
417 24610241 443 6 8 4
418 24662207 445 8 6 2
419 25100653 457 7 1 3
420 25100653 457 5 9 13
421 25100653 457 2 10 5
422 25100653 457 8 10 5
423 25100653 457 8 9 13
424 25100653 457 8 7 1
425 25136059 458 2 4 1978
426 25259441 460 1 4 4695
427 25259441 460 1 10 64
428 25583830 461 6 1 34
429 25583830 461 8 10 1
430 25583830 461 5 7 1
431 25583830 461 3 6 614
432 25583830 461 5 1 22
433 25583830 461 6 9 85
434 25583830 461 2 7 147
435 25583830 461 9 7 1
436 25583830 461 0 8 9
437 26644898 466 4 8 1
438 26644898 466 4 3 1801
439 26644898 466 6 0 7
440 26644898 466 5 3 3602
441 26644898 466 0 6 12
442 26644898 466 6 4 217
443 26644898 466 7 5 1
444 26644898 466 1 1 2
445 26644898 466 1 8 1
446 26644898 466 2 6 20
447 26644898 466 8 6 4
448 26644898 466 1 4 217
449 26644898 466 9 5 1
450 26644898 466 5 10 4
451 26896574 467 0 6 6
452 26896574 467 6 0 430
453 26896574 467 5 8 7
454 26965657 468 7 0 6237
455 26982458 469 6 1 4673
456 27038955 471 4 10 7385
457 27038955 471 10 10 2769
458 27038955 471 6 10 923
459 27038955 471 7 10 923
460 27394563 473 9 3 14
461 27394563 473 7 5 68
462 27394563 473 8 6 5
463 27394563 473 1 9 12
464 27394563 473 8 5 68
465 27394563 473 1 7 66
466 27394563 473 5 9 2
467 27394563 473 3 7 3
468 27394563 473 0 8 1669
469 28277340 475 7 1 10
470 28277340 475 1 6 11
471 28277340 475 10 5 2
472 28277340 475 6 10 10
473 28277340 475 8 10 5
474 28277340 475 4 5 5
475 28277340 475 5 1 3
476 28277340 475 2 9 5
477 28277340 475 8 6 4
478 28277340 475 10 7 4
479 28277340 475 0 8 7
480 28277340 475 1 1 3
481 28277340 475 4 2 3
482 28277340 475 10 2 3
483 28277340 475 3 6 1
484 28277340 475 0 0 2
485 28277340 475 6 6 1
486 28277340 475 8 9 5
487 28286397 476 8 10 15
488 28372478 477 2 7 60
489 28372478 477 2 3 89
490 28439657 479 9 9 1
491 28439657 479 10 9 1
492 28439657 479 6 9 1
493 28500642 483 10 10 8
494 28559009 486 6 1 461
495 28608066 487 5 7 808
496 28745659 491 2 10 39
497 29614038 498 0 2 4
498 29614038 498 2 5 526
499 29614038 498 5 0 10
500 29614038 498 5 10 13
501 29614038 498 8 5 175
502 29614038 498 3 10 13
503 29614038 498 1 9 1
504 29614038 498 6 1 35
505 29614038 498 6 7 7
506 29614038 498 7 7 29
507 29614038 498 8 10 26
508 29614038 498 9 5 175
509 29614038 498 0 0 43
510 29682670 499 7 8 324
511 29682670 499 7 9 100
512 29748821 504 6 8 77
513 30225322 507 6 1 1
514 30225322 507 5 6 3
515 30225322 507 9 4 1429
516 30225322 507 10 7 72
517 30225322 507 0 4 1429
518 30225322 507 4 4 1429
519 30225322 507 2 2 28
520 30225322 507 0 9 7
521 30225322 507 6 3 7
522 30412481 510 6 0 189
523 30412481 510 6 1 5
524 30911084 513 3 1 10
525 30911084 513 6 6 80
526 30911084 513 1 0 1
527 30911084 513 2 5 862
528 30911084 513 10 5 345
529 30911084 513 7 7 11
530 30911084 513 0 3 5
531 30911084 513 10 10 2
532 30911084 513 0 5 345
533 30911084 513 9 10 2
534 30911084 513 6 7 11
535 30911084 513 3 2 6
536 31013592 516 6 3 1
537 31049768 522 4 9 174
538 31079668 526 3 2 56
539 31146099 531 3 0 195
540 31168348 534 3 4 114
541 31238462 535 6 7 6
542 31238462 535 4 7 6
543 31259921 537 2 10 22
544 31392505 542 1 10 78241
545 31392505 542 1 7 28344
546 31392505 542 1 2 138
547 31404914 546 4 7 78
548 31472160 547 4 2 327
549 31472160 547 4 5 7822
550 31472160 547 4 4 109
551 31490079 549 5 5 264
552 31553754 550 4 6 31
553 31553754 550 3 6 6
554 31668037 551 6 1 7
555 32572384 555 7 3 202
556 32572384 555 4 2 4380
557 32572384 555 1 4 4978
558 32572384 555 0 10 5
559 32572384 555 10 6 47
560 32572384 555 0 4 829
561 32572384 555 10 3 607
562 32572384 555 0 9 2
563 32572384 555 5 4 3318
564 32572384 555 0 2 876
565 32572384 555 0 8 7
566 32572384 555 0 1 95
567 32572384 555 8 10 1
568 32572384 555 1 1 95
569 32572384 555 5 0 1
570 32572384 555 2 1 191
571 32887204 556 5 4 4
572 32959402 557 3 10 162
573 33048966 558 1 2 194
574 33048966 558 1 4 2269
575 33082052 560 5 0 81
576 33082052 560 10 2 45
577 33191993 562 10 9 2695
578 33275417 563 10 2 11
579 33275417 563 10 5 318
580 33340482 565 1 7 39
581 33346429 568 8 2 137
582 33685520 569 3 9 2
583 33685520 569 6 7 1
584 33685520 569 10 10 49
585 33685520 569 0 10 6
586 33685520 569 1 8 8
587 33685520 569 4 8 1
588 33685520 569 0 1 65
589 33693765 571 7 7 16
590 33693890 572 8 0 9018
591 34028004 576 10 1 1
592 34028004 576 6 1 1
593 34028004 576 0 1 1
594 34028004 576 6 6 9
595 34028004 576 10 3 30
596 34036878 577 0 0 2339
597 34073642 578 3 9 11
598 34315640 584 10 5 3971
599 34501580 596 9 1 190
600 34505696 597 0 4 14
601 34793966 602 8 6 12
602 34793966 602 8 7 111
603 34793966 602 8 3 56
604 34793966 602 8 5 30
605 34793966 602 8 8 3636
606 34911074 607 10 9 5247
607 34927748 609 9 8 117
608 34932850 610 2 3 27
609 35014393 611 1 2 8
610 35014393 611 5 6 4930
611 35771153 612 6 8 17
612 35771153 612 3 8 8
613 35771153 612 8 8 8
614 35771153 612 7 0 71
615 35771153 612 7 4 26
616 35771153 612 10 0 142
617 35771153 612 10 1 6
618 35771153 612 0 6 1
619 35771153 612 0 0 142
620 35771153 612 5 10 5
621 35771153 612 8 6 1
622 35771153 612 1 1 3
623 35771153 612 8 3 1
624 35771153 612 8 0 713
625 35771153 612 2 0 71
626 36549632 616 5 3 20
627 36549632 616 1 8 1
628 36549632 616 3 2 3
629 36549632 616 6 7 5205
630 36549632 616 10 8 6
631 36549632 616 1 6 36
632 36549632 616 9 0 494
633 36549632 616 7 9 2
634 36549632 616 8 0 6921
635 36549632 616 10 7 200
636 36549632 616 0 3 20
637 36549632 616 6 2 1
638 36549632 616 10 4 1
639 36549632 616 4 6 72
640 36549632 616 8 9 2
641 36549632 616 6 1 2
642 36549632 616 7 5 3683
643 36563266 617 3 9 85
644 36598175 618 2 8 38
645 36672950 621 2 8 37
646 36699402 625 7 0 104
647 36793720 626 2 1 8
648 36895030 628 1 5 389
649 36895030 628 1 2 47
650 36895030 628 1 9 181
651 36971727 631 5 6 491
652 37150463 633 5 5 19724
653 37150463 633 5 7 3
654 37150463 633 5 8 159
655 37184511 634 7 0 1249
656 37228617 635 5 5 334
657 37228617 635 5 10 15796
658 37322566 638 0 6 40
659 37773497 644 4 10 1
660 37773497 644 4 3 21
661 37773497 644 4 6 1
662 37773497 644 9 9 54
663 37773497 644 2 9 27
664 37773497 644 6 5 15
665 37773497 644 0 9 136
666 37773497 644 7 6 1
667 37773497 644 8 6 1
668 37773497 644 5 0 8
669 37794798 646 2 9 12
670 37803644 647 1 3 1338
671 37814756 650 7 10 29
672 37841190 656 0 0 126
673 37919004 662 4 4 2
674 37919577 663 1 1 14315
675 37933664 665 8 8 45
676 38590215 671 0 4 671
677 38590215 671 10 0 1
678 38590215 671 9 4 671
679 38590215 671 6 0 1
680 38590215 671 1 6 16
681 38590215 671 8 7 1
682 38590215 671 0 6 8
683 38590215 671 4 8 5
684 38604084 672 8 5 20
685 38621390 674 4 2 83
686 38710416 675 2 9 21
687 39320831 683 5 9 15
688 39320831 683 1 6 20
689 39320831 683 8 1 50
690 39320831 683 0 2 3054
691 39320831 683 8 7 548
692 39320831 683 3 4 638
693 39320831 683 0 5 12
694 39320831 683 3 2 4582
695 39320831 683 5 3 29
696 39320831 683 10 3 59
697 39320831 683 7 2 1527
698 39320831 683 8 8 5
699 39320831 683 1 5 4
700 39333830 686 7 1 88
701 39363226 687 5 8 7
702 39363226 687 0 8 15
703 39462300 689 9 10 4
704 39917303 692 2 6 43
705 39917303 692 2 0 75
706 39917303 692 2 1 48
707 39917303 692 7 6 43
708 39917303 692 6 10 51
709 39917303 692 7 3 3329
710 39917303 692 10 10 12
711 39985096 693 8 7 220
712 39985096 693 8 1 66
713 39995541 694 4 6 1358
714 40930743 695 7 10 5
715 40930743 695 4 2 1587
716 40930743 695 2 3 13
717 40930743 695 7 1 3
718 40930743 695 0 2 793
719 40930743 695 6 2 1587
720 40930743 695 6 0 64
721 40930743 695 3 2 793
722 40930743 695 5 1 3
723 40930743 695 7 5 28
724 40930743 695 8 9 214
725 40969306 697 4 6 1569
726 40969306 697 2 1 77
727 41185025 698 10 2 25
728 41185025 698 5 8 43
729 41185025 698 5 3 7885
730 41185025 698 2 5 3
731 41185025 698 2 9 33
732 41196013 700 9 4 4666
733 41299270 701 1 2 3
734 41484605 702 3 6 22
735 41671654 703 2 9 325
736 41671654 703 9 8 52
737 41702829 706 2 4 2
738 41829395 710 3 3 119
739 41973837 717 9 7 35
740 42321128 718 5 0 1
741 42321128 718 1 1 6
742 42321128 718 8 5 263
743 42321128 718 6 10 2
744 42321128 718 3 3 31
745 42321128 718 10 10 10
746 42321128 718 8 10 2
747 42488041 723 6 9 23
748 42488041 723 6 10 11
749 42488041 723 6 3 13
750 42488041 723 3 10 11
751 42488041 723 3 1 113
752 42551827 724 6 8 63
753 42559252 725 2 3 90
754 42889853 732 5 3 31
755 42889853 732 6 5 66
756 42889853 732 4 3 39
757 43107925 735 9 8 70
758 43107925 735 6 6 3
759 43261114 739 10 5 86
760 43761680 741 6 5 22
761 43761680 741 5 6 5
762 43761680 741 2 5 11
763 43857029 744 8 8 75
764 43960209 749 9 5 1
765 43960209 749 10 7 20
766 43960209 749 4 7 20
767 43960209 749 2 7 20
768 44400333 751 0 5 12
769 44400333 751 6 7 3
770 44400333 751 5 5 12
771 44400333 751 4 1 46
772 44400333 751 3 1 15
773 44400333 751 8 4 13
774 44400333 751 2 9 31
775 44400333 751 10 3 242
776 44400333 751 6 9 15
777 44400333 751 6 3 242
778 44400333 751 0 9 15
779 44593249 755 9 9 56
780 44593249 755 9 6 4
781 44593249 755 9 5 4130
782 44752589 760 5 0 1472
783 44810620 765 9 0 12661
784 45069829 766 0 10 30
785 45069829 766 10 6 14
786 45263667 768 0 7 2
787 45327115 773 6 10 17
788 45498175 780 3 5 4
789 45589634 787 6 4 33
790 45640604 795 3 7 39
791 45725564 798 4 8 632
792 45725564 798 4 10 193
793 45725564 798 4 0 65
794 45725713 799 2 10 54
795 45756381 802 4 0 8
796 45882060 807 3 10 55
797 45966925 815 6 10 1677
798 46905743 822 5 3 1
799 46905743 822 6 6 4
800 46905743 822 5 7 138
801 46905743 822 5 6 4
802 46905743 822 1 6 4
803 46905743 822 3 4 1
804 46905743 822 10 7 138
805 46905743 822 5 5 26
806 46905743 822 9 6 4
807 46905743 822 7 3 5
808 46905743 822 9 5 26
809 46905743 822 4 6 8
810 47593607 823 2 10 1
811 47593607 823 1 5 4195
812 47593607 823 5 7 751
813 47593607 823 9 6 1414
814 47593607 823 9 9 1
815 47593607 823 3 1 969
816 47593607 823 3 9 1
817 47593607 823 9 4 7107
818 47593607 823 8 4 3553
819 47593607 823 1 1 969
820 47593607 823 8 6 282
821 47593607 823 2 5 1797
822 47593607 823 1 8 1
823 47811612 825 7 8 63
824 47811612 825 1 1 19
825 47813275 826 2 8 28
826 47858289 829 9 6 347
827 47935243 830 0 9 32
828 47935243 830 3 5 172
829 48093399 833 7 4 24511
830 48194485 834 8 5 908
831 48194485 834 1 9 51
832 48198350 835 3 1 125
833 48246447 839 8 3 4
834 48355222 842 1 9 9530
835 48396758 844 2 9 283
836 48488607 846 5 4 14
837 48527263 852 3 9 48
838 48527263 852 2 9 48
839 48548695 854 3 10 1
840 48649934 857 9 1 1575
841 48649934 857 9 2 15741
842 48649934 857 9 8 57
843 48649934 857 9 6 9641
844 48799016 861 3 5 2029
845 48799016 861 3 3 2378
846 48867686 863 6 0 9
847 49333997 864 3 8 113
848 49333997 864 4 5 15
849 49333997 864 4 6 26
850 49333997 864 6 6 17
851 49333997 864 7 5 30
852 49333997 864 1 1 4
853 49333997 864 0 4 17
854 49333997 864 2 6 4
855 49333997 864 0 0 7236
856 49377078 869 6 9 164
857 49395406 870 3 3 6
858 49395406 870 0 3 6
859 49458730 871 10 9 7
860 49458730 871 1 9 3
861 49489474 872 2 4 147
862 49578636 874 2 3 32
863 49578636 874 2 4 61
864 49578636 874 2 0 171
865 49622799 875 4 7 9
866 49638703 876 1 3 18
867 49664269 880 1 7 27314
868 50087144 886 0 2 82
869 50087144 886 2 1 33
870 50087144 886 9 0 14
871 50087144 886 6 5 25
872 50087144 886 7 6 555
873 50087144 886 9 7 4
874 50087144 886 7 2 41
875 50087144 886 0 5 25
876 50087144 886 8 1 11
877 50087144 886 3 1 5
878 50091458 887 6 4 158
879 50154726 888 10 2 136
880 50154726 888 10 4 103
881 50154726 888 10 0 12
882 50174320 889 9 2 34
883 50533190 894 8 10 133
884 50533190 894 3 7 3
885 50533190 894 2 3 6
886 50533190 894 2 8 1
887 50533190 894 9 1 4
888 50533190 894 7 2 5
889 50533190 894 8 9 35
890 50558594 895 5 9 36
891 50751926 896 10 3 3173
892 50751926 896 2 2 38
893 50751926 896 4 2 38
894 50751926 896 3 2 38
895 50751926 896 4 9 10
896 50778646 897 0 6 1763
897 50855950 899 6 4 32
898 50855950 899 6 10 114
899 50915309 901 0 3 1484
900 50916201 902 5 10 39173
901 51027923 903 1 9 9
902 51028234 904 5 6 59
903 51254942 907 4 10 3
904 51254942 907 4 6 136
905 51335033 910 10 5 3
906 51486732 913 4 2 19
907 51549875 916 0 3 49
908 51649573 919 9 1 16
909 51649573 919 10 1 2
910 51649573 919 5 1 1
911 51667323 920 8 10 8
912 51667323 920 2 10 8
913 51667323 920 2 8 655
914 51773972 925 1 0 92
915 51878409 926 7 9 34
916 51878409 926 7 2 58
917 51878409 926 7 4 65
918 52749200 929 10 8 4
919 52749200 929 1 4 878
920 52749200 929 7 7 231
921 52749200 929 6 3 3
922 52749200 929 2 5 454
923 52749200 929 3 1 1
924 52749200 929 7 3 3
925 52749200 929 1 2 12
926 52749200 929 0 0 5
927 53255791 930 5 8 309
928 53255791 930 10 10 683
929 53255791 930 1 5 22
930 53255791 930 7 3 15
931 53255791 930 2 7 21
932 53255791 930 5 9 71
933 53255791 930 2 8 1548
934 53255791 930 10 0 7476
935 53255791 930 6 8 928
936 53713284 931 8 8 4
937 53713284 931 0 0 1056
938 53713284 931 4 1 10
939 53713284 931 10 0 3169
940 53713284 931 2 3 24
941 53713284 931 7 6 8
942 53713284 931 3 9 2119
943 53713284 931 8 0 1056
944 54016013 932 10 7 10
945 54016013 932 5 0 2
946 54016013 932 7 10 23
947 54016013 932 8 0 2
948 54016013 932 2 0 4
949 54016013 932 8 2 902
950 54016013 932 9 4 6
951 54201634 940 0 5 111
952 54201634 940 0 10 1313
953 55012853 941 0 5 13
954 55012853 941 9 8 1
955 55012853 941 4 9 3916
956 55012853 941 6 3 1
957 55012853 941 2 9 1305
958 55012853 941 10 2 2
959 55012853 941 3 2 2
960 55012853 941 4 2 10
961 55012853 941 0 9 1305
962 55012853 941 0 3 1
963 55012853 941 9 5 13
964 55012853 941 7 7 2
965 55012853 941 10 1 288
966 55012853 941 7 0 16
967 55012853 941 9 7 1
968 55012853 941 6 10 18
969 55024885 943 2 8 4884
970 55051490 947 10 10 71
971 55407412 959 10 9 43
972 55526668 966 4 5 3957
973 56092044 967 5 10 13
974 56092044 967 1 2 15
975 56092044 967 7 5 7
976 56092044 967 6 0 19
977 56092044 967 6 5 7
978 56092044 967 6 8 44
979 56092044 967 6 1 369
980 56092044 967 6 3 8
981 56114802 968 1 3 51
982 56167665 970 10 4 16
983 56198328 971 1 8 30
984 56426118 973 2 7 85545
985 56426118 973 0 6 19
986 56426118 973 0 9 112
987 56434196 974 2 10 4704
988 56449793 975 10 8 1
989 56470848 977 2 2 5970
990 56524992 979 6 8 3805
991 56554515 980 1 10 102
992 56582837 986 1 0 968
993 56612879 987 7 9 42
994 56628701 989 7 5 56
995 56725452 993 4 2 94
996 56850919 994 2 0 3
997 56850919 994 3 1 1
998 56850919 994 9 0 3
999 56902136 997 0 3 22
