11 372 1000
0 76661 3 9 6 284
1 76661 3 9 8 18952
2 76661 3 10 2 11041
3 140131 9 4 3 74
4 140131 9 1 3 74
5 140131 9 1 8 2
6 140131 9 4 4 2
7 140131 9 4 8 2
8 140131 9 4 7 39
9 140131 9 7 4 2
10 140131 9 4 9 7
11 148691 10 8 1 870
12 196720 13 6 10 99
13 196720 13 8 4 340
14 196720 13 8 8 1
15 196720 13 3 4 1361
16 257362 17 3 8 6
17 257362 17 2 7 2
18 257362 17 3 7 19
19 268524 18 1 9 179
20 271543 19 1 0 84
21 302093 21 3 2 1009
22 355568 29 2 7 377
23 355568 29 2 6 2425
24 365222 31 4 7 4140
25 369188 32 6 4 72
26 370164 34 3 5 1261
27 389332 37 8 0 25
28 401775 38 7 1 190
29 401775 38 8 8 11723
30 424333 41 10 10 49
31 424333 41 10 7 58
32 434143 44 1 0 118
33 434143 44 1 5 455
34 436036 45 1 6 1063
35 436036 45 8 6 1063
36 453236 50 7 10 526
37 573461 51 5 1 15
38 573461 51 9 4 31
39 573461 51 2 10 1
40 574368 52 9 4 249
41 582859 56 5 6 86
42 647077 59 1 9 128
43 647077 59 2 5 14
44 647077 59 5 3 63
45 647077 59 5 6 19
46 647077 59 2 6 19
47 647077 59 8 8 1
48 681309 66 0 7 227
49 681309 66 0 9 82
50 681318 67 1 7 10
51 686889 69 5 1 15911
52 802181 75 0 1 591
53 802181 75 4 8 1
54 802181 75 4 5 115
55 802181 75 1 2 778
56 802181 75 6 8 68
57 812015 77 8 4 21
58 812015 77 10 4 31
59 812015 77 7 4 21
60 818307 79 10 3 38
61 820353 80 7 4 194
62 922297 84 7 10 95
63 922297 84 3 7 21
64 922297 84 10 5 4
65 922297 84 4 3 4
66 922297 84 7 6 1
67 922297 84 4 6 1
68 922297 84 10 0 7
69 922297 84 10 3 8
70 922297 84 2 2 231
71 922570 85 9 6 404
72 947231 89 7 1 10154
73 973763 94 5 5 756
74 976731 95 3 1 49
75 993753 97 0 9 1843
76 1049429 99 9 7 12
77 1049429 99 7 9 42
78 1144860 102 5 1 3
79 1144860 102 6 0 35
80 1144860 102 3 2 1451
81 1144860 102 2 7 1
82 1144860 102 7 9 9
83 1144860 102 5 6 1
84 1153977 103 8 5 6
85 1153977 103 0 5 6
86 1161524 104 4 4 19491
87 1161524 104 4 6 5599
88 1164716 107 6 2 1524
89 1208293 108 2 3 69
90 1208293 108 5 3 13
91 1208293 108 8 4 17
92 1208293 108 5 4 34
93 1208293 108 3 6 15
94 1208293 108 2 5 16
95 1208293 108 3 0 226
96 1208293 108 0 6 7
97 1209001 109 6 0 101
98 1214119 110 3 9 116
99 1257564 118 7 5 16
100 1257564 118 1 5 301
101 1257564 118 2 2 2
102 1257564 118 9 7 55
103 1301325 131 1 3 226
104 1313353 132 8 1 6
105 1313359 133 5 1 154
106 1323228 135 1 6 8481
107 1346658 136 1 1 31
108 1346658 136 1 0 2006
109 1346658 136 8 2 59
110 1346658 136 1 10 32
111 1423494 137 8 3 48
112 1423494 137 4 0 56
113 1423494 137 2 0 4
114 1423494 137 3 8 9
115 1423494 137 10 4 896
116 1434900 142 3 3 77
117 1446998 143 0 7 238
118 1446998 143 0 5 3991
119 1449814 145 5 4 231
120 1484589 150 2 6 229
121 1484589 150 2 5 126
122 1572126 154 0 0 4
123 1572126 154 7 1 33
124 1572126 154 8 0 6
125 1572126 154 6 6 690
126 1572126 154 9 5 69
127 1572126 154 8 6 230
128 1572126 154 1 6 460
129 1572126 154 3 7 1284
130 1572126 154 1 7 642
131 1670487 160 8 6 5
132 1670487 160 0 9 9
133 1670487 160 3 7 1
134 1670487 160 2 8 613
135 1670487 160 7 3 137
136 1670487 160 7 6 19
137 1703895 162 5 3 574
138 1703895 162 3 0 1899
139 1703895 162 8 10 5
140 1719626 165 3 3 93
141 1720535 166 10 4 13
142 1725043 168 2 2 15
143 1725043 168 5 2 15
144 1746642 172 7 8 29
145 1762903 174 0 4 18
146 1795930 177 0 1 12993
147 1795930 177 0 9 9
148 1808767 184 3 5 54
149 1842926 194 3 3 63
150 1848171 197 1 1 1245
151 1916304 198 4 10 7
152 1916304 198 0 0 5
153 1916304 198 2 6 334
154 1916304 198 1 1 4
155 1916304 198 9 1 4
156 1916304 198 3 6 1002
157 1916304 198 6 4 2
158 1916304 198 10 6 111
159 1945201 203 8 8 45
160 1945201 203 8 4 1511
161 1951392 206 3 6 88
162 1963691 209 4 5 39
163 1963691 209 3 5 39
164 1984590 210 3 3 1
165 1984590 210 9 3 1
166 1988145 211 10 6 59
167 1988251 212 2 6 14
168 1991307 216 6 5 29
169 1998577 217 6 4 13
170 2005050 221 8 7 220
171 2013798 223 2 7 68
172 2014914 224 3 2 49443
173 2057166 229 2 5 133
174 2057166 229 2 3 28
175 2057166 229 6 9 74
176 2099189 230 0 10 8
177 2099189 230 8 8 135
178 2099189 230 8 5 3
179 2099189 230 8 2 48
180 2099189 230 3 1 230
181 2099189 230 8 4 78
182 2099189 230 8 3 136
183 2099189 230 8 1 46
184 2102531 231 7 6 2
185 2180650 233 9 2 4
186 2180650 233 3 1 141
187 2180650 233 1 8 5
188 2180650 233 8 10 9
189 2180650 233 5 1 8
190 2180650 233 0 6 26
191 2180650 233 10 5 4
192 2192093 236 5 6 55
193 2217168 237 4 0 72
194 2217168 237 4 4 4
195 2219054 238 3 9 432
196 2231534 240 1 6 190
197 2314813 241 6 9 1226
198 2314813 241 6 2 3905
199 2314813 241 9 10 1014
200 2314813 241 1 6 48
201 2314813 241 3 9 1226
202 2314813 241 7 2 3905
203 2314813 241 9 7 12
204 2314813 241 7 1 6
205 2314813 241 9 1 6
206 2378464 259 5 5 85
207 2378464 259 8 5 600
208 2378464 259 2 10 622
209 2378464 259 2 1 1783
210 2378464 259 3 0 14
211 2378464 259 4 0 14
212 2378464 259 9 1 891
213 2378464 259 10 0 14
214 2378464 259 5 7 25
215 2378464 259 8 8 8101
216 2471022 262 8 8 7
217 2471022 262 3 9 15
218 2471022 262 4 4 12
219 2471022 262 2 6 8
220 2471022 262 3 10 6
221 2471022 262 9 2 6
222 2489321 266 5 10 10
223 2502540 269 4 3 93
224 2515659 275 0 3 2062
225 2518128 277 2 7 3263
226 2518466 278 7 6 166
227 2534155 282 8 4 326
228 2693361 287 4 6 24
229 2693361 287 7 9 1
230 2693361 287 5 10 7
231 2693361 287 8 4 1
232 2693361 287 4 3 11
233 2693361 287 5 0 3
234 2693361 287 10 5 4
235 2693361 287 0 8 11
236 2693361 287 5 1 6
237 2693361 287 7 1 47
238 2693361 287 4 8 5
239 2693361 287 3 1 3
240 2693361 287 6 7 807
241 2693361 287 1 1 3
242 2693361 287 6 6 316
243 2693361 287 1 9 3
244 2693361 287 1 4 10
245 2747779 291 8 0 6
246 2747779 291 9 1 256
247 2747779 291 5 7 111
248 2747779 291 2 6 1228
249 2747779 291 6 7 333
250 2747779 291 5 3 9080
251 2747779 291 4 9 182
252 2808260 296 4 7 61
253 2809935 297 1 10 64
254 2832031 298 9 5 37
255 2832031 298 1 3 1
256 2832031 298 9 4 483
257 2894229 303 9 9 409
258 2894229 303 1 8 973
259 2894229 303 2 7 1
260 2894229 303 8 10 14
261 2894229 303 10 7 33
262 2894229 303 9 0 1
263 2894229 303 3 7 1
264 2894229 303 1 2 1892
265 2894229 303 1 0 1
266 2894229 303 4 0 158
267 2928569 304 2 9 58
268 2950301 309 3 0 37
269 2955500 310 10 7 73
270 2965086 311 9 4 3
271 2966865 314 9 1 54
272 3047270 317 10 9 27
273 3047270 317 0 10 55
274 3047270 317 0 5 1929
275 3047270 317 5 3 54
276 3047270 317 7 0 4
277 3047270 317 3 1 14
278 3075483 324 3 10 24
279 3075483 324 4 9 142
280 3075483 324 0 10 24
281 3078316 326 7 7 118
282 3119517 328 4 0 1
283 3119517 328 6 9 2
284 3119517 328 2 9 2
285 3119517 328 6 5 594
286 3132290 330 0 9 26
287 3132290 330 0 3 9862
288 3132290 330 0 0 683
289 3133246 333 3 5 304
290 3142764 335 1 5 7886
291 3177098 339 8 5 95
292 3177098 339 2 7 15
293 3177098 339 0 3 215
294 3177098 339 7 3 430
295 3212124 340 3 4 5
296 3212124 340 2 4 1
297 3212124 340 9 4 1
298 3227544 345 7 3 13
299 3244222 352 9 10 104
300 3254822 353 0 0 27082
301 3257140 355 0 6 29
302 3264610 358 0 4 7138
303 3283165 362 0 2 1
304 3283165 362 1 2 1
305 3289495 365 2 3 670
306 3289495 365 1 3 670
307 3317303 369 2 7 23
308 3317303 369 2 9 869
309 3317303 369 3 9 224
310 3351144 370 7 2 9
311 3351144 370 5 10 11
312 3351144 370 0 8 6
313 3351144 370 9 2 1
314 3351144 370 5 5 5
315 3357352 374 7 10 23
316 3359253 378 10 6 120
317 3385017 380 10 1 100
318 3385017 380 10 0 984
319 3385017 380 10 6 315
320 3388629 382 8 0 15
321 3389550 384 6 2 220
322 3396064 386 9 3 488
323 3396064 386 6 3 976
324 3400830 387 5 9 1
325 3424062 388 0 3 9366
326 3424062 388 7 4 84
327 3424062 388 7 10 17
328 3505570 390 9 8 2301
329 3505570 390 2 8 767
330 3505570 390 6 8 767
331 3505570 390 1 0 29
332 3505570 390 8 8 767
333 3505570 390 6 10 1
334 3534628 392 10 4 1281
335 3534628 392 6 5 3851
336 3534628 392 3 9 3
337 3534628 392 7 5 1283
338 3534628 392 8 4 427
339 3534628 392 1 5 5135
340 3638397 395 7 1 1
341 3638397 395 7 2 1
342 3638397 395 10 7 1
343 3638397 395 1 1 24
344 3638397 395 8 8 33
345 3638397 395 6 2 1
346 3638397 395 1 10 10
347 3638397 395 1 3 52
348 3645537 396 10 1 1216
349 3645537 396 8 1 405
350 3648121 398 3 9 12
351 3653509 400 2 6 38920
352 3692224 402 9 9 42
353 3692224 402 2 2 7
354 3698800 405 7 5 15
355 3720032 407 2 4 49
356 3720032 407 2 10 6135
357 3720032 407 2 2 73
358 3720271 408 2 8 119
359 3790047 409 10 10 10
360 3790047 409 8 2 3
361 3790047 409 5 0 528
362 3790047 409 5 2 7
363 3790047 409 1 1 1084
364 3790047 409 10 1 542
365 3828116 413 2 0 144
366 3828116 413 2 5 900
367 3828116 413 2 1 168
368 3831094 415 6 1 12637
369 3842711 420 6 1 29
370 3858693 422 3 2 3415
371 3873611 424 7 4 84
372 3998297 428 1 4 1
373 3998297 428 2 9 5
374 3998297 428 2 5 822
375 3998297 428 4 1 2673
376 3998297 428 0 8 7
377 3998297 428 6 5 822
378 3998297 428 2 1 668
379 3998297 428 9 4 1
380 3998297 428 10 6 1
381 3998297 428 8 5 822
382 3998297 428 2 8 2
383 3998297 428 7 5 822
384 3998297 428 8 2 2
385 3998297 428 7 1 110959
386 3998297 428 3 10 4
387 3998297 428 0 10 4
388 3998297 428 0 3 3
389 4068211 430 5 7 17
390 4068211 430 10 1 1051
391 4068211 430 0 8 2
392 4068211 430 8 8 1
393 4076737 434 8 2 37
394 4076737 434 2 2 37
395 4085389 435 7 6 24
396 4085389 435 0 6 24
397 4089193 438 8 4 10191
398 4094452 440 6 10 20
399 4101706 443 6 1 15
400 4110367 445 7 6 2
401 4115059 448 10 1 2
402 4115059 448 6 1 2
403 4128075 456 6 5 8547
404 4183442 457 1 0 25
405 4183442 457 8 4 1
406 4183442 457 6 9 40
407 4209906 460 1 9 91
408 4209906 460 1 2 8
409 4209906 460 1 7 335
410 4209906 460 1 4 4695
411 4263971 461 4 8 9
412 4263971 461 3 2 27
413 4440816 466 6 6 16
414 4440816 466 7 7 1
415 4440816 466 1 7 1
416 4440816 466 0 8 1
417 4440816 466 0 9 20
418 4440816 466 10 0 7
419 4440816 466 8 4 217
420 4440816 466 0 3 1801
421 4440816 466 9 6 4
422 4482762 467 4 6 6
423 4482762 467 9 9 8
424 4494276 468 7 0 6237
425 4506492 471 1 10 923
426 4506492 471 10 10 2769
427 4518248 472 4 0 7
428 4565760 473 9 8 52
429 4565760 473 8 2 15
430 4565760 473 0 10 1
431 4565760 473 5 9 2
432 4565760 473 6 9 2
433 4565760 473 9 10 1
434 4565760 473 2 2 23
435 4712890 475 3 9 5
436 4712890 475 10 1 13
437 4712890 475 0 0 2
438 4712890 475 10 10 5
439 4712890 475 7 7 9
440 4712890 475 5 4 1
441 4712890 475 3 10 5
442 4712890 475 9 9 5
443 4712890 475 7 1 10
444 4712890 475 0 7 4
445 4712890 475 6 3 1
446 4712890 475 10 4 2
447 4712890 475 1 7 9
448 4728746 477 2 1 282
449 4728746 477 2 9 103
450 4728791 478 8 2 76
451 4739942 479 4 9 1
452 4750107 483 2 10 40
453 4750107 483 5 10 8
454 4768011 487 5 0 66373
455 4786586 489 0 1 222
456 4797253 494 7 2 10
457 4935673 498 2 10 13
458 4935673 498 10 5 175
459 4935673 498 1 1 17
460 4935673 498 7 3 9
461 4935673 498 7 7 29
462 4935673 498 7 6 1
463 4935673 498 4 9 1
464 4935673 498 0 2 4
465 4935673 498 5 9 1
466 4935673 498 1 3 1
467 4935673 498 3 2 28
468 4935673 498 10 7 7
469 4935673 498 0 9 1
470 4935673 498 4 6 1
471 4935673 498 9 4 50
472 4935673 498 10 10 13
473 4935673 498 2 5 526
474 4935673 498 2 0 10
475 4947111 499 7 3 51
476 4958136 504 1 3 52
477 4958136 504 1 10 30
478 5037553 507 6 1 1
479 5037553 507 1 3 2
480 5037553 507 7 9 43
481 5037553 507 0 3 2
482 5068746 510 6 5 3
483 5068746 510 6 6 71
484 5068746 510 7 9 1
485 5068746 510 6 4 1991
486 5151847 513 1 0 1
487 5151847 513 1 6 240
488 5151847 513 2 2 30
489 5151847 513 8 5 172
490 5151847 513 5 4 300
491 5151847 513 7 1 58
492 5151847 513 3 2 6
493 5151847 513 0 6 80
494 5151847 513 6 1 5
495 5168932 516 1 3 1
496 5168932 516 10 3 54
497 5171687 519 10 10 44
498 5188171 529 4 9 374
499 5188171 529 2 9 374
500 5206410 535 3 7 31
501 5206410 535 1 7 6
502 5209986 537 5 10 11
503 5214836 540 7 7 98
504 5232084 542 1 7 28344
505 5232084 542 1 4 16
506 5245360 547 4 10 15
507 5245360 547 4 0 5771
508 5258959 550 2 6 6
509 5278006 551 4 1 3
510 5278006 551 7 9 4879
511 5278006 551 6 1 7
512 5278006 551 8 1 3
513 5289348 554 10 7 2037
514 5428730 555 1 8 7
515 5428730 555 3 9 4
516 5428730 555 0 7 3
517 5428730 555 9 5 1
518 5428730 555 2 9 2
519 5428730 555 5 10 1
520 5428730 555 7 8 102
521 5428730 555 5 9 2
522 5428730 555 4 4 829
523 5428730 555 2 2 2628
524 5428730 555 0 8 7
525 5428730 555 8 10 1
526 5428730 555 2 10 32
527 5428730 555 6 6 23
528 5428730 555 8 2 876
529 5428730 555 10 0 4
530 5428730 555 1 0 1
531 5428730 555 7 5 11
532 5428730 555 5 2 876
533 5428730 555 8 3 1620
534 5428730 555 1 9 2
535 5481200 556 5 1 2
536 5481200 556 3 3 23
537 5481200 556 9 7 110
538 5493233 557 3 10 162
539 5493233 557 3 3 26
540 5508161 558 1 6 81
541 5508161 558 1 9 64
542 5531998 562 10 0 17
543 5531998 562 10 1 15233
544 5531998 562 10 3 1378
545 5545902 563 10 9 33
546 5545902 563 10 1 192
547 5549928 564 4 9 23
548 5556747 565 1 9 136
549 5556747 565 1 3 65
550 5614253 569 4 6 1
551 5614253 569 9 9 2
552 5614253 569 3 7 8
553 5614253 569 8 0 26
554 5671334 576 10 10 989
555 5671334 576 6 7 65
556 5672813 577 8 0 1169
557 5680367 580 3 8 25
558 5680367 580 0 8 233
559 5682803 581 6 9 62
560 5705021 582 4 8 66
561 5717911 583 6 4 5985
562 5717911 583 6 0 11861
563 5717911 583 6 8 46
564 5730688 588 4 9 111
565 5730688 588 4 7 10
566 5740789 591 10 1 1
567 5744963 594 0 5 74
568 5758832 600 3 8 66
569 5798994 602 6 6 1
570 5798994 602 6 2 848
571 5798994 602 8 4 906
572 5798994 602 8 5 30
573 5798994 602 6 8 259
574 5817971 606 10 6 184
575 5821291 609 9 8 117
576 5835732 611 5 6 4930
577 5835732 611 2 4 117
578 5961858 612 9 2 1346
579 5961858 612 3 3 1
580 5961858 612 4 10 5
581 5961858 612 0 8 8
582 5961858 612 3 5 120
583 5961858 612 7 9 1
584 5961858 612 8 8 8
585 5961858 612 0 2 897
586 5961858 612 8 10 5
587 5961858 612 4 1 3
588 5961858 612 2 3 1
589 5961858 612 9 8 8
590 5961858 612 10 2 448
591 5961858 612 8 9 1
592 5961858 612 0 7 2539
593 5961858 612 9 9 8
594 5961858 612 0 9 1
595 5961858 612 1 6 1
596 5961858 612 6 8 17
597 5961858 612 10 6 3
598 5961858 612 4 2 448
599 5961858 612 6 10 5
600 5972462 613 3 9 4062
601 6091605 616 4 10 6839
602 6091605 616 4 2 11
603 6091605 616 6 1 2
604 6091605 616 3 7 200
605 6091605 616 2 9 5
606 6091605 616 0 1 1
607 6091605 616 1 0 1483
608 6091605 616 7 3 20
609 6093877 617 4 2 116
610 6099695 618 2 8 38
611 6112284 622 7 6 13081
612 6113088 623 5 1 96
613 6116567 625 4 0 34
614 6132286 626 2 2 106
615 6132286 626 2 0 55
616 6132286 626 2 6 1690
617 6135586 627 1 7 2270
618 6149171 628 1 3 228
619 6149171 628 1 9 181
620 6191743 633 5 8 159
621 6197418 634 7 7 20
622 6197418 634 7 8 2395
623 6204769 635 5 3 16
624 6220427 638 0 6 40
625 6220427 638 2 6 40
626 6220427 638 0 7 406
627 6223442 643 0 4 19
628 6295582 644 4 7 834
629 6295582 644 2 1 20
630 6295582 644 5 4 647
631 6295582 644 9 3 64
632 6295582 644 0 2 152
633 6295582 644 9 1 6
634 6295582 644 10 9 27
635 6295582 644 0 0 25
636 6295582 644 0 7 92
637 6296554 645 4 8 20
638 6302547 651 5 8 25
639 6305164 655 8 3 82
640 6309222 659 9 5 5
641 6322277 665 8 8 45
642 6324799 667 2 7 77
643 6331335 668 5 10 160
644 6331335 668 5 8 15767
645 6431702 671 8 8 5
646 6431702 671 2 3 123
647 6431702 671 10 10 4
648 6431702 671 4 2 13
649 6431702 671 3 0 3
650 6434014 672 8 5 20
651 6435252 673 9 1 956
652 6436898 674 4 2 83
653 6451736 675 2 4 30
654 6462095 678 8 6 409
655 6462665 680 10 8 3319
656 6473737 681 3 4 2639
657 6553471 683 6 10 16
658 6553471 683 3 10 16
659 6553471 683 9 7 548
660 6553471 683 0 8 5
661 6553471 683 10 3 59
662 6560537 687 2 7 41
663 6560537 687 10 2 32
664 6560537 687 0 2 16
665 6577050 689 5 10 2
666 6617910 690 4 5 4
667 6617910 690 0 7 11086
668 6652883 692 2 10 12
669 6652883 692 6 1 96
670 6652883 692 7 6 43
671 6652883 692 2 5 10
672 6652883 692 2 6 43
673 6652883 692 7 3 3329
674 6652883 692 2 0 75
675 6821790 695 0 10 3
676 6821790 695 1 1 3
677 6821790 695 5 0 21
678 6821790 695 0 0 42
679 6821790 695 1 10 1
680 6821790 695 1 2 1587
681 6821790 695 9 4 2
682 6821790 695 4 0 21
683 6821790 695 4 2 1587
684 6821790 695 2 5 7
685 6821790 695 10 0 21
686 6821790 695 6 1 3
687 6821790 695 0 7 2
688 6821790 695 8 2 793
689 6821790 695 8 10 1
690 6821790 695 4 7 1
691 6821790 695 1 9 214
692 6821790 695 6 5 49
693 6821790 695 4 10 1
694 6864170 698 2 1 3
695 6864170 698 5 3 7885
696 6864170 698 10 3 1526
697 6864170 698 10 0 4
698 6864170 698 2 4 268
699 6864170 698 5 5 6
700 6864170 698 2 8 8
701 6864170 698 5 1 3
702 6883211 701 6 9 1
703 6883211 701 0 9 1
704 6914100 702 4 0 1187
705 6945275 703 9 5 40
706 6950471 706 2 4 2
707 6957567 709 2 9 9272
708 6971565 710 3 0 36
709 6971565 710 3 10 1
710 6972646 711 9 10 28
711 6983123 712 4 4 99
712 6995639 717 0 7 4
713 7053521 718 6 1 6
714 7053521 718 1 5 87
715 7053521 718 10 3 15
716 7053521 718 7 3 15
717 7053521 718 8 9 31
718 7053521 718 7 9 31
719 7081340 723 6 2 3584
720 7081340 723 6 1 1
721 7081340 723 6 7 16
722 7091971 724 6 0 16260
723 7091971 724 6 5 1502
724 7105841 727 10 0 769
725 7111221 730 0 2 68
726 7148308 732 0 5 132
727 7149013 733 9 8 3956
728 7184654 735 6 10 8
729 7210185 739 10 1 78
730 7293613 741 3 6 2
731 7293613 741 8 10 2
732 7293613 741 4 2 9
733 7293613 741 2 5 11
734 7293613 741 4 10 8
735 7293613 741 1 9 119
736 7293613 741 10 2 3
737 7309504 744 8 8 75
738 7311356 747 8 5 26
739 7326701 749 2 0 33
740 7400055 751 1 2 119
741 7400055 751 9 2 119
742 7400055 751 1 0 23
743 7400055 751 3 8 1
744 7413371 752 1 9 1
745 7414278 753 9 4 9625
746 7414797 754 0 1 40
747 7432208 755 9 10 2193
748 7433774 756 7 0 152
749 7452597 757 8 5 578
750 7452597 757 7 0 7
751 7458764 760 5 0 1472
752 7464057 761 5 5 45
753 7464057 761 2 5 45
754 7466786 763 6 4 34
755 7467840 764 3 2 84
756 7511638 766 0 3 1
757 7511638 766 7 5 41
758 7511638 766 1 5 13
759 7511638 766 4 4 32
760 7543944 768 8 9 704
761 7543944 768 8 5 373
762 7558804 774 7 5 98
763 7562630 776 6 10 137
764 7573480 778 1 1 837
765 7574759 779 2 1 1518
766 7602202 789 3 2 30
767 7604030 790 7 8 37
768 7620927 798 4 4 100
769 7620927 798 4 6 33
770 7637624 804 4 4 621
771 7650936 813 10 8 83
772 7661154 815 4 7 813
773 7669698 817 8 3 1577
774 7817623 822 2 5 26
775 7817623 822 7 8 479
776 7817623 822 2 6 8
777 7817623 822 2 8 3838
778 7817623 822 1 0 1
779 7817623 822 10 9 1
780 7817623 822 5 2 3
781 7817623 822 4 8 239
782 7817623 822 9 9 1
783 7817623 822 6 7 8297
784 7817623 822 1 6 4
785 7817623 822 8 0 1
786 7817623 822 3 3 1
787 7817623 822 2 10 1
788 7817623 822 6 1 1
789 7817623 822 5 4 1
790 7817623 822 0 0 1
791 7817623 822 4 6 8
792 7817623 822 4 5 52
793 7932267 823 1 3 13
794 7932267 823 2 9 1
795 7932267 823 9 5 599
796 7932267 823 3 3 4
797 7932267 823 1 10 1
798 7932267 823 2 6 282
799 7932267 823 8 2 6
800 7932267 823 8 5 1198
801 7932267 823 2 2 12
802 7932267 823 5 10 1
803 7932267 823 3 5 599
804 7932267 823 5 4 3553
805 7932267 823 5 1 969
806 7935171 824 0 10 47
807 7968602 825 10 0 17
808 7968602 825 0 0 3
809 7989207 830 1 1 74
810 8015566 833 7 5 22
811 8015566 833 7 7 1338
812 8032414 834 2 10 700
813 8032414 834 2 5 908
814 8040574 838 5 0 8530
815 8059203 842 1 1 148
816 8059203 842 1 8 2391
817 8071608 845 3 7 4
818 8071608 845 4 7 9
819 8071608 845 5 7 51
820 8081434 846 5 0 54
821 8081434 846 5 10 165
822 8108322 857 9 6 9641
823 8108322 857 9 1 1575
824 8108322 857 9 4 62
825 8110481 858 5 2 5
826 8120842 859 6 7 207
827 8120842 859 6 2 342
828 8133169 861 3 4 112
829 8133169 861 3 7 1201
830 8133169 861 3 2 309
831 8222332 864 6 7 2
832 8222332 864 10 8 113
833 8222332 864 9 1 4
834 8222332 864 2 7 1
835 8222332 864 6 6 17
836 8222332 864 2 0 1809
837 8222332 864 0 6 8
838 8222332 864 6 9 70
839 8222332 864 5 8 113
840 8232567 870 2 3 6
841 8232567 870 7 3 46
842 8248245 872 6 6 114
843 8263106 874 2 10 51
844 8277378 880 1 7 27314
845 8285383 884 0 6 33
846 8347857 886 9 5 77
847 8347857 886 6 5 25
848 8347857 886 1 3 48
849 8347857 886 2 0 14
850 8347857 886 8 8 20
851 8347857 886 5 3 48
852 8347857 886 10 7 1
853 8359121 888 10 0 12
854 8359121 888 10 7 651
855 8363538 890 8 10 13
856 8422198 894 8 3 6
857 8422198 894 5 9 71
858 8422198 894 3 2 11
859 8422198 894 4 3 12
860 8422198 894 7 7 1
861 8422198 894 5 2 128
862 8422198 894 2 4 56
863 8458654 896 8 9 10
864 8458654 896 9 10 16
865 8458654 896 1 10 33
866 8458654 896 10 3 3173
867 8463107 897 0 6 1763
868 8475991 899 6 2 250
869 8475991 899 6 3 108
870 8485884 901 0 3 1484
871 8504653 903 1 9 9
872 8504653 903 1 10 49
873 8513891 905 3 8 95
874 8513891 905 7 8 95
875 8513891 905 5 8 95
876 8542490 907 2 2 1642
877 8542490 907 2 1 116
878 8554839 909 9 0 5739
879 8567282 911 2 0 682
880 8567282 911 6 0 1365
881 8567282 911 10 0 682
882 8567716 912 8 1 71
883 8581122 913 7 2 19
884 8591645 916 7 3 49
885 8591645 916 10 3 99
886 8608262 919 4 1 1
887 8628995 925 8 0 184
888 8646401 926 7 2 58
889 8646401 926 7 3 71
890 8647605 927 7 0 85
891 8791533 929 5 7 18
892 8791533 929 8 5 227
893 8791533 929 9 0 5
894 8791533 929 0 8 4
895 8791533 929 4 5 227
896 8791533 929 5 10 1
897 8791533 929 9 3 3
898 8791533 929 4 1 2
899 8791533 929 6 2 42
900 8791533 929 10 7 2
901 8791533 929 10 0 10
902 8791533 929 8 7 6
903 8791533 929 0 6 54
904 8791533 929 3 9 4
905 8791533 929 2 8 4
906 8875965 930 6 4 15609
907 8875965 930 2 1 28
908 8875965 930 0 1 28
909 8875965 930 1 9 71
910 8875965 930 6 2 7
911 8875965 930 1 6 13
912 8875965 930 0 6 26
913 8952214 931 5 0 1056
914 8952214 931 1 1 10
915 8952214 931 5 9 4239
916 8952214 931 8 0 1056
917 8952214 931 0 0 1056
918 8952214 931 8 10 225
919 8952214 931 1 6 8
920 8952214 931 7 2 1607
921 8952214 931 4 1 10
922 8952214 931 6 2 1607
923 9002668 932 10 2 1805
924 9002668 932 6 10 47
925 9002668 932 10 7 10
926 9002668 932 7 10 23
927 9002668 932 9 9 9
928 9002668 932 3 3 3
929 9002668 932 5 8 6
930 9002668 932 0 2 1805
931 9002668 932 3 7 3
932 9002668 932 5 6 69
933 9002668 932 0 3 59
934 9002668 932 1 1 779
935 9007824 934 1 7 15
936 9011323 935 1 1 1573
937 9014466 936 0 4 58
938 9014775 937 4 6 76
939 9025462 939 9 9 59
940 9025462 939 4 8 42789
941 9033605 940 0 9 5
942 9168808 941 4 0 22
943 9168808 941 7 7 2
944 9168808 941 3 7 2
945 9168808 941 6 9 2610
946 9168808 941 8 8 1
947 9168808 941 1 6 5
948 9168808 941 3 5 13
949 9168808 941 10 1 288
950 9168808 941 4 1 192
951 9168808 941 10 9 1305
952 9168808 941 4 4 32
953 9168808 941 4 7 1
954 9168808 941 9 10 18
955 9168808 941 7 8 6
956 9168808 941 0 10 18
957 9168808 941 2 0 5
958 9168808 941 4 10 18
959 9168808 941 6 10 18
960 9168808 941 8 7 1
961 9168808 941 3 3 2
962 9168808 941 10 3 1
963 9168808 941 7 0 16
964 9168808 941 5 5 13
965 9168808 941 10 5 13
966 9170814 943 4 0 2
967 9172451 944 8 1 104
968 9174409 946 1 9 112
969 9187447 948 1 6 11083
970 9203621 950 9 8 7
971 9208480 954 6 9 78
972 9209794 955 9 4 12686
973 9209869 956 4 1 1266
974 9234568 959 10 10 18
975 9248573 961 7 5 2407
976 9248573 961 1 5 343
977 9248573 961 8 5 343
978 9248719 962 1 9 174
979 9348674 967 6 0 19
980 9348674 967 7 9 4
981 9348674 967 1 7 243
982 9348674 967 1 3 4
983 9348674 967 0 10 13
984 9348674 967 1 2 15
985 9348674 967 0 6 9242
986 9348674 967 5 5 7
987 9348674 967 0 2 15
988 9348674 967 4 10 13
989 9361277 970 8 6 37
990 9366388 971 10 8 30
991 9404353 973 0 2 17
992 9404353 973 0 10 26
993 9435479 987 9 9 42
994 9435479 987 7 9 42
995 9438116 989 8 5 56
996 9454242 993 4 3 13014
997 9454242 993 4 2 94
998 9475153 994 6 5 97
999 9483689 997 0 3 22
