11 346 1000
0 20086 0 1 4 103
1 20086 0 9 7 46
2 20086 0 9 6 12
3 20086 0 1 3 195
4 20448 1 9 1 33309
5 76661 3 9 7 63
6 76661 3 10 7 31
7 76661 3 10 6 2558
8 76661 3 9 9 20
9 76661 3 5 5 113
10 88735 4 9 8 4
11 92864 6 3 9 2025
12 140131 9 1 9 7
13 140131 9 4 0 7
14 140131 9 1 3 74
15 140131 9 1 0 14
16 148691 10 0 1 1740
17 150829 11 0 9 88
18 152125 12 6 2 40
19 196720 13 10 1 1591
20 196720 13 10 5 13
21 257362 17 6 8 1
22 257362 17 3 1 44
23 257362 17 3 5 16
24 257362 17 9 10 1
25 257362 17 3 8 6
26 257362 17 5 10 1
27 257362 17 1 7 17
28 257362 17 5 8 30
29 268524 18 1 4 20
30 268524 18 1 8 1476
31 268524 18 1 0 61
32 302093 21 3 9 94
33 302093 21 4 9 47
34 302093 21 4 7 86
35 302093 21 4 6 290
36 302093 21 4 2 6055
37 308212 23 8 10 4218
38 326204 27 7 0 130
39 355568 29 2 6 2425
40 365222 31 4 6 1
41 365222 31 3 3 475
42 365222 31 5 6 1
43 365222 31 4 7 4140
44 401775 38 2 5 55
45 401775 38 10 1 381
46 407844 39 0 5 34
47 407844 39 3 5 6
48 411967 40 0 1 119
49 424333 41 10 10 49
50 424333 41 10 7 58
51 434143 44 1 3 43
52 438931 48 10 8 53
53 453236 50 1 4 745
54 453236 50 1 8 12
55 453236 50 9 10 5268
56 573461 51 2 7 5
57 573461 51 9 8 1
58 573461 51 9 5 24
59 573461 51 9 1 15
60 573461 51 3 2 5
61 573461 51 2 8 3
62 573461 51 8 9 1
63 582859 56 5 6 86
64 647077 59 2 4 8
65 647077 59 1 6 19
66 647077 59 2 5 14
67 647077 59 1 0 2
68 647077 59 5 6 19
69 659624 62 8 5 5726
70 661494 63 8 5 77
71 681309 66 0 3 61
72 681309 66 0 0 2
73 686535 68 2 4 1
74 686535 68 8 4 1
75 686535 68 3 4 3
76 686535 68 10 4 23
77 726255 72 6 0 6120
78 802181 75 4 1 1183
79 802181 75 6 8 68
80 802181 75 0 8 1
81 802181 75 1 8 1
82 802181 75 2 8 1
83 802181 75 8 0 63
84 802181 75 5 7 10
85 802181 75 2 1 591
86 812015 77 4 4 10
87 820353 80 7 4 194
88 820565 81 0 6 119
89 922297 84 4 6 1
90 922297 84 3 5 4
91 922297 84 4 2 694
92 922297 84 7 6 1
93 922297 84 10 1 16
94 922297 84 7 0 7
95 922297 84 7 9 1
96 924146 87 5 7 210
97 947231 89 7 9 100
98 947231 89 7 4 298
99 947231 89 7 1 10154
100 958282 91 6 2 2201
101 958282 91 3 2 550
102 973763 94 2 5 756
103 993753 97 8 9 1843
104 993753 97 1 9 1843
105 1049429 99 9 6 70
106 1049429 99 7 0 1829
107 1049429 99 7 9 42
108 1049429 99 7 5 5
109 1049429 99 0 9 42
110 1049429 99 0 1 40
111 1049429 99 7 7 12
112 1052230 101 10 8 35
113 1144860 102 4 6 1
114 1144860 102 9 10 21
115 1144860 102 6 4 12
116 1144860 102 8 10 21
117 1144860 102 7 3 5
118 1144860 102 5 1 3
119 1144860 102 6 2 483
120 1161524 104 4 5 74
121 1161524 104 4 3 2306
122 1208293 108 5 3 13
123 1208293 108 7 2 1
124 1208293 108 6 2 1
125 1208293 108 8 10 3
126 1208293 108 2 0 226
127 1209001 109 6 0 101
128 1214119 110 3 4 18
129 1217660 112 9 1 2
130 1219182 114 6 9 34
131 1231699 116 2 1 6
132 1257564 118 8 5 16
133 1257740 119 5 8 2988
134 1260274 120 1 7 62
135 1260750 121 4 1 48
136 1301325 131 1 3 226
137 1322609 134 8 3 3
138 1322609 134 8 9 76
139 1346658 136 8 8 31
140 1423494 137 6 3 9
141 1423494 137 4 8 4
142 1423494 137 6 0 4
143 1423494 137 7 3 9
144 1423494 137 10 10 222
145 1423494 137 10 7 3
146 1446998 143 0 5 3991
147 1467509 146 6 3 72
148 1473093 148 1 10 43
149 1484589 150 2 0 219
150 1484589 150 2 3 66
151 1484589 150 2 9 28
152 1486185 151 5 9 3
153 1572126 154 7 6 115
154 1572126 154 9 8 21
155 1572126 154 6 2 748
156 1572126 154 6 4 10
157 1572126 154 1 10 17
158 1572126 154 2 7 642
159 1572126 154 0 6 115
160 1572126 154 6 7 3210
161 1572126 154 7 0 21
162 1572126 154 9 4 10
163 1572126 154 2 1 33
164 1572126 154 0 9 11
165 1572126 154 7 7 642
166 1572126 154 10 5 139
167 1572126 154 5 2 498
168 1572126 154 5 0 2
169 1581171 158 5 2 59
170 1670487 160 0 9 9
171 1670487 160 6 5 11
172 1670487 160 2 2 210
173 1670487 160 1 0 23
174 1670487 160 5 8 306
175 1670487 160 7 0 11
176 1670487 160 7 6 19
177 1670487 160 4 6 5
178 1670487 160 8 1 17
179 1670487 160 3 10 17
180 1703895 162 5 10 5
181 1703895 162 10 6 14
182 1719626 165 8 3 93
183 1719626 165 6 5 220
184 1721455 167 2 5 23577
185 1725043 168 7 2 30
186 1726178 169 3 4 102
187 1738440 170 3 8 83
188 1738440 170 3 3 61
189 1795930 177 0 3 10858
190 1795930 177 0 10 393
191 1795930 177 0 8 1073
192 1795930 177 0 9 9
193 1795930 177 0 5 42
194 1810907 185 10 10 36
195 1818973 187 9 1 15
196 1842926 194 3 3 63
197 1842926 194 5 3 4
198 1916304 198 0 3 2
199 1916304 198 7 9 7
200 1916304 198 8 4 2
201 1916304 198 3 6 1002
202 1916304 198 2 1 18
203 1916304 198 3 4 2
204 1916304 198 4 3 10
205 1916304 198 0 2 2
206 1916304 198 2 6 334
207 1916304 198 3 5 1
208 1916660 199 7 0 72
209 1917408 200 5 5 18
210 1945201 203 7 7 7494
211 1945201 203 8 2 64
212 1946363 204 9 0 97
213 1949343 205 3 2 11780
214 1963691 209 7 5 39
215 1988145 211 10 6 59
216 1991307 216 6 5 29
217 1998577 217 4 4 150
218 2057166 229 2 10 5
219 2057166 229 6 3 14
220 2057166 229 0 2 616
221 2057166 229 2 8 118
222 2057166 229 2 1 1
223 2057166 229 0 10 5
224 2057166 229 6 4 17
225 2099189 230 0 8 16
226 2099189 230 3 1 230
227 2099189 230 3 3 136
228 2102531 231 8 6 2
229 2102531 231 4 6 2
230 2180650 233 8 5 9
231 2180650 233 8 0 7
232 2180650 233 10 8 26
233 2180650 233 9 5 1
234 2180650 233 3 2 4
235 2217168 237 10 8 53
236 2217168 237 4 2 27
237 2230980 239 5 1 9
238 2314813 241 3 10 4056
239 2314813 241 3 9 1226
240 2314813 241 9 7 12
241 2314813 241 9 6 1
242 2314813 241 6 4 14
243 2314813 241 4 1 6
244 2319680 244 2 1 1
245 2329697 252 1 10 17
246 2332268 254 2 4 52
247 2337568 258 3 0 83
248 2378464 259 10 3 623
249 2378464 259 10 7 25
250 2378464 259 9 7 25
251 2378464 259 5 3 1246
252 2471022 262 8 5 8
253 2471022 262 9 5 7
254 2471022 262 3 0 9
255 2471022 262 0 10 12
256 2471022 262 8 0 9
257 2471022 262 0 8 21
258 2471022 262 4 9 15
259 2471022 262 3 6 51
260 2471022 262 3 7 1
261 2471022 262 0 0 19
262 2471022 262 4 7 1
263 2502540 269 4 9 210
264 2504733 270 8 3 19537
265 2512432 271 2 7 8
266 2515659 275 0 3 2062
267 2520720 279 6 1 37
268 2534155 282 8 5 23
269 2534155 282 8 4 326
270 2534155 282 8 10 44
271 2534155 282 8 9 41
272 2547392 285 4 1 297
273 2547392 285 4 0 5994
274 2547392 285 4 9 314
275 2547392 285 4 5 15527
276 2693361 287 10 3 5
277 2693361 287 4 2 6
278 2693361 287 7 5 2
279 2693361 287 1 10 7
280 2693361 287 5 8 5
281 2693361 287 9 2 3
282 2693361 287 1 0 5
283 2693361 287 8 5 2
284 2693361 287 9 3 5
285 2693361 287 6 7 807
286 2693361 287 8 4 1
287 2693361 287 1 6 48
288 2693361 287 4 0 1
289 2693361 287 5 1 6
290 2693361 287 6 2 3
291 2693361 287 5 4 1
292 2693361 287 9 5 2
293 2693361 287 7 8 5
294 2747779 291 6 9 731
295 2747779 291 8 2 34357
296 2747779 291 6 7 333
297 2747779 291 0 1 128
298 2747779 291 0 7 111
299 2797661 292 8 0 6
300 2797661 292 1 10 2
301 2797661 292 8 6 13
302 2832031 298 9 0 21
303 2832031 298 1 2 37
304 2894229 303 0 9 3069
305 2894229 303 3 9 204
306 2894229 303 8 0 1
307 2894229 303 8 9 204
308 2928569 304 3 2 24
309 2928569 304 3 8 10
310 2928569 304 3 9 58
311 2928569 304 2 10 977
312 3047270 317 10 5 964
313 3047270 317 1 9 27
314 3047270 317 3 1 14
315 3052736 319 7 10 78
316 3075483 324 2 5 510
317 3075483 324 6 5 7
318 3077573 325 9 9 165
319 3084935 327 2 10 1020
320 3119517 328 3 3 1
321 3119517 328 5 0 1
322 3119517 328 6 9 2
323 3119517 328 10 0 312
324 3119517 328 9 0 4
325 3132290 330 0 2 201
326 3153996 337 4 6 86
327 3177098 339 6 3 215
328 3177098 339 4 10 8843
329 3212124 340 6 0 20
330 3212124 340 7 9 15
331 3212124 340 3 4 5
332 3212124 340 3 0 20
333 3212124 340 5 3 126
334 3212124 340 8 3 126
335 3218108 342 7 4 33
336 3230889 346 0 5 489
337 3254822 353 0 2 34
338 3254822 353 0 5 7115
339 3254822 353 0 0 27082
340 3257140 355 0 6 29
341 3275055 361 6 9 119
342 3283165 362 10 3 357
343 3289495 365 9 3 670
344 3317303 369 9 0 34
345 3317303 369 2 0 17
346 3317303 369 10 3 6
347 3351144 370 2 10 11
348 3351144 370 7 3 10
349 3360133 379 3 3 2
350 3389439 383 4 6 187
351 3396064 386 6 3 976
352 3396064 386 9 3 488
353 3424062 388 0 8 3
354 3424062 388 7 6 202
355 3426478 389 6 2 16284
356 3505570 390 7 8 767
357 3505570 390 5 0 14
358 3505570 390 6 6 114
359 3505570 390 9 0 14
360 3505570 390 3 10 26
361 3505570 390 9 5 6
362 3505570 390 3 9 174
363 3534628 392 0 4 427
364 3638397 395 3 5 177
365 3638397 395 1 6 27
366 3638397 395 5 8 66
367 3638397 395 4 9 2555
368 3638397 395 9 4 1
369 3638397 395 6 4 94
370 3645537 396 3 1 405
371 3692224 402 9 3 65
372 3692224 402 9 1 1815
373 3692224 402 9 4 6
374 3693575 403 4 8 15143
375 3698800 405 7 5 15
376 3720032 407 2 7 98
377 3790047 409 10 2 3
378 3790047 409 10 9 30
379 3790047 409 2 0 528
380 3790047 409 1 8 13
381 3790047 409 8 0 1056
382 3790047 409 8 2 3
383 3790047 409 6 1 1627
384 3790047 409 10 8 13
385 3790047 409 6 8 40
386 3790047 409 5 7 1
387 3828116 413 9 0 144
388 3828116 413 2 1 168
389 3828116 413 2 3 25
390 3828116 413 9 5 300
391 3831094 415 6 1 12637
392 3836149 419 6 1 60
393 3836149 419 3 8 77
394 3836149 419 10 1 7
395 3858693 422 7 2 569
396 3873611 424 7 5 282
397 3873611 424 7 2 215
398 3998297 428 0 9 1
399 3998297 428 5 5 822
400 3998297 428 8 10 8
401 3998297 428 9 2 2
402 3998297 428 7 4 1
403 3998297 428 1 2 17
404 3998297 428 7 7 1
405 3998297 428 2 3 3
406 3998297 428 2 1 668
407 3998297 428 5 8 2
408 3998297 428 9 9 1
409 3998297 428 5 7 1
410 3998297 428 7 3 3
411 3998297 428 10 10 4
412 3998297 428 8 0 4
413 3998297 428 9 8 2
414 3998297 428 4 1 2673
415 3998297 428 3 8 2
416 3998297 428 1 10 12
417 4068211 430 7 8 5
418 4068211 430 7 4 3
419 4068211 430 10 5 33
420 4068211 430 9 1 1051
421 4068211 430 9 10 15
422 4068211 430 1 5 16
423 4068211 430 5 3 2
424 4073416 432 7 7 22
425 4073433 433 7 4 12730
426 4076737 434 9 2 74
427 4085389 435 7 6 24
428 4101706 443 6 9 43
429 4106379 444 7 0 19
430 4113531 447 3 1 17
431 4115059 448 10 1 2
432 4115059 448 6 1 2
433 4116864 451 10 10 11840
434 4183442 457 6 6 6
435 4183442 457 5 10 5
436 4183442 457 10 3 44
437 4183442 457 5 9 13
438 4183442 457 10 10 5
439 4183442 457 0 0 8
440 4183442 457 5 4 1
441 4189343 458 3 6 11201
442 4189343 458 2 4 1978
443 4199143 459 0 5 651
444 4209906 460 1 10 64
445 4263971 461 8 5 283
446 4263971 461 5 7 1
447 4263971 461 1 0 1
448 4263971 461 10 8 9
449 4263971 461 7 5 1
450 4440816 466 3 7 61
451 4440816 466 2 7 10
452 4440816 466 3 6 8
453 4440816 466 2 3 1801
454 4440816 466 5 4 217
455 4440816 466 3 0 7
456 4440816 466 0 0 7
457 4440816 466 1 3 3602
458 4440816 466 6 0 7
459 4440816 466 4 3 1801
460 4440816 466 10 10 4
461 4440816 466 7 9 12
462 4440816 466 5 3 3602
463 4482762 467 5 6 60
464 4482762 467 2 1 1
465 4482762 467 6 8 7
466 4506492 471 6 10 923
467 4506492 471 1 10 923
468 4518248 472 4 0 7
469 4565760 473 2 2 23
470 4565760 473 5 2 23
471 4565760 473 3 6 5
472 4565760 473 2 9 4
473 4565760 473 7 10 5
474 4565760 473 8 5 68
475 4566294 474 4 9 211
476 4712890 475 8 8 60
477 4712890 475 7 7 9
478 4712890 475 1 0 6
479 4712890 475 0 5 2
480 4712890 475 9 0 1
481 4712890 475 4 9 5
482 4712890 475 0 8 7
483 4712890 475 0 1 6
484 4712890 475 6 7 85
485 4712890 475 1 8 2
486 4712890 475 3 6 1
487 4712890 475 0 7 4
488 4745207 480 5 8 224
489 4746978 482 10 0 122
490 4750107 483 7 10 8
491 4751024 485 2 0 117
492 4759834 486 6 3 91
493 4786586 489 3 8 69
494 4786586 489 8 9 31
495 4786586 489 9 8 8
496 4786586 489 3 7 5
497 4799469 497 9 7 51
498 4935673 498 1 8 5658
499 4935673 498 3 1 35
500 4935673 498 1 6 1
501 4935673 498 2 2 23
502 4935673 498 0 5 1579
503 4935673 498 0 6 1
504 4935673 498 3 9 1
505 4935673 498 7 0 10
506 4935673 498 1 1 17
507 4935673 498 8 1 17
508 4935673 498 5 2 9
509 4935673 498 1 3 1
510 4935673 498 8 9 1
511 4935673 498 1 5 175
512 4935673 498 4 2 4
513 4935673 498 7 5 8250
514 4935673 498 1 7 14
515 4935673 498 1 9 1
516 4935673 498 9 7 44
517 4935673 498 4 1 17
518 4958136 504 1 10 30
519 4959926 506 7 10 2637
520 5037553 507 6 4 2858
521 5037553 507 10 6 3
522 5037553 507 2 1 1
523 5037553 507 10 1 1
524 5037553 507 7 4 4287
525 5037553 507 5 0 12
526 5037553 507 0 9 7
527 5068746 510 6 3 4
528 5151847 513 3 1 10
529 5151847 513 9 3 5
530 5151847 513 0 6 80
531 5151847 513 0 4 200
532 5151847 513 4 0 1
533 5151847 513 5 6 80
534 5151847 513 1 2 6
535 5151847 513 3 6 80
536 5151847 513 6 10 6
537 5151847 513 0 0 5
538 5171687 519 10 10 44
539 5213235 539 9 1 15
540 5215893 541 4 3 230
541 5258959 550 3 6 6
542 5258959 550 5 6 6
543 5278006 551 4 1 3
544 5289348 554 10 7 2037
545 5428730 555 7 8 102
546 5428730 555 0 2 876
547 5428730 555 6 8 7
548 5428730 555 3 10 1
549 5428730 555 5 0 1
550 5428730 555 10 6 47
551 5428730 555 5 4 3318
552 5428730 555 2 2 2628
553 5428730 555 10 5 1
554 5428730 555 10 7 7
555 5428730 555 2 1 191
556 5428730 555 5 3 202
557 5428730 555 0 10 5
558 5428730 555 4 4 829
559 5428730 555 10 2 876
560 5428730 555 4 7 60
561 5428730 555 1 10 1
562 5428730 555 4 10 197
563 5428730 555 1 8 7
564 5428730 555 8 6 23
565 5481200 556 9 10 335
566 5481200 556 5 4 4
567 5481200 556 8 0 1
568 5481200 556 3 0 1
569 5493233 557 3 0 5258
570 5493233 557 3 1 215
571 5493233 557 3 7 70
572 5510198 559 1 0 608
573 5531998 562 10 5 78
574 5545902 563 10 1 192
575 5556747 565 1 4 1356
576 5556747 565 1 3 65
577 5556747 565 1 6 430
578 5557423 567 1 5 9237
579 5557738 568 8 2 137
580 5614253 569 1 0 52
581 5614253 569 4 2 52
582 5614253 569 7 7 1
583 5614253 569 2 6 1
584 5614253 569 8 0 26
585 5614253 569 6 10 12
586 5614253 569 9 0 26
587 5614253 569 7 2 26
588 5614253 569 8 6 1
589 5615627 571 1 7 32
590 5671334 576 1 6 4
591 5671334 576 1 0 51
592 5671334 576 6 6 9
593 5672813 577 0 0 2339
594 5678940 578 3 9 11
595 5705021 582 4 2 114
596 5705021 582 4 4 50
597 5705021 582 4 1 20340
598 5717911 583 6 7 1421
599 5717911 583 6 5 15734
600 5717911 583 6 4 5985
601 5719839 586 8 1 1762
602 5721927 587 5 1 31
603 5730688 588 4 6 76
604 5730688 588 4 3 51
605 5740789 591 1 10 5
606 5740789 591 7 1 1
607 5740789 591 0 1 40
608 5798994 602 8 6 12
609 5817971 606 10 4 1308
610 5817971 606 10 8 31
611 5835732 611 2 4 117
612 5835732 611 7 6 205
613 5961858 612 10 3 19
614 5961858 612 2 9 14
615 5961858 612 0 2 897
616 5961858 612 0 7 2539
617 5961858 612 8 0 713
618 5961858 612 0 5 240
619 5961858 612 5 0 214
620 5961858 612 6 7 2539
621 5961858 612 2 3 1
622 5961858 612 4 0 71
623 5961858 612 5 6 1
624 5961858 612 2 7 2539
625 5961858 612 5 8 8
626 5961858 612 8 1 13
627 5961858 612 3 7 5079
628 5961858 612 7 0 71
629 5961858 612 6 2 448
630 5961858 612 10 4 133
631 5961858 612 8 4 26
632 5961858 612 0 3 1
633 5961858 612 4 9 1
634 5972462 613 3 2 20
635 5972462 613 3 8 94
636 5974876 615 2 7 39103
637 6091605 616 2 9 5
638 6091605 616 7 3 20
639 6091605 616 1 7 1201
640 6091605 616 5 8 1
641 6091605 616 5 1 1
642 6091605 616 4 1 1
643 6091605 616 6 0 494
644 6091605 616 2 10 854
645 6091605 616 2 2 1
646 6091605 616 3 1 1
647 6091605 616 10 6 36
648 6091605 616 9 0 494
649 6091605 616 7 4 1
650 6091605 616 7 2 1
651 6091605 616 9 10 1709
652 6091605 616 5 0 494
653 6091605 616 6 8 1
654 6112158 621 6 8 18
655 6113088 623 5 1 96
656 6115546 624 0 5 2839
657 6116567 625 4 0 34
658 6132286 626 2 2 106
659 6135586 627 1 4 258
660 6149171 628 1 0 118
661 6161954 631 9 5 232
662 6197418 634 7 3 109
663 6197418 634 7 0 1249
664 6204769 635 5 7 192
665 6212377 637 10 10 8
666 6220427 638 2 7 203
667 6222285 641 5 6 2
668 6223442 643 0 4 19
669 6295582 644 7 3 21
670 6295582 644 10 7 92
671 6295582 644 4 6 1
672 6295582 644 8 9 27
673 6302459 650 0 10 58
674 6309222 659 10 5 113
675 6431702 671 1 3 61
676 6431702 671 7 6 8
677 6431702 671 8 7 1
678 6431702 671 7 5 30
679 6431702 671 5 1 715
680 6431702 671 8 0 7
681 6431702 671 3 9 8
682 6431702 671 4 8 5
683 6434014 672 10 5 10
684 6451736 675 2 7 2702
685 6473737 681 0 4 2639
686 6553471 683 7 8 11
687 6553471 683 4 3 29
688 6553471 683 4 9 123
689 6553471 683 3 10 16
690 6553471 683 8 1 50
691 6553471 683 7 9 15
692 6553471 683 9 3 29
693 6560537 687 0 8 15
694 6577050 689 5 4 1591
695 6617910 690 4 9 17
696 6617910 690 0 6 14
697 6617910 690 8 7 6335
698 6617910 690 8 2 3
699 6617910 690 8 3 45
700 6652883 692 7 7 181
701 6652883 692 2 1 48
702 6664182 693 8 4 80
703 6821790 695 7 1 3
704 6821790 695 0 0 42
705 6821790 695 4 7 1
706 6821790 695 8 2 793
707 6821790 695 2 8 1
708 6821790 695 9 7 1
709 6821790 695 9 1 7
710 6821790 695 9 0 64
711 6821790 695 3 5 7
712 6821790 695 1 2 1587
713 6821790 695 9 3 4
714 6821790 695 2 0 128
715 6821790 695 3 3 4
716 6821790 695 0 9 2791
717 6821790 695 0 3 8
718 6821790 695 10 1 3
719 6821790 695 4 4 1
720 6828217 697 4 6 1569
721 6864170 698 2 10 32
722 6864170 698 10 6 20
723 6864170 698 2 7 2
724 6864170 698 5 10 32
725 6864170 698 10 9 66
726 6914100 702 4 3 13
727 6914100 702 3 9 43
728 6914100 702 0 8 88
729 6945275 703 2 3 37
730 6945275 703 2 6 38
731 6945275 703 2 10 81
732 6945275 703 9 7 548
733 6945275 703 9 10 81
734 6948615 705 0 5 52
735 6957567 709 2 9 9272
736 6983813 713 0 6 9483
737 6989825 714 2 2 9758
738 7053521 718 0 0 1
739 7053521 718 10 8 1455
740 7053521 718 1 9 31
741 7053521 718 1 5 87
742 7053521 718 0 5 87
743 7081340 723 3 0 39
744 7081340 723 3 4 523
745 7081340 723 3 9 11
746 7081340 723 3 6 66
747 7105841 727 10 10 104
748 7105841 727 6 7 2
749 7148308 732 4 6 4
750 7148308 732 7 5 26
751 7184654 735 6 5 36
752 7184654 735 6 3 8
753 7184654 735 6 4 76
754 7184654 735 6 7 1348
755 7184654 735 9 10 136
756 7187146 736 2 6 1770
757 7210185 739 10 3 809
758 7210185 739 10 8 67
759 7210185 739 10 7 96
760 7210185 739 10 0 372
761 7210185 739 10 4 84
762 7293613 741 3 2 9
763 7293613 741 9 2 3
764 7293613 741 8 10 2
765 7293613 741 6 1 989
766 7293613 741 1 9 119
767 7293613 741 0 4 33
768 7293613 741 8 9 44
769 7293613 741 9 7 2
770 7294628 742 7 10 31
771 7309504 744 7 0 8
772 7326701 749 10 5 24
773 7400055 751 5 6 111
774 7400055 751 9 2 119
775 7400055 751 5 5 12
776 7400055 751 9 9 15
777 7400055 751 7 1 30
778 7400055 751 0 5 12
779 7400055 751 0 9 15
780 7400055 751 10 6 950
781 7413371 752 0 1 8
782 7432208 755 9 8 92
783 7432208 755 9 9 56
784 7452597 757 5 5 578
785 7464057 761 8 5 91
786 7464057 761 5 5 45
787 7511638 766 3 4 16
788 7511638 766 3 3 1
789 7511638 766 5 5 54
790 7511638 766 10 7 7
791 7543944 768 8 7 6
792 7543944 768 0 4 59
793 7573480 778 1 1 837
794 7573480 778 7 9 14
795 7573480 778 10 1 279
796 7583029 780 0 5 4
797 7588081 782 3 4 21
798 7588081 782 8 4 1
799 7589026 783 7 10 8
800 7589288 784 4 10 191
801 7626063 802 5 0 43
802 7661784 816 2 8 132
803 7817623 822 10 8 239
804 7817623 822 6 1 1
805 7817623 822 6 4 1
806 7817623 822 1 2 9
807 7817623 822 1 5 26
808 7817623 822 2 9 1
809 7817623 822 9 0 4
810 7817623 822 2 4 5
811 7817623 822 4 9 1
812 7817623 822 0 3 1
813 7817623 822 1 7 276
814 7817623 822 8 9 9
815 7817623 822 0 7 414
816 7932267 823 3 8 10
817 7932267 823 9 10 1
818 7932267 823 1 5 4195
819 7932267 823 9 9 1
820 7932267 823 9 1 1938
821 7932267 823 10 6 7637
822 7932267 823 1 2 6
823 7932267 823 3 10 1
824 7932267 823 1 6 1980
825 7932267 823 8 5 1198
826 7932267 823 1 0 8
827 7932267 823 10 10 1
828 7932267 823 8 8 2
829 7932267 823 3 2 6
830 7932267 823 10 1 969
831 7932267 823 10 4 14215
832 7932267 823 8 9 3
833 7968602 825 7 9 18
834 7968602 825 5 5 16
835 7968602 825 5 8 63
836 7968879 826 9 8 28
837 7989207 830 3 9 16
838 7989207 830 1 2 42
839 7989207 830 1 1 74
840 7989207 830 1 5 5
841 8032414 834 2 5 908
842 8032414 834 1 9 51
843 8033058 835 3 1 125
844 8038564 837 8 9 19
845 8043543 841 1 0 334
846 8071608 845 5 7 51
847 8081434 846 5 6 89
848 8081434 846 5 7 59
849 8083442 849 7 10 39
850 8084067 850 7 2 15
851 8110481 858 7 2 1
852 8120842 859 6 3 63
853 8120842 859 6 6 60
854 8133169 861 3 6 1409
855 8133169 861 3 4 112
856 8133169 861 3 2 309
857 8144614 863 2 4 116
858 8222332 864 2 7 1
859 8222332 864 7 2 954
860 8222332 864 9 4 5
861 8222332 864 2 6 4
862 8222332 864 1 1 4
863 8222332 864 4 4 5
864 8222332 864 4 8 113
865 8222332 864 5 6 17
866 8222332 864 1 8 226
867 8222332 864 10 9 35
868 8222548 865 4 2 165
869 8228586 868 10 6 201
870 8232567 870 2 3 6
871 8243121 871 5 9 3
872 8248245 872 2 6 11
873 8270466 875 5 7 18
874 8284135 881 2 2 561
875 8347857 886 1 6 1111
876 8347857 886 1 3 48
877 8347857 886 5 3 48
878 8347857 886 4 8 20
879 8347857 886 10 3 12
880 8347857 886 7 7 8
881 8347857 886 6 6 555
882 8359121 888 10 0 12
883 8422198 894 8 3 6
884 8422198 894 2 3 6
885 8422198 894 2 8 1
886 8422198 894 3 3 6
887 8422198 894 7 7 1
888 8422198 894 9 8 1
889 8422198 894 3 7 3
890 8422198 894 9 2 35
891 8458654 896 9 10 16
892 8485884 901 9 2 30
893 8485884 901 7 2 30
894 8485884 901 6 2 30
895 8504653 903 1 1 7
896 8504705 904 5 6 59
897 8513891 905 7 8 95
898 8516319 906 8 8 271
899 8542490 907 4 10 3
900 8554839 909 9 8 5
901 8595988 917 3 9 3
902 8611220 920 2 10 8
903 8612310 921 3 9 79
904 8628574 924 10 6 1
905 8646401 926 7 5 9235
906 8646401 926 7 6 104
907 8646401 926 7 10 8973
908 8646401 926 7 7 22675
909 8791533 929 0 3 6
910 8791533 929 9 2 12
911 8791533 929 10 7 2
912 8791533 929 5 8 4
913 8791533 929 4 10 1
914 8791533 929 3 9 4
915 8791533 929 6 4 878
916 8791533 929 7 1 18
917 8791533 929 7 6 54
918 8791533 929 6 5 227
919 8791533 929 2 10 30
920 8791533 929 3 1 1
921 8791533 929 8 8 9
922 8791533 929 2 6 218
923 8791533 929 6 7 4
924 8791533 929 9 8 14
925 8791533 929 8 4 1756
926 8875965 930 2 10 683
927 8875965 930 0 8 309
928 8875965 930 3 3 15
929 8875965 930 3 5 22
930 8875965 930 6 8 928
931 8875965 930 0 5 22
932 8875965 930 7 6 13
933 8875965 930 3 2 29
934 8875965 930 5 8 309
935 8952214 931 7 6 8
936 8952214 931 7 1 10
937 8952214 931 4 0 3169
938 8952214 931 4 5 349
939 8952214 931 7 2 1607
940 8952214 931 5 5 349
941 8952214 931 3 10 2703
942 8952214 931 0 8 4
943 9002668 932 1 10 23
944 9002668 932 8 2 902
945 9002668 932 4 1 2337
946 9002668 932 7 10 23
947 9002668 932 8 0 2
948 9002668 932 6 10 47
949 9002668 932 3 3 3
950 9002668 932 10 8 6
951 9007824 934 10 1 14278
952 9007824 934 8 7 122
953 9025462 939 3 8 14263
954 9025462 939 4 8 42789
955 9168808 941 7 2 5
956 9168808 941 10 5 13
957 9168808 941 9 1 288
958 9168808 941 6 2 5
959 9168808 941 5 5 13
960 9168808 941 1 1 1248
961 9168808 941 2 2 5
962 9168808 941 7 7 2
963 9168808 941 9 7 1
964 9168808 941 2 10 18
965 9168808 941 7 0 16
966 9168808 941 10 2 2
967 9168808 941 1 10 36
968 9168808 941 7 10 36
969 9175248 947 10 10 71
970 9208480 954 10 1 315
971 9215475 957 8 9 17
972 9215574 958 3 3 2
973 9234568 959 10 8 1670
974 9248573 961 1 5 343
975 9348674 967 0 8 44
976 9348674 967 4 4 14
977 9348674 967 1 9 9
978 9348674 967 1 1 369
979 9348674 967 0 4 14
980 9348674 967 6 6 3080
981 9348674 967 0 10 13
982 9348674 967 7 10 40
983 9348674 967 6 3 8
984 9348674 967 6 10 27
985 9348674 967 7 2 30
986 9361277 970 4 3 16276
987 9378675 972 10 1 225
988 9404353 973 0 8 2624
989 9404353 973 0 1 24
990 9404353 973 2 9 112
991 9404353 973 0 7 14257
992 9404353 973 2 8 1312
993 9408298 975 8 8 3
994 9411808 977 7 2 1705
995 9435479 987 7 9 42
996 9475153 994 0 5 16
997 9475153 994 1 1 1
998 9480988 996 1 5 37
999 9496587 999 8 2 26
