11 338 1000
0 60259 0 1 2 152
1 60259 0 1 9 151
2 60259 0 9 5 6
3 61345 1 9 1 33309
4 229985 3 5 10 935
5 229985 3 10 8 592
6 270316 5 9 8 2075
7 304356 8 10 0 624
8 420395 9 4 6 70
9 420395 9 1 5 35
10 420395 9 4 1 2
11 420395 9 1 8 2
12 420395 9 1 10 7
13 420395 9 7 1 19
14 446073 10 8 1 870
15 456375 12 6 2 40
16 590162 13 8 1 265
17 590162 13 6 4 340
18 590162 13 6 5 13
19 772087 17 2 5 100
20 772087 17 3 8 6
21 772087 17 7 7 2
22 772087 17 7 8 1
23 772087 17 1 7 17
24 772087 17 7 4 12
25 772087 17 6 1 88
26 906279 21 4 10 27
27 906279 21 3 8 86
28 906279 21 3 4 45
29 906279 21 3 3 9711
30 906279 21 3 0 51960
31 924637 23 10 10 4218
32 978614 27 0 0 1040
33 1095667 31 1 6 46
34 1167997 37 6 10 4
35 1205327 38 2 5 55
36 1223533 39 0 5 34
37 1223533 39 3 5 6
38 1272999 41 10 5 3030
39 1279332 43 5 8 154
40 1302430 44 1 10 3951
41 1308109 45 8 6 1063
42 1316793 48 8 8 26
43 1359708 50 1 3 14
44 1720383 51 3 2 5
45 1720383 51 3 0 10
46 1720383 51 5 9 1
47 1720383 51 2 7 5
48 1720383 51 2 2 5
49 1720383 51 5 5 8
50 1720383 51 5 7 5
51 1720383 51 7 2 5
52 1720383 51 0 8 6
53 1720383 51 5 0 10
54 1720383 51 9 10 1
55 1720383 51 5 3 15
56 1725208 53 4 10 10
57 1941231 59 1 8 1
58 1941231 59 1 0 2
59 1941231 59 8 0 4
60 1977224 61 10 2 24
61 1977224 61 7 4 126
62 1977224 61 2 2 24
63 2043927 66 0 4 60
64 2043927 66 0 5 116
65 2043927 66 0 7 227
66 2043927 66 0 6 59
67 2059605 68 4 4 13
68 2059605 68 8 4 1
69 2124678 70 4 7 3
70 2124678 70 3 10 99
71 2124678 70 10 8 21
72 2124678 70 8 7 1
73 2406543 75 10 5 1270
74 2406543 75 3 3 33
75 2406543 75 6 10 7
76 2406543 75 5 2 778
77 2406543 75 8 7 3
78 2406543 75 0 9 1
79 2406543 75 4 5 115
80 2406543 75 10 9 1
81 2406543 75 2 8 1
82 2436046 77 6 4 52
83 2443600 78 6 1 47
84 2766893 84 4 3 4
85 2766893 84 3 10 6
86 2766893 84 3 3 8
87 2766893 84 7 1 8
88 2766893 84 10 2 77
89 2766893 84 3 6 1
90 2767711 85 8 6 404
91 2769201 86 7 5 3487
92 2841694 89 7 5 6
93 2841694 89 7 2 266
94 2841694 89 7 9 100
95 2894997 93 9 7 13
96 3148288 99 7 1 40
97 3148288 99 0 10 3070
98 3148288 99 9 7 12
99 3152777 100 7 2 57
100 3434582 102 4 0 35
101 3434582 102 0 10 21
102 3434582 102 8 1 91
103 3434582 102 2 10 21
104 3434582 102 0 2 483
105 3434582 102 7 9 9
106 3434582 102 1 9 9
107 3434582 102 4 4 4
108 3434582 102 1 5 14
109 3434582 102 9 10 21
110 3484574 104 4 6 5599
111 3484574 104 4 9 60
112 3484574 104 4 0 1
113 3492076 105 1 5 326
114 3494149 107 6 2 1524
115 3624880 108 2 3 69
116 3624880 108 6 5 8
117 3624880 108 4 10 21
118 3624880 108 4 0 226
119 3624880 108 5 4 34
120 3624880 108 7 7 76
121 3642359 110 3 7 345
122 3652980 112 9 1 2
123 3730696 117 0 5 160
124 3730696 117 0 1 35
125 3730696 117 0 9 4276
126 3772694 118 9 7 55
127 3772694 118 1 5 301
128 3772694 118 2 2 2
129 3808674 124 7 3 7
130 3821079 126 3 0 39
131 3821079 126 0 0 119
132 3940061 132 5 1 6
133 3940061 132 0 7 7571
134 3967829 134 6 7 32
135 4039975 136 8 9 9
136 4039975 136 8 6 21
137 4039975 136 8 1 94
138 4039975 136 1 8 15
139 4039975 136 1 1 31
140 4270483 137 4 2 21
141 4270483 137 6 6 2
142 4270483 137 7 9 2136
143 4270483 137 5 8 4
144 4270483 137 2 0 4
145 4270483 137 8 3 48
146 4405169 147 9 6 19051
147 4419279 148 9 10 21
148 4420120 149 7 7 229
149 4453768 150 2 1 14
150 4453768 150 2 9 28
151 4716379 154 6 6 690
152 4716379 154 8 0 6
153 4716379 154 1 4 10
154 4716379 154 2 2 249
155 4718714 155 1 7 3
156 5011463 160 0 0 35
157 5011463 160 5 2 210
158 5011463 160 7 9 4
159 5011463 160 6 10 5
160 5011463 160 3 9 4
161 5021515 161 0 8 17
162 5111686 162 3 1 1445
163 5111686 162 0 4 30
164 5111686 162 10 4 15
165 5158878 165 8 3 93
166 5175129 168 1 2 15
167 5216163 171 4 8 604
168 5239928 172 4 2 54
169 5288710 174 9 7 14
170 5288710 174 0 7 14
171 5293713 175 2 6 13
172 5387791 177 0 8 1073
173 5387791 177 0 10 393
174 5387791 177 0 9 9
175 5456921 187 9 9 71
176 5521551 192 3 7 6128
177 5521551 192 3 6 110
178 5521551 192 3 5 27522
179 5521551 192 3 1 640
180 5521551 192 3 8 53
181 5523359 193 5 3 108
182 5748914 198 6 3 20
183 5748914 198 5 9 31
184 5748914 198 9 4 4
185 5748914 198 10 8 11
186 5748914 198 8 4 2
187 5748914 198 9 2 2
188 5748914 198 6 0 5
189 5773455 202 3 2 18
190 5773455 202 3 5 21864
191 5773455 202 3 3 146
192 5835603 203 7 2 64
193 5835603 203 8 1 5
194 5835603 203 7 3 353
195 5835603 203 7 6 48
196 5835603 203 8 0 228
197 5839090 204 9 0 97
198 5867787 207 7 0 68
199 5868722 208 10 7 217
200 5891073 209 1 5 39
201 5891073 209 8 5 39
202 5953770 210 2 3 1
203 5973923 216 6 5 29
204 5995731 217 8 5 78
205 5995731 217 1 4 27
206 6015152 221 8 7 220
207 6041396 223 2 2 68
208 6041396 223 3 2 68
209 6064885 227 4 7 1033
210 6171498 229 2 2 616
211 6171498 229 6 0 10
212 6171498 229 0 7 28
213 6171498 229 6 5 19
214 6297568 230 8 5 3
215 6297568 230 0 9 29
216 6307593 231 4 6 2
217 6541950 233 0 6 26
218 6541950 233 1 3 4
219 6541950 233 2 5 1
220 6541950 233 7 5 3
221 6541950 233 6 0 44
222 6541950 233 4 2 8
223 6576279 236 9 6 55
224 6651505 237 10 10 82
225 6651505 237 4 5 53
226 6651505 237 4 10 82
227 6651505 237 10 2 55
228 6657162 238 3 9 432
229 6694602 240 1 6 190
230 6944440 241 4 8 1
231 6944440 241 3 3 1
232 6944440 241 3 1 18
233 6944440 241 3 9 1226
234 6944440 241 4 4 14
235 6944440 241 6 3 1
236 6944440 241 7 5 5047
237 6944440 241 6 8 1
238 6944440 241 9 2 5857
239 6944440 241 4 5 1682
240 6946360 243 10 1 22
241 6972210 246 7 0 7
242 6985197 250 2 9 38
243 6996806 254 2 4 52
244 7135392 259 1 7 25
245 7135392 259 0 7 51
246 7135392 259 9 7 25
247 7135392 259 8 0 89
248 7135392 259 4 7 25
249 7135392 259 8 8 8101
250 7135392 259 2 7 25
251 7413068 262 4 2 13
252 7413068 262 3 10 6
253 7413068 262 3 3 1
254 7413068 262 9 3 1
255 7413068 262 3 7 1
256 7413068 262 8 1 30
257 7413068 262 8 8 7
258 7413068 262 9 9 15
259 7471123 267 8 9 312
260 7476652 268 9 0 17
261 7514201 270 8 3 19537
262 7602465 282 8 7 200
263 7602465 282 8 10 44
264 7602465 282 8 3 286
265 8080084 287 2 4 1
266 8080084 287 1 1 3
267 8080084 287 8 1 28
268 8080084 287 6 7 807
269 8080084 287 6 2 3
270 8080084 287 10 8 35
271 8080084 287 10 9 1
272 8080084 287 6 4 1
273 8080084 287 3 5 2
274 8080084 287 2 0 3
275 8080084 287 3 0 5
276 8080084 287 7 8 5
277 8080084 287 1 10 7
278 8080084 287 5 8 5
279 8080084 287 9 8 5
280 8080084 287 3 6 24
281 8080084 287 5 5 70
282 8080084 287 10 6 24
283 8080084 287 2 8 5
284 8080084 287 5 6 170
285 8085706 289 10 10 47
286 8243337 291 9 5 25
287 8243337 291 5 7 111
288 8243337 291 7 1 1536
289 8243337 291 0 2 3435
290 8243337 291 0 0 33
291 8243337 291 1 7 111
292 8243337 291 3 0 6
293 8243337 291 8 5 103
294 8243337 291 6 9 731
295 8243337 291 6 7 333
296 8243337 291 0 1 128
297 8392985 292 7 0 6
298 8392985 292 10 6 39
299 8392985 292 2 6 13
300 8392985 292 6 9 1235
301 8392985 292 10 9 529
302 8392985 292 9 1 197
303 8416609 295 6 4 6
304 8496093 298 9 0 21
305 8496093 298 1 10 121
306 8496093 298 9 10 40
307 8682688 303 3 7 1
308 8682688 303 0 10 14
309 8682688 303 8 8 324
310 8682688 303 4 6 795
311 8682688 303 0 9 3069
312 8682688 303 0 2 1892
313 8785709 304 3 9 58
314 8785709 304 2 4 11
315 8785709 304 3 6 1731
316 8785709 304 3 5 23
317 8809637 306 7 9 19562
318 8815134 307 4 4 476
319 8849494 308 6 8 78
320 8849494 308 6 6 76
321 8866502 310 7 6 6
322 8895259 311 9 4 3
323 8900041 312 6 10 391
324 9141812 317 10 7 1004
325 9141812 317 5 10 55
326 9141812 317 10 5 964
327 9141812 317 8 7 2009
328 9141812 317 2 9 16
329 9141812 317 1 7 2009
330 9226451 324 10 5 7
331 9358552 328 7 8 44
332 9358552 328 4 9 2
333 9358552 328 8 5 297
334 9358552 328 7 3 2
335 9358552 328 6 9 2
336 9358552 328 1 8 44
337 9358552 328 5 8 267
338 9358552 328 5 0 1
339 9396872 330 0 9 26
340 9396872 330 0 10 1364
341 9461988 337 4 3 98
342 9461988 337 4 1 95
343 9531294 339 5 10 8843
344 9531294 339 4 7 15
345 9636372 340 5 2 3
346 9636372 340 5 4 1
347 9636372 340 3 1 3
348 9692668 346 6 5 978
349 9711201 349 8 6 1136
350 9732668 352 9 10 104
351 9764468 353 0 2 34
352 9765994 354 2 5 5284
353 9793831 358 1 4 2379
354 9849496 362 3 2 2
355 9951910 369 9 0 34
356 9951910 369 2 0 17
357 9951910 369 1 9 476
358 9951910 369 6 3 6
359 10053432 370 1 10 35
360 10053432 370 8 8 3
361 10053432 370 9 5 1
362 10053432 370 7 9 23
363 10053432 370 7 2 9
364 10053432 370 3 2 1
365 10077550 377 9 8 86
366 10077760 378 10 6 120
367 10188192 386 8 3 1952
368 10272187 388 0 5 38
369 10272187 388 0 4 28
370 10272187 388 7 6 202
371 10516710 390 5 0 14
372 10516710 390 7 9 1924
373 10516710 390 2 4 27
374 10516710 390 4 5 20
375 10516710 390 3 10 26
376 10603884 392 1 4 854
377 10603884 392 3 9 3
378 10915192 395 8 2 1
379 10915192 395 1 1 24
380 10915192 395 8 10 31
381 10915192 395 6 8 33
382 10915192 395 3 0 440
383 10915192 395 0 9 2555
384 10915192 395 4 7 1
385 10936612 396 10 1 1216
386 11076673 402 2 9 21
387 11076673 402 9 2 1
388 11116213 406 8 0 35
389 11370141 409 2 1 542
390 11370141 409 8 0 1056
391 11370141 409 8 9 15
392 11370141 409 5 10 10
393 11370141 409 10 1 542
394 11370141 409 2 0 528
395 11370141 409 5 0 528
396 11370141 409 5 3 3
397 11484350 413 9 8 10548
398 11484350 413 2 5 900
399 11484350 413 2 6 214
400 11484350 413 9 10 29
401 11484350 413 9 1 56
402 11484350 413 2 9 66
403 11528135 420 7 8 9
404 11620833 424 7 0 119
405 11620833 424 7 10 493
406 11994892 428 3 1 1336
407 11994892 428 10 0 1
408 11994892 428 7 1 110959
409 11994892 428 2 4 1
410 11994892 428 9 8 2
411 11994892 428 10 3 14
412 11994892 428 6 10 4
413 11994892 428 10 8 2
414 11994892 428 3 0 1
415 11994892 428 1 9 1
416 11994892 428 4 6 1
417 11994892 428 6 9 1
418 11994892 428 8 7 1
419 11994892 428 10 5 822
420 11994892 428 4 0 1
421 12204633 430 7 8 5
422 12204633 430 0 3 2
423 12204633 430 7 6 381
424 12204633 430 7 4 3
425 12204633 430 2 8 2
426 12204633 430 1 1 2103
427 12204633 430 8 2 36
428 12204633 430 0 2 18
429 12204633 430 10 4 3
430 12204633 430 1 3 4
431 12256168 435 7 6 24
432 12256168 435 0 1 108
433 12256490 436 0 3 109
434 12305120 443 6 0 121
435 12305120 443 6 3 83
436 12331103 445 10 0 208
437 12550326 457 1 0 25
438 12550326 457 4 5 32
439 12550326 457 6 4 33
440 12550326 457 10 0 8
441 12550326 457 1 5 64
442 12550326 457 2 10 5
443 12550326 457 7 0 8
444 12550326 457 6 0 25
445 12629720 460 1 3 39
446 12791915 461 0 6 245
447 12791915 461 9 5 1
448 12791915 461 9 7 1
449 12791915 461 1 0 1
450 12791915 461 9 4 42
451 13322449 466 4 6 4
452 13322449 466 3 2 100
453 13322449 466 0 1 14
454 13322449 466 10 9 4
455 13322449 466 10 7 22
456 13322449 466 0 4 2609
457 13322449 466 3 3 7204
458 13322449 466 8 9 4
459 13322449 466 7 6 28
460 13322449 466 3 7 61
461 13322449 466 5 0 7
462 13322449 466 1 4 217
463 13322449 466 4 2 50
464 13322449 466 1 7 1
465 13322449 466 10 2 50
466 13448287 467 4 0 1291
467 13448287 467 6 5 5
468 13448287 467 9 5 5
469 13482828 468 7 3 165
470 13482828 468 7 7 38
471 13482828 468 7 0 6237
472 13491229 469 6 3 3988
473 13519477 471 7 10 923
474 13554746 472 2 0 14
475 13697281 473 6 9 2
476 13697281 473 8 8 104
477 13697281 473 10 3 59
478 13697281 473 9 2 7
479 14138670 475 5 8 2
480 14138670 475 4 10 5
481 14138670 475 1 4 1
482 14138670 475 5 6 1
483 14138670 475 9 1 6
484 14138670 475 6 9 5
485 14138670 475 4 4 1
486 14138670 475 3 7 4
487 14138670 475 9 3 1
488 14143198 476 6 10 30
489 14186239 477 2 1 282
490 14219828 479 5 9 1
491 14359759 489 2 10 7526
492 14387756 493 8 7 18
493 14398408 497 9 7 51
494 14807019 498 8 6 1
495 14807019 498 2 10 13
496 14807019 498 7 8 514
497 14807019 498 3 10 13
498 14807019 498 5 10 13
499 14807019 498 4 8 1028
500 14807019 498 5 1 35
501 14807019 498 3 8 514
502 14807019 498 5 5 702
503 14807019 498 0 2 4
504 14807019 498 10 6 1
505 14807019 498 9 7 44
506 14807019 498 7 10 39
507 14807019 498 10 3 4
508 14807019 498 10 1 35
509 14807019 498 7 6 1
510 14807019 498 6 8 514
511 14807019 498 4 5 175
512 14807019 498 5 6 1
513 14807019 498 0 10 13
514 14807019 498 3 4 50
515 14807019 498 2 6 1
516 14807019 498 5 3 1
517 14807019 498 0 0 43
518 14807019 498 0 8 1028
519 14841335 499 7 6 4848
520 14841335 499 7 5 7680
521 14841335 499 7 1 3309
522 14842245 500 3 0 227
523 14874410 504 3 10 30
524 14877532 505 0 7 64
525 15112661 507 5 6 3
526 15112661 507 9 3 14
527 15112661 507 9 2 5
528 15112661 507 2 2 28
529 15112661 507 0 4 1429
530 15112661 507 7 7 72
531 15112661 507 8 4 1429
532 15112661 507 3 7 72
533 15206240 510 7 4 1991
534 15206240 510 6 0 189
535 15206240 510 7 6 71
536 15206240 510 6 3 4
537 15209506 512 2 3 5300
538 15455542 513 9 10 2
539 15455542 513 8 5 172
540 15455542 513 1 8 5049
541 15455542 513 10 9 20
542 15455542 513 1 0 1
543 15455542 513 1 4 300
544 15506796 516 10 3 54
545 15506796 516 3 3 1
546 15509902 518 8 8 52
547 15524884 522 4 9 174
548 15539834 526 8 2 56
549 15619231 535 2 1 59
550 15629960 537 2 10 22
551 15633421 538 4 8 3
552 15696252 542 1 3 210
553 15696252 542 1 2 138
554 15736080 547 4 0 5771
555 15736080 547 4 5 7822
556 15736080 547 4 7 18
557 15736080 547 4 9 79
558 15776877 550 1 6 6
559 15776877 550 2 6 6
560 15776877 550 7 6 6
561 15834018 551 5 1 3
562 15834018 551 4 1 3
563 16286192 555 5 9 2
564 16286192 555 10 10 2
565 16286192 555 1 10 1
566 16286192 555 3 1 95
567 16286192 555 8 0 4
568 16286192 555 7 8 102
569 16286192 555 7 1 95
570 16286192 555 9 1 95
571 16286192 555 5 8 7
572 16286192 555 2 10 32
573 16286192 555 6 6 23
574 16286192 555 3 7 3
575 16286192 555 2 8 7
576 16286192 555 3 10 1
577 16286192 555 7 10 4
578 16286192 555 9 6 71
579 16286192 555 0 7 3
580 16286192 555 0 6 47
581 16286192 555 6 3 202
582 16443602 556 10 1 1
583 16443602 556 0 7 15
584 16443602 556 5 5 3164
585 16443602 556 5 8 109
586 16479701 557 3 5 64
587 16479701 557 3 0 5258
588 16479701 557 3 7 70
589 16479701 557 3 9 238
590 16524483 558 1 9 64
591 16595996 562 10 4 31234
592 16637708 563 10 1 192
593 16649786 564 4 9 23
594 16842760 569 0 10 6
595 16842760 569 6 5 1
596 16842760 569 8 2 26
597 16842760 569 2 7 8
598 16842760 569 3 7 8
599 16842760 569 3 1 1
600 16842760 569 0 0 52
601 16842760 569 6 2 170
602 16885018 575 10 8 15
603 17014002 576 10 0 51
604 17014002 576 1 0 51
605 17014002 576 0 3 30
606 17115063 582 4 0 2716
607 17115063 582 4 4 50
608 17115063 582 4 3 49
609 17153733 583 6 6 89
610 17153733 583 6 4 5985
611 17222367 591 7 1 1
612 17396983 602 6 3 169
613 17396983 602 6 6 1
614 17507196 611 7 2 147
615 17507196 611 10 6 205
616 17507196 611 5 6 4930
617 17885576 612 2 8 8
618 17885576 612 2 10 5
619 17885576 612 0 10 5
620 17885576 612 7 9 1
621 17885576 612 9 10 5
622 17885576 612 9 7 2539
623 17885576 612 1 7 2539
624 17885576 612 9 1 13
625 17885576 612 7 6 4
626 17885576 612 1 4 26
627 17885576 612 8 6 1
628 17885576 612 1 3 1
629 17885576 612 5 9 1
630 17885576 612 9 3 1
631 17917386 613 3 8 94
632 18274816 616 9 4 1
633 18274816 616 2 9 5
634 18274816 616 1 10 3419
635 18274816 616 1 7 1201
636 18274816 616 1 9 5
637 18274816 616 0 7 200
638 18274816 616 9 8 1
639 18274816 616 10 10 1709
640 18274816 616 4 6 72
641 18274816 616 7 7 200
642 18274816 616 8 8 1
643 18274816 616 4 9 2
644 18274816 616 5 8 1
645 18274816 616 7 5 3683
646 18274816 616 9 0 494
647 18336854 622 7 6 13081
648 18346639 624 3 5 14198
649 18349701 625 9 0 34
650 18396860 626 2 1 8
651 18447515 628 1 9 181
652 18447515 628 1 0 118
653 18485863 631 9 5 232
654 18485863 631 2 6 351
655 18485863 631 7 5 232
656 18485863 631 5 6 491
657 18575231 633 5 9 17
658 18575231 633 5 8 159
659 18592255 634 7 1 38
660 18592255 634 7 0 1249
661 18592255 634 7 5 82
662 18637131 637 4 10 24
663 18886748 644 0 0 25
664 18886748 644 8 10 22
665 18886748 644 7 10 1
666 18886748 644 1 0 8
667 18886748 644 3 1 748
668 18886748 644 5 8 908
669 18886748 644 2 9 27
670 18886748 644 10 6 1
671 18920595 656 0 0 126
672 18972971 666 1 3 75
673 18994006 668 5 6 68
674 18994006 668 5 3 3071
675 19295107 671 6 6 41
676 19295107 671 1 6 16
677 19295107 671 5 9 8
678 19295107 671 10 5 30
679 19295107 671 1 5 30
680 19302042 672 8 5 20
681 19387996 680 10 8 3319
682 19660415 683 10 9 30
683 19660415 683 5 9 15
684 19660415 683 6 5 1
685 19660415 683 3 10 16
686 19660415 683 5 8 11
687 19660415 683 2 9 30
688 19660415 683 2 5 1
689 19666915 686 7 1 88
690 19681613 687 10 2 32
691 19681613 687 5 7 16
692 19681613 687 0 8 15
693 19682523 688 7 4 43
694 19853732 690 0 2 81
695 19853732 690 0 0 5775
696 19853732 690 8 2 3
697 19958651 692 2 10 12
698 19958651 692 7 10 12
699 19958651 692 10 10 12
700 19992548 693 8 2 61
701 20465371 695 1 2 1587
702 20465371 695 10 3 35
703 20465371 695 6 4 8
704 20465371 695 5 2 793
705 20465371 695 7 7 1
706 20465371 695 10 8 1
707 20465371 695 5 9 214
708 20465371 695 8 8 1
709 20465371 695 1 8 1
710 20465371 695 7 10 5
711 20465371 695 1 1 3
712 20465371 695 9 2 793
713 20592512 698 2 7 2
714 20592512 698 2 9 33
715 20592512 698 10 9 66
716 20592512 698 10 3 1526
717 20598006 700 9 4 4666
718 20649635 701 9 2 76
719 20649635 701 3 9 1
720 20649635 701 7 2 15
721 20742302 702 0 8 88
722 20835827 703 9 1 49
723 20835827 703 9 3 37
724 20835827 703 2 2 4702
725 20845847 705 0 5 52
726 20857860 708 7 4 12039
727 21160564 718 1 1 6
728 21160564 718 3 3 31
729 21160564 718 1 3 15
730 21160564 718 10 4 275
731 21160564 718 10 10 10
732 21160564 718 5 9 11729
733 21160564 718 0 5 87
734 21167732 721 4 10 231
735 21176443 722 10 1 2439
736 21244020 723 3 2 3584
737 21244020 723 6 1 1
738 21275913 724 6 2 205
739 21444926 732 4 6 4
740 21444926 732 7 8 39
741 21444926 732 6 6 2
742 21444926 732 9 0 2
743 21444926 732 4 5 13
744 21444926 732 6 3 7
745 21444926 732 0 1 103
746 21553962 735 6 0 70
747 21553962 735 9 2 1
748 21588629 737 5 0 44
749 21630557 739 10 10 132
750 21630557 739 10 8 67
751 21880840 741 6 5 22
752 21880840 741 3 0 544
753 21888392 743 2 8 31
754 21938654 748 7 8 28
755 21980104 749 10 7 20
756 21980104 749 10 5 24
757 22200166 751 6 3 242
758 22200166 751 2 9 31
759 22200166 751 6 10 17
760 22200166 751 1 10 51
761 22200166 751 8 3 485
762 22200166 751 6 7 3
763 22200166 751 3 6 55
764 22296624 755 9 8 92
765 22296624 755 9 0 195
766 22296624 755 9 7 346
767 22360071 758 6 1 123
768 22373384 759 9 3 11
769 22392173 761 6 5 45
770 22534914 766 0 5 13
771 22534914 766 1 4 16
772 22663557 773 8 10 34
773 22663557 773 4 10 87
774 22720441 778 10 1 279
775 22720441 778 4 9 7
776 22749087 780 2 5 4
777 22749087 780 3 5 4
778 22749087 780 2 1 117
779 22752740 781 0 3 77
780 22806607 789 3 2 30
781 22814538 791 8 1 1
782 22814538 791 7 1 1
783 22862782 798 4 1 2953
784 22862782 798 4 5 6106
785 22862782 798 4 2 46
786 22912873 804 4 6 21
787 22912873 804 4 4 621
788 22912873 804 4 0 117
789 22929156 806 5 0 104
790 22941030 807 3 10 55
791 22946537 811 6 2 58
792 22952809 813 10 8 83
793 22953326 814 1 3 170
794 22983462 815 6 10 1677
795 23012309 818 9 4 82
796 23018591 819 7 3 21
797 23452871 822 1 10 1
798 23452871 822 7 3 5
799 23452871 822 8 1 1
800 23452871 822 7 7 691
801 23452871 822 0 1 1
802 23452871 822 0 4 1
803 23452871 822 0 8 1679
804 23452871 822 4 5 52
805 23452871 822 6 0 4
806 23452871 822 9 2 3
807 23452871 822 7 4 1
808 23452871 822 5 2 3
809 23452871 822 3 6 4
810 23452871 822 10 10 1
811 23452871 822 10 0 1
812 23452871 822 10 3 3
813 23452871 822 7 2 12
814 23452871 822 4 3 1
815 23452871 822 1 5 26
816 23452871 822 9 5 26
817 23452871 822 5 4 1
818 23796803 823 1 10 1
819 23796803 823 1 3 13
820 23796803 823 8 7 751
821 23796803 823 2 1 969
822 23796803 823 2 8 5
823 23796803 823 8 6 282
824 23796803 823 3 2 6
825 23796803 823 8 3 9
826 23905806 825 1 1 19
827 23905806 825 7 1 19
828 23905806 825 5 8 63
829 23967621 830 3 5 172
830 23967621 830 1 1 74
831 23967621 830 2 2 63
832 24046699 833 7 8 800
833 24097242 834 2 5 908
834 24177611 842 1 1 148
835 24184826 843 9 3 39
836 24244303 846 5 2 142
837 24260626 851 0 6 15
838 24324967 857 9 0 2932
839 24324967 857 9 5 4
840 24331445 858 5 2 5
841 24362527 859 6 0 3051
842 24433843 863 2 0 9
843 24433843 863 2 7 8
844 24666998 864 9 1 4
845 24666998 864 5 9 35
846 24666998 864 4 1 14
847 24666998 864 10 8 113
848 24666998 864 10 9 35
849 24666998 864 8 9 141
850 24666998 864 1 4 5
851 24666998 864 3 8 113
852 24666998 864 4 8 113
853 24744737 872 1 4 73
854 24789318 874 2 1 40
855 24811399 875 2 7 9
856 24819351 876 4 3 37
857 24819351 876 9 3 18
858 24852407 881 10 2 1685
859 25043572 886 7 6 555
860 25043572 886 4 6 555
861 25043572 886 10 7 1
862 25043572 886 9 6 555
863 25043572 886 7 0 14
864 25077363 888 10 10 10210
865 25087160 889 6 2 173
866 25106092 893 8 3 795
867 25266595 894 10 10 33
868 25266595 894 9 2 35
869 25266595 894 3 2 11
870 25266595 894 2 8 1
871 25266595 894 8 5 30
872 25266595 894 2 1 4
873 25266595 894 2 4 56
874 25266595 894 5 7 1
875 25266595 894 6 9 71
876 25279297 895 5 9 36
877 25375963 896 1 0 15751
878 25399117 898 1 1 158
879 25427975 899 6 10 114
880 25427975 899 6 8 4891
881 25457654 901 2 3 1484
882 25458100 902 5 10 39173
883 25513961 903 1 2 22
884 25541673 905 8 8 95
885 25541673 905 10 8 95
886 25627471 907 4 4 22
887 25627471 907 2 8 156
888 25664519 909 9 6 8913
889 25664519 909 9 3 21
890 25664519 909 9 8 5
891 25664519 909 9 10 26
892 25701846 911 7 0 2047
893 25701846 911 2 0 682
894 25743366 913 1 2 19
895 25833661 920 2 8 655
896 25939204 926 7 9 34
897 26374600 929 2 4 2635
898 26374600 929 4 1 2
899 26374600 929 2 10 30
900 26374600 929 7 10 1
901 26374600 929 6 1 3
902 26374600 929 5 10 1
903 26374600 929 1 7 2
904 26374600 929 4 4 2635
905 26374600 929 2 6 218
906 26374600 929 8 6 272
907 26374600 929 8 9 4
908 26374600 929 8 1 1
909 26374600 929 4 0 7
910 26374600 929 0 7 2
911 26374600 929 0 4 878
912 26374600 929 5 5 682
913 26374600 929 10 6 54
914 26374600 929 0 8 4
915 26374600 929 9 8 14
916 26374600 929 10 2 4
917 26374600 929 3 0 2
918 26374600 929 4 8 4
919 26374600 929 6 10 1
920 26374600 929 1 0 2
921 26627895 930 1 5 22
922 26627895 930 5 6 13
923 26627895 930 9 7 31
924 26627895 930 4 4 13007
925 26627895 930 4 6 79
926 26627895 930 5 1 43
927 26627895 930 5 4 2601
928 26627895 930 2 10 683
929 26627895 930 8 2 7
930 26856642 931 0 0 1056
931 26856642 931 10 1 10
932 26856642 931 3 10 2703
933 26856642 931 7 6 8
934 26856642 931 6 7 6
935 26856642 931 10 0 3169
936 26856642 931 6 6 8
937 26856642 931 4 3 49
938 26856642 931 0 4 909
939 27008006 932 9 2 902
940 27008006 932 6 3 3
941 27008006 932 10 7 10
942 27008006 932 1 1 779
943 27008006 932 2 10 23
944 27008006 932 7 10 23
945 27008006 932 7 3 16
946 27008006 932 5 8 6
947 27008006 932 8 3 9
948 27008006 932 8 0 2
949 27008006 932 6 8 20
950 27033971 935 0 1 1573
951 27043399 936 0 4 58
952 27100817 940 0 10 1313
953 27100817 940 0 8 217
954 27506426 941 3 3 2
955 27506426 941 2 2 5
956 27506426 941 10 10 36
957 27506426 941 4 10 18
958 27506426 941 0 4 3
959 27506426 941 1 7 1
960 27506426 941 9 4 1
961 27506426 941 0 3 1
962 27506426 941 6 7 18
963 27506426 941 9 0 22
964 27506426 941 1 9 2610
965 27506426 941 7 7 2
966 27506426 941 5 3 8
967 27506426 941 0 6 34
968 27506426 941 7 8 6
969 27517355 944 8 1 104
970 27523228 946 7 9 37
971 27562342 948 5 7 73
972 27562342 948 1 4 16
973 27572986 949 6 4 3132
974 27610863 950 9 8 7
975 27615311 951 2 8 158
976 27745720 961 10 5 343
977 27745720 961 6 5 2407
978 28046022 967 6 5 7
979 28046022 967 0 0 9
980 28046022 967 0 5 43
981 28046022 967 1 0 9
982 28046022 967 5 2 15
983 28046022 967 5 0 9
984 28046022 967 7 6 3080
985 28136027 972 10 1 225
986 28213059 973 2 1 4
987 28213059 973 2 5 1938
988 28213059 973 2 2 3
989 28213059 973 0 9 112
990 28213059 973 2 7 85545
991 28314350 989 8 5 56
992 28314350 989 7 5 56
993 28362726 993 4 4 210
994 28362726 993 4 5 84
995 28425459 994 5 5 16
996 28425459 994 4 4 38
997 28425459 994 3 1 1
998 28425459 994 5 4 38
999 28451068 997 6 3 22
