11 346 1000
0 17217 0 9 4 103
1 17217 0 1 8 28
2 65710 3 10 10 1871
3 65710 3 10 6 2558
4 76059 4 6 8 9
5 120112 9 1 9 7
6 120112 9 7 7 39
7 168617 13 5 1 530
8 168617 13 5 5 13
9 168617 13 3 5 41
10 220596 17 10 3 93
11 220596 17 10 2 1578
12 220596 17 5 4 12
13 220596 17 9 10 1
14 220596 17 10 1 44
15 220596 17 1 10 1
16 220596 17 9 7 5
17 230164 18 1 10 164
18 230164 18 1 1 13067
19 236614 20 4 8 333
20 258936 21 4 8 86
21 258936 21 3 5 18
22 304772 29 2 1 11
23 304772 29 10 9 5
24 304772 29 2 6 2425
25 304772 29 10 5 56
26 304772 29 2 2 8778
27 313047 31 1 7 4140
28 313047 31 4 7 4140
29 313047 31 4 6 1
30 313047 31 3 6 1
31 316447 32 0 4 14
32 316447 32 6 4 72
33 333713 37 3 0 25
34 349581 39 0 5 34
35 349581 39 4 5 6
36 372122 44 1 4 29
37 372122 44 1 2 89
38 373745 45 6 6 1063
39 374246 46 5 10 186
40 491538 51 7 7 5
41 491538 51 2 5 8
42 491538 51 10 9 1
43 491538 51 5 5 8
44 491538 51 10 6 1
45 491538 51 0 10 1
46 491538 51 0 5 33
47 491538 51 0 3 107
48 491538 51 3 10 1
49 491538 51 3 5 8
50 491538 51 10 7 5
51 491538 51 8 0 21
52 492315 52 9 4 249
53 494410 54 0 10 4501
54 494595 55 0 9 3923
55 503415 58 8 2 1566
56 503415 58 1 2 7830
57 554637 59 2 0 6
58 554637 59 2 3 5
59 583979 66 0 2 233
60 588458 68 4 4 13
61 588458 68 2 4 1
62 607051 70 8 8 21
63 622504 72 6 8 12198
64 622504 72 6 1 5
65 687583 75 4 8 1
66 687583 75 0 9 1
67 687583 75 10 6 14
68 687583 75 6 0 11
69 687583 75 5 1 5916
70 687583 75 9 4 1
71 687583 75 7 10 7
72 687583 75 10 9 1
73 687583 75 4 2 7002
74 687583 75 10 5 1270
75 687583 75 10 4 3
76 687583 75 3 1 591
77 687583 75 9 10 7
78 698171 78 6 1 47
79 790540 84 4 5 4
80 790540 84 7 4 5
81 790540 84 2 4 5
82 790540 84 2 6 2
83 790540 84 10 10 2
84 790540 84 7 1 8
85 790540 84 10 0 7
86 790540 84 4 7 21
87 790540 84 2 9 84
88 790540 84 10 2 77
89 790540 84 4 10 2
90 790540 84 7 10 95
91 811912 89 7 10 53
92 811912 89 7 7 1448
93 813403 90 8 3 184
94 834654 94 6 5 756
95 899510 99 7 0 1829
96 899510 99 7 7 12
97 899510 99 7 5 5
98 899510 99 7 4 28
99 899510 99 7 1 40
100 899510 99 0 0 203
101 981309 102 8 6 31
102 981309 102 0 1 3
103 981309 102 0 2 483
104 981309 102 0 0 35
105 981309 102 1 9 9
106 981309 102 3 8 29219
107 997929 106 4 9 39149
108 1035680 108 3 0 226
109 1035680 108 7 0 3619
110 1040674 110 3 8 100
111 1040674 110 3 9 116
112 1040893 111 4 0 2184
113 1055742 116 2 3 15961
114 1077912 118 4 2 2
115 1081766 122 6 1 49
116 1088192 124 9 3 28
117 1088517 125 0 2 16
118 1112445 127 0 4 115
119 1125731 132 5 0 21
120 1154278 136 8 8 31
121 1154278 136 1 5 496
122 1220138 137 1 10 222
123 1220138 137 10 7 3
124 1220138 137 1 6 2
125 1220138 137 10 10 222
126 1220138 137 5 2 21
127 1220138 137 9 8 4
128 1220138 137 2 3 9
129 1220138 137 7 10 1559
130 1220138 137 6 0 4
131 1220138 137 7 3 9
132 1240284 143 0 8 4
133 1240284 143 0 10 7810
134 1257865 146 6 3 72
135 1262891 149 7 7 229
136 1272505 150 2 2 69
137 1347536 154 6 6 690
138 1347536 154 9 3 28
139 1347536 154 9 7 1284
140 1347536 154 0 6 115
141 1347536 154 1 6 460
142 1347536 154 5 0 2
143 1347536 154 4 1 16
144 1347536 154 9 5 69
145 1431846 160 9 10 57
146 1431846 160 0 10 5
147 1431846 160 8 4 9
148 1431846 160 1 7 1
149 1431846 160 6 10 5
150 1431846 160 4 6 5
151 1431846 160 4 10 11
152 1431846 160 1 6 2
153 1431846 160 7 5 5
154 1431846 160 5 2 210
155 1431846 160 3 2 843
156 1460481 162 10 4 15
157 1460481 162 7 0 3799
158 1460481 162 5 10 5
159 1460481 162 3 6 14
160 1473965 165 0 5 110
161 1490092 170 3 4 341
162 1497122 172 4 10 18
163 1511060 174 6 2 19
164 1511060 174 9 2 9
165 1511060 174 1 3 36
166 1511060 174 7 7 14
167 1539368 177 0 0 89
168 1539368 177 0 2 189
169 1539368 177 0 9 9
170 1539368 177 0 7 35
171 1539368 177 0 8 1073
172 1539368 177 3 0 359
173 1546810 183 4 0 35
174 1559120 187 9 9 71
175 1559868 188 4 10 27
176 1577586 192 3 4 9
177 1577586 192 3 2 14
178 1577586 192 3 6 110
179 1579651 194 5 3 4
180 1582243 196 9 4 86
181 1642546 198 2 10 7
182 1642546 198 0 0 5
183 1642546 198 9 5 1
184 1642546 198 5 0 5
185 1642546 198 1 8 11
186 1642546 198 4 10 7
187 1667315 203 7 5 4342
188 1672622 206 3 6 88
189 1701077 210 2 3 1
190 1701077 210 6 3 1
191 1701077 210 1 3 1
192 1701077 210 7 3 1
193 1704215 212 2 6 14
194 1716500 218 1 2 17074
195 1763285 229 6 5 19
196 1763285 229 0 8 118
197 1763285 229 6 4 17
198 1763285 229 2 0 31
199 1763285 229 6 0 10
200 1763285 229 2 9 74
201 1763285 229 0 10 5
202 1799305 230 8 1 46
203 1799305 230 8 8 135
204 1799305 230 3 6 6
205 1799305 230 0 8 16
206 1799305 230 0 0 2
207 1799305 230 3 5 3
208 1799305 230 3 8 33
209 1799305 230 8 9 29
210 1802169 231 0 6 2
211 1802169 231 7 6 2
212 1805015 232 6 5 18
213 1869128 233 1 2 4
214 1869128 233 6 1 4
215 1869128 233 3 2 4
216 1869128 233 1 6 6
217 1900430 237 4 1 55
218 1900430 237 4 4 4
219 1912269 239 0 1 9
220 1984125 241 6 7 6
221 1984125 241 4 7 12
222 1984125 241 6 1 6
223 1984125 241 4 3 1
224 1984125 241 6 9 1226
225 1984125 241 4 8 1
226 1984125 241 1 6 48
227 1984125 241 3 0 9
228 1984125 241 9 10 1014
229 1984125 241 1 7 12
230 1984125 241 6 8 1
231 1984674 243 10 1 22
232 1993776 248 1 4 194
233 1996750 251 2 5 87
234 2002131 256 4 0 18
235 2038683 259 4 1 891
236 2038683 259 6 0 14
237 2038683 259 10 0 14
238 2038683 259 4 0 14
239 2038683 259 3 8 4050
240 2038830 260 0 8 471
241 2118019 262 9 5 7
242 2118019 262 4 4 12
243 2118019 262 2 1 30
244 2118019 262 3 5 2
245 2118019 262 2 8 7
246 2118019 262 3 1 30
247 2118019 262 8 9 15
248 2118019 262 3 4 1
249 2118019 262 8 8 7
250 2118019 262 8 4 11
251 2118019 262 0 8 21
252 2127941 263 4 10 1524
253 2127941 263 9 10 1524
254 2136186 268 9 0 17
255 2145034 269 4 6 99
256 2158395 277 2 7 3263
257 2172133 282 8 10 44
258 2172133 282 8 0 16296
259 2172133 282 8 9 41
260 2184473 286 10 1 210
261 2308595 287 9 9 1
262 2308595 287 9 3 5
263 2308595 287 6 5 4
264 2308595 287 4 3 11
265 2308595 287 10 0 1
266 2308595 287 0 0 3
267 2308595 287 6 2 3
268 2308595 287 0 1 6
269 2308595 287 4 6 24
270 2308595 287 2 0 3
271 2308595 287 5 9 1
272 2355239 291 3 6 409
273 2355239 291 7 2 3435
274 2355239 291 8 2 34357
275 2355239 291 10 6 1228
276 2355239 291 5 8 8
277 2355239 291 9 5 25
278 2355239 291 8 6 409
279 2397995 292 2 6 13
280 2397995 292 10 8 3054
281 2397995 292 4 9 176
282 2427455 298 1 7 60
283 2427455 298 9 9 5
284 2427455 298 9 1 12
285 2427455 298 9 8 8519
286 2427455 298 1 2 37
287 2427455 298 9 0 21
288 2427455 298 1 6 844
289 2429200 299 9 6 1644
290 2432378 301 1 6 4864
291 2480768 303 10 7 33
292 2480768 303 0 6 397
293 2480768 303 10 6 397
294 2510202 304 3 2 24
295 2510202 304 2 10 977
296 2528426 308 6 5 6089
297 2528426 308 6 0 160
298 2533286 310 0 1 221
299 2533286 310 10 7 73
300 2541502 311 0 10 19
301 2541502 311 3 10 57
302 2611946 317 6 4 10
303 2611946 317 1 9 27
304 2611946 317 1 3 109
305 2611946 317 5 2 565
306 2614300 318 2 7 11
307 2616631 319 7 10 78
308 2618727 322 7 5 121
309 2636128 324 9 9 47
310 2644230 327 3 3 686
311 2673872 328 3 0 1
312 2673872 328 4 3 1
313 2675774 329 2 7 8
314 2684820 330 0 10 1364
315 2685639 333 3 5 304
316 2686710 334 6 9 105
317 2693798 335 1 1 17
318 2703425 337 4 8 4762
319 2723227 339 5 10 8843
320 2723227 339 0 5 190
321 2723227 339 9 3 1290
322 2723227 339 10 2 2880
323 2723227 339 1 7 15
324 2723227 339 1 5 856
325 2723227 339 7 5 95
326 2753249 340 2 4 1
327 2753249 340 7 1 11
328 2753249 340 9 7 2998
329 2753249 340 3 2 3
330 2753249 340 9 1 3
331 2756198 341 10 2 91
332 2758378 342 7 4 33
333 2766467 345 7 3 13
334 2774628 349 6 6 8522
335 2789848 353 0 9 9
336 2789848 353 0 4 219
337 2807190 361 6 9 119
338 2814141 362 1 2 1
339 2872409 370 8 3 10
340 2872409 370 4 9 46
341 2877287 373 6 3 66
342 2877730 374 7 10 23
343 2904539 382 4 0 30
344 2904539 382 8 0 15
345 2905329 384 6 2 220
346 2910912 386 8 3 1952
347 2934910 388 0 7 60
348 3004774 390 2 3 596
349 3004774 390 7 9 1924
350 3004774 390 7 6 114
351 3004774 390 4 7 3
352 3004774 390 10 3 596
353 3004774 390 4 5 20
354 3029681 392 7 4 427
355 3029681 392 7 5 1283
356 3029681 392 9 2 352
357 3032903 393 2 1 46
358 3118626 395 7 8 33
359 3118626 395 4 1 1
360 3118626 395 10 3 10
361 3118626 395 9 10 10
362 3118626 395 10 2 2
363 3118626 395 2 4 1
364 3118626 395 6 5 177
365 3118626 395 8 5 177
366 3118626 395 0 1 6
367 3124746 396 3 1 405
368 3126961 398 3 9 12
369 3164763 402 9 7 35
370 3164763 402 9 8 34
371 3164763 402 9 9 42
372 3170400 405 8 5 15
373 3176060 406 7 10 612
374 3176060 406 8 0 35
375 3248611 409 10 4 4
376 3248611 409 8 9 15
377 3248611 409 8 1 542
378 3248611 409 6 3 65
379 3248611 409 10 10 10
380 3248611 409 1 6 1
381 3248611 409 10 3 1
382 3248611 409 1 3 7
383 3248611 409 10 1 542
384 3248611 409 5 6 1
385 3281243 413 2 0 144
386 3281243 413 9 10 29
387 3281243 413 2 4 4707
388 3293752 420 7 8 9
389 3293752 420 5 8 36
390 3307451 422 8 7 4
391 3427112 428 9 3 3
392 3427112 428 2 8 2
393 3427112 428 0 8 7
394 3427112 428 5 9 3
395 3427112 428 6 9 1
396 3427112 428 7 10 4
397 3427112 428 0 5 822
398 3427112 428 0 1 668
399 3427112 428 0 9 1
400 3427112 428 2 10 25
401 3427112 428 4 5 822
402 3427112 428 7 6 2
403 3427112 428 2 9 5
404 3427112 428 0 6 1
405 3427112 428 3 3 3
406 3427112 428 8 0 4
407 3427112 428 9 10 4
408 3427112 428 2 4 1
409 3427112 428 1 5 822
410 3427112 428 5 4 1
411 3427112 428 3 6 1
412 3427112 428 5 5 822
413 3487038 430 1 1 2103
414 3487038 430 2 8 2
415 3487038 430 4 7 17
416 3487038 430 9 4 67
417 3487038 430 3 8 1
418 3487038 430 9 10 15
419 3487038 430 0 1 1051
420 3487038 430 5 7 17
421 3487038 430 0 8 2
422 3487038 430 3 4 7
423 3487038 430 10 1 1051
424 3487038 430 5 4 3
425 3487038 430 4 4 3
426 3509530 440 6 3 60
427 3510867 441 7 3 52
428 3515748 443 6 3 83
429 3515748 443 6 10 95
430 3515748 443 6 8 4
431 3523172 445 8 6 2
432 3528416 449 9 6 39058
433 3585807 457 7 7 1
434 3585807 457 1 5 64
435 3585807 457 1 4 1
436 3585807 457 10 3 44
437 3585807 457 0 9 13
438 3590865 458 2 4 1978
439 3654832 461 5 6 122
440 3654832 461 10 7 1
441 3654832 461 3 0 16
442 3658839 463 2 0 60
443 3806414 466 4 9 8
444 3806414 466 10 1 2
445 3806414 466 0 7 1
446 3806414 466 6 3 1801
447 3806414 466 5 8 1
448 3806414 466 8 6 4
449 3806414 466 9 2 50
450 3806414 466 8 4 217
451 3806414 466 4 6 4
452 3806414 466 6 7 1
453 3806414 466 3 9 4
454 3806414 466 4 7 1
455 3806414 466 8 0 7
456 3806414 466 4 4 434
457 3842367 467 9 0 3875
458 3842367 467 2 7 5
459 3842367 467 6 8 7
460 3852236 468 7 10 33231
461 3872784 472 0 0 7
462 3872784 472 7 0 7
463 3913509 473 9 8 52
464 3913509 473 5 2 23
465 3913509 473 3 8 52
466 3913509 473 7 3 14
467 3913509 473 0 8 1669
468 4039620 475 7 6 37
469 4039620 475 3 2 1
470 4039620 475 2 4 8
471 4039620 475 3 8 2
472 4039620 475 8 10 5
473 4039620 475 10 9 10
474 4039620 475 2 0 1
475 4039620 475 10 0 1
476 4039620 475 8 4 1
477 4039620 475 3 10 5
478 4039620 475 1 2 13
479 4039620 475 7 0 1
480 4039620 475 2 1 3
481 4039620 475 2 3 1
482 4039620 475 10 3 4
483 4039620 475 2 5 2
484 4039620 475 1 3 23
485 4053211 477 2 8 74
486 4053211 477 2 4 41
487 4053211 477 2 5 349
488 4071520 483 2 10 40
489 4086866 487 5 4 344
490 4086866 487 5 6 23
491 4102788 489 0 0 785
492 4102788 489 3 8 69
493 4102788 489 2 4 48
494 4102788 489 0 4 48
495 4102788 489 9 8 8
496 4106522 491 10 10 39
497 4230576 498 10 5 175
498 4230576 498 10 2 4
499 4230576 498 10 3 4
500 4230576 498 8 7 7
501 4230576 498 4 3 1
502 4230576 498 5 5 702
503 4230576 498 4 7 7
504 4230576 498 9 8 514
505 4230576 498 8 8 514
506 4230576 498 7 6 1
507 4230576 498 5 3 1
508 4230576 498 3 4 50
509 4230576 498 5 9 1
510 4230576 498 9 7 44
511 4230576 498 3 6 1
512 4240381 499 7 4 225
513 4240381 499 7 8 324
514 4249831 504 0 9 148
515 4249831 504 0 10 30
516 4250723 505 0 7 64
517 4317903 507 1 7 72
518 4317903 507 9 8 13
519 4317903 507 9 2 5
520 4317903 507 2 2 28
521 4317903 507 2 1 1
522 4317903 507 3 0 15
523 4317903 507 5 6 3
524 4317903 507 9 7 72
525 4317903 507 0 3 2
526 4317903 507 10 4 1429
527 4317903 507 6 7 800
528 4344640 510 7 9 1
529 4344640 510 7 7 2681
530 4415869 513 2 7 5
531 4415869 513 0 8 6059
532 4415869 513 5 4 300
533 4415869 513 7 0 1
534 4415869 513 6 7 11
535 4431400 518 8 8 52
536 4447004 529 2 9 374
537 4447799 530 3 10 50
538 4450712 533 4 4 779
539 4452621 534 3 4 114
540 4462637 535 4 7 6
541 4496022 547 4 5 7822
542 4496022 547 4 8 25
543 4507679 550 3 6 6
544 4507679 550 7 6 6
545 4530115 553 2 2 3
546 4653197 555 9 2 1752
547 4653197 555 8 2 876
548 4653197 555 2 3 202
549 4653197 555 8 3 1620
550 4653197 555 2 7 3
551 4653197 555 0 6 47
552 4653197 555 1 7 14
553 4653197 555 9 9 30
554 4653197 555 4 10 197
555 4653197 555 4 6 47
556 4653197 555 10 1 95
557 4653197 555 9 0 1
558 4653197 555 3 0 2
559 4653197 555 7 9 2
560 4653197 555 9 5 1
561 4653197 555 2 8 7
562 4698172 556 9 5 3164
563 4698172 556 0 4 4
564 4698172 556 9 7 110
565 4698172 556 5 4 4
566 4698172 556 0 8 655
567 4708486 557 3 10 162
568 4721280 558 1 4 2269
569 4721280 558 1 0 204
570 4721280 558 1 6 81
571 4741713 562 10 3 1378
572 4753631 563 10 10 127
573 4753631 563 10 8 1666
574 4762926 565 1 6 430
575 4762926 565 1 1 233
576 4763506 567 1 5 9237
577 4763775 568 8 2 137
578 4812217 569 9 1 1
579 4812217 569 3 1 1
580 4812217 569 9 6 87
581 4812217 569 2 9 2
582 4812217 569 8 6 1
583 4812217 569 4 8 1
584 4812217 569 6 10 12
585 4812217 569 6 2 170
586 4812217 569 0 7 1
587 4812217 569 6 3 21
588 4812217 569 10 10 49
589 4813412 572 8 0 9018
590 4824290 575 1 8 15
591 4861143 576 0 4 74
592 4861143 576 0 1 1
593 4861143 576 1 6 4
594 4861143 576 6 3 30
595 4861143 576 6 1 1
596 4862411 577 8 0 1169
597 4868886 580 0 8 233
598 4901066 583 6 0 11861
599 4902719 586 8 1 1762
600 4912018 588 4 3 51
601 4912018 588 4 1 168
602 4920676 591 4 1 2
603 4920676 591 5 10 34
604 4970566 602 6 5 30
605 4970566 602 8 9 57
606 4970566 602 6 3 169
607 4986833 606 10 1 70
608 4986833 606 10 5 1333
609 4990407 610 2 3 27
610 5002056 611 8 2 17
611 5002056 611 5 6 4930
612 5110164 612 2 3 1
613 5110164 612 6 1 13
614 5110164 612 7 5 120
615 5110164 612 9 7 2539
616 5110164 612 5 4 80
617 5110164 612 5 0 214
618 5110164 612 10 7 2539
619 5110164 612 3 1 6
620 5110164 612 9 2 1346
621 5110164 612 6 8 17
622 5110164 612 8 4 26
623 5110164 612 2 7 2539
624 5110164 612 10 8 26
625 5110164 612 3 8 8
626 5110164 612 8 3 1
627 5110164 612 1 5 120
628 5110164 612 8 1 13
629 5110164 612 0 2 897
630 5221376 616 3 2 3
631 5221376 616 4 1 1
632 5221376 616 10 10 1709
633 5221376 616 5 4 3
634 5221376 616 6 3 145
635 5221376 616 8 6 36
636 5221376 616 1 3 20
637 5221376 616 0 4 1
638 5221376 616 4 2 11
639 5223323 617 3 9 85
640 5223323 617 4 2 116
641 5238992 621 2 8 37
642 5241897 624 0 5 2839
643 5241897 624 1 5 2839
644 5242771 625 2 0 34
645 5256245 626 2 10 96
646 5270718 628 1 2 47
647 5270718 628 1 5 389
648 5271316 629 5 8 164
649 5281675 631 2 6 351
650 5307209 633 5 1 368
651 5312073 634 7 1 38
652 5318373 635 5 2 135
653 5318373 635 5 4 37
654 5318373 635 5 5 334
655 5318373 635 5 1 1250
656 5319723 636 6 5 1003
657 5324894 637 0 10 8
658 5333512 642 9 1 5170
659 5396213 644 6 1 6
660 5396213 644 9 10 2
661 5396213 644 10 1 6
662 5396213 644 9 1 6
663 5396213 644 3 10 1
664 5396213 644 2 8 1817
665 5396213 644 4 3 21
666 5400977 648 9 2 178
667 5416996 661 9 0 13
668 5417082 663 1 1 14315
669 5419094 665 8 8 45
670 5426858 668 5 7 18
671 5426858 668 5 5 82
672 5427724 670 5 9 92
673 5512887 671 8 1 238
674 5512887 671 10 0 1
675 5512887 671 4 2 13
676 5512887 671 2 9 68
677 5512887 671 6 7 1
678 5512887 671 6 2 6
679 5530059 675 2 1 64
680 5530059 675 2 5 29
681 5538938 678 6 4 18
682 5617261 683 10 5 1
683 5617261 683 7 3 29
684 5617261 683 9 6 10
685 5617261 683 4 4 3833
686 5617261 683 3 6 31
687 5617261 683 5 9 15
688 5617261 683 2 5 1
689 5617261 683 3 2 4582
690 5623318 687 7 5 2915
691 5672494 690 8 10 16
692 5672494 690 0 9 34
693 5672494 690 4 2 11
694 5673988 691 8 2 24
695 5673988 691 2 2 49
696 5702471 692 7 4 19
697 5702471 692 6 1 96
698 5712156 693 8 4 80
699 5847249 695 0 2 793
700 5847249 695 1 2 1587
701 5847249 695 10 5 7
702 5847249 695 1 0 42
703 5847249 695 8 9 214
704 5847249 695 4 1 41
705 5847249 695 2 6 1
706 5847249 695 1 7 1
707 5847249 695 4 2 1587
708 5847249 695 5 2 793
709 5847249 695 9 9 214
710 5847249 695 2 10 1
711 5847249 695 7 3 4
712 5847249 695 3 9 214
713 5883575 698 10 4 89
714 5883575 698 10 7 2
715 5883575 698 10 6 20
716 5883575 698 5 2 25
717 5883575 698 10 9 66
718 5899895 701 3 9 1
719 5899895 701 6 9 1
720 5926372 702 3 9 43
721 5926372 702 3 5 112
722 5926372 702 4 1 5
723 5926372 702 4 8 11
724 5926372 702 4 7 81
725 5953093 703 9 5 40
726 5953093 703 2 4 57
727 5957547 706 5 7 40
728 5975627 710 3 4 1221
729 5975627 710 3 1 44
730 5975627 710 3 7 220
731 5986125 713 0 6 9483
732 5991278 714 2 2 9758
733 6045875 718 7 9 31
734 6045875 718 3 10 5
735 6045875 718 7 1 13
736 6045875 718 2 7 23
737 6045875 718 3 1 85
738 6045875 718 2 9 31
739 6069720 723 6 10 11
740 6078832 724 6 9 286
741 6078832 724 6 6 2
742 6078832 724 6 8 63
743 6090721 727 2 5 14
744 6096713 731 3 10 2
745 6127121 732 9 6 4
746 6127121 732 0 3 15
747 6127121 732 4 6 4
748 6158275 735 9 7 1348
749 6158275 735 6 5 36
750 6158275 735 6 7 1348
751 6160411 736 2 6 1770
752 6168179 737 10 0 88
753 6180159 739 10 6 35
754 6180159 739 10 7 96
755 6251668 741 4 10 8
756 6251668 741 10 7 2
757 6251668 741 3 0 544
758 6251668 741 7 7 2
759 6251668 741 2 5 11
760 6251668 741 9 7 2
761 6251668 741 1 4 3198
762 6251668 741 9 4 33
763 6280029 749 9 5 1
764 6342904 751 10 2 15409
765 6342904 751 3 8 1
766 6342904 751 8 2 2628
767 6342904 751 4 4 54
768 6342904 751 2 2 119
769 6342904 751 7 3 970
770 6342904 751 2 6 55
771 6342904 751 10 6 950
772 6387940 757 7 5 578
773 6387940 757 3 0 7
774 6392395 759 9 3 11
775 6397763 761 4 5 45
776 6399200 762 4 1 36
777 6401517 765 9 0 12661
778 6438547 766 5 7 7
779 6441201 767 10 8 62
780 6466238 768 0 9 352
781 6466238 768 0 7 2
782 6491554 778 4 9 7
783 6499739 780 1 5 14
784 6499739 780 2 5 4
785 6499739 780 0 5 4
786 6504879 783 7 10 8
787 6505104 784 4 10 191
788 6518620 792 0 8 118
789 6532223 798 4 1 2953
790 6536652 803 8 3 11335
791 6546535 804 4 6 21
792 6557464 812 1 5 1916
793 6558093 814 1 3 170
794 6566703 815 4 9 128
795 6566703 815 6 10 1677
796 6700820 822 7 0 1
797 6700820 822 10 2 3
798 6700820 822 3 2 3
799 6700820 822 10 0 1
800 6700820 822 1 10 1
801 6700820 822 5 9 3
802 6700820 822 5 2 3
803 6700820 822 8 3 13
804 6700820 822 8 10 3
805 6700820 822 9 10 1
806 6700820 822 4 2 9
807 6700820 822 3 0 7
808 6700820 822 0 0 1
809 6700820 822 6 5 26
810 6799086 823 2 9 1
811 6799086 823 5 5 2996
812 6799086 823 3 6 282
813 6799086 823 3 7 3756
814 6799086 823 3 1 969
815 6799086 823 5 9 1
816 6799086 823 8 3 9
817 6799086 823 1 0 8
818 6830230 825 7 2 27
819 6830230 825 0 0 3
820 6834924 828 6 0 60
821 6847891 830 2 2 63
822 6847891 830 3 5 172
823 6847891 830 3 9 16
824 6847891 830 1 5 5
825 6870485 833 7 1 62
826 6870485 833 7 9 12629
827 6884926 834 2 10 700
828 6884926 834 7 0 177
829 6884926 834 9 4 61
830 6891921 838 5 0 8530
831 6907888 842 1 2 12
832 6907888 842 1 9 9530
833 6909950 843 9 3 39
834 6913822 844 1 9 851
835 6913822 844 7 9 283
836 6926943 846 5 2 142
837 6926943 846 5 0 54
838 6936426 855 2 0 234
839 6949990 857 9 10 21849
840 6949990 857 9 0 2932
841 6949990 857 9 7 83
842 6960722 859 6 3 63
843 6981098 863 6 10 99
844 7047713 864 3 4 5
845 7047713 864 1 9 35
846 7047713 864 10 9 35
847 7047713 864 1 7 4
848 7047713 864 10 7 1
849 7047713 864 2 6 4
850 7047713 864 0 4 17
851 7047713 864 7 0 3618
852 7065532 871 5 8 758
853 7069924 872 6 10 5
854 7088971 875 4 7 9
855 7091243 876 1 3 18
856 7100687 881 6 2 1685
857 7100687 881 10 2 1685
858 7100687 881 5 2 2247
859 7101056 882 9 2 223
860 7155306 886 6 6 555
861 7155306 886 4 6 555
862 7155306 886 2 6 1111
863 7155306 886 8 1 11
864 7155306 886 10 1 11
865 7155306 886 9 0 14
866 7155306 886 2 7 4
867 7155306 886 8 0 29
868 7155306 886 6 4 1
869 7168747 890 8 10 13
870 7219027 894 2 4 56
871 7219027 894 7 5 4
872 7219027 894 3 3 6
873 7219027 894 0 9 35
874 7219027 894 3 9 35
875 7219027 894 3 1 19
876 7222656 895 7 9 9
877 7250275 896 1 10 33
878 7250275 896 1 0 15751
879 7250275 896 4 2 38
880 7265135 899 6 10 114
881 7265135 899 6 3 108
882 7273615 901 3 2 517
883 7273615 901 6 2 30
884 7289703 903 1 5 36
885 7297620 905 7 8 95
886 7299702 906 8 8 271
887 7322134 907 2 10 6
888 7322134 907 2 8 156
889 7322134 907 4 5 207
890 7322134 907 4 7 6019
891 7322757 908 1 0 165
892 7332719 909 9 4 1528
893 7343384 911 1 0 682
894 7355247 913 4 2 19
895 7364267 916 0 3 49
896 7367990 917 3 9 3
897 7368601 918 0 1 124
898 7368601 918 1 8 100
899 7381046 920 6 9 28
900 7381046 920 2 8 655
901 7395920 924 10 6 1
902 7396281 925 1 0 92
903 7411201 926 7 1 61
904 7413478 928 7 10 102
905 7535600 929 6 2 42
906 7535600 929 10 0 10
907 7535600 929 7 1 18
908 7535600 929 4 2 4
909 7535600 929 0 6 54
910 7535600 929 3 10 1
911 7535600 929 7 4 878
912 7535600 929 2 8 4
913 7535600 929 9 6 381
914 7535600 929 2 0 2
915 7535600 929 0 3 6
916 7535600 929 4 5 227
917 7535600 929 6 0 655
918 7535600 929 2 3 13
919 7535600 929 0 1 2
920 7535600 929 4 3 3
921 7535600 929 1 9 8
922 7607970 930 6 8 928
923 7607970 930 9 6 172
924 7607970 930 5 9 71
925 7607970 930 0 6 26
926 7607970 930 6 4 15609
927 7607970 930 3 5 22
928 7607970 930 3 4 7804
929 7607970 930 3 2 29
930 7673326 931 6 6 8
931 7673326 931 3 4 2727
932 7673326 931 2 3 24
933 7673326 931 6 10 225
934 7673326 931 10 9 2119
935 7673326 931 10 8 16
936 7673326 931 10 2 1607
937 7673326 931 2 8 4
938 7673326 931 2 2 1607
939 7673326 931 10 5 349
940 7716573 932 4 6 4
941 7716573 932 8 3 9
942 7716573 932 1 0 4
943 7716573 932 3 1 779
944 7716573 932 7 9 9
945 7716573 932 10 8 6
946 7716573 932 9 4 6
947 7716573 932 10 2 1805
948 7716573 932 8 0 2
949 7716573 932 5 0 2
950 7716573 932 7 2 3611
951 7723991 935 5 1 1573
952 7736110 939 9 9 59
953 7743090 940 0 1 55
954 7858979 941 1 1 1248
955 7858979 941 5 8 1
956 7858979 941 4 2 10
957 7858979 941 7 0 16
958 7858979 941 4 9 3916
959 7858979 941 3 0 5
960 7858979 941 2 8 2
961 7858979 941 10 10 36
962 7858979 941 4 8 1
963 7858979 941 8 0 5
964 7858979 941 4 3 4
965 7858979 941 7 9 1305
966 7858979 941 9 7 1
967 7858979 941 5 3 8
968 7858979 941 10 2 2
969 7858979 941 0 7 1
970 7858979 941 6 2 5
971 7858979 941 7 10 36
972 7874954 948 1 6 11083
973 7877996 949 6 4 3132
974 7898978 957 4 9 17
975 7915344 959 10 0 127
976 7915344 959 10 9 43
977 7927348 961 1 5 343
978 7927348 961 2 5 687
979 8013149 967 1 5 7
980 8013149 967 7 6 3080
981 8013149 967 5 10 13
982 8013149 967 1 2 15
983 8013149 967 5 8 44
984 8013149 967 6 0 19
985 8013149 967 0 6 9242
986 8013149 967 1 6 3080
987 8013149 967 5 9 2
988 8013149 967 5 3 4
989 8060874 973 2 3 1
990 8060874 973 2 4 10
991 8060874 973 0 6 19
992 8064256 975 6 8 1
993 8074998 979 0 1 41
994 8121559 994 10 0 3
995 8121559 994 5 4 38
996 8121559 994 9 0 3
997 8121559 994 1 1 1
998 8124830 995 5 6 518
999 8128876 997 6 3 22
