11 338 1000
0 40173 0 9 0 1
1 40173 0 9 4 103
2 40173 0 9 2 76
3 40173 0 9 5 6
4 40897 1 9 1 33309
5 153323 3 5 0 2396
6 153323 3 5 5 113
7 153323 3 9 6 284
8 153323 3 10 8 592
9 202904 8 10 0 624
10 280263 9 7 2 19
11 280263 9 1 4 2
12 280263 9 7 0 7
13 280263 9 4 6 70
14 280263 9 7 6 23
15 280263 9 1 5 35
16 280263 9 4 5 248
17 280263 9 4 7 39
18 280263 9 7 8 2
19 280263 9 1 2 19
20 280263 9 4 2 98
21 297382 10 5 1 870
22 297382 10 8 1 870
23 393441 13 1 1 265
24 393441 13 7 8 3
25 393441 13 10 1 1591
26 393441 13 5 4 340
27 406810 16 2 4 209
28 514725 17 0 10 1
29 514725 17 0 2 526
30 514725 17 1 7 17
31 514725 17 9 9 658
32 514725 17 10 2 1578
33 537049 18 1 6 36
34 537049 18 1 3 19564
35 604186 21 3 8 86
36 604186 21 4 5 18
37 616424 23 8 10 4218
38 627878 25 3 0 5933
39 653608 28 0 8 53
40 711136 29 2 0 72
41 711136 29 10 8 170
42 711136 29 2 4 83
43 778664 37 3 9 6321
44 778664 37 0 10 4
45 778664 37 0 9 2107
46 815689 39 0 5 34
47 823934 40 0 1 119
48 848666 41 10 1 3192
49 868286 44 1 5 455
50 868286 44 1 9 19650
51 877862 48 10 8 53
52 878405 49 5 3 10203
53 906472 50 9 0 44
54 906472 50 2 3 14
55 1146922 51 2 5 8
56 1146922 51 7 9 1
57 1146922 51 9 2 5
58 1146922 51 3 9 1
59 1146922 51 2 2 5
60 1146922 51 2 9 1
61 1146922 51 8 8 1
62 1174636 58 1 2 7830
63 1294154 59 2 4 8
64 1294154 59 5 7 26
65 1294154 59 2 10 3
66 1294154 59 8 0 4
67 1294154 59 2 9 18
68 1318149 61 7 2 24
69 1362618 66 0 0 2
70 1362637 67 1 7 10
71 1452511 72 6 3 18
72 1452511 72 6 4 12101
73 1604362 75 0 8 1
74 1604362 75 8 1 4733
75 1604362 75 9 10 7
76 1604362 75 9 9 33
77 1604362 75 8 5 115
78 1604362 75 1 2 778
79 1604362 75 7 10 7
80 1604362 75 0 5 115
81 1624030 77 7 4 21
82 1624030 77 10 4 31
83 1844595 84 7 4 5
84 1844595 84 3 2 308
85 1844595 84 4 0 7
86 1844595 84 10 10 2
87 1844595 84 2 2 231
88 1844595 84 2 1 8
89 1844595 84 10 5 4
90 1844595 84 10 6 1
91 1894463 89 7 6 1461
92 1894463 89 7 2 266
93 1929998 93 7 10 67
94 1947526 94 10 5 756
95 1947526 94 4 5 1513
96 1987506 97 6 9 1843
97 1987849 98 10 1 117
98 2098858 99 0 2 19
99 2098858 99 0 6 10
100 2098858 99 0 7 38
101 2104461 101 10 8 35
102 2289721 102 4 5 14
103 2289721 102 2 2 483
104 2289721 102 8 3 17
105 2289721 102 2 3 17
106 2289721 102 8 6 31
107 2289721 102 6 8 14609
108 2289721 102 5 7 2
109 2323049 104 4 0 1
110 2323049 104 4 6 5599
111 2323049 104 4 8 216
112 2323049 104 4 3 2306
113 2416587 108 0 2 1
114 2416587 108 6 4 68
115 2416587 108 5 3 13
116 2416587 108 8 0 226
117 2416587 108 2 0 226
118 2416587 108 7 0 3619
119 2435320 112 3 1 5
120 2438364 114 6 9 34
121 2463398 116 2 4 113
122 2487130 117 0 8 56
123 2487130 117 0 1 35
124 2515129 118 5 7 55
125 2529051 123 10 10 32
126 2539116 124 7 3 7
127 2547386 126 3 0 39
128 2595705 127 0 1 237
129 2595705 127 0 2 9547
130 2598540 128 2 0 5
131 2626707 132 8 1 6
132 2626707 132 5 1 6
133 2645219 134 1 6 1980
134 2645219 134 8 9 76
135 2846988 137 10 8 34
136 2846988 137 0 7 3
137 2846988 137 10 7 3
138 2846988 137 6 3 9
139 2846988 137 4 8 4
140 2846988 137 9 7 3
141 2846988 137 0 6 9
142 2869801 142 3 3 77
143 2893997 143 0 4 78
144 2935019 146 6 4 5
145 2935019 146 3 8 333
146 2935019 146 7 9 50
147 2969178 150 2 6 229
148 2969178 150 2 0 219
149 2992963 153 4 9 185
150 3144252 154 9 2 6235
151 3144252 154 9 3 28
152 3144252 154 10 8 87
153 3144252 154 1 4 10
154 3144252 154 8 0 6
155 3144252 154 2 0 2
156 3144252 154 4 1 16
157 3144252 154 8 4 10
158 3144252 154 3 2 249
159 3144252 154 6 7 3210
160 3144252 154 2 7 642
161 3154441 156 2 8 23
162 3340975 160 8 10 5
163 3340975 160 9 0 11
164 3340975 160 3 2 843
165 3340975 160 0 5 35
166 3340975 160 3 1 1
167 3340975 160 3 7 1
168 3340975 160 10 5 5
169 3340975 160 1 2 210
170 3407790 162 5 7 225
171 3407790 162 10 4 15
172 3407790 162 7 0 3799
173 3407790 162 7 6 44
174 3439252 165 3 3 93
175 3439252 165 1 5 110
176 3439252 165 9 5 110
177 3476881 170 3 7 102
178 3476881 170 3 5 103
179 3476881 170 3 10 19
180 3476881 170 3 1 57
181 3476881 170 3 2 1368
182 3477442 171 4 8 604
183 3525807 174 0 3 36
184 3525807 174 6 10 9
185 3525807 174 9 10 9
186 3591860 177 3 10 393
187 3637947 187 7 1 15
188 3637947 187 7 2 8
189 3637947 187 4 2 24
190 3657438 191 8 6 7153
191 3681034 192 3 9 1320
192 3681034 192 3 6 110
193 3691902 196 9 4 86
194 3832609 198 5 1 9
195 3832609 198 3 10 14
196 3832609 198 8 4 2
197 3848970 202 3 7 44
198 3848970 202 3 3 146
199 3890402 203 8 5 8684
200 3927382 209 3 5 39
201 3969180 210 2 3 1
202 3969180 210 5 3 7
203 4009872 220 0 5 2340
204 4027597 223 2 2 68
205 4029829 224 3 5 91
206 4044769 228 9 2 15
207 4114332 229 6 3 14
208 4114332 229 0 7 28
209 4114332 229 0 2 616
210 4198378 230 8 4 78
211 4198378 230 8 3 136
212 4198378 230 8 10 2
213 4198378 230 3 6 6
214 4205062 231 8 6 2
215 4205062 231 5 6 6
216 4205062 231 7 6 2
217 4361300 233 5 5 4
218 4361300 233 7 2 17
219 4361300 233 8 0 7
220 4361300 233 2 7 1
221 4361300 233 7 4 1153
222 4361300 233 4 0 7
223 4361300 233 6 3 5
224 4361300 233 6 1 4
225 4361300 233 10 8 26
226 4361300 233 8 5 9
227 4361300 233 2 2 4
228 4361300 233 3 2 4
229 4361300 233 3 7 1
230 4434337 237 4 4 4
231 4434337 237 10 3 224
232 4434337 237 10 9 11
233 4434337 237 4 0 72
234 4434337 237 10 1 11
235 4461961 239 0 1 9
236 4629627 241 1 7 12
237 4629627 241 7 5 5047
238 4629627 241 7 8 1
239 4629627 241 6 3 1
240 4629627 241 1 10 1014
241 4629627 241 1 1 18
242 4629627 241 7 4 14
243 4629627 241 7 3 1
244 4629627 241 6 7 6
245 4629627 241 4 7 12
246 4629627 241 3 4 28
247 4629627 241 7 0 9
248 4639361 244 10 9 11740
249 4648140 246 7 0 7
250 4656798 250 2 9 38
251 4656798 250 3 9 15
252 4663594 253 0 6 55
253 4756928 259 5 3 1246
254 4756928 259 5 7 25
255 4756928 259 4 0 14
256 4756928 259 6 0 14
257 4756928 259 7 0 14
258 4942045 262 4 10 18
259 4942045 262 9 5 7
260 4942045 262 3 1 30
261 4942045 262 4 8 7
262 4942045 262 8 5 8
263 4942045 262 3 8 14
264 4942045 262 2 0 9
265 4942045 262 9 0 19
266 4942045 262 2 10 12
267 4978642 266 3 10 42
268 4984434 268 9 0 17
269 5044593 281 1 7 651
270 5068310 282 8 10 44
271 5068310 282 8 1 106
272 5386722 287 4 9 1
273 5386722 287 1 10 7
274 5386722 287 0 8 11
275 5386722 287 9 4 10
276 5386722 287 1 0 5
277 5386722 287 0 7 1615
278 5386722 287 0 10 7
279 5386722 287 2 1 3
280 5386722 287 4 8 5
281 5386722 287 2 5 6
282 5386722 287 6 2 3
283 5386722 287 2 3 5
284 5386722 287 2 9 1
285 5386722 287 6 0 1
286 5495558 291 1 2 3435
287 5495558 291 2 6 1228
288 5495558 291 8 6 409
289 5495558 291 1 0 1
290 5495558 291 8 5 103
291 5495558 291 2 0 8
292 5495558 291 6 8 8
293 5495558 291 10 9 365
294 5595323 292 8 1 1776
295 5595323 292 7 0 6
296 5595323 292 1 8 1090
297 5595323 292 7 8 218
298 5664062 298 9 4 483
299 5788459 303 4 8 324
300 5788459 303 4 6 795
301 5788459 303 0 9 3069
302 5788459 303 8 0 1
303 5857139 304 3 9 58
304 5857139 304 2 0 206
305 5857139 304 2 3 929
306 5876756 307 5 4 3332
307 5899662 308 6 10 9873
308 5933730 314 9 1 54
309 5939988 316 0 4 43
310 6094541 317 6 5 3859
311 6094541 317 8 3 382
312 6094541 317 1 2 3961
313 6094541 317 10 8 83
314 6094541 317 9 0 4
315 6094541 317 6 0 4
316 6110363 322 7 5 121
317 6150967 324 4 9 142
318 6150967 324 2 5 510
319 6150967 324 1 5 7
320 6150967 324 5 10 48
321 6239035 328 0 0 1
322 6239035 328 2 9 2
323 6268990 334 6 9 105
324 6285529 335 1 8 44
325 6285529 335 1 5 7886
326 6307992 337 4 1 95
327 6354196 339 2 7 15
328 6354196 339 1 5 856
329 6354196 339 3 7 31
330 6424248 340 9 7 2998
331 6424248 340 6 2 7
332 6424248 340 9 4 1
333 6431130 341 10 2 91
334 6482118 350 9 6 38
335 6486402 351 8 1 221
336 6521638 357 2 8 157
337 6576880 363 4 4 31
338 6576891 364 4 6 40
339 6601624 367 6 3 60
340 6634606 369 9 8 28
341 6634606 369 1 8 28
342 6634606 369 6 5 186
343 6634606 369 1 9 476
344 6702288 370 8 3 10
345 6702288 370 1 10 35
346 6718506 378 10 6 120
347 6770035 380 10 4 157
348 6770035 380 10 0 984
349 6792128 386 0 3 488
350 6848124 388 7 7 30
351 6848124 388 0 2 35
352 6848124 388 0 4 28
353 7011140 390 8 10 1
354 7011140 390 4 7 3
355 7011140 390 10 6 459
356 7011140 390 3 9 174
357 7011140 390 1 6 229
358 7011140 390 9 1 110
359 7011140 390 10 8 767
360 7011140 390 7 8 767
361 7012696 391 5 3 356
362 7069256 392 4 4 427
363 7069256 392 5 5 1283
364 7069256 392 1 4 854
365 7069256 392 10 2 117
366 7077230 394 2 4 16746
367 7276795 395 9 9 2555
368 7276795 395 9 5 532
369 7276795 395 3 5 177
370 7276795 395 7 8 33
371 7276795 395 3 9 10223
372 7276795 395 1 3 52
373 7276795 395 2 10 10
374 7276795 395 5 9 2555
375 7276795 395 4 1 1
376 7276795 395 0 1 6
377 7276795 395 0 0 1322
378 7276795 395 8 2 1
379 7276795 395 5 5 177
380 7276795 395 9 10 10
381 7291075 396 3 1 405
382 7296243 398 3 9 12
383 7307018 400 2 6 38920
384 7384449 402 9 7 35
385 7384449 402 9 10 117
386 7384449 402 2 8 69
387 7384449 402 9 8 34
388 7384449 402 9 3 65
389 7384449 402 9 1 1815
390 7384449 402 9 2 1
391 7440064 407 2 9 3032
392 7440064 407 2 3 139
393 7580094 409 10 5 797
394 7580094 409 8 7 1
395 7580094 409 6 10 15
396 7580094 409 10 4 4
397 7580094 409 2 2 23
398 7580094 409 6 2 3
399 7580094 409 2 10 15
400 7580094 409 2 7 2
401 7656233 413 2 7 32
402 7656233 413 9 0 144
403 7656233 413 2 5 900
404 7717387 422 3 2 3415
405 7717387 422 7 2 569
406 7717387 422 1 7 4
407 7747222 424 7 9 6021
408 7996594 428 1 9 1
409 7996594 428 4 10 38
410 7996594 428 3 8 2
411 7996594 428 5 9 3
412 7996594 428 10 1 668
413 7996594 428 1 8 2
414 7996594 428 0 2 2
415 7996594 428 1 10 12
416 7996594 428 8 8 2
417 7996594 428 4 7 1
418 7996594 428 9 0 1
419 7996594 428 6 6 1
420 7996594 428 10 7 1
421 7996594 428 4 6 1
422 7996594 428 0 6 1
423 7996594 428 0 0 9
424 7996882 429 0 6 415
425 8136422 430 9 3 8
426 8136422 430 9 8 1
427 8136422 430 3 1 3154
428 8136422 430 5 3 2
429 8136422 430 1 8 4
430 8136422 430 1 1 2103
431 8136422 430 2 5 8
432 8136422 430 0 10 2
433 8170779 435 6 0 163
434 8178387 438 8 4 10191
435 8192024 441 7 3 52
436 8203413 443 6 5 69
437 8232971 449 9 6 39058
438 8366884 457 10 0 8
439 8366884 457 7 0 8
440 8366884 457 4 1 1
441 8366884 457 6 0 25
442 8366884 457 6 5 32
443 8366884 457 6 6 6
444 8366884 457 10 10 5
445 8366884 457 2 10 5
446 8419813 460 1 4 4695
447 8527943 461 3 7 1
448 8527943 461 2 1 11
449 8527943 461 7 8 9
450 8527943 461 5 5 163
451 8527943 461 4 8 9
452 8527943 461 2 9 3
453 8527943 461 7 6 614
454 8527943 461 2 7 147
455 8527943 461 9 2 5
456 8881632 466 1 8 1
457 8881632 466 7 2 50
458 8881632 466 9 10 12
459 8881632 466 0 5 6
460 8881632 466 5 10 4
461 8881632 466 10 7 22
462 8881632 466 10 10 4
463 8881632 466 0 2 50
464 8881632 466 10 2 50
465 8881632 466 9 8 1
466 8881632 466 7 10 2
467 8881632 466 6 2 100
468 8881632 466 9 0 7
469 8881632 466 1 9 4
470 8881632 466 3 6 8
471 8881632 466 10 4 217
472 8881632 466 5 3 3602
473 8881632 466 9 3 1801
474 8881632 466 0 8 1
475 8881632 466 1 2 804
476 8965524 467 0 6 6
477 8965524 467 10 7 23
478 8965524 467 2 3 1
479 8965524 467 10 9 8
480 8965524 467 10 1 1
481 8988552 468 7 8 13074
482 9012985 471 1 10 923
483 9012985 471 5 10 923
484 9131521 473 4 5 68
485 9131521 473 1 9 12
486 9131521 473 2 5 68
487 9131521 473 0 8 1669
488 9425780 475 6 9 5
489 9425780 475 7 3 1
490 9425780 475 10 5 2
491 9425780 475 0 6 1
492 9425780 475 1 3 23
493 9425780 475 2 5 2
494 9425780 475 10 10 5
495 9425780 475 1 0 6
496 9425780 475 3 2 1
497 9425780 475 3 0 1
498 9425780 475 6 8 5
499 9425780 475 8 5 2
500 9425780 475 9 3 1
501 9425780 475 1 8 2
502 9425780 475 0 10 10
503 9425780 475 9 7 9
504 9425780 475 3 9 5
505 9457492 477 2 3 89
506 9479885 479 1 9 1
507 9536022 487 5 0 66373
508 9573172 489 3 8 69
509 9573172 489 9 0 11786
510 9871346 498 5 2 9
511 9871346 498 2 9 1
512 9871346 498 10 3 4
513 9871346 498 4 4 100
514 9871346 498 9 2 4
515 9871346 498 4 7 7
516 9871346 498 7 5 8250
517 9871346 498 2 10 13
518 9871346 498 1 4 50
519 9894223 499 7 5 7680
520 9894223 499 7 0 5705
521 10075107 507 1 3 2
522 10075107 507 2 2 28
523 10075107 507 10 1 1
524 10075107 507 2 6 3
525 10075107 507 3 1 1
526 10075107 507 4 3 2
527 10075107 507 1 7 72
528 10075107 507 6 10 89
529 10075107 507 7 10 178
530 10075107 507 8 6 3
531 10075107 507 0 4 1429
532 10075107 507 10 6 3
533 10075107 507 6 1 1
534 10075107 507 7 2 5
535 10137493 510 6 2 40
536 10303694 513 10 3 26
537 10303694 513 1 1 5
538 10303694 513 10 1 5
539 10303694 513 1 4 300
540 10337864 516 9 3 1
541 10337864 516 2 3 1
542 10389449 534 3 4 114
543 10464168 542 1 4 16
544 10464168 542 1 9 38
545 10468304 546 4 7 78
546 10496693 549 8 5 792
547 10517918 550 4 6 31
548 10556012 551 1 9 9759
549 10556012 551 0 1 26
550 10565974 552 10 0 76
551 10570269 553 0 2 3
552 10857461 555 2 0 2
553 10857461 555 1 7 14
554 10857461 555 9 10 1
555 10857461 555 9 7 3
556 10857461 555 6 1 191
557 10857461 555 8 5 13
558 10857461 555 6 3 202
559 10857461 555 8 1 478
560 10857461 555 3 3 202
561 10857461 555 10 4 829
562 10857461 555 3 8 22
563 10857461 555 2 10 32
564 10857461 555 2 1 191
565 10857461 555 8 8 7
566 10857461 555 8 3 1620
567 10857461 555 2 2 2628
568 10857461 555 6 7 3
569 10857461 555 4 6 47
570 10857461 555 0 10 5
571 10857461 555 6 4 829
572 10962401 556 10 3 92
573 10962401 556 5 8 109
574 10962401 556 8 10 335
575 10962401 556 8 1 1
576 10986467 557 3 4 51
577 10986467 557 3 9 238
578 10986467 557 3 6 36
579 11016322 558 1 9 64
580 11027350 560 3 2 29
581 11040375 561 7 10 28
582 11063997 562 10 1 15233
583 11063997 562 10 3 1378
584 11091805 563 10 10 127
585 11091805 563 10 9 33
586 11113494 565 1 7 39
587 11228506 569 7 1 1
588 11228506 569 1 6 1
589 11228506 569 3 6 1
590 11228506 569 10 3 1
591 11228506 569 10 7 1
592 11228506 569 3 7 8
593 11231296 572 8 0 9018
594 11256678 575 1 8 15
595 11256678 575 10 8 15
596 11342668 576 1 1 1
597 11342668 576 1 2 102
598 11342668 576 0 4 74
599 11342668 576 0 6 27
600 11360734 580 3 8 25
601 11410042 582 4 6 282
602 11410042 582 4 10 93
603 11410042 582 4 0 2716
604 11435822 583 6 0 11861
605 11439678 586 8 1 1762
606 11498718 595 5 9 1
607 11597988 602 6 0 4869
608 11597988 602 8 0 1082
609 11597988 602 6 10 509
610 11597988 602 8 1 81
611 11597988 602 6 3 169
612 11597988 602 6 4 453
613 11597988 602 6 5 30
614 11671464 611 5 6 4930
615 11671464 611 8 8 990
616 11671464 611 1 4 39
617 11671464 611 7 6 205
618 11923717 612 4 3 1
619 11923717 612 0 5 240
620 11923717 612 3 0 71
621 11923717 612 8 2 897
622 11923717 612 4 10 5
623 11923717 612 10 4 133
624 11923717 612 4 9 1
625 11923717 612 1 9 14
626 11923717 612 10 7 2539
627 11923717 612 10 6 3
628 11923717 612 6 2 448
629 11923717 612 0 3 1
630 11923717 612 1 6 1
631 11923717 612 5 6 1
632 11923717 612 0 8 8
633 11923717 612 2 1 16
634 11923717 612 5 7 2539
635 11944924 613 3 0 119
636 11944924 613 3 5 22
637 11944924 613 3 4 36562
638 11944924 613 3 3 19596
639 12183210 616 6 5 1227
640 12183210 616 0 1 1
641 12183210 616 4 2 11
642 12183210 616 0 0 1977
643 12183210 616 5 0 494
644 12183210 616 5 10 854
645 12183210 616 7 4 1
646 12183210 616 3 8 82
647 12183210 616 2 7 200
648 12183210 616 3 10 854
649 12183210 616 1 6 36
650 12183210 616 1 3 20
651 12183210 616 0 9 5
652 12183210 616 1 9 5
653 12231093 624 9 5 2839
654 12231093 624 3 5 14198
655 12233134 625 9 0 34
656 12264573 626 2 3 6058
657 12298343 628 1 3 228
658 12298343 628 1 1 107
659 12323909 631 5 1 1
660 12323909 631 2 6 351
661 12383487 633 5 8 159
662 12383487 633 5 10 15
663 12383487 633 5 3 85
664 12394837 634 7 5 82
665 12424754 637 6 10 40
666 12424754 637 0 10 8
667 12440855 638 4 1 10
668 12441705 639 2 3 55
669 12591165 644 6 5 15
670 12591165 644 0 9 136
671 12591165 644 8 6 1
672 12591165 644 2 8 1817
673 12591165 644 1 8 1817
674 12591165 644 5 3 10
675 12604918 650 10 10 29
676 12610328 655 8 3 82
677 12616231 657 7 3 56
678 12616578 658 0 3 6037
679 12644554 665 8 8 45
680 12662670 668 5 1 200
681 12863405 671 7 4 671
682 12863405 671 6 0 1
683 12863405 671 7 7 1
684 12863405 671 5 7 2
685 12863405 671 0 6 8
686 12863405 671 6 4 3355
687 12863405 671 4 8 5
688 12863405 671 6 2 6
689 12863405 671 8 9 8
690 12863405 671 4 1 238
691 12903472 675 2 2 222
692 12924190 678 7 6 409
693 12947475 681 10 5 12
694 13106943 683 9 1 25
695 13106943 683 6 4 638
696 13106943 683 8 6 10
697 13106943 683 3 8 23
698 13106943 683 7 2 1527
699 13106943 683 2 9 30
700 13106943 683 1 4 638
701 13121075 687 0 2 16
702 13121075 687 2 8 23
703 13154100 689 8 10 1
704 13235821 690 8 2 3
705 13305767 692 10 10 12
706 13305767 692 6 7 181
707 13305767 692 6 1 96
708 13305767 692 7 3 3329
709 13305767 692 10 4 19
710 13305767 692 7 7 181
711 13328365 693 8 2 61
712 13331847 694 4 6 1358
713 13643581 695 1 7 1
714 13643581 695 3 3 4
715 13643581 695 4 1 41
716 13643581 695 6 3 4
717 13643581 695 8 2 793
718 13643581 695 8 3 26
719 13643581 695 5 10 1
720 13643581 695 0 5 14
721 13643581 695 3 4 1
722 13643581 695 4 2 1587
723 13728341 698 10 6 20
724 13728341 698 10 9 66
725 13828201 702 3 10 17
726 13828201 702 4 6 22
727 13828201 702 0 5 112
728 13828201 702 4 10 74
729 13890551 703 9 0 37
730 13890551 703 9 8 52
731 13979650 714 10 2 29274
732 13979650 714 5 2 19516
733 13991279 717 9 7 35
734 14107042 718 7 1 13
735 14107042 718 7 4 27
736 14107042 718 2 8 1455
737 14107042 718 8 5 263
738 14107042 718 1 7 17
739 14162680 723 3 9 11
740 14211682 727 6 5 7
741 14211682 727 10 0 769
742 14211682 727 8 0 769
743 14211682 727 2 7 5
744 14222442 730 8 2 34
745 14225664 731 3 10 2
746 14296617 732 5 5 26
747 14296617 732 7 8 39
748 14296617 732 9 0 2
749 14298027 733 10 8 12
750 14369308 735 6 10 8
751 14420371 739 10 3 809
752 14420371 739 10 10 132
753 14424863 740 2 2 25990
754 14587226 741 3 5 17
755 14587226 741 4 1 14847
756 14587226 741 7 7 2
757 14587226 741 8 2 3
758 14587226 741 7 4 33
759 14587226 741 1 9 119
760 14589257 742 9 10 31
761 14622079 746 6 9 88
762 14625769 748 7 8 28
763 14653403 749 9 4 6
764 14800111 751 10 8 1
765 14800111 751 2 9 31
766 14800111 751 10 7 7
767 14800111 751 7 3 970
768 14800111 751 4 8 5
769 14800111 751 7 2 477
770 14800111 751 10 2 15409
771 14826743 752 3 8 42
772 14864416 755 9 1 352
773 14864416 755 9 5 4130
774 14915589 759 9 3 11
775 14928115 761 8 5 91
776 14931468 762 9 1 36
777 15023276 766 7 7 3
778 15023276 766 0 10 30
779 15023276 766 1 4 16
780 15029470 767 6 8 67
781 15087889 768 0 7 2
782 15146960 778 7 9 14
783 15146960 778 5 1 279
784 15149518 779 4 1 18222
785 15166058 780 9 8 6604
786 15176163 782 3 4 21
787 15187359 785 8 2 7
788 15196544 787 2 4 78
789 15213534 795 3 7 39
790 15241854 798 4 0 65
791 15275249 804 4 8 8560
792 15635247 822 3 7 414
793 15635247 822 0 5 26
794 15635247 822 7 0 1
795 15635247 822 4 2 9
796 15635247 822 7 1 1
797 15635247 822 1 3 3
798 15635247 822 4 0 3
799 15635247 822 4 9 1
800 15635247 822 5 6 4
801 15635247 822 2 0 1
802 15635247 822 1 6 4
803 15635247 822 10 8 239
804 15635247 822 6 5 26
805 15635247 822 9 3 1
806 15635247 822 3 1 1
807 15635247 822 1 10 1
808 15635247 822 4 5 52
809 15635247 822 3 6 4
810 15635247 822 3 3 1
811 15635247 822 2 4 5
812 15635247 822 8 4 1
813 15635247 822 5 2 3
814 15864535 823 2 3 1
815 15864535 823 1 1 969
816 15864535 823 1 7 1502
817 15864535 823 10 5 599
818 15864535 823 9 1 1938
819 15864535 823 2 2 12
820 15864535 823 2 4 3553
821 15864535 823 5 2 6
822 15864535 823 8 8 2
823 15864535 823 8 10 1
824 15937204 825 10 9 56
825 15937204 825 6 0 115
826 15937204 825 4 2 27
827 15978414 830 3 2 42
828 15980784 832 1 1 30673
829 16031133 833 7 2 89
830 16031133 833 7 9 12629
831 16064828 834 2 5 908
832 16064828 834 1 5 908
833 16064828 834 9 4 61
834 16082149 839 8 3 4
835 16118407 842 1 5 143
836 16118407 842 1 0 94
837 16143216 845 4 7 9
838 16143216 845 3 7 4
839 16162869 846 5 4 14
840 16168135 850 5 2 5
841 16266338 861 3 5 2029
842 16266338 861 3 1 145
843 16289228 863 2 9 264
844 16289228 863 2 7 8
845 16444665 864 5 10 172
846 16444665 864 0 4 17
847 16444665 864 8 9 141
848 16444665 864 4 4 5
849 16445097 865 4 2 165
850 16486243 871 1 9 3
851 16486243 871 5 9 3
852 16486243 871 6 3 767
853 16486243 871 10 8 8344
854 16496491 872 6 10 5
855 16496765 873 8 2 1986
856 16546234 876 4 3 37
857 16554756 880 1 7 27314
858 16568271 881 10 2 1685
859 16569131 882 9 2 223
860 16695714 886 5 4 25
861 16695714 886 10 7 1
862 16695714 886 8 4 1
863 16695714 886 5 6 555
864 16695714 886 5 9 751
865 16737394 893 8 3 795
866 16844396 894 6 7 54
867 16844396 894 2 1 4
868 16844396 894 10 10 33
869 16844396 894 9 2 35
870 16844396 894 0 5 1
871 16844396 894 4 2 5
872 16844396 894 7 7 1
873 16917308 896 4 9 10
874 16917308 896 4 3 1586
875 16917308 896 8 9 10
876 16917308 896 10 10 16
877 16926215 897 0 6 1763
878 16951983 899 6 3 108
879 16971769 901 8 2 30
880 16971769 901 6 2 30
881 16971769 901 7 2 30
882 17009307 903 1 9 9
883 17009307 903 1 1 7
884 17027782 905 2 8 95
885 17027782 905 7 8 95
886 17084980 907 4 9 76
887 17084980 907 2 8 156
888 17084980 907 2 2 1642
889 17109679 909 9 4 1528
890 17134564 911 10 0 682
891 17134564 911 4 0 682
892 17183291 916 0 3 49
893 17216524 919 5 1 1
894 17222441 920 6 10 8
895 17224621 921 8 1 88
896 17292803 926 7 4 65
897 17292803 926 7 3 71
898 17292803 926 7 10 8973
899 17583066 929 10 3 3
900 17583066 929 9 5 227
901 17583066 929 5 8 4
902 17583066 929 9 3 3
903 17583066 929 2 5 454
904 17583066 929 4 3 3
905 17583066 929 1 10 2
906 17583066 929 8 5 227
907 17583066 929 9 1 2
908 17583066 929 10 5 227
909 17583066 929 9 6 381
910 17583066 929 9 7 4
911 17751930 930 2 6 13
912 17751930 930 9 0 9968
913 17751930 930 4 2 7
914 17751930 930 7 6 13
915 17751930 930 2 1 28
916 17751930 930 0 8 309
917 17751930 930 8 0 69778
918 17751930 930 8 6 13
919 17751930 930 10 3 15
920 17751930 930 5 7 10
921 17751930 930 6 7 10
922 17751930 930 4 4 13007
923 17751930 930 10 2 14
924 17751930 930 1 9 71
925 17751930 930 3 4 7804
926 17751930 930 6 10 1367
927 17904428 931 0 0 1056
928 17904428 931 2 8 4
929 17904428 931 0 8 4
930 17904428 931 6 10 225
931 17904428 931 5 0 1056
932 17904428 931 8 0 1056
933 18005337 932 9 4 6
934 18005337 932 0 4 6
935 18005337 932 10 9 4
936 18005337 932 6 7 3
937 18005337 932 3 0 2
938 18005337 932 2 2 2708
939 18005337 932 2 0 4
940 18022647 935 3 1 1573
941 18028933 936 3 4 58
942 18337617 941 10 8 1
943 18337617 941 3 1 384
944 18337617 941 1 5 13
945 18337617 941 0 1 96
946 18337617 941 0 5 13
947 18337617 941 6 6 24
948 18337617 941 2 9 1305
949 18337617 941 6 8 1
950 18337617 941 2 1 96
951 18337617 941 2 3 1
952 18337617 941 4 9 3916
953 18337617 941 2 5 27
954 18337617 941 5 6 2
955 18337617 941 4 2 10
956 18337617 941 8 2 2
957 18337617 941 1 6 5
958 18341628 943 6 0 1
959 18348818 946 1 9 112
960 18350496 947 10 10 71
961 18381990 949 2 4 3132
962 18381990 949 6 4 3132
963 18419588 955 9 4 12686
964 18431148 958 3 3 2
965 18469137 959 10 5 196
966 18469137 959 10 1 1320
967 18497147 961 6 5 2407
968 18697348 967 1 4 29
969 18697348 967 7 3 8
970 18697348 967 4 7 243
971 18697348 967 7 0 29
972 18697348 967 6 0 19
973 18697348 967 5 3 4
974 18697348 967 5 4 14
975 18697348 967 5 8 44
976 18697348 967 4 10 13
977 18697348 967 6 1 369
978 18697348 967 0 9 2
979 18697348 967 6 5 7
980 18732776 971 10 8 30
981 18757351 972 10 5 263
982 18757351 972 10 4 228
983 18808706 973 2 2 3
984 18808706 973 0 8 2624
985 18808706 973 2 3 1
986 18808706 973 2 6 19
987 18808706 973 2 0 8
988 18808706 973 2 1 4
989 18816597 975 6 8 1
990 18841664 979 4 7 105
991 18851505 980 6 10 204
992 18856218 983 0 10 188
993 18870959 987 9 9 42
994 18908484 993 4 10 91
995 18908484 993 4 9 48
996 18908484 993 4 1 115
997 18950306 994 6 5 97
998 18950306 994 4 5 64
999 18957936 995 6 6 518
