11 342 1000
0 120519 0 9 7 46
1 120519 0 1 4 103
2 120519 0 1 1 3
3 459971 3 5 3 126
4 459971 3 10 2 11041
5 459971 3 5 0 2396
6 532415 4 5 8 14
7 532415 4 2 0 15
8 840790 9 7 2 19
9 840790 9 4 5 248
10 840790 9 1 2 19
11 840790 9 4 9 7
12 840790 9 7 9 45
13 1180324 13 10 1 1591
14 1180324 13 6 2 70
15 1544175 17 5 4 12
16 1544175 17 2 5 100
17 1544175 17 9 10 1
18 1544175 17 7 9 658
19 1544175 17 9 7 5
20 1544175 17 1 5 16
21 1544175 17 2 7 2
22 1611148 18 1 1 13067
23 1812558 21 3 0 51960
24 1883991 26 0 8 2366
25 1957229 27 2 0 1300
26 2133408 29 10 9 5
27 2133408 29 2 2 8778
28 2335994 37 6 10 4
29 2335994 37 4 6 62
30 2335994 37 8 10 4
31 2410654 38 10 5 110
32 2410654 38 2 1 190
33 2447067 39 4 5 6
34 2545999 41 10 2 50
35 2604860 44 1 2 89
36 2604860 44 1 1 36
37 2719417 50 10 8 1
38 2719417 50 1 4 745
39 2719417 50 7 8 1
40 3440766 51 9 10 1
41 3440766 51 7 6 9
42 3440766 51 8 8 1
43 3440766 51 7 7 5
44 3440766 51 5 4 15
45 3440766 51 10 3 15
46 3440766 51 7 10 1
47 3440766 51 7 3 15
48 3440766 51 8 4 15
49 3440766 51 2 2 5
50 3440766 51 7 0 21
51 3440766 51 8 7 5
52 3440766 51 8 9 1
53 3440766 51 0 9 5
54 3882463 59 1 3 5
55 3882463 59 2 5 14
56 3882463 59 5 6 19
57 3882463 59 2 10 3
58 3882463 59 1 2 204
59 3882463 59 8 3 10
60 4087854 66 0 9 82
61 4087854 66 0 1 84
62 4087854 66 0 10 2896
63 4087912 67 1 7 10
64 4119210 68 4 4 13
65 4249357 70 3 10 99
66 4357533 72 6 10 83
67 4357533 72 6 0 6120
68 4813086 75 0 8 1
69 4813086 75 7 6 14
70 4813086 75 0 9 1
71 4813086 75 10 9 1
72 4813086 75 10 7 1
73 5533786 84 6 1 8
74 5533786 84 10 6 1
75 5533786 84 7 9 1
76 5533786 84 2 6 2
77 5533786 84 6 7 65
78 5533786 84 4 5 4
79 5533786 84 6 10 10
80 5533786 84 3 2 308
81 5533786 84 6 0 15
82 5576717 88 1 6 30
83 5749695 91 4 2 550
84 5789994 93 9 10 67
85 5842580 94 8 5 756
86 5962518 97 10 9 5530
87 5962518 97 7 9 5530
88 5962518 97 4 9 1843
89 5963547 98 10 1 117
90 6296576 99 0 10 3070
91 6296576 99 9 0 203
92 6296576 99 0 0 203
93 6296576 99 0 1 40
94 6296576 99 7 7 12
95 6296576 99 7 2 19
96 6296576 99 7 3 63
97 6869164 102 1 5 14
98 6869164 102 9 6 7
99 6869164 102 8 2 967
100 6869164 102 1 9 9
101 6869164 102 7 9 9
102 6869164 102 4 4 4
103 6869164 102 0 7 3
104 6984153 105 1 5 326
105 7249761 108 3 10 3
106 7249761 108 6 2 1
107 7249761 108 8 0 226
108 7249761 108 5 7 4
109 7254007 109 3 0 33
110 7284718 110 3 5 196
111 7284718 110 3 10 47
112 7315094 114 6 9 34
113 7390194 116 2 5 254
114 7390194 116 2 4 113
115 7390194 116 2 0 61
116 7390194 116 2 10 8305
117 7545388 118 6 2 15
118 7545388 118 1 5 301
119 7587153 123 10 10 32
120 7617349 124 7 3 7
121 7619621 125 0 2 16
122 7798119 129 4 10 22
123 7880156 133 5 1 154
124 8079951 136 8 7 14
125 8079951 136 1 10 32
126 8540966 137 8 8 9
127 8540966 137 1 9 2136
128 8540966 137 7 9 2136
129 8540966 137 9 7 3
130 8540966 137 1 10 222
131 8540966 137 7 7 3
132 8681991 143 0 5 3991
133 8805059 146 3 4 5
134 8810338 147 6 2 182
135 8907536 150 2 1 14
136 9432758 154 1 0 2
137 9432758 154 0 8 196
138 9432758 154 7 6 115
139 9432758 154 4 6 460
140 9432758 154 7 3 56
141 9432758 154 4 8 43
142 9432758 154 8 8 21
143 9432758 154 6 5 69
144 9463324 156 2 8 23
145 9465841 157 4 4 87
146 10022927 160 1 3 2
147 10022927 160 10 8 306
148 10022927 160 9 3 10
149 10022927 160 6 9 4
150 10022927 160 8 4 9
151 10022927 160 3 9 4
152 10022927 160 9 6 2
153 10022927 160 7 5 5
154 10022927 160 0 9 9
155 10022927 160 1 2 210
156 10043031 161 10 8 1
157 10223372 162 7 7 675
158 10223372 162 0 10 15
159 10223372 162 6 0 1899
160 10223372 162 7 0 3799
161 10223372 162 8 0 1899
162 10223372 162 5 3 574
163 10223372 162 3 4 15
164 10317756 165 8 3 93
165 10350258 168 7 2 30
166 10350258 168 5 2 15
167 10350258 168 2 2 15
168 10479857 172 4 2 54
169 10577421 174 0 7 14
170 10577421 174 2 3 36
171 10577421 174 5 6 24
172 10775582 177 0 3 10858
173 10775582 177 3 5 42
174 10775582 177 3 3 2171
175 10775582 177 0 0 89
176 10775582 177 3 0 359
177 10784509 178 9 0 104
178 10852604 184 3 5 54
179 10929199 189 1 7 16203
180 10965591 190 8 10 8155
181 11043103 192 3 6 110
182 11043103 192 3 10 87
183 11057811 195 5 3 168
184 11497828 198 9 5 1
185 11497828 198 6 3 20
186 11497828 198 7 0 20
187 11497828 198 4 10 7
188 11497828 198 2 1 18
189 11497828 198 2 2 6
190 11497828 198 8 4 2
191 11497828 198 1 1 4
192 11497828 198 1 2 2
193 11497828 198 4 5 9
194 11497828 198 4 3 10
195 11497828 198 3 8 46
196 11546911 202 3 3 146
197 11546911 202 3 5 21864
198 11671207 203 7 4 4534
199 11671207 203 7 9 14
200 11671207 203 8 4 1511
201 11782146 209 3 5 39
202 11782146 209 1 5 39
203 11991463 217 4 4 150
204 11991463 217 8 5 78
205 12082792 223 7 2 68
206 12082792 223 3 9 2
207 12342996 229 2 5 133
208 12342996 229 0 8 118
209 12342996 229 6 0 10
210 12342996 229 0 0 10
211 12342996 229 6 3 14
212 12342996 229 6 6 27
213 12342996 229 2 8 118
214 12595136 230 3 6 6
215 12595136 230 0 10 8
216 12595136 230 3 4 78
217 12595136 230 8 0 12
218 12595136 230 8 4 78
219 12595136 230 0 2 1
220 12635109 232 6 5 18
221 12635109 232 10 5 1
222 13083901 233 8 5 9
223 13083901 233 10 7 1
224 13083901 233 10 10 9
225 13083901 233 8 0 7
226 13152559 236 5 6 55
227 13385883 239 5 1 9
228 13389204 240 1 6 190
229 13888881 241 4 9 1226
230 13888881 241 9 8 23
231 13888881 241 4 0 9
232 13888881 241 9 7 12
233 13888881 241 6 0 9
234 13944420 246 10 0 30
235 14008070 255 1 1 42
236 14273653 261 2 6 94
237 14826136 262 3 4 1
238 14826136 262 0 4 1
239 14826136 262 9 1 30
240 14826136 262 2 0 9
241 14895592 263 4 10 1524
242 14909798 265 1 3 69
243 14935926 266 5 10 10
244 14953304 268 9 0 17
245 15015241 269 4 6 99
246 15015241 269 4 7 59
247 15028403 270 8 3 19537
248 15124324 279 6 1 37
249 15204931 282 8 9 41
250 15204931 282 8 4 326
251 15284357 285 4 7 350
252 15284357 285 4 3 17
253 15284357 285 4 10 220
254 16160168 287 0 4 1
255 16160168 287 9 9 1
256 16160168 287 0 3 11
257 16160168 287 5 0 3
258 16160168 287 6 9 1
259 16160168 287 4 3 11
260 16160168 287 5 8 5
261 16160168 287 1 7 807
262 16160168 287 1 4 10
263 16160168 287 4 9 1
264 16160168 287 1 9 3
265 16160168 287 3 4 1
266 16160168 287 0 6 24
267 16160168 287 1 3 5
268 16160168 287 7 2 3
269 16160168 287 3 7 807
270 16175915 290 5 7 223
271 16486675 291 5 7 111
272 16486675 291 7 2 3435
273 16486675 291 8 3 1267
274 16486675 291 7 1 1536
275 16785971 292 0 0 6
276 16785971 292 4 8 218
277 16785971 292 4 10 1
278 16785971 292 7 8 218
279 16785971 292 5 8 218
280 16992187 298 9 2 37
281 16992187 298 9 9 5
282 16992187 298 9 4 483
283 16992187 298 1 1 12
284 16992187 298 1 4 9674
285 17365377 303 9 0 1
286 17365377 303 10 7 33
287 17365377 303 1 0 1
288 17365377 303 9 6 1193
289 17365377 303 3 2 1892
290 17365377 303 9 8 649
291 17365377 303 4 0 158
292 17365377 303 4 6 795
293 17365377 303 0 6 397
294 17571418 304 2 8 40
295 17571418 304 3 4 11
296 17571418 304 3 5 23
297 17630269 307 4 4 476
298 17698988 308 6 0 160
299 17790519 311 6 4 133
300 18283624 317 8 5 964
301 18283624 317 1 3 109
302 18283624 317 7 1 42
303 18283624 317 2 5 964
304 18283624 317 10 5 964
305 18283624 317 2 0 4
306 18283624 317 5 5 5789
307 18283624 317 2 9 16
308 18452902 324 5 10 48
309 18452902 324 8 5 7
310 18452902 324 9 9 47
311 18509612 327 1 10 1020
312 18717105 328 5 8 267
313 18717105 328 8 5 297
314 18717105 328 5 5 297
315 18717105 328 2 5 297
316 18717105 328 3 3 1
317 18717105 328 1 5 297
318 18793744 330 0 2 201
319 18793744 330 0 8 10328
320 18795363 332 2 8 19
321 18923976 337 4 2 67
322 18923976 337 4 5 11902
323 19062589 339 6 5 190
324 19062589 339 6 3 215
325 19062589 339 0 3 215
326 19272744 340 7 0 20
327 19272744 340 0 0 20
328 19334436 344 4 7 106
329 19385336 346 1 5 1467
330 19385336 346 0 5 489
331 19422402 349 8 6 1136
332 19422402 349 5 6 568
333 19459208 351 8 1 221
334 19528936 353 0 10 3133
335 19528936 353 0 5 7115
336 19587663 358 0 4 7138
337 19698993 362 1 2 1
338 19782263 366 7 2 23
339 19782263 366 7 9 52
340 19903820 369 9 8 28
341 20106864 370 0 10 11
342 20106864 370 3 5 8
343 20106864 370 10 2 9
344 20160800 379 3 3 2
345 20310107 380 10 1 100
346 20404980 387 9 9 1
347 20544374 388 0 4 28
348 20544374 388 7 10 17
349 20544374 388 7 3 3122
350 21033420 390 2 9 6824
351 21033420 390 7 8 767
352 21033420 390 6 10 1
353 21033420 390 1 6 229
354 21207769 392 5 5 1283
355 21207769 392 2 2 58
356 21207769 392 9 2 352
357 21830385 395 8 2 1
358 21830385 395 8 5 177
359 21830385 395 10 3 10
360 21873225 396 9 1 405
361 21921054 400 2 6 38920
362 21943908 401 0 3 1192
363 21943908 401 5 3 2385
364 22153347 402 2 4 6
365 22153347 402 9 0 2920
366 22153347 402 2 5 49
367 22153347 402 2 7 17
368 22192802 405 2 5 15
369 22320194 407 2 4 49
370 22320194 407 2 6 71
371 22740283 409 8 6 1
372 22740283 409 8 8 26
373 22740283 409 6 5 797
374 22740283 409 6 10 15
375 22740283 409 2 5 3188
376 22740283 409 2 4 2
377 22740283 409 5 7 1
378 22740283 409 10 2 3
379 22968701 413 2 0 144
380 22968701 413 2 9 66
381 23152161 422 9 7 4
382 23152161 422 6 2 4553
383 23241667 424 7 2 215
384 23241667 424 7 5 282
385 23241667 424 7 6 113
386 23989784 428 4 5 822
387 23989784 428 0 4 1
388 23989784 428 5 5 822
389 23989784 428 9 9 1
390 23989784 428 2 6 1
391 23989784 428 9 5 822
392 23989784 428 3 5 822
393 23989784 428 2 7 1
394 23989784 428 7 7 1
395 23989784 428 5 4 1
396 23989784 428 3 8 2
397 24409266 430 10 5 33
398 24409266 430 2 8 2
399 24409266 430 0 2 18
400 24409266 430 4 1 7361
401 24460425 434 3 2 37
402 24512337 435 7 6 24
403 24535163 438 8 4 10191
404 24566714 440 4 10 4
405 24566714 440 5 0 14
406 24566714 440 5 10 4
407 24578299 442 6 1 1280
408 24690359 448 6 1 2
409 24701038 450 9 4 2471
410 24732986 453 8 2 53
411 24762759 455 5 0 30
412 25100653 457 6 4 33
413 25100653 457 7 3 1
414 25100653 457 1 6 12
415 25100653 457 1 10 5
416 25100653 457 10 3 44
417 25100653 457 2 0 8
418 25100653 457 8 4 1
419 25583830 461 5 7 1
420 25583830 461 2 8 9
421 25583830 461 0 4 5
422 25583830 461 0 7 1
423 25583830 461 0 2 5
424 25583830 461 3 2 27
425 25583830 461 6 10 1
426 25611879 463 2 0 60
427 26644898 466 6 2 100
428 26644898 466 5 4 217
429 26644898 466 7 6 28
430 26644898 466 3 2 100
431 26644898 466 6 3 1801
432 26644898 466 10 2 50
433 26644898 466 7 1 8
434 26644898 466 0 4 2609
435 26644898 466 5 9 4
436 26644898 466 1 4 217
437 26644898 466 5 3 3602
438 26644898 466 1 3 3602
439 26644898 466 9 5 1
440 26644898 466 7 4 652
441 26644898 466 8 3 1801
442 26644898 466 4 7 1
443 26644898 466 0 9 20
444 26644898 466 3 3 7204
445 26896574 467 4 3 45
446 26896574 467 1 8 7
447 26896574 467 10 7 23
448 26896574 467 1 1 2
449 26965657 468 7 0 6237
450 27038955 471 7 10 923
451 27109492 472 8 0 14
452 27109492 472 5 0 7
453 27109492 472 9 0 7
454 27394563 473 3 6 5
455 27394563 473 5 7 3
456 27394563 473 10 2 7
457 27394563 473 4 8 52
458 27394563 473 6 2 15
459 27394563 473 3 8 52
460 27394563 473 2 9 4
461 28277340 475 4 10 5
462 28277340 475 10 3 4
463 28277340 475 5 3 1
464 28277340 475 0 1 6
465 28277340 475 3 7 4
466 28277340 475 4 6 6
467 28277340 475 6 4 1
468 28277340 475 5 10 25
469 28277340 475 9 8 2
470 28277340 475 0 9 5
471 28277340 475 8 8 60
472 28372478 477 2 3 89
473 28372478 477 2 5 349
474 28372478 477 2 6 69
475 28439657 479 4 9 1
476 28439657 479 1 9 1
477 28439657 479 6 9 1
478 28439657 479 5 9 1
479 28500642 483 7 10 8
480 28506149 485 2 0 117
481 28608066 487 5 3 3411
482 28775512 493 8 7 18
483 29614038 498 6 6 1
484 29614038 498 0 4 50
485 29614038 498 2 6 1
486 29614038 498 8 6 1
487 29614038 498 3 2 28
488 29614038 498 5 0 10
489 29614038 498 7 7 29
490 29614038 498 7 2 9
491 29614038 498 9 0 64
492 29614038 498 9 5 175
493 29614038 498 2 3 1
494 29614038 498 7 1 17
495 29614038 498 9 6 1
496 29614038 498 4 7 7
497 29682670 499 7 7 71
498 29690999 501 4 8 5123
499 29748821 504 10 9 1333
500 29748821 504 6 8 77
501 29748821 504 10 3 26
502 30225322 507 8 9 7
503 30225322 507 1 0 6
504 30225322 507 10 2 11
505 30225322 507 4 4 1429
506 30225322 507 4 1 1
507 30225322 507 8 6 3
508 30225322 507 3 0 15
509 30225322 507 0 4 1429
510 30225322 507 1 3 2
511 30225322 507 6 3 7
512 30225322 507 3 9 21
513 30248540 509 2 1 115
514 30412481 510 6 9 1
515 30412481 510 7 2 20
516 30412481 510 7 3 4
517 30911084 513 1 4 300
518 30911084 513 9 5 690
519 30911084 513 5 4 300
520 30911084 513 7 7 11
521 30911084 513 6 3 21
522 30911084 513 10 2 6
523 30911084 513 0 8 6059
524 30911084 513 10 9 20
525 31013592 516 2 3 1
526 31069078 525 2 7 173
527 31124050 528 3 7 128
528 31129030 529 3 9 374
529 31238462 535 7 1 59
530 31259921 537 4 10 11
531 31279415 539 9 1 15
532 31392505 542 1 7 28344
533 31472160 547 4 10 15
534 31472160 547 4 9 79
535 31472160 547 4 7 18
536 31490079 549 8 5 792
537 31668037 551 7 9 4879
538 32572384 555 0 2 876
539 32572384 555 10 6 47
540 32572384 555 9 8 7
541 32572384 555 3 0 2
542 32572384 555 0 10 5
543 32572384 555 4 9 2
544 32572384 555 1 3 202
545 32572384 555 9 7 3
546 32572384 555 5 4 3318
547 32572384 555 4 4 829
548 32572384 555 1 0 1
549 32572384 555 10 7 7
550 32572384 555 2 7 3
551 32887204 556 0 5 3164
552 32887204 556 9 7 110
553 32887204 556 3 10 335
554 32887204 556 3 0 1
555 32959402 557 3 4 51
556 32959402 557 3 9 238
557 33048966 558 1 1 97
558 33121126 561 2 10 28
559 33275417 563 10 4 100
560 33340482 565 1 2 99585
561 33340482 565 1 5 19648
562 33340482 565 1 8 222
563 33685520 569 0 1 65
564 33685520 569 6 2 170
565 33685520 569 5 3 1
566 33685520 569 5 10 6
567 33685520 569 10 7 1
568 33685520 569 1 1 16
569 33685520 569 3 7 8
570 33685520 569 10 5 1
571 33685520 569 0 10 6
572 33685520 569 3 9 2
573 34028004 576 10 10 989
574 34028004 576 0 3 30
575 34028004 576 1 1 1
576 34028004 576 1 0 51
577 34028004 576 0 2 51
578 34073642 578 7 9 11
579 34075637 579 3 0 57
580 34082204 580 0 8 233
581 34082204 580 3 8 25
582 34230126 582 4 8 66
583 34230126 582 4 6 282
584 34230126 582 4 2 114
585 34230126 582 4 4 50
586 34307467 583 6 5 15734
587 34331565 587 4 1 12
588 34384129 588 4 10 9
589 34444734 591 6 10 2
590 34444734 591 10 1 1
591 34444734 591 5 10 34
592 34448321 592 10 1 40
593 34538407 599 7 1 186
594 34793966 602 8 10 2547
595 34793966 602 6 2 848
596 34793966 602 6 8 259
597 34793966 602 6 0 4869
598 34907831 606 10 5 1333
599 34927748 609 9 8 117
600 35014393 611 10 6 205
601 35771153 612 6 2 448
602 35771153 612 9 8 8
603 35771153 612 10 1 6
604 35771153 612 1 4 26
605 35771153 612 7 10 5
606 35771153 612 9 10 5
607 35771153 612 9 0 1427
608 35771153 612 6 5 240
609 35771153 612 3 0 71
610 35771153 612 3 8 8
611 35771153 612 7 5 120
612 35771153 612 4 1 3
613 35771153 612 6 9 3
614 35771153 612 7 9 1
615 35771153 612 8 1 13
616 35771153 612 2 6 40
617 36549632 616 5 1 1
618 36549632 616 5 9 14
619 36549632 616 5 2 1
620 36549632 616 0 6 72
621 36549632 616 9 3 20
622 36549632 616 1 3 20
623 36549632 616 8 8 1
624 36549632 616 6 3 145
625 36549632 616 0 2 11
626 36549632 616 9 10 1709
627 36549632 616 6 8 1
628 36549632 616 2 7 200
629 36549632 616 7 7 200
630 36549632 616 3 0 988
631 36549632 616 4 2 11
632 36549632 616 4 8 1
633 36549632 616 3 2 3
634 36549632 616 0 7 200
635 36549632 616 3 4 1
636 36549632 616 8 4 1
637 36549632 616 8 10 854
638 36549632 616 6 9 11
639 36549632 616 10 8 6
640 36598175 618 7 8 12
641 36699402 625 4 0 34
642 36813518 627 1 4 258
643 36813518 627 1 7 2270
644 36895030 628 1 10 95
645 36895030 628 1 0 118
646 36895030 628 1 5 389
647 37184511 634 7 9 19581
648 37184511 634 7 10 105
649 37228617 635 5 2 135
650 37274263 637 6 10 40
651 37340654 643 0 4 19
652 37773497 644 7 0 8
653 37773497 644 7 8 908
654 37773497 644 9 9 54
655 37773497 644 2 6 1
656 37773497 644 4 10 1
657 37773497 644 6 8 1817
658 37773497 644 10 7 92
659 37773497 644 1 4 647
660 37773497 644 9 10 2
661 37773497 644 3 10 1
662 37803644 647 1 3 1338
663 37855332 659 9 5 5
664 37855332 659 10 5 113
665 37919577 663 1 1 14315
666 37988012 668 5 1 200
667 37988012 668 5 7 18
668 38590215 671 0 0 2
669 38590215 671 3 4 1342
670 38590215 671 3 9 8
671 38590215 671 5 4 1342
672 38590215 671 7 7 1
673 38590215 671 2 0 3
674 38590215 671 7 0 14
675 38590215 671 5 9 8
676 38590215 671 9 6 8
677 38590215 671 5 5 30
678 38590215 671 0 8 5
679 38590215 671 1 7 1
680 38604084 672 8 5 20
681 38604084 672 10 0 82
682 38710416 675 2 2 222
683 38710416 675 2 6 44
684 39320831 683 9 7 548
685 39320831 683 10 5 1
686 39320831 683 3 2 4582
687 39320831 683 7 3 29
688 39320831 683 8 1 50
689 39320831 683 9 8 35
690 39320831 683 6 4 638
691 39320831 683 4 3 29
692 39328551 684 9 2 1039
693 39365047 688 7 4 43
694 39462300 689 5 10 2
695 39707464 690 8 0 3850
696 39717917 691 8 2 24
697 39917303 692 10 1 48
698 39917303 692 2 1 48
699 39917303 692 10 7 4345
700 39917303 692 10 0 2
701 40930743 695 1 4 1
702 40930743 695 1 5 7
703 40930743 695 5 6 1
704 40930743 695 4 7 1
705 40930743 695 6 9 1503
706 40930743 695 3 5 7
707 40930743 695 0 8 1
708 40930743 695 8 8 1
709 40930743 695 2 5 7
710 40930743 695 0 1 3
711 40930743 695 8 1 3
712 40930743 695 10 10 1
713 40930743 695 1 9 214
714 40930743 695 2 7 1
715 40930743 695 5 9 214
716 40930743 695 2 9 1503
717 40930743 695 3 0 21
718 40930743 695 6 3 4
719 40930743 695 0 7 2
720 40930743 695 8 0 21
721 40930743 695 4 1 41
722 40941716 696 4 9 362
723 40969306 697 1 10 15
724 41185025 698 2 4 268
725 41185025 698 2 1 3
726 41185025 698 10 5 51
727 41299270 701 5 2 11
728 41299270 701 0 9 1
729 41299270 701 3 9 1
730 41484605 702 3 8 11
731 41484605 702 4 0 1187
732 41484605 702 0 9 6
733 41484605 702 0 5 112
734 41484605 702 3 4 649
735 41671654 703 9 8 52
736 41671654 703 9 6 38
737 41680514 704 9 6 3990
738 41829395 710 3 3 119
739 41829395 710 3 10 1
740 41938950 714 2 8 105
741 41938950 714 5 2 19516
742 41938950 714 5 4 563
743 42321128 718 1 9 31
744 42321128 718 3 10 5
745 42321128 718 1 1 6
746 42321128 718 3 8 2911
747 42321128 718 2 4 27
748 42327284 719 2 7 4984
749 42488041 723 6 0 79
750 42488041 723 3 9 11
751 42488041 723 3 3 52
752 42488041 723 6 6 66
753 42488041 723 3 6 66
754 42551827 724 6 5 1502
755 42635047 727 2 7 5
756 42635047 727 8 7 2
757 42889853 732 9 5 52
758 42889853 732 5 0 4
759 42889853 732 7 0 1
760 42889853 732 6 3 7
761 43107925 735 9 5 36
762 43107925 735 9 4 153
763 43107925 735 9 8 70
764 43107925 735 6 0 70
765 43107925 735 6 9 10
766 43177259 737 10 0 88
767 43261114 739 10 5 86
768 43261114 739 10 8 67
769 43261114 739 10 10 132
770 43274591 740 2 2 25990
771 43761680 741 4 2 9
772 43761680 741 7 2 3
773 43761680 741 3 2 9
774 43761680 741 10 4 33
775 43857029 744 7 8 75
776 43857029 744 8 7 169
777 43858871 745 3 10 118
778 43960209 749 5 0 33
779 43966072 750 0 3 82
780 44400333 751 3 7 14
781 44400333 751 5 5 12
782 44400333 751 4 1 46
783 44400333 751 3 10 17
784 44400333 751 2 0 47
785 44400333 751 2 5 25
786 44400333 751 5 1 15
787 44400333 751 1 6 167
788 44593249 755 9 7 346
789 44715584 757 1 5 578
790 44715584 757 5 1 77
791 44715584 757 3 1 38
792 44784347 761 8 5 91
793 45069829 766 1 5 13
794 45069829 766 7 7 3
795 45088412 767 10 8 62
796 45263667 768 8 2 620
797 45263667 768 8 4 59
798 45263667 768 0 0 103
799 45263667 768 0 1 41
800 45263667 768 0 2 36
801 45267073 770 1 5 68
802 45270033 771 0 3 264
803 45327115 773 3 10 17
804 45352828 774 7 5 98
805 45388860 777 1 6 75
806 45440882 778 4 9 7
807 45498175 780 9 5 34
808 45498175 780 2 1 117
809 45528490 782 0 4 1
810 45629077 791 0 1 26
811 45629077 791 7 1 1
812 45640604 795 3 7 39
813 45725564 798 4 4 100
814 45725564 798 4 7 28
815 45726108 800 8 7 69
816 45756381 802 5 2 4521
817 45756381 802 4 0 8
818 45858312 806 3 0 10
819 45889684 809 0 8 54
820 45891510 810 3 7 472
821 45906652 814 1 3 170
822 46018190 817 8 3 1577
823 46905743 822 1 5 26
824 46905743 822 8 2 3
825 46905743 822 2 8 3838
826 46905743 822 4 7 138
827 46905743 822 7 8 479
828 46905743 822 1 10 1
829 46905743 822 9 6 4
830 46905743 822 9 7 138
831 46905743 822 5 10 27
832 47593607 823 5 10 1
833 47593607 823 3 3 4
834 47593607 823 8 2 6
835 47593607 823 3 9 1
836 47593607 823 9 6 1414
837 47593607 823 10 9 1
838 47593607 823 8 3 9
839 47593607 823 10 3 2
840 47593607 823 2 8 5
841 47593607 823 5 5 2996
842 47593607 823 5 4 3553
843 47811612 825 0 1 19
844 47811612 825 7 1 19
845 47811612 825 10 4 62
846 47811612 825 7 2 27
847 47811612 825 4 4 187
848 47935243 830 0 1 24
849 47938893 831 1 10 1198
850 48194485 834 8 10 1400
851 48194485 834 9 10 1400
852 48194485 834 7 9 2
853 48355222 842 1 8 2391
854 48355222 842 1 1 148
855 48488607 846 5 10 165
856 48488607 846 5 4 14
857 48649934 857 9 5 4
858 48649934 857 9 2 15741
859 48725055 859 6 2 342
860 48799016 861 3 10 7689
861 48867686 863 6 0 9
862 49333997 864 7 2 954
863 49333997 864 10 7 1
864 49333997 864 10 1 14
865 49333997 864 10 5 15
866 49333997 864 9 9 105
867 49333997 864 4 8 113
868 49333997 864 8 4 5
869 49333997 864 0 4 17
870 49359751 867 2 3 81
871 49395406 870 7 3 46
872 49395406 870 0 3 6
873 49458730 871 5 8 758
874 49578636 874 2 3 32
875 49648957 879 1 5 24
876 49704815 881 6 2 1685
877 50087144 886 1 9 2254
878 50087144 886 7 2 41
879 50087144 886 5 4 25
880 50087144 886 6 0 14
881 50087144 886 4 7 1
882 50087144 886 2 6 1111
883 50154726 888 10 10 10210
884 50533190 894 2 5 30
885 50533190 894 7 10 33
886 50751926 896 9 10 16
887 50855950 899 6 10 114
888 50915309 901 2 3 1484
889 50915309 901 8 2 30
890 51027923 903 1 9 9
891 51027923 903 1 10 49
892 51027923 903 1 7 111
893 51083346 905 5 8 95
894 51254942 907 2 5 23
895 51254942 907 4 0 36
896 51254942 907 4 10 3
897 51254942 907 4 3 18
898 51254942 907 4 4 22
899 51329039 909 9 7 11407
900 51329039 909 9 10 26
901 51335033 910 10 5 3
902 51403693 911 4 0 682
903 51403693 911 9 0 682
904 51486732 913 0 2 19
905 51575933 917 9 9 199
906 51649573 919 6 1 1
907 51649573 919 0 1 1
908 51667323 920 2 8 655
909 51771445 924 0 6 1
910 52749200 929 0 10 1
911 52749200 929 2 1 1
912 52749200 929 2 7 2
913 52749200 929 7 6 54
914 52749200 929 6 7 4
915 52749200 929 0 5 454
916 52749200 929 9 3 3
917 52749200 929 3 2 21
918 52749200 929 10 0 10
919 52749200 929 5 8 4
920 52749200 929 8 8 9
921 52749200 929 2 4 2635
922 52749200 929 3 7 2
923 52749200 929 9 0 5
924 52749200 929 10 6 54
925 52749200 929 0 3 6
926 52749200 929 10 8 4
927 53255791 930 7 1 14
928 53255791 930 8 2 7
929 53255791 930 9 7 31
930 53255791 930 7 3 15
931 53255791 930 3 7 10
932 53255791 930 1 9 71
933 53255791 930 6 0 4984
934 53255791 930 3 5 22
935 53255791 930 10 3 15
936 53255791 930 1 10 683
937 53255791 930 4 8 309
938 53713284 931 6 6 8
939 53713284 931 6 3 24
940 53713284 931 3 2 81995
941 53713284 931 6 9 2119
942 53713284 931 5 9 4239
943 53713284 931 7 8 4
944 53713284 931 7 6 8
945 53713284 931 0 4 909
946 53713284 931 5 1 10
947 54016013 932 10 8 6
948 54016013 932 9 2 902
949 54016013 932 4 9 4
950 54016013 932 3 0 2
951 54016013 932 2 0 4
952 54016013 932 5 6 69
953 54016013 932 1 10 23
954 54046947 934 3 7 45
955 55012853 941 2 3 1
956 55012853 941 6 7 18
957 55012853 941 8 1 96
958 55012853 941 0 3 1
959 55012853 941 4 8 1
960 55012853 941 0 8 5
961 55012853 941 6 8 1
962 55012853 941 9 9 2610
963 55012853 941 0 0 5
964 55012853 941 2 7 1
965 55012853 941 8 10 18
966 55012853 941 0 7 1
967 55012853 941 7 4 3
968 55012853 941 9 0 22
969 55012853 941 10 4 1
970 55012853 941 1 7 1
971 55012853 941 6 5 388
972 55012853 941 6 1 96
973 55024885 943 4 0 2
974 55145972 949 2 4 3132
975 55250881 954 10 1 315
976 55407412 959 10 1 1320
977 55407412 959 10 10 18
978 55407412 959 10 4 73
979 55407412 959 10 3 152
980 55491441 961 4 5 343
981 56092044 967 6 2 15
982 56092044 967 0 3 4
983 56092044 967 6 8 44
984 56092044 967 6 4 14
985 56092044 967 7 5 7
986 56167665 970 8 6 37
987 56198328 971 1 8 30
988 56272055 972 10 6 244
989 56426118 973 0 8 2624
990 56426118 973 2 3 1
991 56426118 973 0 1 24
992 56426118 973 0 9 112
993 56460332 976 2 8 113
994 56612879 987 7 9 42
995 56725452 993 4 0 4812
996 56850919 994 7 0 6
997 56850919 994 6 1 1
998 56850919 994 10 0 3
999 56850919 994 10 5 81
