11 341 1000
0 40173 0 1 4 103
1 153323 3 10 9 40
2 153323 3 10 8 592
3 153323 3 5 4 3213
4 153323 3 5 10 935
5 153323 3 9 3 2654
6 177471 4 9 8 4
7 177471 4 8 0 205
8 280263 9 1 8 2
9 280263 9 1 6 23
10 280263 9 4 8 2
11 280263 9 7 6 23
12 280263 9 4 1 2
13 304250 12 3 2 8
14 393441 13 3 4 1361
15 393441 13 8 10 297
16 393441 13 1 8 1
17 514725 17 3 7 19
18 514725 17 6 2 526
19 514725 17 0 2 526
20 514725 17 6 9 1976
21 514725 17 7 7 2
22 514725 17 0 10 1
23 514725 17 0 8 1
24 514725 17 5 5 16
25 537049 18 1 10 164
26 537049 18 1 8 1476
27 537049 18 1 6 36
28 552101 20 4 8 333
29 604186 21 4 2 6055
30 616424 23 10 10 4218
31 627997 26 0 8 2366
32 653608 28 0 8 53
33 711136 29 10 3 99
34 730444 31 5 7 2070
35 778664 37 4 6 62
36 815689 39 6 5 20
37 868286 44 1 9 19650
38 872073 45 8 6 1063
39 906472 50 9 10 5268
40 906472 50 7 0 44
41 1146922 51 0 3 107
42 1146922 51 5 7 5
43 1146922 51 9 2 5
44 1146922 51 5 8 1
45 1146922 51 7 2 5
46 1146922 51 9 6 5
47 1146922 51 2 6 1
48 1146922 51 0 1 15
49 1146922 51 10 4 15
50 1146922 51 0 5 33
51 1146922 51 7 7 5
52 1148736 52 9 4 249
53 1153623 54 0 10 4501
54 1165719 56 5 6 86
55 1294154 59 8 8 1
56 1294154 59 5 1 22
57 1362618 66 0 0 2
58 1362618 66 0 1 84
59 1373070 68 3 4 3
60 1416452 70 3 10 99
61 1416452 70 4 8 43
62 1452511 72 6 7 60
63 1452511 72 6 0 6120
64 1453262 73 6 6 58
65 1458244 74 7 7 25
66 1604362 75 4 4 7
67 1624030 77 9 4 42
68 1636614 79 10 3 38
69 1844595 84 4 0 7
70 1844595 84 3 10 6
71 1844595 84 4 5 4
72 1844595 84 10 10 2
73 1844595 84 2 0 15
74 1844595 84 10 3 8
75 1894463 89 7 6 1461
76 1947526 94 8 5 756
77 1947526 94 10 5 756
78 1947526 94 2 5 756
79 1953462 95 3 1 49
80 1987506 97 5 9 3687
81 1987506 97 10 9 5530
82 2098858 99 0 7 38
83 2098858 99 9 8 1
84 2098858 99 0 9 42
85 2098858 99 7 6 5
86 2098858 99 7 5 5
87 2101851 100 7 2 57
88 2289721 102 0 8 14609
89 2289721 102 7 10 21
90 2289721 102 10 1 3
91 2289721 102 2 7 1
92 2289721 102 0 1 3
93 2323049 104 4 5 74
94 2328502 106 4 9 39149
95 2416587 108 3 2 1
96 2416587 108 4 0 226
97 2416587 108 6 4 68
98 2416587 108 3 6 15
99 2428239 110 3 4 18
100 2435320 112 3 1 5
101 2463398 116 2 7 208
102 2463398 116 2 8 217
103 2463398 116 2 2 161
104 2487130 117 0 2 132816
105 2487130 117 0 8 56
106 2515129 118 2 2 2
107 2521500 121 4 1 48
108 2595705 127 0 7 4651
109 2598540 128 2 0 5
110 2626707 132 5 0 21
111 2626707 132 6 0 21
112 2693317 136 1 10 32
113 2693317 136 8 6 21
114 2693317 136 1 3 16
115 2693317 136 8 4 6084
116 2693317 136 1 0 2006
117 2693317 136 8 5 496
118 2846988 137 1 0 4
119 2846988 137 8 9 6410
120 2846988 137 10 4 896
121 2846988 137 7 3 9
122 2846988 137 8 8 9
123 2846988 137 4 2 21
124 2846988 137 8 6 2
125 2846988 137 1 6 2
126 2899629 145 5 4 231
127 2935019 146 8 8 999
128 2935019 146 3 8 333
129 2935019 146 6 4 5
130 2969178 150 2 6 229
131 3144252 154 5 0 2
132 3144252 154 0 8 196
133 3144252 154 8 9 11
134 3144252 154 2 1 33
135 3144252 154 8 4 10
136 3144252 154 6 6 690
137 3144252 154 0 0 4
138 3144252 154 4 10 2
139 3144252 154 4 0 4
140 3144252 154 0 1 5
141 3340975 160 1 6 2
142 3340975 160 2 4 4
143 3340975 160 0 10 5
144 3340975 160 10 1 1
145 3340975 160 7 9 4
146 3340975 160 6 1 1
147 3340975 160 10 5 5
148 3340975 160 5 2 210
149 3407790 162 3 0 1899
150 3407790 162 3 6 14
151 3407790 162 0 4 30
152 3439252 165 10 4 73
153 3439252 165 6 5 220
154 3439252 165 8 3 93
155 3450086 168 2 2 15
156 3452356 169 3 4 102
157 3476881 170 3 5 103
158 3493285 172 4 2 54
159 3493285 172 6 8 29
160 3525807 174 5 6 24
161 3591860 177 0 1 12993
162 3591860 177 3 2 1
163 3591860 177 3 7 17
164 3594836 178 9 0 104
165 3655197 190 8 10 8155
166 3681034 192 3 10 87
167 3682239 193 5 3 108
168 3685937 195 5 3 168
169 3832609 198 3 6 1002
170 3832609 198 0 3 2
171 3832609 198 2 4 2
172 3832609 198 2 10 7
173 3832609 198 5 1 9
174 3848970 202 3 7 44
175 3890402 203 7 0 49
176 3890402 203 7 2 64
177 3890402 203 8 6 48
178 3902785 206 3 6 88
179 3969180 210 4 3 1
180 3976502 212 2 6 14
181 3997154 217 9 5 39
182 4027597 223 7 9 1
183 4044769 228 9 2 15
184 4114332 229 0 3 28
185 4114332 229 0 2 616
186 4114332 229 0 7 28
187 4114332 229 6 4 17
188 4114332 229 6 7 9
189 4114332 229 2 4 52
190 4114332 229 2 1 1
191 4114332 229 2 8 118
192 4198378 230 3 5 3
193 4198378 230 3 4 78
194 4198378 230 0 3 136
195 4198378 230 0 6 6
196 4198378 230 3 8 33
197 4361300 233 7 10 160
198 4361300 233 10 3 12
199 4361300 233 3 4 11532
200 4361300 233 1 1 8
201 4361300 233 4 1 39
202 4361300 233 9 8 94
203 4434337 237 4 10 82
204 4434337 237 4 5 53
205 4461961 239 10 1 9
206 4461961 239 0 1 9
207 4629627 241 4 1 6
208 4629627 241 9 8 23
209 4629627 241 6 9 1226
210 4629627 241 9 7 12
211 4629627 241 9 0 9
212 4629627 241 4 4 14
213 4629627 241 7 6 1
214 4629627 241 3 10 4056
215 4756928 259 3 0 14
216 4756928 259 5 3 1246
217 4756928 259 2 7 25
218 4942045 262 3 5 2
219 4942045 262 3 6 51
220 4942045 262 8 10 55
221 4942045 262 3 8 14
222 4942045 262 0 9 30
223 4942045 262 4 0 69
224 4942045 262 8 1 30
225 4942045 262 4 10 18
226 4942045 262 8 6 43
227 4942045 262 2 5 1
228 4942045 262 0 3 1
229 4984434 268 5 0 210
230 5005080 269 4 1 4881
231 5009467 270 8 3 19537
232 5386722 287 10 10 61
233 5386722 287 0 3 11
234 5386722 287 3 8 11
235 5386722 287 0 6 24
236 5386722 287 3 1 3
237 5386722 287 6 7 807
238 5386722 287 2 4 1
239 5386722 287 9 10 7
240 5386722 287 5 5 70
241 5495558 291 3 7 111
242 5495558 291 4 8 8
243 5495558 291 7 7 333
244 5495558 291 3 0 6
245 5495558 291 2 0 8
246 5495558 291 10 0 1
247 5495558 291 4 5 25
248 5495558 291 7 0 3
249 5495558 291 10 1 2688
250 5595323 292 5 0 6
251 5602896 293 8 1 87
252 5616521 296 4 7 61
253 5664062 298 1 10 121
254 5664062 298 9 1 12
255 5664062 298 1 5 75
256 5664062 298 9 8 8519
257 5788459 303 10 9 613
258 5788459 303 1 0 1
259 5788459 303 1 8 973
260 5788459 303 3 10 14
261 5788459 303 4 0 158
262 5857139 304 3 3 9291
263 5857139 304 3 1 7
264 5857139 304 2 2 74
265 5857139 304 2 9 58
266 5857139 304 2 7 8
267 5876756 307 0 4 476
268 5899662 308 6 7 58523
269 6094541 317 7 3 54
270 6094541 317 5 3 54
271 6094541 317 1 3 109
272 6094541 317 5 9 21
273 6094541 317 2 1 14
274 6094541 317 8 3 382
275 6094541 317 0 10 55
276 6107816 320 5 0 8093
277 6169870 327 2 10 1020
278 6239035 328 3 9 2
279 6239035 328 9 0 4
280 6239035 328 5 0 1
281 6239035 328 10 5 297
282 6239035 328 6 9 2
283 6264581 330 0 7 67
284 6285529 335 1 5 7886
285 6307992 337 4 7 86
286 6354196 339 7 5 95
287 6354196 339 4 7 15
288 6354196 339 3 2 288
289 6354196 339 10 2 2880
290 6354196 339 9 5 95
291 6424248 340 8 9 15
292 6424248 340 0 0 20
293 6424248 340 0 4 1
294 6424248 340 0 9 15
295 6444812 344 4 7 106
296 6461778 346 6 5 978
297 6474134 349 5 6 568
298 6474134 349 2 6 2272
299 6488445 352 9 10 104
300 6509645 353 0 6 5
301 6509645 353 0 0 27082
302 6509645 353 0 2 34
303 6514281 355 0 6 29
304 6529221 358 1 8 49
305 6530533 359 6 9 55
306 6566331 362 8 2 2
307 6601624 367 6 10 6
308 6634606 369 10 9 168
309 6634606 369 9 7 1
310 6702288 370 7 2 9
311 6702288 370 1 3 30
312 6702288 370 0 10 11
313 6702288 370 4 8 3
314 6702288 370 2 10 11
315 6702288 370 10 5 1
316 6702288 370 4 9 46
317 6702288 370 3 2 1
318 6792128 386 0 3 488
319 6801660 387 7 9 1
320 6801660 387 9 9 1
321 6848124 388 0 1 16
322 7011140 390 8 7 38
323 7011140 390 9 5 6
324 7011140 390 6 6 114
325 7011140 390 4 3 596
326 7011140 390 4 9 174
327 7011140 390 10 8 767
328 7011140 390 5 3 2686
329 7011140 390 4 7 3
330 7069256 392 0 5 3851
331 7069256 392 10 2 117
332 7069256 392 3 0 19
333 7069256 392 7 5 1283
334 7069256 392 0 4 427
335 7276795 395 9 9 2555
336 7276795 395 10 1 3
337 7276795 395 3 6 54
338 7276795 395 10 7 1
339 7276795 395 1 8 33
340 7276795 395 3 0 440
341 7291075 396 10 1 1216
342 7384449 402 2 1 907
343 7384449 402 9 5 65
344 7410808 406 1 10 204
345 7410808 406 4 0 35
346 7580094 409 6 9 60
347 7580094 409 8 3 1
348 7580094 409 8 0 1056
349 7580094 409 5 0 528
350 7580094 409 6 6 1
351 7580094 409 2 6 1
352 7580094 409 1 8 13
353 7580094 409 1 3 7
354 7580094 409 2 4 2
355 7580094 409 10 3 1
356 7586629 410 6 3 1
357 7593744 411 9 4 206
358 7656233 413 2 1 168
359 7658401 414 7 9 40
360 7662188 415 6 1 12637
361 7717387 422 8 7 4
362 7747222 424 7 3 5146
363 7747222 424 7 8 143
364 7747222 424 7 9 6021
365 7747222 424 7 6 113
366 7747222 424 7 2 215
367 7752415 425 10 3 34
368 7996594 428 7 7 1
369 7996594 428 2 6 1
370 7996594 428 9 1 668
371 7996594 428 4 9 3
372 7996594 428 9 7 1
373 7996594 428 10 0 1
374 7996594 428 8 2 2
375 7996594 428 4 2 1
376 7996594 428 9 10 4
377 7996594 428 0 9 1
378 7996594 428 9 9 1
379 7996594 428 2 2 1
380 8136422 430 5 6 190
381 8136422 430 7 3 21
382 8136422 430 1 3 4
383 8136422 430 2 5 8
384 8136422 430 1 8 4
385 8136422 430 0 10 2
386 8136422 430 0 8 2
387 8136422 430 8 2 36
388 8170779 435 6 0 163
389 8170779 435 6 6 24
390 8170779 435 2 6 24
391 8170993 436 0 3 109
392 8178387 438 8 4 10191
393 8203413 443 6 2 42
394 8203413 443 6 7 3945
395 8230119 448 6 1 2
396 8366884 457 2 4 1
397 8366884 457 10 7 10
398 8366884 457 5 10 5
399 8366884 457 1 6 12
400 8366884 457 4 5 32
401 8366884 457 8 10 5
402 8419813 460 1 7 335
403 8527943 461 2 2 5
404 8527943 461 0 7 1
405 8527943 461 0 2 5
406 8527943 461 10 4 5
407 8527943 461 9 5 1
408 8527943 461 0 4 5
409 8527943 461 8 10 1
410 8540842 464 9 0 17
411 8881632 466 7 5 1
412 8881632 466 7 0 15
413 8881632 466 8 5 1
414 8881632 466 6 0 7
415 8881632 466 7 7 1
416 8881632 466 10 6 16
417 8881632 466 6 6 16
418 8881632 466 9 1 2
419 8881632 466 2 6 20
420 8881632 466 4 3 1801
421 8881632 466 2 9 28
422 8881632 466 1 8 1
423 8881632 466 10 8 1
424 8881632 466 7 10 2
425 8881632 466 3 5 1
426 8881632 466 7 8 1
427 8881632 466 2 3 1801
428 8881632 466 5 7 1
429 8881632 466 7 9 12
430 8881632 466 8 6 4
431 8881632 466 1 5 2
432 8881632 466 5 3 3602
433 8965524 467 2 3 1
434 8965524 467 6 5 5
435 8965524 467 10 7 23
436 8965524 467 0 9 8
437 8965524 467 9 0 3875
438 8965524 467 9 5 5
439 8965524 467 2 1 1
440 8965524 467 9 9 8
441 8965524 467 2 7 5
442 8965524 467 0 1 1
443 8988552 468 7 9 22
444 9131521 473 0 10 1
445 9131521 473 5 7 3
446 9131521 473 5 9 2
447 9425780 475 3 9 5
448 9425780 475 0 7 4
449 9425780 475 0 10 10
450 9425780 475 2 10 51
451 9425780 475 2 9 5
452 9425780 475 8 4 1
453 9425780 475 7 10 5
454 9425780 475 6 9 5
455 9425780 475 4 6 6
456 9425780 475 8 3 1
457 9425780 475 1 10 5
458 9425780 475 4 10 5
459 9425780 475 6 7 85
460 9425780 475 9 9 5
461 9425780 475 9 2 6
462 9425780 475 2 0 1
463 9425780 475 9 8 2
464 9425780 475 2 2 1
465 9428799 476 6 10 30
466 9428799 476 8 10 15
467 9479885 479 1 9 1
468 9479885 479 9 9 1
469 9490414 480 8 5 25
470 9536022 487 5 9 2682
471 9536022 487 5 0 66373
472 9536022 487 5 3 3411
473 9573172 489 9 9 62
474 9573172 489 3 8 69
475 9573172 489 0 4 48
476 9581886 491 10 10 39
477 9598499 496 10 3 2626
478 9871346 498 3 3 1
479 9871346 498 1 10 13
480 9871346 498 4 1 17
481 9871346 498 2 4 50
482 9871346 498 0 2 4
483 9871346 498 7 6 1
484 9871346 498 6 6 1
485 9871346 498 10 2 4
486 9871346 498 0 4 50
487 9871346 498 3 8 514
488 9871346 498 6 8 514
489 9871346 498 9 7 44
490 9871346 498 4 5 175
491 9871346 498 10 7 7
492 9871346 498 9 9 1
493 9871346 498 4 10 13
494 9871346 498 6 5 175
495 9871346 498 2 6 1
496 9894223 499 7 0 5705
497 9894223 499 7 10 10
498 9896999 501 4 8 5123
499 9916273 504 10 9 1333
500 9916273 504 0 10 30
501 10075107 507 1 3 2
502 10075107 507 7 6 7
503 10075107 507 5 5 49
504 10075107 507 10 4 1429
505 10075107 507 2 1 1
506 10075107 507 8 6 3
507 10075107 507 6 3 7
508 10075107 507 7 2 5
509 10075107 507 2 10 89
510 10082846 509 2 1 115
511 10137493 510 7 7 2681
512 10137493 510 6 5 3
513 10137493 510 7 2 20
514 10137493 510 6 0 189
515 10137493 510 7 8 7
516 10137493 510 7 0 47
517 10137493 510 7 9 1
518 10303694 513 9 3 5
519 10303694 513 4 3 5
520 10303694 513 8 8 1009
521 10303694 513 1 1 5
522 10303694 513 5 10 18
523 10303694 513 10 9 20
524 10303694 513 9 7 5
525 10303694 513 9 5 690
526 10348344 521 1 4 152
527 10359889 526 8 2 56
528 10376343 529 3 9 374
529 10382033 531 3 0 195
530 10382184 532 9 9 7164
531 10389449 534 3 4 114
532 10412820 535 1 7 6
533 10412820 535 9 1 238
534 10419973 537 2 10 22
535 10426471 539 10 1 6
536 10464168 542 1 5 33196
537 10490720 547 4 0 5771
538 10490720 547 4 4 109
539 10490720 547 4 10 15
540 10490720 547 4 3 33039
541 10496693 549 8 5 792
542 10517918 550 0 6 31
543 10565974 552 10 0 76
544 10857461 555 7 9 2
545 10857461 555 0 8 7
546 10857461 555 2 6 94
547 10857461 555 1 3 202
548 10857461 555 0 2 876
549 10857461 555 2 7 3
550 10857461 555 4 1 191
551 10857461 555 8 2 876
552 10857461 555 0 7 3
553 10857461 555 8 0 4
554 10857461 555 2 5 1
555 10857461 555 10 0 4
556 10857461 555 5 1 95
557 10857461 555 5 3 202
558 10857461 555 0 4 829
559 10857461 555 2 3 202
560 10857461 555 1 2 876
561 10962401 556 3 1 1
562 10962401 556 3 5 3164
563 10986467 557 3 10 162
564 10986467 557 3 5 64
565 10986467 557 3 6 36
566 10986467 557 3 1 215
567 10986467 557 3 8 1648
568 11016322 558 1 2 194
569 11016322 558 1 6 81
570 11016322 558 1 3 9246
571 11063997 562 10 4 31234
572 11091805 563 10 2 11
573 11091805 563 10 3 653
574 11091805 563 10 4 100
575 11091805 563 10 5 318
576 11099857 564 4 9 23
577 11113494 565 1 2 99585
578 11113494 565 1 5 19648
579 11228506 569 9 9 2
580 11228506 569 5 3 1
581 11228506 569 7 1 1
582 11228506 569 9 6 87
583 11228506 569 1 6 1
584 11228506 569 8 7 1
585 11228506 569 8 2 26
586 11229006 570 1 9 106
587 11241866 573 2 5 6
588 11342668 576 1 6 4
589 11342668 576 1 1 1
590 11342668 576 10 5 2438
591 11342668 576 1 0 51
592 11360734 580 0 8 233
593 11435822 583 6 2 76
594 11443855 587 4 1 12
595 11461376 588 4 1 168
596 11481578 591 0 1 40
597 11481578 591 3 10 5
598 11501898 597 3 4 14
599 11501898 597 7 4 43
600 11518605 601 6 10 6424
601 11597988 602 6 2 848
602 11597988 602 8 10 2547
603 11597988 602 6 9 19
604 11635943 606 10 10 996
605 11671464 611 1 2 8
606 11671464 611 0 2 43
607 11671464 611 10 6 205
608 11671464 611 10 2 8
609 11671464 611 8 8 990
610 11671464 611 5 8 990
611 11923717 612 6 0 71
612 11923717 612 0 0 142
613 11923717 612 7 9 1
614 11923717 612 5 1 6
615 11923717 612 10 9 31
616 11923717 612 5 5 360
617 11923717 612 7 0 71
618 11923717 612 1 2 897
619 11923717 612 5 0 214
620 11923717 612 7 1 3
621 11923717 612 6 4 26
622 11923717 612 9 4 26
623 11923717 612 9 1 13
624 11923717 612 9 7 2539
625 11923717 612 0 8 8
626 11923717 612 6 5 240
627 11923717 612 2 4 80
628 11923717 612 4 3 1
629 11923717 612 6 9 3
630 11944924 613 3 8 94
631 11944924 613 3 6 58
632 11944924 613 3 9 4062
633 11945549 614 6 5 252
634 11949753 615 2 7 39103
635 12183210 616 2 9 5
636 12183210 616 0 2 11
637 12183210 616 3 7 200
638 12183210 616 1 0 1483
639 12183210 616 6 4 1
640 12183210 616 4 8 1
641 12183210 616 9 9 8
642 12183210 616 4 9 2
643 12183210 616 10 4 1
644 12183210 616 8 2 1
645 12183210 616 10 8 6
646 12183210 616 8 1 1
647 12183210 616 1 10 3419
648 12183210 616 2 8 1
649 12183210 616 9 1 1
650 12224569 622 7 6 13081
651 12264573 626 2 9 226
652 12298343 628 1 9 181
653 12298343 628 1 2 47
654 12298343 628 1 7 2415
655 12299739 629 5 8 164
656 12323909 631 9 6 70
657 12323909 631 2 3 144
658 12331475 632 7 1 1214
659 12383487 633 5 10 15
660 12383487 633 5 0 4797
661 12394837 634 7 0 1249
662 12409539 635 5 2 135
663 12409539 635 5 4 37
664 12444861 642 9 1 5170
665 12591165 644 6 7 370
666 12591165 644 7 3 21
667 12591165 644 7 10 1
668 12591165 644 5 8 908
669 12598266 646 2 9 12
670 12616231 657 7 3 56
671 12622824 660 10 7 16605
672 12639668 662 4 4 2
673 12644554 665 8 8 45
674 12649599 667 2 7 77
675 12863405 671 7 5 30
676 12863405 671 8 7 1
677 12863405 671 4 7 1
678 12863405 671 6 6 41
679 12863405 671 10 8 5
680 12863405 671 4 8 5
681 12863405 671 0 6 8
682 12863405 671 3 2 6
683 12863405 671 9 2 6
684 12863405 671 1 0 1
685 12863405 671 2 1 476
686 12868028 672 8 5 20
687 12870505 673 9 1 956
688 12873796 674 4 2 83
689 12903472 675 2 7 2702
690 12924190 678 7 6 409
691 12924190 678 8 9 660
692 12947475 681 3 4 2639
693 12947475 681 4 4 1319
694 12947475 681 10 5 12
695 13106943 683 2 5 1
696 13106943 683 3 0 1
697 13106943 683 0 0 1
698 13106943 683 10 0 1
699 13121075 687 7 2 16
700 13154100 689 9 4 318
701 13235821 690 4 7 527
702 13235821 690 0 0 5775
703 13235821 690 0 8 150
704 13235821 690 0 1 12
705 13305767 692 7 7 181
706 13305767 692 7 3 3329
707 13328365 693 8 0 109
708 13328365 693 8 5 224
709 13643581 695 7 2 793
710 13643581 695 10 4 1
711 13643581 695 3 10 1
712 13643581 695 9 1 7
713 13643581 695 8 4 1
714 13643581 695 1 0 42
715 13643581 695 3 0 21
716 13643581 695 2 1 3
717 13643581 695 6 6 1
718 13643581 695 8 1 3
719 13643581 695 10 0 21
720 13643581 695 3 3 4
721 13643581 695 2 7 1
722 13643581 695 9 7 1
723 13643581 695 6 7 1
724 13643581 695 5 0 21
725 13643581 695 9 6 1
726 13643581 695 5 9 214
727 13728341 698 10 4 89
728 13728341 698 10 2 25
729 13728341 698 2 2 153
730 13766423 701 0 9 1
731 13828201 702 0 2 28
732 13828201 702 0 0 2375
733 13828201 702 0 5 112
734 13828201 702 4 5 112
735 13828201 702 3 3 1
736 13828201 702 0 10 1
737 13828201 702 4 3 13
738 13828201 702 0 9 6
739 13890551 703 2 4 57
740 13988639 716 3 10 175
741 14107042 718 8 9 31
742 14107042 718 10 3 15
743 14107042 718 0 9 31
744 14107042 718 7 3 15
745 14107042 718 2 7 23
746 14107042 718 6 10 2
747 14107042 718 8 1 39
748 14107042 718 5 8 4366
749 14107042 718 8 7 5
750 14211682 727 10 10 104
751 14211682 727 8 0 769
752 14225664 731 3 10 2
753 14296617 732 5 5 26
754 14296617 732 7 0 1
755 14296617 732 4 2 240
756 14369308 735 9 8 70
757 14420371 739 10 6 35
758 14420371 739 10 7 96
759 14587226 741 7 6 5
760 14587226 741 6 8 1
761 14587226 741 1 4 3198
762 14587226 741 6 5 22
763 14587226 741 10 0 1634
764 14587226 741 5 1 40583
765 14587226 741 10 2 3
766 14587226 741 9 4 33
767 14619009 744 6 8 1133
768 14619009 744 1 3 64
769 14619009 744 6 3 1
770 14800111 751 2 9 31
771 14800111 751 2 2 119
772 14800111 751 1 10 51
773 14800111 751 1 8 1
774 14800111 751 6 7 3
775 14800111 751 10 2 15409
776 14826743 752 1 0 168
777 14828557 753 9 4 9625
778 14864416 755 9 7 346
779 14864416 755 9 9 56
780 14864416 755 9 0 195
781 14864416 755 9 8 92
782 14905194 757 7 5 578
783 14905194 757 5 5 578
784 14936873 765 9 0 12661
785 15023276 766 0 3 1
786 15023276 766 8 10 106
787 15023276 766 5 7 7
788 15023276 766 2 7 7
789 15023276 766 3 3 1
790 15023276 766 1 6 172
791 15109038 773 6 10 17
792 15117609 774 7 5 98
793 15146960 778 5 1 279
794 15146960 778 7 9 14
795 15146960 778 8 9 7
796 15149518 779 4 1 18222
797 15166058 780 3 5 4
798 15166058 780 2 1 117
799 15166058 780 1 1 117
800 15178052 783 7 10 8
801 15196544 787 1 4 3
802 15196544 787 4 4 18
803 15196544 787 2 4 78
804 15204404 789 3 2 30
805 15241854 798 4 8 632
806 15241854 798 4 10 193
807 15241854 798 4 3 11778
808 15241854 798 4 9 293
809 15275249 804 4 6 21
810 15294020 807 3 10 55
811 15323569 816 7 10 175
812 15635247 822 8 5 156
813 15635247 822 7 10 1
814 15635247 822 0 4 1
815 15635247 822 2 9 1
816 15635247 822 8 1 1
817 15635247 822 9 6 4
818 15635247 822 10 2 3
819 15635247 822 8 6 4
820 15635247 822 8 0 1
821 15635247 822 7 6 13
822 15864535 823 2 0 8
823 15864535 823 10 9 1
824 15864535 823 2 4 3553
825 15864535 823 1 6 1980
826 15864535 823 1 5 4195
827 15864535 823 10 5 599
828 15864535 823 10 7 751
829 15864535 823 10 10 1
830 15864535 823 3 3 4
831 15864535 823 3 0 8
832 15864535 823 10 6 7637
833 15864535 823 5 7 751
834 15937204 825 5 2 27
835 15937204 825 0 2 27
836 15937204 825 0 0 3
837 15978414 830 8 2 21
838 15978414 830 0 5 5
839 15978414 830 8 1 24
840 15979631 831 1 10 1198
841 16031133 833 7 1 62
842 16064828 834 7 9 2
843 16064828 834 9 9 14
844 16087087 841 1 0 334
845 16118407 842 1 6 11325
846 16132252 844 7 9 283
847 16143216 845 2 7 4
848 16164579 847 6 6 38995
849 16216644 857 9 0 2932
850 16241685 859 6 9 148
851 16444665 864 2 7 1
852 16444665 864 9 5 15
853 16444665 864 1 1 4
854 16444665 864 7 5 30
855 16444665 864 10 1 14
856 16444665 864 1 8 226
857 16444665 864 7 6 4
858 16445097 865 4 2 165
859 16465135 870 0 3 6
860 16486243 871 10 8 8344
861 16496491 872 6 10 5
862 16496491 872 1 4 73
863 16526212 874 2 5 668
864 16540933 875 3 7 9
865 16549652 879 1 5 24
866 16695714 886 4 5 25
867 16695714 886 8 8 20
868 16695714 886 3 6 8888
869 16695714 886 10 4 19
870 16695714 886 6 4 1
871 16695714 886 10 3 12
872 16695714 886 0 2 82
873 16695714 886 4 1 5
874 16724773 889 9 2 34
875 16844396 894 0 5 1
876 16844396 894 3 1 19
877 16844396 894 8 3 6
878 16844396 894 10 9 35
879 16844396 894 0 10 33
880 16844396 894 2 4 56
881 16844396 894 0 2 11
882 16852864 895 5 9 36
883 16917308 896 8 9 10
884 16917308 896 4 9 10
885 16917308 896 8 2 38
886 16917308 896 2 3 4760
887 16917308 896 8 3 3173
888 16951983 899 6 0 1733
889 16951983 899 6 7 61
890 16951983 899 6 5 249
891 16971769 901 0 3 1484
892 16971769 901 10 3 7420
893 16971769 901 6 2 30
894 17009307 903 1 4 337
895 17009411 904 5 6 59
896 17027782 905 1 8 95
897 17084980 907 4 2 821
898 17084980 907 4 10 3
899 17084980 907 4 3 18
900 17162244 913 10 2 38
901 17216524 919 6 1 1
902 17222441 920 2 10 8
903 17222441 920 6 10 8
904 17257148 924 1 6 1
905 17292803 926 7 0 37
906 17292803 926 7 4 65
907 17298117 928 7 10 102
908 17583066 929 9 9 4
909 17583066 929 0 0 5
910 17583066 929 10 10 1
911 17583066 929 0 3 6
912 17583066 929 7 5 4774
913 17583066 929 4 6 54
914 17583066 929 5 7 18
915 17583066 929 1 7 2
916 17583066 929 0 1 2
917 17583066 929 8 7 6
918 17583066 929 0 10 1
919 17583066 929 9 1 2
920 17583066 929 4 2 4
921 17751930 930 0 8 309
922 17751930 930 0 2 7
923 17751930 930 6 2 7
924 17751930 930 7 2 7
925 17751930 930 6 4 15609
926 17751930 930 10 3 15
927 17751930 930 3 0 2492
928 17751930 930 1 10 683
929 17751930 930 9 2 7
930 17751930 930 2 1 28
931 17751930 930 4 6 79
932 17904428 931 6 2 1607
933 17904428 931 6 3 24
934 17904428 931 3 9 2119
935 17904428 931 7 5 2443
936 17904428 931 2 0 11622
937 17904428 931 2 8 4
938 17904428 931 1 1 10
939 17904428 931 4 1 10
940 17904428 931 5 1 10
941 17904428 931 8 10 225
942 17904428 931 5 0 1056
943 18005337 932 6 0 2
944 18005337 932 4 9 4
945 18005337 932 6 10 47
946 18005337 932 7 1 6232
947 18005337 932 5 3 13
948 18005337 932 8 0 2
949 18005337 932 0 2 1805
950 18029550 937 4 6 76
951 18050925 939 3 8 14263
952 18337617 941 4 5 41
953 18337617 941 7 0 16
954 18337617 941 0 3 1
955 18337617 941 3 3 2
956 18337617 941 1 5 13
957 18337617 941 9 2 8
958 18337617 941 1 6 5
959 18337617 941 10 6 10
960 18337617 941 5 2 2
961 18337617 941 1 9 2610
962 18337617 941 9 5 13
963 18337617 941 3 10 18
964 18337617 941 10 5 13
965 18337617 941 0 4 3
966 18337617 941 6 1 96
967 18341628 943 6 0 1
968 18374894 948 6 6 791
969 18374894 948 6 7 18
970 18381990 949 2 4 3132
971 18407242 950 3 8 7
972 18419588 955 7 4 6343
973 18469137 959 10 1 1320
974 18469137 959 10 6 11
975 18508248 965 9 8 9024
976 18697348 967 7 5 7
977 18697348 967 0 2 15
978 18697348 967 0 0 9
979 18697348 967 5 0 9
980 18697348 967 5 6 3080
981 18697348 967 6 8 44
982 18697348 967 0 1 369
983 18697348 967 0 4 14
984 18722555 970 4 3 16276
985 18732776 971 0 8 30
986 18732776 971 10 8 30
987 18757351 972 10 2 558
988 18757351 972 10 4 228
989 18808706 973 0 2 17
990 18808706 973 0 0 2
991 18841664 979 0 1 41
992 18841664 979 4 7 105
993 18851505 980 7 10 306
994 18860945 986 1 0 968
995 18908484 993 4 10 91
996 18950306 994 8 4 38
997 18950306 994 1 0 3
998 18950306 994 5 4 38
999 18950306 994 7 1 8
