11 352 1000
0 13391 0 9 8 56
1 13391 0 1 9 151
2 13391 0 9 1 6
3 13391 0 9 2 76
4 13391 0 1 7 23
5 13391 0 9 10 942
6 14254 2 0 10 1004
7 51107 3 10 10 1871
8 51107 3 9 5 5552
9 59157 4 5 8 14
10 93421 9 4 1 2
11 93421 9 7 0 7
12 93421 9 4 6 70
13 93421 9 1 10 7
14 131147 13 3 4 1361
15 131147 13 8 4 340
16 131147 13 8 10 297
17 171575 17 6 9 1976
18 171575 17 5 5 16
19 171575 17 6 8 1
20 171575 17 3 8 6
21 179016 18 1 9 179
22 179016 18 1 2 19
23 201395 21 3 2 1009
24 201395 21 4 9 47
25 201395 21 3 4 45
26 201395 21 3 9 94
27 201395 21 4 1 31
28 205474 23 10 10 4218
29 205608 24 7 4 6073
30 217469 27 10 0 130
31 237045 29 10 6 2425
32 237045 29 2 5 28
33 237045 29 2 0 72
34 237045 29 2 2 8778
35 243481 31 3 3 475
36 243481 31 4 7 4140
37 246125 32 0 4 14
38 247674 36 3 4 53
39 259554 37 3 8 6
40 267850 38 2 5 55
41 271896 39 4 5 6
42 271896 39 10 5 6
43 282888 41 10 8 44
44 282888 41 10 1 3192
45 284259 42 8 0 5
46 290691 45 5 6 2127
47 290691 45 6 6 1063
48 292620 48 8 8 26
49 302157 50 1 3 14
50 302157 50 9 0 44
51 302157 50 10 8 1
52 382307 51 3 2 5
53 382307 51 3 0 10
54 382307 51 3 6 1
55 382307 51 5 3 15
56 382307 51 9 1 15
57 384541 54 0 10 4501
58 384541 54 9 10 4501
59 391545 58 1 2 7830
60 431384 59 5 8 15
61 431384 59 8 1 22
62 431384 59 8 4 6
63 431384 59 5 9 36
64 431384 59 2 3 5
65 439383 61 2 2 24
66 443534 64 2 6 218
67 454206 66 0 8 966
68 484170 72 6 10 83
69 534787 75 0 8 1
70 534787 75 5 10 3
71 534787 75 8 0 63
72 534787 75 2 9 1
73 534787 75 9 6 14
74 534787 75 10 3 33
75 614865 84 4 8 3
76 614865 84 7 3 4
77 614865 84 6 7 65
78 614865 84 4 6 1
79 614865 84 7 7 21
80 614865 84 2 9 84
81 614865 84 10 9 1
82 614865 84 4 1 120
83 614865 84 3 3 8
84 614865 84 10 2 77
85 615047 85 9 6 404
86 631487 89 7 7 1448
87 631487 89 7 5 6
88 631487 89 7 6 1461
89 632647 90 8 3 184
90 638855 91 4 2 550
91 638855 91 6 2 2201
92 638855 91 1 2 10456
93 649175 94 9 5 756
94 649175 94 5 5 756
95 662502 97 7 9 5530
96 699619 99 9 10 3070
97 699619 99 7 9 42
98 699619 99 9 6 70
99 699619 99 0 4 28
100 699619 99 7 2 19
101 699619 99 9 5 5
102 763240 102 6 2 483
103 763240 102 5 7 2
104 763240 102 1 4 4
105 763240 102 0 0 35
106 763240 102 1 7 2
107 763240 102 5 1 3
108 763240 102 2 10 21
109 763240 102 8 6 31
110 763240 102 3 9 9
111 763240 102 8 10 21
112 774349 104 4 8 216
113 774349 104 4 3 2306
114 776167 106 4 9 39149
115 805529 108 6 2 1
116 805529 108 2 5 16
117 805529 108 2 3 69
118 805529 108 4 0 226
119 805529 108 6 5 8
120 809413 110 3 5 196
121 809413 110 3 9 116
122 829043 117 0 2 132816
123 838376 118 4 2 2
124 840183 120 1 7 62
125 849128 126 3 0 39
126 865235 127 0 6 358
127 865235 127 0 8 19017
128 875569 132 5 1 6
129 897772 136 1 3 16
130 897772 136 8 7 14
131 897772 136 8 4 6084
132 897772 136 1 8 15
133 948996 137 9 4 99
134 948996 137 9 0 4
135 948996 137 8 9 6410
136 948996 137 2 2 63
137 954172 140 7 4 142
138 978339 146 10 4 11
139 978339 146 8 4 11
140 982062 148 1 10 43
141 982062 148 2 10 21
142 1048084 154 0 7 642
143 1048084 154 6 5 69
144 1048084 154 4 1 16
145 1048084 154 5 2 498
146 1048084 154 3 7 1284
147 1048084 154 9 8 21
148 1048084 154 4 6 460
149 1048084 154 0 6 115
150 1048084 154 10 8 87
151 1048084 154 6 4 10
152 1048084 154 9 3 28
153 1048084 154 9 4 10
154 1051480 156 1 8 23
155 1113658 160 9 0 11
156 1113658 160 4 6 5
157 1113658 160 0 5 35
158 1113658 160 9 1 1
159 1113658 160 10 3 7
160 1113658 160 8 10 5
161 1115892 161 0 8 17
162 1135930 162 8 6 14
163 1135930 162 7 0 3799
164 1135930 162 3 4 15
165 1146417 165 9 5 110
166 1150028 168 1 2 15
167 1150785 169 3 4 102
168 1164428 172 6 8 29
169 1175269 174 2 2 9
170 1175269 174 0 4 18
171 1175269 174 1 7 14
172 1197286 177 0 9 9
173 1197286 177 0 6 344
174 1197286 177 3 5 42
175 1197286 177 0 2 189
176 1197286 177 3 8 268
177 1198278 178 7 0 104
178 1198278 178 9 0 104
179 1212649 187 9 9 71
180 1218399 190 10 0 36
181 1219146 191 8 6 7153
182 1227011 192 3 9 1320
183 1227413 193 5 3 108
184 1277536 198 10 0 5
185 1277536 198 5 5 1
186 1277536 198 0 2 2
187 1277536 198 5 9 31
188 1277536 198 10 8 11
189 1277773 199 7 0 72
190 1282990 202 3 1 8
191 1296800 203 7 3 353
192 1296800 203 8 5 8684
193 1296800 203 8 3 1767
194 1296800 203 8 6 48
195 1296800 203 8 0 228
196 1299562 205 0 3 62
197 1304160 208 10 7 217
198 1309127 209 4 5 39
199 1309127 209 7 5 39
200 1323060 210 3 3 1
201 1323060 210 1 3 1
202 1323060 210 8 3 299
203 1327538 216 9 5 2
204 1332384 217 7 4 13
205 1335056 218 1 2 17074
206 1345285 225 6 8 316
207 1371444 229 2 9 74
208 1371444 229 2 0 31
209 1399459 230 3 9 29
210 1399459 230 3 2 1
211 1399459 230 3 3 136
212 1399459 230 8 8 135
213 1401687 231 4 6 2
214 1403901 232 10 5 1
215 1403901 232 6 5 18
216 1453766 233 9 2 4
217 1453766 233 0 1 4
218 1453766 233 9 1 8
219 1453766 233 0 7 1
220 1453766 233 4 8 5
221 1453766 233 0 2 13
222 1453766 233 1 3 4
223 1453766 233 5 7 1
224 1478112 237 4 3 1
225 1478112 237 4 2 27
226 1478112 237 4 0 72
227 1487320 239 5 1 9
228 1487320 239 7 1 18
229 1543209 241 1 5 3364
230 1543209 241 6 7 6
231 1543209 241 4 4 14
232 1543209 241 3 10 4056
233 1543209 241 3 8 1
234 1543209 241 7 3 1
235 1543209 241 9 10 1014
236 1543209 241 6 0 9
237 1543209 241 3 9 1226
238 1543635 243 10 1 22
239 1546453 244 10 9 11740
240 1549380 246 10 0 30
241 1558378 258 3 0 83
242 1585642 259 2 10 622
243 1585642 259 0 8 2025
244 1585642 259 6 0 14
245 1585642 259 8 5 600
246 1585642 259 7 8 2025
247 1647348 262 9 4 1
248 1647348 262 9 10 6
249 1647348 262 4 2 13
250 1647348 262 0 7 1
251 1647348 262 9 2 6
252 1647348 262 2 0 9
253 1647348 262 8 3 1
254 1647348 262 2 4 9
255 1647348 262 3 6 51
256 1655065 263 1 10 4572
257 1668360 269 4 2 8281
258 1674954 271 2 7 8
259 1677102 274 8 9 85
260 1680480 279 6 1 37
261 1689436 282 8 6 237
262 1698261 285 4 8 94
263 1795574 287 0 2 6
264 1795574 287 1 9 3
265 1795574 287 7 5 2
266 1795574 287 8 5 2
267 1795574 287 10 5 4
268 1795574 287 3 4 1
269 1795574 287 5 3 5
270 1795574 287 0 1 6
271 1796823 289 10 10 47
272 1831852 291 5 3 9080
273 1831852 291 4 9 182
274 1831852 291 3 2 3435
275 1831852 291 10 9 365
276 1831852 291 10 0 1
277 1865107 292 4 10 1
278 1865107 292 9 1 197
279 1865107 292 8 0 6
280 1865107 292 1 8 1090
281 1865107 292 7 6 106
282 1865107 292 2 10 1
283 1865107 292 5 0 6
284 1867632 293 8 1 87
285 1888020 298 9 4 483
286 1888020 298 1 0 21
287 1888020 298 1 2 37
288 1891850 301 1 6 4864
289 1929486 303 4 8 324
290 1929486 303 10 6 397
291 1929486 303 10 2 1892
292 1929486 303 8 9 204
293 1929486 303 0 6 397
294 1929486 303 10 7 33
295 1929486 303 9 6 1193
296 1929486 303 1 1 75
297 1952379 304 3 6 1731
298 1952379 304 3 4 11
299 1952379 304 3 1 7
300 1952379 304 3 9 58
301 1952379 304 3 10 1954
302 1952379 304 2 0 206
303 1952379 304 2 6 577
304 1966554 308 6 10 9873
305 1966554 308 6 1 147
306 1976724 311 0 10 19
307 2031513 317 5 10 55
308 2031513 317 6 2 565
309 2031513 317 10 8 83
310 2031513 317 5 3 54
311 2031513 317 0 1 14
312 2031513 317 8 5 964
313 2031513 317 6 9 10
314 2031513 317 6 0 4
315 2031513 317 8 3 382
316 2031513 317 1 3 109
317 2031513 317 2 0 4
318 2050322 324 10 5 7
319 2050322 324 9 9 47
320 2056623 327 1 3 3434
321 2079678 328 5 0 1
322 2079678 328 10 9 14
323 2079678 328 0 0 1
324 2088830 333 3 5 304
325 2089663 334 1 9 1536
326 2095176 335 1 9 28
327 2095176 335 1 7 96
328 2095176 335 1 6 179
329 2095176 335 1 5 7886
330 2102664 337 4 7 86
331 2102664 337 4 6 86
332 2103134 338 4 5 18
333 2118065 339 8 5 95
334 2118065 339 6 3 215
335 2141416 340 9 0 40
336 2141416 340 2 4 1
337 2141416 340 7 7 2998
338 2148270 344 4 7 106
339 2151696 345 7 3 13
340 2153926 346 1 5 1467
341 2158044 349 5 6 568
342 2160706 350 9 6 38
343 2169881 353 0 3 163
344 2176407 358 0 4 7138
345 2180805 360 9 5 19696
346 2192293 363 8 4 62
347 2200541 367 6 10 6
348 2211535 369 3 3 18
349 2234096 370 0 8 6
350 2234096 370 0 10 11
351 2238235 374 7 10 23
352 2256678 380 10 7 110
353 2256678 380 10 8 9844
354 2259086 382 1 0 15
355 2264042 386 0 3 488
356 2264042 386 6 3 976
357 2267220 387 5 9 1
358 2282708 388 7 0 709
359 2282708 388 7 4 84
360 2337046 390 0 0 14
361 2337046 390 7 8 767
362 2337046 390 7 9 1924
363 2337046 390 8 8 767
364 2337046 390 5 10 1
365 2337565 391 5 3 356
366 2356418 392 5 5 1283
367 2356418 392 1 4 854
368 2356418 392 8 4 427
369 2425598 395 5 0 2203
370 2425598 395 8 10 31
371 2425598 395 2 3 10
372 2425598 395 10 1 3
373 2425598 395 5 7 3
374 2425598 395 1 10 10
375 2425598 395 1 6 27
376 2425598 395 2 4 1
377 2425598 395 8 8 33
378 2432081 398 3 9 12
379 2433847 399 5 7 15502
380 2438212 401 5 3 2385
381 2461483 402 9 9 42
382 2461483 402 9 1 1815
383 2461483 402 2 1 907
384 2461483 402 9 0 2920
385 2465866 405 7 5 15
386 2470269 406 4 0 35
387 2480021 407 2 10 6135
388 2480021 407 2 8 611
389 2480021 407 2 3 139
390 2480021 407 2 4 49
391 2526698 409 5 0 528
392 2526698 409 8 1 542
393 2526698 409 1 3 7
394 2526698 409 10 8 13
395 2526698 409 8 0 1056
396 2526698 409 10 6 11
397 2526698 409 8 5 797
398 2526698 409 2 7 2
399 2552077 413 2 5 900
400 2552077 413 9 4 9414
401 2556060 416 8 1 2
402 2556812 418 6 5 259
403 2557433 419 3 8 77
404 2572462 422 5 3 54
405 2572462 422 9 7 4
406 2582407 424 7 6 113
407 2582407 424 7 1 86
408 2584138 425 10 3 34
409 2665531 428 7 10 4
410 2665531 428 2 7 1
411 2665531 428 1 7 1
412 2665531 428 0 8 7
413 2665531 428 8 8 2
414 2665531 428 0 3 3
415 2665531 428 2 3 3
416 2665531 428 4 6 1
417 2665531 428 0 7 1
418 2665531 428 10 1 668
419 2665531 428 1 3 136
420 2665531 428 6 10 4
421 2665531 428 10 6 1
422 2712140 430 3 2 18
423 2712140 430 2 8 2
424 2712140 430 0 3 2
425 2712140 430 2 5 8
426 2712140 430 2 10 2
427 2712140 430 8 0 40
428 2712140 430 3 5 16
429 2712140 430 7 5 16
430 2712140 430 0 2 18
431 2712140 430 9 4 67
432 2712140 430 7 3 21
433 2712140 430 7 4 3
434 2712140 430 4 1 7361
435 2712140 430 3 4 7
436 2723593 435 7 6 24
437 2734471 443 6 6 1210
438 2740245 445 7 0 52
439 2751417 455 5 0 30
440 2788961 457 4 5 32
441 2788961 457 1 6 12
442 2788961 457 0 5 64
443 2806604 460 1 4 4695
444 2806604 460 1 1 356
445 2842647 461 3 7 1
446 2842647 461 8 0 1
447 2842647 461 4 6 122
448 2842647 461 9 6 122
449 2842647 461 0 2 5
450 2842647 461 8 10 1
451 2842647 461 5 5 163
452 2842647 461 5 2 55
453 2842647 461 9 5 1
454 2842647 461 4 0 1
455 2842647 461 6 9 85
456 2842647 461 4 8 9
457 2842647 461 8 5 283
458 2845764 463 2 0 60
459 2846947 464 9 0 17
460 2960544 466 0 9 20
461 2960544 466 0 6 12
462 2960544 466 2 1 5
463 2960544 466 10 10 4
464 2960544 466 3 2 100
465 2960544 466 1 6 4
466 2960544 466 6 9 4
467 2960544 466 3 6 8
468 2960544 466 5 10 4
469 2960544 466 7 4 652
470 2960544 466 1 2 804
471 2960544 466 1 0 7
472 2960544 466 6 3 1801
473 2988508 467 2 7 5
474 2996184 468 7 8 13074
475 2996184 468 7 9 22
476 2999347 470 9 2 75
477 3004328 471 4 10 7385
478 3004328 471 6 10 923
479 3004328 471 10 10 2769
480 3004328 471 1 10 923
481 3012165 472 8 0 14
482 3012165 472 9 0 7
483 3043840 473 6 6 5
484 3043840 473 9 8 52
485 3043840 473 8 8 104
486 3141926 475 4 1 6
487 3141926 475 7 3 1
488 3141926 475 4 4 1
489 3141926 475 2 4 8
490 3141926 475 1 8 2
491 3141926 475 5 8 2
492 3141926 475 8 2 3
493 3141926 475 4 8 2
494 3141926 475 3 0 1
495 3141926 475 0 3 1
496 3141926 475 9 1 6
497 3141926 475 9 2 6
498 3141926 475 6 5 2
499 3152497 477 2 2 17757
500 3152497 477 2 9 103
501 3152497 477 2 0 196
502 3159961 479 3 9 2
503 3159961 479 6 9 1
504 3166738 483 7 10 8
505 3191057 489 9 10 7526
506 3193962 491 2 10 39
507 3199499 496 10 3 2626
508 3290448 498 10 3 4
509 3290448 498 7 9 18
510 3290448 498 5 0 10
511 3290448 498 4 10 13
512 3290448 498 0 3 1
513 3290448 498 5 8 514
514 3290448 498 2 10 13
515 3290448 498 0 10 13
516 3290448 498 7 5 8250
517 3290448 498 0 8 1028
518 3290448 498 10 7 7
519 3290448 498 0 5 1579
520 3290448 498 2 1 17
521 3290448 498 4 6 1
522 3290448 498 9 1 319
523 3290448 498 4 7 7
524 3290448 498 3 8 514
525 3298074 499 7 10 10
526 3298074 499 7 9 100
527 3358369 507 1 10 178
528 3358369 507 1 6 3
529 3358369 507 0 9 7
530 3358369 507 8 7 145
531 3358369 507 6 1 1
532 3358369 507 8 4 1429
533 3358369 507 7 7 72
534 3358369 507 4 7 72
535 3358369 507 10 4 1429
536 3360352 508 5 8 38
537 3360948 509 2 1 115
538 3379164 510 7 7 2681
539 3379164 510 7 3 4
540 3379164 510 7 4 1991
541 3379890 512 2 3 5300
542 3434564 513 1 8 5049
543 3434564 513 10 9 20
544 3434564 513 5 2 6
545 3434564 513 8 1 5
546 3434564 513 8 3 5
547 3434564 513 5 10 18
548 3434564 513 2 9 20
549 3434564 513 6 7 11
550 3434564 513 9 3 5
551 3445954 516 5 3 1
552 3458781 529 4 9 374
553 3460677 531 3 0 195
554 3461664 533 9 4 779
555 3463149 534 3 4 114
556 3473324 537 4 10 11
557 3473324 537 7 10 11
558 3496906 547 4 9 79
559 3496906 547 4 10 15
560 3518670 551 5 1 3
561 3619153 555 0 1 95
562 3619153 555 0 3 202
563 3619153 555 1 3 202
564 3619153 555 10 7 7
565 3619153 555 8 6 23
566 3619153 555 5 9 2
567 3619153 555 10 6 47
568 3619153 555 7 0 1
569 3619153 555 3 2 876
570 3619153 555 9 3 202
571 3619153 555 0 9 2
572 3619153 555 6 1 191
573 3619153 555 10 1 95
574 3619153 555 0 4 829
575 3619153 555 0 6 47
576 3619153 555 10 3 607
577 3654133 556 8 0 1
578 3654133 556 10 1 1
579 3654133 556 3 3 23
580 3654133 556 9 1 1
581 3654133 556 5 4 4
582 3662155 557 3 10 162
583 3672107 558 1 2 194
584 3704938 566 3 6 39
585 3742835 569 4 10 73
586 3742835 569 1 6 1
587 3742835 569 5 6 1
588 3742835 569 1 2 13
589 3742835 569 2 7 8
590 3742835 569 4 8 1
591 3742835 569 10 10 49
592 3742835 569 8 0 26
593 3742835 569 1 8 8
594 3742835 569 8 6 1
595 3747288 573 2 5 6
596 3780889 576 6 6 9
597 3780889 576 1 4 37
598 3780889 576 0 7 9
599 3780889 576 6 3 30
600 3780889 576 10 10 989
601 3780889 576 0 3 30
602 3785960 578 7 8 467
603 3820458 588 4 7 10
604 3820458 588 4 3 51
605 3820458 588 4 1 168
606 3827192 591 2 1 1
607 3827192 591 9 1 1
608 3865996 602 8 5 30
609 3865996 602 8 3 56
610 3865996 602 6 0 4869
611 3865996 602 8 7 111
612 3867614 605 4 6 53
613 3878647 606 10 1 70
614 3890488 611 7 6 205
615 3890488 611 3 4 39
616 3890488 611 7 2 147
617 3974572 612 5 1 6
618 3974572 612 4 6 1
619 3974572 612 7 1 3
620 3974572 612 0 9 1
621 3974572 612 2 9 14
622 3974572 612 6 10 5
623 3974572 612 10 8 26
624 3974572 612 0 2 897
625 3974572 612 9 6 3
626 3974572 612 8 5 120
627 3974572 612 3 7 5079
628 3974572 612 4 7 2539
629 3974572 612 3 8 8
630 3974572 612 10 0 142
631 3974572 612 6 7 2539
632 3974572 612 10 1 6
633 3974572 612 1 1 3
634 3974572 612 6 5 240
635 3974572 612 7 3 1
636 3981641 613 3 9 4062
637 3981641 613 3 5 22
638 4061070 616 7 1 1
639 4061070 616 2 5 1227
640 4061070 616 2 7 200
641 4061070 616 8 3 20
642 4061070 616 6 9 11
643 4061070 616 6 4 1
644 4061070 616 9 4 1
645 4061070 616 7 10 854
646 4061070 616 6 5 1227
647 4061070 616 4 1 1
648 4061070 616 3 3 62
649 4061070 616 7 0 494
650 4061070 616 6 6 108
651 4061070 616 2 1 1
652 4061070 616 3 1 1
653 4061070 616 3 6 36
654 4061070 616 3 0 988
655 4061070 616 4 3 20
656 4061070 616 0 5 1227
657 4061070 616 0 8 1
658 4061070 616 1 4 1
659 4061070 616 2 3 83
660 4062585 617 4 2 116
661 4066463 618 2 8 38
662 4067640 619 8 6 91
663 4090390 627 1 4 258
664 4090390 627 1 7 2270
665 4099447 628 1 3 228
666 4099447 628 1 10 95
667 4127829 633 5 2 6
668 4127829 633 5 5 19724
669 4131612 634 7 5 82
670 4136513 635 5 3 16
671 4146951 638 0 6 40
672 4147235 639 2 3 55
673 4197055 644 9 8 3635
674 4197055 644 9 10 2
675 4197055 644 0 0 25
676 4197055 644 7 3 21
677 4197055 644 7 0 8
678 4197055 644 5 8 908
679 4200760 648 9 2 178
680 4202721 652 3 8 767
681 4202795 653 7 10 4838
682 4205526 658 0 3 6037
683 4216533 667 2 7 77
684 4220890 668 5 5 82
685 4221123 669 1 5 24
686 4287801 671 0 10 24
687 4287801 671 2 7 1
688 4287801 671 10 8 5
689 4287801 671 6 4 3355
690 4287801 671 1 5 30
691 4289342 672 8 2 85
692 4301157 675 2 7 2702
693 4315825 681 1 5 12
694 4315825 681 0 4 2639
695 4368981 683 4 6 10
696 4368981 683 6 5 1
697 4368981 683 6 8 5
698 4368981 683 9 7 548
699 4368981 683 4 4 3833
700 4368981 683 5 1 25
701 4368981 683 5 3 29
702 4370425 686 7 1 88
703 4373691 687 2 8 23
704 4373691 687 0 2 16
705 4373691 687 10 2 32
706 4411940 690 8 1 1
707 4411940 690 8 6 14
708 4411940 690 0 2 81
709 4411940 690 8 5 4
710 4435255 692 10 4 19
711 4435255 692 2 6 43
712 4442788 693 8 4 80
713 4442788 693 8 10 1001
714 4442788 693 8 5 224
715 4442788 693 8 0 109
716 4547860 695 0 4 1
717 4547860 695 3 9 214
718 4547860 695 8 5 28
719 4547860 695 9 9 214
720 4547860 695 4 2 1587
721 4547860 695 7 7 1
722 4547860 695 10 2 1587
723 4547860 695 4 4 1
724 4547860 695 6 8 1
725 4547860 695 3 3 4
726 4547860 695 8 3 26
727 4547860 695 0 10 3
728 4547860 695 9 10 1
729 4547860 695 5 1 3
730 4547860 695 0 1 3
731 4576113 698 2 1 3
732 4576113 698 10 1 12
733 4576113 698 2 2 153
734 4588807 701 6 9 1
735 4588807 701 10 2 7
736 4609400 702 4 7 81
737 4609400 702 0 1 25
738 4609400 702 3 4 649
739 4609400 702 4 2 28
740 4630183 703 2 10 81
741 4630183 703 9 8 52
742 4647710 710 3 3 119
743 4647710 710 3 4 1221
744 4702347 718 0 9 31
745 4702347 718 1 1 6
746 4702347 718 8 1 39
747 4702347 718 7 5 3430
748 4702347 718 2 8 1455
749 4702347 718 2 7 23
750 4702347 718 6 10 2
751 4702347 718 5 1 6
752 4702347 718 10 8 1455
753 4720893 723 3 10 11
754 4720893 723 3 5 29
755 4727980 724 6 2 205
756 4727980 724 6 4 24
757 4765539 732 0 1 103
758 4765539 732 9 0 2
759 4765539 732 4 3 39
760 4766009 733 10 8 12
761 4789769 735 9 0 35
762 4789769 735 9 2 1
763 4789769 735 9 10 136
764 4797473 737 0 0 44
765 4797753 738 5 1 213
766 4806790 739 10 3 809
767 4862408 741 10 4 33
768 4862408 741 4 8 1
769 4862408 741 6 5 22
770 4862408 741 1 9 119
771 4862408 741 10 2 3
772 4862408 741 10 7 2
773 4863085 742 7 10 31
774 4873003 744 8 8 75
775 4875256 748 5 8 56
776 4884467 749 10 0 33
777 4933370 751 8 3 485
778 4933370 751 7 2 477
779 4933370 751 1 6 167
780 4933370 751 0 5 12
781 4933370 751 9 7 3
782 4933370 751 6 1 15
783 4933370 751 1 8 1
784 4933370 751 7 6 55
785 4933370 751 10 6 950
786 4942247 752 1 9 1
787 4943198 754 0 1 40
788 4968398 757 3 0 7
789 4968398 757 5 5 578
790 4976038 761 8 5 91
791 4976038 761 6 5 45
792 5007758 766 4 4 32
793 5007758 766 7 7 3
794 5007758 766 0 10 30
795 5007758 766 2 6 14
796 5007758 766 8 10 106
797 5029296 768 8 0 103
798 5029296 768 8 4 59
799 5029296 768 0 4 59
800 5036346 773 6 10 17
801 5043206 777 10 6 150
802 5063051 786 6 0 54
803 5065514 787 2 4 78
804 5065514 787 8 4 6
805 5080618 798 4 9 293
806 5080618 798 4 0 65
807 5084042 802 5 0 43
808 5098853 809 0 8 54
809 5211749 822 8 2 3
810 5211749 822 7 1 1
811 5211749 822 4 1 1
812 5211749 822 8 0 1
813 5211749 822 7 7 691
814 5211749 822 5 4 1
815 5211749 822 8 7 138
816 5211749 822 7 4 1
817 5211749 822 0 1 1
818 5211749 822 3 1 1
819 5211749 822 8 4 1
820 5211749 822 10 9 1
821 5211749 822 10 0 1
822 5211749 822 6 4 1
823 5288178 823 10 10 1
824 5288178 823 9 0 8
825 5288178 823 10 2 12
826 5288178 823 3 7 3756
827 5288178 823 8 3 9
828 5288178 823 3 8 10
829 5312401 825 4 5 112
830 5312401 825 4 2 27
831 5312401 825 1 2 27
832 5326138 830 1 1 74
833 5326138 830 2 2 63
834 5326138 830 3 9 16
835 5326138 830 3 2 42
836 5326543 831 1 10 1198
837 5343711 833 7 0 119
838 5343711 833 7 4 24511
839 5354942 834 8 5 908
840 5354942 834 9 10 1400
841 5359042 837 8 9 19
842 5372802 842 1 8 2391
843 5387623 846 5 7 59
844 5391918 852 2 9 48
845 5392725 853 9 0 60
846 5394299 854 3 10 1
847 5405548 857 9 1 1575
848 5413895 859 6 1 2
849 5413895 859 6 8 506
850 5413937 860 9 6 11
851 5423591 862 9 9 70
852 5481555 864 6 8 339
853 5481555 864 2 7 1
854 5481555 864 0 0 7236
855 5481555 864 10 1 14
856 5481555 864 1 9 35
857 5481555 864 8 8 113
858 5481699 865 4 2 165
859 5488378 870 7 3 46
860 5498830 872 6 6 114
861 5508737 874 2 5 668
862 5508737 874 2 8 183
863 5515749 877 10 6 24
864 5516550 879 1 5 24
865 5522757 881 1 2 561
866 5523043 882 9 2 223
867 5565238 886 2 1 33
868 5565238 886 5 0 59
869 5565238 886 0 4 1
870 5565238 886 9 0 14
871 5565238 886 8 4 1
872 5565238 886 8 9 751
873 5565238 886 8 1 11
874 5565238 886 6 2 82
875 5572747 888 10 10 10210
876 5572747 888 10 1 119
877 5614798 894 10 3 6
878 5614798 894 7 5 4
879 5617621 895 8 9 9
880 5639102 896 3 0 1968
881 5639102 896 9 9 30
882 5639102 896 10 2 38
883 5639102 896 4 9 10
884 5639102 896 3 9 10
885 5669769 903 1 10 49
886 5675927 905 6 8 95
887 5675927 905 9 8 95
888 5675927 905 1 8 95
889 5675927 905 0 8 95
890 5675927 905 4 8 95
891 5694993 907 4 10 3
892 5694993 907 4 5 207
893 5694993 907 2 10 6
894 5694993 907 2 7 3009
895 5703226 909 9 7 11407
896 5703226 909 9 4 1528
897 5711521 911 0 0 682
898 5720748 913 2 2 19
899 5727763 916 10 3 99
900 5731134 918 1 8 100
901 5738841 919 6 1 1
902 5738841 919 7 1 9
903 5738841 919 9 1 16
904 5740813 920 6 9 28
905 5752382 924 8 6 3
906 5752663 925 1 0 92
907 5764267 926 7 0 37
908 5764267 926 7 10 8973
909 5861022 929 5 1 2
910 5861022 929 5 3 3
911 5861022 929 5 4 878
912 5861022 929 3 5 227
913 5861022 929 1 1 3
914 5861022 929 9 2 12
915 5861022 929 10 7 2
916 5861022 929 1 2 12
917 5861022 929 1 7 2
918 5861022 929 5 2 8
919 5861022 929 2 0 2
920 5861022 929 2 9 4
921 5861022 929 2 4 2635
922 5861022 929 0 10 1
923 5861022 929 7 0 2
924 5861022 929 6 2 42
925 5861022 929 10 10 1
926 5861022 929 2 2 8
927 5861022 929 9 7 4
928 5917310 930 5 1 43
929 5917310 930 5 4 2601
930 5917310 930 8 6 13
931 5917310 930 7 6 13
932 5917310 930 7 2 7
933 5968142 931 8 7 45
934 5968142 931 6 7 6
935 5968142 931 7 8 4
936 5968142 931 2 0 11622
937 5968142 931 5 2 4823
938 5968142 931 8 1 84
939 5968142 931 10 8 16
940 5968142 931 4 1 10
941 5968142 931 5 0 1056
942 5968142 931 0 8 4
943 5968142 931 0 2 6431
944 5968142 931 5 9 4239
945 6001779 932 5 3 13
946 6001779 932 7 9 9
947 6001779 932 0 3 59
948 6001779 932 5 0 2
949 6001779 932 3 1 779
950 6001779 932 5 6 69
951 6001779 932 8 8 6
952 6001779 932 10 6 4
953 6001779 932 1 7 3
954 6001779 932 2 0 4
955 6005216 934 1 7 15
956 6112539 941 2 9 1305
957 6112539 941 3 4 1
958 6112539 941 3 3 2
959 6112539 941 9 6 8
960 6112539 941 1 10 36
961 6112539 941 3 10 18
962 6112539 941 0 0 5
963 6112539 941 9 8 1
964 6112539 941 10 2 2
965 6112539 941 8 10 18
966 6112539 941 10 9 1305
967 6112539 941 4 2 10
968 6112539 941 9 1 288
969 6112539 941 7 0 16
970 6112539 941 4 7 1
971 6112539 941 5 10 18
972 6112539 941 8 8 1
973 6112539 941 4 6 2
974 6112539 941 0 4 3
975 6112539 941 7 7 2
976 6115860 945 9 1 9558
977 6127330 949 2 4 3132
978 6138986 954 10 1 315
979 6156379 959 10 3 152
980 6156379 959 10 8 1670
981 6167874 964 2 8 204
982 6232449 967 0 2 15
983 6232449 967 5 2 15
984 6232449 967 0 1 369
985 6232449 967 1 7 243
986 6232449 967 4 5 7
987 6232449 967 7 4 14
988 6240851 970 8 4 16
989 6244258 971 9 8 90
990 6252450 972 10 0 323
991 6269568 973 2 2 3
992 6269568 973 0 2 17
993 6272199 975 10 8 1
994 6280554 979 4 8 1268
995 6294077 991 9 10 233
996 6316768 994 0 5 16
997 6316768 994 2 1 1
998 6316768 994 7 1 8
999 6322459 997 0 3 22
