11 363 1000
0 30129 0 9 3 1560
1 30129 0 1 8 28
2 30129 0 9 2 76
3 32073 2 0 10 1004
4 114992 3 5 10 935
5 114992 3 9 8 18952
6 114992 3 5 4 3213
7 114992 3 9 10 1871
8 114992 3 9 4 3213
9 114992 3 10 10 1871
10 114992 3 5 9 20
11 210197 9 4 2 98
12 210197 9 7 1 19
13 210197 9 7 9 45
14 210197 9 4 7 39
15 210197 9 4 6 70
16 295081 13 10 5 13
17 295081 13 1 1 265
18 295081 13 6 5 13
19 295081 13 7 10 99
20 305107 16 1 4 7
21 386043 17 5 7 2
22 386043 17 2 2 8942
23 386043 17 9 7 5
24 402787 18 1 1 13067
25 453139 21 4 3 9711
26 453139 21 3 3 9711
27 453139 21 3 0 51960
28 470997 26 0 8 2366
29 489307 27 2 0 1300
30 533352 29 2 10 58
31 533352 29 10 9 5
32 533352 29 10 4 20
33 533352 29 10 1 11
34 533352 29 2 2 8778
35 533352 29 10 6 2425
36 583998 37 6 8 61
37 583998 37 3 8 6
38 611766 39 4 5 6
39 611766 39 10 5 6
40 636499 41 10 4 238
41 651215 44 1 8 59
42 679854 50 1 4 745
43 679854 50 10 0 44
44 860191 51 9 6 5
45 860191 51 8 9 1
46 860191 51 8 10 1
47 860191 51 9 8 1
48 860191 51 5 3 15
49 860191 51 7 10 1
50 860191 51 10 3 15
51 860191 51 5 6 1
52 860191 51 9 1 15
53 860191 51 2 4 15
54 860191 51 7 8 1
55 860191 51 2 2 5
56 860191 51 5 0 10
57 860191 51 5 5 8
58 970615 59 2 8 1
59 970615 59 1 4 1
60 970615 59 8 2 204
61 970615 59 2 6 19
62 989436 62 8 5 5726
63 1000143 65 7 7 118
64 1062339 70 10 6 45
65 1203271 75 4 1 1183
66 1203271 75 7 8 1
67 1203271 75 6 10 7
68 1203271 75 1 6 163
69 1203271 75 4 5 115
70 1218023 77 0 4 105
71 1230529 80 7 4 194
72 1383446 84 3 5 4
73 1383446 84 7 4 5
74 1383446 84 6 7 65
75 1383446 84 10 8 6
76 1383446 84 3 10 6
77 1383446 84 7 0 7
78 1383446 84 4 9 6
79 1383446 84 7 2 154
80 1383446 84 7 8 1
81 1383855 85 8 6 404
82 1384600 86 7 5 3487
83 1420847 89 7 7 1448
84 1447498 93 9 7 13
85 1460645 94 6 5 756
86 1465097 95 3 1 49
87 1468221 96 0 5 44
88 1490629 97 10 9 5530
89 1490629 97 8 9 1843
90 1490629 97 2 9 3687
91 1490629 97 0 9 1843
92 1574144 99 9 5 5
93 1574144 99 9 7 12
94 1574144 99 0 10 3070
95 1574144 99 9 0 203
96 1574144 99 9 9 85
97 1574144 99 0 5 5
98 1717291 102 0 10 21
99 1717291 102 5 5 14
100 1717291 102 7 10 21
101 1717291 102 1 7 2
102 1717291 102 5 7 2
103 1717291 102 6 8 14609
104 1717291 102 7 3 5
105 1730966 103 9 5 13
106 1742287 104 4 3 2306
107 1812440 108 8 10 3
108 1812440 108 6 2 1
109 1812440 108 5 3 13
110 1812440 108 8 3 27
111 1812440 108 5 4 34
112 1865348 117 0 5 160
113 1886347 118 7 5 16
114 1890412 120 9 7 124
115 1896788 123 6 3 7858
116 1910539 126 3 0 39
117 1946779 127 0 0 130
118 1970030 132 6 7 7571
119 1970030 132 8 0 21
120 1983914 134 8 9 76
121 2019987 136 8 2 59
122 2019987 136 8 3 215
123 2019987 136 8 1 94
124 2135241 137 2 0 4
125 2135241 137 0 6 9
126 2135241 137 9 4 99
127 2135241 137 4 2 21
128 2173732 144 0 4 125
129 2201264 146 3 4 5
130 2201264 146 7 8 1332
131 2202584 147 6 2 182
132 2209639 148 1 10 43
133 2226884 150 2 9 28
134 2226884 150 2 8 12718
135 2358189 154 3 4 10
136 2358189 154 4 8 43
137 2358189 154 9 7 1284
138 2358189 154 6 9 23
139 2358189 154 5 10 2
140 2358189 154 7 9 11
141 2358189 154 0 9 11
142 2358189 154 8 9 11
143 2365831 156 1 8 23
144 2505731 160 3 9 4
145 2505731 160 9 0 11
146 2505731 160 3 1 1
147 2510757 161 10 8 1
148 2555843 162 0 10 15
149 2555843 162 2 10 75
150 2555843 162 6 4 92
151 2580803 166 10 4 13
152 2607661 170 3 5 103
153 2619964 172 6 8 29
154 2644355 174 2 10 174
155 2644355 174 2 2 9
156 2644355 174 0 4 18
157 2646856 175 2 6 13
158 2693895 177 3 3 2171
159 2693895 177 0 4 47
160 2728460 187 9 1 15
161 2741397 190 10 10 8155
162 2741397 190 8 0 72
163 2764452 195 5 3 168
164 2874457 198 3 8 46
165 2874457 198 8 9 31
166 2874457 198 8 3 2
167 2874457 198 6 10 86
168 2874457 198 9 5 1
169 2886727 202 3 3 146
170 2886727 202 3 7 44
171 2917801 203 7 7 7494
172 2917801 203 8 9 59
173 2917801 203 8 8 45
174 2924015 205 0 3 62
175 2924015 205 3 2 11780
176 2934361 208 10 7 217
177 2976885 210 4 3 1
178 2976885 210 0 3 1
179 2976885 210 7 3 1
180 2982397 213 8 4 106
181 2997865 217 1 4 27
182 2997865 217 8 5 78
183 3009650 222 7 7 112
184 3085749 229 2 7 9
185 3148784 230 8 6 13
186 3148784 230 3 5 3
187 3148784 230 3 2 1
188 3148784 230 0 8 16
189 3148784 230 3 9 29
190 3153796 231 4 6 2
191 3270975 233 7 4 1153
192 3270975 233 8 10 9
193 3270975 233 2 8 5
194 3270975 233 10 8 26
195 3270975 233 7 7 85
196 3270975 233 4 8 5
197 3270975 233 1 3 4
198 3325752 237 4 5 53
199 3325752 237 10 9 11
200 3325752 237 4 10 82
201 3472220 241 3 6 1
202 3472220 241 1 0 9
203 3472220 241 6 8 1
204 3472220 241 3 8 1
205 3472220 241 9 4 28
206 3479520 244 4 1 1
207 3479520 244 10 9 11740
208 3486105 246 10 0 30
209 3486383 247 9 7 2966
210 3491442 249 5 5 21
211 3503730 256 4 0 18
212 3567696 259 9 1 891
213 3567696 259 2 1 1783
214 3706534 262 8 4 11
215 3706534 262 0 1 30
216 3706534 262 4 3 3
217 3706534 262 8 1 30
218 3706534 262 0 3 1
219 3706534 262 2 10 12
220 3706534 262 2 3 1
221 3706534 262 4 10 18
222 3706534 262 2 9 15
223 3723898 263 2 10 1524
224 3727449 265 1 3 69
225 3738326 268 9 0 17
226 3753810 269 4 5 39
227 3776287 276 8 5 169
228 3783445 281 1 7 651
229 3801232 282 8 3 286
230 3801322 283 5 1 81
231 4040042 287 2 10 30
232 4040042 287 4 2 6
233 4040042 287 4 4 2
234 4040042 287 0 3 11
235 4040042 287 2 1 3
236 4040042 287 0 0 3
237 4040042 287 1 3 5
238 4040042 287 1 2 3
239 4040042 287 4 0 1
240 4040042 287 7 3 17
241 4040042 287 6 3 11
242 4040042 287 8 3 11
243 4040042 287 8 4 1
244 4040042 287 2 4 1
245 4121668 291 6 8 8
246 4121668 291 9 9 548
247 4121668 291 6 6 409
248 4121668 291 8 5 103
249 4121668 291 1 7 111
250 4121668 291 5 3 9080
251 4196492 292 4 9 176
252 4196492 292 8 6 13
253 4196492 292 7 6 106
254 4196492 292 9 8 218
255 4196492 292 5 0 6
256 4196492 292 10 6 39
257 4202520 294 0 5 99583
258 4248046 298 9 4 483
259 4248046 298 1 3 1
260 4248046 298 9 9 5
261 4248046 298 9 5 37
262 4256662 301 2 5 59
263 4341344 303 4 7 3
264 4341344 303 2 7 1
265 4341344 303 0 0 3
266 4341344 303 3 6 5173
267 4341344 303 1 1 75
268 4392854 304 2 8 40
269 4392854 304 3 1 7
270 4392854 304 2 7 8
271 4402795 305 4 7 38
272 4404818 306 7 9 19562
273 4407567 307 0 4 476
274 4433251 310 10 7 73
275 4450297 314 9 1 54
276 4570906 317 7 1 42
277 4570906 317 1 9 27
278 4570906 317 9 8 167
279 4570906 317 10 8 83
280 4570906 317 10 5 964
281 4570906 317 1 3 109
282 4570906 317 3 8 167
283 4613225 324 8 5 7
284 4613225 324 10 5 7
285 4627403 327 2 10 1020
286 4679276 328 9 5 4162
287 4679276 328 5 8 267
288 4682606 329 2 7 8
289 4698436 330 0 4 194
290 4701742 334 6 9 105
291 4714146 335 1 2 44
292 4730994 337 4 8 4762
293 4765647 339 3 2 288
294 4765647 339 5 5 951
295 4765647 339 9 5 95
296 4765647 339 8 3 215
297 4765647 339 7 3 430
298 4818186 340 7 1 11
299 4818186 340 9 0 40
300 4818186 340 2 4 1
301 4818186 340 5 4 1
302 4818186 340 3 0 20
303 4827657 343 6 4 129
304 4833609 344 4 7 106
305 4846334 346 3 5 489
306 4855600 349 6 6 8522
307 4866334 352 9 10 104
308 4882234 353 0 4 219
309 4882234 353 0 0 27082
310 4882234 353 0 5 7115
311 4891228 357 2 8 157
312 4896915 358 1 8 49
313 4897900 359 6 9 55
314 4924748 362 10 3 357
315 4932660 363 8 4 62
316 4934242 365 9 3 670
317 4945565 366 9 2 11
318 4945565 366 9 5 2928
319 4951218 367 6 10 6
320 4975955 369 2 9 869
321 4975955 369 6 5 186
322 5026716 370 1 3 30
323 5026716 370 10 5 1
324 5026716 370 1 9 162
325 5026716 370 9 3 10
326 5038775 377 9 8 86
327 5038880 378 10 6 120
328 5077526 380 10 9 703
329 5082943 382 4 0 30
330 5094096 386 8 3 1952
331 5136093 388 7 6 202
332 5136093 388 7 10 17
333 5136093 388 0 6 202
334 5258355 390 9 10 1
335 5258355 390 2 8 767
336 5258355 390 2 6 114
337 5258355 390 5 6 10335
338 5258355 390 10 6 459
339 5258355 390 6 10 1
340 5258355 390 7 5 20
341 5258355 390 10 5 13
342 5258355 390 8 1 2
343 5301942 392 1 5 5135
344 5301942 392 2 4 427
345 5301942 392 9 0 19
346 5301942 392 4 4 427
347 5307581 393 8 1 46
348 5457596 395 6 2 1
349 5457596 395 2 6 54
350 5457596 395 8 1 33
351 5457596 395 3 6 54
352 5457596 395 3 0 440
353 5457596 395 7 8 33
354 5457596 395 5 8 66
355 5457596 395 3 5 177
356 5457596 395 6 4 94
357 5457596 395 2 5 1065
358 5457596 395 8 3 10
359 5538336 402 2 3 65
360 5538336 402 9 2 1
361 5538336 402 9 4 6
362 5548200 405 8 5 15
363 5558106 406 7 10 612
364 5580048 407 2 10 6135
365 5580048 407 2 3 139
366 5685070 409 8 5 797
367 5685070 409 2 2 23
368 5685070 409 5 4 2
369 5700607 412 7 1 86
370 5742175 413 9 9 16
371 5742175 413 9 0 144
372 5742175 413 9 7 32
373 5810416 424 7 0 119
374 5997446 428 7 4 1
375 5997446 428 8 4 21
376 5997446 428 3 6 1
377 5997446 428 3 5 822
378 5997446 428 5 6 1
379 5997446 428 10 2 1
380 5997446 428 5 0 1
381 5997446 428 0 5 822
382 5997446 428 3 3 3
383 5997446 428 5 5 822
384 5997446 428 6 2 1
385 5997446 428 4 3 3
386 5997446 428 8 5 822
387 5997446 428 7 6 2
388 5997446 428 8 3 7
389 6102316 430 1 0 2
390 6102316 430 3 1 3154
391 6102316 430 4 6 190
392 6102316 430 10 2 18
393 6102316 430 4 7 17
394 6102316 430 0 7 17
395 6102316 430 1 3 4
396 6102316 430 2 10 2
397 6102316 430 4 1 7361
398 6102316 430 5 4 3
399 6141678 440 5 0 14
400 6152560 443 6 6 1210
401 6152560 443 6 10 95
402 6152560 443 6 1 15
403 6152560 443 6 7 3945
404 6159569 444 1 0 59
405 6166536 446 8 4 28
406 6175296 451 10 10 11840
407 6275163 457 6 9 40
408 6275163 457 2 10 5
409 6275163 457 0 5 64
410 6275163 457 6 4 33
411 6275163 457 10 1 3
412 6275163 457 1 5 64
413 6275163 457 4 1 1
414 6314860 460 1 1 356
415 6314860 460 1 3 39
416 6395957 461 9 7 1
417 6395957 461 0 2 5
418 6395957 461 3 6 614
419 6395957 461 7 10 1
420 6395957 461 0 8 9
421 6395957 461 2 8 9
422 6395957 461 3 4 10
423 6402969 463 0 0 22
424 6405632 464 9 0 17
425 6661224 466 7 3 3602
426 6661224 466 4 6 4
427 6661224 466 6 2 100
428 6661224 466 9 7 1
429 6661224 466 1 7 1
430 6661224 466 2 1 5
431 6661224 466 9 0 7
432 6661224 466 4 5 1
433 6661224 466 10 1 2
434 6661224 466 8 4 217
435 6661224 466 3 2 100
436 6661224 466 4 4 434
437 6724143 467 6 8 7
438 6724143 467 6 0 430
439 6724143 467 0 9 8
440 6724143 467 4 5 5
441 6724143 467 0 1 1
442 6745614 469 6 3 3988
443 6759738 471 1 10 923
444 6777373 472 0 0 7
445 6848640 473 3 5 204
446 6848640 473 7 10 5
447 6848640 473 10 3 59
448 6848640 473 5 9 2
449 6848640 473 1 9 12
450 6848640 473 8 6 5
451 7069335 475 3 3 1
452 7069335 475 4 3 1
453 7069335 475 0 1 6
454 7069335 475 6 2 1
455 7069335 475 7 6 37
456 7069335 475 10 7 4
457 7069335 475 5 5 15
458 7069335 475 10 9 10
459 7069335 475 6 5 2
460 7069335 475 8 3 1
461 7069335 475 4 6 6
462 7069335 475 8 1 3
463 7069335 475 2 6 1
464 7069335 475 9 4 1
465 7069335 475 8 0 1
466 7069335 475 0 0 2
467 7069335 475 0 5 2
468 7093119 477 2 5 349
469 7117810 480 8 5 25
470 7117810 480 5 8 224
471 7117810 480 4 8 89
472 7152016 487 5 3 3411
473 7152016 487 5 10 202
474 7152016 487 5 0 66373
475 7403509 498 1 2 56
476 7403509 498 9 1 319
477 7403509 498 3 4 50
478 7403509 498 7 9 18
479 7403509 498 10 0 21
480 7403509 498 5 3 1
481 7403509 498 2 2 23
482 7403509 498 3 7 7
483 7403509 498 5 2 9
484 7403509 498 1 5 175
485 7403509 498 2 4 50
486 7403509 498 9 6 1
487 7403509 498 0 6 1
488 7403509 498 1 9 1
489 7556330 507 8 2 17
490 7556330 507 0 4 1429
491 7556330 507 10 1 1
492 7556330 507 7 7 72
493 7556330 507 10 6 3
494 7556330 507 1 6 3
495 7556330 507 3 0 15
496 7556330 507 0 10 4631
497 7556330 507 6 1 1
498 7603120 510 6 5 3
499 7603120 510 6 0 189
500 7603120 510 6 1 5
501 7603120 510 7 5 3
502 7603120 510 7 4 1991
503 7727771 513 3 1 10
504 7727771 513 3 7 5
505 7727771 513 6 10 6
506 7727771 513 0 8 6059
507 7727771 513 7 2 42
508 7727771 513 8 5 172
509 7727771 513 9 0 1
510 7727771 513 10 10 2
511 7727771 513 3 2 6
512 7727771 513 6 9 20
513 7753398 516 3 3 1
514 7753398 516 8 3 12
515 7754951 518 9 8 52
516 7757531 519 10 10 44
517 7786638 532 9 9 7164
518 7809615 535 3 7 31
519 7814980 537 4 10 11
520 7814980 537 2 10 22
521 7848126 542 1 9 38
522 7848126 542 1 1 3993
523 7872519 549 8 5 792
524 7888438 550 2 6 6
525 7927702 553 2 2 3
526 8143096 555 6 0 1
527 8143096 555 4 7 60
528 8143096 555 2 5 1
529 8143096 555 3 5 1
530 8143096 555 3 9 4
531 8143096 555 10 7 7
532 8143096 555 8 7 7
533 8143096 555 10 1 95
534 8143096 555 9 10 1
535 8143096 555 9 4 829
536 8143096 555 0 2 876
537 8221801 556 0 5 3164
538 8221801 556 0 4 4
539 8221801 556 10 4 26
540 8297998 562 10 7 2
541 8297998 562 10 2 37
542 8318854 563 10 0 26
543 8318854 563 10 5 318
544 8318854 563 10 10 127
545 8335120 565 1 0 14
546 8335120 565 1 3 65
547 8421380 569 7 6 1
548 8421380 569 9 0 26
549 8421380 569 3 0 26
550 8433967 574 8 5 178
551 8507001 576 1 1 1
552 8507001 576 1 0 51
553 8507001 576 10 10 989
554 8507001 576 10 3 30
555 8507001 576 6 1 1
556 8518410 578 3 0 66
557 8518410 578 3 9 11
558 8557531 582 4 6 282
559 8557531 582 4 1 20340
560 8557531 582 4 7 3007
561 8576866 583 6 7 1421
562 8576866 583 6 4 5985
563 8576866 583 6 8 46
564 8579570 585 10 3 1425
565 8596032 588 4 5 688
566 8611183 591 2 1 1
567 8698491 602 6 7 74
568 8698491 602 6 8 259
569 8698491 602 6 1 81
570 8700038 603 2 10 133
571 8726957 606 10 9 101
572 8726957 606 10 5 1333
573 8733212 610 1 3 27
574 8753598 611 10 2 8
575 8753598 611 8 8 990
576 8942788 612 2 5 120
577 8942788 612 1 7 2539
578 8942788 612 0 0 142
579 8942788 612 10 0 142
580 8942788 612 7 3 1
581 8942788 612 6 5 240
582 8942788 612 2 7 2539
583 8942788 612 10 10 15
584 8942788 612 3 6 6
585 8942788 612 5 0 214
586 8942788 612 5 5 360
587 8942788 612 8 4 26
588 8942788 612 2 3 1
589 8942788 612 10 5 3603
590 8942788 612 7 4 26
591 8942788 612 9 3 1
592 8942788 612 6 0 71
593 8942788 612 2 4 80
594 8958693 613 3 10 14831
595 9137408 616 4 6 72
596 9137408 616 10 9 2
597 9137408 616 0 6 72
598 9137408 616 9 0 494
599 9137408 616 9 10 1709
600 9137408 616 8 6 36
601 9137408 616 10 10 1709
602 9137408 616 8 0 6921
603 9137408 616 2 3 83
604 9137408 616 6 10 2564
605 9137408 616 4 0 12359
606 9137408 616 4 5 1227
607 9137408 616 3 5 1227
608 9137408 616 7 10 854
609 9173319 624 2 5 2839
610 9174850 625 4 0 34
611 9198430 626 2 7 117
612 9223757 628 1 9 181
613 9223757 628 1 5 389
614 9242931 631 5 6 491
615 9242931 631 7 5 232
616 9287615 633 5 8 159
617 9296127 634 7 5 82
618 9296127 634 7 6 15150
619 9296127 634 7 9 19581
620 9307154 635 5 9 102
621 9307154 635 5 7 192
622 9330641 638 4 1 10
623 9443374 644 5 3 10
624 9443374 644 7 5 10
625 9443374 644 0 0 25
626 9443374 644 9 1 6
627 9443374 644 10 7 92
628 9443374 644 4 0 8
629 9443374 644 0 2 152
630 9443374 644 10 1 6
631 9443374 644 10 4 647
632 9443374 644 4 6 1
633 9453689 650 7 10 29
634 9463833 659 9 5 5
635 9479743 661 9 0 13
636 9486485 666 1 3 75
637 9497003 668 5 10 160
638 9497527 669 1 5 24
639 9647553 671 3 4 1342
640 9647553 671 3 9 8
641 9647553 671 2 0 3
642 9647553 671 1 7 1
643 9647553 671 2 9 68
644 9647553 671 2 3 123
645 9647553 671 5 1 715
646 9647553 671 9 8 34
647 9647553 671 2 7 1
648 9647553 671 4 8 5
649 9647553 671 0 4 671
650 9655347 674 4 2 83
651 9682954 677 6 8 67
652 9693142 678 8 9 660
653 9693142 678 8 6 409
654 9710691 682 10 7 108
655 9830207 683 0 8 5
656 9830207 683 2 2 1527
657 9830207 683 7 9 15
658 9830207 683 10 6 135
659 9830207 683 5 2 1527
660 9830207 683 0 9 15
661 9830207 683 4 6 10
662 9841261 688 7 4 43
663 9865575 689 6 10 48
664 9865575 689 6 4 636
665 9865575 689 8 10 1
666 9926866 690 8 4 1727
667 9979325 692 2 10 12
668 9979325 692 7 10 12
669 9979325 692 7 6 43
670 9996274 693 8 1 66
671 9996274 693 8 3 1542
672 10232685 695 9 1 7
673 10232685 695 4 5 71
674 10232685 695 2 7 1
675 10232685 695 0 1 3
676 10232685 695 4 7 1
677 10232685 695 1 9 214
678 10232685 695 9 3 4
679 10232685 695 1 8 1
680 10232685 695 10 7 1
681 10232685 695 10 2 1587
682 10232685 695 3 1 11
683 10232685 695 9 7 1
684 10232685 695 6 1 3
685 10242326 697 2 1 77
686 10242326 697 4 10 15
687 10296256 698 5 7 21
688 10296256 698 5 4 89
689 10296256 698 2 10 32
690 10296256 698 10 9 66
691 10324817 701 0 9 1
692 10371151 702 0 8 88
693 10417913 703 9 10 81
694 10417913 703 9 4 57
695 10425707 706 5 7 40
696 10426590 707 6 1 13
697 10428930 708 7 4 12039
698 10457348 710 3 10 1
699 10457348 710 3 1 44
700 10484737 714 2 8 105
701 10484737 714 10 4 1126
702 10493459 717 0 7 4
703 10580282 718 1 7 17
704 10580282 718 2 9 31
705 10580282 718 8 9 31
706 10622010 723 3 9 11
707 10622010 723 6 7 16
708 10622010 723 6 8 7
709 10622010 723 6 9 23
710 10622010 723 3 1 113
711 10622010 723 6 10 11
712 10637956 724 6 9 286
713 10637956 724 6 3 4789
714 10639813 725 2 3 90
715 10658761 727 10 10 104
716 10658761 727 6 5 7
717 10658761 727 8 0 769
718 10661918 729 1 6 6073
719 10666831 730 8 2 34
720 10722463 732 9 6 4
721 10722463 732 7 2 240
722 10722463 732 9 0 2
723 10722463 732 5 9 46
724 10722463 732 7 8 39
725 10723817 734 2 0 38
726 10776981 735 9 0 35
727 10776981 735 6 2 5
728 10776981 735 9 6 47
729 10776981 735 6 10 8
730 10776981 735 9 8 70
731 10794314 737 0 0 44
732 10815278 739 10 9 6031
733 10940420 741 0 10 110
734 10940420 741 4 9 14
735 10940420 741 2 7 2
736 10940420 741 1 1 989
737 10940420 741 10 7 2
738 10940420 741 2 5 11
739 10940420 741 6 7 14
740 10940420 741 7 2 3
741 10940420 741 6 1 989
742 10940420 741 10 4 33
743 10940420 741 3 2 9
744 10941943 742 7 10 31
745 10964257 744 7 0 8
746 10964257 744 8 7 169
747 10964257 744 6 8 1133
748 10964257 744 5 8 302
749 10990052 749 2 0 33
750 10990052 749 5 0 33
751 10990052 749 10 0 33
752 10991518 750 9 3 49
753 11100083 751 3 8 1
754 11100083 751 6 3 242
755 11100083 751 1 6 167
756 11100083 751 1 10 51
757 11100083 751 1 8 1
758 11100083 751 9 6 55
759 11100083 751 9 4 27
760 11100083 751 8 1 30
761 11100083 751 5 1 15
762 11120057 752 7 9 1
763 11121417 753 9 4 9625
764 11178896 757 9 5 1734
765 11196086 761 8 5 91
766 11200179 763 6 4 34
767 11267457 766 6 7 3
768 11267457 766 5 7 7
769 11272103 767 6 8 67
770 11315916 768 0 10 47
771 11315916 768 0 2 36
772 11315916 768 0 7 2
773 11315916 768 8 1 41
774 11315916 768 8 2 620
775 11315916 768 8 3 102
776 11316768 770 1 5 68
777 11331778 773 8 10 34
778 11331778 773 10 10 34
779 11347215 777 10 6 150
780 11360220 778 7 9 14
781 11360220 778 4 9 7
782 11360220 778 2 9 7
783 11374543 780 1 5 14
784 11374543 780 2 5 4
785 11374543 780 3 5 4
786 11374543 780 1 1 117
787 11376370 781 0 3 77
788 11391866 786 6 0 54
789 11407269 791 8 1 1
790 11407988 793 4 7 6073
791 11412495 796 0 10 90
792 11431391 798 4 5 6106
793 11439095 802 4 5 18
794 11456436 804 4 6 21
795 11456436 804 4 3 23
796 11475562 812 7 5 958
797 11476663 814 1 3 170
798 11492677 816 7 10 175
799 11506154 818 9 4 82
800 11726435 822 10 10 1
801 11726435 822 4 8 239
802 11726435 822 4 6 8
803 11726435 822 10 9 1
804 11726435 822 7 9 3
805 11726435 822 0 1 1
806 11726435 822 5 3 1
807 11726435 822 3 10 9
808 11726435 822 2 1 1
809 11726435 822 9 8 239
810 11726435 822 4 2 9
811 11726435 822 3 0 7
812 11726435 822 0 2 3
813 11726435 822 8 2 3
814 11726435 822 6 1 1
815 11726435 822 6 7 8297
816 11726435 822 10 6 8
817 11726435 822 2 0 1
818 11726435 822 6 5 26
819 11898401 823 8 10 1
820 11898401 823 3 5 599
821 11898401 823 10 4 14215
822 11898401 823 10 7 751
823 11898401 823 3 2 6
824 11898401 823 9 5 599
825 11898401 823 2 1 969
826 11898401 823 1 7 1502
827 11898401 823 3 8 10
828 11898401 823 8 0 26
829 11898401 823 8 3 9
830 11952903 825 4 4 187
831 11952903 825 1 9 18
832 11952903 825 7 9 18
833 11952903 825 1 1 19
834 11953318 826 2 8 28
835 11985588 832 1 1 30673
836 12023349 833 7 9 12629
837 12048621 834 9 10 1400
838 12057846 837 8 9 19
839 12065315 841 10 5 4815
840 12088805 842 1 8 2391
841 12088805 842 1 3 757
842 12122151 846 5 4 14
843 12122151 846 5 1 9
844 12123588 848 8 4 118
845 12126101 850 9 6 662
846 12131815 852 3 9 48
847 12162483 857 9 3 192
848 12181263 859 6 9 148
849 12181263 859 6 4 66
850 12181263 859 6 2 342
851 12181263 859 6 1 2
852 12203080 862 9 9 70
853 12216921 863 2 7 8
854 12216921 863 2 0 9
855 12333499 864 3 6 4
856 12333499 864 0 0 7236
857 12333499 864 5 7 1
858 12333499 864 2 0 1809
859 12333499 864 2 6 4
860 12333499 864 1 1 4
861 12333499 864 8 7 12
862 12333499 864 5 10 172
863 12372368 872 1 4 73
864 12405699 875 4 7 9
865 12429915 885 10 5 37
866 12521786 886 10 1 11
867 12521786 886 9 6 555
868 12521786 886 10 3 12
869 12521786 886 8 8 20
870 12521786 886 0 4 1
871 12521786 886 0 5 25
872 12521786 886 2 7 4
873 12521786 886 3 1 5
874 12521786 886 5 9 751
875 12538681 888 10 2 136
876 12543580 889 6 2 173
877 12543580 889 9 2 34
878 12633297 894 9 3 12
879 12633297 894 8 5 30
880 12633297 894 5 2 128
881 12633297 894 10 10 33
882 12633297 894 8 9 35
883 12633297 894 6 9 71
884 12633297 894 6 2 5
885 12639648 895 5 9 36
886 12687981 896 1 3 1586
887 12687981 896 8 9 10
888 12728827 901 10 3 7420
889 12728827 901 4 2 30
890 12756980 903 1 9 9
891 12756980 903 1 10 49
892 12770836 905 7 8 95
893 12770836 905 0 8 95
894 12770836 905 4 8 95
895 12813735 907 4 3 18
896 12813735 907 2 10 6
897 12832259 909 9 1 6168
898 12850923 911 2 0 682
899 12850923 911 3 0 682
900 12912393 919 3 1 1
901 12969602 926 7 4 65
902 12969602 926 7 9 34
903 12973587 928 1 10 51
904 12973587 928 7 10 102
905 13187300 929 2 9 4
906 13187300 929 3 8 4
907 13187300 929 10 10 1
908 13187300 929 0 8 4
909 13187300 929 5 4 878
910 13187300 929 10 2 4
911 13187300 929 0 5 454
912 13187300 929 3 7 2
913 13187300 929 10 5 227
914 13187300 929 1 2 12
915 13187300 929 7 9 4
916 13187300 929 8 8 9
917 13313947 930 7 1 14
918 13313947 930 10 9 71
919 13313947 930 1 2 43
920 13313947 930 8 7 10
921 13313947 930 1 5 22
922 13313947 930 2 7 21
923 13313947 930 0 7 10
924 13428321 931 0 8 4
925 13428321 931 4 0 3169
926 13428321 931 1 5 349
927 13428321 931 8 6 8
928 13428321 931 8 7 45
929 13428321 931 3 5 4188
930 13428321 931 3 4 2727
931 13504003 932 4 2 902
932 13504003 932 5 8 6
933 13504003 932 5 6 69
934 13504003 932 1 0 4
935 13504003 932 6 0 2
936 13504003 932 10 2 1805
937 13504003 932 10 7 10
938 13511736 934 8 7 122
939 13516985 935 6 1 1573
940 13521699 936 3 4 58
941 13521699 936 0 4 58
942 13550408 940 0 9 5
943 13753213 941 7 5 55
944 13753213 941 2 0 5
945 13753213 941 1 4 1
946 13753213 941 9 4 1
947 13753213 941 0 10 18
948 13753213 941 1 8 1
949 13753213 941 10 6 10
950 13753213 941 7 6 5
951 13753213 941 5 3 8
952 13753213 941 7 2 5
953 13753213 941 3 4 1
954 13753213 941 8 0 5
955 13753213 941 9 1 288
956 13753213 941 0 4 3
957 13753213 941 4 6 2
958 13753213 941 1 0 5
959 13753213 941 6 10 18
960 13753213 941 4 5 41
961 13753213 941 5 6 2
962 13753213 941 2 1 96
963 13756221 943 6 0 1
964 13756221 943 2 8 4884
965 13781171 948 0 7 18
966 13781171 948 5 4 5
967 13781171 948 6 6 791
968 13786493 949 2 4 3132
969 13805431 950 3 8 7
970 13805431 950 0 8 29
971 13811871 952 4 4 55
972 13814691 955 7 4 6343
973 13851853 959 10 5 196
974 13851853 959 10 2 32
975 13872860 961 1 5 343
976 13881186 965 10 8 564
977 14023011 967 7 3 8
978 14023011 967 4 7 243
979 14023011 967 5 2 15
980 14023011 967 6 9 2
981 14023011 967 6 1 369
982 14029603 969 2 0 14
983 14049582 971 0 8 30
984 14049582 971 10 8 30
985 14068013 972 10 1 225
986 14106529 973 0 9 112
987 14106529 973 2 3 1
988 14106529 973 2 6 19
989 14106529 973 2 10 26
990 14112448 975 2 8 3
991 14131248 979 0 1 41
992 14131248 979 6 8 3805
993 14138628 980 2 10 102
994 14142512 984 10 4 10212
995 14181363 993 4 8 12709
996 14181363 993 4 4 210
997 14212729 994 9 0 3
998 14212729 994 6 5 97
999 14225534 997 6 3 22
