11 350 1000
0 20086 0 1 6 24
1 20086 0 1 1 3
2 20086 0 1 5 6
3 76661 3 10 6 2558
4 76661 3 5 6 284
5 76661 3 5 2 11041
6 76661 3 9 3 2654
7 76661 3 9 9 20
8 88735 4 5 8 14
9 90105 5 9 8 2075
10 140131 9 7 3 74
11 140131 9 4 4 2
12 140131 9 7 4 2
13 140131 9 4 2 98
14 140131 9 4 3 74
15 148691 10 0 1 1740
16 148691 10 5 1 870
17 196720 13 7 8 3
18 196720 13 1 4 340
19 196720 13 6 4 340
20 257362 17 0 2 526
21 257362 17 6 5 184
22 257362 17 9 7 5
23 257362 17 0 8 1
24 257362 17 3 5 16
25 257362 17 7 4 12
26 268524 18 1 2 19
27 268524 18 1 9 179
28 302093 21 4 6 290
29 302093 21 3 1 17
30 302093 21 3 10 68
31 302093 21 3 2 1009
32 313998 26 0 8 2366
33 326204 27 6 0 130
34 326204 27 10 0 130
35 355568 29 10 8 170
36 355568 29 10 6 2425
37 355568 29 10 3 99
38 358305 30 2 6 11
39 365222 31 3 6 1
40 365222 31 5 6 1
41 389332 37 0 10 4
42 434143 44 1 7 1307
43 434143 44 1 2 89
44 437166 47 8 1 42
45 438931 48 10 8 53
46 453236 50 1 3 14
47 453236 50 7 10 526
48 453236 50 10 4 2237
49 453236 50 9 3 14
50 573461 51 10 0 64
51 573461 51 3 10 1
52 573461 51 9 2 5
53 573461 51 7 2 5
54 573461 51 10 9 1
55 573461 51 10 3 15
56 573461 51 2 2 5
57 573461 51 3 3 15
58 573461 51 8 7 5
59 573461 51 8 4 15
60 573461 51 3 7 11
61 573461 51 7 8 1
62 647077 59 2 4 8
63 647077 59 1 9 128
64 647077 59 1 5 14
65 647077 59 8 7 6
66 665301 64 2 6 218
67 681309 66 0 4 60
68 681309 66 0 9 82
69 681318 67 1 7 10
70 686535 68 5 4 1
71 686535 68 4 4 13
72 708226 70 10 6 45
73 726255 72 6 4 12101
74 729122 74 10 7 17
75 802181 75 6 9 1
76 802181 75 7 9 1
77 802181 75 9 10 7
78 802181 75 10 4 3
79 802181 75 6 8 68
80 802181 75 5 4 8
81 802181 75 8 9 1
82 802181 75 8 8 1
83 802181 75 7 6 14
84 812015 77 8 4 21
85 814533 78 6 1 47
86 824453 82 1 8 76
87 922297 84 7 10 95
88 922297 84 6 8 1
89 922297 84 10 0 7
90 922297 84 7 1 8
91 922297 84 6 4 5
92 922297 84 7 3 4
93 922297 84 10 1 16
94 922297 84 3 7 21
95 922297 84 3 8 1
96 922297 84 6 2 308
97 922297 84 2 2 231
98 922297 84 4 9 6
99 922297 84 7 6 1
100 922297 84 4 0 7
101 922297 84 10 10 2
102 922297 84 6 3 17
103 948970 90 8 3 184
104 958282 91 6 2 2201
105 973763 94 2 5 756
106 978814 96 0 5 44
107 993753 97 7 9 5530
108 993753 97 1 9 1843
109 1049429 99 0 4 28
110 1049429 99 0 10 3070
111 1049429 99 9 5 5
112 1052230 101 10 8 35
113 1144860 102 4 6 1
114 1144860 102 1 5 14
115 1144860 102 2 2 483
116 1144860 102 10 3 5
117 1144860 102 0 0 35
118 1144860 102 2 3 17
119 1144860 102 9 2 967
120 1161524 104 4 4 19491
121 1208293 108 2 3 69
122 1208293 108 5 7 4
123 1208293 108 5 3 13
124 1208293 108 6 2 1
125 1208293 108 5 4 34
126 1208293 108 6 6 7
127 1214119 110 3 0 197
128 1214119 110 3 10 47
129 1214119 110 3 2 330
130 1214376 111 4 0 2184
131 1231699 116 2 9 68
132 1243565 117 0 6 1374
133 1243565 117 0 8 56
134 1257564 118 9 7 55
135 1269558 124 9 3 28
136 1297852 127 0 8 19017
137 1297852 127 0 7 4651
138 1322609 134 1 6 1980
139 1346658 136 1 7 22
140 1346658 136 1 0 2006
141 1346658 136 1 3 16
142 1423494 137 7 4 99
143 1423494 137 7 10 1559
144 1423494 137 5 1 12
145 1423494 137 0 8 14
146 1423494 137 0 7 3
147 1423494 137 4 1 25
148 1423494 137 9 8 4
149 1423494 137 10 8 34
150 1423494 137 3 4 99
151 1432096 141 5 8 67
152 1467509 146 6 3 72
153 1484589 150 2 5 126
154 1484589 150 2 9 28
155 1496481 153 4 9 185
156 1572126 154 4 0 4
157 1572126 154 3 4 10
158 1572126 154 6 5 69
159 1572126 154 9 7 1284
160 1572126 154 3 2 249
161 1572126 154 2 1 33
162 1572126 154 8 0 6
163 1670487 160 0 9 9
164 1670487 160 4 10 11
165 1670487 160 6 3 2
166 1670487 160 4 3 2
167 1670487 160 5 9 4
168 1670487 160 7 2 421
169 1670487 160 10 3 7
170 1670487 160 1 0 23
171 1703895 162 2 1 2890
172 1703895 162 10 3 382
173 1703895 162 3 4 15
174 1703895 162 8 7 225
175 1703895 162 3 6 14
176 1703895 162 7 0 3799
177 1707306 164 6 8 11399
178 1719626 165 10 4 73
179 1719626 165 9 5 110
180 1719626 165 7 4 29
181 1725043 168 5 2 15
182 1762903 174 5 6 24
183 1764571 175 8 6 39
184 1795930 177 0 3 10858
185 1795930 177 0 4 47
186 1795930 177 0 10 393
187 1801447 181 9 0 206
188 1818973 187 7 1 15
189 1840517 192 3 1 640
190 1916304 198 4 1 4
191 1916304 198 3 8 46
192 1916304 198 3 10 14
193 1916304 198 1 1 4
194 1916304 198 8 0 5
195 1916304 198 5 0 5
196 1916304 198 10 10 7
197 1917408 200 5 5 18
198 1945201 203 8 2 64
199 1945201 203 8 10 2495
200 1945201 203 8 6 48
201 1949343 205 0 3 62
202 1991307 216 9 5 2
203 1998577 217 7 4 13
204 1998577 217 9 5 39
205 2002584 218 1 2 17074
206 2003247 219 4 5 7677
207 2022384 228 3 2 31
208 2057166 229 6 4 17
209 2057166 229 2 5 133
210 2057166 229 2 7 9
211 2057166 229 6 1 1
212 2099189 230 0 2 1
213 2099189 230 3 5 3
214 2099189 230 0 4 78
215 2099189 230 0 6 6
216 2099189 230 8 6 13
217 2099189 230 3 3 136
218 2102531 231 0 6 2
219 2180650 233 4 8 5
220 2219054 238 3 9 432
221 2314813 241 1 0 9
222 2314813 241 7 0 9
223 2314813 241 7 1 6
224 2314813 241 4 4 14
225 2314813 241 3 1 18
226 2314813 241 4 2 1952
227 2314813 241 7 4 14
228 2314813 241 1 3 1
229 2319680 244 1 1 1
230 2323296 245 10 8 40
231 2324070 246 7 0 7
232 2324255 247 9 7 2966
233 2378464 259 9 7 25
234 2378464 259 0 8 2025
235 2378464 259 10 0 14
236 2471022 262 8 0 9
237 2471022 262 4 10 18
238 2471022 262 3 10 6
239 2471022 262 9 1 30
240 2471022 262 9 8 7
241 2471022 262 2 7 5
242 2471022 262 2 8 7
243 2482598 263 9 10 1524
244 2484337 264 4 4 5132
245 2484966 265 1 3 69
246 2512432 271 2 7 8
247 2514306 272 1 5 106
248 2520720 279 6 1 37
249 2548552 286 10 1 210
250 2693361 287 6 10 7
251 2693361 287 6 4 1
252 2693361 287 5 3 5
253 2693361 287 4 0 1
254 2693361 287 7 3 17
255 2693361 287 1 0 5
256 2693361 287 8 4 1
257 2693361 287 10 7 807
258 2693361 287 5 7 807
259 2693361 287 0 10 7
260 2693361 287 10 4 1
261 2693361 287 0 1 6
262 2693361 287 9 7 807
263 2693361 287 10 2 3
264 2693361 287 7 4 6
265 2693361 287 0 5 17
266 2747779 291 8 6 409
267 2747779 291 10 1 2688
268 2747779 291 1 8 35
269 2747779 291 7 7 333
270 2747779 291 10 3 211
271 2747779 291 6 0 3
272 2747779 291 2 6 1228
273 2797661 292 8 1 1776
274 2797661 292 10 9 529
275 2797661 292 6 8 218
276 2797661 292 9 1 197
277 2832031 298 9 4 483
278 2832031 298 1 1 12
279 2832031 298 9 7 60
280 2894229 303 10 6 397
281 2894229 303 8 1 25
282 2894229 303 2 9 204
283 2894229 303 4 8 324
284 2928569 304 2 2 74
285 2928569 304 2 5 23
286 2928569 304 3 7 25
287 2938378 307 4 4 476
288 2949831 308 6 9 224
289 2966865 314 9 1 54
290 3047270 317 9 10 55
291 3047270 317 6 5 3859
292 3055181 322 7 5 121
293 3075483 324 7 9 95
294 3075483 324 2 5 510
295 3084935 327 2 10 1020
296 3084935 327 1 10 1020
297 3119517 328 10 0 312
298 3119517 328 2 5 297
299 3119517 328 4 3 1
300 3119517 328 8 9 2
301 3121737 329 0 7 2
302 3132290 330 0 6 47
303 3132290 330 0 2 201
304 3132560 332 2 8 19
305 3153996 337 4 5 11902
306 3177098 339 10 2 2880
307 3177098 339 6 3 215
308 3212124 340 9 0 40
309 3212124 340 9 1 3
310 3212124 340 7 7 2998
311 3218438 343 6 4 129
312 3232919 348 4 1 2240
313 3241059 350 8 6 14
314 3264610 358 0 4 7138
315 3271208 360 9 5 19696
316 3275055 361 6 9 119
317 3283165 362 8 2 2
318 3283165 362 1 2 1
319 3297043 366 7 9 52
320 3317303 369 10 3 6
321 3317303 369 2 0 17
322 3317303 369 2 7 23
323 3351144 370 9 2 1
324 3351144 370 1 3 30
325 3359183 377 9 8 86
326 3385017 380 10 7 110
327 3385017 380 10 6 315
328 3396064 386 9 3 488
329 3396064 386 6 3 976
330 3396064 386 8 3 1952
331 3424062 388 7 1 98
332 3424062 388 7 3 3122
333 3424062 388 7 9 4765
334 3424062 388 0 3 9366
335 3505570 390 9 5 6
336 3505570 390 1 0 29
337 3505570 390 0 9 349
338 3505570 390 7 6 114
339 3505570 390 1 3 298
340 3505570 390 0 3 1193
341 3505570 390 7 0 14
342 3505570 390 0 0 14
343 3505570 390 9 8 2301
344 3534628 392 2 4 427
345 3534628 392 1 5 5135
346 3534628 392 5 5 1283
347 3638397 395 8 3 10
348 3638397 395 9 5 532
349 3638397 395 3 5 177
350 3638397 395 9 0 440
351 3638397 395 10 3 10
352 3638397 395 4 9 2555
353 3638397 395 10 4 1
354 3638397 395 6 5 177
355 3638397 395 1 6 27
356 3638397 395 6 4 94
357 3638397 395 2 4 1
358 3645537 396 10 1 1216
359 3645537 396 9 1 405
360 3645537 396 3 1 405
361 3650771 399 5 7 15502
362 3692224 402 2 2 7
363 3692224 402 2 8 69
364 3698800 405 9 5 62
365 3705404 406 7 10 612
366 3720032 407 2 0 54
367 3720032 407 2 9 3032
368 3790047 409 5 5 797
369 3790047 409 8 0 1056
370 3790047 409 8 1 542
371 3828116 413 9 9 16
372 3828116 413 2 10 7
373 3829200 414 7 9 40
374 3842711 420 7 8 9
375 3858693 422 4 2 5692
376 3858693 422 9 7 4
377 3873611 424 7 8 143
378 3876207 425 10 3 34
379 3998297 428 5 5 822
380 3998297 428 5 2 1
381 3998297 428 8 7 1
382 3998297 428 2 2 1
383 3998297 428 2 8 2
384 3998297 428 1 4 1
385 3998297 428 7 5 822
386 3998297 428 8 6 1
387 3998297 428 1 8 2
388 3998297 428 2 7 1
389 3998297 428 1 1 668
390 3998297 428 6 2 1
391 3998297 428 8 4 21
392 4068211 430 9 3 8
393 4068211 430 7 5 16
394 4068211 430 2 10 2
395 4068211 430 9 8 1
396 4068211 430 10 1 1051
397 4068211 430 4 4 3
398 4068211 430 1 8 4
399 4068211 430 8 3 8
400 4068211 430 2 5 8
401 4068211 430 5 4 3
402 4076737 434 8 2 37
403 4085389 435 0 6 24
404 4085389 435 7 6 24
405 4085389 435 6 0 163
406 4094452 440 6 3 60
407 4101706 443 6 6 1210
408 4121976 452 1 10 36
409 4127126 455 5 0 30
410 4128075 456 6 5 8547
411 4183442 457 4 10 25
412 4183442 457 8 6 12
413 4183442 457 7 9 27
414 4183442 457 4 4 1
415 4183442 457 5 10 5
416 4183442 457 8 10 5
417 4183442 457 7 7 1
418 4263971 461 9 6 122
419 4263971 461 6 10 1
420 4263971 461 7 1 11
421 4263971 461 10 9 7
422 4263971 461 6 9 85
423 4263971 461 7 10 1
424 4263971 461 3 4 10
425 4263971 461 2 7 147
426 4263971 461 4 9 7
427 4263971 461 3 0 16
428 4271391 465 3 0 20
429 4440816 466 10 7 22
430 4440816 466 10 3 1801
431 4440816 466 5 0 7
432 4440816 466 5 2 50
433 4440816 466 7 10 2
434 4440816 466 10 6 16
435 4440816 466 0 7 1
436 4440816 466 3 2 100
437 4440816 466 3 7 61
438 4440816 466 3 10 2
439 4440816 466 3 8 1
440 4440816 466 0 0 7
441 4440816 466 2 5 1
442 4440816 466 5 9 4
443 4440816 466 8 7 1
444 4440816 466 0 8 1
445 4440816 466 9 0 7
446 4440816 466 2 2 50
447 4440816 466 2 3 1801
448 4482762 467 1 1 2
449 4482762 467 2 3 1
450 4482762 467 10 8 39
451 4494276 468 7 1 79
452 4494276 468 7 2 226
453 4497076 469 6 1 4673
454 4506492 471 7 10 923
455 4518248 472 6 0 14
456 4565760 473 6 6 5
457 4565760 473 10 8 52
458 4565760 473 9 10 1
459 4565760 473 10 10 1
460 4565760 473 5 2 23
461 4565760 473 5 7 3
462 4565760 473 7 3 14
463 4565760 473 3 7 3
464 4565760 473 3 5 204
465 4565760 473 6 9 2
466 4712890 475 3 10 5
467 4712890 475 3 8 2
468 4712890 475 6 3 1
469 4712890 475 9 10 15
470 4712890 475 5 7 9
471 4712890 475 7 7 9
472 4712890 475 2 8 2
473 4712890 475 4 6 6
474 4712890 475 2 3 1
475 4712890 475 8 4 1
476 4712890 475 9 8 2
477 4712890 475 1 6 11
478 4712890 475 10 3 4
479 4712890 475 8 1 3
480 4712890 475 6 2 1
481 4712890 475 7 6 37
482 4712890 475 9 4 1
483 4712890 475 6 7 85
484 4728746 477 2 1 282
485 4728746 477 2 10 99647
486 4728746 477 2 5 349
487 4739942 479 6 9 1
488 4739942 479 1 9 1
489 4745207 480 8 5 25
490 4768011 487 5 6 23
491 4768011 487 5 9 2682
492 4786586 489 2 4 48
493 4790943 491 2 10 39
494 4935673 498 6 1 35
495 4935673 498 8 9 1
496 4935673 498 10 1 35
497 4935673 498 5 2 9
498 4935673 498 2 7 7
499 4935673 498 2 10 13
500 4935673 498 10 4 50
501 4935673 498 10 7 7
502 4935673 498 9 9 1
503 4935673 498 2 6 1
504 4947111 499 7 10 10
505 4952615 502 2 6 191
506 5037553 507 8 9 7
507 5037553 507 6 8 26
508 5037553 507 0 9 7
509 5037553 507 1 10 178
510 5037553 507 8 3 2
511 5037553 507 9 1 1
512 5037553 507 1 6 3
513 5037553 507 5 0 12
514 5037553 507 6 10 89
515 5068746 510 7 1 5
516 5068746 510 6 10 29
517 5068746 510 6 5 3
518 5068746 510 7 5 3
519 5068746 510 6 9 1
520 5069835 512 2 3 5300
521 5151847 513 10 3 26
522 5151847 513 3 1 10
523 5151847 513 7 2 42
524 5151847 513 0 0 5
525 5151847 513 5 6 80
526 5151847 513 7 0 1
527 5151847 513 2 5 862
528 5168932 516 0 3 1
529 5168932 516 3 3 1
530 5169967 518 8 8 52
531 5171687 519 5 10 44
532 5192497 533 9 4 779
533 5211140 538 4 8 3
534 5233959 545 0 6 7157
535 5245360 547 4 9 79
536 5245360 547 4 8 25
537 5245903 548 5 7 298
538 5258959 550 2 6 6
539 5258959 550 1 6 6
540 5278006 551 9 1 7
541 5289348 554 10 7 2037
542 5428730 555 10 7 7
543 5428730 555 4 10 197
544 5428730 555 4 7 60
545 5428730 555 7 9 2
546 5428730 555 7 10 4
547 5428730 555 5 6 23
548 5428730 555 5 5 1
549 5428730 555 3 10 1
550 5428730 555 3 3 202
551 5428730 555 1 3 202
552 5428730 555 5 3 202
553 5428730 555 10 8 7
554 5428730 555 3 9 4
555 5481200 556 9 0 1
556 5481200 556 5 8 109
557 5481200 556 9 5 3164
558 5481200 556 8 8 765
559 5493233 557 3 10 162
560 5493233 557 3 7 70
561 5508161 558 1 10 174
562 5531998 562 10 1 15233
563 5556747 565 1 9 136
564 5557407 566 3 6 39
565 5557423 567 1 5 9237
566 5614253 569 9 9 2
567 5614253 569 0 6 5
568 5614253 569 8 6 1
569 5614253 569 4 5 1
570 5614253 569 7 2 26
571 5614253 569 1 6 1
572 5614253 569 10 10 49
573 5615627 571 1 7 32
574 5671334 576 6 7 65
575 5671334 576 6 3 30
576 5671334 576 1 9 73
577 5672813 577 0 0 2339
578 5705021 582 4 4 50
579 5717911 583 6 5 15734
580 5717911 583 6 10 61
581 5717911 583 6 4 5985
582 5730688 588 4 2 98
583 5735252 590 3 9 2305
584 5740789 591 0 1 40
585 5740789 591 6 10 2
586 5798994 602 8 8 3636
587 5798994 602 6 0 4869
588 5798994 602 8 6 12
589 5818512 607 10 9 5247
590 5821291 609 9 8 117
591 5822141 610 1 3 27
592 5835732 611 0 2 43
593 5835732 611 2 2 8
594 5961858 612 8 6 1
595 5961858 612 0 5 240
596 5961858 612 9 7 2539
597 5961858 612 0 8 8
598 5961858 612 4 9 1
599 5961858 612 7 5 120
600 5961858 612 1 9 14
601 5961858 612 9 8 8
602 5961858 612 5 10 5
603 5961858 612 3 7 5079
604 5961858 612 6 9 3
605 5961858 612 4 7 2539
606 5961858 612 9 3 1
607 5961858 612 0 2 897
608 5961858 612 5 2 448
609 5961858 612 6 3 1
610 5961858 612 9 0 1427
611 5961858 612 7 3 1
612 5961858 612 7 2 448
613 5972462 613 3 4 36562
614 6091605 616 2 4 1
615 6091605 616 3 2 3
616 6091605 616 10 7 200
617 6091605 616 0 3 20
618 6091605 616 3 6 36
619 6091605 616 7 0 494
620 6091605 616 4 2 11
621 6091605 616 2 0 1483
622 6091605 616 0 7 200
623 6091605 616 5 5 8595
624 6091605 616 8 1 1
625 6091605 616 10 8 6
626 6091605 616 7 4 1
627 6091605 616 6 10 2564
628 6091605 616 1 4 1
629 6091605 616 5 8 1
630 6091605 616 1 2 1
631 6099695 618 7 8 12
632 6112158 621 2 8 37
633 6113088 623 5 1 96
634 6132286 626 2 10 96
635 6149171 628 1 6 127
636 6197418 634 7 10 105
637 6204769 635 5 3 16
638 6204769 635 5 5 334
639 6220852 639 2 3 55
640 6295582 644 5 9 27
641 6295582 644 5 3 10
642 6295582 644 6 5 15
643 6295582 644 4 3 21
644 6295582 644 7 10 1
645 6295582 644 1 8 1817
646 6295582 644 1 0 8
647 6295582 644 4 6 1
648 6295582 644 1 3 10
649 6295582 644 10 4 647
650 6309222 659 9 5 5
651 6319929 663 1 1 14315
652 6320599 664 5 3 26
653 6331335 668 5 0 9853
654 6331335 668 5 9 34
655 6431702 671 8 0 7
656 6431702 671 3 1 4531
657 6431702 671 9 5 30
658 6431702 671 3 0 3
659 6431702 671 2 7 1
660 6431702 671 8 1 238
661 6431702 671 3 9 8
662 6431702 671 5 7 2
663 6431702 671 2 6 8
664 6431702 671 5 4 1342
665 6431702 671 3 2 6
666 6431702 671 10 8 5
667 6431702 671 9 7 1
668 6431702 671 0 0 2
669 6434014 672 10 5 10
670 6451736 675 2 2 222
671 6451736 675 2 5 29
672 6553471 683 0 2 3054
673 6553471 683 2 2 1527
674 6553471 683 4 3 29
675 6553471 683 9 6 10
676 6553471 683 6 7 548
677 6553471 683 9 1 25
678 6553471 683 4 0 4
679 6553471 683 4 9 123
680 6553471 683 3 6 31
681 6553471 683 10 7 1097
682 6553471 683 3 8 23
683 6560537 687 7 2 16
684 6560537 687 5 7 16
685 6577050 689 8 10 1
686 6617910 690 8 10 16
687 6652883 692 10 7 4345
688 6652883 692 6 5 222
689 6664182 693 8 9 102
690 6664182 693 8 3 1542
691 6821790 695 10 10 1
692 6821790 695 2 3 13
693 6821790 695 7 5 28
694 6821790 695 7 6 2
695 6821790 695 10 5 7
696 6821790 695 7 1 3
697 6821790 695 7 7 1
698 6821790 695 2 1 3
699 6821790 695 8 5 28
700 6821790 695 5 5 7
701 6821790 695 1 5 7
702 6821790 695 8 10 1
703 6821790 695 5 9 214
704 6821790 695 7 2 793
705 6821790 695 4 6 1
706 6821790 695 4 4 1
707 6823619 696 4 9 362
708 6864170 698 10 7 2
709 6864170 698 5 2 25
710 6864170 698 10 3 1526
711 6914100 702 0 4 649
712 6914100 702 4 8 11
713 6914100 702 3 6 22
714 6914100 702 0 6 22
715 6914100 702 3 4 649
716 6914100 702 4 2 28
717 6945275 703 9 4 57
718 6945275 703 2 1 49
719 6945275 703 2 2 4702
720 6950471 706 2 4 2
721 6971565 710 3 2 96
722 6983123 712 10 4 49
723 6983123 712 2 4 49
724 6989825 714 5 4 563
725 6995639 717 9 7 35
726 7053521 718 3 10 5
727 7053521 718 2 10 21
728 7053521 718 8 9 31
729 7053521 718 2 9 31
730 7055910 721 4 10 231
731 7081340 723 6 9 23
732 7081340 723 6 3 13
733 7081340 723 3 7 32
734 7081340 723 3 0 39
735 7081340 723 3 5 29
736 7091971 724 6 8 63
737 7091971 724 6 3 4789
738 7105841 727 8 7 2
739 7105841 727 10 0 769
740 7112832 731 2 10 8
741 7148308 732 4 2 240
742 7148308 732 9 8 39
743 7148308 732 5 6 2
744 7148308 732 5 3 31
745 7148308 732 4 5 13
746 7149013 733 9 8 3956
747 7184654 735 9 3 20
748 7184654 735 9 7 1348
749 7196209 737 5 0 44
750 7196630 738 5 1 213
751 7212431 740 2 2 25990
752 7293613 741 9 4 33
753 7293613 741 9 7 2
754 7293613 741 8 10 2
755 7293613 741 1 1 989
756 7293613 741 6 0 544
757 7293613 741 1 10 2
758 7293613 741 5 2 3
759 7294628 742 7 10 31
760 7326701 749 9 5 1
761 7326701 749 2 7 20
762 7326701 749 4 9 1
763 7326701 749 10 5 24
764 7400055 751 5 9 15
765 7400055 751 1 2 119
766 7400055 751 1 0 23
767 7400055 751 6 3 242
768 7400055 751 0 2 119
769 7400055 751 7 1 30
770 7400055 751 6 7 3
771 7400055 751 0 3 1455
772 7400055 751 4 8 5
773 7400055 751 6 10 17
774 7413371 752 8 9 5
775 7413371 752 1 9 1
776 7413371 752 1 0 168
777 7413371 752 3 0 42
778 7413371 752 0 1 8
779 7413371 752 7 1 168
780 7414797 754 0 1 40
781 7432208 755 9 9 56
782 7452597 757 9 1 38
783 7453357 758 6 1 123
784 7511638 766 6 7 3
785 7511638 766 5 7 7
786 7511638 766 7 7 3
787 7511638 766 10 3 1
788 7543944 768 8 1 41
789 7543944 768 8 10 47
790 7564810 777 10 6 150
791 7573480 778 6 9 7
792 7573480 778 7 9 14
793 7573480 778 9 9 21
794 7574759 779 4 1 18222
795 7574759 779 2 1 1518
796 7584246 781 0 3 77
797 7588081 782 0 4 1
798 7598272 787 1 4 3
799 7604030 790 7 8 37
800 7620927 798 4 5 6106
801 7620927 798 4 7 28
802 7620952 799 2 10 54
803 7626063 802 4 0 8
804 7626063 802 4 5 18
805 7637624 804 4 0 117
806 7647010 807 2 10 55
807 7651108 814 1 3 170
808 7669698 817 9 3 1577
809 7672863 819 4 3 21
810 7672863 819 7 3 21
811 7817623 822 0 3 1
812 7817623 822 6 0 4
813 7817623 822 4 8 239
814 7817623 822 7 6 13
815 7817623 822 4 0 3
816 7817623 822 2 2 3
817 7817623 822 3 0 7
818 7817623 822 4 2 9
819 7817623 822 4 10 1
820 7817623 822 10 7 138
821 7817623 822 7 2 12
822 7817623 822 7 0 1
823 7817623 822 10 9 1
824 7817623 822 1 9 5
825 7817623 822 5 10 27
826 7817623 822 4 6 8
827 7817623 822 9 10 1
828 7817623 822 6 1 1
829 7817623 822 9 2 3
830 7932267 823 9 3 13
831 7932267 823 5 10 1
832 7932267 823 3 2 6
833 7932267 823 3 8 10
834 7932267 823 1 1 969
835 7932267 823 10 7 751
836 7932267 823 2 8 5
837 7932267 823 1 0 8
838 7968602 825 1 8 63
839 7968602 825 10 2 54
840 7968602 825 10 0 17
841 7968602 825 5 8 63
842 7968602 825 1 2 27
843 7974078 828 6 0 60
844 8015566 833 7 7 1338
845 8015566 833 7 3 83
846 8032414 834 7 0 177
847 8059203 842 1 6 11325
848 8059203 842 1 0 94
849 8066126 844 2 9 283
850 8071608 845 3 7 4
851 8091449 854 6 10 67
852 8108322 857 9 9 69
853 8120842 859 6 0 3051
854 8133169 861 3 2 309
855 8133169 861 3 3 2378
856 8144614 863 6 9 792
857 8222332 864 5 7 1
858 8222332 864 0 4 17
859 8222332 864 1 4 5
860 8243121 871 1 9 3
861 8248245 872 2 4 147
862 8263106 874 2 0 171
863 8263106 874 2 3 32
864 8263106 874 2 6 213
865 8273117 876 4 3 37
866 8273624 877 10 6 24
867 8284135 881 6 2 1685
868 8286610 885 10 5 37
869 8347857 886 6 4 1
870 8347857 886 2 2 1476
871 8347857 886 7 7 8
872 8347857 886 8 0 29
873 8347857 886 2 0 14
874 8347857 886 10 7 1
875 8347857 886 0 0 118
876 8347857 886 5 4 25
877 8359121 888 10 3 87
878 8359121 888 10 0 12
879 8362386 889 9 2 34
880 8422198 894 3 9 35
881 8422198 894 3 7 3
882 8422198 894 2 5 30
883 8422198 894 3 1 19
884 8426432 895 7 9 9
885 8426432 895 3 9 18
886 8458654 896 8 9 10
887 8458654 896 3 2 38
888 8458654 896 3 9 10
889 8458654 896 1 0 15751
890 8458654 896 10 3 3173
891 8458654 896 8 3 3173
892 8475991 899 6 7 61
893 8475991 899 6 9 33179
894 8485884 901 7 2 30
895 8485884 901 0 3 1484
896 8542490 907 2 10 6
897 8542490 907 2 0 36
898 8554839 909 9 10 26
899 8554839 909 9 2 801
900 8567282 911 5 0 682
901 8567282 911 3 0 682
902 8581122 913 6 2 19
903 8595988 917 9 9 199
904 8608262 919 5 1 1
905 8611220 920 2 8 655
906 8628574 924 0 6 1
907 8646401 926 7 5 9235
908 8646401 926 7 6 104
909 8791533 929 9 8 14
910 8791533 929 10 9 4
911 8791533 929 2 3 13
912 8791533 929 6 6 54
913 8791533 929 9 5 227
914 8791533 929 8 6 272
915 8791533 929 2 1 1
916 8791533 929 3 9 4
917 8791533 929 5 4 878
918 8791533 929 0 4 878
919 8791533 929 8 0 25
920 8791533 929 1 5 227
921 8791533 929 8 2 21
922 8791533 929 9 9 4
923 8791533 929 4 3 3
924 8791533 929 3 5 227
925 8875965 930 0 7 10
926 8875965 930 3 2 29
927 8875965 930 4 6 79
928 8875965 930 8 7 10
929 8875965 930 0 1 28
930 8875965 930 5 9 71
931 8875965 930 9 2 7
932 8875965 930 1 5 22
933 8875965 930 2 8 1548
934 8875965 930 8 8 309
935 8875965 930 7 10 683
936 8952214 931 1 6 8
937 8952214 931 1 4 909
938 8952214 931 1 5 349
939 8952214 931 3 3 124
940 8952214 931 0 7 6
941 9002668 932 3 1 779
942 9002668 932 10 9 4
943 9002668 932 10 7 10
944 9002668 932 6 7 3
945 9002668 932 1 7 3
946 9002668 932 9 2 902
947 9002668 932 5 4 6
948 9002668 932 8 4 43
949 9002668 932 8 8 6
950 9002668 932 1 6 4
951 9002668 932 9 4 6
952 9011323 935 3 1 1573
953 9011323 935 6 1 1573
954 9014466 936 3 4 58
955 9025462 939 3 8 14263
956 9033605 940 0 7 99809
957 9168808 941 6 8 1
958 9168808 941 10 10 36
959 9168808 941 6 5 388
960 9168808 941 9 9 2610
961 9168808 941 1 6 5
962 9168808 941 5 9 2610
963 9168808 941 9 4 1
964 9168808 941 4 0 22
965 9168808 941 6 0 5
966 9168808 941 7 10 36
967 9187447 948 6 6 791
968 9187447 948 0 7 18
969 9203621 950 3 8 7
970 9209794 955 9 4 12686
971 9234568 959 10 1 1320
972 9248573 961 1 5 343
973 9248573 961 4 5 343
974 9254124 965 9 8 9024
975 9348674 967 4 0 9
976 9348674 967 5 7 486
977 9348674 967 1 0 9
978 9348674 967 6 4 14
979 9348674 967 1 9 9
980 9348674 967 1 3 4
981 9348674 967 4 9 9
982 9348674 967 6 6 3080
983 9348674 967 0 4 14
984 9348674 967 6 7 243
985 9348674 967 0 2 15
986 9378675 972 10 6 244
987 9404353 973 2 7 85545
988 9404353 973 0 8 2624
989 9404353 973 0 2 17
990 9420832 979 4 8 1268
991 9427424 982 3 10 41
992 9435479 987 9 9 42
993 9454242 993 4 8 12709
994 9454242 993 4 7 154
995 9475153 994 9 1 1
996 9475153 994 7 0 6
997 9475153 994 10 0 3
998 9475153 994 10 5 81
999 9483689 997 0 3 22
