11 367 1000
0 120519 0 9 3 1560
1 120519 0 9 1 6
2 459971 3 10 1 14
3 459971 3 5 8 197
4 459971 3 10 2 11041
5 459971 3 10 9 40
6 532415 4 8 0 205
7 532415 4 2 0 15
8 840790 9 7 5 35
9 840790 9 7 10 1
10 840790 9 1 9 7
11 840790 9 1 8 2
12 840790 9 4 2 98
13 1180324 13 7 10 99
14 1184189 14 7 6 107
15 1189919 15 3 6 109
16 1544175 17 7 8 1
17 1544175 17 9 8 1
18 1544175 17 6 2 526
19 1544175 17 6 5 184
20 1544175 17 6 9 1976
21 1544175 17 5 7 2
22 1611148 18 1 1 13067
23 1611148 18 1 2 19
24 1611148 18 1 10 164
25 1812558 21 4 0 25980
26 1812558 21 4 10 27
27 1812558 21 3 5 18
28 1812558 21 3 8 86
29 1957229 27 3 0 130
30 2133408 29 2 4 83
31 2133408 29 2 1 11
32 2133408 29 2 9 94
33 2133408 29 2 2 8778
34 2133408 29 10 3 99
35 2191334 31 4 6 1
36 2215129 32 6 4 72
37 2218345 33 8 7 56
38 2335994 37 4 6 62
39 2335994 37 6 8 61
40 2335994 37 8 0 25
41 2335994 37 6 0 25
42 2410654 38 8 5 55
43 2545999 41 10 9 75
44 2545999 41 10 10 49
45 2604860 44 1 8 59
46 2604860 44 1 0 118
47 2635215 49 5 3 10203
48 2719417 50 10 0 44
49 2719417 50 7 8 1
50 3440766 51 9 2 5
51 3440766 51 2 6 1
52 3440766 51 3 2 5
53 3440766 51 10 8 21
54 3440766 51 5 8 1
55 3440766 51 2 2 5
56 3440766 51 9 9 1
57 3440766 51 0 3 107
58 3440766 51 10 4 15
59 3446210 52 9 4 249
60 3523908 58 1 2 7830
61 3882463 59 2 7 6
62 3882463 59 5 2 102
63 3882463 59 2 10 3
64 3882463 59 5 6 19
65 3882463 59 8 8 1
66 3882463 59 1 3 5
67 3882463 59 8 5 14
68 3882463 59 1 8 1
69 3890818 60 6 6 322
70 4087854 66 0 3 61
71 4249357 70 3 10 99
72 4374733 74 10 7 17
73 4813086 75 9 5 115
74 4813086 75 3 3 33
75 4813086 75 5 1 5916
76 4813086 75 5 4 8
77 4813086 75 3 1 591
78 4813086 75 0 5 115
79 4813086 75 8 8 1
80 4887201 78 6 1 47
81 5533786 84 10 10 2
82 5533786 84 6 3 17
83 5533786 84 10 1 16
84 5533786 84 7 6 1
85 5533786 84 2 6 2
86 5533786 84 10 7 43
87 5533786 84 3 9 1
88 5533786 84 4 3 4
89 5683389 89 7 5 6
90 5683389 89 7 2 266
91 5962518 97 7 9 5530
92 5962518 97 8 9 1843
93 5962518 97 9 9 1843
94 6296576 99 9 2 19
95 6296576 99 7 5 5
96 6296576 99 0 3 63
97 6313383 101 10 8 35
98 6869164 102 7 9 9
99 6869164 102 1 3 5
100 6869164 102 0 10 21
101 6869164 102 1 5 14
102 6869164 102 7 10 21
103 6869164 102 3 8 29219
104 6869164 102 8 3 17
105 6969148 104 4 3 2306
106 6969148 104 4 6 5599
107 6969148 104 4 9 60
108 7249761 108 5 7 4
109 7249761 108 0 6 7
110 7249761 108 6 2 1
111 7249761 108 2 2 1
112 7249761 108 0 0 226
113 7254007 109 6 0 101
114 7254007 109 3 0 33
115 7284718 110 3 0 197
116 7284718 110 3 7 345
117 7390194 116 2 0 61
118 7461392 117 0 1 35
119 7546444 119 5 8 2988
120 7561649 120 0 7 124
121 7787117 127 0 4 115
122 7880122 132 8 1 6
123 7935659 134 0 3 7
124 8079951 136 8 1 94
125 8079951 136 1 2 59
126 8079951 136 8 0 2006
127 8540966 137 7 4 99
128 8540966 137 4 2 21
129 8540966 137 9 0 4
130 8540966 137 9 8 4
131 8540966 137 2 10 890
132 8540966 137 10 4 896
133 8540966 137 0 8 14
134 8540966 137 6 7 198
135 8540966 137 10 9 2136
136 8587408 139 2 1 25
137 8681991 143 0 4 78
138 8805059 146 6 4 5
139 8907536 150 2 9 28
140 8907536 150 2 1 14
141 8907536 150 2 5 126
142 9432758 154 6 5 69
143 9432758 154 6 6 690
144 9432758 154 2 4 10
145 9432758 154 2 7 642
146 9432758 154 5 2 498
147 9432758 154 3 7 1284
148 9432758 154 1 9 11
149 9463324 156 1 8 23
150 10022927 160 9 0 11
151 10022927 160 1 6 2
152 10022927 160 4 6 5
153 10022927 160 7 3 137
154 10022927 160 8 4 9
155 10223372 162 10 3 382
156 10223372 162 10 10 5
157 10223372 162 8 6 14
158 10223372 162 6 10 5
159 10223372 162 8 7 225
160 10243838 164 6 8 11399
161 10317756 165 2 3 372
162 10317756 165 8 3 93
163 10350258 168 6 2 30
164 10430644 170 3 6 163
165 10430644 170 3 7 102
166 10589749 176 6 9 8
167 10775582 177 3 10 393
168 10775582 177 3 4 23
169 10775582 177 0 8 1073
170 10775582 177 3 0 359
171 10775582 177 0 5 42
172 10775582 177 3 9 9
173 10808683 181 9 0 206
174 10919082 188 4 10 27
175 10965591 190 8 0 72
176 10965591 190 10 0 36
177 10965591 190 8 10 8155
178 11043103 192 3 1 640
179 11075707 196 9 4 86
180 11089027 197 1 1 1245
181 11497828 198 10 10 7
182 11497828 198 9 4 4
183 11497828 198 2 1 18
184 11497828 198 7 0 20
185 11497828 198 8 0 5
186 11497828 198 0 1 4
187 11497828 198 8 3 2
188 11497828 198 10 5 1
189 11510197 201 5 5 64
190 11546911 202 3 3 146
191 11546911 202 3 6 222
192 11671207 203 8 5 8684
193 11696063 205 3 2 11780
194 11782146 209 4 5 39
195 11907540 210 6 3 1
196 12030305 221 8 7 220
197 12082792 223 7 9 1
198 12342996 229 0 9 74
199 12342996 229 2 0 31
200 12342996 229 2 9 74
201 12342996 229 2 5 133
202 12342996 229 0 7 28
203 12595136 230 0 5 11
204 12595136 230 8 0 12
205 12595136 230 8 1 46
206 12595136 230 3 0 48
207 12595136 230 3 6 6
208 12595136 230 0 9 29
209 12595136 230 0 3 136
210 12615187 231 4 6 2
211 13083901 233 6 1 4
212 13083901 233 9 5 1
213 13083901 233 4 0 7
214 13083901 233 0 5 1
215 13083901 233 7 10 160
216 13083901 233 10 3 12
217 13083901 233 10 5 4
218 13303011 237 10 10 82
219 13888881 241 3 6 1
220 13888881 241 4 3 1
221 13888881 241 4 1 6
222 13888881 241 3 5 8412
223 13888881 241 4 10 1014
224 13888881 241 7 1 6
225 13888881 241 3 2 1952
226 13888881 241 7 9 1226
227 13888881 241 7 3 1
228 13888881 241 1 8 1
229 13888881 241 1 4 14
230 13944420 246 10 0 30
231 13993613 254 2 4 52
232 14025218 257 6 9 7792
233 14270784 259 8 0 89
234 14270784 259 0 8 2025
235 14270784 259 0 1 891
236 14270784 259 3 0 14
237 14270784 259 1 7 25
238 14270784 259 7 1 2675
239 14826136 262 8 8 7
240 14826136 262 4 1 30
241 14826136 262 4 7 1
242 14826136 262 3 2 6
243 14826136 262 0 10 12
244 14826136 262 9 3 1
245 15108771 277 2 7 3263
246 15124324 279 0 10 162
247 15132159 280 5 2 647
248 15204931 282 8 10 44
249 15204931 282 8 5 23
250 15284357 285 4 5 15527
251 15284357 285 4 9 314
252 16160168 287 7 10 15
253 16160168 287 7 3 17
254 16160168 287 1 9 3
255 16160168 287 6 6 316
256 16160168 287 6 8 5
257 16160168 287 2 4 1
258 16160168 287 5 9 1
259 16160168 287 7 8 5
260 16160168 287 9 8 5
261 16160168 287 3 6 24
262 16160168 287 6 2 3
263 16160168 287 10 5 4
264 16160168 287 7 7 807
265 16160168 287 6 3 11
266 16160168 287 8 5 2
267 16160168 287 6 10 7
268 16171412 289 10 10 47
269 16486675 291 10 6 1228
270 16486675 291 0 0 33
271 16486675 291 4 5 25
272 16486675 291 6 6 409
273 16486675 291 3 6 409
274 16785971 292 7 6 106
275 16785971 292 6 8 218
276 16785971 292 3 0 12
277 16810080 294 0 5 99583
278 16833218 295 5 4 1
279 16833218 295 6 4 6
280 16992187 298 1 4 9674
281 16992187 298 9 3 134
282 16992187 298 9 8 8519
283 17365377 303 2 0 2
284 17365377 303 0 9 3069
285 17365377 303 4 0 158
286 17365377 303 9 8 649
287 17365377 303 4 6 795
288 17365377 303 1 7 3
289 17571418 304 2 8 40
290 17571418 304 3 7 25
291 17571418 304 3 0 17
292 17611183 305 6 7 116
293 17698988 308 6 9 224
294 17698988 308 6 6 76
295 17733005 310 10 6 6
296 18283624 317 7 1 42
297 18283624 317 0 4 10
298 18283624 317 2 1 14
299 18283624 317 10 7 1004
300 18283624 317 0 5 1929
301 18283624 317 1 3 109
302 18283624 317 4 9 5
303 18283624 317 0 1 14
304 18452902 324 4 9 142
305 18717105 328 5 5 297
306 18717105 328 0 8 44
307 18730424 329 0 7 2
308 18793744 330 0 2 201
309 18799477 333 3 5 304
310 18806970 334 1 9 1536
311 18856587 335 1 3 1
312 18856587 335 1 1 17
313 18923976 337 4 8 4762
314 19062589 339 3 2 288
315 19062589 339 6 3 215
316 19062589 339 0 3 215
317 19062589 339 5 5 951
318 19272744 340 9 7 2998
319 19272744 340 3 2 3
320 19272744 340 5 3 126
321 19293391 341 10 2 91
322 19310631 343 6 4 129
323 19365269 345 7 3 13
324 19422402 349 2 6 2272
325 19542845 355 0 6 29
326 19564914 357 2 8 157
327 19698993 362 6 3 357
328 19730674 364 4 6 40
329 19736971 365 1 3 670
330 19903820 369 1 7 2
331 20106864 370 4 9 46
332 20106864 370 4 8 3
333 20106864 370 7 9 23
334 20106864 370 8 2 1
335 20135640 371 1 8 116
336 20155520 378 10 6 120
337 20310107 380 10 8 9844
338 20310107 380 10 9 703
339 20336636 383 4 6 187
340 20337305 384 6 2 220
341 20376384 386 7 3 976
342 20376384 386 0 3 488
343 20544374 388 0 1 16
344 20544374 388 0 9 4765
345 20544374 388 7 7 30
346 21033420 390 5 0 14
347 21033420 390 9 8 2301
348 21033420 390 8 1 2
349 21033420 390 1 6 229
350 21033420 390 9 0 14
351 21033420 390 2 9 6824
352 21033420 390 9 5 6
353 21207769 392 9 0 19
354 21207769 392 1 4 854
355 21207769 392 7 4 427
356 21830385 395 3 0 440
357 21830385 395 2 10 10
358 21830385 395 7 3 10
359 21830385 395 8 5 177
360 21830385 395 7 0 440
361 21830385 395 4 8 33
362 21830385 395 0 9 2555
363 21830385 395 3 6 54
364 21830385 395 0 0 1322
365 21830385 395 5 9 2555
366 21904629 399 5 7 15502
367 21921054 400 2 6 38920
368 21943908 401 5 3 2385
369 21943908 401 0 3 1192
370 21943908 401 10 3 1192
371 22153347 402 2 9 21
372 22153347 402 9 1 1815
373 22153347 402 9 6 88
374 22192802 405 7 5 15
375 22320194 407 2 9 3032
376 22320194 407 2 10 6135
377 22321629 408 2 8 119
378 22740283 409 8 2 3
379 22740283 409 8 10 10
380 22740283 409 8 1 542
381 22740283 409 10 8 13
382 22740283 409 5 10 10
383 22740283 409 6 0 528
384 22740283 409 10 9 30
385 23004544 416 8 1 2
386 23016899 419 6 1 60
387 23056270 420 7 10 64
388 23056270 420 9 10 64
389 23152161 422 6 2 4553
390 23152161 422 8 7 4
391 23241667 424 7 10 493
392 23241667 424 7 2 215
393 23989784 428 10 3 14
394 23989784 428 6 6 1
395 23989784 428 7 6 2
396 23989784 428 5 1 6684
397 23989784 428 8 2 2
398 23989784 428 7 0 1
399 23989784 428 5 3 3
400 23989784 428 9 4 1
401 23989784 428 6 2 1
402 23989784 428 9 8 2
403 23989784 428 4 10 38
404 24409266 430 4 8 1
405 24409266 430 0 3 2
406 24409266 430 5 4 3
407 24409266 430 0 7 17
408 24409266 430 10 2 18
409 24409266 430 8 2 36
410 24440498 432 7 7 22
411 24512337 435 7 6 24
412 24512980 436 0 3 109
413 24566714 440 4 10 4
414 24578299 442 6 1 1280
415 24610241 443 6 4 108
416 24610241 443 6 3 83
417 24662207 445 10 0 208
418 24681191 447 3 1 17
419 25100653 457 2 6 6
420 25100653 457 1 0 25
421 25100653 457 5 10 5
422 25100653 457 5 1 53
423 25100653 457 2 4 1
424 25100653 457 2 10 5
425 25136059 458 2 4 1978
426 25259441 460 1 0 38977
427 25259441 460 1 3 39
428 25259441 460 1 5 102
429 25583830 461 2 1 11
430 25583830 461 7 1 11
431 25583830 461 3 0 16
432 25583830 461 7 8 9
433 25583830 461 2 9 3
434 25583830 461 10 8 9
435 25583830 461 5 5 163
436 25583830 461 4 6 122
437 25583830 461 4 8 9
438 25583830 461 4 0 1
439 25622528 464 9 0 17
440 25628348 465 3 0 20
441 26644898 466 1 1 2
442 26644898 466 0 4 2609
443 26644898 466 1 9 4
444 26644898 466 5 9 4
445 26644898 466 6 8 1
446 26644898 466 9 3 1801
447 26644898 466 0 1 14
448 26644898 466 4 9 8
449 26644898 466 2 8 1
450 26644898 466 8 9 4
451 26644898 466 5 10 4
452 26644898 466 2 1 5
453 26644898 466 10 10 4
454 26644898 466 6 9 4
455 26644898 466 5 7 1
456 26644898 466 9 6 4
457 26644898 466 7 3 3602
458 26644898 466 6 10 2
459 26896574 467 6 0 430
460 26896574 467 6 7 5
461 26896574 467 4 6 6
462 26896574 467 10 9 8
463 26965657 468 7 10 33231
464 27109492 472 8 0 14
465 27394563 473 10 8 52
466 27394563 473 2 2 23
467 27394563 473 9 10 1
468 28277340 475 1 3 23
469 28277340 475 6 7 85
470 28277340 475 5 10 25
471 28277340 475 2 0 1
472 28277340 475 10 8 5
473 28277340 475 7 10 5
474 28277340 475 3 9 5
475 28277340 475 3 10 5
476 28277340 475 7 4 1
477 28277340 475 3 1 3
478 28277340 475 4 1 6
479 28277340 475 10 10 5
480 28277340 475 3 3 1
481 28277340 475 6 2 1
482 28277340 475 4 5 5
483 28372478 477 2 7 60
484 28471242 480 5 8 224
485 28608066 487 5 8 1304
486 28719518 489 0 5 94
487 28719518 489 9 8 8
488 29614038 498 1 8 5658
489 29614038 498 10 6 1
490 29614038 498 10 9 1
491 29614038 498 6 6 1
492 29614038 498 8 1 17
493 29614038 498 10 0 21
494 29614038 498 6 10 13
495 29614038 498 0 4 50
496 29614038 498 1 6 1
497 29614038 498 4 10 13
498 29614038 498 3 6 1
499 29614038 498 4 7 7
500 29614038 498 9 0 64
501 29614038 498 10 4 50
502 29614038 498 6 4 50
503 29614038 498 9 1 319
504 29614038 498 3 1 35
505 29614038 498 0 2 4
506 29614038 498 4 1 17
507 29614038 498 0 0 43
508 29614038 498 1 10 13
509 29614038 498 7 0 10
510 29682670 499 7 10 10
511 29748821 504 10 9 1333
512 29748821 504 3 10 30
513 29748821 504 6 9 296
514 29748821 504 10 3 26
515 29748821 504 6 8 77
516 30225322 507 3 3 26
517 30225322 507 5 6 3
518 30225322 507 4 1 1
519 30225322 507 1 8 52
520 30225322 507 6 4 2858
521 30225322 507 6 3 7
522 30225322 507 9 8 13
523 30225322 507 4 3 2
524 30412481 510 7 0 47
525 30412481 510 7 6 71
526 30412481 510 6 5 3
527 30416581 511 8 2 14390
528 30911084 513 5 2 6
529 30911084 513 5 1 21
530 30911084 513 8 5 172
531 30911084 513 2 9 20
532 30911084 513 7 1 58
533 30911084 513 7 7 11
534 31013592 516 2 3 1
535 31013592 516 3 3 1
536 31019804 518 9 8 52
537 31030124 519 10 10 44
538 31129030 529 9 9 374
539 31129030 529 2 9 374
540 31238462 535 6 7 6
541 31266842 538 0 8 23
542 31279415 539 9 1 15
543 31392505 542 1 6 65
544 31392505 542 1 5 33196
545 31553754 550 6 6 6
546 31553754 550 2 6 6
547 31668037 551 7 9 4879
548 31668037 551 2 9 4879
549 31736090 554 10 7 2037
550 32572384 555 7 0 1
551 32572384 555 0 3 202
552 32572384 555 4 4 829
553 32572384 555 5 6 23
554 32572384 555 6 3 202
555 32572384 555 10 6 47
556 32572384 555 7 5 11
557 32572384 555 1 5 1
558 32572384 555 8 6 23
559 32572384 555 2 6 94
560 32572384 555 1 8 7
561 32572384 555 5 9 2
562 32572384 555 4 5 3
563 32572384 555 9 1 95
564 32572384 555 6 4 829
565 32887204 556 3 10 335
566 32887204 556 0 0 1
567 32887204 556 10 0 11
568 33048966 558 1 0 204
569 33048966 558 1 6 81
570 33048966 558 1 4 2269
571 33082052 560 5 0 81
572 33191993 562 10 10 8302
573 33191993 562 10 8 7631
574 33275417 563 10 2 11
575 33275417 563 10 3 653
576 33299572 564 4 9 23
577 33340482 565 1 0 14
578 33685520 569 9 6 87
579 33685520 569 6 5 1
580 33685520 569 3 6 1
581 33685520 569 2 9 2
582 33693765 571 1 7 32
583 33693890 572 8 0 9018
584 34028004 576 1 2 102
585 34028004 576 0 2 51
586 34028004 576 1 4 37
587 34028004 576 1 6 4
588 34028004 576 6 3 30
589 34036878 577 0 0 2339
590 34082204 580 3 8 25
591 34230126 582 4 6 282
592 34307467 583 6 1 2272
593 34384129 588 4 10 9
594 34384129 588 4 7 10
595 34384129 588 4 1 168
596 34444734 591 8 10 2
597 34444734 591 2 1 1
598 34465975 593 9 9 1350
599 34496154 595 0 9 1
600 34501580 596 9 1 190
601 34793966 602 8 7 111
602 34793966 602 6 10 509
603 34800155 603 2 10 133
604 34907831 606 10 0 183
605 35014393 611 7 6 205
606 35771153 612 2 10 5
607 35771153 612 6 3 1
608 35771153 612 2 3 1
609 35771153 612 7 5 120
610 35771153 612 9 6 3
611 35771153 612 8 0 713
612 35771153 612 5 7 2539
613 35771153 612 2 7 2539
614 35771153 612 7 1 3
615 35771153 612 8 1 13
616 35771153 612 3 0 71
617 35771153 612 9 2 1346
618 35771153 612 4 1 3
619 35771153 612 1 0 71
620 35771153 612 7 2 448
621 35771153 612 7 10 5
622 35771153 612 4 8 17
623 35834773 613 3 5 22
624 36549632 616 0 5 1227
625 36549632 616 8 10 854
626 36549632 616 1 7 1201
627 36549632 616 9 9 8
628 36549632 616 1 3 20
629 36549632 616 2 0 1483
630 36549632 616 5 10 854
631 36549632 616 0 3 20
632 36549632 616 7 8 3
633 36549632 616 0 2 11
634 36549632 616 8 6 36
635 36549632 616 7 9 2
636 36549632 616 2 1 1
637 36549632 616 6 6 108
638 36549632 616 5 2 1
639 36693279 624 2 5 2839
640 36693279 624 8 5 2839
641 36699402 625 4 0 34
642 36813518 627 1 4 258
643 37150463 633 5 4 225
644 37184511 634 7 9 19581
645 37228617 635 5 5 334
646 37238062 636 6 5 1003
647 37274263 637 4 10 24
648 37325115 639 2 3 55
649 37773497 644 5 10 11
650 37773497 644 5 9 27
651 37773497 644 0 7 92
652 37773497 644 3 1 748
653 37773497 644 5 3 10
654 37773497 644 6 10 1
655 37773497 644 0 2 152
656 37803644 647 1 3 1338
657 37806843 648 9 2 178
658 37808449 649 4 1 3092
659 37814756 650 0 10 58
660 37815287 651 5 8 25
661 37825161 653 7 10 4838
662 37855332 659 10 5 113
663 37918973 661 9 0 13
664 37933664 665 8 8 45
665 37988012 668 5 4 33132
666 38590215 671 10 10 4
667 38590215 671 0 0 2
668 38590215 671 6 4 3355
669 38590215 671 9 2 6
670 38590215 671 5 4 1342
671 38590215 671 1 5 30
672 38604084 672 10 5 10
673 38772571 678 8 6 409
674 38842426 681 8 4 1319
675 38842426 681 9 4 1319
676 39320831 683 8 1 50
677 39320831 683 8 6 10
678 39320831 683 3 2 4582
679 39320831 683 8 2 3054
680 39320831 683 2 1 25
681 39320831 683 5 9 15
682 39320831 683 9 6 10
683 39320831 683 0 9 15
684 39363226 687 10 2 32
685 39707464 690 4 1 1
686 39707464 690 0 8 150
687 39707464 690 0 7 11086
688 39707464 690 4 2 11
689 39707464 690 0 5 4
690 39707464 690 8 8 600
691 39917303 692 2 1 48
692 40930743 695 10 6 2
693 40930743 695 3 2 793
694 40930743 695 5 1 3
695 40930743 695 2 0 128
696 40930743 695 4 3 4
697 40930743 695 1 7 1
698 40930743 695 1 8 1
699 40930743 695 6 0 64
700 40930743 695 4 8 1
701 40930743 695 0 5 14
702 40930743 695 10 7 1
703 40930743 695 7 9 429
704 40930743 695 6 7 1
705 40930743 695 7 8 1
706 40930743 695 6 10 1
707 40930743 695 9 10 1
708 40930743 695 5 3 4
709 40930743 695 8 2 793
710 40930743 695 10 10 1
711 40930743 695 0 2 793
712 40930743 695 9 1 7
713 40930743 695 4 5 71
714 40930743 695 3 0 21
715 40969306 697 4 6 1569
716 40969306 697 4 10 15
717 41185025 698 5 5 6
718 41185025 698 2 4 268
719 41299270 701 9 2 76
720 41299270 701 10 2 7
721 41484605 702 0 3 1
722 41484605 702 4 9 6
723 41671654 703 2 8 52
724 41671654 703 9 0 37
725 41671654 703 2 1 49
726 41680514 704 5 6 1995
727 41829395 710 3 4 1221
728 41829395 710 3 0 36
729 41898740 712 4 4 99
730 41973837 717 9 7 35
731 42321128 718 1 5 87
732 42321128 718 10 10 10
733 42334805 720 10 8 8567
734 42335464 721 4 10 231
735 42488041 723 6 9 23
736 42559252 725 2 3 90
737 42635047 727 6 7 2
738 42676993 731 2 10 8
739 42889853 732 9 5 52
740 42889853 732 7 0 1
741 43107925 735 9 2 1
742 43107925 735 6 4 76
743 43107925 735 6 7 1348
744 43107925 735 9 7 1348
745 43107925 735 6 8 280
746 43261114 739 10 1 78
747 43761680 741 3 7 2
748 43761680 741 6 0 544
749 43761680 741 7 7 2
750 43761680 741 5 6 5
751 43761680 741 2 8 6
752 43761680 741 9 7 2
753 43761680 741 2 4 66
754 43857029 744 8 8 75
755 43960209 749 2 0 33
756 44400333 751 1 8 1
757 44400333 751 10 2 15409
758 44400333 751 9 6 55
759 44400333 751 7 1 30
760 44400333 751 0 7 3
761 44400333 751 4 5 355
762 44400333 751 3 10 17
763 44400333 751 4 8 5
764 44400333 751 6 1 15
765 44400333 751 1 0 23
766 44480231 752 8 9 5
767 44593249 755 9 1 352
768 44593249 755 9 8 92
769 44593249 755 9 0 195
770 44593249 755 9 6 4
771 44715584 757 3 0 7
772 44746768 759 10 3 11
773 45069829 766 0 5 13
774 45069829 766 5 5 54
775 45069829 766 7 5 41
776 45069829 766 3 3 1
777 45069829 766 0 3 1
778 45069829 766 2 4 48
779 45069829 766 7 7 3
780 45263667 768 0 7 2
781 45263667 768 0 8 21
782 45263667 768 0 10 47
783 45263667 768 8 1 41
784 45265020 769 5 3 363
785 45388860 777 10 6 150
786 45440882 778 10 1 279
787 45440882 778 0 1 279
788 45440882 778 2 9 7
789 45498175 780 2 5 4
790 45498175 780 0 2 6098
791 45596826 788 10 8 200
792 45631953 793 4 7 6073
793 45640604 795 3 7 39
794 45725564 798 4 9 293
795 45726108 800 8 7 69
796 45756381 802 4 5 18
797 45882060 807 3 10 55
798 46024618 818 9 4 82
799 46037182 819 4 3 21
800 46037182 819 7 3 21
801 46905743 822 2 4 5
802 46905743 822 8 4 1
803 46905743 822 9 10 1
804 46905743 822 2 7 1244
805 46905743 822 2 3 5
806 46905743 822 2 1 1
807 46905743 822 6 6 4
808 46905743 822 0 3 1
809 46905743 822 7 3 5
810 46905743 822 7 5 52
811 46905743 822 2 2 3
812 46905743 822 3 8 239
813 46905743 822 1 1 1
814 46905743 822 4 9 1
815 47593607 823 8 1 969
816 47593607 823 1 3 13
817 47593607 823 3 1 969
818 47593607 823 9 8 1
819 47593607 823 10 7 751
820 47593607 823 1 2 6
821 47593607 823 3 5 599
822 47593607 823 9 7 751
823 47593607 823 1 6 1980
824 47593607 823 5 3 6
825 47593607 823 5 7 751
826 47593607 823 5 1 969
827 47593607 823 5 10 1
828 47811612 825 5 8 63
829 47811612 825 1 9 18
830 47811612 825 6 5 16
831 47811612 825 5 5 16
832 47837462 827 5 9 116
833 47844473 828 6 0 60
834 47935243 830 2 7 448
835 47935243 830 0 5 5
836 48093399 833 7 0 119
837 48194485 834 2 5 908
838 48194485 834 9 10 1400
839 48194485 834 1 9 51
840 48194485 834 1 0 15
841 48243448 838 5 0 8530
842 48355222 842 1 4 6007
843 48429648 845 10 7 4
844 48488607 846 5 4 14
845 48488607 846 5 6 89
846 48488607 846 5 9 17114
847 48500655 849 7 10 39
848 48573303 856 4 4 30
849 48649934 857 9 8 57
850 48662891 858 7 2 1
851 48725055 859 6 10 7
852 49333997 864 2 6 4
853 49333997 864 10 5 15
854 49333997 864 6 9 70
855 49333997 864 6 6 17
856 49333997 864 9 1 4
857 49333997 864 2 8 113
858 49333997 864 2 7 1
859 49458730 871 6 3 767
860 49489474 872 2 4 147
861 49489474 872 1 4 73
862 49578636 874 2 5 668
863 49622799 875 2 7 9
864 49664269 880 1 7 27314
865 49704815 881 4 2 561
866 50087144 886 2 0 14
867 50087144 886 0 1 11
868 50087144 886 6 4 1
869 50087144 886 1 9 2254
870 50087144 886 7 2 41
871 50087144 886 7 0 14
872 50087144 886 2 2 1476
873 50087144 886 3 0 14
874 50087144 886 6 0 14
875 50087144 886 8 9 751
876 50154726 888 10 0 12
877 50174320 889 6 2 173
878 50533190 894 3 3 6
879 50533190 894 5 7 1
880 50533190 894 7 2 5
881 50533190 894 6 7 54
882 50533190 894 4 2 5
883 50533190 894 8 5 30
884 50533190 894 4 7 10
885 50558594 895 7 9 9
886 50751926 896 4 9 10
887 50751926 896 2 0 1968
888 50798235 898 1 1 158
889 50855950 899 6 6 12658
890 50855950 899 6 10 114
891 50855950 899 6 0 1733
892 51027923 903 1 2 22
893 51027923 903 1 1 7
894 51083346 905 4 8 95
895 51083346 905 2 8 95
896 51083346 905 10 8 95
897 51254942 907 4 6 136
898 51254942 907 4 8 14
899 51254942 907 2 2 1642
900 51329039 909 9 6 8913
901 51329039 909 9 7 11407
902 51329039 909 9 10 26
903 51403693 911 1 0 682
904 51403693 911 10 0 682
905 51575933 917 9 9 199
906 51649573 919 10 1 2
907 51649573 919 0 1 1
908 51667323 920 6 9 28
909 51695741 923 10 7 1223
910 51771445 924 10 6 1
911 51894351 928 0 10 51
912 52749200 929 10 9 4
913 52749200 929 3 9 4
914 52749200 929 1 8 4
915 52749200 929 7 0 2
916 52749200 929 8 2 21
917 52749200 929 0 4 878
918 52749200 929 5 8 4
919 52749200 929 8 8 9
920 52749200 929 1 2 12
921 52749200 929 6 3 3
922 52749200 929 4 6 54
923 52749200 929 7 6 54
924 52749200 929 7 1 18
925 53255791 930 7 3 15
926 53255791 930 9 0 9968
927 53255791 930 3 4 7804
928 53255791 930 5 7 10
929 53255791 930 0 2 7
930 53255791 930 10 10 683
931 53255791 930 2 7 21
932 53255791 930 10 3 15
933 53255791 930 7 2 7
934 53255791 930 6 8 928
935 53255791 930 1 6 13
936 53713284 931 5 5 349
937 53713284 931 8 1 84
938 53713284 931 0 8 4
939 53713284 931 4 0 3169
940 53713284 931 0 2 6431
941 53713284 931 1 6 8
942 54016013 932 5 3 13
943 54016013 932 0 2 1805
944 54016013 932 4 6 4
945 54016013 932 3 0 2
946 54016013 932 4 9 4
947 54016013 932 1 6 4
948 54016013 932 3 3 3
949 54023477 933 9 6 7857
950 54067943 935 1 1 1573
951 54152775 939 8 8 28526
952 54152775 939 2 8 14263
953 55012853 941 2 6 5
954 55012853 941 6 0 5
955 55012853 941 4 3 4
956 55012853 941 2 4 1
957 55012853 941 7 6 5
958 55012853 941 0 3 1
959 55012853 941 6 9 2610
960 55012853 941 4 8 1
961 55012853 941 4 1 192
962 55012853 941 4 10 18
963 55012853 941 4 2 10
964 55012853 941 1 1 1248
965 55012853 941 8 2 2
966 55012853 941 7 4 3
967 55012853 941 9 10 18
968 55012853 941 7 7 2
969 55012853 941 3 6 2
970 55012853 941 10 3 1
971 55012853 941 4 5 41
972 55024885 943 6 0 1
973 55230622 951 2 8 158
974 55258765 955 7 4 6343
975 55407412 959 10 3 152
976 55491441 961 0 5 343
977 55491441 961 3 5 343
978 55492319 962 1 9 174
979 55507411 963 0 8 229
980 56092044 967 6 3 8
981 56092044 967 0 2 15
982 56092044 967 5 5 7
983 56092044 967 5 4 14
984 56167665 970 8 4 16
985 56198328 971 9 8 90
986 56272055 972 10 6 244
987 56272055 972 10 5 263
988 56426118 973 2 10 26
989 56449793 975 8 8 3
990 56460332 976 2 8 113
991 56554515 980 10 10 306
992 56568655 983 0 10 188
993 56576609 985 5 10 2635
994 56646701 991 9 10 233
995 56850919 994 2 0 3
996 56850919 994 2 1 1
997 56873810 995 6 6 518
998 56873810 995 5 6 518
999 56902136 997 0 3 22
