11 354 1000
0 15064 0 1 9 151
1 15064 0 1 4 103
2 15064 0 9 5 6
3 57496 3 10 8 592
4 57496 3 5 6 284
5 57496 3 9 9 20
6 57496 3 9 10 1871
7 66551 4 2 0 15
8 66551 4 8 0 205
9 66551 4 6 8 9
10 76089 8 10 0 624
11 105098 9 1 3 74
12 105098 9 4 10 25
13 105098 9 7 0 7
14 105098 9 4 2 98
15 105098 9 1 0 14
16 114093 12 3 2 8
17 147540 13 3 1 265
18 147540 13 3 9 2319
19 147540 13 5 5 13
20 147540 13 8 8 1
21 147540 13 1 4 340
22 148739 15 3 6 109
23 193021 17 0 2 526
24 193021 17 5 10 1
25 193021 17 3 7 19
26 193021 17 2 5 100
27 193021 17 6 2 526
28 201393 18 1 10 164
29 226569 21 4 5 18
30 228043 22 6 5 14781
31 235498 26 0 8 2366
32 244653 27 0 0 1040
33 266676 29 10 9 5
34 266676 29 10 6 2425
35 273916 31 3 6 1
36 277293 33 8 7 56
37 291999 37 8 10 4
38 291999 37 4 0 25
39 291999 37 4 6 62
40 291999 37 0 10 4
41 301331 38 2 5 55
42 301331 38 2 1 190
43 301331 38 7 1 190
44 305883 39 10 5 6
45 318249 41 10 1 3192
46 325607 44 1 2 89
47 325607 44 1 1 36
48 327027 45 1 6 1063
49 327027 45 0 6 3190
50 327875 47 8 1 42
51 339927 50 9 3 14
52 339927 50 2 0 44
53 339927 50 9 0 44
54 339927 50 1 8 12
55 430095 51 2 8 3
56 430095 51 7 10 1
57 430095 51 7 9 1
58 430095 51 10 9 1
59 430095 51 2 6 1
60 430095 51 0 2 10
61 430095 51 10 0 64
62 430095 51 9 9 1
63 430095 51 10 3 15
64 430095 51 0 5 33
65 430095 51 5 0 10
66 485307 59 8 1 22
67 485307 59 1 3 5
68 485307 59 1 4 1
69 485307 59 8 2 204
70 485307 59 5 10 3
71 485307 59 2 4 8
72 485307 59 5 1 22
73 494306 61 2 1 230
74 494306 61 2 2 24
75 494718 62 8 5 5726
76 514901 68 10 4 23
77 544691 72 6 6 108
78 544691 72 6 3 18
79 546841 74 7 7 25
80 601635 75 6 9 1
81 601635 75 7 5 115
82 601635 75 2 5 577
83 601635 75 1 7 1
84 601635 75 1 6 163
85 601635 75 10 6 14
86 609011 77 6 4 52
87 609011 77 9 4 42
88 691723 84 4 5 4
89 691723 84 2 7 21
90 691723 84 2 6 2
91 691723 84 6 4 5
92 691723 84 10 9 1
93 691723 84 3 0 7
94 691723 84 3 4 5
95 718711 91 6 2 2201
96 723749 93 7 7 13
97 745314 97 0 9 1843
98 787072 99 9 3 63
99 789172 101 10 8 35
100 858645 102 2 0 70
101 858645 102 10 1 3
102 858645 102 5 7 2
103 858645 102 2 3 17
104 858645 102 3 2 1451
105 858645 102 8 3 17
106 858645 102 0 0 35
107 858645 102 4 7 1
108 858645 102 4 4 4
109 858645 102 3 7 1
110 858645 102 0 1 3
111 858645 102 4 10 21
112 865483 103 9 5 13
113 906220 108 4 0 226
114 906220 108 3 10 3
115 923774 116 2 0 61
116 943305 119 5 8 2988
117 946545 122 0 1 98
118 952452 125 0 2 16
119 973389 127 0 9 22699
120 973389 127 0 6 358
121 975994 131 1 3 226
122 985015 132 5 1 6
123 992421 135 1 6 8481
124 1009993 136 1 6 153
125 1067620 137 1 0 4
126 1067620 137 2 0 4
127 1067620 137 10 8 34
128 1067620 137 10 9 2136
129 1067620 137 1 6 2
130 1067620 137 5 8 4
131 1067620 137 3 9 2136
132 1068564 138 4 5 109
133 1076175 142 3 3 77
134 1085248 143 0 1 26
135 1100632 146 3 4 5
136 1100632 146 7 8 1332
137 1101292 147 6 2 182
138 1113442 150 2 6 229
139 1122361 153 4 9 185
140 1179094 154 5 10 2
141 1179094 154 0 0 4
142 1179094 154 0 6 115
143 1179094 154 3 3 28
144 1179094 154 9 5 69
145 1179094 154 2 1 33
146 1179094 154 7 7 642
147 1179094 154 9 2 6235
148 1179094 154 2 2 249
149 1179678 155 1 7 3
150 1182915 156 2 8 23
151 1252865 160 3 10 17
152 1252865 160 1 0 23
153 1252865 160 10 8 306
154 1252865 160 10 7 293
155 1252865 160 8 5 11
156 1252865 160 6 5 11
157 1277921 162 2 1 2890
158 1278162 163 4 3 297
159 1291091 167 2 5 23577
160 1303830 170 3 10 19
161 1322177 174 0 7 14
162 1322177 174 6 6 96
163 1322177 174 6 10 9
164 1346947 177 3 4 23
165 1346947 177 3 0 359
166 1346947 177 3 9 9
167 1353459 183 4 0 35
168 1356575 184 3 5 54
169 1364230 187 4 9 35
170 1370698 190 10 10 8155
171 1380387 192 3 5 27522
172 1382195 194 5 3 4
173 1384463 196 9 4 86
174 1437228 198 1 0 10
175 1437228 198 10 6 111
176 1437228 198 7 4 2
177 1437228 198 6 0 5
178 1437228 198 1 1 4
179 1437228 198 3 4 2
180 1438774 201 5 5 64
181 1443363 202 3 10 415
182 1458900 203 7 1 21
183 1462007 205 0 3 62
184 1466946 207 7 0 68
185 1488442 210 4 3 1
186 1488442 210 6 3 1
187 1488442 210 7 3 1
188 1488442 210 1 3 1
189 1498932 217 8 5 78
190 1516788 228 9 2 15
191 1516788 228 3 2 31
192 1542874 229 2 10 5
193 1542874 229 0 5 4
194 1542874 229 0 3 28
195 1542874 229 6 4 17
196 1542874 229 6 7 9
197 1574392 230 0 8 16
198 1574392 230 3 9 29
199 1574392 230 0 2 1
200 1574392 230 8 5 3
201 1635487 233 4 8 5
202 1635487 233 2 7 1
203 1635487 233 1 3 4
204 1635487 233 5 5 4
205 1636738 234 1 7 11379
206 1662876 237 4 10 82
207 1662876 237 4 1 55
208 1662876 237 4 5 53
209 1673235 239 2 1 9
210 1736110 241 3 1 18
211 1736110 241 6 0 9
212 1736110 241 6 5 1682
213 1736110 241 9 10 1014
214 1736110 241 7 3 1
215 1736110 241 9 5 1682
216 1736110 241 6 10 8112
217 1736110 241 3 8 1
218 1736110 241 1 5 3364
219 1739760 244 4 1 1
220 1739760 244 1 1 1
221 1743191 247 9 7 2966
222 1746299 250 2 9 38
223 1746299 250 3 9 15
224 1753152 257 6 9 7792
225 1783848 259 1 10 622
226 1783848 259 8 8 8101
227 1783848 259 2 10 622
228 1783848 259 7 8 2025
229 1783848 259 3 1 891
230 1783848 259 8 5 600
231 1783848 259 8 0 89
232 1783848 259 6 3 623
233 1783848 259 7 0 14
234 1783976 260 0 8 471
235 1853267 262 2 5 1
236 1853267 262 8 7 1
237 1853267 262 2 8 7
238 1853267 262 9 4 1
239 1853267 262 9 1 30
240 1861949 263 1 10 4572
241 1876905 269 4 0 22
242 1876905 269 4 1 4881
243 1876905 269 4 2 8281
244 1900616 282 8 9 41
245 1900616 282 8 10 44
246 1910544 285 4 3 17
247 2020021 287 8 7 1615
248 2020021 287 2 9 1
249 2020021 287 6 3 11
250 2020021 287 9 3 5
251 2020021 287 4 5 2
252 2020021 287 2 7 12118
253 2020021 287 5 4 1
254 2020021 287 8 2 9
255 2020021 287 6 1 15
256 2020021 287 8 10 7
257 2020021 287 10 0 1
258 2020021 287 4 6 24
259 2020021 287 3 8 11
260 2020021 287 1 1 3
261 2020021 287 10 5 4
262 2020021 287 1 8 5
263 2020021 287 6 7 807
264 2020021 287 10 9 1
265 2060834 291 8 0 6
266 2060834 291 2 0 8
267 2060834 291 7 0 3
268 2060834 291 8 6 409
269 2060834 291 0 1 128
270 2060834 291 10 3 211
271 2060834 291 8 2 34357
272 2060834 291 6 8 8
273 2098246 292 1 0 6
274 2098246 292 2 10 1
275 2098246 292 10 6 39
276 2098246 292 2 1 197
277 2098246 292 10 8 3054
278 2098246 292 1 10 2
279 2101086 293 8 1 87
280 2124023 298 9 8 8519
281 2124023 298 1 8 2839
282 2124023 298 9 4 483
283 2124023 298 9 2 37
284 2124023 298 1 7 60
285 2129629 302 2 8 113
286 2170672 303 2 0 2
287 2170672 303 8 9 204
288 2170672 303 4 2 1892
289 2196427 304 2 4 11
290 2196427 304 2 3 929
291 2196427 304 3 3 9291
292 2196427 304 3 2 24
293 2196427 304 3 10 1954
294 2203783 307 0 4 476
295 2212373 308 6 8 78
296 2212373 308 6 6 76
297 2212373 308 6 0 160
298 2216625 310 0 1 221
299 2223814 311 2 10 76
300 2223814 311 6 4 133
301 2225010 312 6 10 391
302 2225148 314 9 1 54
303 2285453 317 2 3 54
304 2285453 317 5 10 55
305 2285453 317 1 2 3961
306 2285453 317 6 4 10
307 2285453 317 9 8 167
308 2285453 317 1 7 2009
309 2306612 324 9 9 47
310 2306612 324 2 5 510
311 2339638 328 7 0 11
312 2339638 328 1 5 297
313 2339638 328 3 3 1
314 2339638 328 2 5 297
315 2349218 330 0 7 67
316 2349218 330 0 9 26
317 2349218 330 0 5 91
318 2357073 335 1 0 231
319 2357073 335 1 3 1
320 2357191 336 9 4 663
321 2366026 338 7 5 18
322 2382823 339 10 2 2880
323 2382823 339 5 5 951
324 2382823 339 7 5 95
325 2382823 339 8 5 95
326 2382823 339 6 5 190
327 2382823 339 10 7 31
328 2382823 339 1 7 15
329 2409093 340 5 8 451
330 2409093 340 6 2 7
331 2409093 340 5 4 1
332 2413581 342 7 4 33
333 2413828 343 6 4 129
334 2420658 345 7 3 13
335 2423167 346 6 5 978
336 2427800 349 8 6 1136
337 2433167 352 9 10 104
338 2448457 358 0 4 7138
339 2466334 364 4 6 40
340 2475609 367 6 3 60
341 2475825 368 0 7 1327
342 2487977 369 1 7 2
343 2487977 369 2 9 869
344 2487977 369 2 7 23
345 2513358 370 9 2 1
346 2513358 370 6 5 4
347 2513358 370 9 3 10
348 2513358 370 9 5 1
349 2513358 370 1 10 35
350 2513358 370 0 8 6
351 2513358 370 1 3 30
352 2513358 370 6 9 23
353 2513358 370 6 8 3
354 2520100 379 1 3 2
355 2547048 386 7 3 976
356 2550622 387 3 9 1
357 2569858 389 6 2 16284
358 2629177 390 0 9 349
359 2629177 390 2 3 596
360 2629177 390 7 6 114
361 2629177 390 8 10 1
362 2650971 392 4 4 427
363 2650971 392 9 2 352
364 2650971 392 1 5 5135
365 2650971 392 9 0 19
366 2650971 392 1 4 854
367 2650971 392 4 9 3
368 2653790 393 8 1 46
369 2728798 395 9 10 10
370 2728798 395 2 7 1
371 2728798 395 5 0 2203
372 2728798 395 6 0 440
373 2728798 395 2 5 1065
374 2728798 395 10 6 13
375 2728798 395 4 0 881
376 2728798 395 7 0 440
377 2742988 401 5 3 2385
378 2769168 402 9 9 42
379 2790024 407 2 5 310
380 2842535 409 10 1 542
381 2842535 409 2 0 528
382 2842535 409 2 10 15
383 2842535 409 6 1 1627
384 2842535 409 1 3 7
385 2842535 409 1 7 15
386 2842535 409 8 5 797
387 2842535 409 10 8 13
388 2844986 410 6 3 1
389 2871087 413 2 5 900
390 2871087 413 2 7 32
391 2876272 417 6 2 58
392 2876413 418 6 5 259
393 2882033 420 9 10 64
394 2894020 422 10 3 54
395 2894020 422 8 7 4
396 2905208 424 7 9 6021
397 2907887 426 5 10 30
398 2998723 428 5 3 3
399 2998723 428 6 10 4
400 2998723 428 9 4 1
401 2998723 428 8 7 1
402 2998723 428 4 2 1
403 2998723 428 10 8 2
404 2998723 428 2 8 2
405 2998723 428 7 5 822
406 2998723 428 7 0 1
407 2998723 428 9 10 4
408 2998723 428 5 4 1
409 2998723 428 0 9 1
410 2998723 428 7 9 1
411 2998723 428 6 8 7
412 2998723 428 1 4 1
413 2998723 428 6 9 1
414 2998723 428 0 3 3
415 3051158 430 10 1 1051
416 3051158 430 5 4 3
417 3051158 430 7 3 21
418 3051158 430 3 1 3154
419 3051158 430 5 8 4
420 3051158 430 4 6 190
421 3070839 440 5 10 4
422 3086294 448 6 1 2
423 3091482 452 5 10 36
424 3095190 454 8 8 35
425 3137581 457 1 4 1
426 3137581 457 5 9 13
427 3137581 457 7 3 1
428 3137581 457 2 4 1
429 3137581 457 8 10 5
430 3137581 457 0 5 64
431 3137581 457 0 7 1
432 3157430 460 1 8 47
433 3157430 460 1 9 91
434 3157430 460 1 7 335
435 3157430 460 1 5 102
436 3157430 460 1 3 39
437 3197978 461 6 6 122
438 3197978 461 0 6 245
439 3197978 461 7 5 1
440 3197978 461 5 2 55
441 3197978 461 9 2 5
442 3197978 461 10 9 7
443 3197978 461 1 6 122
444 3197978 461 1 8 9
445 3197978 461 9 6 122
446 3198225 462 10 3 3197
447 3330612 466 7 8 1
448 3330612 466 1 2 804
449 3330612 466 0 8 1
450 3330612 466 1 7 1
451 3330612 466 9 2 50
452 3330612 466 2 10 2
453 3330612 466 6 10 2
454 3330612 466 7 9 12
455 3330612 466 8 9 4
456 3330612 466 6 4 217
457 3330612 466 3 0 7
458 3330612 466 0 9 20
459 3330612 466 1 9 4
460 3330612 466 5 0 7
461 3330612 466 1 5 2
462 3330612 466 1 6 4
463 3330612 466 8 0 7
464 3330612 466 1 4 217
465 3330612 466 4 3 1801
466 3330612 466 9 4 217
467 3362071 467 0 6 6
468 3362071 467 0 1 1
469 3370707 468 7 5 422
470 3370707 468 7 7 38
471 3379869 471 10 10 2769
472 3388686 472 3 0 7
473 3424320 473 10 8 52
474 3424320 473 0 2 7
475 3424320 473 6 8 52
476 3534667 475 2 5 2
477 3534667 475 9 4 1
478 3534667 475 8 3 1
479 3534667 475 4 6 6
480 3534667 475 0 8 7
481 3534667 475 6 1 13
482 3534667 475 6 3 1
483 3534667 475 3 6 1
484 3534667 475 2 2 1
485 3534667 475 2 6 1
486 3534667 475 6 7 85
487 3534667 475 7 2 1
488 3534667 475 2 9 5
489 3534667 475 7 10 5
490 3534667 475 10 6 1
491 3534667 475 4 8 2
492 3534667 475 0 9 5
493 3546559 477 2 0 196
494 3554957 479 9 9 1
495 3554957 479 5 9 1
496 3554957 479 2 9 1
497 3554957 479 4 9 1
498 3559702 481 5 10 87
499 3560234 482 10 0 122
500 3560234 482 4 2 222
501 3576008 487 5 9 2682
502 3576008 487 5 10 202
503 3576008 487 5 4 344
504 3576008 487 5 1 65
505 3576008 487 5 0 66373
506 3589939 489 8 9 31
507 3589939 489 8 4 48
508 3599437 496 10 3 2626
509 3701754 498 0 1 53
510 3701754 498 0 6 1
511 3701754 498 4 2 4
512 3701754 498 8 6 1
513 3701754 498 8 4 50
514 3701754 498 10 8 514
515 3701754 498 4 9 1
516 3701754 498 10 10 13
517 3701754 498 6 6 1
518 3701754 498 3 1 35
519 3701754 498 7 9 18
520 3701754 498 0 7 7
521 3710333 499 7 10 10
522 3710333 499 7 7 71
523 3710333 499 7 5 7680
524 3711374 501 4 8 5123
525 3778165 507 0 0 12
526 3778165 507 5 2 40
527 3778165 507 9 1 1
528 3778165 507 3 6 3
529 3778165 507 5 1 2
530 3778165 507 0 10 4631
531 3778165 507 7 2 5
532 3801560 510 6 2 40
533 3863885 513 9 0 1
534 3863885 513 8 5 172
535 3863885 513 3 9 20
536 3876699 516 7 3 1
537 3877475 518 9 8 52
538 3882139 523 8 2 3
539 3889950 527 5 0 238
540 3891128 529 4 9 374
541 3891128 529 2 9 374
542 3893319 532 9 9 7164
543 3907490 537 4 10 11
544 3907490 537 10 10 11
545 3924063 542 1 4 16
546 3924063 542 1 3 210
547 3924063 542 1 0 34
548 3925614 546 4 7 78
549 3944219 550 5 6 6
550 3944219 550 7 6 6
551 3958504 551 0 1 26
552 4071548 555 8 1 478
553 4071548 555 6 2 876
554 4071548 555 8 9 11
555 4071548 555 7 4 829
556 4071548 555 2 10 32
557 4071548 555 3 5 1
558 4071548 555 4 10 197
559 4071548 555 6 7 3
560 4071548 555 1 5 1
561 4071548 555 0 6 47
562 4071548 555 9 7 3
563 4071548 555 9 2 1752
564 4071548 555 3 7 3
565 4071548 555 10 7 7
566 4110900 556 0 7 15
567 4110900 556 5 4 4
568 4110900 556 0 0 1
569 4110900 556 8 7 15
570 4110900 556 9 0 1
571 4110900 556 3 0 1
572 4119925 557 3 7 70
573 4119925 557 3 3 26
574 4131120 558 1 8 329
575 4131120 558 1 2 194
576 4135256 560 10 2 45
577 4148999 562 10 4 31234
578 4148999 562 10 10 8302
579 4159427 563 10 3 653
580 4167560 565 1 6 430
581 4168055 566 3 6 39
582 4210690 569 2 7 8
583 4210690 569 9 6 87
584 4210690 569 1 0 52
585 4210690 569 4 10 73
586 4210690 569 8 7 1
587 4211720 571 7 7 16
588 4215699 573 1 5 19
589 4215699 573 2 5 6
590 4221254 575 1 8 15
591 4253500 576 10 5 2438
592 4253500 576 10 0 51
593 4253500 576 1 4 37
594 4253500 576 0 6 27
595 4253500 576 0 1 1
596 4259205 578 3 9 11
597 4278765 582 4 5 179
598 4278765 582 4 3 49
599 4278765 582 4 7 3007
600 4291445 587 5 1 31
601 4298016 588 4 10 9
602 4298179 589 4 5 342
603 4312697 596 9 1 190
604 4313946 598 4 6 39008
605 4319124 600 3 8 66
606 4349245 602 6 2 848
607 4349245 602 6 5 30
608 4349245 602 8 9 57
609 4349245 602 8 6 12
610 4350019 603 2 10 133
611 4351066 605 4 6 53
612 4363478 606 10 10 996
613 4363478 606 10 6 184
614 4366606 610 1 3 27
615 4376799 611 2 2 8
616 4376799 611 5 8 990
617 4376799 611 10 2 8
618 4471394 612 9 6 3
619 4471394 612 3 0 71
620 4471394 612 2 9 14
621 4471394 612 0 7 2539
622 4471394 612 6 10 5
623 4471394 612 7 0 71
624 4471394 612 6 5 240
625 4471394 612 9 4 26
626 4471394 612 10 8 26
627 4471394 612 9 3 1
628 4471394 612 0 8 8
629 4471394 612 1 6 1
630 4471394 612 8 6 1
631 4471394 612 2 0 71
632 4471394 612 10 1 6
633 4471394 612 2 7 2539
634 4471394 612 2 10 5
635 4479346 613 3 7 12697
636 4568704 616 1 8 1
637 4568704 616 3 0 988
638 4568704 616 1 0 1483
639 4568704 616 10 4 1
640 4568704 616 8 5 11051
641 4568704 616 6 2 1
642 4568704 616 9 4 1
643 4568704 616 7 0 494
644 4568704 616 2 1 1
645 4568704 616 3 9 11
646 4568704 616 5 7 200
647 4576510 620 10 8 40
648 4584118 621 10 8 18
649 4586659 624 2 5 2839
650 4587425 625 9 0 34
651 4599215 626 2 8 103
652 4599215 626 2 6 1690
653 4601689 627 1 4 258
654 4611878 628 1 3 228
655 4621465 631 9 5 232
656 4643807 633 5 1 368
657 4643807 633 5 5 19724
658 4643807 633 5 3 85
659 4648063 634 7 7 20
660 4653577 635 5 9 102
661 4665781 640 1 0 113
662 4721687 644 3 10 1
663 4721687 644 5 3 10
664 4721687 644 1 10 1
665 4721687 644 5 8 908
666 4721687 644 2 6 1
667 4721687 644 10 6 1
668 4722415 645 4 8 20
669 4724349 646 5 9 12
670 4728062 652 3 8 767
671 4733559 660 7 7 16605
672 4739871 661 7 0 13
673 4748501 668 5 5 82
674 4823776 671 1 0 1
675 4823776 671 3 4 1342
676 4823776 671 3 1 4531
677 4823776 671 2 1 476
678 4823776 671 5 4 1342
679 4823776 671 0 8 5
680 4823776 671 6 5 270
681 4823776 671 7 0 14
682 4823776 671 8 2 6
683 4823776 671 6 0 1
684 4823776 671 7 4 671
685 4823776 671 1 3 61
686 4826439 673 0 1 956
687 4838802 675 2 0 55
688 4838802 675 2 6 44
689 4838802 675 2 8 300
690 4838802 675 2 1 64
691 4846731 679 10 7 6010
692 4855303 681 4 4 1319
693 4915103 683 2 9 30
694 4915103 683 10 9 30
695 4915103 683 4 9 123
696 4915103 683 6 5 1
697 4915103 683 3 0 1
698 4915103 683 3 2 4582
699 4915103 683 0 8 5
700 4915103 683 6 7 548
701 4920403 687 2 7 41
702 4963433 690 8 7 6335
703 4963433 690 0 4 863
704 4963433 690 8 0 3850
705 4963433 690 0 2 81
706 4999442 694 4 6 1358
707 5116342 695 5 7 8
708 5116342 695 5 10 1
709 5116342 695 6 7 1
710 5116342 695 1 5 7
711 5116342 695 4 3 4
712 5116342 695 1 7 1
713 5116342 695 9 9 214
714 5116342 695 8 6 145
715 5116342 695 4 0 21
716 5116342 695 2 9 1503
717 5116342 695 3 8 1
718 5116342 695 4 1 41
719 5116342 695 3 7 5
720 5116342 695 3 3 4
721 5116342 695 9 7 1
722 5148128 698 5 2 25
723 5148128 698 5 7 21
724 5148128 698 10 6 20
725 5148128 698 5 10 32
726 5148128 698 10 1 12
727 5148128 698 10 7 2
728 5185575 702 3 2 56
729 5185575 702 0 0 2375
730 5208956 703 2 8 52
731 5208956 703 2 7 1370
732 5218175 709 2 9 9272
733 5242368 714 10 2 29274
734 5242368 714 2 8 105
735 5246729 717 0 7 4
736 5290141 718 10 8 1455
737 5290141 718 10 3 15
738 5290141 718 7 9 31
739 5290141 718 0 7 5
740 5311005 723 6 2 3584
741 5318978 724 6 7 124
742 5318978 724 6 2 205
743 5329380 727 2 5 14
744 5330959 729 1 6 6073
745 5361231 732 5 9 46
746 5361231 732 4 2 240
747 5361231 732 6 9 46
748 5361231 732 4 5 13
749 5361231 732 4 6 4
750 5361908 734 2 0 38
751 5388490 735 9 5 36
752 5388490 735 9 10 136
753 5388490 735 6 3 8
754 5407639 739 10 10 132
755 5470210 741 3 5 17
756 5470210 741 5 9 14
757 5470210 741 7 7 2
758 5470210 741 7 4 33
759 5470210 741 10 4 33
760 5470210 741 10 9 44
761 5482128 744 5 8 302
762 5482128 744 8 8 75
763 5482128 744 8 7 169
764 5482358 745 3 10 118
765 5550041 751 10 6 950
766 5550041 751 8 4 13
767 5550041 751 6 4 13
768 5550041 751 3 7 14
769 5550041 751 10 10 17
770 5560028 752 3 8 42
771 5560028 752 0 0 717
772 5574156 755 9 9 56
773 5589448 757 8 1 38
774 5633728 766 4 3 1
775 5633728 766 1 6 172
776 5633728 766 7 7 3
777 5657958 768 0 2 36
778 5657958 768 8 5 373
779 5657958 768 0 8 21
780 5657958 768 8 7 6
781 5657958 768 8 10 47
782 5658754 771 0 3 264
783 5665889 773 4 10 87
784 5680110 778 1 1 837
785 5687271 780 0 2 6098
786 5715695 798 4 3 11778
787 5715714 799 2 10 54
788 5719547 802 5 2 4521
789 5719547 802 4 5 18
790 5728218 804 4 8 8560
791 5732289 806 5 0 104
792 5745865 815 6 9 32
793 5863217 822 6 3 1
794 5863217 822 10 3 3
795 5863217 822 10 4 25
796 5863217 822 6 8 1679
797 5863217 822 9 6 4
798 5863217 822 0 9 1
799 5863217 822 3 2 3
800 5863217 822 1 0 1
801 5863217 822 9 1 1
802 5863217 822 0 3 1
803 5863217 822 9 4 1
804 5863217 822 7 7 691
805 5863217 822 5 8 479
806 5863217 822 0 1 1
807 5863217 822 6 0 4
808 5863217 822 1 3 3
809 5949200 823 9 4 7107
810 5949200 823 9 7 751
811 5949200 823 2 10 1
812 5949200 823 1 10 1
813 5949200 823 3 0 8
814 5949200 823 9 3 13
815 5949200 823 9 2 6
816 5976451 825 0 0 3
817 5976451 825 10 4 62
818 5976451 825 5 2 27
819 5979682 827 0 9 116
820 5979682 827 5 9 116
821 5980559 828 6 0 60
822 6011674 833 7 4 24511
823 6011674 833 7 9 12629
824 6024310 834 8 10 1400
825 6024310 834 8 4 9
826 6044402 842 1 3 757
827 6044402 842 1 2 12
828 6044402 842 1 5 143
829 6044402 842 1 8 2391
830 6061075 846 5 2 142
831 6061717 847 6 6 38995
832 6071662 856 3 4 30
833 6071662 856 4 4 30
834 6081241 857 9 9 69
835 6081241 857 9 7 83
836 6090631 859 6 6 60
837 6090631 859 6 5 14093
838 6099877 861 3 6 1409
839 6108460 863 2 0 9
840 6166749 864 4 5 15
841 6166749 864 4 6 26
842 6166749 864 8 7 12
843 6166749 864 1 9 35
844 6166749 864 0 5 30
845 6166749 864 3 8 113
846 6166749 864 7 6 4
847 6166749 864 8 1 4
848 6166749 864 3 4 5
849 6166749 864 10 8 113
850 6166749 864 9 6 8
851 6174425 870 2 3 6
852 6186184 872 6 10 5
853 6186184 872 1 6 11
854 6197329 874 2 5 668
855 6260893 886 4 8 20
856 6260893 886 5 0 59
857 6260893 886 7 0 14
858 6260893 886 9 6 555
859 6260893 886 9 7 4
860 6260893 886 1 9 2254
861 6260893 886 3 6 8888
862 6260893 886 8 9 751
863 6260893 886 3 1 5
864 6269340 888 10 6 3020
865 6316648 894 2 1 4
866 6316648 894 7 2 5
867 6316648 894 9 1 4
868 6316648 894 2 4 56
869 6319824 895 3 9 18
870 6319824 895 8 9 9
871 6343990 896 3 2 38
872 6343990 896 1 0 15751
873 6343990 896 1 10 33
874 6343990 896 9 3 1586
875 6343990 896 3 9 10
876 6356993 899 6 2 250
877 6378490 903 1 9 9
878 6385418 905 5 8 95
879 6406867 907 4 0 36
880 6406867 907 4 2 821
881 6406867 907 4 9 76
882 6406867 907 4 7 6019
883 6406867 907 2 9 153
884 6416129 909 9 1 6168
885 6416129 909 9 10 26
886 6443734 916 10 3 99
887 6443734 916 7 3 49
888 6446991 917 6 9 3
889 6447526 918 1 8 100
890 6456196 919 1 1 1
891 6456196 919 10 1 2
892 6458415 920 8 10 8
893 6461967 923 10 7 1223
894 6484801 926 7 0 37
895 6484801 926 7 6 104
896 6484801 926 7 7 22675
897 6484801 926 7 2 58
898 6593650 929 0 3 6
899 6593650 929 2 9 4
900 6593650 929 6 10 1
901 6593650 929 10 0 10
902 6593650 929 0 8 4
903 6593650 929 10 2 4
904 6593650 929 0 2 4
905 6593650 929 1 8 4
906 6593650 929 8 3 169
907 6593650 929 0 1 2
908 6656973 930 8 7 10
909 6656973 930 0 8 309
910 6656973 930 4 10 683
911 6656973 930 5 7 10
912 6656973 930 7 1 14
913 6656973 930 1 10 683
914 6714160 931 3 10 2703
915 6714160 931 10 0 3169
916 6714160 931 0 7 6
917 6714160 931 8 10 225
918 6714160 931 8 0 1056
919 6714160 931 3 4 2727
920 6714160 931 2 2 1607
921 6714160 931 8 8 4
922 6714160 931 0 2 6431
923 6752001 932 3 1 779
924 6752001 932 7 9 9
925 6752001 932 6 8 20
926 6752001 932 2 3 3
927 6752001 932 9 0 2
928 6752001 932 1 10 23
929 6752001 932 1 7 3
930 6752001 932 3 0 2
931 6752001 932 8 8 6
932 6752001 932 7 2 3611
933 6752001 932 6 7 3
934 6752001 932 3 9 4
935 6752001 932 5 6 69
936 6752001 932 2 10 23
937 6755868 934 1 7 15
938 6758492 935 3 1 1573
939 6775204 940 0 0 266
940 6775204 940 0 7 99809
941 6876606 941 6 6 24
942 6876606 941 3 9 1305
943 6876606 941 1 2 2
944 6876606 941 0 5 13
945 6876606 941 7 4 3
946 6876606 941 6 4 1
947 6876606 941 7 7 2
948 6876606 941 3 1 384
949 6876606 941 8 1 96
950 6876606 941 10 2 2
951 6876606 941 7 0 16
952 6876606 941 7 3 1
953 6876606 941 5 1 192
954 6876606 941 2 1 96
955 6876606 941 0 1 96
956 6876606 941 3 2 2
957 6876606 941 10 8 1
958 6876606 941 9 6 8
959 6876606 941 9 0 22
960 6876606 941 1 9 2610
961 6879338 944 8 1 104
962 6890585 948 5 4 5
963 6893246 949 2 4 3132
964 6902715 950 0 8 29
965 6902715 950 9 8 7
966 6902715 950 7 8 44
967 6911606 957 8 9 17
968 6925926 959 10 0 127
969 6925926 959 10 2 32
970 6938426 963 0 8 229
971 6940593 965 10 8 564
972 7011505 967 7 10 40
973 7011505 967 5 2 15
974 7011505 967 0 4 14
975 7011505 967 5 8 44
976 7011505 967 6 2 15
977 7011505 967 7 6 3080
978 7011505 967 0 2 15
979 7011505 967 5 1 1846
980 7011505 967 1 7 243
981 7011505 967 1 4 29
982 7011505 967 0 3 4
983 7011505 967 6 7 243
984 7020958 970 10 4 16
985 7020958 970 4 4 50
986 7024791 971 1 8 30
987 7034006 972 10 2 558
988 7034006 972 10 9 152
989 7053264 973 2 5 1938
990 7053264 973 2 2 3
991 7053264 973 0 7 14257
992 7053264 973 2 10 26
993 7078587 989 7 5 56
994 7090681 993 4 10 91
995 7106364 994 8 4 38
996 7106364 994 4 5 64
997 7106364 994 9 1 1
998 7106364 994 7 1 8
999 7106364 994 2 1 1
