11 354 1000
0 24103 0 1 1 3
1 24103 0 9 9 1
2 24103 0 9 8 56
3 24103 0 9 4 103
4 91994 3 9 9 20
5 91994 3 5 6 284
6 91994 3 10 8 592
7 91994 3 9 5 5552
8 91994 3 9 8 18952
9 91994 3 10 10 1871
10 91994 3 9 6 284
11 91994 3 10 7 31
12 106483 4 8 0 205
13 106483 4 9 8 4
14 106483 4 7 5 43
15 168158 9 4 8 2
16 236064 13 5 10 495
17 236064 13 7 4 3064
18 236064 13 8 1 265
19 236064 13 10 5 13
20 308835 17 7 1 44
21 308835 17 5 10 1
22 308835 17 2 7 2
23 308835 17 5 7 2
24 308835 17 0 10 1
25 322229 18 1 8 1476
26 322229 18 1 9 179
27 331260 20 4 8 333
28 362511 21 3 3 9711
29 369854 23 10 10 4218
30 391445 27 7 0 130
31 391445 27 10 0 130
32 426681 29 10 8 170
33 426681 29 2 5 28
34 426681 29 2 1 11
35 426681 29 10 3 99
36 429966 30 6 6 11
37 438266 31 3 3 475
38 445553 35 7 5 100
39 482130 38 2 5 55
40 523243 45 6 6 1063
41 523243 45 1 6 1063
42 526717 48 8 8 26
43 543883 50 10 0 44
44 543883 50 9 3 14
45 688153 51 9 9 1
46 688153 51 9 8 1
47 688153 51 10 0 64
48 688153 51 10 10 1
49 688153 51 8 7 5
50 688153 51 2 6 1
51 688153 51 3 3 15
52 688153 51 2 7 5
53 688153 51 9 10 1
54 776492 59 8 7 6
55 776492 59 1 1 67
56 776492 59 5 4 3
57 776492 59 8 1 22
58 776492 59 2 10 3
59 776492 59 8 0 4
60 790889 61 7 4 126
61 790889 61 10 2 24
62 791548 62 8 5 5726
63 798361 64 2 6 218
64 823842 68 4 4 13
65 823842 68 5 4 1
66 849871 70 10 6 45
67 849871 70 8 8 21
68 871957 73 6 6 58
69 874946 74 7 7 25
70 962617 75 0 9 1
71 962617 75 3 9 1
72 962617 75 10 5 1270
73 962617 75 5 10 3
74 962617 75 4 2 7002
75 962617 75 5 1 5916
76 962617 75 4 1 1183
77 962617 75 2 3 33
78 962617 75 2 8 1
79 984423 80 7 4 194
80 989344 82 1 8 76
81 1106757 84 6 1 8
82 1106757 84 3 2 308
83 1106757 84 7 3 4
84 1106757 84 3 1 24
85 1106757 84 6 10 10
86 1106757 84 4 5 4
87 1106757 84 6 4 5
88 1106757 84 7 8 1
89 1106757 84 3 8 1
90 1106757 84 4 4 5
91 1115343 88 9 6 10
92 1136677 89 7 7 1448
93 1149939 91 1 2 10456
94 1168516 94 0 5 1513
95 1192503 97 4 9 1843
96 1192503 97 9 9 1843
97 1192503 97 6 9 1843
98 1259315 99 7 9 42
99 1259315 99 7 7 12
100 1259315 99 0 8 1
101 1259315 99 0 4 28
102 1259315 99 0 5 5
103 1373832 102 8 1 91
104 1373832 102 4 6 1
105 1373832 102 0 8 14609
106 1373832 102 8 7 78
107 1373832 102 6 0 35
108 1373832 102 3 2 1451
109 1373832 102 2 4 4
110 1373832 102 5 7 2
111 1373832 102 6 4 12
112 1373832 102 1 6 1
113 1373832 102 9 6 7
114 1384773 103 9 5 13
115 1449952 108 3 0 226
116 1449952 108 0 0 226
117 1449952 108 8 10 3
118 1449952 108 6 2 1
119 1449952 108 5 3 13
120 1449952 108 3 6 15
121 1456943 110 3 7 345
122 1457251 111 4 0 2184
123 1465189 115 3 6 95
124 1478038 116 2 9 68
125 1478038 116 2 8 217
126 1478038 116 2 6 106
127 1492278 117 0 3 30
128 1512900 121 4 1 48
129 1517430 123 6 3 7858
130 1523469 124 7 3 7
131 1557423 127 0 3 27
132 1576024 132 8 0 21
133 1587131 134 6 3 3
134 1587131 134 0 3 7
135 1615990 136 1 5 496
136 1615990 136 8 0 2006
137 1615990 136 8 5 496
138 1708193 137 0 10 222
139 1708193 137 1 9 2136
140 1708193 137 4 10 222
141 1708193 137 0 8 14
142 1709703 138 4 5 109
143 1736398 143 0 5 3991
144 1736398 143 0 0 349
145 1761011 146 8 8 999
146 1761011 146 4 3 36
147 1768048 149 7 7 229
148 1781507 150 2 0 219
149 1781507 150 2 10 10
150 1781507 150 2 8 12718
151 1781507 150 2 5 126
152 1781507 150 2 3 66
153 1886551 154 8 0 6
154 1886551 154 2 1 33
155 1886551 154 6 4 10
156 1886551 154 8 6 230
157 1886551 154 7 1 33
158 1886551 154 6 5 69
159 1886551 154 10 5 139
160 1886551 154 4 8 43
161 1886551 154 7 9 11
162 1892664 156 1 8 23
163 1893168 157 4 4 87
164 2004585 160 2 4 4
165 2004585 160 10 5 5
166 2004585 160 3 10 17
167 2004585 160 10 3 7
168 2004585 160 10 1 1
169 2004585 160 6 1 1
170 2044674 162 8 6 14
171 2044674 162 5 0 1899
172 2044674 162 7 3 382
173 2044674 162 2 10 75
174 2044674 162 3 1 1445
175 2048767 164 6 8 11399
176 2086128 170 3 0 97
177 2086128 170 3 6 163
178 2086128 170 3 3 61
179 2095971 172 4 10 18
180 2096900 173 4 2 87
181 2115484 174 2 2 9
182 2115484 174 7 7 14
183 2115484 174 6 6 96
184 2155116 177 3 3 2171
185 2155116 177 0 9 9
186 2155116 177 3 6 172
187 2155116 177 3 1 25986
188 2155116 177 0 5 42
189 2174972 186 8 0 11839
190 2193118 190 8 10 8155
191 2208620 192 3 0 139
192 2208620 192 3 10 87
193 2208620 192 3 7 6128
194 2299565 198 7 8 11
195 2299565 198 2 1 18
196 2299565 198 7 9 7
197 2299565 198 0 1 4
198 2299565 198 4 9 7
199 2299565 198 7 2 6
200 2299565 198 2 10 7
201 2299565 198 5 5 1
202 2299565 198 2 6 334
203 2309382 202 3 8 120
204 2309382 202 3 3 146
205 2309382 202 3 1 8
206 2334241 203 7 6 48
207 2381508 210 5 3 7
208 2385918 213 8 4 106
209 2389569 216 6 5 29
210 2398292 217 9 5 39
211 2398292 217 7 4 13
212 2398292 217 6 4 13
213 2398292 217 8 5 78
214 2426861 228 9 2 15
215 2468599 229 6 1 1
216 2468599 229 0 7 28
217 2468599 229 6 0 10
218 2468599 229 6 10 5
219 2468599 229 0 1 1
220 2468599 229 0 0 10
221 2519027 230 0 6 6
222 2519027 230 0 2 1
223 2616780 233 3 7 1
224 2616780 233 9 8 94
225 2660602 237 4 9 11
226 2677176 239 0 1 9
227 2677176 239 8 1 9
228 2777776 241 1 8 1
229 2777776 241 7 5 5047
230 2777776 241 4 5 1682
231 2777776 241 1 0 9
232 2777776 241 6 0 9
233 2777776 241 9 3 1
234 2777776 241 6 10 8112
235 2777776 241 4 1 6
236 2777776 241 7 0 9
237 2777776 241 4 6 1
238 2777776 241 1 4 14
239 2777776 241 9 2 5857
240 2777776 241 3 2 1952
241 2777776 241 9 10 1014
242 2778039 242 8 3 104
243 2794078 250 2 9 38
244 2794078 250 3 9 15
245 2798722 254 2 4 52
246 2854156 259 4 1 891
247 2965227 262 4 8 7
248 2965227 262 2 0 9
249 2965227 262 3 3 1
250 2965227 262 0 9 30
251 2965227 262 2 9 15
252 2965227 262 8 2 6
253 2981959 265 1 3 69
254 3003048 269 4 5 39
255 3040986 282 8 5 23
256 3041058 283 5 1 81
257 3056871 285 4 9 314
258 3232033 287 8 5 2
259 3232033 287 1 9 3
260 3232033 287 5 7 807
261 3232033 287 8 2 9
262 3232033 287 7 6 24
263 3232033 287 3 10 15
264 3232033 287 1 1 3
265 3232033 287 8 10 7
266 3232033 287 3 6 24
267 3232033 287 0 3 11
268 3232033 287 6 3 11
269 3232033 287 4 3 11
270 3232033 287 1 10 7
271 3232033 287 3 9 1
272 3233119 288 8 10 108
273 3297335 291 3 3 844
274 3297335 291 6 6 409
275 3297335 291 1 2 3435
276 3297335 291 1 9 1096
277 3297335 291 2 7 111
278 3297335 291 7 1 1536
279 3297335 291 2 0 8
280 3297335 291 1 7 111
281 3297335 291 10 6 1228
282 3297335 291 6 9 731
283 3357194 292 3 0 12
284 3357194 292 6 8 218
285 3357194 292 3 8 654
286 3357194 292 8 1 1776
287 3357194 292 9 0 6
288 3357194 292 4 9 176
289 3357194 292 6 10 1
290 3357194 292 7 6 106
291 3366643 295 5 4 1
292 3369912 296 4 7 61
293 3398437 298 1 2 37
294 3398437 298 1 5 75
295 3473075 303 1 7 3
296 3473075 303 4 8 324
297 3473075 303 1 2 1892
298 3473075 303 10 0 1
299 3473075 303 9 9 409
300 3473075 303 2 2 1892
301 3514283 304 2 2 74
302 3514283 304 2 10 977
303 3526053 307 0 4 476
304 3526053 307 4 4 476
305 3539797 308 6 2 3
306 3656724 317 8 3 382
307 3656724 317 10 7 1004
308 3666218 322 7 5 121
309 3690580 324 2 5 510
310 3690580 324 4 9 142
311 3701922 327 3 3 686
312 3743421 328 1 5 297
313 3743421 328 10 9 14
314 3743421 328 1 8 44
315 3746084 329 4 7 6
316 3758748 330 0 6 47
317 3758748 330 0 2 201
318 3758748 330 0 3 9862
319 3758748 330 0 10 1364
320 3771317 335 1 7 96
321 3771317 335 1 6 179
322 3784795 337 4 0 12758
323 3784795 337 4 7 86
324 3784795 337 4 2 67
325 3812517 339 10 2 2880
326 3812517 339 8 5 95
327 3812517 339 0 5 190
328 3812517 339 3 2 288
329 3812517 339 5 5 951
330 3854548 340 8 9 15
331 3854548 340 9 4 1
332 3854548 340 5 8 451
333 3854548 340 7 9 15
334 3854548 340 3 1 3
335 3861729 342 9 4 133
336 3893067 352 9 10 104
337 3980764 369 10 7 1
338 4021372 370 2 8 3
339 4021372 370 7 2 9
340 4021372 370 1 3 30
341 4021372 370 3 8 3
342 4021372 370 7 3 10
343 4021372 370 6 9 23
344 4021372 370 0 5 1
345 4027549 372 3 0 349
346 4028823 374 7 10 23
347 4032160 379 1 3 2
348 4062021 380 10 6 315
349 4062021 380 10 4 157
350 4066355 382 1 0 15
351 4075276 386 0 3 488
352 4080996 387 9 9 1
353 4108874 388 0 4 28
354 4108874 388 7 5 19
355 4108874 388 7 9 4765
356 4108874 388 7 1 98
357 4206684 390 0 3 1193
358 4206684 390 0 10 1
359 4206684 390 6 1 6
360 4206684 390 3 9 174
361 4206684 390 9 10 1
362 4206684 390 9 1 110
363 4206684 390 8 10 1
364 4206684 390 10 4 27
365 4207618 391 5 3 356
366 4241553 392 9 2 352
367 4241553 392 8 4 427
368 4241553 392 8 5 2567
369 4241553 392 7 4 427
370 4241553 392 0 5 3851
371 4366077 395 5 5 177
372 4366077 395 10 6 13
373 4366077 395 3 0 440
374 4366077 395 1 1 24
375 4366077 395 10 2 2
376 4366077 395 8 10 31
377 4366077 395 4 1 1
378 4366077 395 7 1 1
379 4366077 395 9 4 1
380 4366077 395 9 0 440
381 4374645 396 9 1 405
382 4377746 398 9 9 103
383 4384210 400 2 6 38920
384 4388781 401 1 3 1192
385 4430669 402 9 0 2920
386 4430669 402 9 3 65
387 4548056 409 5 10 10
388 4548056 409 2 6 1
389 4548056 409 6 3 65
390 4593740 413 9 10 29
391 4593740 413 9 9 16
392 4593740 413 9 3 3
393 4593740 413 2 2 3014
394 4597313 415 6 1 12637
395 4600908 416 8 1 2
396 4603379 419 3 8 77
397 4611254 420 7 8 9
398 4630432 422 9 7 4
399 4630432 422 3 2 3415
400 4630432 422 6 2 4553
401 4648333 424 7 7 63
402 4797956 428 8 9 1
403 4797956 428 4 10 38
404 4797956 428 5 4 1
405 4797956 428 8 7 1
406 4797956 428 3 0 1
407 4797956 428 6 5 822
408 4797956 428 8 2 2
409 4797956 428 6 7 1
410 4797956 428 4 3 3
411 4797956 428 10 6 1
412 4797956 428 6 0 2
413 4797956 428 7 2 2
414 4797956 428 7 8 2
415 4797956 428 9 4 1
416 4797956 428 8 6 1
417 4797956 428 6 4 1
418 4881853 430 7 6 381
419 4881853 430 8 0 40
420 4881853 430 2 3 2
421 4881853 430 5 6 190
422 4902467 435 0 6 24
423 4902467 435 6 6 24
424 4902467 435 2 6 24
425 4902467 435 7 1 108
426 4907617 439 6 7 114
427 4913342 440 4 10 4
428 4915214 441 7 3 52
429 4922048 443 6 10 95
430 4927655 444 7 0 19
431 4938071 448 10 1 2
432 4953690 456 6 5 8547
433 5020130 457 4 1 1
434 5020130 457 1 10 5
435 5051888 460 1 6 9
436 5051888 460 1 3 39
437 5116766 461 9 6 122
438 5116766 461 4 9 7
439 5116766 461 7 8 9
440 5116766 461 0 4 5
441 5116766 461 5 1 22
442 5116766 461 10 7 1
443 5116766 461 4 0 1
444 5116766 461 9 4 42
445 5116766 461 7 1 11
446 5328979 466 2 5 1
447 5328979 466 9 10 12
448 5328979 466 10 8 1
449 5328979 466 7 6 28
450 5328979 466 8 4 217
451 5328979 466 3 3 7204
452 5328979 466 0 4 2609
453 5328979 466 7 7 1
454 5328979 466 6 7 1
455 5328979 466 1 8 1
456 5328979 466 2 8 1
457 5328979 466 7 1 8
458 5328979 466 3 7 61
459 5328979 466 5 7 1
460 5328979 466 0 1 14
461 5328979 466 6 3 1801
462 5328979 466 1 9 4
463 5379314 467 1 6 6
464 5379314 467 9 5 5
465 5393131 468 7 0 6237
466 5393131 468 7 2 226
467 5396491 469 6 1 4673
468 5478912 473 7 3 14
469 5478912 473 6 9 2
470 5478912 473 7 9 2
471 5478912 473 2 2 23
472 5478912 473 5 2 23
473 5478912 473 0 8 1669
474 5655468 475 5 1 3
475 5655468 475 0 8 7
476 5655468 475 10 2 3
477 5655468 475 8 10 5
478 5655468 475 5 7 9
479 5655468 475 10 7 4
480 5655468 475 10 3 4
481 5655468 475 6 6 1
482 5655468 475 2 3 1
483 5655468 475 0 0 2
484 5655468 475 4 8 2
485 5655468 475 1 7 9
486 5655468 475 3 1 3
487 5655468 475 2 1 3
488 5655468 475 10 10 5
489 5655468 475 3 4 1
490 5655468 475 9 0 1
491 5674495 477 2 2 17757
492 5674495 477 2 10 99647
493 5674495 477 2 7 60
494 5674495 477 2 9 103
495 5674495 477 2 5 349
496 5694248 480 8 5 25
497 5695524 481 5 10 87
498 5700833 484 3 10 209
499 5722339 488 10 4 7643
500 5743903 489 0 4 48
501 5743903 489 2 4 48
502 5753390 492 8 7 3095
503 5922807 498 10 10 13
504 5922807 498 3 0 10
505 5922807 498 9 0 64
506 5922807 498 9 1 319
507 5922807 498 8 0 10
508 5922807 498 7 0 10
509 5922807 498 7 3 9
510 5922807 498 6 7 7
511 5922807 498 7 7 29
512 5922807 498 7 6 1
513 5922807 498 2 2 23
514 5922807 498 10 5 175
515 5922807 498 8 9 1
516 5922807 498 8 5 175
517 5922807 498 5 8 514
518 5922807 498 8 2 4
519 5922807 498 3 5 526
520 5936534 499 7 4 225
521 5936534 499 7 7 71
522 5936534 499 7 1 3309
523 5949764 504 0 9 148
524 5949764 504 6 9 296
525 5949764 504 3 9 1629
526 5949764 504 1 3 52
527 6045064 507 1 7 72
528 6045064 507 5 2 40
529 6045064 507 3 7 72
530 6045064 507 3 3 26
531 6045064 507 5 1 2
532 6045064 507 3 1 1
533 6045064 507 8 9 7
534 6045064 507 3 6 3
535 6049708 509 2 1 115
536 6082496 510 6 6 71
537 6082496 510 7 0 47
538 6082496 510 7 10 87
539 6082496 510 7 4 1991
540 6082496 510 7 8 7
541 6083802 512 2 3 5300
542 6182216 513 10 1 5
543 6182216 513 4 7 11
544 6182216 513 0 0 5
545 6182216 513 2 5 862
546 6182216 513 9 9 40
547 6202718 516 7 3 1
548 6202718 516 3 3 1
549 6202718 516 10 3 54
550 6202910 517 3 10 33396
551 6206024 519 10 10 44
552 6213815 525 2 7 173
553 6226919 530 3 10 50
554 6247692 535 4 7 6
555 6251984 537 2 10 22
556 6255883 539 10 1 6
557 6278501 542 1 5 33196
558 6294432 547 4 10 15
559 6310750 550 3 6 6
560 6339584 552 5 0 76
561 6342161 553 2 2 3
562 6514476 555 6 0 1
563 6514476 555 9 0 1
564 6514476 555 1 8 7
565 6514476 555 10 3 607
566 6514476 555 2 0 2
567 6514476 555 6 9 35
568 6514476 555 6 10 1
569 6514476 555 7 10 4
570 6514476 555 10 0 4
571 6514476 555 10 10 2
572 6514476 555 4 9 2
573 6514476 555 8 1 478
574 6514476 555 2 1 191
575 6514476 555 7 2 876
576 6514476 555 3 9 4
577 6514476 555 2 9 2
578 6577440 556 5 7 31
579 6577440 556 10 3 92
580 6577440 556 0 4 4
581 6577440 556 5 4 4
582 6577440 556 0 7 15
583 6577440 556 3 10 335
584 6577440 556 0 0 1
585 6591880 557 3 9 238
586 6609793 558 1 3 9246
587 6609793 558 1 4 2269
588 6655083 563 10 7 235
589 6737104 569 2 8 1
590 6737104 569 9 10 6
591 6737104 569 1 2 13
592 6737104 569 4 8 1
593 6737104 569 4 5 1
594 6737104 569 0 1 65
595 6737104 569 5 7 1
596 6737104 569 9 9 2
597 6737104 569 3 6 1
598 6737104 569 7 2 26
599 6805600 576 1 2 102
600 6805600 576 6 3 30
601 6805600 576 0 2 51
602 6805600 576 10 1 1
603 6819364 581 6 9 62
604 6846025 582 4 8 66
605 6861493 583 6 7 1421
606 6876825 588 4 1 168
607 6876825 588 4 7 10
608 6876825 588 4 10 9
609 6882303 590 3 9 2305
610 6888946 591 8 10 2
611 6888946 591 4 1 2
612 6888946 591 10 1 1
613 6902313 598 4 6 39008
614 6958793 602 6 0 4869
615 6958793 602 8 9 57
616 6981566 606 10 4 1308
617 6985549 609 9 8 117
618 7002878 611 8 2 17
619 7002878 611 7 6 205
620 7154230 612 4 0 71
621 7154230 612 8 5 120
622 7154230 612 6 6 1
623 7154230 612 0 10 5
624 7154230 612 2 10 5
625 7154230 612 5 0 214
626 7154230 612 8 9 1
627 7154230 612 7 0 71
628 7154230 612 1 10 55
629 7154230 612 0 7 2539
630 7154230 612 0 6 1
631 7154230 612 9 10 5
632 7154230 612 7 1 3
633 7154230 612 4 5 120
634 7154230 612 6 0 71
635 7154230 612 6 5 240
636 7154230 612 2 7 2539
637 7154230 612 5 6 1
638 7154230 612 9 9 8
639 7154230 612 0 9 1
640 7154230 612 1 3 1
641 7154230 612 1 8 17
642 7154230 612 10 6 3
643 7154230 612 9 4 26
644 7309926 616 1 3 20
645 7309926 616 3 4 1
646 7309926 616 8 5 11051
647 7309926 616 8 1 1
648 7309926 616 10 7 200
649 7309926 616 5 9 14
650 7309926 616 10 6 36
651 7309926 616 7 3 20
652 7309926 616 2 2 1
653 7309926 616 7 8 3
654 7309926 616 2 6 72
655 7309926 616 0 1 1
656 7309926 616 6 3 145
657 7309926 616 4 1 1
658 7309926 616 6 4 1
659 7309926 616 10 9 2
660 7309926 616 4 2 11
661 7312653 617 4 2 116
662 7338655 624 0 5 2839
663 7339880 625 9 0 34
664 7339880 625 2 0 34
665 7358744 626 2 9 226
666 7358744 626 2 10 96
667 7379006 628 1 6 127
668 7379006 628 1 4 81
669 7379006 628 1 1 107
670 7398885 632 7 1 1214
671 7430092 633 5 1 368
672 7436902 634 7 10 105
673 7436902 634 7 0 1249
674 7436902 634 7 1 38
675 7454852 637 0 10 8
676 7554699 644 7 5 10
677 7554699 644 6 10 1
678 7554699 644 4 3 21
679 7554699 644 7 0 8
680 7554699 644 7 10 1
681 7554699 644 5 3 10
682 7554699 644 10 4 647
683 7554699 644 5 4 647
684 7554699 644 4 7 834
685 7554699 644 8 3 10
686 7562951 650 10 10 29
687 7571066 659 9 5 5
688 7584719 664 5 3 26
689 7718043 671 8 7 1
690 7718043 671 8 1 238
691 7718043 671 4 7 1
692 7718043 671 0 4 671
693 7718043 671 2 0 3
694 7718043 671 4 6 8
695 7718043 671 6 0 1
696 7718043 671 5 1 715
697 7722303 673 0 1 956
698 7742083 675 2 2 222
699 7742083 675 2 8 300
700 7768485 681 0 4 2639
701 7864166 683 7 10 16
702 7864166 683 7 9 15
703 7864166 683 3 10 16
704 7864166 683 10 7 1097
705 7864166 683 2 9 30
706 7864166 683 6 4 638
707 7864166 683 6 5 1
708 7866184 685 1 4 41
709 7872645 687 10 7 98
710 7872645 687 10 2 32
711 7892460 689 9 10 4
712 7892460 689 6 10 48
713 7941492 690 4 1 1
714 7983460 692 7 7 181
715 7983460 692 2 0 75
716 7997019 693 8 2 61
717 8186148 695 1 8 1
718 8186148 695 7 8 1
719 8186148 695 1 6 1
720 8186148 695 2 3 13
721 8186148 695 2 8 1
722 8186148 695 6 7 1
723 8186148 695 8 4 1
724 8186148 695 4 4 1
725 8186148 695 10 3 35
726 8186148 695 1 5 7
727 8186148 695 7 2 793
728 8186148 695 2 6 1
729 8237005 698 10 10 32
730 8237005 698 10 2 25
731 8237005 698 10 3 1526
732 8237005 698 2 5 3
733 8259854 701 8 9 1
734 8259854 701 2 9 1
735 8296921 702 3 5 112
736 8296921 702 0 9 6
737 8296921 702 3 9 43
738 8334330 703 2 9 325
739 8334330 703 2 10 81
740 8334330 703 9 10 81
741 8336102 704 9 6 3990
742 8340565 706 2 4 2
743 8365879 710 3 2 96
744 8464225 718 1 1 6
745 8464225 718 10 1 6
746 8466961 720 10 8 8567
747 8497608 723 6 6 66
748 8497608 723 6 1 1
749 8497608 723 6 2 3584
750 8510365 724 6 8 63
751 8510365 724 6 0 16260
752 8510365 724 6 6 2
753 8527009 727 8 7 2
754 8527009 727 8 0 769
755 8527009 727 10 10 104
756 8577970 732 5 0 4
757 8577970 732 7 8 39
758 8577970 732 6 6 2
759 8621585 735 9 4 153
760 8621585 735 9 0 35
761 8635451 737 9 0 44
762 8652222 739 10 4 84
763 8752336 741 3 6 2
764 8752336 741 7 6 5
765 8752336 741 6 5 22
766 8752336 741 6 7 14
767 8752336 741 10 0 1634
768 8755357 743 2 8 31
769 8771405 744 8 7 169
770 8771405 744 7 8 75
771 8771405 744 7 0 8
772 8792041 749 5 9 2
773 8792041 749 2 0 33
774 8880066 751 8 3 485
775 8880066 751 1 10 51
776 8880066 751 5 9 15
777 8880066 751 0 9 15
778 8880066 751 6 10 17
779 8880066 751 1 8 1
780 8896046 752 0 1 8
781 8897134 753 9 4 9625
782 8897756 754 0 1 40
783 8918649 755 9 10 2193
784 8918649 755 9 8 92
785 8918649 755 9 7 346
786 8943116 757 3 0 7
787 8943116 757 3 1 38
788 8958881 762 4 1 36
789 8960143 763 6 4 34
790 9013965 766 7 7 3
791 9052733 768 0 9 352
792 9052733 768 8 3 102
793 9052733 768 8 9 704
794 9052733 768 8 7 6
795 9052733 768 8 5 373
796 9054006 771 0 3 264
797 9055576 772 1 1 94
798 9065423 773 6 10 17
799 9088176 778 7 9 14
800 9088176 778 8 9 7
801 9088176 778 3 1 279
802 9089710 779 4 1 18222
803 9099635 780 1 5 14
804 9099635 780 3 1 117
805 9105698 782 0 4 1
806 9127271 794 4 6 74
807 9145112 798 4 4 100
808 9145221 800 8 7 69
809 9146913 801 9 6 20
810 9165149 804 4 8 8560
811 9176412 807 2 10 55
812 9194141 816 2 8 132
813 9203638 817 7 3 1577
814 9207436 819 7 3 21
815 9207436 819 4 3 21
816 9381148 822 3 7 414
817 9381148 822 3 9 9
818 9381148 822 7 7 691
819 9381148 822 9 0 4
820 9381148 822 7 9 3
821 9381148 822 7 1 1
822 9381148 822 4 10 1
823 9381148 822 5 3 1
824 9381148 822 10 4 25
825 9381148 822 10 8 239
826 9381148 822 8 10 3
827 9381148 822 8 6 4
828 9381148 822 1 4 2
829 9518721 823 3 9 1
830 9518721 823 2 3 1
831 9518721 823 10 9 1
832 9518721 823 2 10 1
833 9518721 823 10 0 8
834 9518721 823 9 7 751
835 9518721 823 9 9 1
836 9522205 824 0 10 47
837 9562322 825 4 4 187
838 9562322 825 10 4 62
839 9562322 825 5 5 16
840 9562322 825 6 1 171
841 9587048 830 2 2 63
842 9587048 830 2 1 24
843 9587048 830 0 1 24
844 9638897 834 7 9 2
845 9638897 834 8 4 9
846 9648689 838 5 0 8530
847 9671044 842 1 9 9530
848 9671044 842 1 4 6007
849 9685929 845 2 7 4
850 9697721 846 5 2 142
851 9698747 847 6 6 38995
852 9729986 857 9 8 57
853 9729986 857 9 4 62
854 9866799 864 5 10 172
855 9866799 864 0 6 8
856 9866799 864 5 8 113
857 9866799 864 3 2 954
858 9866799 864 2 7 1
859 9867058 865 4 2 165
860 9879081 870 0 3 6
861 9897894 872 1 4 73
862 9897894 872 2 4 147
863 9915727 874 2 2 46
864 9927740 876 10 3 37
865 9929791 879 1 5 24
866 9940963 881 10 2 1685
867 9940963 881 0 2 561
868 9943932 885 10 5 37
869 10017428 886 10 4 19
870 10017428 886 2 2 1476
871 10017428 886 0 4 1
872 10017428 886 3 1 5
873 10017428 886 10 3 12
874 10017428 886 10 0 29
875 10017428 886 6 6 555
876 10017428 886 1 9 2254
877 10017428 886 6 0 14
878 10017428 886 0 0 118
879 10017428 886 7 7 8
880 10017428 886 1 6 1111
881 10018291 887 6 4 158
882 10030945 888 10 3 87
883 10030945 888 10 6 3020
884 10030945 888 10 7 651
885 10037459 891 2 8 118
886 10106638 894 4 7 10
887 10106638 894 4 2 5
888 10106638 894 3 2 11
889 10106638 894 10 3 6
890 10106638 894 9 10 33
891 10106638 894 0 10 33
892 10150385 896 2 0 1968
893 10150385 896 3 2 38
894 10171190 899 6 4 32
895 10183061 901 0 3 1484
896 10183061 901 9 2 30
897 10183061 901 3 2 517
898 10205584 903 1 4 337
899 10216669 905 0 8 95
900 10250988 907 4 9 76
901 10250988 907 2 4 4
902 10250988 907 2 5 23
903 10250988 907 2 7 3009
904 10250988 907 4 7 6019
905 10280738 911 6 0 1365
906 10300726 914 4 3 171
907 10315186 917 9 9 199
908 10316041 918 0 1 124
909 10329914 919 4 1 1
910 10333464 920 2 8 655
911 10333464 920 2 10 8
912 10334772 921 3 9 79
913 10375681 926 7 5 9235
914 10375681 926 7 1 61
915 10378870 928 1 10 51
916 10549840 929 10 2 4
917 10549840 929 0 5 454
918 10549840 929 3 5 227
919 10549840 929 4 3 3
920 10549840 929 4 5 227
921 10549840 929 2 9 4
922 10549840 929 5 2 8
923 10549840 929 8 3 169
924 10549840 929 4 7 2
925 10549840 929 0 9 8
926 10549840 929 5 3 3
927 10651158 930 6 10 1367
928 10651158 930 7 3 15
929 10651158 930 1 9 71
930 10651158 930 7 2 7
931 10651158 930 5 9 71
932 10651158 930 0 2 7
933 10651158 930 9 7 31
934 10651158 930 3 3 15
935 10651158 930 0 7 10
936 10651158 930 7 10 683
937 10651158 930 1 10 683
938 10651158 930 1 5 22
939 10742656 931 0 2 6431
940 10742656 931 5 9 4239
941 10742656 931 0 6 17
942 10742656 931 1 1 10
943 10742656 931 7 1 10
944 10742656 931 5 5 349
945 10742656 931 2 3 24
946 10803202 932 6 8 20
947 10803202 932 8 4 43
948 10803202 932 8 0 2
949 10803202 932 6 10 47
950 10803202 932 2 2 2708
951 10803202 932 2 3 3
952 10813588 935 0 1 1573
953 10817359 936 0 4 58
954 10840326 940 0 1 55
955 11002570 941 4 4 32
956 11002570 941 10 9 1305
957 11002570 941 4 3 4
958 11002570 941 9 0 22
959 11002570 941 2 10 18
960 11002570 941 0 7 1
961 11002570 941 0 9 1305
962 11002570 941 8 4 11
963 11002570 941 5 7 1
964 11002570 941 5 1 192
965 11002570 941 9 10 18
966 11002570 941 4 6 2
967 11008548 945 9 1 9558
968 11024936 948 1 4 16
969 11051843 956 4 1 1266
970 11081482 959 10 2 32
971 11098288 961 5 5 343
972 11101482 963 0 8 229
973 11104949 965 10 8 564
974 11218408 967 5 3 4
975 11218408 967 4 5 7
976 11218408 967 0 3 4
977 11218408 967 4 3 16
978 11218408 967 1 0 9
979 11254411 972 10 8 28
980 11285223 973 2 2 3
981 11285223 973 2 1 4
982 11285223 973 0 3 3
983 11294169 977 7 2 1705
984 11310903 980 10 10 306
985 11312909 982 3 10 41
986 11315321 985 5 10 2635
987 11325740 989 7 5 56
988 11329340 991 9 10 233
989 11345090 993 4 5 84
990 11345090 993 4 10 91
991 11345090 993 4 7 154
992 11345090 993 4 1 115
993 11370183 994 10 0 3
994 11370183 994 6 5 97
995 11370183 994 0 1 28
996 11370183 994 9 1 1
997 11370183 994 7 1 8
998 11374762 995 0 10 199
999 11374762 995 6 6 518
