11 45 50
0 17217 0 9 8 56
1 65710 3 5 6 284
2 316447 32 6 4 72
3 687583 75 10 6 14
4 696013 77 7 4 21
5 981309 102 7 7 1
6 981309 102 2 4 4
7 1154278 136 1 8 15
8 1220138 137 7 7 3
9 1347536 154 5 2 498
10 1351903 156 1 8 23
11 1642546 198 6 0 5
12 1799305 230 3 9 29
13 1869128 233 2 8 5
14 1984125 241 1 3 1
15 2038683 259 10 3 623
16 2038830 260 0 8 471
17 2480768 303 1 0 1
18 2533286 310 0 7 73
19 2693798 335 1 7 96
20 2723227 339 10 2 2880
21 3029681 392 7 4 427
22 3164763 402 2 1 907
23 3427112 428 10 3 14
24 3427112 428 6 9 1
25 3585807 457 2 10 5
26 4039620 475 7 7 9
27 4039620 475 0 2 1
28 4039620 475 10 5 2
29 4230576 498 5 2 9
30 4249831 504 3 9 1629
31 4344640 510 7 4 1991
32 4344640 510 7 10 87
33 4698172 556 0 8 655
34 4726007 560 10 2 45
35 4762926 565 1 8 222
36 4812217 569 4 10 73
37 4920676 591 10 1 1
38 4929385 597 0 4 14
39 5110164 612 6 2 448
40 5221376 616 4 2 11
41 5512887 671 8 0 7
42 5672494 690 4 3 45
43 5847249 695 6 2 1587
44 5954359 704 9 6 3990
45 6069720 723 3 7 32
46 6557464 812 7 5 958
47 7250275 896 8 2 38
48 7322134 907 4 1 233
49 7535600 929 6 3 3
