11 48 50
0 778664 37 8 9 4214
1 1146922 51 2 9 1
2 1294154 59 5 3 63
3 1844595 84 2 5 71
4 2515129 118 9 7 55
5 2846988 137 8 8 9
6 2846988 137 0 4 199
7 2893997 143 0 3 45
8 3144252 154 2 4 10
9 3681034 192 3 7 6128
10 3997154 217 1 4 27
11 4434337 237 10 7 51
12 4629627 241 7 1 6
13 4756928 259 6 1 1783
14 5031307 274 8 9 85
15 5386722 287 2 1 3
16 6634606 369 2 0 17
17 7011140 390 4 1 2
18 7747222 424 7 4 84
19 7996594 428 1 1 668
20 8227063 447 3 1 17
21 8965524 467 9 1 1
22 9493957 482 10 0 122
23 10075107 507 9 4 1429
24 10412820 535 10 7 6
25 10556012 551 7 9 4879
26 11228506 569 4 5 1
27 11597988 602 8 1 81
28 11923717 612 8 8 8
29 12183210 616 8 5 11051
30 12264573 626 2 6 1690
31 12409539 635 5 8 1373
32 12863405 671 1 9 17
33 13235821 690 8 0 3850
34 13728341 698 5 6 48
35 13828201 702 3 8 11
36 14107042 718 1 7 17
37 14183942 724 6 10 39
38 14211682 727 10 0 769
39 14587226 741 5 2 3
40 15087889 768 8 0 103
41 15864535 823 10 2 12
42 16162869 846 5 10 165
43 16526212 874 2 5 668
44 17134564 911 0 0 682
45 17134564 911 1 0 682
46 17257148 924 0 6 1
47 17904428 931 7 8 4
48 18005337 932 6 0 2
49 18722555 970 4 3 16276
