11 45 50
0 111518 10 0 1 1740
1 544691 72 6 6 108
2 601635 75 2 5 577
3 858645 102 2 3 17
4 1100632 146 10 4 11
5 1113442 150 2 5 126
6 1252865 160 7 3 137
7 1252865 160 3 7 1
8 1511186 224 3 5 91
9 1516221 227 5 7 1033
10 1542874 229 2 1 1
11 1662876 237 10 5 107
12 1743052 246 10 0 30
13 1853267 262 8 6 43
14 2020021 287 9 9 1
15 2098246 292 10 8 3054
16 2125550 299 9 6 1644
17 2196427 304 2 1 7
18 2216625 310 7 6 6
19 2382823 339 0 5 190
20 2629177 390 8 10 1
21 2894020 422 4 2 5692
22 3137581 457 2 0 8
23 3330612 466 9 3 1801
24 3362071 467 4 6 6
25 3534667 475 0 10 10
26 3893262 531 3 0 195
27 4071548 555 6 6 23
28 4131120 558 1 1 97
29 4259205 578 7 9 11
30 4288433 583 6 4 5985
31 4289455 584 10 5 3971
32 4471394 612 3 10 5
33 4568704 616 9 9 8
34 4568704 616 2 0 1483
35 4721687 644 0 3 10
36 4846999 680 10 8 3319
37 4915103 683 6 7 548
38 5116342 695 8 7 8
39 5116342 695 8 5 28
40 5228674 710 3 0 36
41 5863217 822 3 7 414
42 5863217 822 4 5 52
43 5976451 825 0 0 3
44 6024310 834 2 10 700
45 6099877 861 3 6 1409
46 6197329 874 2 9 31
47 6260893 886 10 4 19
48 6260893 886 4 7 1
49 6316648 894 2 5 30
