11 44 50
0 1180324 13 1 4 340
1 2335994 37 3 0 25
2 3523908 58 1 2 7830
3 5533786 84 7 4 5
4 5533786 84 2 5 71
5 6869164 102 3 10 21
6 9487030 158 5 2 59
7 10350258 168 8 2 30
8 11497828 198 6 3 20
9 12342996 229 0 3 28
10 13303011 237 10 9 11
11 13888881 241 4 9 1226
12 16785971 292 4 9 176
13 16833218 295 6 4 6
14 16992187 298 9 4 483
15 17611183 305 7 7 38
16 17733005 310 0 1 221
17 18469899 326 7 7 118
18 18717105 328 5 8 267
19 21033420 390 5 0 14
20 21830385 395 10 3 10
21 25585805 462 10 3 3197
22 28277340 475 4 4 1
23 28277340 475 1 0 6
24 31472160 547 4 2 327
25 31697924 552 10 0 76
26 32572384 555 8 10 1
27 34307467 583 6 4 5985
28 38710416 675 2 2 222
29 38842426 681 2 4 1319
30 39320831 683 6 4 638
31 40930743 695 9 8 1
32 42321128 718 6 1 6
33 42488041 723 6 2 3584
34 43761680 741 8 10 2
35 45088412 767 6 8 67
36 45629077 791 0 1 26
37 46905743 822 1 9 5
38 49333997 864 8 9 141
39 49333997 864 1 7 4
40 51254942 907 4 4 22
41 52749200 929 10 5 227
42 53713284 931 4 1 10
43 53713284 931 5 2 4823
44 54016013 932 7 2 3611
45 55012853 941 6 8 1
46 55012853 941 0 7 1
47 55012853 941 3 0 5
48 56092044 967 0 2 15
49 56426118 973 2 2 3
