11 47 50
0 456375 12 3 2 8
1 590162 13 8 8 1
2 772087 17 1 8 1
3 1308109 45 4 6 1063
4 3730696 117 0 10 1361
5 5011463 160 9 1 1
6 5288710 174 5 6 24
7 5288710 174 0 4 18
8 5288710 174 9 7 14
9 5964437 211 10 6 59
10 6541950 233 2 5 1
11 7135392 259 0 8 2025
12 8850903 309 3 0 37
13 9141812 317 2 1 14
14 9150051 318 2 7 11
15 9636372 340 3 1 3
16 10272187 388 0 8 3
17 10516710 390 8 8 767
18 10615163 393 8 1 46
19 11484350 413 9 9 16
20 11528135 420 5 8 36
21 11994892 428 0 0 9
22 11994892 428 6 10 4
23 12550326 457 6 6 6
24 13448287 467 9 1 1
25 13697281 473 0 8 1669
26 14807019 498 3 10 13
27 15696252 542 1 1 3993
28 15834018 551 5 1 3
29 16286192 555 8 4 829
30 16842760 569 9 10 6
31 16843509 570 1 9 106
32 17159140 585 10 3 1425
33 17222367 591 4 1 2
34 17885576 612 2 3 1
35 18974398 667 2 7 77
36 18994006 668 5 1 200
37 19666915 686 7 1 88
38 19681613 687 2 8 23
39 20465371 695 9 6 1
40 20742302 702 0 2 28
41 22200166 751 7 2 477
42 22405310 765 9 0 12661
43 22631833 768 8 3 102
44 24666998 864 0 5 30
45 25266595 894 7 2 5
46 25627471 907 2 3 18
47 27506426 941 8 5 13
48 28046022 967 6 0 19
49 28099164 971 10 8 30
