11 45 50
0 514725 17 2 7 2
1 627878 25 4 0 1977
2 815689 39 4 5 6
3 1146922 51 3 6 1
4 2289721 102 1 3 5
5 2307955 103 9 5 13
6 2323049 104 4 1 18
7 3832609 198 6 6 111
8 3832609 198 7 2 6
9 4114332 229 0 10 5
10 4629627 241 6 1 6
11 4965197 263 2 10 1524
12 5664062 298 1 4 9674
13 6094541 317 5 5 5789
14 6094541 317 4 9 5
15 6150967 324 10 5 7
16 6711880 371 1 8 116
17 7011140 390 6 6 114
18 7384449 402 2 4 6
19 8527943 461 7 1 11
20 8881632 466 9 6 4
21 9871346 498 7 0 10
22 10075107 507 8 2 17
23 10303694 513 3 6 80
24 10303694 513 9 9 40
25 10376343 529 4 9 374
26 10490720 547 4 3 33039
27 11113494 565 1 6 430
28 11228506 569 6 5 1
29 11256678 575 10 8 15
30 11923717 612 2 3 1
31 11923717 612 8 6 1
32 11923717 612 4 3 1
33 12863405 671 10 10 4
34 13121075 687 2 8 23
35 13643581 695 4 8 1
36 13728341 698 5 1 3
37 13979650 714 5 2 19516
38 15023276 766 1 6 172
39 15087889 768 8 9 704
40 15252127 802 4 5 18
41 16031133 833 7 0 119
42 16123217 843 9 3 39
43 16444665 864 7 5 30
44 16844396 894 4 5 8
45 16971769 901 4 2 30
46 17084980 907 2 0 36
47 17583066 929 6 2 42
48 17751930 930 8 8 309
49 18337617 941 3 1 384
