11 48 50
0 2059605 68 2 4 1
1 2178766 72 6 10 83
2 2766893 84 10 7 43
3 3642359 110 3 7 345
4 3643128 111 4 0 2184
5 4453768 150 2 3 66
6 5459541 188 4 10 27
7 5482795 190 10 10 8155
8 5748914 198 3 8 46
9 6297568 230 3 6 6
10 6541950 233 2 2 4
11 6546953 234 1 7 11379
12 8243337 291 1 7 111
13 10165887 382 4 0 30
14 10516710 390 10 5 13
15 10603884 392 3 9 3
16 12204633 430 5 5 8
17 12204633 430 4 1 7361
18 12568029 458 4 4 1978
19 13697281 473 4 7 3
20 14138670 475 0 2 1
21 14841335 499 7 9 100
22 15112661 507 5 5 49
23 16286192 555 1 10 1
24 16842760 569 3 7 8
25 17014002 576 10 10 989
26 17885576 612 4 4 2485
27 17917386 613 3 7 12697
28 18274816 616 3 10 854
29 19660415 683 0 8 5
30 19958651 692 2 10 12
31 20465371 695 8 10 1
32 20835827 703 2 0 74
33 21317523 727 10 0 769
34 21928514 744 8 8 75
35 22200166 751 2 5 25
36 22534914 766 7 7 3
37 24097242 834 9 4 61
38 24097242 834 7 0 177
39 24121724 838 5 0 8530
40 24198379 844 7 9 283
41 24324967 857 9 9 69
42 24433843 863 2 7 8
43 24789318 874 2 5 668
44 25266595 894 2 5 30
45 25701846 911 7 0 2047
46 25942817 927 7 0 85
47 26374600 929 3 5 227
48 28046022 967 5 1 1846
49 28213059 973 2 10 26
