11 46 50
0 24103 0 9 2 76
1 168158 9 1 5 35
2 308835 17 5 10 1
3 467198 37 4 0 25
4 790889 61 7 4 126
5 817570 66 0 10 2896
6 849871 70 3 7 1
7 849871 70 8 7 1
8 1107084 85 9 6 404
9 1259315 99 9 2 19
10 2004585 160 5 8 306
11 2182768 187 9 1 15
12 2334241 203 8 0 228
13 2616780 233 5 0 7
14 2677176 239 9 1 9
15 2777776 241 3 2 1952
16 2979118 263 6 10 1524
17 3297335 291 6 9 731
18 3473075 303 9 6 1193
19 3812517 339 3 7 31
20 3905787 353 0 3 163
21 4366077 395 2 6 54
22 5328979 466 9 2 50
23 5328979 466 6 10 2
24 5922807 498 9 7 44
25 5922807 498 10 8 514
26 6609793 558 1 6 81
27 6616410 560 3 2 29
28 6737104 569 9 0 26
29 6805600 576 10 1 1
30 7002878 611 3 6 410
31 7154230 612 5 1 6
32 7358744 626 2 1 8
33 7554699 644 1 3 10
34 8296921 702 4 5 112
35 8578816 733 9 8 3956
36 8652222 739 10 5 86
37 9180449 812 7 5 958
38 9381148 822 2 7 1244
39 9652252 841 1 0 334
40 9866799 864 10 9 35
41 10106638 894 8 9 35
42 10171190 899 6 9 33179
43 10549840 929 1 1 3
44 10549840 929 10 0 10
45 10651158 930 4 2 7
46 11002570 941 5 3 8
47 11058570 957 8 9 17
48 11081482 959 10 5 196
49 11310903 980 10 10 306
