11 42 50
0 590162 13 6 2 70
1 772087 17 6 2 526
2 1167997 37 4 0 25
3 2124678 70 10 8 21
4 3148288 99 9 5 5
5 3897811 128 2 0 5
6 5011463 160 8 4 9
7 5111686 162 7 7 675
8 6944440 241 9 7 12
9 7135392 259 10 3 623
10 8243337 291 8 6 409
11 8243337 291 2 6 1228
12 8392985 292 6 9 1235
13 8682688 303 1 0 1
14 10068872 372 3 0 349
15 11160097 407 2 2 73
16 11530522 421 5 9 27455
17 11620833 424 7 5 282
18 11994892 428 8 7 1
19 11994892 428 2 7 1
20 12204633 430 5 8 4
21 12629720 460 1 3 39
22 12791915 461 7 5 1
23 13697281 473 10 3 59
24 14138670 475 9 9 5
25 14138670 475 8 9 5
26 14807019 498 3 1 35
27 15112661 507 6 4 2858
28 16443602 556 0 7 15
29 17014002 576 6 1 1
30 17014002 576 10 6 4
31 17153733 583 6 7 1421
32 17159517 586 8 1 1762
33 17885576 612 8 5 120
34 17885576 612 1 8 17
35 18274816 616 8 8 1
36 18274816 616 2 10 854
37 18274816 616 3 1 1
38 18274816 616 0 1 1
39 19660415 683 10 3 59
40 21244020 723 3 5 29
41 21444926 732 7 2 240
42 22749087 780 9 5 34
43 22912873 804 4 0 117
44 23805513 824 0 10 47
45 24433843 863 6 0 9
46 24789318 874 2 8 183
47 24856151 884 0 6 33
48 26374600 929 5 2 8
49 28213059 973 0 10 26
