11 43 50
0 322229 18 1 2 19
1 467198 37 3 8 6
2 467198 37 4 0 25
3 688153 51 10 8 21
4 699431 56 5 2 461
5 776492 59 2 5 14
6 962617 75 0 0 5
7 1106757 84 7 9 1
8 1373832 102 5 2 483
9 1736398 143 0 8 4
10 1781507 150 2 4 17932
11 1795777 153 8 9 37
12 2008606 161 0 8 17
13 2616780 233 2 0 22
14 2777776 241 6 3 1
15 3014918 271 7 7 34
16 3905787 353 0 1 6
17 3956452 366 7 9 52
18 4593740 413 9 7 32
19 4797956 428 7 5 822
20 4797956 428 3 5 822
21 4881853 430 7 3 21
22 5020130 457 6 0 25
23 5328979 466 6 1 2
24 5393131 468 7 1 79
25 5746162 490 10 2 27
26 5922807 498 4 4 100
27 6045064 507 0 0 12
28 6045064 507 7 6 7
29 6045064 507 6 3 7
30 6310750 550 7 6 6
31 6310750 550 5 6 6
32 6514476 555 2 0 2
33 6591880 557 3 10 162
34 6612238 559 1 0 608
35 6638398 562 10 1 15233
36 7338655 624 8 5 2839
37 7430092 633 5 1 368
38 7983460 692 6 10 51
39 7983460 692 6 4 38
40 8497608 723 6 9 23
41 8752336 741 6 7 14
42 8792041 749 10 5 24
43 9868568 866 10 3 552
44 10106638 894 9 8 1
45 10106638 894 6 5 2
46 10651158 930 3 5 22
47 10803202 932 6 8 20
48 11002570 941 0 0 5
49 11285223 973 0 8 2624
