11 46 50
0 236064 13 8 8 1
1 489413 39 0 5 34
2 1106757 84 4 8 3
3 1192503 97 9 9 1843
4 1509077 118 8 5 16
5 1528431 126 3 0 39
6 2004585 160 9 2 210
7 2044674 162 6 10 5
8 2299565 198 8 5 1
9 2334241 203 7 10 2495
10 2416558 223 7 2 68
11 2616780 233 4 4 1153
12 3361738 293 8 1 87
13 3656724 317 6 0 4
14 3743421 328 10 5 297
15 3854548 340 6 0 20
16 3854548 340 5 2 3
17 4080996 387 7 9 1
18 4366077 395 5 7 3
19 4593740 413 2 8 5274
20 5328979 466 5 8 1
21 5379314 467 10 7 23
22 5674495 477 2 1 282
23 6294432 547 4 1 2357
24 6514476 555 5 1 95
25 6514476 555 9 1 95
26 6577440 556 10 4 26
27 6846025 582 4 5 179
28 6876825 588 4 2 98
29 7154230 612 7 8 8
30 7436902 634 7 8 2395
31 7573694 660 10 7 16605
32 7742083 675 2 4 30
33 7864166 683 3 6 31
34 8186148 695 7 9 429
35 8237005 698 5 1 3
36 8880066 751 8 1 30
37 9013965 766 10 6 14
38 9562322 825 5 8 63
39 9562322 825 5 5 16
40 9587048 830 2 2 63
41 9588470 832 1 1 30673
42 9671044 842 1 4 6007
43 9866799 864 7 0 3618
44 10106638 894 7 5 4
45 10280738 911 2 0 682
46 10375681 926 7 2 58
47 10651158 930 5 7 10
48 10803202 932 9 9 9
49 10803202 932 4 8 67
