11 42 50
0 168158 9 4 2 98
1 467198 37 3 8 6
2 543883 50 9 0 44
3 688153 51 2 5 8
4 776492 59 8 3 10
5 1106757 84 4 3 4
6 1106757 84 2 5 71
7 1449952 108 7 4 34
8 1886551 154 8 0 6
9 1886551 154 4 10 2
10 1893168 157 4 4 87
11 2004585 160 7 2 421
12 2086128 170 3 2 1368
13 2299565 198 0 3 2
14 2299565 198 9 1 4
15 2299565 198 5 0 5
16 2334241 203 7 5 4342
17 2468599 229 0 8 118
18 2965227 262 8 7 1
19 3026756 281 1 7 651
20 3473075 303 9 6 1193
21 3522236 305 7 7 38
22 4206684 390 4 3 596
23 4206684 390 0 5 6
24 4430669 402 9 0 2920
25 4595041 414 7 9 40
26 4648333 424 7 9 6021
27 4797956 428 0 7 1
28 4881853 430 9 4 67
29 4881853 430 4 6 190
30 4881853 430 8 2 36
31 5328979 466 8 3 1801
32 6082496 510 7 2 20
33 6577440 556 5 5 3164
34 6861493 583 6 1 2272
35 6866313 587 5 1 31
36 7002878 611 0 8 1981
37 7554699 644 8 4 4530
38 7865710 684 9 2 1039
39 7983460 692 2 10 12
40 8193861 697 4 6 1569
41 9052733 768 8 3 102
42 9759803 861 3 4 112
43 10250988 907 2 8 156
44 10250988 907 4 6 136
45 10315186 917 9 9 199
46 10329914 919 6 1 1
47 10339148 923 10 7 1223
48 10803202 932 4 8 67
49 11002570 941 7 7 2
