11 40 50
0 105098 9 1 1 4
1 245103 28 0 8 53
2 691723 84 4 0 7
3 787072 99 0 2 19
4 1179094 154 6 4 10
5 1179094 154 9 4 10
6 1179094 154 5 10 2
7 1179094 154 6 9 23
8 1364230 187 4 2 24
9 1542874 229 6 5 19
10 1574392 230 0 3 136
11 1574392 230 0 9 29
12 1635487 233 7 7 85
13 1662876 237 10 9 11
14 1747156 251 2 5 87
15 1876905 269 4 5 39
16 2170672 303 0 2 1892
17 2196427 304 3 3 9291
18 2650971 392 10 4 1281
19 2650971 392 5 5 1283
20 3197978 461 8 8 9
21 3362071 467 6 0 430
22 3370707 468 7 1 79
23 3534667 475 4 4 1
24 3701754 498 9 8 514
25 3778165 507 7 7 72
26 4071548 555 2 5 1
27 4071548 555 6 2 876
28 4131120 558 1 0 204
29 4210690 569 6 3 21
30 4349245 602 6 8 259
31 4471394 612 0 6 1
32 4471394 612 0 10 5
33 4568704 616 0 10 12823
34 4568704 616 5 8 1
35 4568704 616 10 2 2
36 4721687 644 10 3 10
37 5116342 695 2 6 1
38 5482128 744 1 3 64
39 5863217 822 7 5 52
40 6090631 859 6 8 506
41 6260893 886 3 4 1
42 6316648 894 6 5 2
43 6364413 901 9 2 30
44 6406867 907 4 10 3
45 6425787 912 8 1 71
46 6593650 929 3 2 21
47 6876606 941 2 1 96
48 6876606 941 6 5 388
49 6911606 957 4 9 17
