11 46 50
0 20086 0 1 1 3
1 302093 21 4 6 290
2 573461 51 7 10 1
3 708226 70 3 10 99
4 726255 72 6 0 6120
5 1214119 110 3 7 345
6 1220991 115 10 6 95
7 1260274 120 0 7 124
8 1423494 137 9 4 99
9 1572126 154 6 9 23
10 1670487 160 7 9 4
11 1670487 160 6 10 5
12 1670487 160 10 1 1
13 1703895 162 8 0 1899
14 1703895 162 3 0 1899
15 1719626 165 6 5 220
16 1725043 168 2 2 15
17 1800449 180 5 0 216
18 1945201 203 8 8 45
19 2180650 233 6 1 4
20 2471022 262 2 6 8
21 2534155 282 8 0 16296
22 2747779 291 4 6 2047
23 2834067 299 9 6 1644
24 3424062 388 0 0 709
25 3505570 390 1 4 27
26 4101706 443 6 3 83
27 4263971 461 3 6 614
28 4786586 489 3 0 785
29 4935673 498 1 1 17
30 5037553 507 3 1 1
31 5428730 555 0 0 1
32 5481200 556 0 4 4
33 5557423 567 1 5 9237
34 6116567 625 4 0 34
35 6161954 631 5 6 491
36 6462095 678 6 4 18
37 6821790 695 1 10 1
38 6821790 695 2 3 13
39 6914100 702 4 2 28
40 7400055 751 2 6 55
41 7511638 766 3 4 16
42 7573480 778 9 9 21
43 7968602 825 0 0 3
44 8222332 864 6 10 172
45 8347857 886 8 0 29
46 8422198 894 0 8 1
47 8611220 920 8 9 28
48 8875965 930 10 0 7476
49 9002668 932 6 8 20
