11 44 50
0 459971 3 10 7 31
1 3440766 51 2 2 5
2 3440766 51 0 8 6
3 8540966 137 8 6 2
4 8805059 146 3 8 333
5 8907536 150 2 7 5692
6 10022927 160 6 1 1
7 11043103 192 3 8 53
8 11671207 203 7 3 353
9 11907540 210 0 3 1
10 12595136 230 0 2 1
11 16160168 287 10 0 1
12 18730424 329 2 7 8
13 19272744 340 8 3 126
14 19782263 366 0 5 1952
15 20336636 383 4 6 187
16 22740283 409 6 6 1
17 26644898 466 6 6 16
18 26644898 466 9 10 12
19 26896574 467 9 0 3875
20 28277340 475 10 2 3
21 28608066 487 5 2 306
22 29614038 498 3 2 28
23 30911084 513 4 8 1009
24 32572384 555 0 9 2
25 34932850 610 1 3 27
26 36549632 616 9 2 1
27 37184511 634 7 1 38
28 38590215 671 5 4 1342
29 38590215 671 8 8 5
30 38772571 678 8 6 409
31 39320831 683 5 9 15
32 40930743 695 7 6 2
33 40930743 695 8 4 1
34 43960209 749 9 7 41
35 46905743 822 3 7 414
36 46905743 822 3 5 338
37 46905743 822 0 3 1
38 47593607 823 9 1 1938
39 48867686 863 6 0 9
40 49458730 871 1 9 3
41 50154726 888 10 3 87
42 50533190 894 0 5 1
43 52749200 929 5 9 4
44 53255791 930 7 2 7
45 53713284 931 4 4 909
46 54201634 940 0 10 1313
47 55012853 941 8 1 96
48 55407412 959 10 9 43
49 56612879 987 7 9 42
