11 42 50
0 174347 16 2 4 209
1 313047 31 1 6 46
2 687583 75 9 10 7
3 687583 75 1 10 3
4 790540 84 3 8 1
5 1046563 115 3 6 95
6 1240284 143 0 5 3991
7 1262651 148 2 10 21
8 1282698 153 4 9 185
9 1431846 160 2 0 11
10 1431846 160 2 2 210
11 1667315 203 8 5 8684
12 2183479 285 4 9 314
13 2183479 285 4 6 319
14 2308595 287 6 4 1
15 2355239 291 4 8 8
16 2355239 291 10 9 365
17 2355239 291 2 0 8
18 2427455 298 9 8 8519
19 2533286 310 10 7 73
20 2753249 340 0 4 1
21 3281243 413 9 4 9414
22 3501854 436 0 3 109
23 3515748 443 6 10 95
24 3806414 466 5 0 7
25 4039620 475 6 2 1
26 4039620 475 7 9 5
27 4039620 475 10 7 4
28 4923710 593 9 9 1350
29 5270718 628 1 5 389
30 5617261 683 1 4 638
31 5883575 698 2 1 3
32 5899895 701 3 9 1
33 6078832 724 6 6 2
34 6342904 751 7 3 970
35 6491554 778 9 9 21
36 6499739 780 1 1 117
37 6700820 822 0 8 1679
38 6830230 825 0 8 63
39 6884926 834 7 9 2
40 7069924 872 6 6 114
41 7082662 874 2 7 312
42 7088971 875 5 7 18
43 7250275 896 3 9 10
44 7535600 929 6 6 54
45 7607970 930 9 6 172
46 7858979 941 8 8 1
47 8013149 967 1 0 9
48 8121559 994 4 5 64
49 8121559 994 0 5 16
