11 47 50
0 1074916 30 2 6 11
1 1308109 45 5 6 2127
2 3434582 102 4 0 35
3 3434582 102 2 0 70
4 4716379 154 2 1 33
5 4745546 159 1 4 95
6 5953770 210 2 3 1
7 6297568 230 8 6 13
8 7413068 262 9 10 6
9 7447796 263 9 10 1524
10 7602645 283 5 1 81
11 8080084 287 9 10 7
12 8243337 291 4 5 25
13 9951910 369 3 3 18
14 10053432 370 9 3 10
15 11370141 409 10 8 13
16 12283357 440 4 10 4
17 12791915 461 1 8 9
18 13322449 466 2 3 1801
19 14138670 475 3 2 1
20 14359759 489 3 8 69
21 14807019 498 1 6 1
22 15455542 513 10 1 5
23 15736080 547 4 3 33039
24 15868045 554 10 7 2037
25 16286192 555 9 3 202
26 16862799 573 2 5 6
27 17153733 583 6 1 2272
28 18274816 616 5 8 1
29 18349701 625 4 0 34
30 18994006 668 5 1 200
31 18995054 669 1 5 24
32 19295107 671 7 0 14
33 20592512 698 5 7 21
34 20595453 699 8 8 218
35 21167402 720 10 8 8567
36 21244020 723 6 8 7
37 21929435 745 3 10 118
38 21980104 749 2 0 33
39 22631833 768 0 0 103
40 23452871 822 1 10 1
41 23452871 822 0 10 3
42 23796803 823 8 6 282
43 23805513 824 0 10 47
44 24789318 874 2 3 32
45 25043572 886 3 4 1
46 25043572 886 10 1 11
47 25833661 920 2 10 8
48 27506426 941 1 8 1
49 28046022 967 1 6 3080
