11 45 50
0 906279 21 4 7 86
1 1720383 51 5 4 15
2 1720383 51 3 7 11
3 2406543 75 7 6 14
4 2408793 76 9 3 98
5 2921290 94 3 5 756
6 3624880 108 0 0 226
7 3893558 127 0 4 115
8 3897811 128 2 0 5
9 4270483 137 6 7 198
10 4340995 143 0 2 200
11 5288710 174 5 4 18
12 5413836 183 4 0 35
13 5891073 209 1 5 39
14 6541950 233 1 6 6
15 7135392 259 8 0 89
16 9358552 328 4 9 2
17 10915192 395 10 2 2
18 12204633 430 3 2 18
19 12204633 430 3 6 190
20 13322449 466 2 3 1801
21 13448287 467 9 1 1
22 13554746 472 6 0 14
23 13697281 473 7 5 68
24 14138670 475 9 7 9
25 15206240 510 7 2 20
26 16286192 555 0 4 829
27 16842760 569 2 1 1
28 17885576 612 9 5 120
29 18274816 616 2 10 854
30 18447515 628 1 7 2415
31 18886748 644 10 1 6
32 18959486 661 4 0 26
33 20465371 695 8 10 1
34 20484653 697 2 1 77
35 20835827 703 2 5 40
36 21275913 724 6 9 286
37 24666998 864 5 9 35
38 24729365 871 6 8 758
39 25077363 888 10 4 103
40 25701846 911 7 0 2047
41 26374600 929 5 7 18
42 26374600 929 8 9 4
43 26627895 930 6 8 928
44 26856642 931 3 10 2703
45 26856642 931 4 5 349
46 27506426 941 8 6 2
47 27506426 941 4 4 32
48 28099164 971 1 8 30
49 28277257 980 7 10 306
