11 49 50
0 51107 3 5 5 113
1 93421 9 1 9 7
2 131576 14 7 6 107
3 267850 38 10 5 110
4 614865 84 7 0 7
5 638855 91 7 2 550
6 638994 92 9 0 133
7 763240 102 3 2 1451
8 811773 112 9 1 2
9 1048084 154 1 7 642
10 1227011 192 3 5 27522
11 1277536 198 1 1 4
12 1453766 233 0 2 13
13 1655065 263 4 10 1524
14 1655065 263 6 10 1524
15 1891017 300 10 1 1505
16 1929486 303 10 6 397
17 1970333 310 10 6 6
18 2050322 324 5 10 48
19 2198029 366 7 2 23
20 2211535 369 2 0 17
21 2337046 390 10 6 459
22 2461483 402 9 7 35
23 2665531 428 6 5 822
24 2665627 429 0 6 415
25 2996184 468 7 4 34
26 3043840 473 10 8 52
27 3141926 475 4 1 6
28 3159961 479 3 9 2
29 3358369 507 10 1 1
30 3471925 536 3 6 467
31 3488056 542 1 6 65
32 3518670 551 1 9 9759
33 3672107 558 1 2 194
34 3974572 612 7 9 1
35 4061070 616 4 8 1
36 4136513 635 5 1 1250
37 4303088 676 8 4 41
38 4442788 693 8 6 75
39 5211749 822 0 0 1
40 5288178 823 8 8 2
41 5422112 861 3 3 2378
42 5481555 864 1 1 4
43 5639102 896 8 2 38
44 5752382 924 5 6 11
45 6116832 947 10 10 71
46 6232449 967 7 7 243
47 6240851 970 10 4 16
48 6269568 973 0 2 17
49 6316768 994 10 5 81
