11 47 50
0 57496 3 5 1 14
1 430095 51 7 3 15
2 494306 61 7 2 24
3 710423 89 7 1 10154
4 858645 102 3 2 1451
5 985015 132 6 0 21
6 1179094 154 3 3 28
7 1252865 160 5 9 4
8 1277921 162 5 10 5
9 1437228 198 8 0 5
10 1736110 241 3 1 18
11 1863724 265 1 3 69
12 2020021 287 2 10 30
13 2060834 291 8 6 409
14 2098246 292 9 1 197
15 2170672 303 1 1 75
16 2409093 340 0 0 20
17 2409093 340 0 9 15
18 2441117 353 0 6 5
19 2467121 365 9 3 670
20 2472782 366 9 2 11
21 3330612 466 0 1 14
22 3330612 466 4 5 1
23 3424320 473 0 8 1669
24 3863885 513 10 3 26
25 3944219 550 4 6 31
26 4140140 561 7 10 28
27 4211720 571 7 7 16
28 4366606 610 1 3 27
29 4584213 622 7 6 13081
30 4963433 690 0 10 48
31 5116342 695 0 5 14
32 5148128 698 10 9 66
33 5162408 701 8 9 1
34 5208956 703 2 6 38
35 5237860 713 0 6 9483
36 5290141 718 6 10 2
37 5550041 751 5 9 15
38 5863217 822 10 8 239
39 5863217 822 3 5 338
40 5991905 830 8 2 21
41 6172134 869 6 9 164
42 6205932 878 9 6 46
43 6316648 894 8 9 35
44 6343990 896 4 3 1586
45 6356993 899 6 3 108
46 6435841 913 7 2 19
47 6714160 931 4 0 3169
48 6876606 941 7 2 5
49 7090681 993 4 10 91
