11 42 50
0 257362 17 0 8 1
1 271543 19 1 0 84
2 436036 45 6 6 1063
3 573461 51 7 6 9
4 573461 51 7 2 5
5 802181 75 10 6 14
6 802181 75 8 5 115
7 958282 91 6 2 2201
8 1144860 102 5 1 3
9 1231699 116 2 4 113
10 1423494 137 6 3 9
11 1572126 154 9 3 28
12 1916304 198 4 5 9
13 2217168 237 4 7 51
14 2314813 241 7 9 1226
15 2314813 241 3 6 1
16 2534155 282 8 4 326
17 2797661 292 4 9 176
18 2894229 303 10 9 613
19 2894229 303 10 0 1
20 3047270 317 0 10 55
21 3132290 330 0 8 10328
22 3694000 404 2 0 10
23 3790047 409 8 4 782
24 3828116 413 9 0 144
25 4263971 461 9 4 42
26 4712890 475 2 7 4
27 4712890 475 0 3 1
28 5151847 513 9 0 1
29 5188171 529 3 9 374
30 5481200 556 3 1 1
31 5798994 602 6 2 848
32 6220427 638 0 7 406
33 6295582 644 10 1 6
34 6431702 671 2 6 8
35 6652883 692 10 10 12
36 6914100 702 0 2 28
37 7432208 755 9 5 4130
38 7452597 757 1 0 7
39 7511638 766 7 10 7
40 7817623 822 8 9 9
41 7817623 822 9 1 1
42 8061608 843 9 3 39
43 8071608 845 3 7 4
44 8583938 914 4 3 171
45 8612310 921 8 1 88
46 8791533 929 0 4 878
47 9168808 941 1 7 1
48 9168808 941 0 2 2
49 9168808 941 8 6 2
