11 46 50
0 65710 3 9 5 5552
1 220596 17 1 2 526
2 258936 21 3 5 18
3 318252 35 7 5 100
4 363714 41 10 10 49
5 491538 51 8 4 15
6 492916 53 4 10 10
7 554637 59 2 3 5
8 687583 75 5 2 778
9 790540 84 6 0 15
10 834654 94 4 5 1513
11 981309 102 4 7 1
12 1347536 154 6 7 3210
13 1431846 160 10 7 293
14 1716500 218 1 2 17074
15 2183479 285 4 4 168
16 3254461 411 9 4 206
17 3427112 428 0 3 3
18 3487038 430 10 3 29
19 3527194 448 6 1 2
20 3660361 464 9 0 17
21 4039620 475 8 0 1
22 4039620 475 10 9 10
23 4068838 482 10 0 122
24 4230576 498 4 5 175
25 4230576 498 4 6 1
26 4317903 507 5 2 40
27 4653197 555 6 3 202
28 4653197 555 0 10 5
29 4721280 558 1 2 194
30 5307209 633 5 9 17
31 5396213 644 0 9 136
32 5426858 668 5 7 18
33 5617261 683 2 2 1527
34 5847249 695 8 3 26
35 6069720 723 6 10 11
36 6092524 729 1 6 6073
37 6180159 739 10 8 67
38 6251668 741 10 7 2
39 6342904 751 1 6 167
40 6397763 761 2 5 45
41 6491554 778 10 1 279
42 6700820 822 1 1 1
43 6700820 822 0 6 4
44 6836898 829 9 6 347
45 7047713 864 8 4 5
46 7673326 931 7 2 1607
47 7915344 959 10 5 196
48 8013149 967 7 1 1476
49 8121559 994 4 5 64
