11 44 50
0 20086 0 9 2 76
1 257362 17 0 2 526
2 453236 50 7 0 44
3 922297 84 4 9 6
4 1144860 102 8 10 21
5 1484589 150 2 1 14
6 1670487 160 2 5 5
7 1670487 160 2 0 11
8 2314813 241 9 9 3679
9 2314813 241 1 4 14
10 2323296 245 0 8 20
11 2484966 265 1 3 69
12 2894229 303 1 1 75
13 2894229 303 8 10 14
14 2938378 307 8 4 476
15 3047270 317 2 3 54
16 3119517 328 7 8 44
17 3255331 354 2 5 5284
18 3538387 393 8 1 46
19 3858693 422 6 2 4553
20 4263971 461 3 6 614
21 4440816 466 4 5 1
22 4440816 466 1 7 1
23 4482762 467 0 6 6
24 4712890 475 9 5 2
25 4935673 498 8 8 514
26 4935673 498 4 2 4
27 5069835 512 2 3 5300
28 5209986 537 4 10 11
29 6091605 616 5 9 14
30 6135586 627 1 4 258
31 6431702 671 5 5 30
32 6553471 683 8 6 10
33 6821790 695 3 2 793
34 6971565 710 3 1 44
35 7053521 718 1 5 87
36 7081340 723 3 1 113
37 7148308 732 6 8 79
38 7968602 825 4 4 187
39 8222332 864 4 5 15
40 8222332 864 9 9 105
41 8274576 878 9 6 46
42 8347857 886 9 9 1503
43 8359121 888 10 4 103
44 8422198 894 6 5 2
45 8567282 911 0 0 682
46 8875965 930 8 2 7
47 9248573 961 0 5 343
48 9361277 970 4 4 50
49 9475153 994 4 4 38
