11 44 50
0 467198 37 8 10 4
1 776492 59 5 0 2
2 962617 75 9 6 14
3 1449952 108 8 3 27
4 1557423 127 0 1 237
5 1781507 150 2 7 5692
6 1886551 154 0 9 11
7 1886551 154 10 5 139
8 2044674 162 10 10 5
9 2398292 217 6 4 13
10 3232033 287 2 5 6
11 3232033 287 10 5 4
12 3656724 317 10 5 964
13 4021372 370 10 2 9
14 4366077 395 3 6 54
15 4548056 409 5 0 528
16 4593740 413 9 1 56
17 4797956 428 0 6 1
18 4913342 440 5 10 4
19 5116766 461 0 2 5
20 5116766 461 8 7 1
21 5328979 466 5 7 1
22 5743903 489 0 5 94
23 5951013 505 0 7 64
24 6577440 556 3 1 1
25 6899230 595 2 9 194
26 7154230 612 1 7 2539
27 7309926 616 0 2 11
28 7358744 626 2 4 100
29 7554699 644 4 4 647
30 7554699 644 1 0 8
31 7718043 671 6 7 1
32 7864166 683 2 9 30
33 7864166 683 3 10 16
34 7941492 690 8 8 600
35 8186148 695 4 0 21
36 8464225 718 8 1 39
37 8771405 744 1 3 64
38 8792041 749 4 9 1
39 9193385 815 4 7 813
40 9194141 816 7 10 175
41 9381148 822 6 2 3
42 9518721 823 10 2 12
43 10354794 925 8 0 184
44 10549840 929 4 6 54
45 10651158 930 6 2 7
46 10742656 931 0 6 17
47 10803202 932 2 2 2708
48 10803202 932 3 1 779
49 11002570 941 6 4 1
