11 44 50
0 1416452 70 4 8 43
1 1604362 75 2 9 1
2 1641131 81 0 6 119
3 1652122 83 0 2 165
4 2289721 102 6 3 5
5 3144252 154 10 0 2
6 3439252 165 9 5 110
7 3624953 186 8 0 11839
8 3639694 188 4 10 27
9 3832609 198 1 0 10
10 4006495 219 4 5 7677
11 4198378 230 3 6 6
12 4198378 230 8 9 29
13 4361300 233 4 1 39
14 5386722 287 2 5 6
15 5495558 291 8 0 6
16 5595323 292 4 9 176
17 5788459 303 1 8 973
18 5857139 304 3 9 58
19 6702288 370 4 9 46
20 7011140 390 3 10 26
21 7011140 390 5 7 3
22 7276795 395 10 6 13
23 7276795 395 0 7 1
24 7276795 395 1 6 27
25 7580094 409 10 5 797
26 7996594 428 5 1 6684
27 8366884 457 10 0 8
28 8881632 466 5 9 4
29 8965524 467 9 0 3875
30 9425780 475 6 10 10
31 9871346 498 2 9 1
32 10075107 507 4 2 120
33 10303694 513 10 2 6
34 10373201 527 5 0 238
35 10374683 528 3 7 128
36 11016322 558 1 5 72
37 11923717 612 4 10 5
38 12663369 669 1 5 24
39 12903472 675 2 5 29
40 13643581 695 9 2 793
41 13643581 695 4 2 1587
42 15864535 823 8 7 751
43 15864535 823 5 2 6
44 15937204 825 7 1 19
45 16162869 846 5 0 54
46 16216644 857 9 0 2932
47 17751930 930 5 6 13
48 18067211 940 0 5 111
49 18860945 986 1 0 968
