11 40 50
0 244086 16 9 4 3
1 308835 17 0 9 5269
2 438266 31 1 6 46
3 523243 45 1 6 1063
4 523243 45 5 6 2127
5 1373832 102 4 4 4
6 1478038 116 2 6 106
7 1514472 122 0 1 98
8 1615990 136 1 3 16
9 1615990 136 8 6 21
10 1761011 146 8 4 11
11 2004585 160 0 10 5
12 2004585 160 3 1 1
13 2004585 160 1 2 210
14 2777776 241 7 2 3905
15 3473075 303 1 0 1
16 3514283 304 3 9 58
17 3746084 329 4 7 6
18 4206684 390 1 9 174
19 4548056 409 6 1 1627
20 5020130 457 4 5 32
21 5328979 466 3 6 8
22 5379314 467 2 1 1
23 5922807 498 0 9 1
24 6182216 513 6 9 20
25 6310750 550 4 6 31
26 6333607 551 10 6 30
27 6333607 551 3 6 60
28 6514476 555 8 7 7
29 6514476 555 2 4 829
30 7154230 612 4 5 120
31 7554699 644 7 6 1
32 8186148 695 2 9 1503
33 8186148 695 8 4 1
34 8497608 723 3 3 52
35 8635451 737 10 0 88
36 8896046 752 8 8 21
37 9013965 766 10 7 7
38 9013965 766 4 10 7
39 9381148 822 10 9 1
40 9518721 823 9 1 1938
41 9562322 825 4 9 18
42 9562322 825 0 2 27
43 10017428 886 5 6 555
44 10549840 929 1 5 227
45 10651158 930 0 5 22
46 10651158 930 3 0 2492
47 11024936 948 6 6 791
48 11222960 968 1 3 51
49 11310954 981 1 6 406
