11 42 50
0 65710 3 5 2 11041
1 607051 70 3 7 1
2 687583 75 0 1 591
3 790540 84 3 8 1
4 899510 99 0 6 10
5 899510 99 0 8 1
6 989123 103 9 5 13
7 1040674 110 3 7 345
8 1065913 117 0 1 35
9 1642546 198 9 0 5
10 1642546 198 5 0 5
11 1642546 198 6 3 20
12 1869128 233 10 7 1
13 1869128 233 8 10 9
14 1900430 237 10 7 51
15 1912269 239 8 1 9
16 2038683 259 1 0 14
17 2118019 262 3 9 15
18 2308595 287 6 4 1
19 2723227 339 0 5 190
20 2910912 386 7 3 976
21 3118626 395 5 4 1
22 3806414 466 3 0 7
23 3806414 466 3 5 1
24 4102788 489 3 8 69
25 4230576 498 9 10 261
26 4317903 507 3 0 15
27 4653197 555 5 5 1
28 4653197 555 0 6 47
29 4763775 568 8 2 137
30 4890018 582 4 6 282
31 4901066 583 6 10 61
32 4912018 588 4 0 70
33 5229823 619 8 6 91
34 5396213 644 9 9 54
35 5396213 644 8 7 92
36 5400520 647 3 3 1338
37 5512887 671 3 1 4531
38 5617261 683 9 4 638
39 5852758 697 4 10 15
40 6045875 718 0 7 5
41 6078832 724 6 2 205
42 6251668 741 3 7 2
43 6700820 822 6 5 26
44 6700820 822 10 4 25
45 7265135 899 6 7 61
46 7413478 928 0 10 51
47 7607970 930 7 7 73
48 7858979 941 8 2 2
49 8103636 993 4 5 84
