11 41 50
0 1180324 13 1 1 265
1 2133408 29 2 8 170
2 3440766 51 3 3 15
3 3440766 51 2 7 5
4 3440766 51 9 8 1
5 5533786 84 2 4 5
6 5533786 84 3 9 1
7 6869164 102 1 3 5
8 7807953 131 1 3 226
9 8079951 136 8 5 496
10 8540966 137 1 10 222
11 8540966 137 10 10 222
12 9432758 154 3 9 11
13 11497828 198 3 10 14
14 13083901 233 5 7 1
15 13083901 233 4 8 5
16 13888881 241 4 2 1952
17 16486675 291 9 1 256
18 16486675 291 5 3 9080
19 18283624 317 6 9 10
20 22153347 402 2 6 88
21 22740283 409 6 4 2
22 22759888 410 2 3 1
23 23989784 428 4 4 4
24 25100653 457 5 1 53
25 26644898 466 1 9 4
26 28277340 475 2 1 3
27 33048966 558 1 8 329
28 33685520 569 4 8 1
29 34907831 606 10 6 184
30 36549632 616 8 0 6921
31 36895030 628 1 4 81
32 37773497 644 7 5 10
33 37773497 644 4 4 647
34 39320831 683 6 8 5
35 40930743 695 9 0 64
36 41938950 714 10 2 29274
37 44480231 752 1 9 1
38 45498175 780 2 5 4
39 46905743 822 3 7 414
40 48194485 834 1 9 51
41 51894351 928 0 10 51
42 52749200 929 6 1 3
43 52749200 929 1 2 12
44 54016013 932 1 1 779
45 55012853 941 10 6 10
46 55012853 941 1 5 13
47 55412905 960 7 1 1039
48 56198328 971 9 8 90
49 56524992 979 0 8 1268
