11 45 50
0 93421 9 1 4 2
1 290691 45 1 6 1063
2 302157 50 2 0 44
3 382307 51 7 2 5
4 619635 88 1 6 30
5 805529 108 4 5 90
6 1175269 174 0 4 18
7 1205844 184 1 6 21
8 1296800 203 7 7 7494
9 1454878 234 1 7 11379
10 1461395 236 9 6 55
11 1543209 241 9 2 5857
12 1548864 245 10 8 40
13 1647348 262 3 0 9
14 1698261 285 4 0 5994
15 2102664 337 4 5 11902
16 2234096 370 1 9 162
17 2425598 395 5 9 2555
18 2470269 406 1 10 204
19 2526698 409 10 8 13
20 2572754 423 3 1 4754
21 2737586 444 1 0 59
22 2842647 461 1 2 11
23 2960544 466 7 2 50
24 3141926 475 3 7 4
25 3141926 475 6 7 85
26 3141926 475 7 8 5
27 3152497 477 2 0 196
28 3497269 548 5 7 298
29 3505972 550 4 6 31
30 3619153 555 9 2 1752
31 3829975 594 0 5 74
32 4088191 626 2 7 117
33 4099447 628 1 2 47
34 4127829 633 5 10 15
35 4197055 644 3 8 908
36 4197055 644 6 1 6
37 4368981 683 3 2 4582
38 4368981 683 4 3 29
39 4547860 695 8 4 1
40 4663759 717 9 7 35
41 4702347 718 2 7 23
42 4789769 735 6 8 280
43 4873003 744 6 3 1
44 5029296 768 0 6 37
45 5372802 842 1 6 11325
46 5703226 909 9 5 138
47 5861022 929 2 10 30
48 6001779 932 1 10 23
49 6001779 932 4 9 4
