11 47 50
0 131147 13 7 8 3
1 237045 29 2 4 83
2 282888 41 10 8 44
3 292620 48 8 8 26
4 382307 51 0 6 1
5 614865 84 6 6 1
6 763240 102 0 10 21
7 763240 102 0 8 14609
8 763240 102 8 6 31
9 805529 108 3 2 1
10 846372 124 9 3 28
11 978339 146 3 8 333
12 1401687 231 4 6 2
13 1647348 262 4 4 12
14 1831852 291 1 9 1096
15 1891850 301 2 5 59
16 2079678 328 6 3 1
17 2141416 340 7 9 15
18 2337046 390 7 6 114
19 2461483 402 9 5 65
20 2737586 444 1 0 59
21 2996184 468 7 1 79
22 3043840 473 2 5 68
23 3043840 473 1 10 3
24 3197279 493 8 7 18
25 3379164 510 6 2 40
26 3445954 516 8 3 12
27 3619153 555 0 8 7
28 3742835 569 9 6 87
29 3814618 587 2 1 6
30 3974572 612 5 9 1
31 4088191 626 2 3 6058
32 4131612 634 7 2 95
33 4197055 644 0 3 10
34 4368981 683 2 4 1277
35 4547860 695 4 1 41
36 4609400 702 4 0 1187
37 4633647 706 2 4 2
38 4655875 713 0 6 9483
39 4862408 741 9 4 33
40 4933370 751 1 1 15
41 5048986 778 0 1 279
42 5065514 787 4 4 18
43 5080618 798 4 3 11778
44 5429742 863 2 7 8
45 5614798 894 6 2 5
46 5650661 899 6 4 32
47 5703226 909 9 7 11407
48 5917310 930 8 3 15
49 6232449 967 1 2 15
