11 42 50
0 386043 17 0 9 5269
1 386043 17 3 5 16
2 860191 51 5 9 1
3 860191 51 9 1 15
4 2505731 160 0 4 19
5 2886727 202 3 3 146
6 3085749 229 6 8 118
7 3148784 230 0 0 2
8 3270975 233 4 8 5
9 4040042 287 10 7 807
10 4341344 303 4 7 3
11 4570906 317 1 4 32
12 4575025 318 2 7 11
13 4679276 328 8 5 297
14 4698436 330 0 7 67
15 4714146 335 1 9 28
16 4818186 340 0 0 20
17 5742175 413 9 4 9414
18 5746641 415 6 1 12637
19 5997446 428 5 10 4
20 6102316 430 9 10 15
21 7069335 475 9 9 5
22 7069335 475 0 9 5
23 7069335 475 1 2 13
24 7403509 498 9 1 319
25 7420667 499 7 10 10
26 7556330 507 7 6 7
27 7603120 510 7 5 3
28 8143096 555 0 10 5
29 8280281 561 2 10 28
30 8942788 612 5 5 360
31 9137408 616 10 4 1
32 9443374 644 5 3 10
33 9830207 683 3 2 4582
34 10232685 695 8 2 793
35 10580282 718 8 5 263
36 10580282 718 8 9 31
37 11148312 755 9 10 2193
38 11316768 770 1 5 68
39 11726435 822 7 10 1
40 11726435 822 4 8 239
41 12756980 903 1 2 22
42 12918465 921 8 1 88
43 13187300 929 2 7 2
44 13187300 929 6 5 227
45 13428321 931 10 5 349
46 13753213 941 10 1 288
47 13753213 941 4 1 192
48 13812720 954 6 9 78
49 13851853 959 10 4 73
