11 45 50
0 457690 68 3 4 3
1 948996 137 2 10 890
2 1158960 170 3 9 3937
3 1176380 175 5 6 13
4 1200964 181 9 0 206
5 1212649 187 9 1 15
6 1371444 229 6 9 74
7 1371444 229 6 4 17
8 1543209 241 7 2 3905
9 1795574 287 4 5 2
10 1831852 291 6 0 3
11 1888020 298 1 6 844
12 1929486 303 4 0 158
13 2337046 390 7 0 14
14 2337046 390 10 3 596
15 2480021 407 2 0 54
16 2480021 407 2 8 611
17 2526698 409 2 3 3
18 2552077 413 2 7 32
19 2552077 413 9 7 32
20 2734471 443 6 7 3945
21 3012165 472 9 0 7
22 3043840 473 1 10 3
23 3290448 498 1 10 13
24 3619153 555 4 6 47
25 3781875 577 0 0 2339
26 3865996 602 8 4 906
27 3878647 606 10 1 70
28 4197055 644 9 3 64
29 4197055 644 2 8 1817
30 4220890 668 5 4 33132
31 4287801 671 5 2 6
32 4547860 695 0 6 38
33 4609400 702 4 1 5
34 4630183 703 2 6 38
35 4885119 750 9 3 49
36 4942247 752 8 8 21
37 5029446 769 5 3 363
38 5036346 773 10 10 34
39 5084042 802 4 0 8
40 5091749 804 4 8 8560
41 5288178 823 2 6 282
42 5481555 864 10 7 1
43 5657256 901 0 3 1484
44 5669769 903 1 7 111
45 5675927 905 3 8 95
46 5711810 912 8 1 71
47 6001779 932 2 3 3
48 6156379 959 10 9 43
49 6232449 967 1 4 29
