11 44 50
0 57496 3 5 10 935
1 485307 59 5 8 15
2 601635 75 0 0 5
3 691723 84 7 5 716
4 945206 120 0 7 124
5 948394 123 10 10 32
6 1462007 205 3 2 11780
7 1472768 209 4 5 39
8 1491198 213 8 4 106
9 1635487 233 5 4 5766
10 1853267 262 9 1 30
11 1900616 282 8 6 237
12 1900803 284 7 1 30
13 2124023 298 9 7 60
14 2124023 298 1 10 121
15 2291386 322 7 5 121
16 2513358 370 4 8 3
17 2517626 373 6 3 66
18 2518420 375 9 0 228
19 2882033 420 9 10 64
20 2998723 428 2 5 822
21 2998723 428 2 6 1
22 3051158 430 8 6 190
23 3534667 475 2 4 8
24 3701754 498 5 2 9
25 3701754 498 8 8 514
26 3701754 498 1 7 14
27 3801560 510 7 8 7
28 3924063 542 1 7 28344
29 4210690 569 1 8 8
30 4721687 644 2 1 20
31 5470210 741 10 7 2
32 5470210 741 5 6 5
33 5598043 761 8 5 91
34 5703634 791 8 1 1
35 5752273 817 8 3 1577
36 5863217 822 2 5 26
37 5949200 823 9 5 599
38 6049594 844 7 9 283
39 6166749 864 8 4 5
40 6166749 864 0 4 17
41 6182341 871 10 9 7
42 6260893 886 8 1 11
43 6656973 930 7 1 14
44 6714160 931 7 5 2443
45 6876606 941 0 9 1305
46 6890585 948 0 7 18
47 7011505 967 1 8 44
48 7024791 971 10 8 30
49 7090681 993 4 10 91
