11 44 50
0 13391 0 1 10 471
1 237045 29 2 2 8778
2 292801 49 5 3 10203
3 484170 72 6 7 60
4 541343 77 9 4 42
5 699619 99 0 5 5
6 699619 99 9 10 3070
7 699619 99 0 8 1
8 763240 102 7 9 9
9 763240 102 0 1 3
10 948996 137 3 1 38
11 978339 146 3 4 5
12 1399459 230 8 9 29
13 1543209 241 4 7 12
14 1647348 262 0 5 2
15 1674954 271 7 7 34
16 1831852 291 1 2 3435
17 1831852 291 4 1 128
18 2200541 367 6 10 6
19 2238596 375 9 0 228
20 2256678 380 10 0 984
21 2526698 409 2 3 3
22 2712140 430 3 1 3154
23 2729634 440 6 10 20
24 2729634 440 5 0 14
25 2842647 461 1 2 11
26 3290448 498 2 1 17
27 3358369 507 2 2 28
28 3496906 547 4 5 7822
29 3654133 556 10 3 92
30 3662155 557 3 5 64
31 3827192 591 8 10 2
32 4061070 616 7 4 1
33 4287801 671 5 1 715
34 4315825 681 6 5 12
35 4384700 689 9 10 4
36 4411940 690 4 1 1
37 4576113 698 2 5 3
38 4765539 732 4 9 138
39 5065514 787 8 4 6
40 5070706 794 4 6 74
41 5080618 798 4 10 193
42 5488378 870 7 3 46
43 5703226 909 9 6 8913
44 5861022 929 1 6 54
45 5861022 929 0 6 54
46 6022403 940 0 2 131
47 6232449 967 0 8 44
48 6316768 994 6 1 1
49 6322459 997 0 3 22
