11 42 50
0 65710 3 10 0 2396
1 220596 17 5 5 16
2 220596 17 1 8 1
3 258936 21 4 8 86
4 258936 21 3 10 68
5 264182 23 8 10 4218
6 333713 37 4 10 4
7 388488 50 2 0 44
8 491538 51 5 0 10
9 790540 84 10 4 10
10 811912 89 7 6 1461
11 1077912 118 5 7 55
12 1088517 125 0 2 16
13 1732441 226 3 9 222
14 1763285 229 6 0 10
15 2172133 282 8 2 74
16 2515883 305 4 7 38
17 2693798 335 1 3 1
18 2703425 337 4 5 11902
19 3427112 428 3 6 1
20 3487038 430 5 7 17
21 3494346 434 3 2 37
22 3806414 466 3 10 2
23 3872784 472 9 0 7
24 4102788 489 8 8 98
25 4230576 498 9 1 319
26 4317903 507 9 2 5
27 4653197 555 8 4 829
28 4721280 558 1 5 72
29 4753631 563 10 9 33
30 5110164 612 7 8 8
31 5110164 612 3 9 1
32 5221376 616 10 6 36
33 5617261 683 5 2 1527
34 5672494 690 4 9 17
35 5899895 701 9 2 76
36 5926372 702 0 9 6
37 6127121 732 7 0 1
38 6799086 823 9 4 7107
39 6799086 823 1 0 8
40 6884926 834 7 9 2
41 7219027 894 4 8 1
42 7535600 929 1 10 2
43 7607970 930 0 6 26
44 7607970 930 10 9 71
45 7858979 941 10 5 13
46 7858979 941 10 1 288
47 7858979 941 2 7 1
48 8013149 967 7 2 30
49 8013149 967 5 7 486
