11 44 50
0 30129 0 1 9 151
1 386043 17 5 8 30
2 679854 50 1 8 12
3 1021963 66 0 2 233
4 1062339 70 4 8 43
5 1203271 75 6 8 68
6 1203271 75 2 4 1
7 1574144 99 0 5 5
8 2209639 148 1 10 43
9 2358189 154 6 7 3210
10 2555843 162 7 6 44
11 3022372 224 3 5 91
12 3472220 241 9 1 6
13 3801232 282 8 4 326
14 4040042 287 7 7 807
15 4196492 292 7 0 6
16 4765647 339 4 7 15
17 5077526 380 10 10 14
18 5457596 395 5 4 1
19 5580048 407 2 6 71
20 5746641 415 6 1 12637
21 5997446 428 6 8 7
22 6102316 430 10 2 18
23 6724143 467 2 3 1
24 6741414 468 7 7 38
25 7069335 475 2 5 2
26 7069335 475 7 10 5
27 7179879 489 2 5 94
28 7421122 500 3 0 227
29 7917009 551 1 9 9759
30 8335120 565 1 10 1219
31 8442509 575 0 8 15
32 9137408 616 0 6 72
33 9137408 616 9 8 1
34 9443374 644 1 8 1817
35 9448699 646 2 9 12
36 10371151 702 4 3 13
37 10417913 703 9 6 38
38 10990052 749 4 9 1
39 11343946 776 6 10 137
40 11726435 822 3 0 7
41 11726435 822 10 1 1
42 11726435 822 6 6 4
43 11898401 823 5 7 751
44 12521786 886 7 2 41
45 12521786 886 7 0 14
46 12969602 926 7 3 71
47 13504003 932 0 10 23
48 13753213 941 6 8 1
49 14023011 967 4 6 6161
