11 42 50
0 270316 5 9 8 2075
1 420395 9 1 7 39
2 772087 17 0 8 1
3 805574 18 1 0 61
4 2124678 70 4 8 43
5 2766893 84 3 8 1
6 3148288 99 7 7 12
7 5749980 199 7 0 72
8 5953770 210 5 3 7
9 6651505 237 10 2 55
10 8243337 291 0 2 3435
11 8243337 291 5 0 3
12 8392985 292 0 8 218
13 8392985 292 7 8 218
14 8805591 305 4 7 38
15 9461988 337 4 2 67
16 10516710 390 3 9 174
17 10516710 390 10 3 596
18 12550326 457 6 4 33
19 13322449 466 0 0 7
20 13448287 467 4 0 1291
21 13448287 467 6 0 430
22 13519477 471 4 10 7385
23 14138670 475 10 0 1
24 14138670 475 5 4 1
25 14138670 475 7 10 5
26 14240936 482 4 2 222
27 14841335 499 7 8 324
28 15206240 510 6 6 71
29 16670241 565 1 5 19648
30 17885576 612 6 7 2539
31 18274816 616 10 4 1
32 18447515 628 1 6 127
33 18447515 628 1 3 228
34 21880840 741 5 6 5
35 22534914 766 8 7 39
36 22826415 797 3 10 18
37 23452871 822 6 1 1
38 23967621 830 0 5 5
39 24324967 857 9 4 62
40 25043572 886 4 5 25
41 25266595 894 5 9 71
42 25389323 897 0 6 1763
43 25541673 905 4 8 95
44 25939204 926 7 2 58
45 26374600 929 3 6 109
46 27008006 932 3 0 2
47 27008006 932 7 1 6232
48 27506426 941 3 5 13
49 28224896 975 6 8 1
