11 44 50
0 393441 13 6 4 340
1 778664 37 3 0 25
2 1844595 84 6 4 5
3 2428239 110 3 6 59
4 2463398 116 2 4 113
5 3407790 162 8 10 5
6 4114332 229 2 6 55
7 4114332 229 2 5 133
8 4648140 246 10 0 30
9 5386722 287 4 10 7
10 5386722 287 7 0 74
11 5386722 287 9 9 1
12 5495558 291 3 6 409
13 6307992 337 4 0 12758
14 6309403 338 7 5 18
15 6424248 340 7 9 15
16 6516865 356 6 0 96
17 6770035 380 10 1 100
18 7996594 428 4 7 1
19 8136422 430 10 2 18
20 8136422 430 5 7 17
21 8527943 461 7 6 614
22 8881632 466 0 5 6
23 9036497 472 3 0 7
24 9425780 475 8 7 4
25 9425780 475 7 3 1
26 9457492 477 2 0 196
27 9490414 480 4 8 89
28 9871346 498 6 9 1
29 10303694 513 3 6 80
30 10490720 547 4 10 15
31 10857461 555 1 6 23
32 10857461 555 0 2 876
33 11461376 588 4 9 111
34 11489927 594 0 5 74
35 12591165 644 10 1 6
36 12924190 678 6 6 409
37 14587226 741 4 2 9
38 14800111 751 6 9 15
39 15146960 778 5 1 279
40 15241854 798 4 3 11778
41 15978414 830 8 2 21
42 16031133 833 7 6 12731
43 16568271 881 5 2 2247
44 16569131 882 9 2 223
45 17162244 913 4 2 19
46 17583066 929 6 5 227
47 17751930 930 6 2 7
48 17904428 931 10 5 349
49 18732776 971 10 8 30
