11 42 50
0 590162 13 1 4 340
1 1308109 45 6 6 1063
2 2766893 84 6 0 15
3 2766893 84 2 5 71
4 3434582 102 3 9 9
5 3624880 108 4 0 226
6 3730696 117 0 5 160
7 4270483 137 10 4 896
8 5161606 166 10 4 13
9 6944440 241 1 1 18
10 7603215 284 7 1 30
11 8682688 303 2 2 1892
12 8785709 304 2 8 40
13 9161724 320 5 0 8093
14 9226451 324 5 10 48
15 9531294 339 9 3 1290
16 10155053 380 10 6 315
17 10603884 392 3 9 3
18 11370141 409 1 2 11
19 11487602 414 7 9 40
20 12283357 440 4 2 100
21 12550326 457 1 0 25
22 15455542 513 0 6 80
23 15539834 526 3 2 56
24 16286192 555 6 1 191
25 17041102 580 0 8 233
26 17885576 612 0 8 8
27 18592255 634 7 1 38
28 19660415 683 7 8 11
29 21160564 718 0 5 87
30 21444926 732 4 6 4
31 21880840 741 8 5 28
32 22749087 780 9 5 34
33 22862782 798 4 10 193
34 23452871 822 8 9 9
35 23452871 822 7 10 1
36 23452871 822 1 7 276
37 23905806 825 5 0 3
38 24324967 857 9 8 57
39 24666998 864 10 1 14
40 25043572 886 2 7 4
41 26374600 929 1 0 2
42 26374600 929 7 0 2
43 27506426 941 3 10 18
44 27506426 941 0 10 18
45 27506426 941 10 6 10
46 27506426 941 0 6 34
47 27562342 948 8 4 5
48 28046022 967 5 8 44
49 28046022 967 4 9 9
