11 45 50
0 2766893 84 2 3 4
1 2772440 87 5 7 210
2 3148288 99 7 4 28
3 3148288 99 7 6 5
4 3434582 102 10 1 3
5 3730696 117 0 7 29
6 3780824 120 9 7 124
7 3893558 127 0 0 130
8 4340995 143 0 10 7810
9 4716379 154 5 0 2
10 5011463 160 5 7 1
11 5749980 199 7 0 72
12 6171498 229 6 8 118
13 6651505 237 4 8 53
14 6972210 246 7 0 7
15 8682688 303 4 0 158
16 9141812 317 3 8 167
17 10272187 388 7 2 3
18 10516710 390 0 0 14
19 10915192 395 6 5 177
20 10936612 396 3 1 405
21 12550326 457 1 5 64
22 14807019 498 6 5 175
23 15112661 507 9 8 13
24 15112661 507 2 5 199
25 16637708 563 10 6 1067
26 17115063 582 4 2 114
27 18907378 650 0 10 58
28 19295107 671 3 1 4531
29 19958651 692 7 7 181
30 20465371 695 7 9 429
31 20465371 695 8 7 8
32 20465371 695 5 10 1
33 20845847 705 5 5 263
34 21160564 718 5 0 1
35 21444926 732 5 3 31
36 22200166 751 5 0 23
37 22200166 751 2 5 25
38 23452871 822 10 0 1
39 23905806 825 1 8 63
40 24097242 834 7 9 2
41 24244303 846 5 8 80
42 24789318 874 2 2 46
43 25077363 888 10 2 136
44 25266595 894 6 7 54
45 25824786 919 2 1 1
46 25939204 926 7 0 37
47 27506426 941 9 6 8
48 27625440 954 6 9 78
49 28046022 967 7 4 14
