11 45 50
0 147540 13 10 1 1591
1 226569 21 4 4 22
2 308975 40 0 1 119
3 691723 84 6 9 6
4 858645 102 4 6 1
5 1067620 137 3 1 38
6 1252865 160 9 6 2
7 1252865 160 4 6 5
8 1382195 194 5 3 4
9 1458900 203 8 1 5
10 1784206 261 2 6 94
11 1891722 281 1 7 651
12 1910544 285 4 6 319
13 2170672 303 8 9 204
14 2313701 327 1 3 3434
15 2409093 340 9 0 40
16 2513358 370 5 10 11
17 2513358 370 8 8 3
18 2516955 371 1 8 116
19 2871087 413 9 0 144
20 2871900 414 7 9 40
21 2877112 419 3 8 77
22 2905208 424 7 2 215
23 2998723 428 6 2 1
24 3137581 457 8 7 1
25 3157430 460 1 6 9
26 3330612 466 6 9 4
27 3534667 475 4 8 2
28 3534667 475 5 5 15
29 3701754 498 0 10 13
30 3778165 507 1 0 6
31 3866040 515 10 1 15
32 4071548 555 3 1 95
33 4823776 671 4 2 13
34 4823776 671 0 8 5
35 4846731 679 10 7 6010
36 5185575 702 3 3 1
37 5208956 703 2 0 74
38 5633728 766 8 7 39
39 5735257 807 2 10 55
40 5863217 822 7 8 479
41 5949200 823 2 6 282
42 5976451 825 1 1 19
43 6166749 864 9 5 15
44 6166749 864 1 8 226
45 6166911 865 4 2 165
46 6273411 891 2 8 118
47 6316648 894 9 3 12
48 6752001 932 9 10 23
49 6876606 941 6 9 2610
