11 47 50
0 257362 17 0 2 526
1 647077 59 1 3 5
2 659074 61 10 2 24
3 681309 66 0 4 60
4 1467509 146 8 8 999
5 1670487 160 7 3 137
6 2230980 239 7 1 18
7 2314813 241 9 4 28
8 2314813 241 7 9 1226
9 2324070 246 7 0 7
10 3075483 324 0 10 24
11 3212124 340 0 2 3
12 3317303 369 3 9 224
13 3385017 380 10 0 984
14 3692224 402 2 10 13
15 3790047 409 6 0 528
16 3828116 413 9 8 10548
17 4094452 440 6 10 20
18 4110367 445 8 6 2
19 4440816 466 2 9 28
20 4497076 469 6 4 541
21 4712890 475 2 4 8
22 4935673 498 8 8 514
23 5037553 507 6 1 1
24 5068746 510 6 10 29
25 5174961 522 4 9 174
26 5428730 555 4 8 7
27 5428730 555 2 7 3
28 5614253 569 8 5 1
29 5817971 606 10 10 996
30 6319828 661 6 0 13
31 6451736 675 2 5 29
32 6553471 683 5 5 82
33 6821790 695 7 3 4
34 6883211 701 3 9 1
35 7053521 718 2 9 31
36 7053521 718 1 5 87
37 7091971 724 6 4 24
38 7149013 733 9 8 3956
39 7400055 751 10 3 242
40 7676855 821 7 9 36
41 7932267 823 9 5 599
42 8222332 864 0 0 7236
43 8274576 878 9 6 46
44 8458654 896 4 9 10
45 8542490 907 4 7 6019
46 8875965 930 1 5 22
47 9190995 949 6 4 3132
48 9234568 959 10 8 1670
49 9435479 987 9 9 42
