11 45 50
0 13391 0 9 4 103
1 93421 9 4 2 98
2 290691 45 5 6 2127
3 302157 50 7 10 526
4 382912 52 9 4 249
5 846372 124 2 3 7
6 964665 143 0 7 238
7 1048084 154 4 6 460
8 1113658 160 3 5 46
9 1371444 229 0 0 10
10 1478112 237 4 2 27
11 1543209 241 9 10 1014
12 1647348 262 9 0 19
13 1888020 298 1 8 2839
14 1956798 305 6 7 116
15 2056623 327 1 3 3434
16 2118065 339 0 5 190
17 2337046 390 9 1 110
18 2356418 392 3 0 19
19 2712140 430 2 8 2
20 2712140 430 3 8 1
21 2960544 466 5 7 1
22 2988508 467 1 8 7
23 3141926 475 10 4 2
24 3191057 489 8 4 48
25 3290448 498 3 9 1
26 3290448 498 3 4 50
27 3488056 542 1 10 78241
28 3505972 550 6 6 6
29 3780889 576 10 0 51
30 4061070 616 5 9 14
31 4213219 661 7 0 13
32 4315825 681 5 4 1319
33 4576113 698 2 2 153
34 4609400 702 3 6 22
35 4702347 718 5 7 5
36 4933370 751 0 7 3
37 5091749 804 4 0 117
38 5211749 822 1 3 3
39 5211749 822 5 5 26
40 5211749 822 7 7 691
41 5422112 861 3 4 112
42 5738841 919 6 1 1
43 5917310 930 5 1 43
44 6001779 932 0 2 1805
45 6001779 932 0 10 23
46 6112539 941 8 0 5
47 6116832 947 10 10 71
48 6169416 965 9 8 9024
49 6269568 973 0 9 112
