11 44 50
0 540632 5 9 8 2075
1 5533786 84 10 9 1
2 7284718 110 3 3 4665
3 7561649 120 9 7 124
4 10022927 160 2 0 11
5 10022927 160 8 1 17
6 10479857 172 4 10 18
7 10775582 177 3 0 359
8 11671207 203 7 1 21
9 12595136 230 8 2 48
10 13888881 241 7 10 1014
11 14014922 256 4 0 18
12 16160168 287 10 0 1
13 17630269 307 4 4 476
14 18452902 324 3 10 24
15 19062589 339 10 7 31
16 19782263 366 0 2 23
17 21830385 395 2 6 54
18 21873225 396 3 1 405
19 22740283 409 6 0 528
20 23989784 428 7 2 2
21 25100653 457 2 0 8
22 28439657 479 5 9 1
23 29614038 498 6 3 1
24 32572384 555 3 2 876
25 36549632 616 8 1 1
26 36699402 625 7 0 104
27 37773497 644 4 10 1
28 38710416 675 2 6 44
29 40930743 695 5 0 21
30 42321128 718 3 8 2911
31 42889853 732 7 0 1
32 43261114 739 10 10 132
33 45725564 798 4 1 2953
34 46905743 822 9 7 138
35 46905743 822 6 3 1
36 48725055 859 6 0 3051
37 49458730 871 10 9 7
38 49578636 874 2 1 40
39 51027923 903 1 9 9
40 51580208 918 1 8 100
41 53255791 930 5 8 309
42 55012853 941 8 4 11
43 55012853 941 1 4 1
44 55012853 941 3 6 2
45 55012853 941 0 0 5
46 55145972 949 6 4 3132
47 55412905 960 7 1 1039
48 56092044 967 0 8 44
49 56092044 967 5 2 15
