11 41 50
0 20086 0 1 7 23
1 573461 51 5 5 8
2 802181 75 0 5 115
3 802181 75 7 9 1
4 929452 88 1 6 30
5 1572126 154 9 5 69
6 1670487 160 5 2 210
7 1848171 197 1 1 1245
8 1924485 202 3 8 120
9 2102531 231 0 6 2
10 2314813 241 6 10 8112
11 2378464 259 5 3 1246
12 2378464 259 4 0 14
13 2471022 262 3 5 2
14 2693361 287 3 9 1
15 2747779 291 4 5 25
16 2797661 292 4 10 1
17 3119517 328 7 8 44
18 3132290 330 0 6 47
19 3177098 339 5 10 8843
20 3317303 369 1 7 2
21 3505570 390 9 8 2301
22 3505570 390 6 6 114
23 3692224 402 9 9 42
24 3790047 409 8 3 1
25 3793314 410 6 3 1
26 3998297 428 8 1 7352
27 3998297 428 1 10 12
28 4565760 473 1 2 15
29 4935673 498 1 2 56
30 5798994 602 6 9 19
31 5961858 612 6 5 240
32 5961858 612 1 7 2539
33 6091605 616 6 7 5205
34 6295582 644 7 6 1
35 6295582 644 3 1 748
36 6652883 692 2 5 10
37 6664182 693 8 2 61
38 7296130 743 2 8 31
39 7817623 822 7 4 1
40 7817623 822 5 0 16
41 7817623 822 2 0 1
42 8347857 886 3 0 14
43 8485884 901 9 2 30
44 8608262 919 7 1 9
45 8875965 930 7 10 683
46 9168808 941 2 3 1
47 9168808 941 0 10 18
48 9348674 967 4 7 243
49 9420832 979 6 8 3805
