11 40 50
0 295081 13 1 9 30152
1 453139 21 4 7 86
2 547833 31 3 6 1
3 1574144 99 7 9 42
4 2358189 154 2 0 2
5 2358189 154 0 6 115
6 2505731 160 9 10 57
7 2619964 172 4 2 54
8 2713151 184 0 5 54
9 2718715 186 8 0 11839
10 3148784 230 0 8 16
11 3346470 239 2 1 9
12 3567696 259 2 7 25
13 4040042 287 3 0 5
14 4040042 287 0 5 17
15 4040042 287 0 6 24
16 4121668 291 3 6 409
17 4570906 317 7 1 42
18 4765647 339 7 5 95
19 4827657 343 6 4 129
20 5742175 413 9 3 3
21 6661224 466 9 3 1801
22 7403509 498 0 4 50
23 7556330 507 2 9 7
24 7727771 513 8 3 5
25 7727771 513 8 8 1009
26 7727771 513 8 1 5
27 8143096 555 5 6 23
28 8280281 561 2 10 28
29 8507001 576 0 4 74
30 8638954 601 6 10 6424
31 8698491 602 6 10 509
32 8726957 606 10 9 101
33 8942788 612 4 5 120
34 8942788 612 3 4 26
35 8942788 612 0 6 1
36 9137408 616 3 3 62
37 9137408 616 2 2 1
38 9287615 633 5 9 17
39 9647553 671 6 2 6
40 9830207 683 1 6 20
41 9830207 683 3 0 1
42 9979325 692 10 0 2
43 10232685 695 0 8 1
44 11148312 755 9 1 352
45 12023349 833 7 1 62
46 12023349 833 7 7 1338
47 12633297 894 4 8 1
48 13538193 939 2 8 14263
49 13851853 959 10 4 73
