11 45 50
0 105098 9 7 10 1
1 193021 17 3 8 6
2 305883 39 6 5 20
3 430095 51 7 3 15
4 430776 52 9 4 249
5 601635 75 3 5 115
6 858645 102 0 8 14609
7 1085248 143 0 0 349
8 1252865 160 1 7 1
9 1491109 211 10 6 59
10 1579388 232 6 5 18
11 1876905 269 4 6 99
12 2020021 287 2 2 3
13 2170672 303 2 1 25
14 2170672 303 0 2 1892
15 2285453 317 6 0 4
16 2308180 325 9 9 165
17 2339638 328 6 5 594
18 2513358 370 5 5 5
19 2629177 390 2 4 27
20 2728798 395 6 4 94
21 2769168 402 9 10 117
22 2842535 409 2 1 542
23 2998723 428 0 0 9
24 2998723 428 8 7 1
25 3070839 440 5 10 4
26 3330612 466 2 2 50
27 3330612 466 4 7 1
28 3362071 467 2 7 5
29 3424320 473 3 5 204
30 3534667 475 10 9 10
31 3546559 477 2 10 99647
32 3599602 497 9 7 51
33 3701754 498 9 4 50
34 3701754 498 2 3 1
35 3877475 518 9 8 52
36 4071548 555 7 9 2
37 4119925 557 3 8 1648
38 4726844 650 10 10 29
39 5116342 695 0 9 2791
40 5116342 695 10 3 35
41 5589448 757 8 5 578
42 5633728 766 1 6 172
43 5728218 804 4 4 621
44 5949200 823 2 5 1797
45 5991905 830 3 2 42
46 6090631 859 6 8 506
47 6752001 932 9 0 2
48 6907345 955 7 4 6343
49 7011505 967 1 8 44
