11 42 50
0 120519 0 9 5 6
1 1544175 17 2 5 100
2 2133408 29 2 1 11
3 2133408 29 2 2 8778
4 2545999 41 10 6 244
5 3440766 51 8 3 15
6 3460870 54 9 10 4501
7 6296576 99 9 2 19
8 6869164 102 3 2 1451
9 9432758 154 10 0 2
10 9432758 154 0 8 196
11 10022927 160 10 8 306
12 11929590 213 8 4 106
13 12595136 230 0 10 8
14 13083901 233 6 3 5
15 14826136 262 8 9 15
16 16833218 295 5 4 1
17 18283624 317 8 7 2009
18 18856587 335 1 5 7886
19 18856587 335 1 10 1509
20 19272744 340 8 3 126
21 19528936 353 0 1 6
22 22320194 407 2 5 310
23 24409266 430 3 2 18
24 25100653 457 1 0 25
25 25583830 461 0 7 1
26 25583830 461 1 6 122
27 26644898 466 5 1 2
28 26644898 466 5 3 3602
29 28719518 489 9 8 8
30 30225322 507 3 9 21
31 30911084 513 7 7 11
32 30911084 513 4 10 102
33 32572384 555 6 6 23
34 32572384 555 7 7 3
35 32572384 555 0 0 1
36 33725598 573 2 5 6
37 36813518 627 1 4 258
38 39985096 693 8 0 109
39 40930743 695 0 0 42
40 41484605 702 4 9 6
41 43966072 750 9 3 49
42 45263667 768 0 6 37
43 48355222 842 1 9 9530
44 49712303 884 0 6 33
45 51254942 907 2 7 3009
46 52749200 929 8 6 272
47 53713284 931 10 2 1607
48 55012853 941 4 8 1
49 56092044 967 5 8 44
