11 36 50
0 280263 9 4 0 7
1 280263 9 7 10 1
2 778664 37 6 0 25
3 1294154 59 5 1 22
4 1362618 66 0 6 59
5 1362637 67 1 7 10
6 1844595 84 10 3 8
7 1844595 84 10 0 7
8 2463398 116 2 1 6
9 2846988 137 7 3 9
10 3144252 154 8 0 6
11 3144252 154 7 0 21
12 3144252 154 0 1 5
13 3833320 199 7 0 72
14 5386722 287 10 1 3
15 5386722 287 0 9 1
16 5857139 304 2 4 11
17 7069256 392 5 5 1283
18 7685423 420 7 10 64
19 8881632 466 5 3 3602
20 8881632 466 3 9 4
21 8881632 466 5 5 1
22 8965524 467 6 0 430
23 8965524 467 1 8 7
24 9479885 479 0 9 1
25 9894223 499 7 10 10
26 10082846 509 2 1 115
27 10303694 513 4 8 1009
28 10303694 513 8 1 5
29 11923717 612 1 2 897
30 12183210 616 7 8 3
31 12183210 616 9 8 1
32 12183210 616 10 5 1227
33 12863405 671 10 8 5
34 13106943 683 3 8 23
35 13643581 695 0 8 1
36 13643581 695 10 6 2
37 14587226 741 7 2 3
38 14800111 751 9 7 3
39 15937204 825 0 2 27
40 16162869 846 5 5 11850
41 16444665 864 9 4 5
42 16465135 870 8 10 22
43 16718242 888 10 3 87
44 17086434 908 1 0 165
45 17109679 909 9 7 11407
46 18337617 941 2 3 1
47 18337617 941 3 6 2
48 18337617 941 6 5 388
49 18497147 961 0 5 343
