11 44 50
0 258936 21 4 1 31
1 264353 24 7 4 6073
2 388488 50 1 4 745
3 687583 75 5 2 778
4 899510 99 0 5 5
5 1220138 137 8 6 2
6 1539368 177 3 1 25986
7 1900430 237 10 3 224
8 1984125 241 1 6 48
9 2038683 259 4 7 25
10 2160617 279 0 10 162
11 2397995 292 10 6 39
12 2611946 317 2 9 16
13 2819567 365 3 3 670
14 3248611 409 6 6 1
15 3307451 422 9 7 4
16 3427112 428 0 9 1
17 3487038 430 9 3 8
18 3487038 430 8 3 8
19 3501762 435 2 6 24
20 3585807 457 7 1 3
21 3590865 458 4 4 1978
22 3872784 472 6 0 14
23 3913966 474 4 9 211
24 4230576 498 4 1 17
25 4230576 498 5 2 9
26 4317903 507 6 1 1
27 4447799 530 3 10 50
28 4496022 547 4 2 327
29 4653197 555 4 3 202
30 5110164 612 7 7 5079
31 5270718 628 1 0 118
32 5847249 695 2 4 1
33 5847249 695 1 10 1
34 5847249 695 7 7 1
35 6045875 718 6 3 15
36 6127121 732 6 8 79
37 6251668 741 3 0 544
38 6354318 752 7 9 1
39 6491554 778 7 9 14
40 6700820 822 2 7 1244
41 6700820 822 1 6 4
42 6799086 823 10 10 1
43 6799086 823 1 7 1502
44 7088971 875 5 7 18
45 7289703 903 1 5 36
46 7607970 930 5 9 71
47 7673326 931 5 2 4823
48 7743090 940 0 9 5
49 8060874 973 0 0 2
