11 43 50
0 3440766 51 3 8 13
1 3954449 61 7 4 126
2 4374733 74 10 7 17
3 5533786 84 2 5 71
4 5683389 89 7 2 266
5 6296576 99 9 10 3070
6 6869164 102 1 7 2
7 6869164 102 9 2 967
8 7249761 108 5 3 13
9 7286257 111 4 0 2184
10 8079951 136 1 0 2006
11 8805059 146 3 4 5
12 9432758 154 5 2 498
13 11907540 210 10 3 1
14 12019486 219 4 5 7677
15 13083901 233 7 2 17
16 16160168 287 4 6 24
17 16160168 287 2 1 3
18 18283624 317 5 2 565
19 18283624 317 3 9 5
20 19272744 340 3 2 3
21 19272744 340 9 4 1
22 22740283 409 8 7 1
23 23989784 428 2 6 1
24 23989784 428 1 2 17
25 24409266 430 5 3 2
26 28277340 475 3 4 1
27 30911084 513 8 6 80
28 33725598 573 1 5 19
29 34448321 592 10 1 40
30 36549632 616 3 4 1
31 37773497 644 9 10 2
32 37773497 644 7 6 1
33 39320831 683 2 9 30
34 39707464 690 4 1 1
35 39707464 690 4 7 527
36 42488041 723 6 7 16
37 44400333 751 1 10 51
38 45725713 799 2 10 54
39 46905743 822 3 3 1
40 47611026 824 6 10 142
41 48355222 842 1 9 9530
42 48649934 857 9 4 62
43 49333997 864 8 8 113
44 50533190 894 4 3 12
45 50558594 895 5 9 36
46 50855950 899 6 2 250
47 52749200 929 8 1 1
48 53255791 930 4 7 10
49 55012853 941 2 2 5
