11 43 50
0 922297 84 3 10 6
1 1144860 102 2 4 4
2 1670487 160 4 10 11
3 1670487 160 1 9 48
4 1818973 187 4 2 24
5 1916304 198 8 5 1
6 2013798 223 2 7 68
7 2099189 230 3 4 78
8 2319680 244 2 1 1
9 2378464 259 6 3 623
10 2747779 291 4 5 25
11 2928569 304 2 9 58
12 3075483 324 1 5 7
13 3119517 328 6 9 2
14 3357352 374 7 10 23
15 3505570 390 5 10 1
16 3998297 428 7 7 1
17 4085389 435 0 6 24
18 4101706 443 6 0 121
19 4110367 445 8 6 2
20 4263971 461 0 2 5
21 4263971 461 6 9 85
22 4440816 466 5 0 7
23 4565760 473 0 3 14
24 4935673 498 3 3 1
25 5171687 519 5 10 44
26 5510198 559 1 0 608
27 5556747 565 1 7 39
28 5556747 565 1 1 233
29 5749359 595 5 9 1
30 5961858 612 5 7 2539
31 6191743 633 5 5 19724
32 6431702 671 7 2 19
33 6560537 687 10 2 32
34 6560537 687 5 8 7
35 6821790 695 1 3 4
36 6821790 695 1 8 1
37 7293613 741 8 5 28
38 7326701 749 9 7 41
39 7598272 787 6 4 33
40 7817623 822 0 9 1
41 8270466 875 2 7 9
42 8422198 894 10 3 6
43 8554839 909 9 0 5739
44 8649058 928 7 10 102
45 8791533 929 7 1 18
46 8791533 929 9 2 12
47 8952214 931 2 4 909
48 8952214 931 10 5 349
49 9187447 948 0 7 18
