11 45 50
0 772087 17 7 1 44
1 1720383 51 7 6 9
2 1941231 59 5 0 2
3 2406543 75 10 9 1
4 2436046 77 8 4 21
5 5011463 160 5 9 4
6 5111686 162 10 10 5
7 5158878 165 2 3 372
8 5748914 198 8 0 5
9 8080084 287 6 10 7
10 8080084 287 2 4 1
11 8785709 304 2 8 40
12 8849494 308 6 8 78
13 9141812 317 6 2 565
14 9358552 328 7 3 2
15 9951910 369 1 9 476
16 10936612 396 3 1 405
17 11076673 402 9 7 35
18 11370141 409 10 5 797
19 11994892 428 1 0 2
20 12204633 430 3 5 16
21 12256168 435 7 6 24
22 12305120 443 6 8 4
23 13322449 466 5 5 1
24 14874410 504 0 10 30
25 16443602 556 9 7 110
26 16842760 569 10 10 49
27 17036821 578 6 8 233
28 17885576 612 1 1 3
29 18336475 621 6 8 18
30 18449609 629 5 8 164
31 19295107 671 4 1 238
32 20465371 695 4 7 1
33 20465371 695 6 5 49
34 20949370 712 4 4 99
35 21980104 749 4 4 130
36 22749087 780 2 5 4
37 22951124 812 1 5 1916
38 23452871 822 6 0 4
39 23452871 822 9 3 1
40 23905806 825 7 8 63
41 25266595 894 4 2 5
42 25266595 894 7 7 1
43 25513961 903 1 2 22
44 25743366 913 6 2 19
45 25824786 919 0 1 1
46 25885722 924 1 6 1
47 26856642 931 3 9 2119
48 26856642 931 7 8 4
49 28425459 994 6 5 97
