11 46 50
0 1146922 51 5 4 15
1 1146922 51 0 8 6
2 1294154 59 1 7 13
3 1604362 75 0 1 591
4 1844595 84 10 3 8
5 2289721 102 9 3 11
6 2529051 123 10 10 32
7 2693317 136 1 10 32
8 3696342 197 1 1 1245
9 4009872 220 0 5 2340
10 4629627 241 6 8 1
11 4639361 244 4 1 1
12 4969932 265 1 3 69
13 5386722 287 10 2 3
14 5386722 287 0 4 1
15 5788459 303 1 1 75
16 6239035 328 5 8 267
17 6634606 369 3 3 18
18 7440064 407 2 9 3032
19 7996594 428 5 10 4
20 8136422 430 3 1 3154
21 8540842 464 9 0 17
22 8881632 466 4 6 4
23 8994152 469 6 1 4673
24 9131521 473 1 2 15
25 9425780 475 10 5 2
26 9519669 486 6 3 91
27 9595034 495 10 10 23
28 9871346 498 1 10 13
29 9871346 498 8 7 7
30 10384994 533 9 4 779
31 10465266 544 7 5 54
32 10962401 556 3 3 23
33 11228506 569 2 7 8
34 11228506 569 0 10 6
35 11461376 588 4 1 168
36 12183210 616 2 2 1
37 12224569 622 7 6 13081
38 12394837 634 7 10 105
39 13643581 695 1 9 214
40 14420371 739 10 2 39026
41 15146960 778 6 9 7
42 15635247 822 0 0 1
43 15864535 823 2 10 1
44 16077128 837 8 9 19
45 16951983 899 6 8 4891
46 17109679 909 9 10 26
47 17292803 926 7 4 65
48 17583066 929 9 6 381
49 18851505 980 10 10 306
