11 44 50
0 65710 3 9 8 18952
1 65710 3 5 6 284
2 168617 13 5 10 495
3 258936 21 3 7 129
4 981309 102 9 6 7
5 1035680 108 0 7 4
6 1088192 124 7 3 7
7 1347536 154 1 10 17
8 1460481 162 8 10 5
9 1642546 198 0 2 2
10 1642546 198 3 6 1002
11 1799305 230 3 8 33
12 1900430 237 4 2 27
13 1984125 241 4 9 1226
14 2118019 262 0 4 1
15 2636128 324 6 5 7
16 2934910 388 0 4 28
17 3029681 392 0 5 3851
18 3118626 395 6 9 17890
19 3325016 427 10 2 48
20 3427112 428 4 9 3
21 3842367 467 1 1 2
22 3872784 472 6 0 14
23 4039620 475 2 0 1
24 4230576 498 1 0 10
25 4970566 602 8 5 30
26 5281675 631 9 6 70
27 5512887 671 7 4 671
28 5548918 681 6 5 12
29 5847249 695 5 9 214
30 5926372 702 4 1 5
31 6045875 718 2 9 31
32 6127121 732 4 5 13
33 6342904 751 4 1 46
34 6355095 753 9 4 9625
35 6700820 822 8 0 1
36 6700820 822 0 5 26
37 7155306 886 10 3 12
38 7219027 894 7 5 4
39 7355247 913 7 2 19
40 7368601 918 1 8 100
41 7607970 930 8 2 7
42 7858979 941 8 4 11
43 7858979 941 9 9 2610
44 7858979 941 2 0 5
45 7858979 941 1 2 2
46 7874954 948 6 7 18
47 8013149 967 7 1 1476
48 8092385 991 9 10 233
49 8103636 993 4 9 48
