11 45 50
0 369854 23 5 10 4218
1 426681 29 2 2 8778
2 523944 46 5 10 186
3 2004585 160 1 2 210
4 2208620 192 3 7 6128
5 2783616 244 1 1 1
6 2987185 266 5 10 10
7 3024864 279 6 1 37
8 3232033 287 4 1 3
9 3297335 291 9 4 89
10 3473075 303 3 7 1
11 3656724 317 3 4 10
12 3690580 324 0 10 24
13 3980764 369 9 8 28
14 3980764 369 1 8 28
15 4206684 390 7 8 767
16 4206684 390 2 6 114
17 4593740 413 9 6 10095
18 4602035 417 6 2 58
19 4648333 424 7 0 119
20 4655022 427 10 2 48
21 4797956 428 10 3 14
22 4797956 428 2 5 822
23 4922048 443 6 3 83
24 5051888 460 1 6 9
25 5407791 471 5 10 923
26 5687931 479 5 9 1
27 5757020 495 10 10 23
28 6045064 507 4 0 6
29 7166954 613 3 3 19596
30 7309926 616 5 1 1
31 7554699 644 2 8 1817
32 7554699 644 0 3 10
33 7872645 687 0 8 15
34 8193861 697 2 1 77
35 8336102 704 9 6 3990
36 8387790 714 10 4 1126
37 8394767 717 9 7 35
38 8527009 727 2 5 14
39 8949353 759 10 3 11
40 9381148 822 0 6 4
41 9518721 823 8 3 9
42 9671044 842 1 5 143
43 10017428 886 9 9 1503
44 10017428 886 2 2 1476
45 10106638 894 10 3 6
46 10183061 901 9 2 30
47 10803202 932 3 9 4
48 11002570 941 10 6 10
49 11294169 977 2 2 5970
