11 47 50
0 220596 17 9 9 658
1 698171 78 6 1 47
2 834654 94 9 5 756
3 1272505 150 2 4 17932
4 1347536 154 6 7 3210
5 1511060 174 6 2 19
6 1539368 177 0 1 12993
7 1701077 210 5 3 7
8 1718516 220 0 5 2340
9 1799305 230 0 5 11
10 1869128 233 8 5 9
11 1900430 237 10 10 82
12 1984125 241 7 10 1014
13 1992060 246 10 0 30
14 2038683 259 2 7 25
15 2308595 287 1 8 5
16 2355239 291 4 1 128
17 2673872 328 4 3 1
18 2774628 349 6 6 8522
19 2826037 366 7 2 23
20 3248611 409 10 7 1
21 3281243 413 2 6 214
22 3427112 428 1 7 1
23 3487038 430 4 1 7361
24 3509530 440 4 10 4
25 4039620 475 4 3 1
26 4113831 497 9 7 51
27 4230576 498 5 7 14
28 4230576 498 7 4 50
29 4317903 507 7 2 5
30 4465703 537 7 10 11
31 4653197 555 4 6 47
32 4653197 555 0 5 3
33 4653197 555 8 7 7
34 5110164 612 6 9 3
35 5221376 616 7 1 1
36 5312073 634 7 9 19581
37 5396213 644 2 8 1817
38 5426858 668 5 9 34
39 5512887 671 1 5 30
40 5530059 675 2 7 2702
41 5883575 698 10 4 89
42 5926372 702 4 8 11
43 6127121 732 4 9 138
44 6251668 741 1 4 3198
45 6799086 823 5 7 751
46 7047713 864 6 6 17
47 7219027 894 3 3 6
48 7607970 930 1 9 71
49 7858979 941 6 8 1
