11 46 50
0 840790 9 7 8 2
1 1544175 17 7 7 2
2 2133408 29 10 10 175
3 2719417 50 2 3 14
4 5535423 85 9 6 404
5 5683389 89 7 0 56
6 6869164 102 9 10 21
7 8907536 150 2 4 17932
8 8917110 151 3 9 3
9 10022927 160 1 6 2
10 12134308 228 9 2 15
11 15015241 269 4 4 68
12 16160168 287 3 7 807
13 16785971 292 5 0 6
14 17365377 303 9 6 1193
15 18452902 324 1 5 7
16 19062589 339 10 7 31
17 19272744 340 7 1 11
18 21033420 390 1 3 298
19 23989784 428 3 7 97
20 25583830 461 0 7 1
21 28277340 475 9 2 6
22 28277340 475 5 7 9
23 28608066 487 5 3 3411
24 29614038 498 3 0 10
25 30225322 507 5 1 2
26 30225322 507 0 3 2
27 33340482 565 1 1 233
28 34230126 582 4 5 179
29 35771153 612 8 1 13
30 35771153 612 5 6 1
31 36672950 621 2 8 37
32 36971727 631 5 6 491
33 37773497 644 8 4 4530
34 39985096 693 8 2 61
35 40930743 695 5 4 1
36 40930743 695 8 6 145
37 42321128 718 1 5 87
38 43761680 741 1 1 989
39 44400333 751 10 2 15409
40 45069829 766 0 10 30
41 45388860 777 1 6 75
42 45825747 804 4 10 98
43 47811612 825 1 1 19
44 51549875 916 7 3 49
45 51695741 923 10 7 1223
46 52749200 929 0 9 8
47 53255791 930 3 4 7804
48 55012853 941 2 6 5
49 56092044 967 6 10 27
