11 42 50
0 91994 3 10 3 252
1 308835 17 0 9 5269
2 426681 29 10 9 5
3 482130 38 7 1 190
4 509199 41 10 1 3192
5 688153 51 5 4 15
6 688153 51 10 3 15
7 776492 59 2 1 67
8 1259315 99 0 3 63
9 1461192 112 3 1 5
10 1708193 137 2 10 890
11 2117949 176 6 9 8
12 2299565 198 7 4 2
13 2299565 198 0 1 4
14 2309382 202 3 3 146
15 2519027 230 3 9 29
16 2777776 241 1 3 1
17 2794078 250 3 9 15
18 2965227 262 9 0 19
19 2965227 262 4 4 12
20 3232033 287 5 10 7
21 3297335 291 0 1 128
22 3297335 291 6 6 409
23 3690580 324 5 10 48
24 3771317 335 1 4 11349
25 3854548 340 6 9 153
26 4377746 398 3 9 12
27 4548056 409 10 1 542
28 4548056 409 1 3 7
29 4886360 431 6 0 184
30 5116766 461 4 9 7
31 5379314 467 1 8 7
32 5655468 475 1 8 2
33 5674549 478 8 2 76
34 5687931 479 7 9 1
35 5922807 498 9 8 514
36 5922807 498 0 9 1
37 6182216 513 9 5 690
38 6986570 610 2 3 27
39 7002878 611 8 8 990
40 7864166 683 10 6 135
41 8186148 695 7 5 28
42 9381148 822 1 6 4
43 9940963 881 6 2 1685
44 10106638 894 10 9 35
45 10549840 929 4 4 2635
46 10651158 930 7 1 14
47 11002570 941 6 5 388
48 11002570 941 7 1 96
49 11002570 941 4 1 192
