11 47 50
0 30129 0 9 2 76
1 295081 13 5 10 495
2 611766 39 6 5 20
3 1029802 68 10 4 23
4 2019987 136 8 8 31
5 2505731 160 2 4 4
6 2982397 213 8 4 106
7 3020698 223 7 2 68
8 3472220 241 6 2 3905
9 3567696 259 7 0 14
10 3706534 262 9 1 30
11 4040042 287 7 8 5
12 4121668 291 0 2 3435
13 4121668 291 5 2 3435
14 4196492 292 8 1 1776
15 4256662 301 1 6 4864
16 4424747 308 6 7 58523
17 4570906 317 9 2 565
18 4855600 349 2 6 2272
19 5101245 387 5 9 1
20 5301942 392 1 4 854
21 5580048 407 2 3 139
22 5997446 428 5 9 3
23 6395957 461 6 6 122
24 7069335 475 10 7 4
25 7420667 499 7 10 10
26 7556330 507 0 4 1429
27 8221801 556 9 0 1
28 9287615 633 5 3 85
29 9331278 639 2 3 55
30 9647553 671 6 0 1
31 9833457 686 7 1 88
32 10232685 695 9 7 1
33 10232685 695 5 3 4
34 10475720 713 0 6 9483
35 10580282 718 0 7 5
36 10722463 732 4 6 4
37 10964257 744 5 8 302
38 11100083 751 7 4 13
39 11476404 813 10 8 83
40 11726435 822 9 1 1
41 12521786 886 5 4 25
42 12687981 896 4 2 38
43 12875907 914 4 3 171
44 13187300 929 8 2 21
45 13313947 930 0 6 26
46 13428321 931 3 3 124
47 13753213 941 10 9 1305
48 14023011 967 4 4 14
49 14023011 967 7 10 40
