11 42 50
0 280263 9 7 7 39
1 711136 29 10 10 175
2 906472 50 1 8 12
3 906472 50 10 8 1
4 1146922 51 3 3 15
5 1146922 51 8 9 1
6 1916565 91 6 2 2201
7 2416587 108 7 0 3619
8 2595705 127 0 10 2474
9 3476881 170 3 10 19
10 4205062 231 8 6 2
11 5386722 287 3 8 11
12 6094541 317 9 8 167
13 6634606 369 6 5 186
14 6702288 370 10 5 1
15 7276795 395 5 5 177
16 7685423 420 7 8 9
17 7996594 428 0 0 9
18 9131521 473 9 10 1
19 10137493 510 6 1 5
20 10517918 550 5 6 6
21 10962401 556 0 7 15
22 11671464 611 7 6 205
23 11923717 612 3 4 26
24 11923717 612 10 2 448
25 12224316 621 2 8 37
26 12608387 653 7 10 4838
27 12863405 671 10 10 4
28 12863405 671 4 6 8
29 12863405 671 10 1 238
30 13154100 689 8 4 318
31 13643581 695 7 9 429
32 13643581 695 8 10 1
33 14107042 718 0 1 39
34 14298027 733 9 8 3956
35 14653403 749 5 4 26
36 14905194 757 1 5 578
37 15241854 798 4 7 28
38 15635247 822 2 7 1244
39 15864535 823 2 0 8
40 16844396 894 6 3 6
41 16951983 899 6 4 32
42 17135432 912 8 1 71
43 17298117 928 0 10 51
44 17751930 930 1 5 22
45 18337617 941 1 6 5
46 18337617 941 1 9 2610
47 18697348 967 5 10 13
48 18697348 967 0 7 243
49 18950306 994 10 5 81
