11 45 50
0 15064 0 1 4 103
1 15064 0 9 5 6
2 57496 3 5 4 3213
3 339927 50 9 3 14
4 485307 59 5 7 26
5 691723 84 4 8 3
6 1104819 148 1 10 43
7 1113442 150 2 4 17932
8 1179094 154 10 4 91
9 1179094 154 3 7 1284
10 1252865 160 7 2 421
11 1382195 194 3 3 63
12 1458900 203 7 7 7494
13 1491188 212 2 6 14
14 1635487 233 4 8 5
15 1736110 241 7 9 1226
16 1736110 241 9 7 12
17 1736110 241 1 3 1
18 1853267 262 3 8 14
19 2124023 298 1 8 2839
20 2170672 303 2 0 2
21 2212373 308 6 0 160
22 2629177 390 0 0 14
23 2728798 395 5 7 3
24 2728798 395 4 9 2555
25 2842535 409 5 7 1
26 2875568 416 8 1 2
27 2905208 424 7 0 119
28 3197978 461 1 2 11
29 3330612 466 7 9 12
30 3546559 477 2 0 196
31 3589939 489 2 0 1571
32 3701754 498 1 7 14
33 3714998 503 1 1 6017
34 3881221 522 4 9 174
35 4071548 555 6 7 3
36 4216983 574 8 5 178
37 4363478 606 10 2 49
38 4621465 631 7 6 351
39 4721687 644 10 4 647
40 4920403 687 7 2 16
41 5116342 695 3 9 214
42 5290141 718 10 4 275
43 5598043 761 6 5 45
44 6166749 864 9 5 15
45 6260893 886 3 8 20
46 6385418 905 7 8 95
47 6714160 931 1 4 909
48 6876606 941 5 2 2
49 7053264 973 0 8 2624
