11 39 50
0 228187 12 3 2 8
1 658396 48 8 8 26
2 1383446 84 4 8 3
3 1383446 84 4 4 5
4 1460645 94 0 5 1513
5 1717291 102 7 10 21
6 1812440 108 6 5 8
7 1812440 108 8 4 17
8 1812440 108 0 6 7
9 2135241 137 5 2 21
10 2644355 174 5 4 18
11 2768926 196 9 4 86
12 2917801 203 8 6 48
13 3148784 230 8 4 78
14 3472220 241 6 1 6
15 4040042 287 0 3 11
16 4040042 287 2 5 6
17 4196492 292 2 6 13
18 4765647 339 9 3 1290
19 4833609 344 4 7 106
20 5026716 370 1 3 30
21 5258355 390 4 9 174
22 5457596 395 1 3 52
23 5485977 401 5 3 2385
24 5685070 409 10 7 1
25 6395957 461 8 10 1
26 7069335 475 0 10 10
27 7069335 475 2 9 5
28 7403509 498 1 0 10
29 7403509 498 4 1 17
30 7603120 510 7 1 5
31 8221801 556 3 0 1
32 8698491 602 6 6 1
33 8942788 612 10 2 448
34 9137408 616 9 8 1
35 9198430 626 2 4 100
36 9979325 692 10 7 4345
37 10232685 695 0 1 3
38 10232685 695 2 3 13
39 10944196 743 2 8 31
40 11898401 823 9 6 1414
41 11898401 823 5 0 8
42 11898401 823 9 10 1
43 11898401 823 10 10 1
44 11983810 830 8 2 21
45 12048621 834 2 10 700
46 12048621 834 7 0 177
47 12521786 886 1 9 2254
48 12687981 896 1 3 1586
49 13872860 961 4 5 343
