11 44 50
0 40173 0 9 10 942
1 514725 17 1 10 1
2 1146922 51 7 0 21
3 1167188 57 7 9 705
4 1416452 70 4 7 3
5 1604362 75 9 10 7
6 1844595 84 4 8 3
7 1947526 94 10 5 756
8 2289721 102 5 10 21
9 3144252 154 7 1 33
10 3144252 154 6 9 23
11 3407790 162 5 3 574
12 3407790 162 10 3 382
13 3890402 203 8 2 64
14 4029829 224 3 4 238
15 4663594 253 0 6 55
16 4942045 262 0 1 30
17 5386722 287 0 6 24
18 5386722 287 1 5 2
19 5495558 291 8 3 1267
20 5857139 304 2 2 74
21 6239035 328 2 9 2
22 6307992 337 4 3 98
23 6530533 359 6 9 55
24 7276795 395 7 0 440
25 7996594 428 8 3 7
26 8136422 430 5 7 17
27 8527943 461 0 8 9
28 8881632 466 4 3 1801
29 10338183 517 3 10 33396
30 11016322 558 1 4 2269
31 12183210 616 8 2 1
32 12183210 616 6 5 1227
33 12591165 644 8 7 92
34 12863405 671 0 0 2
35 12863405 671 10 1 238
36 13656435 697 6 6 3138
37 13828201 702 0 4 649
38 14211682 727 8 0 769
39 15023276 766 8 5 13
40 15129620 777 10 6 150
41 15635247 822 0 0 1
42 16444665 864 10 5 15
43 16844396 894 0 9 35
44 16844396 894 9 3 12
45 16917308 896 8 3 3173
46 17751930 930 7 7 73
47 18067211 940 0 5 111
48 18374894 948 1 4 16
49 18697348 967 1 1 369
