11 40 50
0 459971 3 9 8 18952
1 1180324 13 3 4 1361
2 2410654 38 8 5 55
3 2604860 44 1 3 43
4 3440766 51 3 6 1
5 3440766 51 10 7 5
6 5533786 84 2 1 8
7 5533786 84 3 9 1
8 5533786 84 10 8 6
9 7284718 110 3 6 59
10 7284718 110 3 5 196
11 8540966 137 1 10 222
12 8698888 145 5 4 231
13 9432758 154 6 7 3210
14 10022927 160 8 10 5
15 10328733 167 2 5 23577
16 11497828 198 4 5 9
17 13888881 241 7 4 14
18 14826136 262 9 7 1
19 16785971 292 7 6 106
20 17800603 313 3 2 18
21 24460425 434 3 2 37
22 25100653 457 6 9 40
23 26644898 466 6 3 1801
24 28277340 475 4 6 6
25 32572384 555 6 9 35
26 34073642 578 3 9 11
27 36549632 616 0 1 1
28 36549632 616 6 8 1
29 36549632 616 4 5 1227
30 37322566 638 4 1 10
31 37773497 644 7 10 1
32 38590215 671 4 2 13
33 38590215 671 3 4 1342
34 38590215 671 8 2 6
35 38710416 675 2 8 300
36 40930743 695 3 7 5
37 40930743 695 3 2 793
38 42488041 723 3 8 7
39 44480231 752 3 8 42
40 46905743 822 9 4 1
41 46905743 822 5 3 1
42 47593607 823 5 2 6
43 48194485 834 1 9 51
44 48799016 861 3 8 8
45 50533190 894 2 3 6
46 50915309 901 10 3 7420
47 52749200 929 5 7 18
48 55012853 941 0 6 34
49 56725452 993 4 4 210
