11 41 50
0 30129 0 9 5 6
1 386043 17 1 10 1
2 860191 51 7 8 1
3 1394179 88 1 6 30
4 1717291 102 9 2 967
5 3270975 233 1 2 4
6 4040042 287 0 0 3
7 4040042 287 0 7 1615
8 4121668 291 4 9 182
9 4570906 317 2 5 964
10 4679276 328 2 0 3
11 4679276 328 9 5 4162
12 4698436 330 0 10 1364
13 5026716 370 2 5 1
14 5026716 370 9 2 1
15 6102316 430 10 5 33
16 6102316 430 8 3 8
17 6102316 430 1 1 2103
18 6275163 457 0 1 1
19 6661224 466 5 1 2
20 7069335 475 10 2 3
21 7069335 475 9 8 2
22 7093187 478 8 2 76
23 7182702 490 10 2 27
24 7403509 498 6 4 50
25 7727771 513 3 7 5
26 7848126 542 1 3 210
27 8143096 555 0 4 829
28 8318854 563 10 8 1666
29 8318854 563 10 1 192
30 8942788 612 6 3 1
31 9137408 616 4 0 12359
32 9840806 687 0 2 16
33 9996274 693 8 9 102
34 10371151 702 3 6 22
35 10580282 718 10 4 275
36 10815278 739 10 1 78
37 10964257 744 1 3 64
38 11100083 751 3 6 55
39 11726435 822 10 5 78
40 12048621 834 2 0 15
41 12199754 861 3 0 984
42 12521786 886 3 4 1
43 12633297 894 7 2 5
44 12756980 903 1 2 22
45 12770836 905 8 8 95
46 13187300 929 5 10 1
47 13187300 929 7 6 54
48 13313947 930 9 0 9968
49 13313947 930 1 5 22
