11 45 50
0 168158 9 4 2 98
1 308835 17 9 7 5
2 322229 18 1 9 179
3 688153 51 9 1 15
4 1106757 84 2 10 6
5 1168516 94 3 5 756
6 1512329 120 1 7 62
7 2299565 198 7 4 2
8 2299565 198 4 3 10
9 2416558 223 2 2 68
10 2468599 229 0 4 17
11 2793153 249 5 5 21
12 2965227 262 2 6 8
13 3743421 328 5 8 267
14 3758748 330 0 9 26
15 4029473 375 9 0 228
16 4366077 395 6 0 440
17 4388781 401 1 3 1192
18 4548056 409 2 8 120
19 4548056 409 5 1 542
20 4797956 428 7 4 1
21 5116766 461 5 1 22
22 5687931 479 3 9 2
23 5743903 489 8 10 15052
24 5922807 498 3 1 35
25 6514476 555 1 10 1
26 6737104 569 6 7 1
27 6737104 569 7 1 1
28 6738753 571 1 7 32
29 6738778 572 8 0 9018
30 6805600 576 10 6 4
31 7309926 616 10 7 200
32 7864166 683 7 10 16
33 7866184 685 1 4 41
34 7872645 687 0 2 16
35 7941492 690 0 9 34
36 7983460 692 7 3 3329
37 8186148 695 8 8 1
38 8237005 698 10 7 2
39 8296921 702 4 0 1187
40 8296921 702 3 4 649
41 9518721 823 10 0 8
42 9587048 830 3 5 172
43 9866799 864 1 9 35
44 10106638 894 5 9 71
45 10549840 929 7 1 18
46 10549840 929 7 9 4
47 10651158 930 1 5 22
48 10742656 931 4 5 349
49 10803202 932 7 9 9
