11 45 50
0 1180324 13 6 2 70
1 1812558 21 4 9 47
2 2545999 41 10 10 49
3 2545999 41 10 8 44
4 3882463 59 5 7 26
5 4813086 75 0 8 1
6 5962518 97 5 9 3687
7 7572362 122 6 1 49
8 7935659 134 0 9 76
9 8540966 137 9 0 4
10 9432758 154 7 3 56
11 10775582 177 3 3 2171
12 16486675 291 10 3 211
13 18283624 317 9 0 4
14 18856587 335 1 7 96
15 19062589 339 6 5 190
16 19528936 353 0 8 90
17 20310107 380 10 5 64
18 21207769 392 9 0 19
19 21830385 395 0 0 1322
20 22153347 402 9 10 117
21 23989784 428 10 6 1
22 24409266 430 2 10 2
23 25583830 461 5 6 122
24 26644898 466 3 2 100
25 26644898 466 7 9 12
26 26896574 467 4 6 6
27 26896574 467 6 5 5
28 29614038 498 9 3 1
29 30225322 507 9 3 14
30 30225322 507 8 4 1429
31 31697924 552 10 0 76
32 35771153 612 7 7 5079
33 37773497 644 3 10 1
34 37794798 646 2 9 12
35 38590215 671 10 1 238
36 39363226 687 10 7 98
37 42643722 728 3 9 53
38 43761680 741 8 2 3
39 44593249 755 9 10 2193
40 45756381 802 10 2 4521
41 48194485 834 2 5 908
42 48355222 842 1 7 25
43 49458730 871 6 8 758
44 50533190 894 7 10 33
45 51649573 919 9 1 16
46 53713284 931 7 10 225
47 54016013 932 4 1 2337
48 54016013 932 0 2 1805
49 55526668 966 4 5 3957
