11 40 50
0 540632 5 9 8 2075
1 2218345 33 8 7 56
2 2447067 39 0 5 34
3 3882463 59 1 10 3
4 7564501 121 4 1 48
5 7935659 134 0 9 76
6 8540966 137 3 4 99
7 8540966 137 8 9 6410
8 8540966 137 5 1 12
9 8810338 147 9 6 19051
10 10022927 160 6 1 1
11 10022927 160 7 0 11
12 10022927 160 6 5 11
13 13083901 233 6 3 5
14 15204931 282 8 5 23
15 16160168 287 1 3 5
16 16160168 287 10 8 35
17 16785971 292 2 10 1
18 17365377 303 2 7 1
19 21830385 395 10 1 3
20 21830385 395 7 1 1
21 22968701 413 9 1 56
22 23152161 422 0 7 62
23 23989784 428 3 4 28
24 23989784 428 9 9 1
25 25259441 460 1 6 9
26 30911084 513 5 2 6
27 30911084 513 7 7 11
28 31472160 547 4 2 327
29 32572384 555 0 8 7
30 32887204 556 5 4 4
31 33685520 569 8 6 1
32 35771153 612 4 10 5
33 38590215 671 5 5 30
34 38590215 671 2 7 1
35 38590215 671 3 4 1342
36 39320831 683 4 0 4
37 39917303 692 10 7 4345
38 41185025 698 2 7 2
39 42321128 718 6 3 15
40 43107925 735 9 6 47
41 43761680 741 9 5 11
42 44400333 751 2 5 25
43 45906652 814 1 3 170
44 46905743 822 9 10 1
45 47811612 825 10 4 62
46 49333997 864 4 8 113
47 49489474 872 1 4 73
48 50751926 896 4 2 38
49 56426118 973 0 0 2
