11 41 50
0 66551 4 9 8 4
1 114093 12 6 2 40
2 193021 17 5 8 30
3 485307 59 8 1 22
4 910589 110 3 8 100
5 1009993 136 8 3 215
6 1437228 198 7 2 6
7 1463544 206 3 6 88
8 1736110 241 3 2 1952
9 1736110 241 3 8 1
10 1736110 241 6 7 6
11 1853267 262 4 3 3
12 2382823 339 1 7 15
13 2629177 390 0 9 349
14 2998723 428 1 0 2
15 3051158 430 7 5 16
16 3051158 430 7 3 21
17 3137581 457 1 0 25
18 3197978 461 9 2 5
19 3330612 466 4 6 4
20 3546559 477 2 1 282
21 3701754 498 2 8 514
22 3701754 498 6 10 13
23 3780396 508 1 8 38
24 3801560 510 6 0 189
25 3863885 513 4 3 5
26 4071548 555 0 3 202
27 4253500 576 10 6 4
28 4568704 616 8 3 20
29 4823776 671 9 6 8
30 4823776 671 6 6 41
31 4915103 683 6 8 5
32 5589448 757 1 5 578
33 5589448 757 3 0 7
34 5633728 766 0 5 13
35 5695259 785 8 2 7
36 5715695 798 4 8 632
37 6044402 842 1 4 6007
38 6166749 864 2 6 4
39 6166749 864 10 8 113
40 6260893 886 8 8 20
41 6260893 886 6 6 555
42 6316648 894 2 8 1
43 6385418 905 9 8 95
44 6593650 929 9 1 2
45 6593650 929 6 3 3
46 6656973 930 1 10 683
47 6758492 935 1 1 1573
48 6905935 952 4 4 55
49 7106364 994 7 0 6
