11 43 50
0 420395 9 1 8 2
1 805574 18 1 4 20
2 1095667 31 5 6 1
3 2124678 70 8 8 21
4 2406543 75 8 0 63
5 2921290 94 5 5 756
6 3642359 110 3 3 4665
7 4039975 136 1 7 22
8 4716379 154 3 4 10
9 5011463 160 6 10 5
10 6014809 220 0 5 2340
11 6297568 230 3 7 226
12 6985197 250 3 9 15
13 7413068 262 4 0 69
14 8080084 287 10 3 5
15 9428765 336 9 4 663
16 9795800 359 6 9 55
17 10053432 370 9 2 1
18 10915192 395 3 3 21
19 10915192 395 2 5 1065
20 10915192 395 4 7 1
21 11370141 409 6 1 1627
22 12791915 461 1 0 1
23 13482828 468 7 3 165
24 14138670 475 5 3 1
25 14138670 475 7 2 1
26 14807019 498 5 9 1
27 16286192 555 4 8 7
28 16842760 569 10 7 1
29 16842760 569 6 5 1
30 17885576 612 7 3 1
31 18274816 616 7 2 1
32 18349701 625 2 0 34
33 18886748 644 10 9 27
34 19295107 671 5 1 715
35 19295107 671 5 7 2
36 19660415 683 3 2 4582
37 20465371 695 10 10 1
38 20835827 703 9 8 52
39 20835827 703 2 2 4702
40 21275913 724 6 0 16260
41 21880840 741 7 6 5
42 22862856 799 2 10 54
43 24126947 840 10 1 81
44 24666998 864 4 4 5
45 25375963 896 3 9 10
46 26374600 929 1 6 54
47 26374600 929 5 5 682
48 26627895 930 4 10 683
49 28046022 967 4 5 7
