11 46 50
0 106483 4 5 8 14
1 236064 13 1 9 30152
2 824267 69 5 1 15911
3 962617 75 4 7 4
4 1106757 84 7 9 1
5 1393829 104 4 5 74
6 2004585 160 5 8 306
7 2217805 197 1 1 1245
8 2299565 198 8 4 2
9 2616780 233 9 6 6
10 2965227 262 3 8 14
11 3232033 287 4 2 6
12 3398437 298 9 6 844
13 3514283 304 2 10 977
14 3656724 317 1 9 27
15 3758748 330 0 4 194
16 4206684 390 0 10 1
17 4430669 402 9 3 65
18 4648333 424 7 10 493
19 4797956 428 2 0 1
20 4797956 428 7 9 1
21 5020130 457 6 0 25
22 5117161 462 10 3 3197
23 5379314 467 0 6 6
24 5655468 475 10 7 4
25 6209953 522 4 9 174
26 6514476 555 5 7 7
27 6737104 569 3 9 2
28 7154230 612 0 1 3
29 7309926 616 4 8 1
30 7554699 644 7 6 1
31 7718043 671 3 4 1342
32 7718043 671 2 0 3
33 7864166 683 5 5 82
34 8577970 732 7 5 26
35 8752336 741 7 1 989
36 8880066 751 0 2 119
37 8918649 755 9 10 2193
38 9013965 766 2 4 48
39 9381148 822 9 10 1
40 9381148 822 9 7 138
41 9773537 863 6 0 9
42 9897894 872 6 6 114
43 10651158 930 6 7 10
44 10742656 931 1 4 909
45 10803202 932 9 0 2
46 11098463 962 1 9 174
47 11218408 967 7 0 29
48 11218408 967 4 5 7
49 11254411 972 10 9 152
