11 44 50
0 305107 16 2 4 209
1 386043 17 7 4 12
2 386043 17 2 7 2
3 636499 41 10 9 75
4 860191 51 2 8 3
5 1490629 97 3 9 3687
6 1717291 102 4 7 1
7 2019987 136 8 8 31
8 2135241 137 3 4 99
9 2226884 150 2 3 66
10 2505731 160 7 6 19
11 2555843 162 2 4 15
12 2644355 174 5 4 18
13 2728460 187 9 1 15
14 3273476 234 1 7 11379
15 3325752 237 4 10 82
16 3325752 237 4 0 72
17 3567696 259 1 0 14
18 3821089 285 4 3 17
19 4040042 287 9 10 7
20 4040042 287 2 1 3
21 4040042 287 1 1 3
22 4248046 298 1 0 21
23 4407567 307 5 4 3332
24 4433251 310 7 1 442
25 6102316 430 9 3 8
26 6395957 461 1 6 122
27 6724143 467 9 9 8
28 7179879 489 3 0 785
29 7403509 498 10 2 4
30 7437205 504 0 9 148
31 8143096 555 6 0 1
32 8297998 562 10 9 2695
33 8698491 602 8 4 906
34 8942788 612 0 7 2539
35 9463833 659 9 5 5
36 9647553 671 7 4 671
37 10474685 712 2 4 49
38 10722463 732 7 8 39
39 10990052 749 9 7 41
40 11504547 817 7 3 1577
41 11726435 822 0 5 26
42 11726435 822 6 10 1
43 11726435 822 0 7 414
44 11898401 823 9 1 1938
45 13187300 929 2 10 30
46 13504003 932 2 2 2708
47 13753213 941 4 0 22
48 13761614 946 1 9 112
49 14131248 979 6 8 3805
