11 49 50
0 91994 3 5 8 197
1 168158 9 1 7 39
2 688153 51 0 6 1
3 700313 57 7 9 705
4 849962 71 8 0 65
5 1708193 137 9 4 99
6 1717481 139 10 1 50
7 2004585 160 7 0 11
8 2660602 237 4 4 4
9 2777776 241 1 1 18
10 2979118 263 4 10 1524
11 3232033 287 0 6 24
12 3701922 327 1 3 3434
13 3812517 339 2 3 645
14 4206684 390 4 7 3
15 4548056 409 8 2 3
16 4593740 413 9 4 9414
17 5328979 466 8 3 1801
18 5655468 475 10 4 2
19 5749131 491 2 10 39
20 5922807 498 2 3 1
21 6045064 507 1 0 6
22 6045064 507 4 4 1429
23 6082496 510 7 9 1
24 6624225 561 7 10 28
25 6737104 569 8 0 26
26 6958793 602 6 1 81
27 7154230 612 9 4 26
28 7321753 619 8 6 91
29 7394345 631 5 6 491
30 7554699 644 7 5 10
31 7997019 693 8 7 220
32 8186148 695 2 2 793
33 8387790 714 2 8 105
34 8497608 723 3 9 11
35 8771405 744 6 8 1133
36 8880066 751 0 3 1455
37 8949353 759 10 3 11
38 9099635 780 3 5 4
39 9124836 790 7 8 37
40 9126068 792 0 8 118
41 9518721 823 3 2 6
42 9618679 833 7 8 800
43 9650778 840 10 1 81
44 10150385 896 1 0 15751
45 10280738 911 5 0 682
46 10333464 920 2 8 655
47 10378870 928 7 10 102
48 10549840 929 4 9 8
49 11239665 971 0 8 30
