11 47 50
0 88735 4 7 5 43
1 92864 6 3 9 2025
2 140131 9 1 6 23
3 196720 13 8 8 1
4 647077 59 8 2 204
5 802181 75 4 2 7002
6 922297 84 7 4 5
7 1049429 99 9 1 40
8 1214119 110 3 4 18
9 1273693 126 3 0 39
10 1423494 137 7 10 1559
11 1572126 154 2 10 2
12 2099189 230 0 9 29
13 2180650 233 8 0 7
14 2314813 241 6 9 1226
15 2693361 287 0 2 6
16 2837775 301 1 6 4864
17 2928569 304 3 1 7
18 3153996 337 4 6 86
19 3360133 379 1 3 2
20 3828116 413 9 3 3
21 3998297 428 7 10 4
22 4263971 461 2 7 147
23 4768011 487 5 0 66373
24 4786586 489 2 5 94
25 4935673 498 8 5 175
26 4958136 504 1 3 52
27 5168932 516 8 3 12
28 5735252 590 3 6 136
29 5744329 593 9 9 1350
30 6091605 616 9 6 36
31 6091605 616 1 5 1227
32 6821790 695 3 1 11
33 6821790 695 10 7 1
34 6914100 702 3 10 17
35 6946752 704 5 6 1995
36 7210185 739 10 0 372
37 7293613 741 4 8 1
38 7606059 794 4 6 74
39 7932267 823 1 10 1
40 7968602 825 10 9 56
41 8144614 863 6 10 99
42 8222332 864 0 4 17
43 8222332 864 10 5 15
44 8263106 874 2 8 183
45 8485884 901 3 2 517
46 8952214 931 0 4 909
47 9002668 932 1 0 4
48 9168808 941 8 7 1
49 9404353 973 0 10 26
