11 44 50
0 153323 3 9 10 1871
1 153323 3 5 10 935
2 514725 17 6 9 1976
3 652409 27 0 0 1040
4 1146922 51 7 7 5
5 1844595 84 3 8 1
6 1858905 88 1 6 30
7 3144252 154 1 9 11
8 3340975 160 4 3 2
9 3407790 162 2 10 75
10 3525807 174 5 6 24
11 4361300 233 5 0 7
12 5386722 287 0 10 7
13 5857139 304 2 0 206
14 5899662 308 6 10 9873
15 6239035 328 6 9 2
16 6634606 369 9 0 34
17 7276795 395 3 6 54
18 7656233 413 2 0 144
19 7685423 420 6 1 29
20 7996594 428 1 0 2
21 7996594 428 10 0 1
22 8527943 461 6 5 4
23 9131521 473 6 6 5
24 9132589 474 4 9 211
25 9425780 475 10 9 10
26 9425780 475 0 6 1
27 9871346 498 0 9 1
28 9871346 498 5 4 50
29 10857461 555 0 0 1
30 10857461 555 5 3 202
31 10986467 557 3 9 238
32 11228506 569 10 10 49
33 11342668 576 10 10 989
34 11438546 584 10 5 3971
35 11503856 598 4 6 39008
36 11635943 606 10 7 327
37 12863405 671 0 6 8
38 13106943 683 5 1 25
39 13106943 683 2 7 548
40 14800111 751 9 2 119
41 15023276 766 4 4 32
42 15087889 768 8 9 704
43 15870342 824 6 10 142
44 16066116 835 3 1 125
45 16932745 898 1 1 158
46 17904428 931 5 10 225
47 18005337 932 6 8 20
48 18697348 967 5 6 3080
49 18876233 989 7 5 56
