11 44 50
0 1167997 37 0 8 6
1 1316793 48 10 8 53
2 1720383 51 3 8 13
3 2766893 84 6 3 17
4 3624880 108 2 2 1
5 3624880 108 3 2 1
6 3772694 118 1 5 301
7 5112651 163 4 3 297
8 5953770 210 10 3 1
9 6041396 223 7 2 68
10 7135392 259 7 1 2675
11 7552574 276 8 5 169
12 8243337 291 1 7 111
13 8682688 303 8 9 204
14 8785709 304 3 2 24
15 10155053 380 10 9 703
16 10516710 390 4 3 596
17 11370141 409 5 8 13
18 11994892 428 7 8 2
19 11994892 428 1 9 1
20 13322449 466 0 9 20
21 13697281 473 3 6 5
22 14138670 475 0 5 2
23 14186374 478 8 2 76
24 15522516 521 1 4 152
25 15776877 550 0 6 31
26 16286192 555 3 2 876
27 16670241 565 1 5 19648
28 16842760 569 3 1 1
29 17885576 612 9 1 13
30 18274816 616 0 0 1977
31 18592255 634 7 6 15150
32 20465371 695 5 4 1
33 20592512 698 2 8 8
34 20742302 702 3 4 649
35 21444926 732 7 2 240
36 22240115 752 3 0 42
37 22534914 766 1 4 16
38 22534914 766 7 7 3
39 22878282 803 8 3 11335
40 23452871 822 2 5 26
41 23452871 822 6 3 1
42 25266595 894 0 10 33
43 25457654 901 1 3 1484
44 26627895 930 8 2 7
45 27506426 941 0 0 5
46 27506426 941 6 8 1
47 27506426 941 10 10 36
48 28099164 971 9 8 90
49 28136027 972 10 8 28
