11 46 50
0 147540 13 5 5 13
1 318249 41 10 10 49
2 339927 50 7 0 44
3 615424 81 0 6 119
4 691723 84 6 6 1
5 723749 93 7 10 67
6 787072 99 7 1 40
7 858645 102 5 2 483
8 1009993 136 1 6 153
9 1073426 139 2 1 25
10 1277921 162 5 0 1899
11 1303830 170 3 7 102
12 1542874 229 0 4 17
13 1736110 241 9 6 1
14 1876905 269 4 2 8281
15 2020021 287 3 3 23
16 2060834 291 2 6 1228
17 2060834 291 4 9 182
18 2365497 337 4 4 1536
19 2568046 388 7 1 98
20 2650971 392 7 5 1283
21 2998723 428 5 2 1
22 2998723 428 5 9 3
23 3051158 430 5 6 190
24 3051158 430 10 1 1051
25 3066895 438 8 4 10191
26 3362071 467 2 1 1
27 3534667 475 9 2 6
28 3576008 487 5 9 2682
29 3778165 507 0 10 4631
30 4071548 555 3 2 876
31 4308246 593 9 9 1350
32 4721687 644 0 8 908
33 4989662 692 6 5 222
34 5116342 695 7 0 149
35 5208956 703 2 2 4702
36 5574156 755 9 9 56
37 5633728 766 6 3 1
38 5665889 773 8 10 34
39 5687271 780 3 5 4
40 5976451 825 1 9 18
41 6011674 833 7 2 89
42 6082861 858 5 2 5
43 6099877 861 3 6 1409
44 6214037 884 0 6 33
45 6260893 886 6 5 25
46 6260893 886 2 0 14
47 6269340 888 10 0 12
48 6319824 895 5 9 36
49 6876606 941 4 8 1
