11 40 50
0 91994 3 10 9 40
1 688153 51 5 7 5
2 1373832 102 1 6 1
3 2155116 177 0 1 12993
4 2194463 191 8 6 7153
5 2299565 198 4 9 7
6 2468599 229 0 6 27
7 2777776 241 4 8 1
8 3017167 272 1 5 106
9 3232033 287 10 6 24
10 3297335 291 10 0 1
11 3297335 291 8 2 34357
12 3854548 340 8 3 126
13 3980764 369 1 8 28
14 4655022 427 10 2 48
15 4881853 430 9 3 8
16 4881853 430 2 8 2
17 4881853 430 0 10 2
18 4932441 445 10 0 208
19 5020130 457 0 5 64
20 5478912 473 6 8 52
21 5655468 475 3 5 5
22 5655468 475 6 3 1
23 5701229 485 2 0 117
24 6045064 507 0 9 7
25 6182216 513 6 9 20
26 6182216 513 8 8 1009
27 6182216 513 2 7 5
28 6310750 550 0 6 31
29 6310750 550 4 6 31
30 6805600 576 0 2 51
31 6901139 597 0 4 14
32 6958793 602 8 10 2547
33 7154230 612 7 6 4
34 7566197 655 8 3 82
35 7742083 675 2 10 205
36 8334330 703 9 2 9404
37 8497608 723 6 4 174
38 8752336 741 6 0 544
39 8880066 751 4 1 46
40 9013965 766 3 3 1
41 9077772 777 10 6 150
42 9381148 822 7 4 1
43 9915727 874 2 7 312
44 10037459 891 2 8 118
45 10150385 896 9 3 1586
46 10150385 896 3 0 1968
47 10803202 932 1 10 23
48 10803202 932 7 9 9
49 10803202 932 2 3 3
