11 43 50
0 120112 9 4 8 2
1 491538 51 2 2 5
2 554637 59 5 5 28
3 554637 59 2 3 5
4 687583 75 6 1 591
5 834654 94 1 5 756
6 981309 102 3 8 29219
7 981309 102 6 8 14609
8 1133665 134 1 6 1980
9 1220138 137 2 3 9
10 1497122 172 6 8 29
11 1683163 209 1 5 39
12 1763285 229 2 5 133
13 2308595 287 1 5 2
14 2308595 287 5 8 5
15 2673872 328 7 8 44
16 2723227 339 9 3 1290
17 2758378 342 9 4 133
18 3118626 395 3 3 21
19 3320238 424 7 10 493
20 3487038 430 10 0 9
21 3654832 461 6 6 122
22 3872784 472 8 0 14
23 4039620 475 1 1 3
24 4039620 475 7 5 2
25 4062808 479 3 9 2
26 4653197 555 0 2 876
27 4741713 562 10 1 15233
28 4812217 569 7 7 1
29 5110164 612 5 9 1
30 5110164 612 1 8 17
31 5110164 612 6 7 2539
32 5221376 616 10 2 2
33 5270718 628 1 5 389
34 5270718 628 1 3 228
35 5396213 644 10 1 6
36 5538938 678 6 4 18
37 5672494 690 4 4 863
38 6180159 739 10 7 96
39 6342904 751 3 1 15
40 6438547 766 4 10 7
41 6536625 802 5 2 4521
42 6960722 859 6 4 66
43 7047713 864 6 10 172
44 7100687 881 6 2 1685
45 7297620 905 0 8 95
46 7378510 919 1 1 1
47 7535600 929 10 4 1756
48 7858979 941 4 8 1
49 8013149 967 7 0 29
