11 45 50
0 153323 3 10 5 113
1 177471 4 8 0 205
2 393441 13 5 5 13
3 852778 42 8 0 5
4 868286 44 1 0 118
5 1604362 75 4 2 7002
6 2515129 118 0 2 55
7 2520549 120 1 7 62
8 2595705 127 0 6 358
9 2862469 139 7 1 25
10 3493285 172 6 8 29
11 3657438 191 8 6 7153
12 4114332 229 6 8 118
13 4114332 229 2 10 5
14 4659394 252 1 10 17
15 4965197 263 2 10 1524
16 5899662 308 6 4 147
17 6354196 339 5 10 8843
18 6424248 340 3 0 20
19 6424248 340 9 1 3
20 6770035 380 10 4 157
21 7011140 390 3 10 26
22 7656233 413 9 2 3014
23 8170779 435 0 6 24
24 8527943 461 4 8 9
25 8881632 466 8 2 150
26 8881632 466 1 8 1
27 10303694 513 4 8 1009
28 10303694 513 3 7 5
29 11342668 576 10 0 51
30 11923717 612 10 5 3603
31 12591165 644 10 3 10
32 12863405 671 0 8 5
33 13106943 683 5 3 29
34 13647238 696 4 9 362
35 13828201 702 4 6 22
36 14589257 742 9 10 31
37 14800111 751 3 7 14
38 15087889 768 0 3 102
39 15295658 808 1 3 14
40 15864535 823 2 1 969
41 16486243 871 10 8 8344
42 16496491 872 1 4 73
43 16844396 894 10 8 1
44 17134564 911 10 0 682
45 17216524 919 4 1 1
46 17583066 929 6 1 3
47 17904428 931 10 2 1607
48 17904428 931 4 3 49
49 18005337 932 10 7 10
