11 47 50
0 88735 4 7 5 43
1 196720 13 7 8 3
2 426389 42 8 0 5
3 947231 89 7 4 298
4 1161524 104 4 4 19491
5 1260274 120 9 7 124
6 1423494 137 5 2 21
7 1467509 146 3 4 5
8 1725043 168 7 2 30
9 1762903 174 1 3 36
10 1828719 191 8 6 7153
11 1924485 202 3 0 194
12 2014914 224 3 4 238
13 2314813 241 4 0 9
14 2314813 241 3 3 1
15 2693361 287 4 8 5
16 2747779 291 5 0 3
17 2894229 303 4 7 3
18 3075483 324 9 9 47
19 3212124 340 9 0 40
20 3212124 340 3 0 20
21 3650771 399 5 7 15502
22 3873611 424 7 9 6021
23 3998297 428 5 10 4
24 4263971 461 2 8 9
25 4440816 466 0 6 12
26 4506492 471 5 10 923
27 4935673 498 3 6 1
28 5037553 507 5 5 49
29 5068746 510 6 6 71
30 5428730 555 7 8 102
31 5556747 565 1 6 430
32 5961858 612 2 0 71
33 6220427 638 2 7 203
34 6295582 644 3 0 8
35 6431702 671 0 7 1
36 6821790 695 9 3 4
37 7210185 739 10 2 39026
38 7400055 751 1 10 51
39 7626063 802 10 5 226
40 7817623 822 0 7 414
41 7932267 823 3 7 3756
42 8222332 864 9 6 8
43 8284135 881 2 2 561
44 8359121 888 10 8 196
45 8504653 903 1 4 337
46 8952214 931 4 5 349
47 9203621 950 0 8 29
48 9348674 967 7 3 8
49 9348674 967 4 4 14
