11 44 50
0 2191334 31 4 7 4140
1 3440766 51 10 1 30
2 3440766 51 9 2 5
3 5683389 89 7 6 1461
4 7249761 108 8 4 17
5 7545388 118 9 7 55
6 8540966 137 2 2 63
7 10022927 160 4 6 5
8 11737445 208 10 7 217
9 11937664 214 0 7 47
10 12635109 232 10 5 1
11 15124324 279 6 1 37
12 16160168 287 1 2 3
13 16486675 291 7 2 3435
14 17365377 303 8 0 1
15 18509612 327 2 10 1020
16 18717105 328 5 8 267
17 18923976 337 4 2 67
18 19272744 340 6 1 3
19 20544374 388 7 3 3122
20 21033420 390 3 4 27
21 21033420 390 9 8 2301
22 25100653 457 8 7 1
23 27109492 472 5 0 7
24 28277340 475 2 3 1
25 28611697 488 10 4 7643
26 30412481 510 7 0 47
27 30911084 513 0 0 5
28 30911084 513 4 4 200
29 31049768 522 5 9 21
30 31668037 551 2 9 4879
31 32572384 555 7 9 2
32 33191993 562 10 7 2
33 34230126 582 4 2 114
34 35771153 612 6 8 17
35 35771153 612 10 5 3603
36 35771153 612 1 2 897
37 36693279 624 3 5 14198
38 40930743 695 5 7 8
39 40930743 695 10 6 2
40 43761680 741 2 4 66
41 44400333 751 9 5 343
42 44593249 755 9 10 2193
43 45069829 766 3 3 1
44 49458730 871 1 9 3
45 51649573 919 8 1 1
46 51878409 926 7 7 22675
47 53255791 930 10 3 15
48 54088652 937 4 6 76
49 55221727 950 9 8 7
