11 48 50
0 772087 17 0 10 1
1 1359708 50 10 8 1
2 1720383 51 9 8 1
3 2406543 75 1 2 778
4 2766893 84 6 6 1
5 3148288 99 0 9 42
6 3148288 99 0 5 5
7 3624880 108 8 3 27
8 3642359 110 3 3 4665
9 3643128 111 4 0 2184
10 3893558 127 0 5 244
11 5868722 208 10 7 217
12 5953770 210 6 3 1
13 6651505 237 4 0 72
14 6944440 241 7 5 5047
15 7135392 259 3 0 14
16 7413068 262 3 0 9
17 7454899 265 1 3 69
18 7602645 283 5 1 81
19 8080084 287 4 2 6
20 8392985 292 2 10 1
21 8785709 304 3 9 58
22 9531294 339 10 2 2880
23 9951910 369 9 7 1
24 11401215 412 7 1 86
25 11576080 422 8 7 4
26 11994892 428 10 2 1
27 12204633 430 4 8 1
28 12305120 443 6 3 83
29 13491229 469 6 3 3988
30 14138670 475 6 6 1
31 14807019 498 7 8 514
32 15455542 513 1 4 300
33 16286192 555 8 6 23
34 17885576 612 8 0 713
35 18306040 620 10 8 40
36 18336475 621 2 8 37
37 18886748 644 0 2 152
38 18886748 644 10 4 647
39 19295107 671 7 7 1
40 21444926 732 7 5 26
41 22200166 751 3 7 14
42 22534914 766 6 10 15
43 22824990 796 0 10 90
44 23452871 822 4 0 3
45 24177611 842 1 6 11325
46 25077363 888 10 7 651
47 26374600 929 8 5 227
48 27506426 941 10 0 5
49 28262496 979 0 1 41
