11 45 50
0 688153 51 7 6 9
1 688153 51 10 0 64
2 790889 61 10 4 63
3 1149939 91 9 2 4953
4 1168516 94 3 5 756
5 1512329 120 0 7 124
6 1615990 136 1 3 16
7 1886551 154 7 0 21
8 2155116 177 0 0 89
9 2299565 198 0 3 2
10 2616780 233 2 2 4
11 2616780 233 6 3 5
12 3018791 275 0 3 2062
13 3473075 303 4 2 1892
14 3514283 304 2 1 7
15 3917532 358 1 8 49
16 3980764 369 1 7 2
17 4027128 371 1 8 116
18 4246338 394 2 4 16746
19 4366077 395 5 4 1
20 4560486 412 7 1 86
21 4881853 430 7 4 3
22 5116766 461 1 0 1
23 5328979 466 1 1 2
24 5655468 475 8 8 60
25 5687931 479 0 9 1
26 5922807 498 3 10 13
27 6202718 516 7 3 1
28 6251984 537 10 10 11
29 6278501 542 1 5 33196
30 6609793 558 1 4 2269
31 6805600 576 6 3 30
32 6805600 576 10 5 2438
33 6861493 583 6 6 89
34 6981566 606 10 4 1308
35 7154230 612 6 7 2539
36 7309926 616 2 7 200
37 7379006 628 1 7 2415
38 7718043 671 9 2 6
39 7864166 683 7 10 16
40 7864166 683 0 7 3841
41 8237005 698 2 8 8
42 8259854 701 7 2 15
43 8464225 718 8 5 263
44 8752336 741 0 5 147
45 8792041 749 10 0 33
46 9915727 874 2 1 40
47 10549840 929 0 10 1
48 10549840 929 0 4 878
49 11002570 941 4 5 41
