11 44 50
0 420395 9 4 6 70
1 1235901 40 0 1 119
2 1941231 59 1 9 128
3 2406543 75 9 5 115
4 3492753 106 4 9 39149
5 4340995 143 0 7 238
6 4716379 154 1 6 460
7 5528780 194 3 3 63
8 5773455 202 3 10 415
9 6171498 229 6 7 9
10 6317554 232 6 5 18
11 6692941 239 7 1 18
12 6944440 241 7 0 9
13 7007461 256 4 0 18
14 7562162 279 0 10 162
15 8080084 287 5 0 3
16 8243337 291 4 8 8
17 9226451 324 10 5 7
18 9531294 339 8 3 215
19 10053432 370 5 10 11
20 10155053 380 10 7 110
21 11994892 428 5 8 2
22 11994892 428 4 5 822
23 12204633 430 5 6 190
24 12288036 441 7 3 52
25 12791915 461 2 1 11
26 14138670 475 9 2 6
27 14138670 475 6 10 10
28 14807019 498 1 2 56
29 15455542 513 4 10 102
30 15455542 513 7 4 200
31 16842760 569 7 7 1
32 17507196 611 10 6 205
33 17885576 612 0 7 2539
34 18485863 631 5 1 1
35 19363899 676 8 4 41
36 19660415 683 6 4 638
37 19660415 683 8 1 50
38 20592512 698 2 5 3
39 20592512 698 2 9 33
40 22200166 751 10 2 15409
41 22534914 766 8 7 39
42 22862782 798 4 6 33
43 22862782 798 4 8 632
44 22985354 816 7 10 175
45 26856642 931 5 10 225
46 27506426 941 7 7 2
47 28083832 970 8 6 37
48 28277257 980 2 10 102
49 28451068 997 0 3 22
