11 46 50
0 4087854 66 0 3 61
1 6869164 102 4 10 21
2 9432758 154 7 3 56
3 10022927 160 10 1 1
4 10577421 174 5 2 9
5 12595136 230 3 4 78
6 13303011 237 10 0 18
7 14270784 259 8 0 89
8 20544374 388 7 8 88
9 21033420 390 0 9 349
10 22968701 413 9 4 9414
11 23989784 428 4 2 1
12 23989784 428 10 2 1
13 24409266 430 1 4 24
14 25100653 457 10 10 5
15 28277340 475 0 5 2
16 29614038 498 1 3 1
17 30225322 507 4 3 2
18 30911084 513 4 3 5
19 32572384 555 6 4 829
20 32887204 556 8 0 1
21 33685520 569 1 2 13
22 34444734 591 7 1 1
23 35014393 611 8 8 990
24 35771153 612 0 5 240
25 37808449 649 4 1 3092
26 37990109 669 1 5 24
27 39320831 683 8 8 5
28 39707464 690 0 1 12
29 39707464 690 0 8 150
30 40930743 695 2 10 1
31 41829395 710 3 5 9637
32 42321128 718 1 3 15
33 42321128 718 2 7 23
34 42551827 724 6 4 24
35 42889853 732 4 3 39
36 44400333 751 1 10 51
37 45448554 779 4 1 18222
38 46905743 822 0 3 1
39 47593607 823 3 6 282
40 50533190 894 2 8 1
41 50533190 894 4 2 5
42 51254942 907 2 0 36
43 51878409 926 7 1 61
44 52749200 929 4 2 4
45 53255791 930 1 5 22
46 53713284 931 1 6 8
47 55221727 950 2 8 14
48 56460332 976 2 8 113
49 56576609 985 5 10 2635
