11 45 50
0 229985 3 9 3 2654
1 1223533 39 0 5 34
2 1720383 51 7 4 15
3 1941231 59 8 4 6
4 2406543 75 2 5 577
5 2767711 85 8 6 404
6 3772694 118 1 5 301
7 4402529 146 4 8 333
8 5748914 198 6 10 86
9 6171498 229 0 1 1
10 6541950 233 8 2 4
11 6541950 233 7 4 1153
12 7135392 259 10 3 623
13 7413068 262 8 9 15
14 7413068 262 8 3 1
15 8496093 298 1 10 121
16 8682688 303 4 7 3
17 10168652 384 6 2 220
18 10915192 395 2 10 10
19 12204633 430 5 5 8
20 13482828 468 7 9 22
21 14250321 483 2 10 40
22 14304033 487 5 0 66373
23 15639707 539 10 1 6
24 15697899 544 7 5 54
25 16524483 558 1 3 9246
26 17396983 602 6 5 30
27 17885576 612 8 7 2539
28 17885576 612 6 4 26
29 18274816 616 1 6 36
30 18274816 616 6 8 1
31 18274816 616 5 5 8595
32 18485863 631 7 6 351
33 19660415 683 10 3 59
34 19681613 687 7 5 2915
35 19853732 690 8 6 14
36 20835827 703 9 9 325
37 21928514 744 5 0 8
38 22794817 787 8 4 6
39 23452871 822 5 9 3
40 23796803 823 3 3 4
41 23905806 825 0 2 27
42 24130630 841 1 0 334
43 24362527 859 6 8 506
44 24852407 881 10 2 1685
45 25627471 907 2 6 68
46 26374600 929 5 0 2
47 26627895 930 0 1 28
48 27008006 932 4 2 902
49 27506426 941 10 7 2
