11 43 50
0 61909 6 3 9 2025
1 171575 17 5 4 12
2 383379 53 4 10 10
3 431384 59 5 7 26
4 776167 106 4 9 39149
5 821132 116 2 10 8305
6 948996 137 1 0 4
7 1453766 233 5 4 5766
8 1479369 238 3 9 432
9 1647348 262 2 5 1
10 1647348 262 3 2 6
11 1674954 271 7 7 34
12 1795574 287 1 4 10
13 2095176 335 1 3 1
14 2141416 340 5 8 451
15 2425598 395 3 6 54
16 2425598 395 4 0 881
17 2526698 409 2 2 23
18 2665531 428 2 3 3
19 2747984 452 8 10 147
20 2788961 457 2 1 1
21 3152497 477 2 4 41
22 3191057 489 2 0 1571
23 3290448 498 3 4 50
24 3865996 602 8 9 57
25 3865996 602 6 8 259
26 3974572 612 7 7 5079
27 3981641 613 3 4 36562
28 4061070 616 0 0 1977
29 4061070 616 1 9 5
30 4061070 616 6 9 11
31 4136513 635 5 9 102
32 4148961 643 1 4 19
33 4197055 644 9 10 2
34 4199422 646 2 9 12
35 4287801 671 5 1 715
36 4547860 695 0 0 42
37 4765539 732 7 2 240
38 4862408 741 7 4 33
39 5036346 773 6 10 17
40 5288178 823 5 4 3553
41 5516384 878 9 6 46
42 5523043 882 9 2 223
43 5565238 886 0 0 118
44 5861022 929 3 10 1
45 5861022 929 8 5 227
46 5861022 929 0 10 1
47 5917310 930 5 4 2601
48 6001779 932 7 1 6232
49 6112539 941 9 2 8
