11 47 50
0 15064 0 1 5 6
1 301331 38 10 5 110
2 601635 75 1 7 1
3 718711 91 3 2 550
4 865483 103 8 5 6
5 923774 116 2 10 8305
6 1067620 137 9 7 3
7 1067620 137 5 8 4
8 1073426 139 8 1 504
9 1113442 150 2 10 10
10 1293782 168 6 2 30
11 1574392 230 8 4 78
12 1783848 259 8 0 89
13 1853267 262 2 0 9
14 1861949 263 6 10 1524
15 2020021 287 0 10 7
16 2285453 317 9 2 565
17 2339638 328 0 8 44
18 2409093 340 2 3 126
19 2736091 398 9 9 103
20 2998723 428 1 3 136
21 3137581 457 7 0 8
22 3330612 466 7 5 1
23 3534667 475 0 7 4
24 3546559 477 2 0 196
25 3701754 498 3 0 10
26 4071548 555 10 5 1
27 4110900 556 10 1 1
28 4162446 564 4 9 23
29 4210690 569 3 9 2
30 4253500 576 6 7 65
31 4259205 578 7 8 467
32 4376799 611 0 8 1981
33 4376799 611 7 2 147
34 4471394 612 10 10 15
35 5470210 741 0 10 110
36 5550041 751 2 5 25
37 5589448 757 5 5 578
38 5633728 766 8 5 13
39 5633728 766 0 10 30
40 5736634 811 6 2 58
41 5863217 822 3 7 414
42 5976451 825 4 9 18
43 5991905 830 1 1 74
44 5992794 832 1 1 30673
45 6099877 861 3 9 59
46 6166749 864 3 8 113
47 6213101 881 0 2 561
48 6343990 896 3 9 10
49 7109226 995 6 6 518
