11 45 50
0 840790 9 7 5 35
1 2191334 31 5 7 2070
2 2604860 44 1 2 89
3 7249761 108 6 6 7
4 8978889 153 4 9 185
5 9432758 154 9 7 1284
6 10022927 160 10 7 293
7 11043103 192 3 5 27522
8 12342996 229 2 8 118
9 16486675 291 8 0 6
10 16486675 291 2 2 6871
11 16833218 295 6 4 6
12 17365377 303 9 9 409
13 17365377 303 4 8 324
14 18452902 324 2 5 510
15 18717105 328 6 3 1
16 20106864 370 2 8 3
17 20310107 380 10 10 14
18 23989784 428 10 1 668
19 23989784 428 5 5 822
20 23989784 428 1 4 1
21 24409266 430 2 10 2
22 25100653 457 0 9 13
23 25583830 461 5 7 1
24 26644898 466 0 3 1801
25 26644898 466 4 7 1
26 30225322 507 0 3 2
27 30911084 513 1 4 300
28 32572384 555 1 8 7
29 33685520 569 6 3 21
30 34028004 576 6 3 30
31 35014393 611 7 2 147
32 36549632 616 3 9 11
33 39320831 683 4 6 10
34 39917303 692 6 5 222
35 39985096 693 8 10 1001
36 40930743 695 0 9 2791
37 42488041 723 6 6 66
38 42889853 732 4 2 240
39 45966925 815 4 9 128
40 47593607 823 10 0 8
41 47935243 830 2 1 24
42 48725055 859 6 2 342
43 51894351 928 7 10 102
44 53255791 930 2 8 1548
45 54016013 932 1 6 4
46 54046947 934 3 7 45
47 54201634 940 0 6 15144
48 55124684 948 1 6 11083
49 55407412 959 10 3 152
