11 45 50
0 15064 0 9 2 76
1 147540 13 5 10 495
2 193021 17 3 8 6
3 244653 27 1 0 130
4 339927 50 1 8 12
5 485307 59 5 0 2
6 601635 75 1 5 231
7 601635 75 8 5 115
8 858645 102 3 7 1
9 1086866 144 0 4 125
10 1252865 160 3 2 843
11 1277921 162 2 4 15
12 1542874 229 6 1 1
13 1635487 233 3 4 11532
14 1910544 285 4 5 15527
15 2020021 287 6 6 316
16 2196427 304 3 2 24
17 2285453 317 10 4 10
18 2409093 340 6 1 3
19 2443824 356 6 0 96
20 2844986 410 6 3 1
21 2871087 413 9 6 10095
22 3076280 443 6 2 42
23 3197978 461 7 6 614
24 3330612 466 10 7 22
25 3534667 475 0 2 1
26 3701754 498 7 1 17
27 3701754 498 7 0 10
28 4071548 555 3 3 202
29 4131120 558 1 8 329
30 4167560 565 1 3 65
31 4253500 576 6 7 65
32 4363478 606 10 7 327
33 4659282 637 0 10 8
34 4823776 671 9 5 30
35 4823776 671 3 9 8
36 5116342 695 5 9 214
37 5116342 695 8 5 28
38 5162408 701 4 2 3
39 5290141 718 0 9 31
40 5388490 735 6 7 1348
41 5633728 766 1 6 172
42 5949200 823 10 10 1
43 5991905 830 2 1 24
44 5991905 830 1 5 5
45 6099877 861 3 3 2378
46 6204837 876 10 3 37
47 6343990 896 10 10 16
48 6769096 939 9 9 59
49 7011505 967 1 10 13
