11 45 50
0 196720 13 5 4 340
1 257362 17 2 2 8942
2 573461 51 10 10 1
3 726255 72 6 10 83
4 1049429 99 9 8 1
5 1144860 102 3 6 1
6 1572126 154 7 0 21
7 1703895 162 6 10 5
8 1818973 187 7 1 15
9 1918366 201 5 5 64
10 2002584 218 1 2 17074
11 2471022 262 9 7 1
12 3047270 317 8 3 382
13 3289495 365 2 3 670
14 3297043 366 0 5 1952
15 3351144 370 0 8 6
16 3790047 409 6 3 65
17 3790047 409 8 6 1
18 3858693 422 5 3 54
19 3998297 428 10 3 14
20 4068211 430 8 0 40
21 4085389 435 7 1 108
22 4263971 461 5 2 55
23 4268646 463 0 0 22
24 4712890 475 7 1 10
25 4750107 483 7 10 8
26 5428730 555 5 9 2
27 5481200 556 9 1 1
28 6112158 621 2 8 37
29 6577050 689 5 10 2
30 6652883 692 2 10 12
31 6821790 695 8 9 214
32 6945275 703 9 1 49
33 6971565 710 3 2 96
34 7184654 735 6 0 70
35 7293613 741 2 2 3
36 7452597 757 9 5 1734
37 7817623 822 2 5 26
38 7817623 822 2 6 8
39 7932267 823 5 1 969
40 7968602 825 10 0 17
41 7968602 825 10 9 56
42 7968602 825 0 0 3
43 8082392 848 8 4 118
44 8608262 919 3 1 1
45 8791533 929 3 3 3
46 8791533 929 3 6 109
47 9168808 941 8 7 1
48 9234568 959 10 2 32
49 9454242 993 4 4 210
