11 45 50
0 168158 9 4 8 2
1 426681 29 2 6 2425
2 688153 51 3 9 1
3 1259315 99 0 6 10
4 2185839 189 1 7 16203
5 2416558 223 2 2 68
6 2854156 259 9 7 25
7 3003048 269 4 1 4881
8 3357194 292 4 9 176
9 3473075 303 2 9 204
10 3656724 317 0 7 3013
11 3812517 339 0 3 215
12 3854548 340 2 4 1
13 3905787 353 0 6 5
14 3939798 362 6 3 357
15 4374645 396 3 1 405
16 4464038 407 2 5 310
17 4464038 407 2 3 139
18 4797956 428 8 8 2
19 4881853 430 10 4 3
20 4915659 442 6 1 1280
21 5116766 461 7 6 614
22 5655468 475 6 8 5
23 5655468 475 10 4 2
24 5655468 475 2 4 8
25 5922807 498 7 7 29
26 6045064 507 10 7 72
27 6577440 556 8 0 1
28 6577440 556 5 8 109
29 6805600 576 0 1 1
30 6866313 587 2 1 6
31 7154230 612 0 1 3
32 7358744 626 2 9 226
33 7379006 628 1 0 118
34 7445723 635 5 0 102
35 7554699 644 0 7 92
36 7718043 671 6 7 1
37 7718043 671 8 2 6
38 8464225 718 2 7 23
39 8510365 724 6 6 2
40 8752336 741 2 7 2
41 8880066 751 0 10 17
42 9065423 773 10 10 34
43 9381148 822 9 5 26
44 9866799 864 0 0 7236
45 10250988 907 4 4 22
46 10297346 913 1 2 19
47 10549840 929 1 2 12
48 10742656 931 3 3 124
49 11002570 941 3 6 2
