11 45 50
0 772087 17 10 1 44
1 980413 28 0 8 53
2 1095667 31 5 6 1
3 1720383 51 8 0 21
4 3730696 117 0 4 101
5 3940061 132 8 0 21
6 4270483 137 3 1 38
7 4716379 154 1 10 17
8 4716379 154 6 4 10
9 5387791 177 0 8 1073
10 5748914 198 10 8 11
11 5773455 202 3 9 290
12 5848031 205 0 3 62
13 6009743 219 4 5 7677
14 6067154 228 9 2 15
15 6541950 233 9 1 8
16 6541950 233 9 5 1
17 6944440 241 3 2 1952
18 7413068 262 8 8 7
19 9428293 335 1 4 11349
20 9865320 363 8 4 62
21 10915192 395 6 5 177
22 12305120 443 6 9 43
23 12331103 445 8 6 2
24 12629720 460 1 3 39
25 13322449 466 0 9 20
26 13519477 471 1 10 923
27 14138670 475 6 4 1
28 14138670 475 5 0 8
29 15121586 508 1 8 38
30 17018439 577 8 0 1169
31 17222367 591 6 10 2
32 17507196 611 1 2 8
33 17885576 612 1 0 71
34 18274816 616 1 8 1
35 18274816 616 6 10 2564
36 19386926 679 10 7 6010
37 19421213 681 0 4 2639
38 20465371 695 1 0 42
39 21447041 733 10 8 12
40 22357792 757 5 5 578
41 22534914 766 4 4 32
42 22794817 787 8 4 6
43 22794817 787 7 4 3
44 25266595 894 4 3 12
45 25375963 896 8 3 3173
46 25824786 919 7 1 9
47 26627895 930 8 3 15
48 27008006 932 10 6 4
49 28277257 980 6 10 204
