11 47 50
0 266207 4 9 8 4
1 270316 5 9 8 2075
2 772087 17 0 8 1
3 1272999 41 10 3 35
4 1720383 51 9 2 5
5 2406543 75 4 4 7
6 2766893 84 7 2 154
7 3624880 108 8 10 3
8 4270483 137 7 7 3
9 5011463 160 5 1 1
10 5158878 165 6 5 220
11 5175129 168 5 2 15
12 5288710 174 2 3 36
13 5773455 202 3 7 44
14 6171498 229 2 4 52
15 6694602 240 1 6 190
16 6944440 241 4 5 1682
17 7552574 276 8 5 169
18 8866502 310 10 7 73
19 8905756 315 2 10 1706
20 9365212 329 4 7 6
21 9636372 340 3 0 20
22 9764468 353 0 7 193
23 10516710 390 5 10 1
24 10915192 395 8 10 31
25 13322449 466 4 4 434
26 14138670 475 4 10 5
27 14138670 475 7 5 2
28 15455542 513 7 7 11
29 15776877 550 2 6 6
30 16286192 555 1 1 95
31 16443602 556 0 4 4
32 16649786 564 4 9 23
33 16842760 569 4 5 1
34 17153733 583 6 2 76
35 18274816 616 0 10 12823
36 18274816 616 3 0 988
37 20465371 695 0 7 2
38 20465371 695 9 10 1
39 20592512 698 5 8 43
40 23796803 823 1 8 1
41 23969446 831 1 10 1198
42 24399508 861 3 2 309
43 24666998 864 7 5 30
44 24824478 879 1 5 24
45 25375963 896 2 2 38
46 26627895 930 8 7 10
47 26856642 931 5 9 4239
48 28284327 983 0 10 188
49 28451068 997 6 3 22
