11 44 50
0 120519 0 9 5 6
1 1180324 13 6 5 13
2 1220430 16 2 4 209
3 4357533 72 6 6 108
4 4872092 77 0 4 105
5 4922119 80 7 4 194
6 5533786 84 3 0 7
7 8540966 137 10 7 3
8 11546911 202 3 5 21864
9 13314325 238 3 9 432
10 16160168 287 0 10 7
11 19272744 340 8 9 15
12 19397518 348 4 1 2240
13 19903820 369 1 7 2
14 20321437 381 9 6 9029
15 24431802 431 6 0 184
16 24610241 443 6 2 42
17 25583830 461 1 2 11
18 27394563 473 4 5 68
19 27394563 473 10 8 52
20 32572384 555 1 5 1
21 33048966 558 1 7 123
22 34073642 578 3 0 66
23 35014393 611 10 2 8
24 35771153 612 1 7 2539
25 36549632 616 4 0 12359
26 36905648 630 10 6 226
27 37184511 634 7 4 53
28 37918973 661 6 0 13
29 38590215 671 4 7 1
30 39320831 683 9 4 638
31 39320831 683 7 8 11
32 39320831 683 8 2 3054
33 42488041 723 3 2 3584
34 42635047 727 8 0 769
35 43107925 735 9 0 35
36 43107925 735 6 10 8
37 43761680 741 10 7 2
38 43960209 749 5 4 26
39 45263667 768 8 8 1321
40 45498175 780 0 5 4
41 45498175 780 2 1 117
42 46061130 821 7 9 36
43 46905743 822 3 6 4
44 48725055 859 6 3 63
45 48867686 863 6 9 792
46 54046947 934 1 7 15
47 55012853 941 0 1 96
48 55012853 941 0 10 18
49 56092044 967 7 2 30
