11 41 50
0 1066704 29 10 6 2425
1 2178766 72 6 1 5
2 2406543 75 7 8 1
3 2766893 84 2 6 2
4 3434582 102 5 6 1
5 3624880 108 0 0 226
6 3808674 124 1 3 7
7 4039975 136 8 5 496
8 4340995 143 0 0 349
9 5835603 203 7 0 49
10 5854177 206 3 6 88
11 6297568 230 0 2 1
12 7413068 262 9 8 7
13 7413068 262 8 10 55
14 7562162 279 6 1 37
15 8080084 287 0 4 1
16 9636372 340 7 9 15
17 10053432 370 0 5 1
18 10053432 370 0 8 6
19 11160097 407 2 9 3032
20 11370141 409 10 9 30
21 11994892 428 6 4 1
22 12629720 460 1 3 39
23 13322449 466 2 5 1
24 14138670 475 2 3 1
25 14807019 498 3 10 13
26 14807019 498 4 9 1
27 14807019 498 3 1 35
28 15112661 507 3 7 72
29 15455542 513 1 1 5
30 16286192 555 5 2 876
31 17885576 612 4 8 17
32 18886748 644 6 10 1
33 19295107 671 6 5 270
34 19853732 690 4 7 527
35 20465371 695 9 6 1
36 20465371 695 8 4 1
37 21160564 718 0 5 87
38 21880840 741 5 2 3
39 21880840 741 5 7 2
40 23796803 823 9 7 751
41 24811399 875 5 7 18
42 24852407 881 1 2 561
43 25824786 919 0 1 1
44 26856642 931 7 8 4
45 26856642 931 4 0 3169
46 26856642 931 4 5 349
47 27506426 941 5 5 13
48 27506426 941 7 7 2
49 28442964 996 1 5 37
