11 42 50
0 76661 3 9 4 3213
1 257362 17 0 8 1
2 355568 29 2 0 72
3 355568 29 2 3 99
4 922297 84 10 7 43
5 922297 84 4 7 21
6 922297 84 6 3 17
7 1423494 137 0 7 3
8 1670487 160 8 10 5
9 2180650 233 4 0 7
10 2326072 248 1 4 194
11 2334678 255 1 1 42
12 2471022 262 0 2 13
13 3075483 324 1 5 7
14 3154701 338 1 5 37
15 3212124 340 6 1 3
16 3396064 386 9 3 488
17 4106379 444 7 0 19
18 4183442 457 4 5 32
19 4263971 461 5 1 22
20 4440816 466 2 7 10
21 4440816 466 4 0 15
22 4935673 498 4 2 4
23 5037553 507 8 7 145
24 5040528 508 5 8 38
25 5151847 513 0 4 200
26 5232084 542 1 3 210
27 5245360 547 4 4 109
28 5428730 555 2 8 7
29 5614253 569 1 8 8
30 5614253 569 9 0 26
31 5671334 576 0 7 9
32 6091605 616 7 3 20
33 6319828 661 9 0 13
34 6431702 671 6 0 1
35 6553471 683 2 5 1
36 6821790 695 7 0 149
37 6821790 695 1 7 1
38 6821790 695 4 3 4
39 6864170 698 2 5 3
40 6914100 702 3 1 61
41 7989207 830 3 5 172
42 8059203 842 1 0 94
43 8135386 862 9 9 70
44 8791533 929 5 6 54
45 8791533 929 9 3 3
46 8875965 930 0 2 7
47 9033605 940 0 8 217
48 9168808 941 9 10 18
49 9348674 967 6 10 27
