11 46 50
0 258936 21 4 0 25980
1 258936 21 4 8 86
2 373745 45 1 6 1063
3 790540 84 6 9 6
4 790540 84 6 10 10
5 899510 99 7 1 40
6 900793 100 7 2 57
7 1035680 108 7 2 1
8 1035680 108 2 2 1
9 1055742 116 2 1 6
10 1065913 117 0 7 29
11 1257865 146 6 3 72
12 1434718 161 0 8 17
13 1578102 193 5 3 108
14 1642546 198 0 3 2
15 1799305 230 3 4 78
16 1869128 233 0 5 1
17 1984125 241 7 5 5047
18 2038683 259 8 0 89
19 2118019 262 0 9 30
20 2355239 291 6 6 409
21 3118626 395 6 8 33
22 3585807 457 6 6 6
23 3608491 460 1 2 8
24 3842367 467 9 9 8
25 3872784 472 6 0 14
26 4039620 475 1 2 13
27 4230576 498 7 0 10
28 4317903 507 9 7 72
29 4320453 508 1 8 38
30 4929385 597 0 4 14
31 4970566 602 8 9 57
32 5110164 612 9 9 8
33 5110164 612 10 2 448
34 5281675 631 7 5 232
35 5512887 671 8 0 7
36 5617261 683 3 0 1
37 5702471 692 6 7 181
38 5847249 695 1 10 1
39 6158275 735 9 5 36
40 6280029 749 5 0 33
41 6504879 783 7 10 8
42 6532223 798 4 5 6106
43 7250275 896 4 3 1586
44 7381980 921 3 9 79
45 7413478 928 7 10 102
46 7673326 931 10 1 10
47 7726685 936 3 4 58
48 8013149 967 6 9 2
49 8067582 978 5 5 281
