11 45 50
0 20086 0 9 7 46
1 196720 13 1 1 265
2 922297 84 3 4 5
3 1423494 137 10 7 3
4 1484589 150 2 7 5692
5 1572126 154 4 0 4
6 2099189 230 0 10 8
7 2217168 237 4 2 27
8 2314813 241 7 9 1226
9 2797661 292 0 8 218
10 3047270 317 9 2 565
11 3119517 328 2 5 297
12 3119517 328 7 3 2
13 3212124 340 6 1 3
14 3254822 353 0 4 219
15 3260819 357 2 8 157
16 3283165 362 0 2 1
17 3998297 428 5 1 6684
18 4263971 461 7 8 9
19 4518248 472 9 0 7
20 4565760 473 6 9 2
21 4768011 487 5 2 306
22 4935673 498 7 1 17
23 4935673 498 4 6 1
24 5037553 507 2 6 3
25 5151847 513 8 5 172
26 5151847 513 2 4 200
27 5206410 535 0 7 12
28 5556747 565 1 5 19648
29 5705021 582 4 10 93
30 6091605 616 4 3 20
31 6295582 644 2 0 8
32 6319929 663 1 1 14315
33 6331335 668 5 7 18
34 6431702 671 7 6 8
35 6652883 692 10 4 19
36 6864170 698 5 7 21
37 6864170 698 2 10 32
38 6971565 710 3 2 96
39 7210185 739 10 7 96
40 7620927 798 4 1 2953
41 8033058 835 3 1 125
42 8081434 846 5 4 14
43 8263106 874 2 5 668
44 8422198 894 5 7 1
45 8422198 894 9 2 35
46 8791533 929 10 4 1756
47 8875965 930 3 3 15
48 9361277 970 4 3 16276
49 9454242 993 4 3 13014
