11 45 50
0 60259 0 1 9 151
1 590162 13 1 9 30152
2 590162 13 5 4 340
3 590162 13 3 5 41
4 3434582 102 8 3 17
5 4270483 137 5 8 4
6 4340995 143 0 2 200
7 5111686 162 8 7 225
8 6171498 229 0 9 74
9 6317554 232 6 5 18
10 6944440 241 3 1 18
11 8496093 298 9 5 37
12 8682688 303 9 9 409
13 9226451 324 6 5 7
14 9868485 365 2 3 670
15 9951910 369 9 0 34
16 10073683 375 9 0 228
17 11502272 416 8 1 2
18 11994892 428 0 6 1
19 11994892 428 0 10 4
20 12204633 430 2 0 2
21 12550326 457 7 7 1
22 12791915 461 8 7 1
23 13322449 466 8 3 1801
24 14807019 498 8 0 10
25 14807019 498 5 3 1
26 14842245 500 3 0 227
27 15455542 513 9 7 5
28 15455542 513 7 7 11
29 15619231 535 9 1 238
30 15702457 546 4 7 78
31 15736080 547 4 4 109
32 16286192 555 3 3 202
33 16443602 556 8 0 1
34 16479701 557 3 1 215
35 17036821 578 3 0 66
36 17453915 606 10 0 183
37 18274816 616 7 9 2
38 21317523 727 6 7 2
39 22200166 751 4 8 5
40 22631833 768 8 10 47
41 22720441 778 0 1 279
42 23796803 823 3 5 599
43 24046699 833 7 1 62
44 24666998 864 7 6 4
45 25266595 894 0 8 1
46 27023473 934 10 1 14278
47 27745720 961 10 5 343
48 28046022 967 7 4 14
49 28099164 971 10 8 30
