11 42 50
0 540632 5 9 8 2075
1 1180324 13 8 8 1
2 1812558 21 3 5 18
3 8079951 136 1 3 16
4 10022927 160 3 5 46
5 10022927 160 7 9 4
6 12342996 229 2 7 9
7 13303011 237 4 9 11
8 13303011 237 4 10 82
9 14895592 263 0 10 3048
10 16486675 291 9 1 256
11 20106864 370 5 5 5
12 21033420 390 4 3 596
13 22232426 406 1 10 204
14 22740283 409 8 3 1
15 24698914 449 9 6 39058
16 25583830 461 8 8 9
17 26644898 466 10 10 4
18 26896574 467 0 9 8
19 28277340 475 10 0 1
20 28277340 475 6 3 1
21 28372478 477 2 2 17757
22 30225322 507 0 10 4631
23 30225322 507 9 3 14
24 30225322 507 10 6 3
25 31129030 529 9 9 374
26 32572384 555 6 4 829
27 34444734 591 6 10 2
28 34793966 602 8 0 1082
29 35771153 612 2 2 448
30 35771153 612 1 0 71
31 36549632 616 4 3 20
32 36549632 616 2 7 200
33 38604084 672 10 5 10
34 39320831 683 4 6 10
35 40930743 695 4 10 1
36 41671654 703 9 5 40
37 44400333 751 5 0 23
38 45613214 789 3 2 30
39 45629077 791 8 1 1
40 49458730 871 5 9 3
41 49704815 881 0 2 561
42 50087144 886 9 9 1503
43 50154726 888 10 9 16
44 50533190 894 9 8 1
45 51254942 907 2 0 36
46 52749200 929 9 9 4
47 52749200 929 8 4 1756
48 55012853 941 6 2 5
49 55221727 950 3 8 7
