11 45 50
0 1544175 17 3 5 16
1 3440766 51 9 4 31
2 4357533 72 6 5 28
3 5962518 97 9 9 1843
4 8540966 137 9 0 4
5 8907536 150 2 6 229
6 9432758 154 0 7 642
7 10043031 161 10 8 1
8 13083901 233 2 0 22
9 16785971 292 10 9 529
10 17611183 305 4 7 38
11 17800083 312 6 10 391
12 18856587 335 1 10 1509
13 19272744 340 3 2 3
14 20106864 370 1 10 35
15 21033420 390 2 8 767
16 22740283 409 2 10 15
17 22740283 409 10 9 30
18 22986565 415 6 1 12637
19 23989784 428 8 0 4
20 24409266 430 10 0 9
21 25100653 457 4 3 14
22 25100653 457 8 4 1
23 25583830 461 4 8 9
24 28277340 475 1 3 23
25 28372478 477 2 3 89
26 28775512 493 8 7 18
27 28785103 495 10 10 23
28 31392505 542 1 1 3993
29 31472160 547 4 7 18
30 32572384 555 6 1 191
31 34793966 602 6 7 74
32 35771153 612 0 10 5
33 36549632 616 0 1 1
34 37150463 633 5 10 15
35 41185025 698 10 6 20
36 43761680 741 6 1 989
37 46905743 822 9 4 1
38 46905743 822 2 6 8
39 48355222 842 1 3 757
40 50533190 894 5 2 128
41 50533190 894 6 7 54
42 51878409 926 7 1 61
43 53255791 930 0 5 22
44 54016013 932 0 4 6
45 54016013 932 1 7 3
46 54046947 934 1 7 15
47 54201634 940 0 9 5
48 55024885 943 2 8 4884
49 56092044 967 5 0 9
