11 42 50
0 140131 9 1 9 7
1 647077 59 1 4 1
2 922297 84 3 2 308
3 922297 84 7 8 1
4 1423494 137 5 1 12
5 1467509 146 7 9 50
6 1572126 154 3 7 1284
7 1670487 160 4 7 1
8 1762903 174 9 7 14
9 1762903 174 6 10 9
10 1848171 197 1 1 1245
11 2180650 233 9 5 1
12 2217168 237 10 8 53
13 2314813 241 7 10 1014
14 2693361 287 2 5 6
15 2894229 303 9 6 1193
16 3177098 339 8 3 215
17 3351144 370 7 2 9
18 3506348 391 5 3 356
19 3998297 428 9 7 1
20 4121976 452 1 10 36
21 4440816 466 2 5 1
22 4494276 468 7 6 61
23 4565760 473 9 2 7
24 4935673 498 8 1 17
25 4935673 498 3 0 10
26 5174961 522 4 9 174
27 5232084 542 1 0 34
28 5428730 555 9 3 202
29 5428730 555 3 5 1
30 5481200 556 9 1 1
31 6091605 616 5 2 1
32 6091605 616 4 0 12359
33 6431702 671 3 1 4531
34 6431702 671 0 4 671
35 6553471 683 9 1 25
36 6864170 698 5 3 7885
37 6864170 698 10 8 312
38 6914100 702 0 2 28
39 6914100 702 3 2 56
40 6945275 703 9 3 37
41 7105841 727 10 0 769
42 7817623 822 3 8 239
43 7932267 823 10 7 751
44 8347857 886 10 0 29
45 8458654 896 8 2 38
46 8554839 909 9 2 801
47 9168808 941 8 9 1305
48 9348674 967 7 10 40
49 9361277 970 10 6 74
