11 43 50
0 3882463 59 5 0 2
1 5533786 84 3 4 5
2 5533786 84 4 8 3
3 10022927 160 2 3 2
4 10022927 160 8 5 11
5 10043031 161 0 8 17
6 10317756 165 0 5 110
7 10577421 174 6 10 9
8 10775582 177 3 0 359
9 10919082 188 4 10 27
10 13888881 241 3 10 4056
11 13888881 241 9 10 1014
12 13888881 241 6 4 14
13 13939776 245 0 8 20
14 14270784 259 10 3 623
15 16160168 287 3 3 23
16 16160168 287 7 5 2
17 17365377 303 10 9 613
18 17630269 307 4 4 476
19 18717105 328 5 5 297
20 18730424 329 2 7 8
21 19528936 353 0 0 27082
22 21888731 398 9 9 103
23 22153347 402 9 3 65
24 24409266 430 8 6 190
25 25100653 457 1 4 1
26 26644898 466 3 1 11
27 28608066 487 5 3 3411
28 28745659 491 2 10 39
29 30225322 507 3 3 26
30 32572384 555 2 3 202
31 32572384 555 2 8 7
32 33685520 569 2 8 1
33 35771153 612 5 3 1
34 35834773 613 3 10 14831
35 36549632 616 0 5 1227
36 36608766 619 8 6 91
37 36699402 625 7 0 104
38 37773497 644 6 5 15
39 41484605 702 0 5 112
40 42488041 723 3 0 39
41 42643722 728 3 9 53
42 43107925 735 6 4 76
43 43179782 738 5 1 213
44 49333997 864 7 2 954
45 53713284 931 10 8 16
46 55012853 941 2 3 1
47 55012853 941 3 6 2
48 55491441 961 4 5 343
49 56564549 982 3 10 41
