11 45 50
0 40173 0 9 6 12
1 514725 17 1 10 1
2 1844595 84 3 5 4
3 1957628 96 10 5 88
4 2416587 108 6 2 1
5 2935019 146 10 4 11
6 3144252 154 1 9 11
7 3976502 212 2 6 14
8 4942045 262 0 4 1
9 5495558 291 7 7 333
10 5873091 306 7 9 19562
11 6354196 339 1 5 856
12 7384449 402 2 3 65
13 7384449 402 2 6 88
14 7580094 409 10 8 13
15 7656233 413 2 8 5274
16 7996594 428 4 1 2673
17 9425780 475 4 9 5
18 9425780 475 2 9 5
19 9871346 498 10 9 1
20 10137493 510 6 9 1
21 10412820 535 8 7 12
22 10490720 547 4 2 327
23 10556012 551 4 1 3
24 11600051 603 2 10 133
25 11923717 612 5 5 360
26 12394837 634 7 1 38
27 13728341 698 5 0 4
28 13828201 702 4 1 5
29 13828201 702 4 7 81
30 14162680 723 6 7 16
31 14619009 744 1 3 64
32 14800111 751 4 2 597
33 15087889 768 8 3 102
34 15166058 780 0 5 4
35 15168493 781 0 3 77
36 15635247 822 5 2 3
37 15937204 825 7 2 27
38 16118407 842 1 5 143
39 16951983 899 6 8 4891
40 16971769 901 2 3 1484
41 17009307 903 1 1 7
42 17134564 911 7 0 2047
43 17222441 920 6 9 28
44 18005337 932 8 0 2
45 18005337 932 6 0 2
46 18022647 935 1 1 1573
47 18337617 941 8 10 18
48 18337617 941 0 5 13
49 18430950 957 7 9 35
