11 45 50
0 1066704 29 2 3 99
1 2766893 84 4 6 1
2 3148288 99 0 8 1
3 3434582 102 4 4 4
4 3657547 114 6 9 34
5 3893558 127 0 6 358
6 4340995 143 0 3 45
7 4716379 154 5 0 2
8 4716379 154 6 5 69
9 4716379 154 3 2 249
10 5158878 165 6 5 220
11 6297568 230 3 2 1
12 6541950 233 9 6 6
13 6657162 238 3 8 83
14 6694602 240 1 6 190
15 6944440 241 4 1 6
16 8080084 287 5 10 7
17 8243337 291 7 1 1536
18 9141812 317 6 9 10
19 9141812 317 4 2 565
20 9358552 328 0 8 44
21 9865320 363 8 4 62
22 10053432 370 6 9 23
23 10175448 385 2 6 17811
24 12791915 461 5 5 163
25 14138670 475 9 1 6
26 14235621 480 4 8 89
27 15112661 507 8 6 3
28 16443602 556 10 1 1
29 17153733 583 6 1 2272
30 17885576 612 7 6 4
31 18274816 616 2 6 72
32 18972971 666 9 3 2
33 19731150 689 9 4 318
34 19853732 690 0 10 48
35 20465371 695 1 3 4
36 21160564 718 2 9 31
37 21883886 742 9 10 31
38 22534914 766 4 3 1
39 22631833 768 8 8 1321
40 22862782 798 4 0 65
41 23452871 822 7 4 1
42 23452871 822 0 0 1
43 23452871 822 8 2 3
44 23796803 823 8 6 282
45 25664519 909 9 4 1528
46 27008006 932 0 2 1805
47 27506426 941 8 10 18
48 28046022 967 0 4 14
49 28436905 995 6 6 518
