11 43 50
0 1611148 18 1 6 36
1 3440766 51 2 2 5
2 4357533 72 6 8 12198
3 7284718 110 3 0 197
4 7787117 127 0 7 4651
5 7880122 132 6 0 21
6 8079951 136 8 7 14
7 8681991 143 0 9 7
8 10223372 162 5 3 574
9 10775582 177 3 2 1
10 11737445 208 10 7 217
11 14826136 262 8 6 43
12 16160168 287 6 4 1
13 16486675 291 3 0 6
14 18283624 317 10 4 10
15 21830385 395 1 8 33
16 22740283 409 6 1 1627
17 22740283 409 8 7 1
18 24409266 430 3 4 7
19 24610241 443 6 7 3945
20 26644898 466 4 4 434
21 27394563 473 10 2 7
22 30911084 513 7 0 1
23 30911084 513 8 8 1009
24 31553754 550 6 6 6
25 33082052 560 2 2 8
26 35014393 611 3 6 410
27 38590215 671 10 7 2
28 38590215 671 6 5 270
29 39707464 690 0 9 34
30 39917303 692 10 0 2
31 41702829 706 2 4 2
32 42321128 718 2 7 23
33 42676993 731 3 10 2
34 42889853 732 0 1 103
35 42889853 732 7 6 7
36 42889853 732 9 0 2
37 44400333 751 8 9 15
38 44480231 752 8 8 21
39 45263667 768 0 7 2
40 47942352 832 1 1 30673
41 50087144 886 9 6 555
42 51549875 916 10 3 99
43 51649573 919 10 1 2
44 52749200 929 7 7 231
45 54067943 935 5 1 1573
46 55012853 941 4 3 4
47 55012853 941 1 4 1
48 55012853 941 2 8 2
49 55221727 950 9 8 7
