11 42 50
0 76661 3 5 9 20
1 365222 31 1 6 46
2 802181 75 7 10 7
3 802181 75 6 10 7
4 1144860 102 1 6 1
5 1243565 117 0 0 125
6 1916304 198 9 0 5
7 1963691 209 4 5 39
8 2180650 233 5 7 1
9 2314813 241 3 8 1
10 2314813 241 6 8 1
11 2747779 291 1 9 1096
12 3119517 328 5 8 267
13 3400830 387 9 9 1
14 3648121 398 9 9 103
15 3790047 409 10 10 10
16 4263971 461 0 8 9
17 4482762 467 5 8 7
18 4565760 473 1 2 15
19 4565760 473 0 10 1
20 4712890 475 1 0 6
21 4712890 475 1 7 9
22 4935673 498 5 1 35
23 5037553 507 6 10 89
24 5037553 507 10 4 1429
25 5037553 507 10 2 11
26 5248346 549 8 5 792
27 5614253 569 6 7 1
28 5961858 612 7 0 71
29 6091605 616 6 9 11
30 6149171 628 1 4 81
31 6197418 634 7 9 19581
32 6212377 637 4 10 24
33 6221041 640 1 0 113
34 6295582 644 2 0 8
35 6295582 644 2 8 1817
36 6617910 690 0 3 90
37 6821790 695 6 10 1
38 6864170 698 5 3 7885
39 7573480 778 4 9 7
40 7817623 822 2 6 8
41 8243121 871 5 9 3
42 8359121 888 10 2 136
43 8422198 894 2 3 6
44 8567282 911 0 0 682
45 8608262 919 8 1 1
46 8952214 931 0 6 17
47 9002668 932 2 8 6
48 9002668 932 5 0 2
49 9168808 941 1 5 13
